0,0,0,0,0,0,0,0,0.70641,1.7945,-0.94567,-1,-0.99934,0.98084,-0.90821,2,0,0,1.1073,-0.70641,0.74182,-0.57888,0.3624,0.82773,0.5249,0.71667,0.15394,5.4588e-07,9999,1,1,654.3,4.9316,0.21847,0,0,0,0,0,0,0,0,1,0.70641,0.74182,-0.59032,0,0,0,0,0,10,0.15394,5.4588e-07,9999,1,654.3,4.9316,0.21847,0.70641,0.74182,-0.59032,5,0.0024705,0.70641,-1,0.74182,-0.29614,-1,-0.99934,-0.24102,0,0,0,0,0,0,0,0
0,0,0,0,0,0,0,0,1.8617,0.30289,-0.76544,1,-0.070744,9.922e-05,0,0,0,0,2.2238,999,999,999,1.4687,2.2106,0,0,0,0,0,0,0,0,0,0,0,0,0,0,0,0,0,0,0,0,0,0,0,0,0,0,0,0,0,0,0,0,0,0,0,0,0,0,0,0.00094345,1.8617,1,0.9989,0,0,0,0,0,0,0,0,0,0,0,1
0,0,0,0,0,0,0,0,0.52799,1.349,-0.93052,-1,-8.4855e-05,6.8079e-05,-4.2573e-05,1,1,0.50154,1.0805,999,999,999,0.60959,0.59449,0.507,0.93653,0.24209,3.5971e-06,9999,0,1,507.81,4.4434,0.31387,0,0,0,0,0,0,0,0,1,0.52799,0.9473,-0.97561,0,0,0,0,0,10,0.23471,5.9793e-06,9999,-1,473.63,3.7598,0.35271,0.56911,0.32061,-0.068015,-6,0.0035292,0.56911,1,0.32061,-0.068015,1,1.9401e-05,0.00087924,0,0,0,0,0,0,0,1
0,0,0,0,0,0,0,0,1.299,0.52883,-0.82873,1,0.49646,0.00031963,-0.00020148,1,0,0,1.0932,0.6815,-0.89775,-0.74022,2.1013,0.66841,0.23235,0,0,0,0,0,0,0,0,0,0,0,0,0,0,0,0,0,0,0,0,0,0,0,0,0,0,0,0,0,0,0,0,0,0,0,0,0,0,0.0067747,1.299,1,0.96031,0,0,0,0,0,0,0,0,0,0,0,0
0,0,0,0,1.5882,0,-0.38343,-1,0.62454,0.073793,0.47302,1,-0.95911,-0.16088,3.0354e-05,0,0,0,1.8629,-1.5882,-0.93982,-0.49372,2.0049,2.0657,0.50938,0.79465,0.069321,1.3141e-06,9999,1,1,0,8.4961,0.14482,0,0,0,0,0,0,0,0,1,1.5882,0.93982,-0.58583,0,0,0,0,0,10,0.069321,1.3141e-06,9999,1,0,8.4961,0.14482,1.5882,0.93982,-0.58583,2,0.077296,1.5882,-1,0.93982,0.99029,-1,-0.95911,-0.74235,0,0,0,0,0,0,0,0
0,0,0,0,0,0,0,0,1.2947,0.26719,-0.0016392,1,0.96936,-0.098852,-4.107e-06,0,0,0,1.2199,999,999,999,1.8934,0.48251,0.32387,0,0,0,0,0,0,0,0,0,0,0,0,0,0,0,0,0,0,0,0,0,0,0,0,0,0,0,0,0,0,0,0,0,0,0,0,0,0,0.0062957,1.2947,1,0.95707,0,0,0,0,0,0,0,0,0,0,0,0
0,0,0,0,0,0,0,0,0.53719,0.28975,0.033952,-1,-6.9018e-05,2.4952e-06,9.6075e-07,1,0,0,0.56837,999,999,999,0.67636,0.24907,0.30592,0.40751,0.13706,2.4952e-06,9999,1,1,0,4.0527,0.24907,0,0,0,0,0,0,0,0,1,999,999,999,0,0,0,0,0,0,0,0,0,0,0,0,0,0,0,0,0,0.012077,0.53719,-1,0.56891,0.58023,-1,-6.9018e-05,-0.00091907,0,0,0,0,0,0,0,0
0,0,0,0,0,0,0,0,0.71553,0.48356,0.71704,1,0.9961,0.047871,0.00014003,0,1,0.49581,1.0923,0.71553,0.37007,-0.48631,0.42256,1.1229,0.70963,0.72122,0.15625,1.5896e-06,9999,1,-1,0,4.248,0.18792,0,0,0,0,0,0,0,0,1,0.71553,0.37007,-0.52601,0,0,0,0,0,10,0.15625,1.5896e-06,9999,-1,0,4.248,0.18792,0.71553,0.37007,-0.52601,-5,0.010145,0.71553,1,0.37007,0.96523,1,0.9961,0.22787,0,0,0,0,0,0,0,1
0,0,0,0,1.0729,0.13185,0.6852,-1,0.67814,0.2453,-0.51746,1,0.94598,0.38901,-0.027039,0,0,0,1.3769,999,999,999,0.53302,0.89572,1.3687,0,0,0,0,0,0,0,0,0,0,0,0,0,0,0,0,0,0,0,0,0,0,0,0,0,0,0,0,0,0,0,0,0,0,0,0,0,0,0.020355,1.0729,-1,0.9628,0,0,0,0,0,0,0,0,0,0,0,1
0,0,0,0,0,0,0,0,1.1281,0,-0.47192,1,0.035835,-0.020535,0.00059195,0,0,0,1.6641,1.0817,-0.97927,-0.82156,1.4291,1.0332,0.86923,0,0,0,0,0,0,0,0,0,0,0,0,0,0,0,0,0,0,0,0,0,0,0,0,0,0,0,0,0,0,0,0,0,0,0,0,0,0,0.0089869,1.1281,1,0.80663,0,0,0,0,0,0,0,0,0,0,0,0
0,0,0,0,0,0,0,0,0.8174,0.93794,0.76035,1,0.031542,-0.0019206,0.00020895,2,0,0,1.0713,0.87474,-0.99462,-0.97966,1.1825,0.51888,0.75198,0.61624,0.11692,3.347e-07,9999,1,-1,1796.9,13.672,0.092031,0,0,0,0,0,0,0,0,1,0.8174,0.99469,-0.69306,0,0,0,0,0,10,0.11692,3.347e-07,9999,-1,1796.9,13.672,0.092031,0.8174,0.99469,-0.69306,-5,0.0011777,0.87474,1,0.99462,0.95864,1,1.3257e-06,0.44598,0,0,0,0,0,0,0,1
0,0,0,0,0,0,0,0,0.859,0.27602,-0.035153,-1,1,0.17896,-0.16745,2,0,0,1.0229,0.80849,0.84496,-0.50324,0.14298,1.309,0.77281,0,0,0,0,0,0,0,0,0,0,0,0,0,0,0,0,0,0,0,0,0,0,0,0,0,0,0,0,0,0,0,0,0,0,0,0,0,0,0.015277,0.80849,1,0.84496,0,0,0,0,0,0,0,0,0,0,0,0
1.672,0.30499,-0.88196,-1,0,0,0,0,0.35169,1.2231,-0.82699,1,-0.90132,-7.0744e-05,-4.996e-05,1,0,0,1.4492,999,999,999,0.277,2.471,0.59129,0.67328,0.056839,1.2293e-06,9999,1,1,0,12.891,0.11573,0,0,0,0,0,0,0,0,1,1.672,0.98551,-0.54347,0,0,0,0,0,10,0.056839,1.2293e-06,9999,1,0,12.891,0.11573,1.672,0.98551,-0.54347,2,0.0025688,1.672,-1,0.98551,-0.33748,-1,-0.90132,-0.77437,0,0,0,0,0,0,0,0
0,0,0,0,0,0,0,0,1.5862,0.74227,-0.19298,-1,-0.010743,-0.00049441,-6.1476e-05,2,0,0,1.7406,-0.72209,-0.90294,-0.79678,2.1067,0.95114,0.56203,0.84763,0.20301,9.1852e-07,9999,0,1,32.654,6.9336,0.29693,0,0,0,0,0,0,0,0,1,1.5862,0.97906,-0.72661,0,0,0,0,0,10,0.20301,9.1852e-07,9999,1,32.654,6.9336,0.29693,1.5862,0.97906,-0.72661,4,0.011051,1.5862,-1,0.97906,0.98762,-1,-0.00049441,-0.077694,0,0,0,0,0,0,0,1
0,0,0,0,2.2983,0,-0.93262,1,0.54081,0.91408,0.85841,-1,0.00066219,0.00018644,-8.3078e-06,0,0,0,2.2989,2.2983,0.99078,-0.27031,0.41245,2.9505,0.37903,0.96913,0.097502,3.8217e-07,9999,1,-1,1054.7,6.0547,0.13468,0,0,0,0,0,0,0,0,1,2.2983,0.99078,-0.92922,0,0,0,0,0,10,0.097502,3.8217e-07,9999,-1,1054.7,6.0547,0.13468,2.2983,0.99078,-0.92922,-2,0.0089695,2.2983,1,0.99078,0.59919,1,0.00066219,0.85707,0,0,0,0,0,0,0,1
0,0,0,0,0,0,0,0,0.39369,0.86629,0.018324,-1,-0.99972,0.1868,0,0,0,0,0.74901,999,999,999,0.33409,0.95616,0,0,0,0,0,0,0,0,0,0,0,0,0,0,0,0,0,0,0,0,0,0,0,0,0,0,0,0,0,0,0,0,0,0,0,0,0,0,0,0.023111,0.71652,1,0.95806,0,0,0,0,0,0,0,0,0,0,0,1
1.245,0.3752,-0.54436,1,0,0,0,0,1.3384,0.22057,-0.52467,-1,-0.026904,8.1226e-05,0,0,0,0,1.7444,999,999,999,1.2453,1.5555,0,0,0,0,0,0,0,0,0,0,0,0,0,0,0,0,0,0,0,0,0,0,0,0,0,0,0,0,0,0,0,0,0,0,0,0,0,0,0,0.017668,1.3384,-1,0.81226,0,0,0,0,0,0,0,0,0,0,0,1
0,0,0,0,0,0,0,0,1.7373,0.5111,-0.20946,1,0.97201,0.04186,-0.00011942,2,0,0,1.6692,1.7373,-0.99545,-0.99479,1.49,1.3918,0.70738,0.55039,0.085922,1.2864e-06,9999,0,-1,0,5.7129,0.1376,0,0,0,0,0,0,0,0,1,0.95877,0.98061,-0.39556,0,0,0,0,0,10,0.085922,1.2864e-06,9999,-1,0,5.7129,0.1376,0.95877,0.98061,-0.39556,-0,0.0051966,1.7373,1,0.99545,-0.39556,1,0.97201,0.62459,0,0,0,0,0,0,0,1
0,0,0,0,0,0,0,0,0.84154,0.78984,-0.11321,-1,-0.03065,8.658e-05,3.7966e-05,0,0,0,1.1214,999,999,999,1.0861,0.78077,0.54172,0.94947,0.054813,1.2156e-06,9999,1,-1,0,4.2969,0.1057,0,0,0,0,0,0,0,0,1,999,999,999,0,0,0,0,0,0,0,0,0,0,0,0,0,0,0,0,0,0.011848,0.84154,-1,0.52775,0.96003,1,8.658e-05,0.82616,0,0,0,0,0,0,0,0
0,0,0,0,0,0,0,0,0.75377,0.75483,-0.8483,-1,-0.00065557,0.00060189,-5.6772e-05,2,1,0.49666,1.1157,999,999,999,0.76565,0.74997,0.6189,0,0,0,0,0,0,0,0,0,0,0,0,0,0,0,0,0,0,0,0,0,0,0,0,0,0,0,0,0,0,0,0,0,0,0,0,0,0,0.0048111,0.75377,-1,0.99418,0,0,0,0,0,0,0,0,0,0,0,0
0,0,0,0,0.60008,0.44876,-0.52356,-1,0.77493,0.44876,-0.64239,1,0.0016792,-0.00018881,-9.7868e-06,1,0,0,0.71209,999,999,999,0.47315,0.87577,0.3927,0.92906,0.17196,2.7916e-06,9999,1,-1,0,5.127,0.26106,0,0,0,0,0,0,0,0,1,0.77493,0.74302,-0.71016,0,0,0,0,0,10,0.17196,2.7916e-06,9999,-1,0,5.127,0.26106,0.77493,0.74302,-0.71016,-4,0.0087014,0.77493,1,0.74302,-0.71016,1,0.0016792,0.60503,0,0,0,0,0,0,0,1
0,0,0,0,0,0,0,0,0.55981,0.20903,0.81463,-1,-0.045922,-0.0041777,0.00038959,2,0,0,1.1129,-0.79909,-0.98337,-0.84212,0.83963,0.82761,0.33415,0.33919,0.19343,4.6765e-07,9999,1,-1,654.3,4.9805,0.18625,0,0,0,0,0,0,0,0,1,999,999,999,0,0,0,0,0,0,0,0,0,0,0,0,0,0,0,0,0,0.009882,0.79909,-1,0.98337,0.22619,1,0.00038959,0.0043347,0,0,0,0,0,0,0,0
0,0,0,0,0,0,0,0,1.4462,0.42286,0.61693,1,0.96154,0.030345,-0.0065975,2,0,0,0.95977,1.2393,0.99923,-0.91038,0.91616,2.0114,0.74495,0.86914,0.11839,1.2792e-06,9999,0,-1,0,27.734,0.050757,0,0,0,0,0,0,0,0,1,1.2393,0.99923,-0.88707,0,0,0,0,0,10,0.11839,1.2792e-06,9999,-1,0,27.734,0.050757,1.2393,0.99923,-0.88707,-2,0.0054859,1.4462,1,0.89341,0.99136,1,0.96154,0.68726,0,0,0,0,0,0,0,1
0,0,0,0,0,0,0,0,0.5544,2.6829,-0.65197,-1,-0.97593,-0.0085502,0.00071838,3,2,0.49559,0.93146,999,999,999,0.49469,0.87205,0.35781,0.88817,0.10116,3.6524e-07,9999,1,1,517.58,11.523,0.12108,0,0,0,0,0,0,0,0,1,0.5544,0.92314,-0.81292,0,0,0,0,0,10,0.12507,1.2609e-06,9999,1,0,3.8574,0.056464,0.5544,0.92314,-0.59055,0,0.012693,0.5544,-1,0.92314,-0.022377,-1,-0.97593,-0.74411,0,0,0,0,0,0,0,0
0,0,0,0,0,0,0,0,0.62714,1.284,-0.53799,1,0.13165,-0.0090651,0.00096928,2,0,0,0.82962,999,999,999,0.97438,0.67935,0.92323,0,0,0,0,0,0,0,0,0,0,0,0,0,0,0,0,0,0,0,0,0,0,0,0,0,0,0,0,0,0,0,0,0,0,0,0,0,0,0.017542,0.62714,1,0.81304,0,0,0,0,0,0,0,0,0,0,0,1
0,0,0,0,0,0,0,0,1.445,0,-0.86762,1,0.95145,0,0,0,0,0,1.3094,999,999,999,1.319,0,0,0,0,0,0,0,0,0,0,0,0,0,0,0,0,0,0,0,0,0,0,0,0,0,0,0,0,0,0,0,0,0,0,0,0,0,0,0,0,0.0094587,1.445,1,0.95106,0,0,0,0,0,0,0,0,0,0,0,0
0,0,0,0,0,0,0,0,0.84616,0.13428,-0.050882,-1,0.99969,-0.99247,-0.48728,0,0,0,1.0412,999,999,999,0.39952,0.49337,0.9154,0,0,0,0,0,0,0,0,0,0,0,0,0,0,0,0,0,0,0,0,0,0,0,0,0,0,0,0,0,0,0,0,0,0,0,0,0,0,0.022439,0.84616,-1,0.73886,0,0,0,0,0,0,0,0,0,0,0,0
0,0,0,0,0,0,0,0,1.792,0.17511,-0.61985,1,-0.7564,0.27461,-0.11136,1,0,0,1.266,999,999,999,1.0905,1.1038,1.1709,0.12374,0.10575,3.9874e-07,9999,1,1,839.84,7.3242,0.14666,0,0,0,0,0,0,0,0,1,0.87633,0.69649,-0.71009,0,0,0,0,0,10,0.19878,8.5374e-07,9999,1,463.87,5.4688,0.29041,0.76256,0.68411,-0.2603,0,0.073634,1.792,1,0.9044,0.36907,-1,-0.7564,-0.3612,0,0,0,0,0,0,0,0
0,0,0,0,0.43725,0.83081,0.7298,1,0.47198,1.2806,-0.93552,1,0.0091363,-0.00017486,1.7997e-05,1,0,0,0.76439,999,999,999,0.69545,0.16924,0.44895,0.18201,0.20344,4.3596e-07,9999,1,1,947.27,6.1035,0.16976,0,0,0,0,0,0,0,0,1,999,999,999,0,0,0,0,0,0,0,0,0,0,0,0,0,0,0,0,0,0.030485,0.50646,-1,0.25174,0.89972,-1,-7.1641e-06,-0.0010241,0,0,0,0,0,0,0,1
0,0,0,0,0,0,0,0,1.4734,0.38655,-0.94164,1,0.0012578,-5.0472e-05,7.4443e-06,0,1,0.49683,0.76834,999,999,999,0.92242,0.59306,0.3701,0,0,0,0,0,0,0,0,0,0,0,0,0,0,0,0,0,0,0,0,0,0,0,0,0,0,0,0,0,0,0,0,0,0,0,0,0,0,0.0067362,1.4734,1,0.98565,0,0,0,0,0,0,0,0,0,0,0,1
0,0,0,0,0,0,0,0,2.3963,0.060188,-0.94689,-1,0.04985,-0.0028905,-0.0006491,2,1,0.4966,2.4496,999,999,999,1.3451,3.392,0.42915,0,0,0,0,0,0,0,0,0,0,0,0,0,0,0,0,0,0,0,0,0,0,0,0,0,0,0,0,0,0,0,0,0,0,0,0,0,0,0.00044398,2.3963,-1,0.99723,0,0,0,0,0,0,0,0,0,0,0,0
0,0,0,0,1.4007,0.83074,-0.99852,-1,0.90537,0,0.84089,1,0.90459,-0.042598,0,0,0,0,1.5576,999,999,999,1.4009,1.4726,0,0,0,0,0,0,0,0,0,0,0,0,0,0,0,0,0,0,0,0,0,0,0,0,0,0,0,0,0,0,0,0,0,0,0,0,0,0,0,0.0070408,1.4007,-1,0.91644,0,0,0,0,0,0,0,0,0,0,0,0
0,0,0,0,0,0,0,0,0.7447,0.62438,0.97771,1,0.43059,-0.0001638,4.2225e-06,1,1,0.49577,1.0796,999,999,999,1.1557,0.87253,0.32597,0.97586,0.14298,5.1212e-07,9999,1,1,493.16,3.5645,0.20578,0,1,0,0,0,0,0,0,1,0.83658,0.97968,-0.99709,0,0,0,0,0,10,0.14298,5.1212e-07,9999,1,493.16,3.5645,0.20578,0.83658,0.97968,-0.99709,9,0.0030805,0.83658,-1,0.97968,-0.99709,-1,-0.0001638,-0.85408,0,0,0,0,0,0,0,1
0,0,0,0,0,0,0,0,0.82288,0.65112,-0.35516,-1,-0.63068,0.00050288,-0.00013266,0,0,0,1.0551,-0.75401,0.6875,-0.59475,0.72811,0.36142,0.78582,0.93171,0.2174,0.00050288,9999,1,1,429.69,0,0.36142,0,0,0,0,0,0,0,0,1,0.82288,0.98264,-0.9304,0,0,0,0,0,10,0.2174,0.00050288,9999,1,429.69,0,0.36142,0.82288,0.98264,-0.9304,0,0.0024665,0.82288,-1,0.98264,-0.9304,-1,-0.63068,-0.15887,0,0,0,0,0,0,0,0
0,0,0,0,0,0,0,0,0.87083,1.4293,-0.79354,1,0.97007,-4.3501e-05,-4.778e-07,1,0,0,0.97653,999,999,999,0.89684,0.56458,0.19104,0.022846,0.062919,3.3363e-07,9999,0,1,742.19,11.23,0.090881,0,0,0,0,0,0,0,0,1,0.83613,0.88399,-0.034878,0,0,0,0,0,10,0.062919,3.3363e-07,9999,1,742.19,11.23,0.090881,0.83613,0.88399,-0.034878,0,0.014214,0.87083,1,0.73733,-0.015893,1,0.97007,0.14225,0,0,0,0,0,0,0,1
0,0,0,0,0,0,0,0,0.72678,0.8489,0.58109,-1,0.056856,-0.00022038,1.6805e-05,3,1,0.49645,1.0233,999,999,999,0.70069,0.73286,0.44206,0.9507,0.23031,5.7349e-07,9999,1,-1,541.99,4.6875,0.22776,0,0,0,0,0,0,0,0,1,999,999,999,0,0,0,0,0,0,0,0,0,0,0,0,0,0,0,0,0,0.0065452,0.72678,-1,0.95589,-0.41947,1,1.6529e-06,0.11719,0,0,0,0,0,0,0,0
0,0,0,0,0.58845,0.61462,-0.13449,-1,0.6187,0.778,-0.64998,1,0.99912,-0.00019809,-0.00015257,1,1,0.50347,1.0015,0.6187,0.67449,-0.38232,0.45951,0.22784,0.81021,0.71841,0.052807,1.2841e-06,9999,0,-1,0,32.422,0.049383,1,1,-0.4415,0.34457,-0.7335,0.11552,0.00035649,0.10482,1,0.6187,0.67449,-0.41393,0,0,0,0,0,10,0.052807,1.2841e-06,9999,-1,0,32.422,0.049383,0.6187,0.67449,-0.41393,-2,0.0028219,0.69271,1,0.71967,0.99899,1,0.99912,0.77603,0,0,0,0,0,0,0,1
0,0,0,0,0,0,0,0,0.98053,0.35922,-0.10012,-1,-0.0029067,4.3029e-06,0,0,0,0,0.9812,999,999,999,0.9473,0.3274,0,0,0,0,0,0,0,0,0,0,0,0,0,0,0,0,0,0,0,0,0,0,0,0,0,0,0,0,0,0,0,0,0,0,0,0,0,0,0,0.0042679,0.98053,-1,0.80426,0,0,0,0,0,0,0,0,0,0,0,0
0,0,0,0,0,0,0,0,0.9408,1.164,-0.75421,-1,0.99999,-0.91758,-1.9102e-05,2,1,0.49893,1.0047,999,999,999,0.24899,0.90788,0.54575,0.92183,0.14009,3.8223e-07,9999,0,1,917.97,6.4453,0.13472,0,1,0,0,0,0,0,0,1,0.9408,0.82941,-0.65163,0,0,0,0,0,10,0.14009,3.8223e-07,9999,1,917.97,6.4453,0.13472,0.9408,0.82941,-0.65163,9,0.018498,0.9408,-1,0.82941,-0.65163,-1,-0.91758,-0.72644,0,0,0,0,0,0,0,0
0,0,0,0,0,0,0,0,0.65145,0.28701,-0.94016,-1,-0.9995,0,0,0,0,0,0.27248,999,999,999,0.35333,0,0,0,0,0,0,0,0,0,0,0,0,0,0,0,0,0,0,0,0,0,0,0,0,0,0,0,0,0,0,0,0,0,0,0,0,0,0,0,0,0.02792,0.65145,-1,0.96242,0,0,0,0,0,0,0,0,0,0,0,0
1.8103,0.64604,-0.12763,-1,0,0,0,0,0.68818,1.3752,0.20713,-1,-0.97285,-0.00020896,0.00012787,0,0,0,1.9519,-1.8103,-0.95556,-0.99575,0.92188,1.8732,0.75572,0,0,0,0,0,0,0,0,0,0,0,0,0,0,0,0,0,0,0,0,0,0,0,0,0,0,0,0,0,0,0,0,0,0,0,0,0,0,0.0058402,1.8103,-1,0.95556,0,0,0,0,0,0,0,0,0,0,0,0
0.83803,0.47946,-0.60816,-1,0,0,0,0,0.35521,0.097812,0.42026,1,-0.98036,-0.23351,0.00047607,1,1,0.50444,0.85987,999,999,999,0.55663,1.2725,1.0315,0,0,0,0,0,0,0,0,0,0,0,0,0,0,0,0,0,0,0,0,0,0,0,0,0,0,0,0,0,0,0,0,0,0,0,0,0,0,0.0053307,0.83803,-1,0.70571,0,0,0,0,0.83803,0.47946,-0.60816,-1,1,0.0053307,0.70571,0
0,0,0,0,0,0,0,0,0.47011,1.3414,-0.72229,1,0.00060498,-2.4652e-05,-4.7927e-06,3,0,0,0.63027,999,999,999,0.35052,0.48332,0.33562,0.6794,0.23294,4.3183e-07,9999,0,-1,898.44,10.742,0.16742,0,0,0,0,0,0,0,0,1,999,999,999,0,0,0,0,0,0,0,0,0,0,0,0,0,0,0,0,0,0,0,0,0,0.9992,1,0.00060498,0.00075096,0,0,0,0,0,0,0,1
0,0,0,0,0,0,0,0,0.29693,0.98983,-0.84123,-1,0.26534,2.6689e-05,-4.7809e-07,2,1,0.49747,0.40763,999,999,999,0.77727,0.4929,0.19117,0.97147,0.1204,3.4476e-07,9999,0,-1,1601.6,15.039,0.10235,0,0,0,0,0,0,0,0,1,999,999,999,0,0,0,0,0,0,0,0,0,0,0,0,0,0,0,0,0,0,0,0,0,-0.93136,1,0.26534,0.85842,0,0,0,0,0,0,0,1
0,0,0,0,0,0,0,0,0.7923,1.6764,-0.38378,-1,-0.00044459,-3.8802e-06,3.5922e-06,0,0,0,0.89487,999,999,999,0.89521,0.31958,0.31376,0,0,0,0,0,0,0,0,0,0,0,0,0,0,0,0,0,0,0,0,0,0,0,0,0,0,0,0,0,0,0,0,0,0,0,0,0,0,0.010803,0.7923,-1,0.80243,0,0,0,0,0,0,0,0,0,0,0,1
0,0,0,0,0,0,0,0,0.59587,0.38122,-0.84832,1,3.956e-05,-1.1969e-05,9.9467e-06,1,1,0.50115,0.72205,999,999,999,0.54835,0.4102,0.39408,0,0,0,0,0,0,0,0,0,0,0,0,0,0,0,0,0,0,0,0,0,0,0,0,0,0,0,0,0,0,0,0,0,0,0,0,0,0,0.0010784,0.5629,1,0.33455,0,0,0,0,0,0,0,0,0,0,0,1
0,0,0,0,0,0,0,0,2.222,0.13019,-0.57958,-1,-0.0015151,-6.5716e-05,4.68e-06,0,0,0,2.3253,-0.54883,-0.91437,-0.93775,2.5699,0.66104,0.3338,0.97975,0.09487,3.5355e-07,9999,1,1,1328.1,9.8633,0.11073,1,0,-0.20645,-3.0551,-3.0456,0.015903,0.26932,0.13742,1,2.222,0.99273,-0.95649,0,0,0,0,0,10,0.09487,3.5355e-07,9999,1,1328.1,9.8633,0.11073,2.222,0.99273,-0.95649,2,0.0064215,2.222,-1,0.99273,0.90985,-1,-6.5716e-05,-0.87308,0,0,0,0,0,0,0,0
0,0,0,0,0,0,0,0,0.658,1.816,-0.30837,1,-3.979e-05,1.1648e-05,1.8537e-06,0,0,0,0.59377,999,999,999,0.5493,0.40779,0.21214,0.89491,0.1564,1.8537e-06,9999,1,1,0,5.3711,0.21214,0,0,0,0,0,0,0,0,1,999,999,999,0,0,0,0,0,0,0,0,0,0,0,0,0,0,0,0,0,0.01274,0.658,1,0.58396,0.87324,-1,-3.979e-05,-0.58347,0,0,0,0,0,0,0,0
0,0,0,0,0,0,0,0,0.44745,0.90656,-0.91191,1,6.5873e-05,1.4812e-05,-4.1102e-07,1,1,0.50021,0.55196,999,999,999,0.66177,0.4298,0.15481,0.82873,0.088854,3.5005e-07,9999,0,-1,1562.5,6.8359,0.10745,0,1,0,0,0,0,0,0,1,999,999,999,0,0,0,0,0,0,0,0,0,0,0,0,0,0,0,0,0,0,0,0,0,-0.59881,1,6.5873e-05,0.71802,0,0,0,0,0,0,0,1
0,0,0,0,0,0,0,0,0.65179,0.41961,-0.27287,1,0.96345,0.9192,-0.89381,4,0,0,1.2619,999,999,999,0.40063,0.3167,0.65,0.8365,0.10875,0.9192,9999,1,1,0,9.9609,0.3167,0,0,0,0,0,0,0,0,1,0.57571,0.95323,-0.92038,0,0,0,0,0,10,0.10875,0.9192,9999,1,0,9.9609,0.3167,0.57571,0.95323,-0.92038,22,0.0046199,0.66766,-1,0.97845,-0.92038,-1,-0.89381,-0.020142,0,0,0,0,0,0,0,0
1.0776,0,-0.73944,1,0,0,0,0,0,0,0,0,0.087458,0,0,0,0,0,1.0284,999,999,999,1.0557,0,0,0,0,0,0,0,0,0,0,0,0,0,0,0,0,0,0,0,0,0,0,0,0,0,0,0,0,0,0,0,0,0,0,0,0,0,0,0,0,0.0029887,1.0776,1,0.89917,0,0,0,0,0,0,0,0,0,0,0,1
0,0,0,0,0,0,0,0,1.031,0.75914,-0.72687,-1,0.31421,0.28716,-0.00182,1,0,0,1.2423,999,999,999,1.2127,0.86726,1.1401,0.99557,0.22363,5.0026e-07,9999,0,-1,556.64,4.1016,0.20092,0,0,0,0,0,0,0,0,1,0.78887,0.94549,-0.92438,0,0,0,0,0,10,0.1473,4.4459e-07,9999,1,683.59,5.5664,0.1745,1.031,0.87852,-0.53273,0,0.0014719,1.031,-1,0.87852,-0.46993,1,0.28716,0.48099,0,0,0,0,0,0,0,1
0,0,0,0,0,0,0,0,0.282,1.1605,-0.77644,1,0.97958,1.3401e-05,-6.4493e-06,0,0,0,0.56698,999,999,999,0.48753,0.42044,0.3586,0.86303,0.10662,4.4275e-07,9999,1,-1,898.44,3.6621,0.17351,1,0,0.015002,-0.51478,1.3761,0.003147,0.25327,0.53083,1,999,999,999,0,0,0,0,0,0,0,0,0,0,0,0,0,0,0,0,0,0,0,0,0,-0.65248,1,0.97958,0.70818,0,0,0,0,0,0,0,1
0,0,0,0,0,0,0,0,1.3918,0,-0.95513,1,0.91033,-8.6421e-05,0,0,0,0,1.3104,999,999,999,1.2012,0.74103,0,0,0,0,0,0,0,0,0,0,0,0,0,0,0,0,0,0,0,0,0,0,0,0,0,0,0,0,0,0,0,0,0,0,0,0,0,0,0,0.0085895,1.3918,1,0.99598,0,0,0,0,0,0,0,0,0,0,0,1
0,0,0,0,1.7679,0.11402,0.34755,1,1.0628,0.30554,-0.043041,1,0.45675,-0.0687,-0.067856,0,0,0,2.1584,1.7679,-0.81592,-0.21901,0.64277,1.4849,1.5201,0,0,0,0,0,0,0,0,0,0,0,0,0,0,0,0,0,0,0,0,0,0,0,0,0,0,0,0,0,0,0,0,0,0,0,0,0,0,0.006082,1.7679,1,0.81592,0,0,0,0,0,0,0,0,0,0,0,1
0,0,0,0,0,0,0,0,2.2291,0,-0.85335,-1,-0.2213,-0.010072,7.5853e-05,1,0,0,1.7785,999,999,999,1.7324,0.70144,0.70792,0,0,0,0,0,0,0,0,0,0,0,0,0,0,0,0,0,0,0,0,0,0,0,0,0,0,0,0,0,0,0,0,0,0,0,0,0,0,0.0041816,2.2291,-1,0.99789,0,0,0,0,0,0,0,0,0,0,0,0
0,0,0,0,0,0,0,0,0.80068,0.37472,-0.032566,1,0.99978,0.0060917,0.00047893,3,0,0,0.86545,999,999,999,0.38216,1.0744,0.27097,0.4925,0.091983,1.5068e-06,9999,0,-1,0,5.0293,0.17798,0,0,0,0,0,0,0,0,1,0.63845,0.4169,-0.20923,0,0,0,0,0,10,0.091983,1.5068e-06,9999,-1,0,5.0293,0.17798,0.63845,0.4169,-0.20923,-6,0.016479,0.80068,1,0.94647,-0.20923,1,0.99978,0.55116,0,0,0,0,0,0,0,1
0,0,0,0,0,0,0,0,1.244,0.073587,0.7411,-1,0.046487,-0.00011942,0,0,0,0,1.1071,999,999,999,1.6383,0.83186,0,0,0,0,0,0,0,0,0,0,0,0,0,0,0,0,0,0,0,0,0,0,0,0,0,0,0,0,0,0,0,0,0,0,0,0,0,0,0,0.02378,1.244,-1,0.99264,0,0,0,0,0,0,0,0,0,0,0,1
0,0,0,0,0,0,0,0,0.81147,0.576,-0.74059,-1,-0.9996,-0.0021898,0.00093643,1,0,0,1.1441,-0.81147,0.97843,-0.63967,0.41268,1.0159,0.81896,0.97154,0.11378,3.5785e-07,9999,0,-1,1123,7.8125,0.11464,1,0,-0.83669,-2.3852,2.6159,0.013246,0.14669,0.036388,1,0.68039,0.93454,-0.93686,0,0,0,0,0,10,0.11378,3.5785e-07,9999,-1,1123,7.8125,0.11464,0.68039,0.93454,-0.93686,-6,4.5748e-06,0.81147,-1,0.97843,0.22385,-1,-0.9996,-0.079344,0,0,0,0,0,0,0,0
0,0,0,0,0,0,0,0,0.96329,0.48172,-0.042343,-1,-0.96627,0.11747,-3.1376e-06,1,0,0,1.0463,999,999,999,1.0382,0.93405,0.30359,0,0,0,0,0,0,0,0,0,0,0,0,0,0,0,0,0,0,0,0,0,0,0,0,0,0,0,0,0,0,0,0,0,0,0,0,0,0,0.00048045,0.96329,-1,0.91515,0,0,0,0,0,0,0,0,0,0,0,1
0,0,0,0,0,0,0,0,0.77999,0.85577,-0.90903,1,0.08949,-0.00069818,-8.3494e-05,0,0,0,1.1677,0.65621,-0.73712,-0.67512,1.0515,0.58316,0.75171,0,0,0,0,0,0,0,0,0,0,0,0,0,0,0,0,0,0,0,0,0,0,0,0,0,0,0,0,0,0,0,0,0,0,0,0,0,0,0.013648,0.77999,1,0.99405,0,0,0,0,0,0,0,0,0,0,0,1
0,0,0,0,0,0,0,0,0.72402,0.67986,0.78453,-1,-0.00047316,0.00010046,-8.6658e-05,0,0,0,0.95035,999,999,999,1.1019,0.70822,0.76767,0.44626,0.24281,5.8403e-07,9999,1,1,576.17,4.0527,0.23108,0,0,0,0,0,0,0,0,1,0.72402,0.5352,-0.34027,0,0,0,0,0,10,0.24281,5.8403e-07,9999,1,576.17,4.0527,0.23108,0.72402,0.5352,-0.34027,0,0.010471,0.67099,1,0.93936,-0.34027,-1,-0.00047316,-0.00013328,0,0,0,0,0,0,0,0
1.5281,0.053028,-0.86985,-1,0,0,0,0,0,0,0,0,-0.017855,0.00063697,0,0,0,0,1.3948,999,999,999,1.3546,0.484,0,0,0,0,0,0,0,0,0,0,0,0,0,0,0,0,0,0,0,0,0,0,0,0,0,0,0,0,0,0,0,0,0,0,0,0,0,0,0,0.0037944,1.5281,-1,0.87252,0,0,0,0,0.74449,0.1835,-0.53756,1,2,0.013707,0.53771,0
0,0,0,0,0,0,0,0,0.52974,0.71263,-0.82316,-1,-0.00033891,-9.1039e-06,1.2147e-06,1,0,0,0.42997,999,999,999,0.31777,0.38661,0.080718,0.96417,0.12173,1.2147e-06,9999,0,1,0,19.531,0.080718,0,0,0,0,0,0,0,0,1,999,999,999,0,0,0,0,0,0,0,0,0,0,0,0,0,0,0,0,0,0.098129,0.52974,-1,0.69438,0.84264,-1,-0.00033891,-0.84419,0,0,0,0,0,0,0,0
0,0,0,0,0,0,0,0,0.25659,1.7,-0.62518,1,-0.98777,0.00018201,-4.4703e-07,2,0,0,0.45121,999,999,999,0.59852,0.19845,0.17581,0.91367,0.13859,4.4703e-07,9999,0,-1,1718.8,3.7109,0.17581,0,0,0,0,0,0,0,0,1,999,999,999,0,0,0,0,0,0,0,0,0,0,0,0,0,0,0,0,0,0,0,0,0,0.87717,1,0.00018201,0.71126,0,0,0,0,0,0,0,0
0,0,0,0,0,0,0,0,0.67684,0,0.24529,-1,0.39547,0.00060931,-0.00011947,1,0,0,1.3101,999,999,999,0.86532,0.35432,0.84629,0,0,0,0,0,0,0,0,0,0,0,0,0,0,0,0,0,0,0,0,0,0,0,0,0,0,0,0,0,0,0,0,0,0,0,0,0,0,0.017534,1.1545,1,0.62287,0,0,0,0,0,0,0,0,0,0,0,1
0,0,0,0,0,0,0,0,0.45603,1.2839,-0.802,1,-0.20205,0.029117,-0.00064593,1,0,0,0.92455,-0.59549,0.39697,-0.24453,1.2536,0.75725,0.4467,0.70159,0.13951,2.4049e-06,9999,1,-1,0,4.3457,0.24495,0,0,0,0,0,0,0,0,1,999,999,999,0,0,0,0,0,0,0,0,0,0,0,0,0,0,0,0,0,0.013958,0.59549,-1,0.39697,0.81044,1,0.029117,0.34416,0,0,0,0,0,0,0,1
0,0,0,0,0,0,0,0,0.82992,0.21194,-0.66615,-1,0.99241,0.03588,-5.4842e-05,0,0,0,1.085,0.81506,0.74923,-0.72326,0.65752,1.2525,0.6109,0,0,0,0,0,0,0,0,0,0,0,0,0,0,0,0,0,0,0,0,0,0,0,0,0,0,0,0,0,0,0,0,0,0,0,0,0,0,0.0052633,0.9176,1,0.76372,0,0,0,0,0,0,0,0,0,0,0,0
0.68407,0.53407,-0.9017,-1,0,0,0,0,0.20557,0.2856,0.001515,-1,-6.0825e-05,-5.2549e-07,3.9159e-07,2,0,0,0.60841,999,999,999,0.55908,0.211,0.14163,0.99386,0.12217,3.5588e-07,9999,0,1,1123,13.281,0.11286,0,0,0,0,0,0,0,0,1,999,999,999,0,0,0,0,0,0,0,0,0,0,0,0,0,0,0,0,0,0.023326,0.68407,-1,0.70005,0.74144,-1,-6.0825e-05,-0.89796,0.68407,0.53407,-0.9017,-1,1,0.023326,0.70005,1
0,0,0,0,0,0,0,0,0.5543,1.0181,0.74657,-1,-0.00013043,-3.7303e-05,5.5477e-06,1,0,0,0.68767,999,999,999,0.7577,0.53794,0.34688,0.31901,0.20492,1.3414e-06,9999,0,1,0,5.4688,0.15099,0,0,0,0,0,0,0,0,1,999,999,999,0,0,0,0,0,0,0,0,0,0,0,0,0,0,0,0,0,0.026104,0.5543,-1,0.34573,0.21917,-1,-0.00013043,-0.0015709,0,0,0,0,0,0,0,1
0,0,0,0,0,0,0,0,1.1379,1.6922,-0.42457,1,0.94001,-0.00016493,-4.3714e-06,0,0,0,1.2034,999,999,999,1.4792,0.37909,0.3286,0.35247,0.19299,9.9394e-07,9999,1,1,527.34,4.1016,0.31018,0,0,0,0,0,0,0,0,1,999,999,999,0,0,0,0,0,0,0,0,0,0,0,0,0,0,0,0,0,0.0091331,1.1379,1,0.47707,-0.35722,-1,-0.00016493,-0.004739,0,0,0,0,0,0,0,1
0,0,0,0,0,0,0,0,1.2651,1.4358,-0.48564,1,-0.99996,0.52503,0.0037907,1,0,0,1.42,-0.65205,-0.96674,-0.50976,0.30013,1.2578,1.2261,0,0,0,0,0,0,0,0,0,0,0,0,0,0,0,0,0,0,0,0,0,0,0,0,0,0,0,0,0,0,0,0,0,0,0,0,0,0,0.0095713,1.2651,1,0.99294,0,0,0,0,0,0,0,0,0,0,0,0
0.87338,0.76666,-0.81891,-1,0.67809,0,0.57779,1,1.3327,0.68627,-0.89134,1,0.94528,-0.010086,0.0016199,0,0,0,1.7097,0.67809,0.86012,-0.63191,1.4627,1.0948,0.91556,0,0,0,0,0,0,0,0,0,0,0,0,0,0,0,0,0,0,0,0,0,0,0,0,0,0,0,0,0,0,0,0,0,0,0,0,0,0,0.030948,1.3327,1,0.89477,0,0,0,0,0.87338,0.76666,-0.81891,-1,1,0.023195,0.90998,1
0,0,0,0,0,0,0,0,0.66661,1.1321,-0.71589,1,0.97477,-0.0015025,0.00044573,0,0,0,1.1427,0.5728,-0.36538,-0.15966,0.75655,0.78408,0.34888,0,0,0,0,0,0,0,0,0,0,0,0,0,0,0,0,0,0,0,0,0,0,0,0,0,0,0,0,0,0,0,0,0,0,0,0,0,0,0.010241,0.82153,-1,0.84166,0,0,0,0,0,0,0,0,0,0,0,1
0,0,0,0,0,0,0,0,1.0625,0,-0.96028,-1,-0.032304,0,0,0,0,0,0.75368,999,999,999,1.6285,0,0,0,0,0,0,0,0,0,0,0,0,0,0,0,0,0,0,0,0,0,0,0,0,0,0,0,0,0,0,0,0,0,0,0,0,0,0,0,0,0.011841,1.0625,-1,0.97554,0,0,0,0,0,0,0,0,0,0,0,1
0,0,0,0,1.2327,0.30086,-0.47879,-1,0.77581,0.30086,-0.91853,1,-0.054233,-9.8985e-05,9.7954e-05,0,0,0,0.96732,-1.2327,-0.68344,-0.79431,0.91153,0.78041,0.6901,0,0,0,0,0,0,0,0,0,0,0,0,0,0,0,0,0,0,0,0,0,0,0,0,0,0,0,0,0,0,0,0,0,0,0,0,0,0,0.0032815,1.2327,-1,0.68344,0,0,0,0,0,0,0,0,0,0,0,0
0,0,0,0,0,0,0,0,0.35664,0.36682,-0.33981,1,-0.00061099,1.6302e-05,-5.8227e-06,1,2,0.50009,0.51178,999,999,999,0.85444,0.43885,0.21694,0.20656,0.2321,5.8227e-06,9999,1,-1,0,4.0039,0.21694,0,0,0,0,0,0,0,0,1,999,999,999,0,0,0,0,0,0,0,0,0,0,0,0,0,0,0,0,0,0,0,0,0,0.20989,1,1.6302e-05,0.00017822,0,0,0,0,0,0,0,1
0,0,0,0,0,0,0,0,1.6349,0.6595,-0.62319,1,0.11815,-0.00016202,5.5747e-06,0,0,0,1.8553,999,999,999,1.8152,0.78823,0.34726,0.65006,0.21773,4.0339e-07,9999,1,-1,810.55,6.1035,0.14981,0,0,0,0,0,0,0,0,1,1.6349,0.90414,-0.5412,0,0,0,0,0,10,0.21773,4.0339e-07,9999,-1,810.55,6.1035,0.14981,1.6349,0.90414,-0.5412,-0,0.011426,1.6349,1,0.90414,0.48057,1,5.5747e-06,0.0022695,0,0,0,0,0,0,0,0
0,0,0,0,0,0,0,0,0.61432,1.7616,-0.76149,-1,5.5574e-05,-4.4906e-05,-2.8008e-05,1,0,0,0.96275,999,999,999,0.61259,0.57034,0.49892,0.97397,0.23124,3.53e-06,9999,1,1,502.93,3.8086,0.31245,0,0,0,0,0,0,0,0,1,0.61432,0.92794,-0.88587,0,0,0,0,0,10,0.23124,3.53e-06,9999,1,502.93,3.8086,0.31245,0.61432,0.92794,-0.88587,0,0.017764,0.61432,-1,0.92794,0.33177,-1,-1.2666e-06,-0.2107,0,0,0,0,0,0,0,1
0,0,0,0,0,0,0,0,0.68926,0.91438,-0.36209,-1,-0.99887,-0.00059407,0.00044486,2,1,0.49848,0.86869,999,999,999,0.47576,0.34162,0.63906,0,0,0,0,0,0,0,0,0,0,0,0,0,0,0,0,0,0,0,0,0,0,0,0,0,0,0,0,0,0,0,0,0,0,0,0,0,0,0.013235,0.81424,1,0.99488,0,0,0,0,0,0,0,0,0,0,0,0
0,0,0,0,0,0,0,0,0.60619,1.4877,-0.84947,1,-0.99407,0.00017466,5.8629e-05,3,0,0,0.86446,999,999,999,0.6255,0.14468,0.62857,0.12843,0.12717,3.5879e-07,9999,1,-1,1367.2,10.059,0.11548,0,0,0,0,0,0,0,0,1,999,999,999,0,0,0,0,0,10,0.23609,1.57e-06,9999,1,390.62,3.8086,0.36092,0.56012,0.91333,-0.26752,6,0.0094805,0.60619,1,0.88587,-0.26752,-1,-0.99407,-0.00013515,0,0,0,0,0,0,0,0
0,0,0,0,0,0,0,0,0.51041,0.82958,-0.76797,-1,-3.2391e-05,2.3438e-05,-4.061e-06,0,0,0,0.68136,-0.51041,-0.62991,-0.34817,0.51823,0.47746,0.32302,0.68348,0.23865,3.9951e-07,9999,1,1,908.2,5.957,0.14718,0,0,0,0,0,0,0,0,1,999,999,999,0,0,0,0,0,0,0,0,0,0,0,0,0,0,0,0,0,6.187e-05,0.51041,-1,0.62991,0.5609,-1,-3.2391e-05,-0.00047164,0,0,0,0,0,0,0,0
0.46498,0.57173,-0.37851,1,0,0,0,0,0.30519,0.23614,0.15095,1,-0.97741,1.0583e-05,5.0186e-06,1,0,0,0.50328,999,999,999,0.80871,0.3994,0.33915,0,0,0,0,0,0,0,0,0,0,0,0,0,0,0,0,0,0,0,0,0,0,0,0,0,0,0,0,0,0,0,0,0,0,0,0,0,0,0,0,0,0,0,0,0,0,0.46498,0.57173,-0.37851,1,1,0.00067005,0.4666,0
0,0,0,0,0,0,0,0,1.0473,0.62629,-0.86991,1,0.9924,-0.00063802,5.8087e-06,2,1,0.49763,0.78603,999,999,999,0.6326,0.38775,0.35045,0.91531,0.10605,1.656e-06,9999,1,-1,0,4.2969,0.19491,0,0,0,0,0,0,0,0,1,1.0473,0.94851,-0.77492,0,0,0,0,0,10,0.10605,1.656e-06,9999,-1,0,4.2969,0.19491,1.0473,0.94851,-0.77492,-0,0.013776,1.0473,1,0.94851,-0.77492,1,0.9924,0.77246,0,0,0,0,0,0,0,0
0.36946,0.88782,0.56771,1,0,0,0,0,0.99089,0.68588,-0.60957,-1,-0.94106,0.011481,-3.7424e-05,1,0,0,0.94993,999,999,999,0.63986,0.87764,0.53228,0.72237,0.18834,5.4019e-07,9999,1,-1,537.11,4.0039,0.21644,0,0,0,0,0,0,0,0,1,999,999,999,0,0,0,0,0,0,0,0,0,0,0,0,0,0,0,0,0,0.00425,0.99089,-1,0.79088,0.96013,1,1.3562e-05,0.044835,0.36946,0.88782,0.56771,1,1,0.0025581,0.59754,0
0,0,0,0,0,0,0,0,0.82742,0.30037,-0.30743,1,-0.95281,-0.66297,0.12494,2,0,0,1.1081,999,999,999,0.73242,1.4705,1.1196,0,0,0,0,0,0,0,0,0,0,0,0,0,0,0,0,0,0,0,0,0,0,0,0,0,0,0,0,0,0,0,0,0,0,0,0,0,0,0.0034561,0.82742,1,0.87242,0,0,0,0,0,0,0,0,0,0,0,0
0,0,0,0,0,0,0,0,0.58273,0.12583,-0.86256,1,-0.17908,0.001811,3.7737e-05,2,1,0.4984,0.73482,-0.56798,-0.67709,-0.51537,1.0752,0.94895,0.59137,0.13095,0.2258,4.0768e-07,9999,1,-1,830.08,5.0781,0.15265,0,0,0,0,0,0,0,0,1,0.58273,0.85992,-0.3641,0,0,0,0,0,10,0.2258,4.0768e-07,9999,-1,830.08,5.0781,0.15265,0.58273,0.85992,-0.3641,-0,0.0031447,0.58273,1,0.85992,-0.18745,1,0.001811,0.00021607,0,0,0,0,0,0,0,1
0,0,0,0,0,0,0,0,1.2604,1.1623,-0.36696,-1,-0.99516,-0.35634,0.0026073,0,0,0,1.7767,999,999,999,0.59315,1.6468,0.96339,0,0,0,0,0,0,0,0,0,0,0,0,0,0,0,0,0,0,0,0,0,0,0,0,0,0,0,0,0,0,0,0,0,0,0,0,0,0,0.0098234,1.2604,-1,0.96924,0,0,0,0,0,0,0,0,0,0,0,0
0,0,0,0,0,0,0,0,0.45245,0.64177,0.90151,1,0.00010155,-9.1383e-05,-1.3045e-05,1,0,0,0.79547,999,999,999,0.66122,0.74836,0.41797,0,0,0,0,0,0,0,0,0,0,0,0,0,0,0,0,0,0,0,0,0,0,0,0,0,0,0,0,0,0,0,0,0,0,0,0,0,0,0.020502,0.57948,-1,0.48113,0,0,0,0,0,0,0,0,0,0,0,0
0,0,0,0,0,0,0,0,0.77227,0.47958,-0.53595,1,0.35123,0.29651,-3.1615e-05,4,1,0.49761,0.86833,999,999,999,1.3191,1.2487,0.51479,0,0,0,0,0,0,0,0,0,0,0,0,0,0,0,0,0,0,0,0,0,0,0,0,0,0,0,0,0,0,0,0,0,0,0,0,0,0,0.0075622,0.84531,1,0.7676,0,0,0,0,0,0,0,0,0,0,0,0
0,0,0,0,1.8745,0.24862,-0.48631,-1,1.6176,0.49476,0.26051,1,0.063018,-0.00012246,0,0,0,0,2.0652,999,999,999,1.4397,2.7576,0,0,0,0,0,0,0,0,0,0,0,0,0,0,0,0,0,0,0,0,0,0,0,0,0,0,0,0,0,0,0,0,0,0,0,0,0,0,0,0.0087046,1.8745,-1,0.96822,0,0,0,0,0,0,0,0,0,0,0,0
0,0,0,0,0,0,0,0,0.70186,0.085302,-0.80879,-1,-0.9769,0.90093,0,0,1,0.49756,0.73948,999,999,999,0.79957,0.64049,0,0,0,0,0,0,0,0,0,0,0,0,0,0,0,0,0,0,0,0,0,0,0,0,0,0,0,0,0,0,0,0,0,0,0,0,0,0,0,0.0092466,0.70186,-1,0.95729,0,0,0,0,0,0,0,0,0,0,0,1
0,0,0,0,0,0,0,0,0.87727,1.2095,-0.56156,1,-0.52545,0.052404,0.01392,2,0,0,1.3587,-0.73626,-0.99536,-0.72121,1.1251,1.1306,1.1084,0.45506,0.17823,4.7424e-07,9999,0,1,541.99,3.8086,0.18938,0,0,0,0,0,0,0,0,1,999,999,999,0,0,0,0,0,10,0.23511,9.9183e-07,9999,-1,507.81,3.7598,0.30991,0.87727,0.78758,-0.57473,-9,0.011737,0.87727,1,0.78758,0.37324,-1,-0.52545,-0.021626,0,0,0,0,0,0,0,0
1.0829,0,0.12276,1,0,0,0,0,1.1072,0.12758,-0.85949,-1,-0.028425,0.0016902,1.2136e-05,2,1,0.49741,1.4818,999,999,999,1.4961,1.4829,0.41144,0.84666,0.17721,4.1803e-07,9999,1,-1,781.25,10.352,0.15921,0,0,0,0,0,0,0,0,1,1.0829,0.90508,-0.59626,0,0,0,0,0,10,0.17721,4.1803e-07,9999,-1,781.25,10.352,0.15921,1.0829,0.90508,-0.59626,-2,0.0016036,1.0829,1,0.90508,0.66697,1,1.2136e-05,0.26891,0,0,0,0,0,0,0,1
0,0,0,0,0,0,0,0,1.6097,1.0022,-0.82087,1,0.066186,0.00019526,-6.5659e-06,0,1,0.50038,1.7381,0.58922,0.9356,-0.84617,2.0144,0.79839,0.36007,0.99719,0.18972,6.3694e-07,9999,1,-1,551.76,3.9551,0.24621,0,0,0,0,0,0,0,0,1,1.6097,0.94258,-0.91833,0,0,0,0,0,10,0.18972,6.3694e-07,9999,-1,551.76,3.9551,0.24621,1.6097,0.94258,-0.91833,-2,0.00085946,1.6097,1,0.94258,-0.91833,1,0.066186,0.81444,0,0,0,0,0,0,0,1
0,0,0,0,0,0,0,0,1.2562,1.1189,-0.97714,-1,0.99415,-0.0048593,2.4179e-05,4,1,0.49715,1.3967,0.52651,-0.46453,-0.55758,0.5951,1.2969,0.48106,0,0,0,0,0,0,0,0,0,0,0,0,0,0,0,0,0,0,0,0,0,0,0,0,0,0,0,0,0,0,0,0,0,0,0,0,0,0,0.0073771,1.2562,-1,0.78882,0,0,0,0,0,0,0,0,0,0,0,1
0,0,0,0,0,0,0,0,0.21434,0.84698,-0.96555,1,1.6181e-06,1.2818e-06,-1.2095e-06,1,0,0,0.3713,999,999,999,0.36392,0.2351,0.095359,0.26563,0.058209,1.2095e-06,9999,1,-1,0,4.1016,0.095359,0,0,0,0,0,0,0,0,1,999,999,999,0,0,0,0,0,0,0,0,0,0,0,0,0,0,0,0,0,0,0,0,0,0.46562,1,1.2818e-06,0.63651,0,0,0,0,0,0,0,0
0,0,0,0,0,0,0,0,1.5162,0.66662,0.16072,-1,-0.95347,-0.23945,3.7571e-05,0,0,0,1.5836,-0.78717,0.73023,-0.66914,1.5976,1.2463,0.43668,0,0,0,0,0,0,0,0,0,0,0,0,0,0,0,0,0,0,0,0,0,0,0,0,0,0,0,0,0,0,0,0,0,0,0,0,0,0,0.012528,1.5162,-1,0.99381,0,0,0,0,0,0,0,0,0,0,0,0
0.43909,0.092373,-0.096325,-1,0,0,0,0,0.45882,0.32627,-0.088934,1,0.00035117,-2.2722e-05,1.7973e-05,1,0,0,0.5373,0.68402,-0.72768,-0.32492,0.72679,0.47393,0.44881,0,0,0,0,0,0,0,0,0,0,0,0,0,0,0,0,0,0,0,0,0,0,0,0,0,0,0,0,0,0,0,0,0,0,0,0,0,0,0.0031433,0.68402,1,0.72768,0,0,0,0,0.43909,0.092373,-0.096325,-1,1,0.012542,0.90062,0
0,0,0,0,0,0,0,0,1.2992,0.42178,0.22402,1,9.466e-05,2.9831e-05,-1.3268e-05,1,0,0,1.1309,0.51591,-0.46779,-0.44809,1.9653,0.50707,0.41952,0,0,0,0,0,0,0,0,0,0,0,0,0,0,0,0,0,0,0,0,0,0,0,0,0,0,0,0,0,0,0,0,0,0,0,0,0,0,0.0058985,1.2992,1,0.99003,0,0,0,0,0,0,0,0,0,0,0,1
1.2918,0.3774,0.75033,-1,0,0,0,0,1.7513,0.36257,-0.82917,1,0.64723,-0.00022228,0,0,0,0,2.013,999,999,999,1.6853,1.8185,0,0,0,0,0,0,0,0,0,0,0,0,0,0,0,0,0,0,0,0,0,0,0,0,0,0,0,0,0,0,0,0,0,0,0,0,0,0,0,0.011948,1.7513,1,0.9918,0,0,0,0,0,0,0,0,0,0,0,0
0,0,0,0,0,0,0,0,0.67096,0.6387,0.0050133,1,0.16998,3.9223e-05,-1.5597e-06,1,0,0,0.88381,999,999,999,0.82904,0.54644,0.36026,0.38953,0.21461,1.5597e-06,9999,1,-1,590.82,4.0527,0.36026,0,0,0,0,0,0,0,0,1,999,999,999,0,0,0,0,0,0,0,0,0,0,0,0,0,0,0,0,0,0.0067396,0.67096,1,0.90092,0.89835,1,3.9223e-05,0.00064323,0,0,0,0,0,0,0,1
0,0,0,0,0,0,0,0,0.67945,1.308,-0.066414,-1,-0.0025405,-0.002068,1.3335e-05,2,0,0,0.85963,-0.67945,0.71728,-0.4701,0.50172,1.0299,0.41998,0.54632,0.058759,3.0532e-07,9999,0,1,3046.9,7.6172,0.11816,0,0,0,0,0,0,0,0,1,0.67945,0.71728,-0.51979,0,0,0,0,0,10,0.058759,3.0532e-07,9999,1,3046.9,7.6172,0.11816,0.67945,0.71728,-0.51979,4,0.0072928,0.67945,-1,0.71728,0.72387,-1,-0.0025405,-0.75897,0,0,0,0,0,0,0,1
1.0581,1.2819,-0.98654,1,0,0,0,0,0.2018,1.0406,0.90161,-1,0.0003134,-9.7595e-07,0,0,0,0,0.74511,999,999,999,0.77918,0.30789,0,0.94588,0.2018,9.7595e-07,9999,1,-1,468.75,3.418,0.30789,0,0,0,0,0,0,0,0,1,1.0581,0.97254,-0.88107,0,0,0,0,0,10,0.2018,9.7595e-07,9999,-1,468.75,3.418,0.30789,1.0581,0.97254,-0.88107,-0,0.0015024,1.0581,1,0.97254,-0.88107,1,0.0003134,0.40692,0,0,0,0,0,0,0,0
0,0,0,0,0,0,0,0,1.833,0.92098,-0.89324,1,0.0098514,8.2611e-05,-3.8001e-05,0,0,0,1.923,1.833,0.96976,-0.90475,1.0066,2.6032,0.54188,0,0,0,0,0,0,0,0,0,0,0,0,0,0,0,0,0,0,0,0,0,0,0,0,0,0,0,0,0,0,0,0,0,0,0,0,0,0,0.012768,1.833,1,0.96976,0,0,0,0,0,0,0,0,0,0,0,0
0,0,0,0,0,0,0,0,0.70513,0.85322,-0.33558,1,4.341e-05,-3.5963e-05,3.2625e-05,3,0,0,0.77087,999,999,999,0.56419,0.5322,0.51923,0.99243,0.18101,5.6159e-07,9999,1,1,595.7,3.6621,0.22386,0,0,0,0,0,0,0,0,1,999,999,999,0,0,0,0,0,10,0.16046,3.1527e-06,9999,-1,0,5.1758,0.27324,0.70513,0.74264,-0.5665,-6,0.0072483,0.70513,1,0.74264,-0.36239,-1,-1.3213e-06,-0.82919,0,0,0,0,0,0,0,0
0.49512,0.1781,0.2513,1,0,0,0,0,1.8497,0,-0.9394,-1,-0.9576,0.3711,3.6096e-06,3,1,0.49904,1.4452,999,999,999,1.4344,0.76745,0.31413,0,0,0,0,0,0,0,0,0,0,0,0,0,0,0,0,0,0,0,0,0,0,0,0,0,0,0,0,0,0,0,0,0,0,0,0,0,0,0.013313,1.8497,-1,0.97762,0,0,0,0,0.49512,0.1781,0.2513,1,1,0.009832,0.72611,1
0.83254,0,-0.61494,1,0,0,0,0,1.0311,0,0.78474,-1,-0.041581,-0.023384,0.00030202,0,0,0,1.7564,-1.1862,0.8791,-0.78798,1.0977,1.4359,0.8918,0,0,0,0,0,0,0,0,0,0,0,0,0,0,0,0,0,0,0,0,0,0,0,0,0,0,0,0,0,0,0,0,0,0,0,0,0,0,0.0030934,1.1862,-1,0.8791,0,0,0,0,0.83254,0,-0.61494,1,1,0.0042008,0.86592,0
0,0,0,0,1.938,0.11633,-0.958,1,1.0564,0,0.46397,-1,0.99956,-0.15883,0.0011546,0,0,0,1.6917,1.938,0.86106,-0.15412,0.41801,1.1665,3.0444,0,0,0,0,0,0,0,0,0,0,0,0,0,0,0,0,0,0,0,0,0,0,0,0,0,0,0,0,0,0,0,0,0,0,0,0,0,0,0.011118,1.938,1,0.86106,0,0,0,0,0,0,0,0,0,0,0,1
0,0,0,0,0,0,0,0,0.85744,1.3097,-0.99933,-1,-0.097054,-0.00064912,0.00013376,2,1,0.49378,1.0797,999,999,999,1.2103,0.42895,0.64214,0.87211,0.235,4.2485e-07,9999,1,1,742.19,4.5898,0.16334,0,0,0,0,0,0,0,0,1,0.85744,0.91925,-0.8391,0,0,0,0,0,10,0.235,4.2485e-07,9999,1,742.19,4.5898,0.16334,0.85744,0.91925,-0.8391,4,0.0034055,0.85744,-1,0.91925,-0.28895,-1,-4.2568e-06,-0.010638,0,0,0,0,0,0,0,1
0,0,0,0,0,0,0,0,0.96919,0.078623,-0.96432,1,0.99112,-0.00041308,-6.8245e-07,0,0,0,0.67937,999,999,999,0.65289,0.34067,0.2575,0,0,0,0,0,0,0,0,0,0,0,0,0,0,0,0,0,0,0,0,0,0,0,0,0,0,0,0,0,0,0,0,0,0,0,0,0,0,0.0019303,0.96919,1,0.95374,0,0,0,0,0,0,0,0,0,0,0,1
1.706,0.94371,-0.88382,1,0,0,0,0,1.3751,0.93163,0.99205,-1,-0.014343,0.00010746,-3.6791e-07,1,0,0,2.0584,999,999,999,1.5008,2.3886,0.12333,0.93729,0.14443,3.6791e-07,9999,0,-1,595.7,4.2969,0.12333,0,0,0,0,0,0,0,0,1,1.706,0.96812,-0.92545,0,0,0,0,0,10,0.14443,3.6791e-07,9999,-1,595.7,4.2969,0.12333,1.706,0.96812,-0.92545,-11,0.00011272,1.706,1,0.96812,-0.92545,1,0.00010746,0.75443,0,0,0,0,0,0,0,0
0,0,0,0,0,0,0,0,1.0377,0.61179,0.25781,-1,-0.051357,-0.012303,0.00017916,3,1,0.49433,1.2251,-0.539,0.253,-0.19871,1.4073,0.86876,0.19016,0.99825,0.14902,6.6791e-07,9999,0,1,644.53,4.8828,0.25404,0,0,0,0,0,0,0,0,1,0.50828,0.52131,-0.53682,0,0,0,0,0,10,0.1046,1.3244e-06,9999,1,0,10.742,0.14725,0.539,0.253,-0.25471,4,0.014318,1.0377,-1,0.86828,0.83879,-1,-0.051357,-0.89836,0,0,0,0,0,0,0,0
0,0,0,0,0,0,0,0,0.90128,0.075195,-0.75628,-1,-0.067086,0.003127,-5.3509e-06,0,0,0,0.99324,999,999,999,1.1574,0.70189,0.34408,0,0,0,0,0,0,0,0,0,0,0,0,0,0,0,0,0,0,0,0,0,0,0,0,0,0,0,0,0,0,0,0,0,0,0,0,0,0,0.015018,0.90128,-1,0.87444,0,0,0,0,0,0,0,0,0,0,0,1
0,0,0,0,0,0,0,0,1.345,1.0085,-0.9173,-1,-0.91355,-0.00015849,0.00011818,1,0,0,1.3527,999,999,999,1.2336,0.64817,0.84051,0.33392,0.13703,5.6064e-07,9999,1,1,673.83,4.6875,0.22354,0,0,0,0,0,0,0,0,1,999,999,999,0,0,0,0,0,10,0.14067,3.6297e-07,9999,1,1777.3,9.668,0.11913,1.345,0.98423,-0.086069,0,0.0032169,1.345,-1,0.98423,0.3469,-1,-0.91355,-0.16827,0,0,0,0,0,0,0,0
0,0,0,0,0,0,0,0,0.3933,1.0491,-0.13192,1,5.3055e-05,-1.3373e-06,-4.6306e-07,1,0,0,0.35752,999,999,999,0.60432,0.15012,0.18401,0.49292,0.079178,1.3373e-06,9999,1,-1,0,3.4668,0.15012,0,0,0,0,0,0,0,0,1,999,999,999,0,0,0,0,0,0,0,0,0,0,0,0,0,0,0,0,0,0,0,0,0,0.50773,1,5.3055e-05,0.63297,0,0,0,0,0,0,0,0
0,0,0,0,0.55564,1.6793,0.18146,-1,0.38869,0.8812,0.62403,-1,-0.99028,9.8232e-05,-9.3898e-05,0,0,0,1.0092,-0.55564,-0.631,-0.58387,0.62026,0.72993,0.77113,0.99597,0.19349,6.7244e-07,9999,0,1,512.7,3.9551,0.25513,0,0,0,0,0,0,0,0,1,0.55564,0.631,-0.69685,0,0,0,0,0,10,0.19349,6.7244e-07,9999,1,512.7,3.9551,0.25513,0.55564,0.631,-0.69685,6,0.014485,0.74725,1,0.71446,0.49704,-1,-0.99028,-0.79035,0,0,0,0,0,0,0,0
0,0,0,0,0,0,0,0,1.6106,0.96617,-0.5757,-1,-0.93337,-0.074857,0.00038736,0,0,0,1.9567,-1.6106,-0.91306,-0.74714,1.3948,1.3329,1.0658,0,0,0,0,0,0,0,0,0,0,0,0,0,0,0,0,0,0,0,0,0,0,0,0,0,0,0,0,0,0,0,0,0,0,0,0,0,0,0.0059454,1.6106,-1,0.91306,0,0,0,0,0,0,0,0,0,0,0,0
0.47507,0.85853,-0.29251,-1,0,0,0,0,1.2183,0,-0.23468,1,0.16462,-0.13228,-0.00033227,1,0,0,1.149,999,999,999,0.97926,0.95385,0.72703,0.72614,0.16218,5.0877e-07,9999,1,1,673.83,4.1504,0.20443,0,0,0,0,0,0,0,0,1,999,999,999,0,0,0,0,0,0,0,0,0,0,0,0,0,0,0,0,0,0.02095,1.2183,1,0.98272,0.59449,-1,-0.13228,-0.18736,0.47507,0.85853,-0.29251,-1,1,0.013364,0.93131,1
0,0,0,0,0,0,0,0,0.50376,0.82658,0.51646,-1,5.0151e-05,-6.3016e-06,1.7051e-06,1,0,0,0.45927,999,999,999,0.59208,0.35683,0.19963,0.31414,0.090719,3.4528e-07,9999,0,-1,375.98,12.695,0.10286,0,0,0,0,0,0,0,0,1,999,999,999,0,0,0,0,0,10,0.13565,1.7051e-06,9999,1,0,7.3242,0.19963,0.50376,0.62113,-0.065375,0,0.00024428,0.50376,-1,0.62113,-0.29428,1,1.7051e-06,0.48979,0,0,0,0,0,0,0,0
0,0,0,0,0,0,0,0,1.2002,0.8418,-0.72628,1,0.020012,-0.005802,1.2667e-06,1,0,0,1.2815,999,999,999,1.0473,0.81926,0.13155,0,0,0,0,0,0,0,0,0,0,0,0,0,0,0,0,0,0,0,0,0,0,0,0,0,0,0,0,0,0,0,0,0,0,0,0,0,0,0.0095315,1.2002,1,0.91715,0,0,0,0,0,0,0,0,0,0,0,1
0,0,0,0,0,0,0,0,1.664,0,-0.29907,-1,-0.95343,6.932e-05,0,0,0,0,1.7043,999,999,999,2.221,0.67967,0,0,0,0,0,0,0,0,0,0,0,0,0,0,0,0,0,0,0,0,0,0,0,0,0,0,0,0,0,0,0,0,0,0,0,0,0,0,0,0.017406,1.664,-1,0.9799,0,0,0,0,0,0,0,0,0,0,0,0
0,0,0,0,0,0,0,0,1.8359,0.34415,-0.63565,-1,-0.35948,0.033321,-7.6952e-05,1,0,0,2.416,-1.8359,0.99332,-0.13879,0.70996,1.6182,2.2417,0.93193,0.11119,1.2263e-06,9999,1,1,0,10.938,0.11396,0,0,0,0,0,0,0,0,1,1.8359,0.99332,-0.96075,0,0,0,0,0,10,0.11119,1.2263e-06,9999,1,0,10.938,0.11396,1.8359,0.99332,-0.96075,2,0.011241,1.8359,-1,0.99332,-0.028625,-1,-0.35948,-0.79315,0,0,0,0,0,0,0,0
0,0,0,0,1.6647,0.2375,-0.72936,-1,0.63886,1.0453,0.73598,1,-0.057187,4.3428e-05,-6.7154e-07,3,1,0.49728,1.3971,999,999,999,2.498,0.56403,0.25492,0.78748,0.19216,6.2535e-07,9999,1,1,581.05,4.4922,0.2431,0,0,0,0,0,0,0,0,1,999,999,999,0,0,0,0,0,0,0,0,0,0,0,0,0,0,0,0,0,0.0016236,1.6647,-1,0.99905,0.79495,-1,-0.057187,-0.06894,0,0,0,0,0,0,0,0
0,0,0,0,0,0,0,0,0.35973,0.89935,-0.84075,1,0.00047452,6.7562e-05,2.5497e-05,0,0,0,0.66244,999,999,999,0.59726,0.59166,0.48688,0.15342,0.24111,1.6886e-06,9999,1,-1,444.34,2.9297,0.36809,0,0,0,0,0,0,0,0,1,999,999,999,0,0,0,0,0,0,0,0,0,0,0,0,0,0,0,0,0,0,0,0,0,0.0096762,1,0.00047452,0.00010962,0,0,0,0,0,0,0,0
0,0,0,0,0,0,0,0,1.1078,0.27779,-0.69899,-1,0.00045725,-9.4545e-05,4.3226e-05,1,0,0,0.98751,999,999,999,0.62955,0.80724,0.6031,0.75974,0.081782,1.2139e-06,9999,1,-1,0,25.781,0.081605,0,0,0,0,0,0,0,0,1,999,999,999,0,0,0,0,0,0,0,0,0,0,0,0,0,0,0,0,0,0.0067724,1.1078,-1,0.96998,0.015113,1,0.00045725,0.71189,0,0,0,0,0,0,0,1
0,0,0,0,0,0,0,0,0.44184,1.9475,-0.28429,1,0.97573,-6.908e-05,2.4186e-05,3,0,0,0.69769,999,999,999,0.23326,0.66207,0.4811,0.61387,0.074181,1.2161e-06,9999,0,-1,0,16.016,0.079243,0,0,0,0,0,0,0,0,1,999,999,999,0,0,0,0,0,10,0.083882,1.3717e-06,9999,-1,0,4.834,0.15703,0.50732,0.21235,-0.78131,-5,0.0091989,0.50732,1,0.21235,0.82822,1,0.97573,0.71338,0,0,0,0,0,0,0,0
0,0,0,0,1.6705,0.23825,-0.93697,-1,0.47546,0,0.25896,-1,-0.038021,-8.1086e-05,7.029e-06,3,0,0,1.4941,999,999,999,1.3981,0.7246,0.36549,0.69592,0.13748,4.4101e-07,9999,0,1,615.23,5.5176,0.17256,0,0,0,0,0,0,0,0,1,999,999,999,0,0,0,0,0,0,0,0,0,0,0,0,0,0,0,0,0,0.010063,1.6705,-1,0.93673,0.78904,-1,-0.038021,-0.35459,0,0,0,0,0,0,0,0
0,0,0,0,0,0,0,0,1.1003,1.0709,-0.45131,1,0.90721,0.65296,-0.00015368,0,0,0,1.0549,999,999,999,0.88632,1.7627,0.63294,0.26787,0.14471,4.2174e-07,9999,1,1,771.48,5.0293,0.16148,0,0,0,0,0,0,0,0,1,0.88021,0.98331,-0.36563,0,0,0,0,0,10,0.14471,4.2174e-07,9999,1,771.48,5.0293,0.16148,0.88021,0.98331,-0.36563,9,0.01398,1.1003,1,0.78946,-0.36563,-1,-0.00015368,-0.10432,0,0,0,0,0,0,0,0
0,0,0,0,0,0,0,0,0.27568,0.62132,0.6186,-1,0.8949,0.00017812,-6.2291e-05,1,0,0,0.91884,999,999,999,0.26593,0.18651,0.64303,0.51678,0.1974,0.00017812,9999,1,1,634.77,0,0.18651,1,0,1.6647,-1.5172,0.34981,0.0598,0.14595,0.036456,1,0.82193,0.5227,-0.39354,0,0,0,0,0,10,0.1974,0.00017812,9999,1,634.77,0,0.18651,0.82193,0.5227,-0.39354,11,0.011346,0.82193,-1,0.5227,0.99505,-1,-1.8864e-06,-0.0060887,0,0,0,0,0,0,0,1
0,0,0,0,1.8777,0.20947,-0.92606,-1,0.71833,0.20947,-0.12123,1,-0.041831,6.0055e-05,0,0,0,0,1.9042,999,999,999,1.7962,0.85514,0,0,0,0,0,0,0,0,0,0,0,0,0,0,0,0,0,0,0,0,0,0,0,0,0,0,0,0,0,0,0,0,0,0,0,0,0,0,0,0.0036685,1.8777,-1,0.95842,0,0,0,0,0,0,0,0,0,0,0,0
0.77782,0.070909,-0.48438,-1,0,0,0,0,0.41954,0.070909,0.48989,1,-0.76143,-0.024981,1.0124e-05,0,0,0,1.128,999,999,999,0.9957,0.72484,0.3998,0,0,0,0,0,0,0,0,0,0,0,0,0,0,0,0,0,0,0,0,0,0,0,0,0,0,0,0,0,0,0,0,0,0,0,0,0,0,0.0059077,0.77782,-1,0.79523,0,0,0,0,0.77782,0.070909,-0.48438,-1,1,0.0059077,0.79523,0
0,0,0,0,0,0,0,0,0.63537,1.0881,0.76897,-1,-0.00014557,3.4567e-05,-1.672e-05,0,0,0,0.89538,999,999,999,0.96203,0.52751,0.44155,0,0,0,0,0,0,0,0,0,0,0,0,0,0,0,0,0,0,0,0,0,0,0,0,0,0,0,0,0,0,0,0,0,0,0,0,0,0,0.00098908,0.63537,-1,0.81713,0,0,0,0,0,0,0,0,0,0,0,1
0,0,0,0,0,0,0,0,1.5063,0.30305,-0.24349,1,0.94117,-0.79242,4.5717e-07,0,0,0,1.5537,999,999,999,2.0017,0.97068,0.18107,0,0,0,0,0,0,0,0,0,0,0,0,0,0,0,0,0,0,0,0,0,0,0,0,0,0,0,0,0,0,0,0,0,0,0,0,0,0,0.0047684,1.5063,1,0.97736,0,0,0,0,0,0,0,0,0,0,0,1
0.81725,0,-0.31049,-1,0,0,0,0,0.69749,0,-0.28767,1,0.020897,-0.0003913,-8.7786e-05,0,0,0,1.2284,999,999,999,0.77176,0.60333,0.73083,0.14215,0.13968,3.768e-07,9999,1,1,898.44,7.6172,0.13053,0,0,0,0,0,0,0,0,1,999,999,999,0,0,0,0,0,0,0,0,0,0,0,0,0,0,0,0,0,0.0045928,0.94717,-1,0.65776,0.82048,-1,-5.3477e-06,-0.098282,0.81725,0,-0.31049,-1,1,0.014266,0.70204,0
0,0,0,0,0,0,0,0,0.67885,1.7434,-0.70894,-1,-0.0005155,0,0,0,0,0,0.56929,999,999,999,0.99954,0,0,0,0,0,0,0,0,0,0,0,0,0,0,0,0,0,0,0,0,0,0,0,0,0,0,0,0,0,0,0,0,0,0,0,0,0,0,0,0,0.016438,0.67885,-1,0.81891,0,0,0,0,0,0,0,0,0,0,0,0
0.90147,0.68607,-0.62337,-1,0.70917,0.69789,-0.33133,1,0.22878,1.1429,-0.69244,-1,-0.27433,0.078123,-1.304e-05,4,0,0,1.1875,999,999,999,1.2021,0.89556,0.38577,0.43794,0.1966,1.0785e-06,9999,0,-1,458.98,3.6621,0.3201,0,0,0,0,0,0,0,0,1,999,999,999,0,0,0,0,0,0,0,0,0,0,0,0,0,0,0,0,0,0.011425,0.90147,-1,0.83924,0.61124,1,0.078123,0.00023663,0.90147,0.68607,-0.62337,-1,2,0.011425,0.83924,1
1.4325,0,-0.9925,1,0,0,0,0,0,0,0,0,0.00058366,-6.6894e-05,6.3767e-05,2,1,0.49916,1.4235,999,999,999,1.6625,0.64343,0.63839,0,0,0,0,0,0,0,0,0,0,0,0,0,0,0,0,0,0,0,0,0,0,0,0,0,0,0,0,0,0,0,0,0,0,0,0,0,0,0.0016423,1.4325,1,0.99288,0,0,0,0,0,0,0,0,0,0,0,1
1.7991,0.1515,-0.35382,1,0,0,0,0,0.92421,1.5992,0.11347,-1,-0.0049663,4.5098e-05,-5.8826e-07,0,0,0,2.0166,999,999,999,1.1182,2.1937,0.23238,0.965,0.16508,5.8826e-07,9999,1,-1,625,5.127,0.23238,0,0,0,0,0,0,0,0,1,1.7991,0.99103,-0.92175,0,0,0,0,0,10,0.16508,5.8826e-07,9999,-1,625,5.127,0.23238,1.7991,0.99103,-0.92175,-2,0.012881,1.7991,1,0.99103,-0.92175,1,4.5098e-05,0.78147,0,0,0,0,0,0,0,1
0.52077,0.035848,-0.26886,-1,0,0,0,0,0.54684,0.035848,-0.99575,-1,-0.00058702,-1.296e-06,1.2096e-06,1,0,0,0.50318,999,999,999,0.44353,0.34095,0.089556,0.99343,0.090506,1.2096e-06,9999,0,1,0,17.578,0.089556,0,0,0,0,0,0,0,0,1,0.52077,0.34539,-0.44213,0,0,0,0,0,10,0.090506,1.2096e-06,9999,1,0,17.578,0.089556,0.52077,0.34539,-0.44213,2,0.012471,0.52077,-1,0.34539,0.75888,-1,-1.296e-06,-0.89236,0.52077,0.035848,-0.26886,-1,1,0.012471,0.34539,0
0,0,0,0,0,0,0,0,0.74616,0.12114,-0.92225,-1,-0.53947,5.3378e-05,3.788e-07,0,0,0,0.96542,999,999,999,0.86584,0.60552,0.13209,0.16449,0.20856,3.788e-07,9999,1,1,781.25,6.9336,0.13209,0,0,0,0,0,0,0,0,1,0.74616,0.95198,-0.0049063,0,0,0,0,0,10,0.20856,3.788e-07,9999,1,781.25,6.9336,0.13209,0.74616,0.95198,-0.0049063,6,0.0095122,0.74616,-1,0.95198,-0.0049063,-1,-0.53947,-0.0006676,0,0,0,0,0,0,0,0
0,0,0,0,0,0,0,0,0.92982,1.0342,0.026114,1,-0.94426,0.93702,6.0485e-05,0,0,0,1.2962,999,999,999,0.80646,1.183,0.63164,0.22214,0.24802,4.0378e-07,9999,1,-1,849.61,7.6172,0.15007,0,0,0,0,0,0,0,0,1,999,999,999,0,0,0,0,0,0,0,0,0,0,0,0,0,0,0,0,0,0.023163,0.92982,1,0.94751,0.026218,1,0.93702,8.6002e-05,0,0,0,0,0,0,0,0
0,0,0,0,0,0,0,0,0.33967,1.1105,-0.99566,1,-0.98687,4.6709e-05,5.6544e-07,0,0,0,0.76013,999,999,999,0.7035,0.57735,0.22514,0.44608,0.11739,3.4791e-07,9999,1,-1,2089.8,10.254,0.10541,0,0,0,0,0,0,0,0,1,999,999,999,0,0,0,0,0,0,0,0,0,0,0,0,0,0,0,0,0,0.0029129,0.6133,-1,0.37727,-0.672,1,4.6709e-05,0.34229,0,0,0,0,0,0,0,0
0,0,0,0,0,0,0,0,0.39905,0.33059,-0.64177,1,1.7859e-06,0,0,0,0,0,0.2117,999,999,999,0.26101,0,0,0,0,0,0,0,0,0,0,0,0,0,0,0,0,0,0,0,0,0,0,0,0,0,0,0,0,0,0,0,0,0,0,0,0,0,0,0,0,0,0,0,0,0,0,0,0,0,0,0,0,0,0,0,0
0,0,0,0,0,0,0,0,0.58329,0.13757,0.46273,-1,0.0002654,-0.00011821,2.3117e-05,2,0,0,0.86737,999,999,999,0.28473,0.82201,0.47434,0,0,0,0,0,0,0,0,0,0,0,0,0,0,0,0,0,0,0,0,0,0,0,0,0,0,0,0,0,0,0,0,0,0,0,0,0,0,0.0031217,0.62609,-1,0.9884,0,0,0,0,0,0,0,0,0,0,0,0
0,0,0,0,0,0,0,0,1.0427,0.69605,-0.078733,1,0.036057,-4.4677e-06,1.5532e-06,1,0,0,1.0635,999,999,999,1.2987,0.33026,0.18374,0.96422,0.1457,1.5532e-06,9999,1,1,0,5.127,0.18374,0,0,0,0,0,0,0,0,1,999,999,999,0,0,0,0,0,10,0.14115,5.4024e-07,9999,-1,644.53,3.8086,0.21646,1.0427,0.96917,-0.83085,-0,0.014013,1.0427,1,0.96917,0.29094,-1,-4.4677e-06,-0.82253,0,0,0,0,0,0,0,0
0,0,0,0,0,0,0,0,0.84608,0.96541,-0.87091,-1,0.99995,-0.92495,-0.00076957,0,0,0,0.90216,999,999,999,0.29505,0.89334,0.83358,0.072945,0.14347,0.99995,9999,1,1,1367.2,14.258,0.29505,0,0,0,0,0,0,0,0,1,0.84608,0.9004,-0.33621,0,0,0,0,0,10,0.14347,0.99995,9999,1,1367.2,14.258,0.29505,0.84608,0.9004,-0.33621,22,0.0049494,0.84608,-1,0.9004,-0.33621,-1,-0.92495,-5.8654e-05,0,0,0,0,0,0,0,0
0,0,0,0,0,0,0,0,0.57685,0.9918,0.4006,-1,-0.18323,-5.8007e-05,7.8351e-07,0,0,0,0.73991,-0.72601,-0.95295,-0.93078,0.92188,0.62217,0.2784,0.96176,0.18381,7.8351e-07,9999,1,1,546.88,3.5645,0.2784,0,0,0,0,0,0,0,0,1,0.72601,0.95295,-0.9969,0,0,0,0,0,10,0.18381,7.8351e-07,9999,1,546.88,3.5645,0.2784,0.72601,0.95295,-0.9969,2,0.0050157,0.72601,-1,0.95295,0.90916,-1,-0.18323,-0.6766,0,0,0,0,0,0,0,0
0,0,0,0,0,0,0,0,0.3419,1.1453,0.96532,1,2.457e-05,-2.2595e-05,6.9951e-06,2,0,0,0.6438,999,999,999,0.48259,0.47328,0.3651,0.21482,0.083213,3.7888e-07,9999,0,1,996.09,7.2266,0.13215,0,0,0,0,0,0,0,0,1,999,999,999,0,0,0,0,0,0,0,0,0,0,0,0,0,0,0,0,0,0,0,0,0,0.76281,-1,-2.2595e-05,-0.522,0,0,0,0,0,0,0,0
0.77955,0,-0.94453,-1,0,0,0,0,0,0,0,0,-9.4322e-05,1.7524e-05,0,1,1,0.49309,0.76172,999,999,999,0.79978,0.40621,0,0,0,0,0,0,0,0,0,0,0,0,0,0,0,0,0,0,0,0,0,0,0,0,0,0,0,0,0,0,0,0,0,0,0,0,0,0,0,0.03157,0.77955,-1,0.97679,0,0,0,0,0.77955,0,-0.94453,-1,1,0.03157,0.97679,1
0,0,0,0,0,0,0,0,0.55956,0.80985,-0.96893,1,0.97468,-0.0002022,-1.2121e-06,3,0,0,0.56494,999,999,999,0.79897,0.23325,0.084089,0.97278,0.10963,1.2121e-06,9999,0,-1,0,23.633,0.084089,0,0,0,0,0,0,0,0,1,999,999,999,0,0,0,0,0,0,0,0,0,0,0,0,0,0,0,0,0,0.0068588,0.55956,1,0.60091,0.40403,1,0.97468,0.86277,0,0,0,0,0,0,0,1
0,0,0,0,0,0,0,0,1.1636,0.57592,0.96062,-1,-0.99996,-0.14194,1.2139e-06,2,0,0,0.8201,-1.1636,0.94719,-0.36708,0.28452,1.8093,0.081657,0.27462,0.067125,3.4826e-07,9999,0,1,2011.7,6.0059,0.10575,0,0,0,0,0,0,0,0,1,999,999,999,0,0,0,0,0,10,0.09434,1.2139e-06,9999,1,0,28.906,0.081657,1.1636,0.94719,-0.50388,5,0.0076638,1.1636,-1,0.94719,0.52841,-1,-0.99996,-0.60211,0,0,0,0,0,0,0,0
1.2693,0.40294,-0.95145,-1,0,0,0,0,0.45099,0.14896,-0.21389,1,-0.0006473,0.00040988,-0.00017167,1,1,0.4993,1.0504,-1.2693,0.95963,-0.35147,0.40986,0.66677,1.8932,0,0,0,0,0,0,0,0,0,0,0,0,0,0,0,0,0,0,0,0,0,0,0,0,0,0,0,0,0,0,0,0,0,0,0,0,0,0,0.020106,1.2693,-1,0.95963,0,0,0,0,0,0,0,0,0,0,0,0
0,0,0,0,0,0,0,0,1.0318,0.32412,-0.83267,1,0.96861,0.00065375,-5.1882e-07,0,0,0,0.87444,1.0318,-0.86308,-0.23088,0.77951,0.80093,0.20843,0.37506,0.16109,5.1882e-07,9999,1,-1,595.7,4.9316,0.20843,0,0,0,0,0,0,0,0,1,1.0318,0.86308,-0.57139,0,0,0,0,0,10,0.16109,5.1882e-07,9999,-1,595.7,4.9316,0.20843,1.0318,0.86308,-0.57139,-5,0.0023822,1.0318,1,0.86308,-0.65451,1,0.96861,0.054165,0,0,0,0,0,0,0,1
0.41948,0.87406,-0.2267,1,0,0,0,0,0.35574,0.19931,0.13735,-1,-4.3238e-06,3.9181e-06,-6.4214e-07,0,0,0,0.50683,999,999,999,0.32777,0.32031,0.24757,0,0,0,0,0,0,0,0,0,0,0,0,0,0,0,0,0,0,0,0,0,0,0,0,0,0,0,0,0,0,0,0,0,0,0,0,0,0,0,0,0,0,0,0,0,0,0.41948,0.87406,-0.2267,1,1,0.021078,0.90931,1
0,0,0,0,0,0,0,0,0.88593,0.34387,-0.25226,-1,-0.99922,-0.0016918,1.3962e-05,2,2,0.49683,0.97095,-0.88593,0.65938,-0.068855,0.45127,1.2707,0.42422,0,0,0,0,0,0,0,0,0,0,0,0,0,0,0,0,0,0,0,0,0,0,0,0,0,0,0,0,0,0,0,0,0,0,0,0,0,0,0.0028032,0.88593,-1,0.65938,0,0,0,0,0,0,0,0,0,0,0,1
0,0,0,0,0,0,0,0,0.79909,1.8088,-0.94441,-1,0.19862,-0.029946,-2.3117e-05,0,0,0,1.0035,999,999,999,0.88086,1.2151,0.47589,0.74363,0.21737,5.2245e-07,9999,1,1,576.17,4.1504,0.20984,0,0,0,0,0,0,0,0,1,999,999,999,0,0,0,0,0,0,0,0,0,0,0,0,0,0,0,0,0,0.015371,0.79909,-1,0.66903,0.94211,-1,-2.3117e-05,-0.0058612,0,0,0,0,0,0,0,1
0,0,0,0,0,0,0,0,1.166,0.47398,-0.17327,1,-0.99892,0.71339,-0.0006763,2,1,0.50041,1.2057,999,999,999,0.47333,1.85,0.66054,0,0,0,0,0,0,0,0,0,0,0,0,0,0,0,0,0,0,0,0,0,0,0,0,0,0,0,0,0,0,0,0,0,0,0,0,0,0,0.0052514,1.166,1,0.87356,0,0,0,0,0,0,0,0,0,0,0,1
0.77952,0.56724,-0.91862,1,0,0,0,0,0.68548,0.53845,0.42389,1,-0.26339,0.029268,0.0015476,1,0,0,0.92382,999,999,999,1.1486,0.76301,0.61057,0.74722,0.16574,7.5626e-07,9999,1,-1,415.04,4.541,0.27324,0,0,0,0,0,0,0,0,1,0.77952,0.98009,-0.74735,0,0,0,0,0,10,0.16574,7.5626e-07,9999,-1,415.04,4.541,0.27324,0.77952,0.98009,-0.74735,-2,0.012544,0.77952,1,0.98009,0.91097,-1,-0.26339,-0.14667,0.77952,0.56724,-0.91862,1,1,0.012544,0.98009,1
0,0,0,0,0,0,0,0,0.5134,0.60962,0.15011,1,-0.00036864,-0.00020001,8.0328e-05,1,0,0,0.66827,999,999,999,0.55262,0.23043,0.74459,0,0,0,0,0,0,0,0,0,0,0,0,0,0,0,0,0,0,0,0,0,0,0,0,0,0,0,0,0,0,0,0,0,0,0,0,0,0,0.026689,0.5134,1,0.94137,0,0,0,0,0,0,0,0,0,0,0,1
0,0,0,0,0,0,0,0,1.0628,0.49138,0.2714,-1,-0.049327,-0.0054774,1.2103e-06,1,0,0,1.3212,-0.76358,-0.56253,-0.5706,1.3148,0.8194,0.087288,0.8665,0.053643,1.2103e-06,9999,0,1,0,18.164,0.087288,0,0,0,0,0,0,0,0,1,1.0628,0.98799,-0.88552,0,0,0,0,0,10,0.053643,1.2103e-06,9999,1,0,18.164,0.087288,1.0628,0.98799,-0.88552,2,0.014093,1.0628,-1,0.98799,0.88463,-1,-0.0054774,-0.77132,0,0,0,0,0,0,0,0
0,0,0,0,0,0,0,0,0.37013,1.4734,-0.64575,-1,-3.3295e-05,9.6354e-06,-2.3142e-06,0,0,0,0.63371,999,999,999,0.52211,0.39138,0.28071,0.2066,0.20029,8.515e-07,9999,1,1,419.92,4.0039,0.29006,0,0,0,0,0,0,0,0,1,999,999,999,0,0,0,0,0,0,0,0,0,0,0,0,0,0,0,0,0,0,0,0,0,0.56286,-1,-2.3142e-06,-0.0014311,0,0,0,0,0,0,0,1
0,0,0,0,0,0,0,0,0.38222,1.2756,-0.5879,1,0.00080826,-8.9262e-06,7.2853e-07,1,0,0,0.60006,999,999,999,0.88409,0.38496,0.26765,0,0,0,0,0,0,0,0,0,0,0,0,0,0,0,0,0,0,0,0,0,0,0,0,0,0,0,0,0,0,0,0,0,0,0,0,0,0,0.012013,0.58876,1,0.93171,0,0,0,0,0,0,0,0,0,0,0,1
0,0,0,0,0,0,0,0,1.6153,1.0325,-0.5024,1,0.030959,0.027127,-7.6839e-05,1,1,0.49348,2.1037,1.1927,-0.87648,-0.75732,2.0223,1.6119,0.68673,0.94369,0.13265,5.0691e-07,9999,0,-1,561.52,5.6152,0.20367,0,1,0,0,0,0,0,0,1,1.1927,0.87648,-0.70074,0,0,0,0,0,10,0.13265,5.0691e-07,9999,-1,561.52,5.6152,0.20367,1.1927,0.87648,-0.70074,-9,0.043731,1.6153,1,0.97802,0.97327,1,0.030959,0.79232,0,0,0,0,0,0,0,0
0,0,0,0,0,0,0,0,0.93636,0.85833,-0.80634,-1,0.15215,-0.001197,-0.00046881,1,0,0,1.1973,999,999,999,1.0947,1.1195,0.75373,0.95337,0.12072,1.2111e-06,9999,0,1,0,50,0.085635,0,0,0,0,0,0,0,0,1,0.93636,0.9171,-0.75409,0,0,0,0,0,10,0.12072,1.2111e-06,9999,1,0,50,0.085635,0.93636,0.9171,-0.75409,22,0.0049358,0.93636,-1,0.9171,0.771,-1,-0.00028458,-0.82415,0,0,0,0,0,0,0,1
0,0,0,0,0.53548,0.96676,0.55403,1,0.42462,0.70916,-0.44851,-1,0.0011379,-0.0003155,0.00021894,0,0,0,0.96837,0.53548,-0.81011,-0.58546,0.83635,0.48415,0.65872,0,0,0,0,0,0,0,0,0,0,0,0,0,0,0,0,0,0,0,0,0,0,0,0,0,0,0,0,0,0,0,0,0,0,0,0,0,0,0.00042621,0.56081,1,0.47223,0,0,0,0,0,0,0,0,0,0,0,0
0,0,0,0,0,0,0,0,0.10546,1.4037,-0.96097,1,-0.088353,-2.1103e-06,4.0888e-07,1,0,0,0.25245,999,999,999,0.3971,0.27373,0.15343,0.79125,0.10546,4.0888e-07,9999,1,1,771.48,3.2227,0.15343,0,0,0,0,0,0,0,0,1,999,999,999,0,0,0,0,0,0,0,0,0,0,0,0,0,0,0,0,0,0,0,0,0,0.87196,-1,-0.088353,-0.65218,0,0,0,0,0,0,0,1
0.79888,1.6073,-0.6844,1,0,0,0,0,0.35023,1.2298,-0.73925,-1,0.16208,6.839e-05,-6.9411e-07,0,0,0,0.95257,999,999,999,0.83122,0.66611,0.26018,0.81092,0.24621,4.5715e-07,9999,1,1,654.3,5.3711,0.18106,0,0,0,0,0,0,0,0,1,999,999,999,0,0,0,0,0,0,0,0,0,0,0,0,0,0,0,0,0,0.013903,0.79888,1,0.89828,0,0,0,0,0.79888,1.6073,-0.6844,1,1,0.013903,0.89828,0
0.59436,0.47505,-0.65786,1,0,0,0,0,0.58217,0.35889,0.086334,-1,-0.97542,0.098882,0,0,0,0,0.80168,999,999,999,0.80423,0.77486,0,0,0,0,0,0,0,0,0,0,0,0,0,0,0,0,0,0,0,0,0,0,0,0,0,0,0,0,0,0,0,0,0,0,0,0,0,0,0,0.0081294,0.59436,1,0.94491,0,0,0,0,0.59436,0.47505,-0.65786,1,1,0.0081294,0.94491,0
0.86934,0,-0.67291,1,0,0,0,0,0.69254,0.14395,-0.4311,-1,0.031626,-0.0011236,0,0,1,0.49733,0.96105,999,999,999,1.2216,0.99762,0,0,0,0,0,0,0,0,0,0,0,0,0,0,0,0,0,0,0,0,0,0,0,0,0,0,0,0,0,0,0,0,0,0,0,0,0,0,0,0.0066166,0.86934,1,0.8718,0,0,0,0,0.86934,0,-0.67291,1,1,0.0066166,0.8718,1
0,0,0,0,0,0,0,0,1.5439,1.0527,-0.85285,-1,-0.019578,0.00021067,1.5406e-05,0,0,0,1.3696,999,999,999,1.1625,0.73384,0.43356,0.66959,0.22747,2.0342e-06,9999,1,-1,541.99,3.9551,0.27094,0,0,0,0,0,0,0,0,1,0.73638,0.19815,-0.85476,0,0,0,0,0,10,0.22747,2.0342e-06,9999,-1,541.99,3.9551,0.27094,0.73638,0.19815,-0.85476,-6,0.0058798,1.5439,-1,0.97411,0.48591,1,1.5406e-05,0.0011218,0,0,0,0,0,0,0,0
0,0,0,0,0.61274,0.38147,-0.078604,1,0.15591,0.27402,0.71267,-1,0.76974,0.024476,0.0013052,2,0,0,0.55267,0.61274,0.99427,-0.76103,0.12612,0.95505,0.78691,0.66836,0.15591,1.213e-06,9999,0,-1,0,20.898,0.082719,0,0,0,0,0,0,0,0,1,0.61274,0.99427,-0.60867,0,0,0,0,0,10,0.15591,1.213e-06,9999,-1,0,20.898,0.082719,0.61274,0.99427,-0.60867,-0,0.029731,0.61274,1,0.99427,0.60505,1,0.76974,0.17467,0,0,0,0,0,0,0,0
0,0,0,0,0,0,0,0,0,0,0,0,0,0,0,0,1,0.50063,0,999,999,999,0,0,0,0,0,0,0,0,0,0,0,0,0,0,0,0,0,0,0,0,0,0,0,0,0,0,0,0,0,0,0,0,0,0,0,0,0,0,0,0,0,0,0,0,0,0,0,0,0,0,0,0,0,0,0,0,0
0,0,0,0,0,0,0,0,0.70997,0.85336,0.34228,-1,-0.0014936,1.618e-05,-8.9117e-06,2,1,0.49466,0.83579,-0.53371,-0.76525,-0.94981,1.0689,0.43832,0.38483,0,0,0,0,0,0,0,0,0,0,0,0,0,0,0,0,0,0,0,0,0,0,0,0,0,0,0,0,0,0,0,0,0,0,0,0,0,0,0.015258,0.53371,-1,0.76525,0,0,0,0,0,0,0,0,0,0,0,0
0,0,0,0,0,0,0,0,0.20399,0.79203,-0.91143,-1,0.99995,0.00014369,-5.0631e-05,0,0,0,0.99757,999,999,999,0.2782,0.85559,0.59397,0.54866,0.20399,3.8139e-07,9999,1,-1,732.42,6.543,0.13408,0,0,0,0,0,0,0,0,1,0.85915,0.98191,-0.38075,0,0,0,0,0,10,0.20399,3.8139e-07,9999,-1,732.42,6.543,0.13408,0.85915,0.98191,-0.38075,-8,0.017703,0.85915,1,0.98191,0.13737,1,0.99995,0.004044,0,0,0,0,0,0,0,1
0,0,0,0,0,0,0,0,0.63413,0.82117,-0.28503,-1,-0.99967,-0.01364,0.00026934,1,0,0,1.1078,-0.63413,0.98323,-0.54641,0.40232,0.88663,0.74524,0.14109,0.13095,4.7612e-07,9999,1,-1,722.66,4.8828,0.19026,0,0,0,0,0,0,0,0,1,0.71005,0.99644,-0.10847,0,0,0,0,0,10,0.22631,3.9336e-07,9999,1,791.02,8.6914,0.1429,0.63413,0.98323,-0.83015,6,0.0030068,0.71005,1,0.99644,0.31025,-1,-0.99967,-0.0021542,0,0,0,0,0,0,0,1
0,0,0,0,0,0,0,0,0.7763,0.70475,-0.62785,1,0.97592,-4.1662e-06,0,0,0,0,0.82131,999,999,999,0.81592,0.32496,0,0,0,0,0,0,0,0,0,0,0,0,0,0,0,0,0,0,0,0,0,0,0,0,0,0,0,0,0,0,0,0,0,0,0,0,0,0,0,0.022874,0.7763,1,0.92062,0,0,0,0,0,0,0,0,0,0,0,1
0,0,0,0,0,0,0,0,0.65687,1.1475,0.21693,1,0.96629,7.0158e-05,-6.5595e-05,3,0,0,1.1178,999,999,999,0.5102,0.63408,0.66095,0.81525,0.11237,1.2646e-06,9999,0,-1,0,10.059,0.13083,0,0,0,0,0,0,0,0,1,999,999,999,0,0,0,0,0,10,0.19969,8.3009e-07,9999,-1,537.11,3.7109,0.28656,0.65687,0.75291,-0.75661,-5,0.021279,0.65687,1,0.75291,0.89418,1,0.96629,0.64629,0,0,0,0,0,0,0,1
0,0,0,0,0,0,0,0,1.0228,0.92024,-0.97815,1,-0.30261,0.079999,-0.011477,2,0,0,1.1338,999,999,999,1.3032,0.87904,0.67504,0,0,0,0,0,0,0,0,0,0,0,0,0,0,0,0,0,0,0,0,0,0,0,0,0,0,0,0,0,0,0,0,0,0,0,0,0,0,0.0090712,1.0228,1,0.96134,0,0,0,0,0,0,0,0,0,0,0,0
0,0,0,0,1.6387,0.21208,-0.99438,-1,0,0,0,0,-0.011961,0,0,0,0,0,0.80857,999,999,999,1.0857,0,0,0,0,0,0,0,0,0,0,0,0,0,0,0,0,0,0,0,0,0,0,0,0,0,0,0,0,0,0,0,0,0,0,0,0,0,0,0,0,0.0056863,1.6387,-1,0.9809,0,0,0,0,0,0,0,0,0,0,0,0
0,0,0,0,0,0,0,0,1.6233,0.94582,-0.93711,-1,0.86695,-0.71801,0.00046421,1,0,0,1.2928,0.58449,-0.7343,-0.75981,0.67583,2.5524,0.35317,0.62982,0.22552,3.2415e-06,9999,1,1,502.93,4.3457,0.30604,0,0,0,0,0,0,0,0,1,0.78834,0.90083,-0.72587,0,0,0,0,0,10,0.22552,3.2415e-06,9999,1,502.93,4.3457,0.30604,0.78834,0.90083,-0.72587,5,0.018436,1.6233,-1,0.97012,0.76742,-1,-0.71801,-0.00098874,0,0,0,0,0,0,0,1
0,0,0,0,0,0,0,0,2.222,0,-0.63628,1,0.055994,-4.9349e-05,-6.4055e-06,0,0,0,1.2644,999,999,999,1.5029,0.58865,0.33392,0.98348,0.19393,6.4055e-06,9999,1,-1,0,4.0527,0.33392,0,0,0,0,0,0,0,0,1,2.222,0.99032,-0.98484,0,0,0,0,0,10,0.19393,6.4055e-06,9999,-1,0,4.0527,0.33392,2.222,0.99032,-0.98484,-2,0.0020428,2.222,1,0.99032,-0.98484,1,0.055994,0.72245,0,0,0,0,0,0,0,1
0,0,0,0,0,0,0,0,0.65911,1.838,-0.96926,-1,-0.00015395,4.4412e-05,1.7868e-05,1,0,0,0.85289,999,999,999,0.83772,0.56414,0.44822,0.91466,0.076317,3.388e-07,9999,0,-1,2050.8,9.7656,0.09633,0,0,0,0,0,0,0,0,1,999,999,999,0,0,0,0,0,0,0,0,0,0,0,0,0,0,0,0,0,0.0032002,0.65911,-1,0.86384,0.55971,1,4.4412e-05,0.79023,0,0,0,0,0,0,0,0
0,0,0,0,0,0,0,0,0.91961,0.81657,-0.94901,-1,-0.00054338,0.0003169,0,0,0,0,0.94281,999,999,999,0.91347,0.72366,0,0,0,0,0,0,0,0,0,0,0,0,0,0,0,0,0,0,0,0,0,0,0,0,0,0,0,0,0,0,0,0,0,0,0,0,0,0,0,0.011015,0.91961,-1,0.78014,0,0,0,0,0,0,0,0,0,0,0,0
1.4044,0.19319,-0.27002,1,0,0,0,0,0.48089,0.13354,-0.13083,-1,0.99999,0.00014837,3.1807e-05,1,1,0.49911,1.5521,1.4044,0.88552,-0.29599,0.21193,1.7458,0.51562,0,0,0,0,0,0,0,0,0,0,0,0,0,0,0,0,0,0,0,0,0,0,0,0,0,0,0,0,0,0,0,0,0,0,0,0,0,0,0.0073716,1.4044,1,0.88552,0,0,0,0,0,0,0,0,0,0,0,1
0,0,0,0,0,0,0,0,0.53972,0.40364,-0.51475,1,0.10481,5.7466e-05,-3.3918e-07,2,1,0.50237,0.54456,0.53972,-0.64126,-0.29456,0.87547,0.62199,0.096728,0,0,0,0,0,0,0,0,0,0,0,0,0,0,0,0,0,0,0,0,0,0,0,0,0,0,0,0,0,0,0,0,0,0,0,0,0,0,0.020331,0.53972,1,0.64126,0,0,0,0,0,0,0,0,0,0,0,1
0,0,0,0,0,0,0,0,1.1234,0.89016,-0.82593,-1,-0.77081,0.012683,7.4424e-05,2,1,0.49644,1.0848,999,999,999,0.8186,0.76512,0.70123,0,0,0,0,0,0,0,0,0,0,0,0,0,0,0,0,0,0,0,0,0,0,0,0,0,0,0,0,0,0,0,0,0,0,0,0,0,0,0.0080588,1.1234,-1,0.99844,0,0,0,0,0,0,0,0,0,0,0,0
0,0,0,0,0,0,0,0,0.80233,1.2988,-0.8118,1,0.0032382,-0.00018522,3.7103e-05,0,0,0,0.98124,0.56901,-0.96567,-0.67197,1.0446,0.85718,0.5931,0,0,0,0,0,0,0,0,0,0,0,0,0,0,0,0,0,0,0,0,0,0,0,0,0,0,0,0,0,0,0,0,0,0,0,0,0,0,0.0081111,0.80233,1,0.81368,0,0,0,0,0,0,0,0,0,0,0,1
0.34974,1.1909,-0.54437,-1,0,0,0,0,0.30885,0.60856,-0.47372,-1,-0.9999,-0.99175,0.032198,1,1,0.4923,0.73918,999,999,999,0.34402,0.45048,0.81546,0.97443,0.20547,6.9146e-07,9999,1,-1,683.59,4.248,0.25958,0,0,0,0,0,0,0,0,1,999,999,999,0,0,0,0,0,0,0,0,0,0,0,0,0,0,0,0,0,0,0,0,0,0.69492,1,1.2413e-05,0.55521,0.34974,1.1909,-0.54437,-1,1,0.0025914,0.92756,0
0.97815,0.52477,0.1011,-1,0,0,0,0,0.82261,1.7465,-0.65128,-1,0.99947,-0.92415,-0.083842,3,0,0,1.5108,0.62327,0.38999,-0.85855,0.42857,1.1255,1.0353,0,0,0,0,0,0,0,0,0,0,0,0,0,0,0,0,0,0,0,0,0,0,0,0,0,0,0,0,0,0,0,0,0,0,0,0,0,0,0.0038889,0.97815,-1,0.94959,0,0,0,0,0.97815,0.52477,0.1011,-1,2,0.0038889,0.94959,0
0,0,0,0,0,0,0,0,0.64626,1.0524,0.62229,-1,-0.00017886,-0.00011399,5.483e-05,0,0,0,1.2815,999,999,999,0.89642,0.63331,0.61165,0.38689,0.087643,1.4453e-06,9999,1,1,0,5.6152,0.16937,0,0,0,0,0,0,0,0,1,0.64626,0.97629,-0.19372,0,0,0,0,0,10,0.087643,1.4453e-06,9999,1,0,5.6152,0.16937,0.64626,0.97629,-0.19372,6,0.0074543,0.64626,-1,0.97629,0.88564,-1,-0.00011399,-0.52824,0,0,0,0,0,0,0,1
0,0,0,0,1.4131,0,0.081015,-1,0.62537,0,0.26693,1,-0.22035,0.00014337,5.5716e-05,2,1,0.49796,1.5693,-0.69962,-0.68715,-0.52026,2.0478,0.80708,0.61488,0,0,0,0,0,0,0,0,0,0,0,0,0,0,0,0,0,0,0,0,0,0,0,0,0,0,0,0,0,0,0,0,0,0,0,0,0,0,0.025863,1.4131,-1,0.9738,0,0,0,0,0,0,0,0,0,0,0,0
1.414,0.56889,-0.98262,-1,0,0,0,0,0.64543,0.55827,0.76566,1,-0.032369,0.00012972,1.1361e-05,0,0,0,1.4785,999,999,999,1.2695,0.72728,0.40558,0,0,0,0,0,0,0,0,0,0,0,0,0,0,0,0,0,0,0,0,0,0,0,0,0,0,0,0,0,0,0,0,0,0,0,0,0,0,0.012072,1.414,-1,0.9685,0,0,0,0,0,0,0,0,0,0,0,0
0.83873,1.3528,-0.15646,1,0,0,0,0,1.6285,0.24781,-0.44546,-1,0.14189,-0.019762,0.017744,0,0,0,1.1352,0.73935,0.41559,-0.11638,1.3245,0.6773,0.86882,0.23546,0.20477,7.0222e-07,9999,1,-1,498.05,3.8086,0.262,0,0,0,0,0,0,0,0,1,0.73935,0.41559,-0.98137,0,0,0,0,0,10,0.20477,7.0222e-07,9999,-1,498.05,3.8086,0.262,0.73935,0.41559,-0.98137,-5,0.0016117,1.6285,-1,0.97877,0.30412,1,0.14189,0.0011451,0.83873,1.3528,-0.15646,1,2,0.012688,0.82416,0
0,0,0,0,0,0,0,0,0.89669,1.1832,-0.73206,1,0.93707,-0.00066574,0.00027088,0,0,0,1.4331,0.89669,0.95653,-0.32195,0.93009,0.61117,1.1243,0.90702,0.12881,4.6034e-07,9999,1,1,112.3,4.4922,0.18266,0,0,0,0,0,0,0,0,1,999,999,999,0,0,0,0,0,0,0,0,0,0,0,0,0,0,0,0,0,0.0076403,0.89669,1,0.95653,0.96103,-1,-0.00066574,-0.72278,0,0,0,0,0,0,0,1
0.94806,0.1334,0.93657,1,0,0,0,0,0.38402,1.2879,-0.72705,-1,0.00020631,-4.3548e-05,0,0,0,0,0.66041,999,999,999,0.66129,0.56477,0,0,0,0,0,0,0,0,0,0,0,0,0,0,0,0,0,0,0,0,0,0,0,0,0,0,0,0,0,0,0,0,0,0,0,0,0,0,0,0.017197,0.94806,1,0.99123,0,0,0,0,0.94806,0.1334,0.93657,1,1,0.017197,0.99123,0
0,0,0,0,0,0,0,0,0.53672,1.0622,-0.45962,-1,-0.0005257,-9.8503e-05,-4.5049e-05,2,1,0.49851,0.90616,-0.52917,0.91688,-0.201,0.7357,0.68954,0.57095,0.93057,0.093199,4.0739e-07,9999,1,1,712.89,6.1523,0.15246,0,0,0,0,0,0,0,0,1,0.53672,0.42287,-0.29452,0,0,0,0,0,10,0.093199,4.0739e-07,9999,1,712.89,6.1523,0.15246,0.53672,0.42287,-0.29452,4,0.014177,0.53672,-1,0.42287,0.58326,-1,-0.0005257,-0.8018,0,0,0,0,0,0,0,1
0,0,0,0,1.565,0.10956,-0.56103,1,1.128,0.27533,0.5968,1,-0.47875,0.20915,0.00086689,0,0,0,1.8569,999,999,999,1.1796,1.0702,2.1381,0.822,0.1065,4.0255e-07,9999,1,-1,927.73,5.8594,0.14925,0,0,0,0,0,0,0,0,1,1.565,0.95714,-0.89066,0,0,0,0,0,10,0.1065,4.0255e-07,9999,-1,927.73,5.8594,0.14925,1.565,0.95714,-0.89066,-2,0.0023215,1.565,1,0.95714,0.90097,1,0.20915,0.67145,0,0,0,0,0,0,0,1
0,0,0,0,0,0,0,0,0.60217,0.40719,-0.29979,1,-0.00018611,1.3793e-05,-1.2103e-06,2,0,0,0.49873,999,999,999,0.6648,0.42296,0.087345,0.29176,0.10258,1.2103e-06,9999,0,-1,0,3.125,0.087345,0,0,0,0,0,0,0,0,1,0.60217,0.74743,-0.019705,0,0,0,0,0,10,0.10258,1.2103e-06,9999,-1,0,3.125,0.087345,0.60217,0.74743,-0.019705,-21,0.024383,0.60217,1,0.74743,0.87812,1,1.3793e-05,0.019891,0,0,0,0,0,0,0,1
0,0,0,0,0.8951,0.51791,0.7544,-1,1.8587,0.14616,-0.97767,1,0.0053941,-0.0018697,0,0,0,0,2.0196,999,999,999,1.8999,0.98738,0,0,0,0,0,0,0,0,0,0,0,0,0,0,0,0,0,0,0,0,0,0,0,0,0,0,0,0,0,0,0,0,0,0,0,0,0,0,0,0.0025513,1.8587,1,0.99673,0,0,0,0,0,0,0,0,0,0,0,0
0,0,0,0,0,0,0,0,0.52847,0.25428,-0.87457,1,-0.99991,6.9562e-05,4.5119e-05,1,0,0,0.64601,999,999,999,0.3713,0.68065,0.57086,0.56895,0.24102,4.9952e-06,9999,1,-1,371.09,4.0039,0.33879,0,0,0,0,0,0,0,0,1,999,999,999,0,0,0,0,0,0,0,0,0,0,0,0,0,0,0,0,0,0.011145,0.52847,1,0.94374,0.2659,1,4.5119e-05,0.00019838,0,0,0,0,0,0,0,0
0,0,0,0,0.53279,1.7071,-0.91414,-1,0.85111,0.23484,0.1218,1,0.98528,0.064652,-0.0029152,2,0,0,0.79903,999,999,999,0.67544,0.91871,0.80244,0.70046,0.076255,1.2184e-06,9999,0,-1,0,11.426,0.1083,0,0,0,0,0,0,0,0,1,999,999,999,0,0,0,0,0,0,0,0,0,0,0,0,0,0,0,0,0,9.7402e-06,0.85111,1,0.87853,0.75165,1,0.98528,0.71997,0,0,0,0,0,0,0,1
0,0,0,0,0,0,0,0,1.0483,1.4251,-0.92041,-1,-0.99951,0.65989,0.021758,1,0,0,1.067,999,999,999,0.37707,0.40801,0.75951,0.6009,0.15425,0.99951,9999,1,-1,1142.6,9.9609,0.37707,0,0,0,0,0,0,0,0,1,999,999,999,0,0,0,0,0,0,0,0,0,0,0,0,0,0,0,0,0,9.2343e-05,1.0483,-1,0.99574,0.34607,1,0.021758,3.5955e-05,0,0,0,0,0,0,0,1
0,0,0,0,0,0,0,0,0.59528,1.7121,-0.27133,-1,-0.00053731,0.00025036,9.8126e-06,1,0,0,0.69676,999,999,999,0.80804,0.27558,0.39293,0.94475,0.077931,1.2772e-06,9999,1,-1,0,7.1289,0.13488,0,0,0,0,0,0,0,0,1,999,999,999,0,0,0,0,0,0,0,0,0,0,0,0,0,0,0,0,0,0.026396,0.59528,-1,0.89993,0.81183,-1,-0.00053731,-0.80846,0,0,0,0,0,0,0,1
0,0,0,0,0,0,0,0,0.76043,0.67702,-0.96836,-1,-0.91771,0.20342,2.4945e-05,0,0,0,0.96105,999,999,999,1.069,0.96367,0.48474,0.83635,0.16629,4.6898e-07,9999,1,-1,654.3,5.3223,0.18689,0,0,0,0,0,0,0,0,1,0.61811,0.85978,-0.79865,0,0,0,0,0,10,0.16629,4.6898e-07,9999,-1,654.3,5.3223,0.18689,0.61811,0.85978,-0.79865,-0,0.027667,0.76043,-1,0.83594,-0.79865,1,0.20342,0.34309,0,0,0,0,0,0,0,0
0,0,0,0,0,0,0,0,1.517,0.39671,-0.51185,-1,-0.044613,0.00040796,-0.00020987,0,0,0,1.6839,999,999,999,2.0873,0.73088,0.24218,0.93385,0.24662,4.1227e-06,9999,1,1,463.87,3.6621,0.32416,0,0,0,0,0,0,0,0,1,1.517,0.87308,-0.67034,0,0,0,0,0,10,0.24662,4.1227e-06,9999,1,463.87,3.6621,0.32416,1.517,0.87308,-0.67034,0,0.011131,1.517,-1,0.87308,0.99855,-1,-0.00020987,-0.020623,0,0,0,0,0,0,0,0
0,0,0,0,0,0,0,0,1.9108,0.285,-0.95911,1,-0.96542,0.002031,2.262e-05,1,1,0.50125,1.0552,999,999,999,0.80131,1.2134,0.5603,0,0,0,0,0,0,0,0,0,0,0,0,0,0,0,0,0,0,0,0,0,0,0,0,0,0,0,0,0,0,0,0,0,0,0,0,0,0,0.0040082,1.9108,1,0.92195,0,0,0,0,0,0,0,0,0,0,0,0
0,0,0,0,0.9777,0.053588,0.54283,1,1.0084,0.24271,-0.80359,-1,0.033432,-0.010642,0,0,0,0,1.4029,999,999,999,1.1084,1.2168,0,0,0,0,0,0,0,0,0,0,0,0,0,0,0,0,0,0,0,0,0,0,0,0,0,0,0,0,0,0,0,0,0,0,0,0,0,0,0,0.0034587,0.9777,1,0.97321,0,0,0,0,0,0,0,0,0,0,0,1
0,0,0,0,0,0,0,0,1.2169,1.282,-0.003197,1,0.97359,0.092843,-0.0010528,0,0,0,1.5271,1.2169,0.82059,-0.46669,0.47254,1.6844,1.0051,0.88761,0.12463,4.8076e-07,9999,1,-1,1103.5,5.6641,0.1924,0,0,0,0,0,0,0,0,1,1.2169,0.82059,-0.59694,0,0,0,0,0,10,0.12463,4.8076e-07,9999,-1,1103.5,5.6641,0.1924,1.2169,0.82059,-0.59694,-2,0.010804,1.2169,1,0.82059,0.22315,1,0.97359,0.6983,0,0,0,0,0,0,0,1
0,0,0,0,1.7788,0,-0.43879,-1,1.4081,0.45302,-0.45242,1,0.079132,-0.051815,0,0,0,0,2.1551,999,999,999,1.6405,2.462,0,0,0,0,0,0,0,0,0,0,0,0,0,0,0,0,0,0,0,0,0,0,0,0,0,0,0,0,0,0,0,0,0,0,0,0,0,0,0,0.0010902,1.7788,-1,0.94419,0,0,0,0,0,0,0,0,0,0,0,0
1.0854,0.61688,-0.64862,1,0,0,0,0,0.74746,1.0724,-0.97091,-1,0.72554,-0.047707,0.001741,1,0,0,1.2899,999,999,999,0.72591,1.0689,1.4902,0.66118,0.074575,1.3149e-06,9999,0,1,0,4.8828,0.041647,0,0,0,0,0,0,0,0,1,0.74746,0.92077,-0.35672,0,0,0,0,0,10,0.074575,1.3149e-06,9999,1,0,4.8828,0.041647,0.74746,0.92077,-0.35672,11,9.5199e-05,1.0854,1,0.75034,0.79503,1,0.72554,0.26017,0,0,0,0,0,0,0,1
0.67995,0.49119,0.7957,-1,0,0,0,0,0,0,0,0,0.03713,-0.0085325,0,0,0,0,0.96739,999,999,999,0.75223,0.82582,0,0,0,0,0,0,0,0,0,0,0,0,0,0,0,0,0,0,0,0,0,0,0,0,0,0,0,0,0,0,0,0,0,0,0,0,0,0,0,0.004682,0.67995,-1,0.99434,0,0,0,0,0.67995,0.49119,0.7957,-1,2,0.004682,0.99434,0
1.7844,0.13129,-0.7892,-1,0,0,0,0,0.49741,0.31013,0.99339,-1,-0.00065636,-8.4858e-05,3.9948e-07,0,0,0,1.6956,999,999,999,1.6441,0.71432,0.14716,0.91563,0.11183,3.9948e-07,9999,1,1,722.66,7.4219,0.14716,0,0,0,0,0,0,0,0,1,1.7844,0.94378,-0.7351,0,0,0,0,0,10,0.11183,3.9948e-07,9999,1,722.66,7.4219,0.14716,1.7844,0.94378,-0.7351,2,0.0033553,1.7844,-1,0.94378,0.28396,-1,-8.4858e-05,-0.76667,0,0,0,0,0,0,0,0
0,0,0,0,0,0,0,0,0.61202,0.63887,-0.99638,1,1.6864e-05,-1.9421e-06,-5.7124e-07,0,0,0,0.52621,999,999,999,0.4424,0.26742,0.22703,0.16167,0.16785,4.104e-07,9999,1,1,791.02,6.4453,0.15441,0,0,0,0,0,0,0,0,1,999,999,999,0,0,0,0,0,0,0,0,0,0,0,0,0,0,0,0,0,0.014406,0.61202,1,0.59383,0.82995,-1,-1.9421e-06,-0.015258,0,0,0,0,0,0,0,1
1.9051,0.60839,-0.64307,-1,0,0,0,0,0.22739,2.6848,-0.7341,1,0.42265,0.0058029,-0.0045129,1,1,0.49467,1.9366,999,999,999,0.67033,1.7201,1.4284,0.92451,0.22739,5.0336e-07,9999,1,1,590.82,4.6387,0.20221,0,0,0,0,0,0,0,0,1,999,999,999,0,0,0,0,0,0,0,0,0,0,0,0,0,0,0,0,0,0.014639,1.9051,-1,0.99853,0.90723,-1,-0.0045129,-0.070662,0.41571,2.2691,0.22363,1,3,0.26725,0.58207,0
0,0,0,0,0,0,0,0,1.4827,0.17759,0.17221,-1,-0.97128,-0.019818,0,0,0,0,1.5058,-1.4827,0.97265,-0.69079,0.91276,2.169,0,0,0,0,0,0,0,0,0,0,0,0,0,0,0,0,0,0,0,0,0,0,0,0,0,0,0,0,0,0,0,0,0,0,0,0,0,0,0,0.013808,1.4827,-1,0.97265,0,0,0,0,0,0,0,0,0,0,0,0
0,0,0,0,0,0,0,0,0.80844,0.84417,-0.74016,1,0.7288,0.039767,0.013017,4,0,0,0.93439,999,999,999,0.39131,1.5635,0.53628,0.46039,0.19502,9.1311e-07,9999,1,1,512.7,4.6875,0.29938,0,0,0,0,0,0,0,0,1,999,999,999,0,0,0,0,0,0,0,0,0,0,0,0,0,0,0,0,0,0.016977,0.80844,1,0.82247,0,0,0,0,0,0,0,0,0,0,0,1
0,0,0,0,0,0,0,0,0.86539,1.3335,-0.91376,-1,-0.20661,-0.0045272,-5.7778e-05,1,0,0,1.2723,-0.86539,-0.92466,-0.65284,1.3803,0.76108,0.61254,0.9667,0.14854,3.3695e-07,9999,1,1,3476.6,18.555,0.09441,0,0,0,0,0,0,0,0,1,0.9103,0.89193,-0.9252,0,0,0,0,0,10,0.14854,3.3695e-07,9999,1,3476.6,18.555,0.09441,0.9103,0.89193,-0.9252,2,0.0032336,0.9103,-1,0.89193,-0.9252,-1,-0.20661,-0.82463,0,0,0,0,0,0,0,0
0,0,0,0,0,0,0,0,0.71924,0.27432,0.023355,1,0.94367,-0.12009,3.5903e-05,0,0,0,0.83732,999,999,999,1.0657,1.2113,0.39968,0.78711,0.056028,1.2338e-06,9999,1,-1,0,10.254,0.11819,0,0,0,0,0,0,0,0,1,999,999,999,0,0,0,0,0,0,0,0,0,0,0,0,0,0,0,0,0,0.0022479,0.71924,1,0.63569,0.71364,1,0.94367,0.76149,0,0,0,0,0,0,0,1
0,0,0,0,0,0,0,0,0.96376,1.2941,-0.83612,-1,-0.27352,0.074276,-0.00061512,1,0,0,1.3251,999,999,999,1.2376,0.81866,0.35973,0,0,0,0,0,0,0,0,0,0,0,0,0,0,0,0,0,0,0,0,0,0,0,0,0,0,0,0,0,0,0,0,0,0,0,0,0,0,0.0049319,0.96376,-1,0.9836,0,0,0,0,0,0,0,0,0,0,0,0
0,0,0,0,0,0,0,0,0.79617,0.81599,-0.85436,1,0.007484,1.605e-05,-1.094e-05,0,0,0,1.0113,999,999,999,0.76859,0.43753,0.40228,0.44089,0.2029,4.1339e-07,9999,1,-1,781.25,6.8359,0.15631,0,0,0,0,0,0,0,0,1,0.79617,0.63425,-0.37242,0,0,0,0,0,10,0.2029,4.1339e-07,9999,-1,781.25,6.8359,0.15631,0.79617,0.63425,-0.37242,-0,0.017336,0.79617,1,0.63425,-0.11277,1,3.4512e-06,0.0029071,0,0,0,0,0,0,0,0
0,0,0,0,0,0,0,0,1.6737,0.6101,-0.99589,-1,-0.18662,-0.004706,4.7189e-06,0,0,0,1.1089,-1.6737,-0.95159,-0.99236,0.82174,1.1638,0.33443,0,0,0,0,0,0,0,0,0,0,0,0,0,0,0,0,0,0,0,0,0,0,0,0,0,0,0,0,0,0,0,0,0,0,0,0,0,0,0.019177,1.6737,-1,0.95159,0,0,0,0,0,0,0,0,0,0,0,0
0.49749,2.4836,-0.98581,1,0,0,0,0,1.042,0.71836,-0.70054,-1,0.029594,-0.0013934,0.00044094,0,0,0,1.3975,999,999,999,1.0637,0.86453,0.66615,0,0,0,0,0,0,0,0,0,0,0,0,0,0,0,0,0,0,0,0,0,0,0,0,0,0,0,0,0,0,0,0,0,0,0,0,0,0,0.031742,1.042,-1,0.94026,0,0,0,0,0.49749,2.4836,-0.98581,1,1,0.011078,0.6827,0
0,0,0,0,0,0,0,0,1.3266,0.50162,0.28371,1,-0.99134,0.91655,-0.023738,1,0,0,1.6025,999,999,999,0.67764,1.5072,0.92091,0.88256,0.058565,1.2199e-06,9999,0,-1,0,22.656,0.075971,0,0,0,0,0,0,0,0,1,0.53784,0.80655,-0.97764,0,0,0,0,0,10,0.058565,1.2199e-06,9999,-1,0,22.656,0.075971,0.53784,0.80655,-0.97764,-2,0.0019393,1.3266,1,0.99098,0.82195,1,0.91655,0.77503,0,0,0,0,0,0,0,1
0,0,0,0,0,0,0,0,1.0129,1.437,-0.83009,1,0.96077,0.00057182,-0.00042371,1,0,0,1.5695,1.0087,-0.84625,-0.83849,1.1729,0.98112,0.72478,0.35629,0.15432,3.7566e-07,9999,1,-1,781.25,8.4961,0.12963,0,0,0,0,0,0,0,0,1,1.0129,0.87768,-0.0087049,0,0,0,0,0,10,0.15432,3.7566e-07,9999,-1,781.25,8.4961,0.12963,1.0129,0.87768,-0.0087049,-6,0.0096075,1.0129,1,0.87768,-0.0087049,1,0.96077,0.076838,0,0,0,0,0,0,0,1
0,0,0,0,0,0,0,0,0.56216,0.81932,-0.33772,-1,-0.0031101,5.3729e-05,-2.4258e-05,1,0,0,0.86001,999,999,999,0.89865,0.60715,0.48144,0.25767,0.088518,1.2132e-06,9999,0,1,0,22.461,0.082462,0,0,0,0,0,0,0,0,1,0.56216,0.70989,-0.8326,0,0,0,0,0,10,0.088518,1.2132e-06,9999,1,0,22.461,0.082462,0.56216,0.70989,-0.8326,4,1.5542e-05,0.64248,1,0.71141,0.87223,1,1.2132e-06,0.0011975,0,0,0,0,0,0,0,0
0,0,0,0,0,0,0,0,1.2983,1.4741,-0.94365,1,0.96046,-1.979e-05,-1.1005e-05,0,0,0,1.251,999,999,999,1.8926,0.45882,0.40263,0.093271,0.22643,1.511e-06,9999,1,-1,478.52,3.2227,0.35706,0,0,0,0,0,0,0,0,1,999,999,999,0,0,0,0,0,0,0,0,0,0,0,0,0,0,0,0,0,0.023333,1.2983,1,0.92237,0.093192,1,0.96046,0.00019643,0,0,0,0,0,0,0,1
0,0,0,0,0,0,0,0,0.46195,0.74902,-0.82756,1,-7.2675e-05,2.6442e-05,1.3765e-05,2,2,0.49781,0.77716,999,999,999,0.6569,0.49176,0.52745,0.038139,0.058333,1.2311e-06,9999,0,1,0,8.9844,0.11675,0,0,0,0,0,0,0,0,1,999,999,999,0,0,0,0,0,0,0,0,0,0,0,0,0,0,0,0,0,0,0,0,0,0.75297,-1,-1.2363e-06,-0.65959,0,0,0,0,0,0,0,0
0,0,0,0,0,0,0,0,0.55769,0.19805,0.095285,-1,0.022801,-0.014079,-0.0001094,1,0,0,0.79095,999,999,999,0.31039,0.80857,0.75087,0,0,0,0,0,0,0,0,0,0,0,0,0,0,0,0,0,0,0,0,0,0,0,0,0,0,0,0,0,0,0,0,0,0,0,0,0,0,0.036078,0.5025,1,0.73528,0,0,0,0,0,0,0,0,0,0,0,1
0,0,0,0,0,0,0,0,0.15833,0,0.021423,1,-1.1259e-05,6.5447e-07,5.9709e-07,1,1,0.49244,0.47677,999,999,999,0.4048,0.25073,0.23505,0.97751,0.1522,3.9642e-07,9999,1,-1,771.48,8.3984,0.14505,0,0,0,0,0,0,0,0,1,999,999,999,0,0,0,0,0,0,0,0,0,0,0,0,0,0,0,0,0,0,0,0,0,0.72096,-1,-1.1259e-05,-0.6284,0,0,0,0,0,0,0,1
0,0,0,0,0,0,0,0,0.68196,1.3651,0.21178,1,0.95082,6.1729e-06,0,0,0,0,0.62994,999,999,999,1.0842,0.35521,0,0,0,0,0,0,0,0,0,0,0,0,0,0,0,0,0,0,0,0,0,0,0,0,0,0,0,0,0,0,0,0,0,0,0,0,0,0,0,0.011456,0.68196,1,0.93481,0,0,0,0,0,0,0,0,0,0,0,1
0,0,0,0,0,0,0,0,0.78968,0.35823,0.54906,1,-0.13625,0.00067184,-0.00022637,2,1,0.49942,1.4846,999,999,999,1.9053,0.99613,0.71991,0,0,0,0,0,0,0,0,0,0,0,0,0,0,0,0,0,0,0,0,0,0,0,0,0,0,0,0,0,0,0,0,0,0,0,0,0,0,0.0042358,1.3092,-1,0.93457,0,0,0,0,0,0,0,0,0,0,0,0
0,0,0,0,2.1222,0,-0.64154,-1,0.55977,1.4925,-0.0017215,1,-0.93375,-0.0076652,0.00022614,4,1,0.49354,2.2561,-2.1222,0.97502,-0.95154,0.3763,2.4195,0.58957,0,0,0,0,0,0,0,0,0,0,0,0,0,0,0,0,0,0,0,0,0,0,0,0,0,0,0,0,0,0,0,0,0,0,0,0,0,0,0.013067,2.1222,-1,0.97502,0,0,0,0,0,0,0,0,0,0,0,0
0,0,0,0,1.3613,0.24213,-0.98786,1,0.19883,0.17639,0.22177,-1,0.003122,0.00060032,-0.00052825,4,2,0.49452,1.1314,999,999,999,1.1254,0.51292,0.57488,0.448,0.19883,8.3589e-07,9999,1,-1,498.05,4.3457,0.28752,0,0,0,0,0,0,0,0,1,1.3613,0.97179,-0.36813,0,0,0,0,0,10,0.19883,8.3589e-07,9999,-1,498.05,4.3457,0.28752,1.3613,0.97179,-0.36813,-0,0.0025135,1.3613,1,0.97179,0.30273,1,0.00025726,0.0041862,0,0,0,0,0,0,0,1
0,0,0,0,1.6323,0,-0.93969,-1,0.6059,0.25669,0.68348,1,-0.012036,0.000328,1.2423e-06,1,0,0,1.3829,999,999,999,1.3038,0.8674,0.12226,0.30681,0.078149,1.2423e-06,9999,0,1,0,16.992,0.12226,0,0,0,0,0,0,0,0,1,1.6323,0.97406,-0.51373,0,0,0,0,0,10,0.078149,1.2423e-06,9999,1,0,16.992,0.12226,1.6323,0.97406,-0.51373,2,0.0026039,1.6323,-1,0.97406,-0.51373,-1,-0.012036,-0.557,0,0,0,0,0,0,0,0
0,0,0,0,0.83337,0.39651,0.99755,1,0.91794,0.84004,-0.42538,-1,0.98661,-0.95139,-0.0027022,0,0,0,1.6437,0.83337,-0.98458,-0.72688,0.69354,1.1477,1.2047,0,0,0,0,0,0,0,0,0,0,0,0,0,0,0,0,0,0,0,0,0,0,0,0,0,0,0,0,0,0,0,0,0,0,0,0,0,0,0.0026493,1.0427,-1,0.99447,0,0,0,0,0,0,0,0,0,0,0,0
0,0,0,0,0,0,0,0,0.76934,0.53716,-0.69247,1,0.011169,-1.1352e-05,4.0239e-06,2,0,0,0.92658,0.54175,-0.97607,-0.9715,1.0744,0.40551,0.43248,0.64334,0.19027,6.3971e-07,9999,1,-1,512.7,5.127,0.24694,0,0,0,0,0,0,0,0,1,0.54175,0.97607,-0.76781,0,0,0,0,0,10,0.19027,6.3971e-07,9999,-1,512.7,5.127,0.24694,0.54175,0.97607,-0.76781,-4,0.017111,0.54175,1,0.97607,0.89313,1,0.011169,0.020651,0,0,0,0,0,0,0,0
0,0,0,0,0,0,0,0,0.46352,0.21147,-0.16431,-1,-5.4025e-06,4.9961e-07,-4.5639e-07,1,0,0,0.40293,999,999,999,0.34483,0.20065,0.18067,0.91775,0.17724,4.5639e-07,9999,0,-1,605.47,4.0527,0.18067,0,0,0,0,0,0,0,0,1,999,999,999,0,0,0,0,0,0,0,0,0,0,0,0,0,0,0,0,0,0,0,0,0,0,0,0,0,0,0,0,0,0,0,0,1
0,0,0,0,1.4504,0.042136,0.72788,-1,1.0326,1.3836,-0.87551,1,-0.093786,-0.00086679,0.00010248,0,0,0,1.5282,-0.88305,-0.98063,-0.96137,2.1036,0.63777,0.75325,0.060141,0.12226,3.2991e-07,9999,1,1,2207,14.258,0.086809,0,0,0,0,0,0,0,0,1,999,999,999,0,0,0,0,0,0,0,0,0,0,0,0,0,0,0,0,0,0.0045869,1.4504,-1,0.99619,0.13844,-1,-0.093786,-0.19498,0,0,0,0,0,0,0,0
0,0,0,0,0,0,0,0,1.4996,1.3381,-0.88911,-1,0.96764,-0.89371,-0.012959,1,0,0,1.7721,999,999,999,1.5759,0.72381,1.3352,0,0,0,0,0,0,0,0,0,0,0,0,0,0,0,0,0,0,0,0,0,0,0,0,0,0,0,0,0,0,0,0,0,0,0,0,0,0,0.009695,1.4996,-1,0.96936,0,0,0,0,0,0,0,0,0,0,0,0
0.30533,0.3453,0.48885,-1,0,0,0,0,0.60982,0.98162,-0.92217,1,0.00018796,-7.2386e-06,0,0,0,0,0.65082,999,999,999,0.59042,0.36784,0,0,0,0,0,0,0,0,0,0,0,0,0,0,0,0,0,0,0,0,0,0,0,0,0,0,0,0,0,0,0,0,0,0,0,0,0,0,0,0.013249,0.60982,1,0.56271,0,0,0,0,0.30533,0.3453,0.48885,-1,1,0.029531,0.96815,1
0,0,0,0,1.3941,0.55149,0.42461,-1,1.7024,0.63733,-0.73074,1,0.02895,-0.00053654,0,0,0,0,2.1818,999,999,999,1.9478,1.7196,0,0,0,0,0,0,0,0,0,0,0,0,0,0,0,0,0,0,0,0,0,0,0,0,0,0,0,0,0,0,0,0,0,0,0,0,0,0,0,0.017061,1.7024,1,0.9904,0,0,0,0,0,0,0,0,0,0,0,1
0,0,0,0,0,0,0,0,1.5452,0.17983,-0.33366,1,0.02872,-7.8475e-07,0,0,0,0,1.5739,999,999,999,1.7267,0.27863,0,0,0,0,0,0,0,0,0,0,0,0,0,0,0,0,0,0,0,0,0,0,0,0,0,0,0,0,0,0,0,0,0,0,0,0,0,0,0,0.0019179,1.5452,1,0.95471,0,0,0,0,0,0,0,0,0,0,0,1
0,0,0,0,0,0,0,0,1.1935,0.46303,-0.23643,1,-1,0.0051183,0.00010102,0,0,0,1.5068,999,999,999,0.19698,1.2709,0.83194,0,0,0,0,0,0,0,0,0,0,0,0,0,0,0,0,0,0,0,0,0,0,0,0,0,0,0,0,0,0,0,0,0,0,0,0,0,0,0.0071413,1.1935,1,0.91634,0,0,0,0,0,0,0,0,0,0,0,0
0,0,0,0,0,0,0,0,1.3108,0.27155,-0.88253,1,0.021961,-0.0054572,7.2465e-06,1,0,0,1.2346,999,999,999,1.1255,0.5707,0.36793,0,0,0,0,0,0,0,0,0,0,0,0,0,0,0,0,0,0,0,0,0,0,0,0,0,0,0,0,0,0,0,0,0,0,0,0,0,0,0.0053815,1.3108,1,0.94567,0,0,0,0,0,0,0,0,0,0,0,1
0,0,0,0,0,0,0,0,0.7883,0.37197,-0.81569,1,0.0010737,7.0773e-05,-1.2178e-06,1,0,0,0.94765,0.66967,0.72613,-0.35112,0.67945,0.67699,0.10774,0.92638,0.056416,1.2178e-06,9999,0,-1,0,11.816,0.10774,0,0,0,0,0,0,0,0,1,0.7883,0.8927,-0.70575,0,0,0,0,0,10,0.056416,1.2178e-06,9999,-1,0,11.816,0.10774,0.7883,0.8927,-0.70575,-2,0.024415,0.7883,1,0.8927,0.90147,1,7.0773e-05,0.80441,0,0,0,0,0,0,0,1
0,0,0,0,1.2916,1.0623,-0.86475,1,0.40328,0,-0.090065,1,0.99519,0.037513,-0.00029587,1,0,0,1.2822,999,999,999,0.59228,1.7675,0.30029,0,0,0,0,0,0,0,0,0,0,0,0,0,0,0,0,0,0,0,0,0,0,0,0,0,0,0,0,0,0,0,0,0,0,0,0,0,0,0.0073867,1.2916,1,0.89916,0,0,0,0,0,0,0,0,0,0,0,1
0,0,0,0,0,0,0,0,0.96018,1.074,-0.38212,1,0.96143,-2.4852e-05,1.9762e-05,0,0,0,1.134,999,999,999,1.1237,0.48084,0.45849,0.67263,0.13262,3.902e-07,9999,1,1,654.3,4.0039,0.14064,0,0,0,0,0,0,0,0,1,999,999,999,0,0,0,0,0,0,0,0,0,0,0,0,0,0,0,0,0,0.013929,0.96018,1,0.92331,-0.43724,-1,-2.4852e-05,-0.36918,0,0,0,0,0,0,0,1
0,0,0,0,0,0,0,0,0.45648,1.1726,-0.62915,-1,-0.96839,0.00029042,-1.8361e-05,2,0,0,0.77528,-0.62124,-0.35849,-0.7017,0.72908,0.47247,0.451,0.56432,0.10988,3.5502e-07,9999,0,-1,1367.2,11.914,0.11208,0,0,0,0,0,0,0,0,1,999,999,999,0,0,0,0,0,0,0,0,0,0,0,0,0,0,0,0,0,0.051234,0.62124,-1,0.35849,0.32399,-1,-0.96839,-0.0030041,0,0,0,0,0,0,0,0
0,0,0,0,0,0,0,0,0.60136,1.4801,-0.42656,1,0.44322,0.00011427,-3.5107e-06,1,0,0,0.80009,999,999,999,0.79469,0.62924,0.31204,0.97228,0.21837,4.0706e-07,9999,0,1,908.2,6.1523,0.15224,0,0,0,0,0,0,0,0,1,999,999,999,0,0,0,0,0,10,0.11315,4.5e-07,9999,1,664.06,5.4688,0.17737,0.5315,0.51974,-0.19395,0,0.047615,0.5315,-1,0.51974,0.45808,-1,-1.1848e-06,-0.36908,0,0,0,0,0,0,0,1
0,0,0,0,0,0,0,0,0.62133,0.27598,-0.77579,1,5.6476e-05,-4.9226e-05,1.5142e-05,1,1,0.49531,0.84029,999,999,999,0.61907,0.58579,0.43172,0.94381,0.23835,4.3782e-06,9999,0,1,468.75,4.1504,0.32872,0,0,0,0,0,0,0,0,1,999,999,999,0,0,0,0,0,0,0,0,0,0,0,0,0,0,0,0,0,0.001329,0.62133,1,0.91318,0.94147,-1,-5.9047e-06,-0.054207,0,0,0,0,0,0,0,0
0,0,0,0,0,0,0,0,1.2295,1.1595,-0.85639,-1,-0.53823,7.2955e-05,-5.7582e-05,2,1,0.49575,1.3893,999,999,999,1.4281,0.68993,0.58842,0.93642,0.18514,5.7167e-07,9999,1,-1,595.7,4.1504,0.22717,0,0,0,0,0,0,0,0,1,999,999,999,0,0,0,0,0,0,0,0,0,0,0,0,0,0,0,0,0,0.0053425,1.2295,-1,0.84046,0.73996,1,7.2955e-05,0.5328,0,0,0,0,0,0,0,0
1.3589,0.22812,-0.34372,1,0,0,0,0,1.1726,0.071246,-0.61079,-1,0.91601,-0.21647,0.096776,1,0,0,1.1714,1.3589,-0.81501,-0.35636,0.96415,1.8957,0.96711,0.75245,0.18044,1.2093e-06,9999,0,-1,0,3.4668,0.092011,0,0,0,0,0,0,0,0,1,0.57805,0.81899,-0.36692,0,0,0,0,0,10,0.18044,1.2093e-06,9999,-1,0,3.4668,0.092011,0.57805,0.81899,-0.36692,-8,0.035919,1.3589,1,0.81501,-0.36692,1,0.91601,0.095957,0,0,0,0,0,0,0,1
0.40915,1.9836,-0.2145,-1,0,0,0,0,1.9621,0,-0.51529,1,0.96429,-0.063699,0.051012,1,0,0,1.9867,1.9621,-0.98013,-0.73576,0.91704,1.0355,1.8507,0,0,0,0,0,0,0,0,0,0,0,0,0,0,0,0,0,0,0,0,0,0,0,0,0,0,0,0,0,0,0,0,0,0,0,0,0,0,0.013962,1.9621,1,0.98013,0,0,0,0,0.40915,1.9836,-0.2145,-1,1,0.0014108,0.67972,1
0,0,0,0,1.1532,0,-0.48969,-1,0.24542,0.35013,-0.1569,1,-0.0012963,4.4791e-07,0,0,0,0,1.06,999,999,999,1.051,0.17627,0,0.46262,0.24542,4.4791e-07,9999,1,1,1074.2,4.541,0.17627,0,0,0,0,0,0,0,0,1,1.1532,0.84888,-0.16734,0,0,0,0,0,10,0.24542,4.4791e-07,9999,1,1074.2,4.541,0.17627,1.1532,0.84888,-0.16734,5,0.017498,1.1532,-1,0.84888,-0.16734,-1,-0.0012963,-0.00011467,0,0,0,0,0,0,0,0
1.2438,0,-0.6927,-1,0,0,0,0,0.45394,0,-0.55954,1,0.032549,-3.3413e-05,1.8802e-05,1,0,0,1.1117,999,999,999,0.91521,1.9421,0.45345,0,0,0,0,0,0,0,0,0,0,0,0,0,0,0,0,0,0,0,0,0,0,0,0,0,0,0,0,0,0,0,0,0,0,0,0,0,0,0.0010193,1.2438,-1,0.85146,0,0,0,0,0.65676,0,-0.35615,1,2,0.011814,0.6416,0
0,0,0,0,0,0,0,0,1.8594,0.46057,-0.49123,1,0.1162,0.036726,0.00044393,0,0,0,2.1892,1.8594,0.98643,-0.98018,0.88714,2.1113,0.48055,0.97538,0.16668,4.4249e-07,9999,1,-1,781.25,5.5664,0.17337,1,0,0.7309,-0.2404,0.097875,0.097696,0.063618,0.028131,1,1.8594,0.98643,-0.95259,0,0,0,0,0,10,0.16668,4.4249e-07,9999,-1,781.25,5.5664,0.17337,1.8594,0.98643,-0.95259,-2,0.0086346,1.8594,1,0.98643,0.99241,1,0.1162,0.81231,0,0,0,0,0,0,0,1
0,0,0,0,0.60986,0.95958,-0.40976,-1,0.37963,0.48989,0.76413,1,-0.00249,0.00026093,-0.00011605,1,0,0,0.70265,-0.60986,0.46343,-0.29504,0.50986,0.4567,0.86264,0.65936,0.21595,6.2386e-07,9999,1,-1,620.12,3.8574,0.24269,0,0,0,0,0,0,0,0,1,999,999,999,0,0,0,0,0,0,0,0,0,0,0,0,0,0,0,0,0,0.011999,0.60986,-1,0.46343,0.8026,1,0.00026093,0.0028561,0,0,0,0,0,0,0,1
0.37539,0.40828,-0.64854,-1,0,0,0,0,0.64092,0.18066,-0.52156,1,-6.8378e-06,2.5966e-06,0,0,0,0,0.44894,999,999,999,0.36329,0.40698,0,0,0,0,0,0,0,0,0,0,0,0,0,0,0,0,0,0,0,0,0,0,0,0,0,0,0,0,0,0,0,0,0,0,0,0,0,0,0,0.0087834,0.64092,1,0.58047,0,0,0,0,0.37539,0.40828,-0.64854,-1,1,0.012561,0.43947,1
0,0,0,0,0,0,0,0,1.7176,0.556,-0.30203,-1,-0.062664,0.038021,0.00010084,0,0,0,1.6908,999,999,999,2.3671,0.58024,0.61325,0,0,0,0,0,0,0,0,0,0,0,0,0,0,0,0,0,0,0,0,0,0,0,0,0,0,0,0,0,0,0,0,0,0,0,0,0,0,0.0036783,1.7176,-1,0.99332,0,0,0,0,0,0,0,0,0,0,0,1
0,0,0,0,0,0,0,0,0.3509,0.26025,0.2999,-1,-0.0012796,9.1566e-05,2.7074e-05,0,1,0.49859,0.83859,999,999,999,0.45256,0.82014,0.57284,0.84537,0.16325,6.3161e-07,9999,1,-1,590.82,4.834,0.24479,0,0,0,0,0,0,0,0,1,0.63889,0.88753,-0.66743,0,0,0,0,0,10,0.16325,6.3161e-07,9999,-1,590.82,4.834,0.24479,0.63889,0.88753,-0.66743,-6,0.018759,0.63889,1,0.88753,0.9216,1,4.1843e-06,0.39249,0,0,0,0,0,0,0,1
0,0,0,0,0,0,0,0,1.1553,0.61807,-0.45401,1,-0.27796,0.00015143,4.75e-05,1,0,0,1.0723,999,999,999,1.187,0.84977,0.58106,0.98869,0.093639,1.5185e-06,9999,1,-1,0,4.9805,0.17948,0,0,0,0,0,0,0,0,1,1.1553,0.97202,-0.98183,0,0,0,0,0,10,0.093639,1.5185e-06,9999,-1,0,4.9805,0.17948,1.1553,0.97202,-0.98183,-2,0.012442,1.1553,1,0.97202,0.30918,1,5.9468e-06,0.88626,0,0,0,0,0,0,0,1
0,0,0,0,0,0,0,0,1.065,1.0161,-0.15606,1,0.13675,1.8131e-05,1.2099e-05,2,1,0.49678,1.2066,999,999,999,1.1041,0.44932,0.41116,0.46182,0.16294,4.8441e-07,9999,1,-1,625,4.248,0.19404,0,0,0,0,0,0,0,0,1,1.065,0.92464,-0.57839,0,0,0,0,0,10,0.16294,4.8441e-07,9999,-1,625,4.248,0.19404,1.065,0.92464,-0.57839,-6,0.0070858,1.065,1,0.92464,0.19466,1,1.2099e-05,0.060011,0,0,0,0,0,0,0,1
0,0,0,0,0,0,0,0,0.9445,0.061292,-0.77085,1,0.00019173,8.9117e-06,-1.2984e-06,0,0,0,0.9318,999,999,999,0.81782,0.38483,0.14087,0.91149,0.074727,1.2984e-06,9999,1,-1,0,5.8105,0.14087,0,0,0,0,0,0,0,0,1,0.9445,0.89166,-0.8375,0,0,0,0,0,10,0.074727,1.2984e-06,9999,-1,0,5.8105,0.14087,0.9445,0.89166,-0.8375,-2,0.022481,0.9445,1,0.89166,0.7044,1,8.9117e-06,0.78788,0,0,0,0,0,0,0,1
0,0,0,0,0,0,0,0,0.39992,1.0514,0.1887,-1,-0.00011026,4.7885e-05,-9.7816e-06,0,0,0,0.67746,999,999,999,0.55196,0.58223,0.39266,0,0,0,0,0,0,0,0,0,0,0,0,0,0,0,0,0,0,0,0,0,0,0,0,0,0,0,0,0,0,0,0,0,0,0,0,0,0,0,0,0,0,0,0,0,0,0,0,0,0,0,0,0,1
0,0,0,0,0,0,0,0,0.7646,1.0435,-0.91966,1,0.99866,0.80264,7.263e-07,1,0,0,0.39467,999,999,999,0.41588,0.15996,0.26718,0.86259,0.11725,3.4092e-07,9999,1,1,444.34,11.523,0.098501,0,0,0,0,0,0,0,0,1,999,999,999,0,0,0,0,0,0,0,0,0,0,0,0,0,0,0,0,0,0.040685,0.7646,1,0.76186,0,0,0,0,0,0,0,0,0,0,0,1
0.3955,2.4412,-0.079084,-1,0,0,0,0,0.87771,2.941,-0.48462,1,0.14898,-6.0532e-05,0,0,0,0,0.91336,999,999,999,1.0679,0.59858,0,0,0,0,0,0,0,0,0,0,0,0,0,0,0,0,0,0,0,0,0,0,0,0,0,0,0,0,0,0,0,0,0,0,0,0,0,0,0,0.043067,0.87771,1,0.18256,0,0,0,0,0.3955,2.4412,-0.079084,-1,1,0.0076903,0.83353,0
0,0,0,0,0,0,0,0,0.54165,1.2792,-0.51195,1,0.00012477,-2.582e-05,-2.0231e-06,4,2,0.49674,0.66725,999,999,999,0.67314,0.48886,0.3851,0.78372,0.13207,5.3489e-07,9999,1,1,590.82,5.2734,0.21451,0,0,0,0,0,0,0,0,1,999,999,999,0,0,0,0,0,0,0,0,0,0,0,0,0,0,0,0,0,0,0,0,0,0.084709,-1,-2.0231e-06,-0.51141,0,0,0,0,0,0,0,1
0,0,0,0,0.78655,1.0248,0.55502,1,1.0983,0.38127,-0.48581,-1,-0.99645,0.10882,-0.0030684,0,0,0,1.5119,-1.0983,-0.82626,-0.44031,0.56151,0.88063,1.0789,0,0,0,0,0,0,0,0,0,0,0,0,0,0,0,0,0,0,0,0,0,0,0,0,0,0,0,0,0,0,0,0,0,0,0,0,0,0,0.0055602,1.0983,-1,0.82626,0,0,0,0,0,0,0,0,0,0,0,0
0,0,0,0,0,0,0,0,0.36134,1.9848,-0.94414,1,0.93207,0.0038986,1.9032e-05,2,1,0.49092,0.84036,0.55385,0.8195,-0.40452,0.3658,0.8958,0.45471,0.39028,0.078174,1.2258e-06,9999,0,-1,0,25.391,0.071908,0,1,0,0,0,0,0,0,1,0.55385,0.8195,-0.20712,0,0,0,0,0,10,0.078174,1.2258e-06,9999,-1,0,25.391,0.071908,0.55385,0.8195,-0.20712,-4,0.059121,0.55385,1,0.8195,-0.67975,1,0.93207,0.5843,0,0,0,0,0,0,0,1
0,0,0,0,0,0,0,0,0.46697,0.22434,0.61675,1,0.00090178,0.0003107,0,0,0,0,0.79209,999,999,999,1.0468,0.48198,0,0,0,0,0,0,0,0,0,0,0,0,0,0,0,0,0,0,0,0,0,0,0,0,0,0,0,0,0,0,0,0,0,0,0,0,0,0,0,0.0014395,0.73278,1,0.53417,0,0,0,0,0,0,0,0,0,0,0,1
0,0,0,0,0,0,0,0,1.6259,0.55089,0.012302,1,0.94835,-0.062481,-2.4794e-05,0,0,0,2.1269,0.62846,-0.40701,-0.28139,2.1101,1.673,0.48401,0.69319,0.090787,3.9452e-07,9999,1,1,996.09,7.7148,0.14372,0,0,0,0,0,0,0,0,1,1.3503,0.91033,-0.68608,0,0,0,0,0,10,0.10936,1.296e-06,9999,-1,0,3.7598,0.0462,1.6259,0.9594,-0.39259,-21,0.00517,1.6259,1,0.9594,-0.39259,1,0.94835,0.36122,0,0,0,0,0,0,0,1
0,0,0,0,0,0,0,0,0.96537,1.337,-0.73403,1,-0.077677,0.00015803,-3.7759e-05,0,1,0.50037,1.1293,-0.60591,-0.91627,-0.88476,1.5907,0.701,0.54081,0.91777,0.13705,6.3588e-07,9999,1,1,502.93,4.541,0.24593,0,0,0,0,0,0,0,0,1,0.60591,0.91627,-0.71904,0,0,0,0,0,10,0.13705,6.3588e-07,9999,1,502.93,4.541,0.24593,0.60591,0.91627,-0.71904,2,0.0143,0.99258,-1,0.8792,0.85737,-1,-0.077677,-0.72501,0,0,0,0,0,0,0,0
0,0,0,0,0,0,0,0,1.3426,0.53079,-0.72417,-1,-0.99983,0.972,0.96888,1,0,0,1.2918,-1.3426,0.77256,-0.61179,0.31867,0.28265,0.31777,0,0,0,0,0,0,0,0,0,0,0,0,0,0,0,0,0,0,0,0,0,0,0,0,0,0,0,0,0,0,0,0,0,0,0,0,0,0,0.0088777,1.3426,-1,0.77256,0,0,0,0,0,0,0,0,0,0,0,0
0,0,0,0,0,0,0,0,0.52651,0.70859,0.96611,1,0.97905,0.96269,-0.00053725,1,0,0,1.2707,999,999,999,0.86997,0.39666,1.248,0.46805,0.2157,0.00051119,9999,0,1,463.87,0,0.36308,0,0,0,0,0,0,0,0,1,999,999,999,0,0,0,0,0,0,0,0,0,0,0,0,0,0,0,0,0,0.0044344,1.1158,-1,0.98695,0.57562,-1,-1.4745e-05,-0.0010893,0,0,0,0,0,0,0,1
0,0,0,0,0,0,0,0,1.1478,1.1984,-0.93113,-1,0.92216,-0.08597,0.082585,1,0,0,1.4754,0.84835,-0.68448,-0.6825,0.77312,1.3085,0.94048,0,0,0,0,0,0,0,0,0,0,0,0,0,0,0,0,0,0,0,0,0,0,0,0,0,0,0,0,0,0,0,0,0,0,0,0,0,0,0.0048363,1.1478,-1,0.92264,0,0,0,0,0,0,0,0,0,0,0,0
0,0,0,0,0,0,0,0,1.0069,0.55773,-0.71354,1,8.7062e-05,-2.3968e-06,0,0,0,0,0.60885,999,999,999,0.67905,0.28335,0,0,0,0,0,0,0,0,0,0,0,0,0,0,0,0,0,0,0,0,0,0,0,0,0,0,0,0,0,0,0,0,0,0,0,0,0,0,0,0.0029283,1.0069,1,0.8753,0,0,0,0,0,0,0,0,0,0,0,0
0,0,0,0,0,0,0,0,0.72419,0.58681,-0.49444,1,-0.00018329,4.3018e-06,1.235e-06,1,0,0,0.4369,999,999,999,0.75278,0.44517,0.11878,0.36169,0.072248,1.235e-06,9999,0,1,0,8.8867,0.11878,0,0,0,0,0,0,0,0,1,999,999,999,0,0,0,0,0,0,0,0,0,0,0,0,0,0,0,0,0,0.048994,0.72419,1,0.82081,-0.62551,-1,-0.00018329,-0.60347,0,0,0,0,0,0,0,0
0.72326,0,-0.33692,-1,0,0,0,0,0.97791,0.146,-0.75934,-1,-0.95957,-7.9e-05,1.002e-05,0,0,0,1.1587,-0.72326,-0.4808,-0.20249,1.1688,0.54202,0.3947,0,0,0,0,0,0,0,0,0,0,0,0,0,0,0,0,0,0,0,0,0,0,0,0,0,0,0,0,0,0,0,0,0,0,0,0,0,0,0.0021336,0.97791,-1,0.92524,0,0,0,0,0.72326,0,-0.33692,-1,1,0.02353,0.4808,0
0,0,0,0,0,0,0,0,0.43218,0.20029,-0.53852,1,-0.35183,0.020014,2.409e-05,1,0,0,0.46794,999,999,999,0.83643,0.36085,0.48064,0.84571,0.12817,5.3962e-07,9999,1,1,620.12,5.1758,0.21623,0,0,0,0,0,0,0,0,1,999,999,999,0,0,0,0,0,0,0,0,0,0,0,0,0,0,0,0,0,0,0,0,0,0.78463,-1,-0.35183,-0.62035,0,0,0,0,0,0,0,1
0,0,0,0,0,0,0,0,0.7872,0.033367,-0.64068,1,0.97624,-0.0019463,0.00076928,4,1,0.49956,0.77743,999,999,999,0.78146,0.67658,0.85539,0.20422,0.13695,1.2699e-06,9999,0,-1,0,28.906,0.053542,0,0,0,0,0,0,0,0,1,999,999,999,0,0,0,0,0,0,0,0,0,0,0,0,0,0,0,0,0,0.010625,0.7872,1,0.96545,0.1415,1,0.97624,0.13287,0,0,0,0,0,0,0,1
0,0,0,0,0,0,0,0,0.5326,1.9196,-0.9765,-1,-0.015112,-0.00025718,-4.3235e-05,3,1,0.49207,0.9845,999,999,999,0.82997,0.67978,0.46541,0.62315,0.065312,3.4534e-07,9999,0,-1,2109.4,6.6406,0.10291,0,0,0,0,0,0,0,0,1,999,999,999,0,0,0,0,0,0,0,0,0,0,0,0,0,0,0,0,0,0.0027786,0.60242,-1,0.79186,0.39429,1,3.9635e-05,0.74977,0,0,0,0,0,0,0,0
1.408,0.74166,-0.80334,1,0,0,0,0,0.86706,0.56332,0.23163,1,0.96935,3.5877e-05,-4.166e-06,0,0,0,1.6155,1.408,0.94602,-0.75007,1.064,1.8837,0.34156,0.98743,0.11351,4.4638e-07,9999,1,-1,771.48,5.1758,0.17546,0,0,0,0,0,0,0,0,1,0.86706,0.90962,-0.85052,0,0,0,0,0,10,0.11351,4.4638e-07,9999,-1,771.48,5.1758,0.17546,0.86706,0.90962,-0.85052,-0,0.023561,1.408,1,0.94602,-0.85052,1,0.96935,0.88725,0,0,0,0,0,0,0,1
0.64523,0.95587,0.14856,1,0,0,0,0,0.77321,0.040157,-0.2161,1,0.96303,-0.10734,-0.00093837,0,0,0,1.6295,0.64523,0.87589,-0.79974,0.81121,1.1277,0.90303,0,0,0,0,0,0,0,0,0,0,0,0,0,0,0,0,0,0,0,0,0,0,0,0,0,0,0,0,0,0,0,0,0,0,0,0,0,0,0.0021345,1.1626,-1,0.87692,0,0,0,0,0.64523,0.95587,0.14856,1,1,0.002934,0.87589,1
0,0,0,0,0,0,0,0,0.71118,0.4592,0.34029,-1,-0.99851,2.4428e-06,-2.3072e-06,0,0,0,0.55941,999,999,999,0.48168,0.28479,0.24018,0.71381,0.083288,1.2207e-06,9999,1,1,0,20.312,0.075392,0,0,0,0,0,0,0,0,1,999,999,999,0,0,0,0,0,0,0,0,0,0,0,0,0,0,0,0,0,0.01204,0.71118,-1,0.65364,0.25041,-1,-0.99851,-0.69867,0,0,0,0,0,0,0,0
0,0,0,0,0,0,0,0,0.25926,1.3242,-0.93356,1,-0.99982,-0.00059989,0.00019922,2,0,0,0.49784,999,999,999,0.34102,0.37891,0.22938,0.9179,0.1201,3.9267e-07,9999,1,-1,937.5,6.4453,0.14241,0,0,0,0,0,0,0,0,1,999,999,999,0,0,0,0,0,0,0,0,0,0,0,0,0,0,0,0,0,0,0,0,0,0.50615,1,0.00019922,0.75934,0,0,0,0,0,0,0,1
0,0,0,0,0,0,0,0,1.5769,0.69746,-0.85643,-1,0.98034,-0.97217,-0.95725,0,0,0,1.7852,0.56111,-0.1806,-0.17908,0.80377,0.6799,2.1373,0.94687,0.16102,5.4199e-07,9999,1,1,615.23,5.1758,0.21709,0,0,0,0,0,0,0,0,1,0.5134,0.80554,-0.94263,0,0,0,0,0,10,0.16102,5.4199e-07,9999,1,615.23,5.1758,0.21709,0.5134,0.80554,-0.94263,0,0.0041689,1.5769,-1,0.97912,0.87513,-1,-0.95725,-0.73219,0,0,0,0,0,0,0,0
0,0,0,0,0,0,0,0,0.77143,0.5247,-0.70521,-1,-0.58893,-0.56579,-6.0026e-05,4,2,0.49116,0.71483,999,999,999,0.99492,1.2619,0.4914,0.67242,0.20512,4.1203e-07,9999,1,1,751.95,5.9082,0.15545,0,0,0,0,0,0,0,0,1,0.77143,0.89452,-0.91036,0,0,0,0,0,10,0.20512,4.1203e-07,9999,1,751.95,5.9082,0.15545,0.77143,0.89452,-0.91036,4,0.0031897,0.77143,-1,0.89452,-0.6381,-1,-0.58893,-0.0080351,0,0,0,0,0,0,0,1
0,0,0,0,0,0,0,0,1.2294,1.2089,-0.85664,1,-0.05425,0.023636,0.0057695,1,0,0,1.8249,999,999,999,1.3977,0.89372,1.7408,0,0,0,0,0,0,0,0,0,0,0,0,0,0,0,0,0,0,0,0,0,0,0,0,0,0,0,0,0,0,0,0,0,0,0,0,0,0,0.0015292,1.5349,-1,0.95718,0,0,0,0,0,0,0,0,0,0,0,0
0,0,0,0,0,0,0,0,0.57546,0.70719,0.034994,1,0.99168,7.3755e-05,-6.9459e-06,1,0,0,0.91941,0.56152,0.90119,-0.56866,0.66505,0.70382,0.48106,0.82297,0.14722,4.6876e-07,9999,1,-1,810.55,5.0293,0.18678,0,0,0,0,0,0,0,0,1,0.57546,0.73976,-0.94489,0,0,0,0,0,10,0.14722,4.6876e-07,9999,-1,810.55,5.0293,0.18678,0.57546,0.73976,-0.94489,-6,0.044299,0.57546,1,0.73976,-0.94489,1,0.99168,0.47077,0,0,0,0,0,0,0,1
0,0,0,0,0,0,0,0,0.96535,0.10487,-0.68398,1,0.99619,-0.0001127,-1.5647e-06,0,1,0.49484,0.88188,999,999,999,0.56475,0.86865,0.36058,0.78304,0.22641,1.5647e-06,9999,1,-1,473.63,2.7588,0.36058,0,0,0,0,0,0,0,0,1,0.96535,0.90931,-0.87426,0,0,0,0,0,10,0.22641,1.5647e-06,9999,-1,473.63,2.7588,0.36058,0.96535,0.90931,-0.87426,-5,0.0018258,1.2141,-1,0.83385,-0.87426,1,0.99619,0.0044623,0,0,0,0,0,0,0,0
0,0,0,0,0,0,0,0,1.7677,0.15939,-0.30403,-1,-0.96159,0.16631,-1.9852e-05,0,0,0,2.2848,999,999,999,1.82,1.9099,0.45915,0,0,0,0,0,0,0,0,0,0,0,0,0,0,0,0,0,0,0,0,0,0,0,0,0,0,0,0,0,0,0,0,0,0,0,0,0,0,0.011544,1.7677,-1,0.9735,0,0,0,0,0,0,0,0,0,0,0,1
0,0,0,0,0,0,0,0,0.96153,0.4351,-0.051164,1,0.00013551,-2.0371e-05,0,0,0,0,0.84041,999,999,999,0.75305,0.46191,0,0,0,0,0,0,0,0,0,0,0,0,0,0,0,0,0,0,0,0,0,0,0,0,0,0,0,0,0,0,0,0,0,0,0,0,0,0,0,0.0021258,0.96153,1,0.88288,0,0,0,0,0,0,0,0,0,0,0,1
0,0,0,0,0,0,0,0,0.9885,1.2151,-0.70353,-1,-0.0017009,0.00019742,-1.4444e-05,0,0,0,1.0791,999,999,999,0.79279,0.72511,0.42742,0,0,0,0,0,0,0,0,0,0,0,0,0,0,0,0,0,0,0,0,0,0,0,0,0,0,0,0,0,0,0,0,0,0,0,0,0,0,0.020851,0.9885,-1,0.76819,0,0,0,0,0,0,0,0,0,0,0,1
0,0,0,0,0,0,0,0,0.97574,0.68754,-0.0028801,-1,0.94585,-0.77083,0.02964,0,1,0.49639,1.3022,999,999,999,0.91286,1.0406,1.0426,0,0,0,0,0,0,0,0,0,0,0,0,0,0,0,0,0,0,0,0,0,0,0,0,0,0,0,0,0,0,0,0,0,0,0,0,0,0,0.016804,0.97574,-1,0.78493,0,0,0,0,0,0,0,0,0,0,0,0
0,0,0,0,0,0,0,0,0.69126,0.86995,-0.63599,-1,-0.0087647,0.00074971,-0.00038608,1,0,0,1.0228,-0.63498,-0.85316,-0.96492,0.74474,0.40001,0.86293,0,0,0,0,0,0,0,0,0,0,0,0,0,0,0,0,0,0,0,0,0,0,0,0,0,0,0,0,0,0,0,0,0,0,0,0,0,0,0.021259,0.69126,-1,0.95941,0,0,0,0,0,0,0,0,0,0,0,1
0,0,0,0,0,0,0,0,1.441,1.0589,0.063622,-1,-0.35687,-0.022575,7.0558e-05,0,0,0,1.7437,-1.0287,0.73332,-0.85031,1.2912,1.5842,0.68496,0.99062,0.11552,3.689e-07,9999,1,1,366.21,12.305,0.12415,0,0,0,0,0,0,0,0,1,1.0287,0.73332,-0.7613,0,0,0,0,0,10,0.11552,3.689e-07,9999,1,366.21,12.305,0.12415,1.0287,0.73332,-0.7613,0,0.0056054,1.441,-1,0.96859,0.98772,-1,-0.35687,-0.89258,0,0,0,0,0,0,0,0
1.2972,0.76427,-0.99098,1,0,0,0,0,0.75142,0,0.90914,-1,0.99433,-0.13093,0.11478,0,0,0,1.3796,999,999,999,0.56816,1.2066,1.2045,0,0,0,0,0,0,0,0,0,0,0,0,0,0,0,0,0,0,0,0,0,0,0,0,0,0,0,0,0,0,0,0,0,0,0,0,0,0,0.015758,1.2972,1,0.94201,0,0,0,0,0,0,0,0,0,0,0,1
0,0,0,0,0,0,0,0,1.0731,1.349,-0.58385,-1,0.99977,-0.72027,-0.30514,0,0,0,1.397,0.54689,0.89152,-0.89164,0.34944,1.7305,0.69585,0,0,0,0,0,0,0,0,0,0,0,0,0,0,0,0,0,0,0,0,0,0,0,0,0,0,0,0,0,0,0,0,0,0,0,0,0,0,0.034383,1.0731,-1,0.94919,0,0,0,0,0,0,0,0,0,0,0,1
0,0,0,0,0,0,0,0,1.3048,0.46871,-0.29685,-1,-0.12929,-0.00018104,0.00014248,1,0,0,1.4351,999,999,999,1.7739,0.11505,0.81181,0,0,0,0,0,0,0,0,0,0,0,0,0,0,0,0,0,0,0,0,0,0,0,0,0,0,0,0,0,0,0,0,0,0,0,0,0,0,0.011794,1.3048,-1,0.80185,0,0,0,0,0,0,0,0,0,0,0,0
0,0,0,0,0,0,0,0,2.162,0.55786,-0.87082,1,0.034913,-0.0086635,0.00041782,2,1,0.49921,2.1975,999,999,999,2.049,1.4346,0.23774,0.23879,0.079801,1.2102e-06,9999,1,-1,0,11.328,0.087752,0,0,0,0,0,0,0,0,1,2.162,0.96377,-0.46537,0,0,0,0,0,10,0.079801,1.2102e-06,9999,-1,0,11.328,0.087752,2.162,0.96377,-0.46537,-14,0.0068488,2.162,1,0.96377,0.72966,1,1.2114e-06,0.54031,0,0,0,0,0,0,0,0
0.57519,0.59517,-0.73979,1,0,0,0,0,0.57857,0.60436,0.60977,-1,-0.000907,0.00074284,0,0,0,0,0.81152,999,999,999,0.70515,0.67042,0,0,0,0,0,0,0,0,0,0,0,0,0,0,0,0,0,0,0,0,0,0,0,0,0,0,0,0,0,0,0,0,0,0,0,0,0,0,0,0.0022056,0.57519,1,0.99063,0,0,0,0,0.57519,0.59517,-0.73979,1,1,0.0022056,0.99063,1
0,0,0,0,1.3721,0,-0.54891,-1,0.28579,0.3156,-0.95763,1,-0.020043,-0.00061504,-0.00018824,1,0,0,1.5178,-0.67073,0.80045,-0.69658,1.4868,0.35967,0.21209,0.31845,0.12448,3.8224e-07,9999,1,1,976.56,7.0312,0.13474,0,0,0,0,0,0,0,0,1,0.67073,0.80045,-0.3687,0,0,0,0,0,10,0.12448,3.8224e-07,9999,1,976.56,7.0312,0.13474,0.67073,0.80045,-0.3687,5,0.030998,1.3721,-1,0.976,0.13006,-1,-0.020043,-0.25498,0,0,0,0,0,0,0,0
0,0,0,0,0,0,0,0,0.71468,0.30454,-0.82311,1,-0.29629,6.1313e-05,0,1,0,0,0.63853,999,999,999,0.92081,0.6407,0,0,0,0,0,0,0,0,0,0,0,0,0,0,0,0,0,0,0,0,0,0,0,0,0,0,0,0,0,0,0,0,0,0,0,0,0,0,0,0.0047122,0.71468,1,0.95411,0,0,0,0,0,0,0,0,0,0,0,0
0,0,0,0,0,0,0,0,0.56426,0.2198,0.48114,1,0.97125,-0.00078125,9.8406e-06,1,0,0,0.92364,0.61991,-0.64972,-0.67999,0.89344,0.96404,0.39317,0.16912,0.16981,1.2092e-06,9999,0,-1,0,15.43,0.092672,0,0,0,0,0,0,0,0,1,0.56426,0.85064,-0.15159,0,0,0,0,0,10,0.16981,1.2092e-06,9999,-1,0,15.43,0.092672,0.56426,0.85064,-0.15159,-6,0.00047097,0.72716,-1,0.76092,-0.15159,1,0.97125,0.013545,0,0,0,0,0,0,0,1
0,0,0,0,0,0,0,0,0.39732,0.52695,0.3001,1,0.00034477,0,0,0,0,0,0.33311,999,999,999,0.58275,0,0,0,0,0,0,0,0,0,0,0,0,0,0,0,0,0,0,0,0,0,0,0,0,0,0,0,0,0,0,0,0,0,0,0,0,0,0,0,0,0,0,0,0,0,0,0,0,0,0,0,0,0,0,0,1
0,0,0,0,0,0,0,0,0.35152,0,-0.34056,-1,-6.5268e-07,0,0,0,0,0,0.23168,999,999,999,0.25027,0,0,0,0,0,0,0,0,0,0,0,0,0,0,0,0,0,0,0,0,0,0,0,0,0,0,0,0,0,0,0,0,0,0,0,0,0,0,0,0,0,0,0,0,0,0,0,0,0,0,0,0,0,0,0,1
0.45228,0.92808,-0.53694,-1,0.72534,1.4113,-0.92684,1,0.49975,0.60507,0.62682,-1,-0.99783,-0.12578,8.9205e-05,1,0,0,0.96437,999,999,999,0.52303,0.63674,0.80538,0.9151,0.20891,8.7449e-07,9999,0,1,654.3,4.0527,0.29366,1,0,3.5277,1.4448,4.8017,0.14026,0.015614,0.27051,1,999,999,999,0,0,0,0,0,0,0,0,0,0,0,0,0,0,0,0,0,0.0012335,0.72534,1,0.76352,-0.95517,-1,-0.99783,-0.17862,0.45228,0.92808,-0.53694,-1,2,0.093129,0.94233,0
0,0,0,0,0,0,0,0,0.88753,1.5488,-0.73456,-1,-0.92548,-0.010193,0.00013831,0,0,0,1.3688,-0.88753,-0.79153,-0.90764,1.4802,0.97686,0.79117,0.99214,0.19377,8.9092e-07,9999,0,1,546.88,3.8574,0.29614,0,0,0,0,0,0,0,0,1,0.88753,0.79153,-0.71363,0,0,0,0,0,10,0.18748,3.68e-07,9999,1,371.09,7.3242,0.1234,0.88753,0.79153,-0.55761,5,0.0062172,1.0088,-1,0.91265,0.85793,-1,-0.92548,-0.76974,0,0,0,0,0,0,0,0
0,0,0,0,0,0,0,0,0.76553,0,-0.99599,-1,-0.94808,3.8872e-07,0,0,0,0,0.76593,999,999,999,0.85389,0.13956,0,0.52866,0.13168,3.8872e-07,9999,1,1,751.95,5.957,0.13956,0,0,0,0,0,0,0,0,1,999,999,999,0,0,0,0,0,0,0,0,0,0,0,0,0,0,0,0,0,0.014112,0.76553,-1,0.99599,0.48822,-1,-0.94808,-0.26425,0,0,0,0,0,0,0,0
0.91573,0,0.81367,-1,0,0,0,0,0.76251,0.81955,-0.83818,-1,-0.019926,-0.00010142,1.1279e-06,0,0,0,1.1062,-0.76251,-0.95264,-0.94519,1.2836,0.77217,0.32536,0,0,0,0,0,0,0,0,0,0,0,0,0,0,0,0,0,0,0,0,0,0,0,0,0,0,0,0,0,0,0,0,0,0,0,0,0,0,0.0026962,0.91573,-1,0.99184,0,0,0,0,0.91573,0,0.81367,-1,1,0.0026962,0.99184,0
0,0,0,0,0,0,0,0,1.8841,0.36973,0.055351,1,0.085707,-0.05781,-0.00064135,0,0,0,2.224,999,999,999,1.6282,2.001,0.92074,0,0,0,0,0,0,0,0,0,0,0,0,0,0,0,0,0,0,0,0,0,0,0,0,0,0,0,0,0,0,0,0,0,0,0,0,0,0,0.0011131,1.8841,1,0.98256,0,0,0,0,0,0,0,0,0,0,0,0
0,0,0,0,0,0,0,0,1.4871,0.73901,-0.53342,-1,-0.072992,0.053568,-0.0048595,0,0,0,1.6508,-0.90682,0.7906,-0.56196,1.0953,1.6716,1.0811,0,0,0,0,0,0,0,0,0,0,0,0,0,0,0,0,0,0,0,0,0,0,0,0,0,0,0,0,0,0,0,0,0,0,0,0,0,0,0.0010046,1.4871,-1,0.93863,0,0,0,0,0,0,0,0,0,0,0,0
0,0,0,0,0,0,0,0,0.58852,0.085279,-0.50498,-1,0.23825,0.00089609,-0.00051395,1,0,0,0.70472,999,999,999,0.95667,0.41639,0.54427,0,0,0,0,0,0,0,0,0,0,0,0,0,0,0,0,0,0,0,0,0,0,0,0,0,0,0,0,0,0,0,0,0,0,0,0,0,0,0.013607,0.58852,-1,0.40694,0,0,0,0,0,0,0,0,0,0,0,0
0,0,0,0,0,0,0,0,1.1905,1.0253,-0.8482,-1,-0.0022521,-0.00012395,6.0155e-05,1,1,0.50031,0.86416,-1.1905,-0.91827,-0.62104,0.50055,0.79783,0.62824,0.72489,0.18048,3.3311e-06,9999,1,1,0,4.5898,0.27852,0,0,0,0,0,0,0,0,1,1.1905,0.91827,-0.51155,0,0,0,0,0,10,0.18048,3.3311e-06,9999,1,0,4.5898,0.27852,1.1905,0.91827,-0.51155,0,0.0035294,1.1905,-1,0.91827,-0.039941,-1,-0.0022521,-0.075076,0,0,0,0,0,0,0,0
0,0,0,0,0,0,0,0,0.57743,1.209,-0.65963,-1,0.99996,0.83241,-0.00030164,0,0,0,0.91136,999,999,999,0.27166,0.18929,0.74106,0.81368,0.11368,4.4806e-07,9999,1,-1,751.95,4.8828,0.17635,0,0,0,0,0,0,0,0,1,999,999,999,0,0,0,0,0,10,0.14146,0.83241,9999,1,0,22.656,0.18929,0.57743,0.8405,-0.68263,22,0.03453,0.57743,-1,0.8405,0.5078,1,0.99996,0.63997,0,0,0,0,0,0,0,1
0,0,0,0,0,0,0,0,0.50322,0.51076,-0.78826,-1,-0.0054931,3.1106e-05,-2.6229e-05,0,0,0,0.81159,999,999,999,0.59841,0.5821,0.49077,0,0,0,0,0,0,0,0,0,0,0,0,0,0,0,0,0,0,0,0,0,0,0,0,0,0,0,0,0,0,0,0,0,0,0,0,0,0,0.039098,0.66566,-1,0.9331,0,0,0,0,0,0,0,0,0,0,0,0
0,0,0,0,2.0492,0,-0.60729,-1,1.375,0.81102,0.48942,-1,-0.96544,-0.009428,3.4105e-06,2,0,0,2.4335,-2.0492,-0.99275,-0.93853,1.7697,2.1272,0.28074,0.56346,0.092453,1.2114e-06,9999,1,1,0,3.3203,0.085207,0,0,0,0,0,0,0,0,1,2.0492,0.99275,-0.47832,0,0,0,0,0,10,0.092453,1.2114e-06,9999,1,0,3.3203,0.085207,2.0492,0.99275,-0.47832,0,0.0066296,2.0492,-1,0.99275,0.62707,-1,-0.96544,-0.59036,0,0,0,0,0,0,0,0
0,0,0,0,0,0,0,0,1.0977,0.81218,-0.61706,1,0.040235,-0.0027266,-1.7623e-05,1,0,0,1.0395,999,999,999,1.6976,0.9006,0.44681,0.33709,0.081151,1.2152e-06,9999,1,1,0,3.8086,0.080196,0,0,0,0,0,0,0,0,1,0.62451,0.60175,-0.5132,0,0,0,0,0,10,0.081151,1.2152e-06,9999,1,0,3.8086,0.080196,0.62451,0.60175,-0.5132,21,0.010801,1.0977,1,0.75054,0.72863,-1,-1.7623e-05,-0.54885,0,0,0,0,0,0,0,1
0,0,0,0,0,0,0,0,1.1482,1.2673,-0.92544,-1,-0.0014364,-0.00038606,-2.7243e-05,3,0,0,1.265,999,999,999,1.1359,0.39046,0.49537,0.55848,0.11499,3.2478e-07,9999,0,-1,4492.2,16.797,0.08099,0,0,0,0,0,0,0,0,1,999,999,999,0,0,0,0,0,10,0.13879,1.2617e-06,9999,1,0,9.668,0.12983,1.1482,0.95424,-0.52502,4,0.011818,1.1482,-1,0.95424,0.94461,-1,-5.375e-06,-0.12192,0,0,0,0,0,0,0,1
0,0,0,0,0,0,0,0,0.28967,0.71528,-0.57727,-1,0.99985,-0.99801,-0.98261,0,0,0,0.51012,999,999,999,0.33267,0.51655,0.48064,0.43392,0.13076,3.8057e-07,9999,1,1,859.38,6.25,0.13346,0,0,0,0,0,0,0,0,1,999,999,999,0,0,0,0,0,0,0,0,0,0,0,0,0,0,0,0,0,0,0,0,0,-0.3096,-1,-0.99801,-0.23727,0,0,0,0,0,0,0,0
0,0,0,0,0,0,0,0,0.24335,1.2008,-0.97262,-1,-1.8451e-06,1.2094e-06,-4.0182e-07,1,1,0.50053,0.29161,999,999,999,0.26351,0.094458,0.14876,0.97309,0.21857,3.8209e-07,9999,1,1,634.77,6.0059,0.13462,0,0,0,0,0,0,0,0,1,999,999,999,0,0,0,0,0,0,0,0,0,0,0,0,0,0,0,0,0,0,0,0,0,0.16314,1,1.2094e-06,0.00011251,0,0,0,0,0,0,0,0
0.63089,1.4602,-0.074231,-1,0,0,0,0,1.1081,1.0691,-0.56645,1,0.20796,0.12427,0.030233,1,0,0,1.0884,1.1081,0.93626,-0.87212,0.72921,0.68839,1.7055,0.26039,0.13596,3.9099e-07,9999,1,-1,937.5,6.3477,0.1412,0,0,0,0,0,0,0,0,1,999,999,999,0,0,0,0,0,0,0,0,0,0,0,0,0,0,0,0,0,0.00049852,1.1081,1,0.93626,0.075178,1,0.20796,0.1558,0.63089,1.4602,-0.074231,-1,1,0.020873,0.80088,1
0,0,0,0,0,0,0,0,0.96271,0.17188,-0.96103,1,0.95491,0.0004404,-2.4167e-05,0,0,0,1.3449,999,999,999,0.89397,1.0343,0.48101,0.9749,0.19342,6.3026e-07,9999,1,-1,595.7,4.0527,0.24443,0,0,0,0,0,0,0,0,1,999,999,999,0,0,0,0,0,0,0,0,0,0,0,0,0,0,0,0,0,0.018586,0.96271,1,0.97135,0.94838,1,0.95491,0.67713,0,0,0,0,0,0,0,1
0,0,0,0,0,0,0,0,0.53662,1.435,-0.84647,-1,0.010041,-0.00030651,-6.8835e-07,0,0,0,0.56528,999,999,999,0.81732,0.82765,0.25887,0.3495,0.23299,6.8835e-07,9999,1,-1,571.29,4.0527,0.25887,0,0,0,0,0,0,0,0,1,0.51674,0.56441,-0.58024,0,0,0,0,0,10,0.23299,6.8835e-07,9999,-1,571.29,4.0527,0.25887,0.51674,0.56441,-0.58024,-0,0.0084294,0.51674,1,0.56441,-0.58024,1,0.010041,0.0002192,0,0,0,0,0,0,0,0
0.55343,1.6036,0.27185,1,0,0,0,0,1.7891,0.55805,-0.78199,-1,-0.85242,-0.4645,0.0085382,1,0,0,1.2265,-1.7891,0.95835,-0.53111,0.72525,2.9414,0.58323,0,0,0,0,0,0,0,0,0,0,0,0,0,0,0,0,0,0,0,0,0,0,0,0,0,0,0,0,0,0,0,0,0,0,0,0,0,0,0.0023063,1.1454,-1,0.74769,0,0,0,0,0.55343,1.6036,0.27185,1,1,0.0013448,0.44573,0
0.3881,0,-0.79898,-1,0,0,0,0,0.31258,0,-0.54154,-1,-0.082375,0.00018438,-2.3232e-05,2,0,0,0.55601,999,999,999,0.99259,0.20416,0.47639,0,0,0,0,0,0,0,0,0,0,0,0,0,0,0,0,0,0,0,0,0,0,0,0,0,0,0,0,0,0,0,0,0,0,0,0,0,0,0,0,0,0,0,0,0,0,0.3881,0,-0.79898,-1,1,0.0095269,0.81702,1
0,0,0,0,0,0,0,0,0.62944,0.93701,0.21505,1,0.0003208,-5.465e-05,-3.8604e-06,0,0,0,0.82835,999,999,999,0.84498,0.60804,0.31919,0,0,0,0,0,0,0,0,0,0,0,0,0,0,0,0,0,0,0,0,0,0,0,0,0,0,0,0,0,0,0,0,0,0,0,0,0,0,0.01115,0.62944,1,0.72704,0,0,0,0,0,0,0,0,0,0,0,0
0,0,0,0,0,0,0,0,1.7475,0,0.4113,-1,-0.85848,-0.63533,-0.0029312,0,0,0,2.0264,-1.4163,-0.99778,-0.97134,2.3766,3.4228,1.1752,0,0,0,0,0,0,0,0,0,0,0,0,0,0,0,0,0,0,0,0,0,0,0,0,0,0,0,0,0,0,0,0,0,0,0,0,0,0,0.024793,1.7475,-1,0.98294,0,0,0,0,0,0,0,0,0,0,0,1
0,0,0,0,0,0,0,0,1.12,0.36817,0.76007,-1,0.17944,-0.1526,5.9269e-05,0,0,0,1.5386,999,999,999,1.0651,1.144,0.6313,0.962,0.15942,4.0192e-07,9999,1,-1,800.78,6.6406,0.14882,0,0,0,0,0,0,0,0,1,0.84747,0.98104,-0.92884,0,0,0,0,0,10,0.15942,4.0192e-07,9999,-1,800.78,6.6406,0.14882,0.84747,0.98104,-0.92884,-0,0.00052447,1.12,-1,0.99274,-0.92884,1,0.17944,0.78813,0,0,0,0,0,0,0,0
0.88444,0,0.074866,-1,0,0,0,0,0.59828,0,0.1325,-1,-0.24248,-0.002207,0.00010028,0,0,0,1.1181,-0.88444,-0.82672,-0.84608,0.96935,0.80257,0.74281,0,0,0,0,0,0,0,0,0,0,0,0,0,0,0,0,0,0,0,0,0,0,0,0,0,0,0,0,0,0,0,0,0,0,0,0,0,0,0.0057207,0.88444,-1,0.82672,0,0,0,0,0.88444,0,0.074866,-1,1,0.0057207,0.82672,0
0.74311,0.90366,-0.2213,1,0,0,0,0,0.5261,0.71467,-0.44675,1,0.99997,0.098255,-3.4543e-05,0,0,0,0.92763,0.74311,0.78931,-0.64607,0.27209,0.95921,0.52737,0.81951,0.1544,7.0206e-07,9999,1,-1,493.16,4.8828,0.26196,0,0,0,0,0,0,0,0,1,0.5261,0.97772,-0.76321,0,0,0,0,0,10,0.1544,7.0206e-07,9999,-1,493.16,4.8828,0.26196,0.5261,0.97772,-0.76321,-0,0.020157,0.74311,1,0.78931,-0.76321,1,0.99997,0.40759,0.74311,0.90366,-0.2213,1,1,0.020157,0.78931,1
0,0,0,0,0,0,0,0,0.54196,0.79948,-0.18447,-1,-0.00075369,0.00046793,2.2849e-05,1,0,0,0.66832,999,999,999,0.36571,0.67212,0.47454,0,0,0,0,0,0,0,0,0,0,0,0,0,0,0,0,0,0,0,0,0,0,0,0,0,0,0,0,0,0,0,0,0,0,0,0,0,0,0.013981,0.54196,-1,0.60253,0,0,0,0,0,0,0,0,0,0,0,0
0,0,0,0,0,0,0,0,1.1846,0,-0.15653,-1,-0.99972,0.0009155,0.00024733,1,0,0,1.371,-1.1846,0.97231,-0.27777,0.39746,0.67373,0.61619,0.92805,0.12071,1.2192e-06,9999,0,-1,0,2.9785,0.076541,1,0,-1.3067,-2.9807,-0.62215,0.20208,3.5483,0.083165,1,999,999,999,0,0,0,0,0,0,0,0,0,0,0,0,0,0,0,0,0,6.5768e-05,1.1846,-1,0.97231,0.91503,1,0.0009155,0.77668,0,0,0,0,0,0,0,0
0,0,0,0,0,0,0,0,1.801,0.099335,-0.97378,1,0.097585,-1.7427e-05,7.4675e-06,0,0,0,1.8722,999,999,999,2.1324,0.44569,0.37035,0,0,0,0,0,0,0,0,0,0,0,0,0,0,0,0,0,0,0,0,0,0,0,0,0,0,0,0,0,0,0,0,0,0,0,0,0,0,0.016768,1.801,1,0.99575,0,0,0,0,0,0,0,0,0,0,0,1
1.5431,0.83843,-0.80988,-1,0,0,0,0,0.83602,0.83908,0.82384,-1,-0.8289,0.00030099,-4.8942e-05,0,0,0,1.777,-1.5431,0.96184,-0.99526,0.99187,0.72439,1.7879,0,0,0,0,0,0,0,0,0,0,0,0,0,0,0,0,0,0,0,0,0,0,0,0,0,0,0,0,0,0,0,0,0,0,0,0,0,0,0.0064861,1.5431,-1,0.96184,0,0,0,0,0,0,0,0,0,0,0,0
0,0,0,0,0,0,0,0,0.64817,1.4175,-0.42678,-1,0.99855,-0.0053829,-3.9278e-05,0,0,0,0.95303,999,999,999,0.48576,0.83208,0.54643,0.41894,0.11549,4.2263e-07,9999,1,1,751.95,6.6406,0.16201,0,0,0,0,0,0,0,0,1,999,999,999,0,0,0,0,0,0,0,0,0,0,0,0,0,0,0,0,0,0.042023,0.51055,1,0.28038,0.98903,1,0.99855,0.096975,0,0,0,0,0,0,0,1
0.57554,0,-0.38433,1,0,0,0,0,0.52841,0,-0.085729,-1,-0.98811,0.7205,-0.30165,1,0,0,1.1201,999,999,999,0.70084,2.1434,0.6006,0,0,0,0,0,0,0,0,0,0,0,0,0,0,0,0,0,0,0,0,0,0,0,0,0,0,0,0,0,0,0,0,0,0,0,0,0,0,0.0056283,0.57554,1,0.66774,0,0,0,0,0.47152,0,-0.34479,-1,2,0.0076202,0.6887,0
0,0,0,0,0,0,0,0,0.99851,0.73975,-0.52123,-1,-0.02762,9.3685e-06,0,0,0,0,0.81398,999,999,999,1.5044,0.38901,0,0,0,0,0,0,0,0,0,0,0,0,0,0,0,0,0,0,0,0,0,0,0,0,0,0,0,0,0,0,0,0,0,0,0,0,0,0,0,0.01435,0.99851,-1,0.94084,0,0,0,0,0,0,0,0,0,0,0,1
0,0,0,0,0,0,0,0,1.2764,0.78748,-0.38243,1,0.93965,-0.034405,0.023301,1,0,0,1.9957,0.98786,-0.91208,-0.98007,1.5116,0.94739,1.1197,0,0,0,0,0,0,0,0,0,0,0,0,0,0,0,0,0,0,0,0,0,0,0,0,0,0,0,0,0,0,0,0,0,0,0,0,0,0,0.0027002,1.2764,1,0.81254,0,0,0,0,0,0,0,0,0,0,0,0
0,0,0,0,0,0,0,0,0.75281,0,-0.68831,1,0.00019012,-2.9503e-05,2.4851e-05,3,1,0.49361,0.78819,0.75281,-0.9394,-0.57072,0.84242,0.50562,0.48429,0.94769,0.094015,1.2094e-06,9999,0,-1,0,22.266,0.09055,0,0,0,0,0,0,0,0,1,0.58595,0.50789,-0.22794,0,0,0,0,0,10,0.094015,1.2094e-06,9999,-1,0,22.266,0.09055,0.58595,0.50789,-0.22794,-2,0.042904,0.75281,1,0.9394,0.81801,1,2.4851e-05,0.82511,0,0,0,0,0,0,0,1
0,0,0,0,0,0,0,0,0.83864,0.99863,-0.1397,1,-0.91606,0.0069687,-1.3123e-05,2,0,0,1.1145,999,999,999,0.67709,1.1137,0.41851,0.84331,0.17446,4.946e-07,9999,0,1,634.77,4.6387,0.19852,0,0,0,0,0,0,0,0,1,999,999,999,0,0,0,0,0,10,0.24226,4.0865e-07,9999,1,869.14,6.9336,0.15328,0.73345,0.99456,-0.10437,5,0.022083,0.83864,1,0.97797,0.871,-1,-0.91606,-0.28586,0,0,0,0,0,0,0,0
0,0,0,0,0,0,0,0,0.66514,0.31293,-0.30789,1,-0.049401,6.783e-05,-1.2492e-06,2,0,0,0.657,999,999,999,1.1674,0.69603,0.060729,0.80985,0.054779,1.2492e-06,9999,0,-1,0,3.1006,0.060729,0,0,0,0,0,0,0,0,1,999,999,999,0,0,0,0,0,0,0,0,0,0,0,0,0,0,0,0,0,0.00095849,0.66514,1,0.95784,0.62669,1,6.783e-05,0.7623,0,0,0,0,0,0,0,0
0,0,0,0,0,0,0,0,0.5666,0.25333,-0.092926,1,0.93688,-0.00016935,1.1757e-05,1,0,0,0.97498,0.5666,-0.65487,-0.23982,1.2621,0.91382,0.35671,0.25555,0.21141,1.1293e-06,9999,1,-1,444.34,4.5898,0.3255,0,0,0,0,0,0,0,0,1,0.83942,0.66129,-0.36437,0,0,0,0,0,10,0.21141,1.1293e-06,9999,-1,444.34,4.5898,0.3255,0.83942,0.66129,-0.36437,-5,0.01496,0.83942,1,0.66129,-0.36437,1,0.93688,0.00075299,0,0,0,0,0,0,0,1
0,0,0,0,0.87103,0.074783,-0.57149,-1,0.43741,0,-0.66039,-1,0.0005995,-0.00016286,-3.297e-05,3,1,0.49406,1.0013,999,999,999,0.34594,0.89176,0.52084,0.79862,0.2442,5.0076e-07,9999,1,1,590.82,4.4922,0.20113,1,0,0.64321,-0.89835,0.97149,0.016408,0.073692,0.0043089,1,0.87103,0.89906,-0.63208,0,0,0,0,0,10,0.2442,5.0076e-07,9999,1,590.82,4.4922,0.20113,0.87103,0.89906,-0.63208,21,0.010528,0.87103,-1,0.89906,0.99892,-1,-1.2064e-06,-0.0011323,0,0,0,0,0,0,0,0
1.0494,0.25188,-0.99314,-1,0,0,0,0,0.43978,0.25188,-0.84163,1,0.22896,-0.00038216,-0.00031214,2,1,0.50134,0.96335,999,999,999,1.2907,0.78186,1.5462,0,0,0,0,0,0,0,0,0,0,0,0,0,0,0,0,0,0,0,0,0,0,0,0,0,0,0,0,0,0,0,0,0,0,0,0,0,0,0.023111,1.0494,-1,0.99031,0,0,0,0,0,0,0,0,0,0,0,0
0.62689,1.0725,-0.21017,-1,0,0,0,0,0.42689,1.3894,-0.98837,1,0.98479,0.00028966,-0.00019167,4,1,0.49551,1.0012,999,999,999,0.77887,0.60189,0.77331,0.78136,0.24152,5.0301e-07,9999,0,-1,644.53,6.1035,0.20207,0,0,0,0,0,0,0,0,1,999,999,999,0,0,0,0,0,0,0,0,0,0,0,0,0,0,0,0,0,0.00051325,0.62689,-1,0.97473,-0.8467,1,0.98479,0.001109,0.62689,1.0725,-0.21017,-1,1,0.00051325,0.97473,1
0,0,0,0,0,0,0,0,0.4984,0,-0.51484,-1,-0.001446,1.4295e-06,-5.3418e-07,1,1,0.50298,0.46333,999,999,999,0.78467,0.24374,0.21425,0,0,0,0,0,0,0,0,0,0,0,0,0,0,0,0,0,0,0,0,0,0,0,0,0,0,0,0,0,0,0,0,0,0,0,0,0,0,0,0,0,0,0,0,0,0,0,0,0,0,0,0,0,1
0,0,0,0,0,0,0,0,1.0417,0.90762,-0.3792,1,0.099231,-0.0081637,-3.6731e-05,1,0,0,1.1208,999,999,999,1.499,0.72846,0.53589,0.11966,0.13146,1.2263e-06,9999,0,-1,0,32.422,0.071627,0,0,0,0,0,0,0,0,1,1.0417,0.78795,-0.68334,0,0,0,0,0,10,0.13146,1.2263e-06,9999,-1,0,32.422,0.071627,1.0417,0.78795,-0.68334,-0,0.0055219,1.0417,1,0.78795,0.31649,1,1.1038e-05,0.14347,0,0,0,0,0,0,0,0
0,0,0,0,0,0,0,0,1.4002,0.56154,-0.93331,1,-0.97229,0.96829,0.41011,0,0,0,1.6573,999,999,999,0.7732,1.3716,0.69761,0,0,0,0,0,0,0,0,0,0,0,0,0,0,0,0,0,0,0,0,0,0,0,0,0,0,0,0,0,0,0,0,0,0,0,0,0,0,0.017251,1.4002,1,0.95126,0,0,0,0,0,0,0,0,0,0,0,1
0.52415,1.3187,0.3105,-1,0,0,0,0,1.4988,0.25795,-0.98753,1,-0.12112,0.0048889,0,0,0,0,0.73939,999,999,999,0.74237,0.94081,0,0,0,0,0,0,0,0,0,0,0,0,0,0,0,0,0,0,0,0,0,0,0,0,0,0,0,0,0,0,0,0,0,0,0,0,0,0,0,0.023781,1.4988,1,0.96066,0,0,0,0,0.52415,1.3187,0.3105,-1,1,0.024404,0.49295,1
0,0,0,0,0,0,0,0,0.6864,0.75779,0.89518,-1,-0.31726,7.4172e-06,-7.229e-06,0,0,0,0.8692,999,999,999,0.84506,0.3698,0.48298,0,0,0,0,0,0,0,0,0,0,0,0,0,0,0,0,0,0,0,0,0,0,0,0,0,0,0,0,0,0,0,0,0,0,0,0,0,0,0.01172,0.6864,-1,0.94481,0,0,0,0,0,0,0,0,0,0,0,1
0,0,0,0,0,0,0,0,0.66739,1.1051,-0.73275,1,0.99869,-0.00053574,-8.4847e-05,1,0,0,0.83876,999,999,999,0.48578,0.3678,0.73312,0.15063,0.099145,1.295e-06,9999,1,-1,0,8.5938,0.13997,0,0,0,0,0,0,0,0,1,999,999,999,0,0,0,0,0,0,0,0,0,0,0,0,0,0,0,0,0,0.00091501,0.61464,-1,0.92688,0.14529,1,0.99869,0.41807,0,0,0,0,0,0,0,1
0.50473,0.22372,-0.95339,1,0,0,0,0,0.38022,0.041609,0.31361,-1,0.00029317,-7.8089e-06,0,0,0,0,0.61835,999,999,999,0.59713,0.37397,0,0,0,0,0,0,0,0,0,0,0,0,0,0,0,0,0,0,0,0,0,0,0,0,0,0,0,0,0,0,0,0,0,0,0,0,0,0,0,0.010799,0.50473,1,0.85982,0,0,0,0,0.50473,0.22372,-0.95339,1,1,0.010799,0.85982,1
0.52178,0,-0.94772,-1,0,0,0,0,0.72726,0,-0.87104,-1,-0.46437,-0.11219,1.7232e-05,0,0,0,1.0126,999,999,999,0.93456,0.73825,0.44456,0,0,0,0,0,0,0,0,0,0,0,0,0,0,0,0,0,0,0,0,0,0,0,0,0,0,0,0,0,0,0,0,0,0,0,0,0,0,0.0069114,0.72726,-1,0.87105,0,0,0,0,0.52178,0,-0.94772,-1,1,0.011337,0.94773,0
0,0,0,0,0,0,0,0,0.61648,0,-0.040333,-1,0.078946,-0.000556,0,0,0,0,1.0086,999,999,999,1.2444,0.37148,0,0,0,0,0,0,0,0,0,0,0,0,0,0,0,0,0,0,0,0,0,0,0,0,0,0,0,0,0,0,0,0,0,0,0,0,0,0,0,0.020858,1.0075,1,0.919,0,0,0,0,0,0,0,0,0,0,0,1
0,0,0,0,0,0,0,0,1.1297,1.0894,-0.70389,1,0.05007,-0.00017422,0,1,0,0,0.98637,999,999,999,0.97839,0.16084,0,0.97679,0.12338,0.00017422,9999,0,-1,810.55,0,0.16084,0,0,0,0,0,0,0,0,1,1.1297,0.95208,-0.86465,0,0,0,0,0,10,0.12338,0.00017422,9999,-1,810.55,0,0.16084,1.1297,0.95208,-0.86465,-2,0.0062007,1.1297,1,0.95208,-0.86465,1,0.05007,0.86735,0,0,0,0,0,0,0,1
0.61456,0.14019,0.054519,-1,0,0,0,0,1.6713,0.40847,-0.89069,1,-0.99949,0.03539,-0.00036866,0,0,0,1.5067,999,999,999,0.35404,1.3378,0.6316,0,0,0,0,0,0,0,0,0,0,0,0,0,0,0,0,0,0,0,0,0,0,0,0,0,0,0,0,0,0,0,0,0,0,0,0,0,0,0.011391,1.6713,1,0.98898,0,0,0,0,0.61456,0.14019,0.054519,-1,1,0.01896,0.57789,0
0,0,0,0,0,0,0,0,1.2999,1.2236,-0.12305,1,0.063253,-0.027309,0.00079995,0,0,0,1.7998,0.9121,-0.75691,-0.85455,1.404,1.0454,0.96432,0.48738,0.21407,4.114e-07,9999,1,1,800.78,7.5195,0.15505,1,0,-0.42426,-4.3114,-2.4717,0.0016556,0.12801,0.0064931,1,0.73908,0.73741,-0.32149,0,0,0,0,0,10,0.21407,4.114e-07,9999,1,800.78,7.5195,0.15505,0.73908,0.73741,-0.32149,6,0.004647,1.2999,1,0.94886,0.9886,-1,-1.6626e-05,-0.0013414,0,0,0,0,0,0,0,1
0,0,0,0,0,0,0,0,1.077,0.75146,-0.94046,-1,-0.94996,-0.00017412,5.4756e-05,1,0,0,1.0916,999,999,999,1.6874,0.1564,0.60583,0,0,0,0,0,0,0,0,0,0,0,0,0,0,0,0,0,0,0,0,0,0,0,0,0,0,0,0,0,0,0,0,0,0,0,0,0,0,0.009193,1.077,-1,0.81083,0,0,0,0,0,0,0,0,0,0,0,0
0,0,0,0,0,0,0,0,1.5172,0.39355,-0.7474,-1,0.92626,-0.24139,0,0,0,0,1.7815,999,999,999,1.0087,1.898,0,0,0,0,0,0,0,0,0,0,0,0,0,0,0,0,0,0,0,0,0,0,0,0,0,0,0,0,0,0,0,0,0,0,0,0,0,0,0,0.0065772,1.5172,-1,0.90221,0,0,0,0,0,0,0,0,0,0,0,0
0,0,0,0,0,0,0,0,0.87437,0.31249,0.80594,1,0.051776,-0.00011416,-3.1237e-06,0,0,0,1.0811,999,999,999,1.1566,0.68076,0.30326,0.99719,0.12349,4.5844e-07,9999,1,1,732.42,5.8594,0.18171,0,0,0,0,0,0,0,0,1,0.97318,0.744,-0.77465,0,0,0,0,0,10,0.19892,1.1137e-06,9999,-1,502.93,3.7109,0.32388,0.87437,0.99141,-0.37264,-4,0.02316,0.97318,-1,0.744,-0.22712,-1,-3.1237e-06,-0.90346,0,0,0,0,0,0,0,1
0,0,0,0,0,0,0,0,0.87221,0.56699,-0.64393,1,9.5408e-05,3.7782e-05,-1.5392e-06,2,0,0,0.97038,0.64352,-0.8565,-0.49748,0.80407,0.54079,0.18207,0.65403,0.073195,1.2099e-06,9999,0,-1,0,20.117,0.088533,0,0,0,0,0,0,0,0,1,0.64352,0.8565,-0.44148,0,0,0,0,0,10,0.073195,1.2099e-06,9999,-1,0,20.117,0.088533,0.64352,0.8565,-0.44148,-0,0.016364,0.87221,1,0.87219,0.62797,1,9.5408e-05,0.72516,0,0,0,0,0,0,0,1
0,0,0,0,0,0,0,0,0.40995,0.95988,-0.27343,-1,0.025239,-2.5287e-05,1.457e-06,1,0,0,0.48926,999,999,999,0.74247,0.48635,0.17111,0.66085,0.11411,1.457e-06,9999,1,1,0,5.7617,0.17111,0,0,0,0,0,0,0,0,1,999,999,999,0,0,0,0,0,0,0,0,0,0,0,0,0,0,0,0,0,0,0,0,0,0.16475,1,1.457e-06,0.0011251,0,0,0,0,0,0,0,1
0,0,0,0,0,0,0,0,1.1335,0.54789,0.0040013,1,0.73231,0.011978,-0.0033538,3,0,0,1.2249,1.1335,-0.89711,-0.11296,1.0503,1.0594,0.70686,0.39312,0.078666,1.2231e-06,9999,0,-1,0,12.891,0.11188,0,0,0,0,0,0,0,0,1,1.1335,0.89711,-0.079382,0,0,0,0,0,10,0.078666,1.2231e-06,9999,-1,0,12.891,0.11188,1.1335,0.89711,-0.079382,-6,0.0014075,1.1335,1,0.89711,-0.7693,1,0.73231,0.58284,0,0,0,0,0,0,0,1
0,0,0,0,0,0,0,0,1.6075,0.44724,-0.75228,-1,-0.056989,-0.035185,0.00010539,0,0,0,1.7229,-1.6075,-0.82949,-0.45898,2.1451,1.2689,0.59842,0,0,0,0,0,0,0,0,0,0,0,0,0,0,0,0,0,0,0,0,0,0,0,0,0,0,0,0,0,0,0,0,0,0,0,0,0,0,0.013723,1.6075,-1,0.82949,0,0,0,0,0,0,0,0,0,0,0,0
0,0,0,0,0,0,0,0,1.025,0.11057,0.30249,-1,-0.95164,-0.020457,0.00061597,2,1,0.50253,1.441,-1.025,0.91363,-0.80627,1.0367,1.5394,0.64066,0,0,0,0,0,0,0,0,0,0,0,0,0,0,0,0,0,0,0,0,0,0,0,0,0,0,0,0,0,0,0,0,0,0,0,0,0,0,0.033391,1.025,-1,0.91363,0,0,0,0,0,0,0,0,0,0,0,0
0,0,0,0,0,0,0,0,0.39281,0,-0.035249,1,-0.27828,3.7671e-05,1.7634e-05,1,0,0,0.61421,999,999,999,0.74008,0.50216,0.44688,0,0,0,0,0,0,0,0,0,0,0,0,0,0,0,0,0,0,0,0,0,0,0,0,0,0,0,0,0,0,0,0,0,0,0,0,0,0,0,0,0,0,0,0,0,0,0,0,0,0,0,0,0,1
1.2984,0.82881,-0.46281,1,0,0,0,0,1.5481,0.33959,-0.37307,1,-0.99984,0.96621,0.016347,0,0,0,1.9582,999,999,999,0.36582,2.0896,1.3183,0.63795,0.075905,1.2105e-06,9999,1,-1,0,11.523,0.098421,0,0,0,0,0,0,0,0,1,1.2984,0.93804,-0.45577,0,0,0,0,0,10,0.075905,1.2105e-06,9999,-1,0,11.523,0.098421,1.2984,0.93804,-0.45577,-2,0.0079689,1.5481,1,0.87063,0.81867,1,0.96621,0.71179,0,0,0,0,0,0,0,1
0,0,0,0,0,0,0,0,1.3027,0.53844,0.88556,1,0.012352,-4.7921e-05,-1.3614e-05,2,0,0,1.2358,999,999,999,1.956,0.58281,0.4219,0.95555,0.12456,4.7276e-07,9999,0,1,644.53,3.9062,0.18869,0,0,0,0,0,0,0,0,1,0.57294,0.87808,-0.96822,0,0,0,0,0,10,0.12456,4.7276e-07,9999,1,644.53,3.9062,0.18869,0.57294,0.87808,-0.96822,0,0.016054,1.3027,1,0.9847,0.17097,-1,-4.7921e-05,-0.67071,0,0,0,0,0,0,0,1
0,0,0,0,0,0,0,0,1.5004,0.59631,-0.39878,1,0.11378,-0.044658,-0.00074428,2,0,0,1.927,999,999,999,2.1095,1.2917,0.84876,0,0,0,0,0,0,0,0,0,0,0,0,0,0,0,0,0,0,0,0,0,0,0,0,0,0,0,0,0,0,0,0,0,0,0,0,0,0,0.0034923,1.5004,1,0.95099,0,0,0,0,0,0,0,0,0,0,0,1
0,0,0,0,0,0,0,0,1.3186,1.5056,0.63412,-1,-0.022191,0.00011314,-6.5022e-06,0,0,0,1.4498,999,999,999,1.7309,0.68773,0.3593,0.75627,0.12217,4.0054e-07,9999,1,1,878.91,6.7383,0.14789,0,0,0,0,0,0,0,0,1,1.3186,0.96545,-0.86224,0,0,0,0,0,10,0.12217,4.0054e-07,9999,1,878.91,6.7383,0.14789,1.3186,0.96545,-0.86224,2,0.019783,1.3186,-1,0.96545,0.99561,-1,-6.5022e-06,-0.54123,0,0,0,0,0,0,0,0
0,0,0,0,0,0,0,0,1.419,0.42083,-0.28376,1,-0.99506,-0.00051527,8.0417e-05,1,0,0,1.3898,999,999,999,0.43115,0.89369,2.126,0.78252,0.13312,1.2224e-06,9999,0,-1,0,32.031,0.074183,0,0,0,0,0,0,0,0,1,1.419,0.89208,-0.90318,0,0,0,0,0,10,0.13312,1.2224e-06,9999,-1,0,32.031,0.074183,1.419,0.89208,-0.90318,-4,0.0026026,1.419,1,0.89208,0.99856,-1,-0.99506,-0.49393,0,0,0,0,0,0,0,0
0,0,0,0,1.3734,0.63407,-0.85102,-1,0.47518,0.50242,0.13889,1,-0.087955,0.00027844,2.1597e-05,3,1,0.49197,1.27,999,999,999,1.9472,0.69455,0.46821,0,0,0,0,0,0,0,0,0,0,0,0,0,0,0,0,0,0,0,0,0,0,0,0,0,0,0,0,0,0,0,0,0,0,0,0,0,0,0.0046009,1.3734,-1,0.94403,0,0,0,0,0,0,0,0,0,0,0,0
0,0,0,0,0,0,0,0,0.94424,1.3751,0.036105,1,-0.00407,0.00011971,4.4004e-06,0,0,0,1.0436,999,999,999,0.62208,0.88344,0.32911,0.38558,0.11448,4.5406e-07,9999,1,-1,732.42,5.1758,0.17948,0,0,0,0,0,0,0,0,1,999,999,999,0,0,0,0,0,0,0,0,0,0,0,0,0,0,0,0,0,0.0075817,0.94424,1,0.9972,0.33167,1,0.00011971,0.34608,0,0,0,0,0,0,0,1
0,0,0,0,0,0,0,0,0.45679,0.62846,0.44763,-1,-5.0231e-05,1.5124e-05,0,1,0,0,0.61352,999,999,999,0.59223,0.43178,0,0,0,0,0,0,0,0,0,0,0,0,0,0,0,0,0,0,0,0,0,0,0,0,0,0,0,0,0,0,0,0,0,0,0,0,0,0,0,0,0,0,0,0,0,0,0,0,0,0,0,0,0,0,0
0,0,0,0,0,0,0,0,0.98724,1.8101,-0.80374,-1,0.99329,0.96975,-0.96854,0,0,0,1.3522,0.714,-0.69495,-0.69749,0.48752,0.96105,1.2389,0,0,0,0,0,0,0,0,0,0,0,0,0,0,0,0,0,0,0,0,0,0,0,0,0,0,0,0,0,0,0,0,0,0,0,0,0,0,0.00095623,0.98724,-1,0.84144,0,0,0,0,0,0,0,0,0,0,0,1
0,0,0,0,0,0,0,0,0.45628,0,0.64119,1,0.99312,8.54e-06,-4.6573e-06,0,0,0,0.7814,999,999,999,0.64585,0.3813,0.33343,0.58417,0.12669,3.5806e-07,9999,1,-1,1289.1,8.3984,0.11483,0,0,0,0,0,0,0,0,1,999,999,999,0,0,0,0,0,10,0.23168,4.6573e-06,9999,-1,493.16,5.3223,0.33343,0.74051,0.61722,-0.16676,-0,0.0070966,0.74051,1,0.61722,0.99896,1,0.99312,0.33872,0,0,0,0,0,0,0,1
0,0,0,0,0,0,0,0,0.8576,1.028,-0.43487,1,0.043509,0.00012499,-1.2978e-05,0,0,0,0.90338,999,999,999,1.3099,0.79959,0.4175,0.06477,0.10725,3.2283e-07,9999,1,-1,654.3,3.5645,0.078709,0,0,0,0,0,0,0,0,1,0.8576,0.8885,-0.20582,0,0,0,0,0,10,0.10725,3.2283e-07,9999,-1,654.3,3.5645,0.078709,0.8576,0.8885,-0.20582,-21,0.015593,0.8576,1,0.8885,-0.20582,1,0.043509,0.33496,0,0,0,0,0,0,0,0
0,0,0,0,0,0,0,0,1.3507,1.6797,-0.98129,1,-0.98099,-0.046277,0.0026675,1,0,0,1.721,-0.84346,0.93672,-0.94724,0.56914,0.92633,1.2932,0.81462,0.14274,3.9782e-07,9999,0,-1,581.05,4.541,0.14603,0,0,0,0,0,0,0,0,1,1.3507,0.99323,-0.76974,0,0,0,0,0,10,0.14274,3.9782e-07,9999,-1,581.05,4.541,0.14603,1.3507,0.99323,-0.76974,-0,0.0036095,1.3507,1,0.99323,0.7388,1,0.00071129,0.4873,0,0,0,0,0,0,0,0
0,0,0,0,0,0,0,0,0.39769,0.66039,-0.78236,1,2.143e-06,9.5916e-07,0,1,1,0.49652,0.2893,999,999,999,0.2749,0.30571,0,0.1447,0.19097,9.5916e-07,9999,0,1,327.15,2.5391,0.30571,0,0,0,0,0,0,0,0,1,999,999,999,0,0,0,0,0,0,0,0,0,0,0,0,0,0,0,0,0,0,0,0,0,0,0,0,0,0,0,0,0,0,0,0,0
0,0,0,0,0.83451,1.8807,-0.91973,-1,0.55763,1.7574,-0.99599,1,-0.025567,0.00069734,6.9539e-06,0,0,0,0.76834,999,999,999,1.2925,0.81203,0.34021,0.81629,0.20744,6.9539e-06,9999,1,1,0,3.6133,0.34021,0,0,0,0,0,0,0,0,1,999,999,999,0,0,0,0,0,0,0,0,0,0,0,0,0,0,0,0,0,0.0058956,0.83451,-1,0.97037,0.88157,-1,-0.025567,-0.035477,0,0,0,0,0,0,0,0
0,0,0,0,0,0,0,0,0.70729,0.92868,-0.42046,-1,-0.99954,0.030572,0.00024364,1,0,0,1.2894,999,999,999,0.42057,1.0731,0.75482,0.72087,0.19429,9.7452e-07,9999,1,-1,429.69,4.9316,0.30771,0,0,0,0,0,0,0,0,1,0.70258,0.83545,-0.39655,0,0,0,0,0,10,0.19429,9.7452e-07,9999,-1,429.69,4.9316,0.30771,0.70258,0.83545,-0.39655,-4,0.0077452,0.70729,-1,0.98044,0.61752,1,0.030572,0.029199,0,0,0,0,0,0,0,0
0,0,0,0,0,0,0,0,1.3409,0.75798,-0.83134,1,0.013583,0.00071647,0.00016736,0,0,0,1.6783,0.74502,-0.6788,-0.94615,1.1447,0.75831,1.9357,0.23517,0.17611,9.2142e-07,9999,1,-1,532.23,3.2715,0.30055,0,0,0,0,0,0,0,0,1,0.74502,0.6788,-0.68445,0,0,0,0,0,10,0.17611,9.2142e-07,9999,-1,532.23,3.2715,0.30055,0.74502,0.6788,-0.68445,-6,0.0098936,1.3409,1,0.65112,0.82632,1,0.013583,0.00010135,0,0,0,0,0,0,0,0
0,0,0,0,0,0,0,0,0.74039,0.26753,-0.86363,-1,-0.33668,0.22764,1.9693e-05,1,0,0,0.6122,999,999,999,1.1953,1.232,0.4583,0.92739,0.15424,3.7917e-07,9999,1,-1,1005.9,9.2773,0.13238,0,0,0,0,0,0,0,0,1,999,999,999,0,0,0,0,0,0,0,0,0,0,0,0,0,0,0,0,0,0.00050755,0.74039,-1,0.95941,-0.84429,1,0.22764,0.69448,0,0,0,0,0,0,0,0
0,0,0,0,1.413,0.41375,0.036375,1,0.70759,1.244,-0.65353,-1,0.0077613,-0.00010198,-7.2665e-05,0,0,0,1.6022,999,999,999,1.4947,0.66299,0.69719,0,0,0,0,0,0,0,0,0,0,0,0,0,0,0,0,0,0,0,0,0,0,0,0,0,0,0,0,0,0,0,0,0,0,0,0,0,0,0.0031882,1.413,1,0.93457,0,0,0,0,0,0,0,0,0,0,0,1
0,0,0,0,1.4191,0.21843,-0.4152,-1,0.089832,0.99542,-0.26955,1,-0.069451,3.5994e-07,0,0,0,0,0.91833,999,999,999,2.2472,0.11649,0,0.87526,0.089832,3.5994e-07,9999,1,1,1123,8.2031,0.11649,0,0,0,0,0,0,0,0,1,1.4191,0.95776,-0.71415,0,0,0,0,0,10,0.089832,3.5994e-07,9999,1,1123,8.2031,0.11649,1.4191,0.95776,-0.71415,2,0.0060293,1.4191,-1,0.95776,-0.71415,-1,-0.069451,-0.74615,0,0,0,0,0,0,0,0
0,0,0,0,1.6481,1.6065,-0.7945,1,0.55019,1.5458,0.80958,-1,0.0057642,-0.0023222,-8.4368e-06,0,0,0,1.7505,999,999,999,1.8505,0.61578,0.38029,0.1052,0.13641,5.8892e-07,9999,1,1,590.82,5.6152,0.23258,0,0,0,0,0,0,0,0,1,0.55019,0.96497,-0.34311,0,0,0,0,0,10,0.13641,5.8892e-07,9999,1,590.82,5.6152,0.23258,0.55019,0.96497,-0.34311,5,0.0018868,1.6481,1,0.99792,0.027333,-1,-8.4368e-06,-0.10643,0,0,0,0,0,0,0,1
0,0,0,0,0,0,0,0,0.11569,1.2289,-0.64346,1,0.99926,-0.95545,0.00084728,1,0,0,0.60427,999,999,999,0.36629,0.59608,0.34835,0.91952,0.11569,4.7308e-07,9999,0,1,771.48,5.8594,0.18884,1,0,-1.9011,1.6428,-1.8075,0.10157,0.067782,0.31333,1,999,999,999,0,0,0,0,0,0,0,0,0,0,0,0,0,0,0,0,0,0,0,0,0,0.96789,-1,-0.95545,-0.76815,0,0,0,0,0,0,0,1
0,0,0,0,0,0,0,0,0.43128,2.3773,-0.90481,1,-0.93459,-9.0435e-05,-3.3302e-05,0,0,0,0.92755,999,999,999,0.80115,0.63295,0.52213,0,0,0,0,0,0,0,0,0,0,0,0,0,0,0,0,0,0,0,0,0,0,0,0,0,0,0,0,0,0,0,0,0,0,0,0,0,0,0.032154,0.55529,-1,0.95474,0,0,0,0,0,0,0,0,0,0,0,0
0,0,0,0,0,0,0,0,0.65488,1.1941,-0.948,1,-0.00011167,-5.1868e-05,3.5216e-05,1,0,0,0.7944,999,999,999,0.74079,0.59929,0.53025,0.55479,0.20844,9.8737e-07,9999,1,1,537.11,3.6133,0.30935,0,0,0,0,0,0,0,0,1,999,999,999,0,0,0,0,0,0,0,0,0,0,0,0,0,0,0,0,0,0.00089987,0.65488,1,0.98149,0.70106,-1,-5.1868e-05,-0.0028519,0,0,0,0,0,0,0,0
0,0,0,0,0,0,0,0,0.45432,0.23819,0.63381,-1,-0.99202,-0.0001464,-6.0041e-05,0,0,0,0.79464,999,999,999,0.60917,0.64017,0.63491,0.14926,0.1211,3.7785e-07,9999,1,1,917.97,8.3984,0.13135,0,0,0,0,0,0,0,0,1,999,999,999,0,0,0,0,0,0,0,0,0,0,0,0,0,0,0,0,0,0.03877,0.98128,-1,0.8276,0.20771,-1,-0.99202,-0.23506,0,0,0,0,0,0,0,0
0,0,0,0,0.69749,0.35891,-0.86098,1,0.41068,0.55779,0.85629,1,0.087715,3.3193e-06,1.3149e-06,1,0,0,0.61691,999,999,999,1.0728,0.30782,0.041658,0,0,0,0,0,0,0,0,0,0,0,0,0,0,0,0,0,0,0,0,0,0,0,0,0,0,0,0,0,0,0,0,0,0,0,0,0,0,0.0034514,0.69749,1,0.97117,0,0,0,0,0,0,0,0,0,0,0,1
0.32492,0.22967,0.71286,1,0,0,0,0,0,0,0,0,0.054885,3.9147e-06,0,1,0,0,0.30641,999,999,999,1.1297,0.43994,0,0,0,0,0,0,0,0,0,0,0,0,0,0,0,0,0,0,0,0,0,0,0,0,0,0,0,0,0,0,0,0,0,0,0,0,0,0,0,0,0,0,0,0,0,0,0,0.32492,0.22967,0.71286,1,1,0.025774,0.80376,0
1.2209,0,0.53464,1,0,0,0,0,1.2012,1.6672,-0.99606,1,0.044422,-0.0011777,0.00053505,2,1,0.49551,1.6034,1.2012,0.78812,-0.5496,1.0346,0.44105,1.5961,0.98702,0.19298,9.9923e-07,9999,1,-1,576.17,3.8086,0.31084,0,0,0,0,0,0,0,0,1,1.2209,0.94662,-0.90081,0,0,0,0,0,10,0.19298,9.9923e-07,9999,-1,576.17,3.8086,0.31084,1.2209,0.94662,-0.90081,-2,0.001641,1.2209,1,0.94662,0.83069,1,0.00053505,0.74809,0,0,0,0,0,0,0,1
0,0,0,0,0,0,0,0,2.0481,0.50494,-0.97913,-1,-0.00050979,-3.2579e-06,3.8718e-07,0,0,0,2.0509,999,999,999,2.307,0.27641,0.13843,0.8648,0.11603,3.8718e-07,9999,1,1,654.3,9.668,0.13843,0,0,0,0,0,0,0,0,1,2.0481,0.9938,-0.90997,0,0,0,0,0,10,0.11603,3.8718e-07,9999,1,654.3,9.668,0.13843,2.0481,0.9938,-0.90997,2,0.0085049,2.0481,-1,0.9938,-0.19365,-1,-3.2579e-06,-0.68793,0,0,0,0,0,0,0,0
0,0,0,0,0,0,0,0,0.79125,0.23255,-0.43912,-1,-0.98245,0.011539,-1.2173e-06,1,0,0,0.98184,999,999,999,0.67148,0.94852,0.07813,0.92678,0.073699,1.2173e-06,9999,0,-1,0,14.258,0.07813,0,0,0,0,0,0,0,0,1,999,999,999,0,0,0,0,0,0,0,0,0,0,0,0,0,0,0,0,0,0.023927,0.79125,-1,0.91382,0.58142,1,0.011539,0.8029,0,0,0,0,0,0,0,0
0,0,0,0,0,0,0,0,0.9059,1.4566,-0.78374,-1,-0.36032,8.0774e-05,4.1493e-06,0,0,0,1.0659,999,999,999,1.4154,0.72055,0.32465,0.98616,0.15659,6.8437e-07,9999,1,-1,561.52,5.4688,0.25795,0,0,0,0,0,0,0,0,1,0.85342,0.70172,-0.77708,0,0,0,0,0,10,0.15659,6.8437e-07,9999,-1,561.52,5.4688,0.25795,0.85342,0.70172,-0.77708,-2,0.004023,0.9059,-1,0.93201,-0.76183,1,4.1493e-06,0.86373,0,0,0,0,0,0,0,1
0,0,0,0,1.5351,0.051536,-0.95525,1,0.38729,0.051536,0.20098,-1,0.024358,-4.6589e-05,8.3848e-06,0,0,0,1.4492,999,999,999,1.3836,0.57519,0.37978,0,0,0,0,0,0,0,0,0,0,0,0,0,0,0,0,0,0,0,0,0,0,0,0,0,0,0,0,0,0,0,0,0,0,0,0,0,0,0.019605,1.5351,1,0.96131,0,0,0,0,0,0,0,0,0,0,0,1
0,0,0,0,0,0,0,0,1.1523,0.42889,0.059274,-1,1,-0.88097,-0.011484,2,1,0.5015,1.3315,999,999,999,0.19801,0.24508,1.3295,0.9391,0.11315,1.7301e-06,9999,0,1,0,4.1504,0.20191,0,0,0,0,0,0,0,0,1,999,999,999,0,0,0,0,0,10,0.23874,2.4341e-06,9999,1,610.35,4.0039,0.28452,1.1523,0.94496,-0.99184,4,0.0090541,1.1523,-1,0.94496,-0.25427,-1,-0.88097,-0.80362,0,0,0,0,0,0,0,0
0.62489,1.6174,-0.78138,-1,0,0,0,0,0.34236,0.94001,0.8307,1,0.97509,-0.088453,2.2276e-06,0,0,0,0.76004,999,999,999,0.56404,0.9382,0.27783,0.24138,0.23959,2.2276e-06,9999,1,1,507.81,3.9062,0.27783,0,0,0,0,0,0,0,0,1,0.62489,0.99749,-0.21781,0,0,0,0,0,10,0.23959,2.2276e-06,9999,1,507.81,3.9062,0.27783,0.62489,0.99749,-0.21781,6,0.019691,0.51362,1,0.44648,-0.21781,-1,-0.088453,-0.00012781,0.62489,1.6174,-0.78138,-1,1,0.018692,0.99749,1
0,0,0,0,0,0,0,0,0.55094,1.2395,-0.49755,1,-0.99967,0.0010215,-0.00021388,0,0,0,0.72478,999,999,999,0.36225,0.67514,0.59327,0.13832,0.094914,1.2224e-06,9999,1,1,0,26.953,0.074146,0,0,0,0,0,0,0,0,1,999,999,999,0,0,0,0,0,0,0,0,0,0,0,0,0,0,0,0,0,0.0026049,0.55094,1,0.88533,-0.25038,-1,-0.99967,-0.44852,0,0,0,0,0,0,0,1
0,0,0,0,0.70791,0.59935,-0.20789,1,0.52516,0.81069,-0.23117,-1,0.00062072,-2.5009e-05,0,0,0,0,0.8497,999,999,999,0.74279,0.48504,0,0,0,0,0,0,0,0,0,0,0,0,0,0,0,0,0,0,0,0,0,0,0,0,0,0,0,0,0,0,0,0,0,0,0,0,0,0,0,0.0031817,0.70791,1,0.8881,0,0,0,0,0,0,0,0,0,0,0,1
0,0,0,0,0,0,0,0,2.1193,0,-0.75628,-1,0.35966,-0.071876,-3.9969e-06,0,0,0,1.9844,999,999,999,1.4676,1.7313,0.30611,0.91109,0.15354,6.1355e-07,9999,1,1,571.29,4.4922,0.23982,0,0,0,0,0,0,0,0,1,2.1193,0.98976,-0.95488,0,0,0,0,0,10,0.15354,6.1355e-07,9999,1,571.29,4.4922,0.23982,2.1193,0.98976,-0.95488,2,0.0027657,2.1193,-1,0.98976,0.76882,-1,-3.9969e-06,-0.64766,0,0,0,0,0,0,0,0
0,0,0,0,0,0,0,0,1.0796,1.4159,-0.77263,1,-0.95514,0.0093948,-0.00063174,2,0,0,1.4038,999,999,999,0.78962,1.1608,0.13437,0.97693,0.11279,4.536e-07,9999,1,1,683.59,5.7617,0.17925,0,0,0,0,0,0,0,0,1,999,999,999,0,0,0,0,0,10,0.22914,6.6349e-07,9999,-1,527.34,4.1504,0.25297,1.0796,0.97442,-0.8714,-0,0.0063642,1.0796,1,0.97442,0.93325,-1,-0.95514,-0.86957,0,0,0,0,0,0,0,0
0,0,0,0,0,0,0,0,1.0558,0.8764,-0.91418,1,0.018279,-0.00043997,-0.00013326,1,1,0.49663,1.2259,999,999,999,1.2687,0.69846,0.3422,0.95507,0.19517,5.9909e-07,9999,0,-1,571.29,4.6387,0.23564,0,0,0,0,0,0,0,0,1,999,999,999,0,0,0,0,0,0,0,0,0,0,0,0,0,0,0,0,0,0.0042513,1.0558,1,0.98219,0.92948,1,0.018279,0.53972,0,0,0,0,0,0,0,0
0,0,0,0,0,0,0,0,0.79129,1.7906,-0.91209,-1,-0.92966,-0.047896,0.0003072,3,0,0,1.1546,999,999,999,0.86473,0.89748,0.86055,0.96516,0.080932,1.2474e-06,9999,0,-1,0,4.1992,0.12444,0,0,0,0,0,0,0,0,1,999,999,999,0,0,0,0,0,10,0.05464,1.2198e-06,9999,1,0,3.4668,0.10942,0.79129,0.95482,-0.97883,21,0.014885,0.79129,-1,0.95482,-0.97883,-1,-0.92966,-0.82447,0,0,0,0,0,0,0,0
0,0,0,0,0.63687,1.534,0.83516,-1,1.7722,0.52289,-0.99655,1,-0.91364,0.037884,-0.0028886,0,0,0,2.0514,999,999,999,0.85769,1.8421,0.92961,0,0,0,0,0,0,0,0,0,0,0,0,0,0,0,0,0,0,0,0,0,0,0,0,0,0,0,0,0,0,0,0,0,0,0,0,0,0,0.0052277,1.7722,1,0.96424,0,0,0,0,0,0,0,0,0,0,0,0
0.37872,0.28147,-0.83146,1,0,0,0,0,0.24442,0,0.44416,-1,6.4005e-06,-4.6091e-06,0,0,0,0,0.42229,999,999,999,0.35806,0.33263,0,0.69945,0.24442,4.6091e-06,9999,1,-1,424.8,3.1738,0.33263,0,0,0,0,0,0,0,0,1,999,999,999,0,0,0,0,0,0,0,0,0,0,0,0,0,0,0,0,0,0,0,0,0,-0.70545,1,6.4005e-06,0.00033008,0.37872,0.28147,-0.83146,1,1,0.0006239,0.90673,1
0.69758,1.0124,-0.4158,1,0,0,0,0,0.71425,1.1621,-0.87435,1,0.14399,0.11951,-1.3139e-05,0,0,0,0.94608,999,999,999,0.97193,0.96509,0.52503,0.50248,0.14188,4.8012e-07,9999,1,-1,683.59,5.1758,0.19211,0,0,0,0,0,0,0,0,1,0.69758,0.72419,-0.22504,0,0,0,0,0,10,0.14188,4.8012e-07,9999,-1,683.59,5.1758,0.19211,0.69758,0.72419,-0.22504,-2,0.0038127,0.69758,1,0.72419,0.94577,1,0.14399,0.17876,0.69758,1.0124,-0.4158,1,1,0.0038127,0.72419,1
0,0,0,0,1.1793,0.28238,-0.92823,-1,0.21231,0.28238,-0.57235,1,-0.00029098,5.8322e-05,4.7598e-07,1,0,0,0.8183,999,999,999,0.86715,0.62616,0.1902,0.69795,0.21231,4.7598e-07,9999,1,1,556.64,3.8086,0.1902,0,0,0,0,0,0,0,0,1,999,999,999,0,0,0,0,0,0,0,0,0,0,0,0,0,0,0,0,0,0.0086917,1.1793,-1,0.86812,0.25301,-1,-0.00029098,-0.0055247,0,0,0,0,0,0,0,0
0,0,0,0,0,0,0,0,1.4264,0.93908,0.066376,1,0.9516,0.084823,-0.0058468,0,0,0,1.8229,1.4264,0.85139,-0.7739,0.98184,2.0314,1.4,0,0,0,0,0,0,0,0,0,0,0,0,0,0,0,0,0,0,0,0,0,0,0,0,0,0,0,0,0,0,0,0,0,0,0,0,0,0,0.0081106,1.4264,1,0.85139,0,0,0,0,0,0,0,0,0,0,0,1
0,0,0,0,0,0,0,0,0.5301,0.59856,-0.24983,-1,1,-0.0026717,1.2203e-06,0,0,0,0.46526,999,999,999,0.18588,0.83413,0.10977,0.5263,0.20854,1.2203e-06,9999,1,1,0,13.867,0.10977,0,0,0,0,0,0,0,0,1,0.5301,0.53664,-0.80439,0,0,0,0,0,10,0.20854,1.2203e-06,9999,1,0,13.867,0.10977,0.5301,0.53664,-0.80439,0,0.018419,0.5301,-1,0.53664,-0.80439,-1,-0.0026717,-0.0024931,0,0,0,0,0,0,0,1
0,0,0,0,0.72315,0.53475,-0.051886,1,0.33027,0.48816,0.7534,-1,-0.9998,-0.99977,0.11526,1,0,0,0.88301,-0.59987,-0.66544,-0.33861,0.34504,0.38381,1.037,0.44654,0.10833,3.3579e-07,9999,0,1,1894.5,16.016,0.093182,0,0,0,0,0,0,0,0,1,999,999,999,0,0,0,0,0,0,0,0,0,0,0,0,0,0,0,0,0,0.0036072,0.72315,1,0.90541,0.59073,-1,-0.9998,-0.41109,0,0,0,0,0,0,0,0
0,0,0,0,0,0,0,0,0.79913,1.4034,-0.80204,1,-0.88172,0.38406,-0.0046438,1,0,0,1.1065,-0.64324,0.80139,-0.93362,0.24612,0.79589,1.0386,0.68001,0.11615,3.7041e-07,9999,1,-1,1103.5,9.1797,0.12539,0,0,0,0,0,0,0,0,1,0.8006,0.57167,-0.44214,0,0,0,0,0,10,0.23769,0.88172,9999,-1,0,30.078,0.24612,0.8006,0.57167,-0.32197,-22,0.010446,0.79913,1,0.91209,0.32035,1,0.38406,0.50771,0,0,0,0,0,0,0,1
0,0,0,0,0,0,0,0,2.1839,0.050818,-0.51666,1,0.15872,-0.020163,-3.9776e-07,0,0,0,2.4875,999,999,999,2.5616,1.1663,0.14598,0.98272,0.14112,3.9776e-07,9999,1,-1,761.72,7.1289,0.14598,0,0,0,0,0,0,0,0,1,2.1839,0.9865,-0.96138,0,0,0,0,0,10,0.14112,3.9776e-07,9999,-1,761.72,7.1289,0.14598,2.1839,0.9865,-0.96138,-2,0.0035583,2.1839,1,0.9865,-0.96138,1,0.15872,0.87091,0,0,0,0,0,0,0,1
0,0,0,0,0,0,0,0,0.67667,0.18905,-0.41266,1,-0.00053413,4.755e-05,-2.2307e-06,3,0,0,0.70176,999,999,999,0.30194,0.91452,0.27793,0.73671,0.1934,3.5311e-07,9999,0,-1,1171.9,6.543,0.11032,0,0,0,0,0,0,0,0,1,0.67667,0.94673,-0.7205,0,0,0,0,0,10,0.1934,3.5311e-07,9999,-1,1171.9,6.543,0.11032,0.67667,0.94673,-0.7205,-0,0.010473,0.67667,1,0.94673,-0.7205,1,4.755e-05,0.036441,0,0,0,0,0,0,0,0
0,0,0,0,0,0,0,0,0.3061,0.074979,0.65508,-1,0.00014967,-1.1064e-05,-7.705e-06,1,0,0,0.46558,999,999,999,0.36024,0.40326,0.48826,0.75124,0.2214,1.8546e-06,9999,1,1,0,3.7598,0.21221,0,0,0,0,0,0,0,0,1,999,999,999,0,0,0,0,0,0,0,0,0,0,0,0,0,0,0,0,0,0,0,0,0,-0.24077,-1,-1.1064e-05,-0.0045195,0,0,0,0,0,0,0,1
0,0,0,0,0,0,0,0,0.72575,0.66328,-0.66254,1,-0.71625,8.2239e-05,8.167e-05,2,1,0.49455,0.86117,999,999,999,1.8093,0.66435,0.73859,0.1142,0.12612,3.4705e-07,9999,1,-1,1660.2,11.426,0.10458,0,0,0,0,0,0,0,0,1,999,999,999,0,0,0,0,0,0,0,0,0,0,0,0,0,0,0,0,0,0.00012441,0.72575,1,0.67176,0.64296,1,8.167e-05,0.182,0,0,0,0,0,0,0,0
0,0,0,0,0,0,0,0,1.2808,1.7873,-0.25526,-1,-0.06881,-0.047597,0.013313,0,0,0,1.677,-0.9301,0.99401,-0.98128,1.3099,1.2344,1.2841,0.13328,0.19484,3.8738e-07,9999,1,1,791.02,8.6914,0.13858,0,0,0,0,0,0,0,0,1,0.9301,0.99401,-0.063747,0,0,0,0,0,10,0.19484,3.8738e-07,9999,1,791.02,8.6914,0.13858,0.9301,0.99401,-0.063747,0,0.0020774,1.2808,-1,0.99384,0.099329,-1,-0.06881,-0.0015895,0,0,0,0,0,0,0,1
0,0,0,0,0,0,0,0,1.4411,1.5089,-0.98556,-1,0.023072,-0.0018218,0.00012938,1,0,0,1.6797,0.59406,-0.91579,-0.74372,1.2104,1.7849,0.65241,0.90478,0.16189,3.9293e-07,9999,0,1,820.31,6.9336,0.14259,0,0,0,0,0,0,0,0,1,1.4411,0.98288,-0.83519,0,0,0,0,0,10,0.13346,3.9265e-07,9999,-1,781.25,6.1035,0.1424,0.59406,0.91579,-0.82793,-6,0.0094862,1.4411,-1,0.98288,0.77897,1,0.00012938,0.37035,0,0,0,0,0,0,0,0
0,0,0,0,0,0,0,0,0.52168,0,0.77736,1,0.99996,9.4918e-05,-2.7497e-06,0,0,0,0.59199,0.52168,0.51234,-0.55701,0.28649,0.75588,0.29368,0.78764,0.16432,5.591e-07,9999,1,-1,576.17,4.541,0.22302,0,0,0,0,0,0,0,0,1,0.52168,0.51234,-0.6884,0,0,0,0,0,10,0.16432,5.591e-07,9999,-1,576.17,4.541,0.22302,0.52168,0.51234,-0.6884,-6,0.0040785,0.52168,1,0.51234,0.0072052,1,0.99996,0.2593,0,0,0,0,0,0,0,1
0,0,0,0,0,0,0,0,0.32468,0.80296,-0.58996,1,5.4962e-06,-1.2107e-06,-1.2094e-06,2,0,0,0.39013,999,999,999,0.34616,0.086418,0.090482,0.24197,0.13762,6.001e-07,9999,0,-1,517.58,3.8574,0.23594,0,0,0,0,0,0,0,0,1,999,999,999,0,0,0,0,0,0,0,0,0,0,0,0,0,0,0,0,0,0,0,0,0,0.49655,1,5.4962e-06,0.13955,0,0,0,0,0,0,0,0
0,0,0,0,0,0,0,0,0.44134,1.7137,-0.94978,1,0.0016697,-0.00013919,3.6134e-05,0,0,0,0.90337,999,999,999,0.64792,0.83717,0.53409,0,0,0,0,0,0,0,0,0,0,0,0,0,0,0,0,0,0,0,0,0,0,0,0,0,0,0,0,0,0,0,0,0,0,0,0,0,0,0.00060203,0.5919,-1,0.85321,0,0,0,0,0,0,0,0,0,0,0,0
0,0,0,0,0,0,0,0,0.90536,0.96281,-0.98825,1,0.35123,0.00062611,-0.00059855,3,1,0.49709,0.95859,999,999,999,1.1304,0.37137,0.51467,0.74126,0.10437,1.5053e-06,9999,1,-1,0,5.0293,0.17779,0,0,0,0,0,0,0,0,1,0.90536,0.99855,-0.77216,0,0,0,0,0,10,0.10437,1.5053e-06,9999,-1,0,5.0293,0.17779,0.90536,0.99855,-0.77216,-0,0.031707,0.90536,1,0.99855,0.60468,1,0.35123,0.48377,0,0,0,0,0,0,0,0
0,0,0,0,0,0,0,0,0.91431,0,0.9032,-1,0.97233,-0.94329,-0.021903,1,0,0,1.2233,999,999,999,0.6346,0.5996,1.1817,0.25923,0.24593,1.3915e-06,9999,1,1,625,3.7598,0.24162,0,0,0,0,0,0,0,0,1,0.91431,0.99392,-0.21333,0,0,0,0,0,10,0.24593,1.3915e-06,9999,1,625,3.7598,0.24162,0.91431,0.99392,-0.21333,0,0.0023713,0.91431,-1,0.99392,-0.17074,-1,-0.94329,-9.6051e-05,0,0,0,0,0,0,0,1
0,0,0,0,0,0,0,0,1.2617,0.84531,-0.96945,-1,-0.99998,0.90584,-0.080895,2,0,0,1.4581,-1.2617,0.86656,-0.27066,0.26081,1.0205,1.8868,0,0,0,0,0,0,0,0,0,0,0,0,0,0,0,0,0,0,0,0,0,0,0,0,0,0,0,0,0,0,0,0,0,0,0,0,0,0,0.00093952,1.2617,-1,0.86656,0,0,0,0,0,0,0,0,0,0,0,0
0,0,0,0,0,0,0,0,1.6241,0.11349,-0.45789,-1,-0.10252,-0.096105,0.0004262,0,0,0,1.7602,-1.6241,0.98878,-0.95339,0.91808,2.1493,0.76781,0,0,0,0,0,0,0,0,0,0,0,0,0,0,0,0,0,0,0,0,0,0,0,0,0,0,0,0,0,0,0,0,0,0,0,0,0,0,0.0051979,1.6241,-1,0.98878,0,0,0,0,0,0,0,0,0,0,0,0
0,0,0,0,0,0,0,0,0.53564,0.31984,-0.79416,-1,0.99997,-0.97553,0.40408,1,0,0,0.58877,999,999,999,0.27018,0.76735,1.648,0,0,0,0,0,0,0,0,0,0,0,0,0,0,0,0,0,0,0,0,0,0,0,0,0,0,0,0,0,0,0,0,0,0,0,0,0,0,0.00067964,0.53564,-1,0.77163,0,0,0,0,0,0,0,0,0,0,0,1
0,0,0,0,0,0,0,0,0.87657,0,-0.53557,1,0.00682,-3.7917e-07,0,0,0,0,0.70534,999,999,999,0.70398,0.13238,0,0.33595,0.16493,3.7917e-07,9999,1,-1,1103.5,7.6172,0.13238,0,0,0,0,0,0,0,0,1,999,999,999,0,0,0,0,0,0,0,0,0,0,0,0,0,0,0,0,0,0.031245,0.87657,1,0.72773,0.068552,1,0.00682,0.037756,0,0,0,0,0,0,0,1
0,0,0,0,0,0,0,0,0.85848,0.92966,-0.89382,-1,0.00012763,-6.7908e-05,1.2878e-05,0,0,0,1.0069,999,999,999,0.73775,0.65385,0.41679,0,0,0,0,0,0,0,0,0,0,0,0,0,0,0,0,0,0,0,0,0,0,0,0,0,0,0,0,0,0,0,0,0,0,0,0,0,0,0.0090883,0.85848,-1,0.9851,0,0,0,0,0,0,0,0,0,0,0,1
1.5017,0,0.55477,1,0,0,0,0,1.4157,0.77376,-0.50664,-1,-0.96057,-0.020465,8.4902e-05,2,1,0.49612,1.663,999,999,999,0.51319,1.0819,2.2409,0,0,0,0,0,0,0,0,0,0,0,0,0,0,0,0,0,0,0,0,0,0,0,0,0,0,0,0,0,0,0,0,0,0,0,0,0,0,0.0169,1.5017,1,0.9937,0,0,0,0,0,0,0,0,0,0,0,1
0,0,0,0,0,0,0,0,1.1468,0.69026,-0.59538,1,0.37952,-0.00025552,-2.1337e-06,3,1,0.50261,1.1989,999,999,999,1.434,0.81461,0.27457,0.93733,0.23527,1.4023e-06,9999,1,1,620.12,4.9805,0.24223,0,0,0,0,0,0,0,0,1,999,999,999,0,0,0,0,0,0,0,0,0,0,0,0,0,0,0,0,0,0,0,0,0,0.50419,-1,-2.1337e-06,-0.056424,0,0,0,0,0,0,0,0
0,0,0,0,0,0,0,0,0.22429,1.425,-0.77094,-1,0.50271,0.00061303,-2.3668e-05,3,1,0.5004,0.37487,999,999,999,0.58451,0.56334,0.47859,0.21886,0.22429,7.6519e-07,9999,1,-1,693.36,5.0293,0.27496,0,0,0,0,0,0,0,0,1,999,999,999,0,0,0,0,0,0,0,0,0,0,0,0,0,0,0,0,0,0,0,0,0,-0.41631,1,8.7841e-06,0.00028449,0,0,0,0,0,0,0,1
0,0,0,0,0,0,0,0,1.1526,0.79641,-0.40874,-1,-0.046044,0.00011164,-1.0573e-05,0,0,0,1.0027,999,999,999,1.8305,0.75884,0.50439,0,0,0,0,0,0,0,0,0,0,0,0,0,0,0,0,0,0,0,0,0,0,0,0,0,0,0,0,0,0,0,0,0,0,0,0,0,0,0.00023018,1.1526,-1,0.98698,0,0,0,0,0,0,0,0,0,0,0,0
0,0,0,0,0,0,0,0,0.84585,0.52925,-0.19481,1,0.11819,-0.0048519,0.00026897,3,0,0,1.0883,999,999,999,1.1823,0.58252,0.28674,0.76848,0.084142,1.2117e-06,9999,0,1,0,3.6133,0.084716,1,0,-0.10023,0.26409,0.33189,0.45615,0.22997,0.31053,1,999,999,999,0,0,0,0,0,10,0.09657,3.5696e-07,9999,-1,634.77,4.6387,0.11384,0.84585,0.67657,-0.94584,-21,0.0018498,0.84585,1,0.67657,0.96774,1,1.2117e-06,0.58294,0,0,0,0,0,0,0,1
0,0,0,0,0,0,0,0,0.80284,0.38995,0.46123,1,0.18883,0.035002,0.00064177,1,0,0,1.2423,0.80284,0.96979,-0.69396,0.9671,1.2044,0.3845,0.3031,0.14516,3.5302e-07,9999,1,-1,1201.2,12.012,0.11023,0,0,0,0,0,0,0,0,1,0.96319,0.741,-0.00014197,0,0,0,0,0,10,0.14516,3.5302e-07,9999,-1,1201.2,12.012,0.11023,0.96319,0.741,-0.00014197,-9,0.015241,0.80284,1,0.96979,0.41377,1,0.00064177,0.11053,0,0,0,0,0,0,0,0
0,0,0,0,0,0,0,0,1.266,0.76506,-0.01006,-1,-0.038968,-0.00016077,-5.9006e-05,0,0,0,1.6226,-1.0623,-0.8434,-0.63467,1.3845,0.79446,0.63019,0.92539,0.13188,5.4084e-07,9999,1,1,664.06,4.3457,0.21667,0,0,0,0,0,0,0,0,1,1.0623,0.8434,-0.91045,0,0,0,0,0,10,0.13188,5.4084e-07,9999,1,664.06,4.3457,0.21667,1.0623,0.8434,-0.91045,2,0.022481,1.266,-1,0.92158,0.70595,-1,-0.038968,-0.75365,0,0,0,0,0,0,0,0
0,0,0,0,0,0,0,0,1.3143,0.76136,-0.96847,-1,-0.99848,-0.15785,3.806e-06,0,0,0,1.0681,-1.3143,0.95859,-0.93231,0.49605,2.0284,0.31812,0.05834,0.13614,5.5728e-07,9999,1,-1,625,4.5898,0.22241,0,0,0,0,0,0,0,0,1,999,999,999,0,0,0,0,0,0,0,0,0,0,0,0,0,0,0,0,0,0.027142,1.3143,-1,0.95859,0.53953,1,3.806e-06,0.094117,0,0,0,0,0,0,0,0
0,0,0,0,0,0,0,0,1.2612,0,-0.14395,1,0.99433,0.064641,-0.017656,2,1,0.4992,1.845,1.2612,0.77104,-0.99535,0.43625,1.6237,1.129,0,0,0,0,0,0,0,0,0,0,0,0,0,0,0,0,0,0,0,0,0,0,0,0,0,0,0,0,0,0,0,0,0,0,0,0,0,0,0.0021708,1.219,-1,0.99765,0,0,0,0,0,0,0,0,0,0,0,1
0,0,0,0,0,0,0,0,1.5861,0.40572,-0.30592,-1,0.99998,-0.071457,0.069532,0,0,0,1.4312,999,999,999,0.24475,2.4661,1.0563,0.8724,0.16717,7.7912e-07,9999,1,-1,532.23,3.9551,0.27759,0,0,0,0,0,0,0,0,1,1.5031,0.98469,-0.77435,0,0,0,0,0,10,0.16717,7.7912e-07,9999,-1,532.23,3.9551,0.27759,1.5031,0.98469,-0.77435,-2,0.015587,1.5861,-1,0.94539,-0.15782,1,0.99998,0.43428,0,0,0,0,0,0,0,1
0,0,0,0,0,0,0,0,1.2242,1.1497,-0.96064,1,0.95473,0.057004,-2.656e-06,1,0,0,1.3702,1.2242,-0.97751,-0.73957,0.61062,1.4165,0.40888,0.98901,0.13566,1.4606e-06,9999,1,1,0,6.3477,0.17163,0,0,0,0,0,0,0,0,1,999,999,999,0,0,0,0,0,0,0,0,0,0,0,0,0,0,0,0,0,0.00098054,1.2242,1,0.97751,0.17183,-1,-1.2101e-06,-0.88662,0,0,0,0,0,0,0,1
0,0,0,0,0,0,0,0,0.48368,1.3086,-0.81906,1,6.9159e-05,5.6216e-06,-1.5466e-06,1,0,0,0.54938,999,999,999,0.67852,0.34791,0.18296,0.74364,0.093132,1.5466e-06,9999,0,-1,0,3.5645,0.18296,0,0,0,0,0,0,0,0,1,999,999,999,0,0,0,0,0,0,0,0,0,0,0,0,0,0,0,0,0,0,0,0,0,0.50476,1,6.9159e-05,0.67225,0,0,0,0,0,0,0,0
0,0,0,0,0,0,0,0,1.0933,1.1707,-0.57061,1,0.96656,-4.1888e-06,0,0,0,0,1.0555,999,999,999,1.0401,0.32537,0,0,0,0,0,0,0,0,0,0,0,0,0,0,0,0,0,0,0,0,0,0,0,0,0,0,0,0,0,0,0,0,0,0,0,0,0,0,0,0.0074232,1.0933,1,0.93665,0,0,0,0,0,0,0,0,0,0,0,1
0,0,0,0,0,0,0,0,1.3727,0.17079,0.72528,1,0.036222,-0.011568,-0.00069343,1,0,0,1.6812,999,999,999,1.7048,1.8757,0.91629,0.83751,0.09843,3.6387e-07,9999,0,1,1289.1,9.1797,0.11991,0,0,0,0,0,0,0,0,1,1.1551,0.88491,-0.49791,0,0,0,0,0,10,0.09843,3.6387e-07,9999,1,1289.1,9.1797,0.11991,1.1551,0.88491,-0.49791,0,0.011615,1.3727,1,0.52743,-0.49791,-1,-0.011568,-0.70385,0,0,0,0,0,0,0,1
0.50658,0.80927,0.15868,-1,0,0,0,0,0.61467,0.83119,-0.66367,-1,-0.96951,-0.0026011,-0.0006176,2,0,0,0.83832,-0.50658,-0.88402,-0.62628,0.94761,0.50415,0.4943,0.3958,0.096549,3.5941e-07,9999,0,1,1269.5,11.133,0.11603,0,0,0,0,0,0,0,0,1,999,999,999,0,0,0,0,0,0,0,0,0,0,0,0,0,0,0,0,0,0.017638,0.61467,-1,0.85294,0.10724,-1,-0.96951,-0.47522,0.50658,0.80927,0.15868,-1,1,0.016998,0.88402,1
1.521,0.11326,-0.37684,1,0,0,0,0,0.70423,0.074752,0.53485,-1,-0.00020637,5.3033e-05,0,0,0,0,1.2734,999,999,999,0.89704,2.3416,0,0,0,0,0,0,0,0,0,0,0,0,0,0,0,0,0,0,0,0,0,0,0,0,0,0,0,0,0,0,0,0,0,0,0,0,0,0,0,2.4506e-05,1.521,1,0.97271,0,0,0,0,0,0,0,0,0,0,0,1
0,0,0,0,0,0,0,0,1.9131,0,-0.9476,1,0.00016541,-6.756e-06,0,0,0,0,1.9488,999,999,999,2.3036,0.36233,0,0,0,0,0,0,0,0,0,0,0,0,0,0,0,0,0,0,0,0,0,0,0,0,0,0,0,0,0,0,0,0,0,0,0,0,0,0,0,0.002564,1.9131,1,0.99767,0,0,0,0,0,0,0,0,0,0,0,1
0,0,0,0,0.99064,0.067312,-0.14757,-1,0.92298,0.067312,0.10148,-1,-0.031499,-0.018525,0.00020621,0,0,0,1.4348,-0.99064,-0.9181,-0.95191,1.2374,1.1091,0.59438,0,0,0,0,0,0,0,0,0,0,0,0,0,0,0,0,0,0,0,0,0,0,0,0,0,0,0,0,0,0,0,0,0,0,0,0,0,0,0.010574,0.99064,-1,0.9181,0,0,0,0,0,0,0,0,0,0,0,0
0,0,0,0,0,0,0,0,0.78601,1.2356,-0.73739,-1,-0.00020411,-3.0971e-05,6.1649e-07,0,0,0,0.92822,999,999,999,0.95139,0.51208,0.24065,0,0,0,0,0,0,0,0,0,0,0,0,0,0,0,0,0,0,0,0,0,0,0,0,0,0,0,0,0,0,0,0,0,0,0,0,0,0,0.018269,0.78601,-1,0.43873,0,0,0,0,0,0,0,0,0,0,0,1
0,0,0,0,0,0,0,0,0.57562,0.6848,0.68063,1,-0.78081,0.4343,-2.1317e-05,1,0,0,0.66805,999,999,999,0.13807,0.91592,0.46683,0.7055,0.21878,0.78081,9999,1,-1,0,41.406,0.13807,0,0,0,0,0,0,0,0,1,0.57562,0.66271,-0.38337,0,0,0,0,0,10,0.21878,0.78081,9999,-1,0,41.406,0.13807,0.57562,0.66271,-0.38337,-22,0.013647,0.57192,-1,0.87632,0.95091,1,1.2092e-06,7.0932e-06,0,0,0,0,0,0,0,1
0,0,0,0,0,0,0,0,0.80347,2.0233,-0.46545,1,0.057435,0.0010011,-0.00019698,4,1,0.49909,0.84781,999,999,999,1.2349,0.43667,0.22628,0.51888,0.1326,4.3183e-07,9999,0,-1,605.47,5.4688,0.16742,0,0,0,0,0,0,0,0,1,0.80347,0.8146,-0.017813,0,0,0,0,0,10,0.1326,4.3183e-07,9999,-1,605.47,5.4688,0.16742,0.80347,0.8146,-0.017813,-0,0.0069497,0.80347,1,0.8146,-0.017813,1,0.057435,0.25259,0,0,0,0,0,0,0,0
0,0,0,0,0.42163,1.6217,-0.68065,-1,0.71676,0.61481,0.70298,1,-0.94721,0.017601,-0.00019202,4,1,0.50052,1.2846,999,999,999,1.1837,0.58195,0.21871,0.72174,0.12078,3.7691e-07,9999,1,1,878.91,6.6406,0.13062,1,0,1.4607,0.2327,1.081,0.18666,0.0011534,0.061268,1,999,999,999,0,0,0,0,0,10,0.17188,7.0101e-07,9999,-1,673.83,4.0039,0.26173,0.71676,0.89177,-0.12041,-0,0.00058701,0.71676,1,0.89177,0.91866,-1,-0.94721,-0.51471,0,0,0,0,0,0,0,1
0,0,0,0,0,0,0,0,1.3676,0.42692,-0.87731,-1,-0.17003,-3.648e-06,0,0,0,0,1.0163,999,999,999,2.085,0.31492,0,0,0,0,0,0,0,0,0,0,0,0,0,0,0,0,0,0,0,0,0,0,0,0,0,0,0,0,0,0,0,0,0,0,0,0,0,0,0,0.0012267,1.3676,-1,0.95895,0,0,0,0,0,0,0,0,0,0,0,0
1.8642,0.096925,-0.63657,1,0,0,0,0,1.4223,0.50584,0.20952,-1,-0.13454,0.00041468,-4.557e-07,0,0,0,2.1587,999,999,999,1.6942,2.6523,0.18032,0,0,0,0,0,0,0,0,0,0,0,0,0,0,0,0,0,0,0,0,0,0,0,0,0,0,0,0,0,0,0,0,0,0,0,0,0,0,0.0081414,1.8642,1,0.94563,0,0,0,0,0,0,0,0,0,0,0,1
0,0,0,0,0,0,0,0,0.20881,1.3032,-0.8477,-1,-0.99998,-2.977e-05,-1.9196e-05,1,0,0,0.63595,-0.51667,0.8,-0.48521,0.2643,0.39773,0.45561,0.10127,0.24121,6.4133e-07,9999,0,1,434.57,3.8574,0.24736,0,0,0,0,0,0,0,0,1,999,999,999,0,0,0,0,0,0,0,0,0,0,0,0,0,0,0,0,0,0.010924,0.51667,-1,0.8,0.2471,-1,-0.99998,-0.00010585,0,0,0,0,0,0,0,0
0.59657,1.749,0.54347,-1,0,0,0,0,1.0007,1.742,-0.96593,1,-0.99168,0.72913,-0.094487,0,0,0,1.3104,-0.59657,0.79309,-0.86249,0.67352,1.0292,0.84669,0,0,0,0,0,0,0,0,0,0,0,0,0,0,0,0,0,0,0,0,0,0,0,0,0,0,0,0,0,0,0,0,0,0,0,0,0,0,0.0042682,1.0007,1,0.98245,0,0,0,0,0.59657,1.749,0.54347,-1,1,0.0070482,0.79309,0
0,0,0,0,0,0,0,0,0.9415,0.95456,-0.8805,1,0.9999,0.078591,-0.0030063,0,0,0,1.2795,0.9415,0.84062,-0.8937,0.32003,1.0145,1.0826,0.97713,0.18271,4.8598e-07,9999,1,-1,634.77,4.9316,0.19475,0,0,0,0,0,0,0,0,1,0.9415,0.84062,-0.80159,0,0,0,0,0,10,0.18271,4.8598e-07,9999,-1,634.77,4.9316,0.19475,0.9415,0.84062,-0.80159,-0,0.011171,0.9415,1,0.84062,0.98195,1,0.9999,0.75824,0,0,0,0,0,0,0,1
1.1518,0.4153,-0.54035,-1,0,0,0,0,0.98037,0.63813,0.03839,1,0.057523,-0.013662,-2.132e-05,0,0,0,1.5614,999,999,999,1.1941,1.1929,0.46685,0,0,0,0,0,0,0,0,0,0,0,0,0,0,0,0,0,0,0,0,0,0,0,0,0,0,0,0,0,0,0,0,0,0,0,0,0,0,0.0079981,1.1518,-1,0.96872,0,0,0,0,0,0,0,0,0,0,0,0
1.4935,1.0307,-0.62244,1,0,0,0,0,1.619,0.70875,0.31702,-1,-0.99953,-0.032178,0.0064317,0,0,0,2.245,-1.619,-0.94443,-0.58471,0.35127,1.6734,1.668,0.78165,0.10472,1.4916e-06,9999,1,1,0,4.9316,0.17597,0,0,0,0,0,0,0,0,1,999,999,999,0,0,0,0,0,0,0,0,0,0,0,0,0,0,0,0,0,0.0053763,1.619,-1,0.94443,-0.67756,-1,-0.99953,-0.64849,0,0,0,0,0,0,0,0
0,0,0,0,0,0,0,0,0.60575,0.30529,0.79621,1,0.00016498,0,0,0,0,0,0.58729,999,999,999,0.7673,0,0,0,0,0,0,0,0,0,0,0,0,0,0,0,0,0,0,0,0,0,0,0,0,0,0,0,0,0,0,0,0,0,0,0,0,0,0,0,0,0.014139,0.60575,1,0.9183,0,0,0,0,0,0,0,0,0,0,0,1
1.9411,0.038433,-0.82987,1,0,0,0,0,0.98738,1.0037,0.40893,-1,0.99955,-0.01258,0.0063493,0,0,0,1.9733,1.9411,-0.99052,-0.3683,0.41943,1.5183,1.7847,0,0,0,0,0,0,0,0,0,0,0,0,0,0,0,0,0,0,0,0,0,0,0,0,0,0,0,0,0,0,0,0,0,0,0,0,0,0,0.0099155,1.9411,1,0.99052,0,0,0,0,0,0,0,0,0,0,0,1
0,0,0,0,0,0,0,0,0.67384,0.95763,-0.64636,1,0.99802,0.98165,-2.624e-06,2,0,0,0.83552,999,999,999,0.48257,0.62548,0.29017,0,0,0,0,0,0,0,0,0,0,0,0,0,0,0,0,0,0,0,0,0,0,0,0,0,0,0,0,0,0,0,0,0,0,0,0,0,0,0.0056078,0.88498,1,0.58465,0,0,0,0,0,0,0,0,0,0,0,1
0,0,0,0,1.1688,0.46424,-0.76482,-1,0.81635,0.64106,0.54794,1,-0.112,0.00027599,-8.1391e-07,0,0,0,1.276,999,999,999,1.7005,0.95796,0.28381,0.12149,0.17279,8.1391e-07,9999,1,-1,527.34,3.6621,0.28381,0,0,0,0,0,0,0,0,1,0.81635,0.98985,-0.13992,0,0,0,0,0,10,0.17279,8.1391e-07,9999,-1,527.34,3.6621,0.28381,0.81635,0.98985,-0.13992,-5,0.0095584,1.1688,-1,0.84486,0.47968,-1,-0.112,-0.0063691,0,0,0,0,0,0,0,0
0,0,0,0,0,0,0,0,0.91259,0.52956,-0.4832,-1,-0.050716,0.0018446,1.4529e-05,1,0,0,0.8686,-0.50802,-0.6357,-0.22631,1.3686,0.46918,0.53173,0,0,0,0,0,0,0,0,0,0,0,0,0,0,0,0,0,0,0,0,0,0,0,0,0,0,0,0,0,0,0,0,0,0,0,0,0,0,0.0084924,0.91259,-1,0.44518,0,0,0,0,0,0,0,0,0,0,0,1
0,0,0,0,0,0,0,0,0.54491,0.76883,-0.57171,-1,-0.005358,-0.00074458,4.3745e-07,0,0,0,0.73098,999,999,999,0.76684,0.6956,0.17059,0.7873,0.19608,4.3745e-07,9999,1,1,781.25,5.5176,0.17059,0,0,0,0,0,0,0,0,1,999,999,999,0,0,0,0,0,0,0,0,0,0,0,0,0,0,0,0,0,0.0075001,0.54491,-1,0.97412,0.64492,-1,-0.00074458,-0.053406,0,0,0,0,0,0,0,1
0,0,0,0,0,0,0,0,0.78923,1.1911,-0.85124,1,0.19565,0.0013391,6.671e-05,4,0,0,0.69696,999,999,999,1.2528,0.45172,0.66029,0.67433,0.078563,1.3908e-06,9999,0,-1,0,6.9336,0.16051,0,0,0,0,0,0,0,0,1,999,999,999,0,0,0,0,0,10,0.065418,1.2684e-06,9999,-1,0,3.5645,0.054008,0.78923,0.9532,-0.15343,-11,0.023668,0.78923,1,0.9532,0.6933,1,0.19565,0.70837,0,0,0,0,0,0,0,1
0.32419,0.73581,0.86681,1,0,0,0,0,0.72374,0.69397,-0.92802,-1,-0.00014299,1.5424e-05,-1.2896e-06,2,0,0,0.81534,999,999,999,0.90154,0.43367,0.1385,0.65056,0.065981,1.2896e-06,9999,0,-1,0,8.3984,0.1385,0,0,0,0,0,0,0,0,1,999,999,999,0,0,0,0,0,0,0,0,0,0,0,0,0,0,0,0,0,0.0022188,0.72374,-1,0.97379,-0.5878,1,1.5424e-05,0.7496,0.32419,0.73581,0.86681,1,1,0.012398,0.69737,0
1.5307,0.31367,-0.5502,-1,0,0,0,0,0.58733,0.054788,-0.19871,1,0.13035,-0.0001775,-2.7882e-06,0,0,0,1.6705,999,999,999,0.74981,1.6812,0.29473,0,0,0,0,0,0,0,0,0,0,0,0,0,0,0,0,0,0,0,0,0,0,0,0,0,0,0,0,0,0,0,0,0,0,0,0,0,0,0.0067729,1.5307,-1,0.84905,0,0,0,0,0,0,0,0,0,0,0,0
0,0,0,0,0,0,0,0,0.31683,0.69888,-0.40535,-1,0.024102,-8.5504e-06,-1.2235e-06,2,0,0,0.32357,999,999,999,0.82897,0.3814,0.11212,0.13888,0.048781,1.2235e-06,9999,0,-1,0,4.1992,0.11212,0,0,0,0,0,0,0,0,1,999,999,999,0,0,0,0,0,0,0,0,0,0,0,0,0,0,0,0,0,0,0,0,0,0.66012,1,0.024102,0.66735,0,0,0,0,0,0,0,0
1.0532,0,-0.35337,-1,0,0,0,0,1.2169,0,-0.61469,-1,-0.069701,-0.0054505,4.6367e-07,1,0,0,1.5556,-1.0532,0.84063,-0.48277,1.5152,1.3875,0.18431,0,0,0,0,0,0,0,0,0,0,0,0,0,0,0,0,0,0,0,0,0,0,0,0,0,0,0,0,0,0,0,0,0,0,0,0,0,0,0.012976,1.2169,-1,0.86048,0,0,0,0,0,0,0,0,0,0,0,0
0,0,0,0,0,0,0,0,0.77531,0.84632,-0.96457,1,-0.99477,0.12638,0.00062061,1,0,0,1.0032,999,999,999,0.57911,0.69292,0.36528,0.98046,0.088181,3.9364e-07,9999,1,-1,937.5,6.2012,0.1431,0,0,0,0,0,0,0,0,1,0.77531,0.98914,-0.97066,0,0,0,0,0,10,0.088181,3.9364e-07,9999,-1,937.5,6.2012,0.1431,0.77531,0.98914,-0.97066,-2,0.046777,0.77531,1,0.98914,-0.97066,1,0.12638,0.87279,0,0,0,0,0,0,0,1
0,0,0,0,0,0,0,0,2.38,0.22786,-0.40699,-1,-0.70312,-0.030637,1.1976e-05,1,0,0,2.5823,-2.2184,-0.99316,-0.99601,3.6032,1.7897,0.41026,0.92476,0.13038,5.5481e-07,9999,0,1,581.05,4.6875,0.22157,0,0,0,0,0,0,0,0,1,2.2184,0.99316,-0.9606,0,0,0,0,0,10,0.13038,5.5481e-07,9999,1,581.05,4.6875,0.22157,2.2184,0.99316,-0.9606,2,0.0013968,2.38,-1,0.99922,0.93819,-1,-0.70312,-0.7552,0,0,0,0,0,0,0,0
0,0,0,0,0,0,0,0,0.52439,0.6774,-0.37878,1,-0.83104,-0.00080134,6.5317e-05,3,1,0.49491,0.88406,999,999,999,0.59885,0.40617,0.6321,0.047018,0.087948,3.6112e-07,9999,0,-1,1220.7,9.2773,0.11753,0,0,0,0,0,0,0,0,1,0.52439,0.72273,-0.46005,0,0,0,0,0,10,0.087948,3.6112e-07,9999,-1,1220.7,9.2773,0.11753,0.52439,0.72273,-0.46005,-5,0.049813,0.76992,-1,0.93853,-0.063735,-1,-0.83104,-0.00021958,0,0,0,0,0,0,0,0
1.7947,0.17041,-0.66847,1,0,0,0,0,1.1248,0.49853,-0.11478,-1,-0.050734,6.4435e-05,6.4763e-07,0,0,0,1.8309,999,999,999,1.3957,2.6758,0.24899,0.9879,0.1634,4.1265e-07,9999,1,-1,781.25,5.0293,0.15585,0,0,0,0,0,0,0,0,1,1.7947,0.95249,-0.96462,0,0,0,0,0,10,0.1634,4.1265e-07,9999,-1,781.25,5.0293,0.15585,1.7947,0.95249,-0.96462,-2,0.0001135,1.7947,1,0.95249,-0.96462,1,6.4435e-05,0.85801,0,0,0,0,0,0,0,1
0,0,0,0,0,0,0,0,1.3624,0.75861,0.59797,-1,-0.56509,9.0027e-05,-4.2049e-07,0,0,0,1.0382,999,999,999,2.1742,0.81473,0.16072,0.75223,0.13442,4.2049e-07,9999,1,-1,722.66,6.8359,0.16072,0,0,0,0,0,0,0,0,1,0.54034,0.97405,-0.83617,0,0,0,0,0,10,0.13442,4.2049e-07,9999,-1,722.66,6.8359,0.16072,0.54034,0.97405,-0.83617,-0,0.00059534,1.3624,-1,0.98656,-0.83617,1,9.0027e-05,0.45195,0,0,0,0,0,0,0,1
0,0,0,0,0,0,0,0,1.088,0,-0.15416,1,0.032459,-4.3631e-07,0,0,0,0,1.0148,999,999,999,1.4526,0.16995,0,0.93326,0.13702,4.3631e-07,9999,1,-1,761.72,6.25,0.16995,0,0,0,0,0,0,0,0,1,1.088,0.98895,-0.95063,0,0,0,0,0,10,0.13702,4.3631e-07,9999,-1,761.72,6.25,0.16995,1.088,0.98895,-0.95063,-2,0.00069321,1.088,1,0.98895,-0.95063,1,0.032459,0.76102,0,0,0,0,0,0,0,1
0,0,0,0,0,0,0,0,0.20869,0,-0.49406,-1,5.5734e-07,-3.8467e-07,0,0,0,0,0.2344,999,999,999,0.22243,0.13657,0,0.76948,0.19663,5.5734e-07,9999,1,1,634.77,4.5898,0.22243,0,0,0,0,0,0,0,0,1,999,999,999,0,0,0,0,0,0,0,0,0,0,0,0,0,0,0,0,0,0,0,0,0,0,0,0,0,0,0,0,0,0,0,0,0
0,0,0,0,0,0,0,0,0.87906,0.71362,-0.87565,-1,-0.021304,-7.8117e-05,1.4849e-06,1,0,0,0.81134,-0.87906,-0.91562,-0.0030554,0.68758,0.72178,0.17506,0.52497,0.089767,1.4849e-06,9999,1,1,0,6.2012,0.17506,1,0,-0.76565,0.29862,-3.923,0.43132,0.0059858,2.6423,1,999,999,999,0,0,0,0,0,0,0,0,0,0,0,0,0,0,0,0,0,0.026786,0.87906,-1,0.91562,0.98899,-1,-0.021304,-0.58519,0,0,0,0,0,0,0,1
0,0,0,0,0,0,0,0,0.79228,1.4252,0.022025,1,0.0008237,0.00021411,2.1367e-05,3,2,0.49863,0.99423,999,999,999,0.58656,0.83811,0.46692,0.20602,0.11956,3.3662e-07,9999,0,-1,170.9,6.8359,0.094063,0,1,0,0,0,0,0,0,1,999,999,999,0,0,0,0,0,10,0.18653,3.4087e-06,9999,-1,0,4.4922,0.28069,0.79228,0.82539,-0.94964,-5,0.065043,0.79228,1,0.82539,0.5638,1,0.00021411,0.26434,0,0,0,0,0,0,0,0
0,0,0,0,0,0,0,0,0.59484,0.34304,-0.50883,-1,0.99501,-0.00012908,3.8729e-05,3,1,0.49912,1.0204,999,999,999,0.54323,0.68236,0.5444,0,0,0,0,0,0,0,0,0,0,0,0,0,0,0,0,0,0,0,0,0,0,0,0,0,0,0,0,0,0,0,0,0,0,0,0,0,0,0.0056057,0.51974,1,0.51212,0,0,0,0,0,0,0,0,0,0,0,1
0,0,0,0,0,0,0,0,0.38508,0.80524,0.05566,1,-0.94317,2.5455e-05,2.2731e-05,2,0,0,0.69936,999,999,999,0.78159,0.48715,0.47398,0.663,0.1022,3.7218e-07,9999,0,-1,917.97,8.1055,0.12684,0,0,0,0,0,0,0,0,1,999,999,999,0,0,0,0,0,0,0,0,0,0,0,0,0,0,0,0,0,0,0,0,0,0.67334,1,2.5455e-05,0.58815,0,0,0,0,0,0,0,1
0,0,0,0,0.72157,0.35918,0.76533,-1,1.1724,0.6641,-0.81204,-1,0.97839,-0.9666,-0.053439,0,0,0,1.1244,999,999,999,0.53688,0.88449,1.1072,0,0,0,0,0,0,0,0,0,0,0,0,0,0,0,0,0,0,0,0,0,0,0,0,0,0,0,0,0,0,0,0,0,0,0,0,0,0,0.008122,1.1724,-1,0.94276,0,0,0,0,0,0,0,0,0,0,0,1
0,0,0,0,0,0,0,0,0.67319,1.1014,-0.062377,1,0.96434,0.00047383,2.6039e-05,2,0,0,0.71622,999,999,999,1.0874,0.53565,0.48988,0.39366,0.12621,5.1594e-07,9999,0,-1,546.88,4.1016,0.2073,0,0,0,0,0,0,0,0,1,0.67319,0.79094,-0.24285,0,0,0,0,0,10,0.12621,5.1594e-07,9999,-1,546.88,4.1016,0.2073,0.67319,0.79094,-0.24285,-0,0.0012441,0.67319,1,0.79094,-0.24285,1,0.96434,0.26043,0,0,0,0,0,0,0,1
0,0,0,0,0,0,0,0,0.56098,0.097393,-0.20937,-1,-0.014065,-0.00018923,0.00018522,2,1,0.50405,0.82234,999,999,999,0.73771,0.2139,0.20602,0.85988,0.17195,4.3521e-07,9999,0,1,683.59,4.6387,0.16934,0,0,0,0,0,0,0,0,1,999,999,999,0,0,0,0,0,0,0,0,0,0,0,0,0,0,0,0,0,0.010435,0.56098,-1,0.84032,0.89076,-1,-0.00018923,-0.35383,0,0,0,0,0,0,0,0
0,0,0,0,0,0,0,0,0.58226,0.91037,-0.77282,1,-0.032725,0.00013246,2.2435e-05,0,0,0,0.78535,999,999,999,1.037,0.81,0.4725,0.18426,0.13655,4.3337e-07,9999,1,-1,820.31,8.4961,0.1683,0,0,0,0,0,0,0,0,1,0.58226,0.98024,-0.18216,0,0,0,0,0,10,0.13655,4.3337e-07,9999,-1,820.31,8.4961,0.1683,0.58226,0.98024,-0.18216,-5,0.00066153,0.58226,1,0.98024,-0.18216,1,0.00013246,0.12947,0,0,0,0,0,0,0,1
0,0,0,0,0,0,0,0,0.80988,0.55948,-0.79743,-1,0.86115,-0.77679,-0.0049965,2,0,0,0.84299,999,999,999,0.22016,0.88571,0.58602,0.39268,0.17623,3.5597e-07,9999,0,-1,1308.6,11.035,0.11294,0,0,0,0,0,0,0,0,1,999,999,999,0,0,0,0,0,0,0,0,0,0,0,0,0,0,0,0,0,0.0087373,0.80988,-1,0.817,0.30393,1,0.86115,0.020512,0,0,0,0,0,0,0,0
0,0,0,0,0,0,0,0,0.41536,0.88268,-0.75713,-1,0.99998,-4.3897e-05,1.4974e-06,0,0,0,0.56985,999,999,999,0.25716,0.56621,0.17674,0.14924,0.092722,1.4974e-06,9999,1,1,0,1.8311,0.17674,0,0,0,0,0,0,0,0,1,999,999,999,0,0,0,0,0,0,0,0,0,0,0,0,0,0,0,0,0,0,0,0,0,0.1603,1,0.99998,0.0023274,0,0,0,0,0,0,0,1
0,0,0,0,0.89937,0.041329,-0.46177,-1,0.82078,0,-0.11886,1,-0.0406,-0.00027265,9.4689e-05,1,0,0,1.2439,-0.89937,0.59873,-0.091398,0.71374,0.80384,0.65628,0,0,0,0,0,0,0,0,0,0,0,0,0,0,0,0,0,0,0,0,0,0,0,0,0,0,0,0,0,0,0,0,0,0,0,0,0,0,0.0062245,0.89937,-1,0.59873,0,0,0,0,0,0,0,0,0,0,0,0
1.0973,0.040164,-0.88915,-1,0,0,0,0,0.41357,0.12656,0.0089117,1,-0.47965,-5.3048e-05,7.3633e-06,1,0,0,0.96569,999,999,999,0.54515,1.5988,0.36922,0.23387,0.24892,7.3633e-06,9999,1,1,473.63,3.5645,0.36922,0,0,0,0,0,0,0,0,1,1.0973,0.96133,-0.24627,0,0,0,0,0,10,0.24892,7.3633e-06,9999,1,473.63,3.5645,0.36922,1.0973,0.96133,-0.24627,8,0.0099235,1.0973,-1,0.96133,0.65666,-1,-0.47965,-8.3244e-05,0,0,0,0,0,0,0,0
0,0,0,0,0,0,0,0,0.76044,0.57322,-0.21768,1,0.27254,-0.16352,0.0069133,1,0,0,1.1896,999,999,999,0.67742,1.1526,0.63135,0.042725,0.11954,1.2239e-06,9999,1,-1,0,27.734,0.073138,0,0,0,0,0,0,0,0,1,999,999,999,0,0,0,0,0,0,0,0,0,0,0,0,0,0,0,0,0,0.0019089,0.76409,-1,0.9518,0.77784,1,1.1428e-05,0.21245,0,0,0,0,0,0,0,0
0,0,0,0,0,0,0,0,0.72565,1.6204,-0.85072,-1,-0.00068034,2.6118e-05,-1.349e-05,0,0,0,0.9575,999,999,999,0.95207,0.49025,0.42105,0,0,0,0,0,0,0,0,0,0,0,0,0,0,0,0,0,0,0,0,0,0,0,0,0,0,0,0,0,0,0,0,0,0,0,0,0,0,0.0098963,0.72565,-1,0.98979,0,0,0,0,0,0,0,0,0,0,0,1
0.35066,1.9685,0.3557,-1,0,0,0,0,1.2774,1.6296,-0.79122,1,0.93984,0.1176,-0.0416,0,0,0,1.8106,1.2774,-0.79376,-0.43461,1.1615,1.1328,0.53667,0,0,0,0,0,0,0,0,0,0,0,0,0,0,0,0,0,0,0,0,0,0,0,0,0,0,0,0,0,0,0,0,0,0,0,0,0,0,0.0087737,1.2774,1,0.79376,0,0,0,0,0.35066,1.9685,0.3557,-1,1,0.049504,0.13295,1
0,0,0,0,1.7444,0.16664,-0.53886,-1,1.4578,0,0.14468,1,-0.00077544,0.00020588,0,0,0,0,2.1324,999,999,999,1.9063,2.0991,0,0,0,0,0,0,0,0,0,0,0,0,0,0,0,0,0,0,0,0,0,0,0,0,0,0,0,0,0,0,0,0,0,0,0,0,0,0,0,0.00060813,1.7444,-1,0.96049,0,0,0,0,0,0,0,0,0,0,0,0
0,0,0,0,0.55475,2.1865,-0.76714,-1,0.7288,2.1199,0.1006,-1,0.25065,-0.1575,-0.002885,2,0,0,0.9259,999,999,999,0.53075,1.0902,0.88405,0.88267,0.11209,3.4219e-07,9999,1,-1,1562.5,14.648,0.099788,0,0,0,0,0,0,0,0,1,999,999,999,0,0,0,0,0,10,0.17029,0.0001745,9999,1,771.48,0,0.16549,0.7288,0.85848,-0.017799,6,0.021457,0.7288,-1,0.85848,0.57979,1,0.25065,0.71969,0,0,0,0,0,0,0,1
0,0,0,0,0,0,0,0,0.9996,1.3504,-0.78275,1,0.98606,-0.9722,0.055897,0,0,0,1.3536,0.9996,0.83634,-0.54273,0.74575,0.57705,1.5254,0.65576,0.13382,3.9901e-07,9999,1,1,732.42,5.7617,0.14684,0,0,0,0,0,0,0,0,1,0.56954,0.5266,-0.88156,0,0,0,0,0,10,0.13382,3.9901e-07,9999,1,732.42,5.7617,0.14684,0.56954,0.5266,-0.88156,6,0.013103,0.9996,1,0.83634,-0.13895,-1,-0.9722,-0.34102,0,0,0,0,0,0,0,1
0,0,0,0,0,0,0,0,1.2368,0.89869,-0.46364,1,0.39852,-0.0039807,0.00021918,1,0,0,1.4189,999,999,999,1.1742,0.67284,0.42921,0.56561,0.078455,1.2233e-06,9999,0,1,0,9.9609,0.11197,0,0,0,0,0,0,0,0,1,999,999,999,0,0,0,0,0,0,0,0,0,0,0,0,0,0,0,0,0,0.025597,1.2368,1,0.60312,0.68549,-1,-0.0039807,-0.67534,0,0,0,0,0,0,0,1
1.5175,0,-0.83026,-1,0,0,0,0,0.99675,0.17358,-0.5852,1,-0.019036,7.0716e-05,0,0,0,0,1.3588,999,999,999,1.2588,0.66816,0,0,0,0,0,0,0,0,0,0,0,0,0,0,0,0,0,0,0,0,0,0,0,0,0,0,0,0,0,0,0,0,0,0,0,0,0,0,0,0.01026,1.5175,-1,0.84855,0,0,0,0,0,0,0,0,0,0,0,0
0,0,0,0,0,0,0,0,0.9631,0,-0.027002,1,0.07224,-4.3705e-05,-8.326e-06,1,1,0.50153,0.92107,0.54686,-0.91055,-0.6678,1.4306,0.59255,0.37921,0,0,0,0,0,0,0,0,0,0,0,0,0,0,0,0,0,0,0,0,0,0,0,0,0,0,0,0,0,0,0,0,0,0,0,0,0,0,0.011395,0.9631,1,0.85344,0,0,0,0,0,0,0,0,0,0,0,1
0,0,0,0,0,0,0,0,0.33807,0,0.40114,-1,0.00010961,-1.3649e-05,0,0,0,0,0.5153,999,999,999,0.70555,0.52756,0,0,0,0,0,0,0,0,0,0,0,0,0,0,0,0,0,0,0,0,0,0,0,0,0,0,0,0,0,0,0,0,0,0,0,0,0,0,0,0.037154,0.50051,1,0.46457,0,0,0,0,0,0,0,0,0,0,0,0
0,0,0,0,0,0,0,0,0.47344,0.5564,-0.69738,-1,-0.99819,0.40932,-0.24007,2,1,0.49812,0.95836,999,999,999,0.44273,0.7564,0.66474,0,0,0,0,0,0,0,0,0,0,0,0,0,0,0,0,0,0,0,0,0,0,0,0,0,0,0,0,0,0,0,0,0,0,0,0,0,0,0.022673,0.83197,-1,0.932,0,0,0,0,0,0,0,0,0,0,0,0
1.227,0.10271,-0.57634,-1,0,0,0,0,0.99713,0,-0.82645,-1,-0.00091375,-6.17e-05,4.6984e-05,0,0,0,1.2668,999,999,999,1.0608,0.641,0.53501,0.85889,0.13395,3.7009e-07,9999,1,1,1054.7,7.4219,0.12514,0,0,0,0,0,0,0,0,1,1.227,0.72558,-0.36866,0,0,0,0,0,10,0.13395,3.7009e-07,9999,1,1054.7,7.4219,0.12514,1.227,0.72558,-0.36866,2,0.0057254,1.227,-1,0.72558,0.71774,-1,-6.17e-05,-0.61647,0,0,0,0,0,0,0,0
0,0,0,0,0,0,0,0,1.6063,0.21486,-0.55314,1,0.63209,0.00011673,-5.3248e-05,1,1,0.49733,1.3554,0.8513,-0.84607,-0.67991,2.6042,0.79676,0.33566,0.4146,0.16335,4.1882e-07,9999,0,1,732.42,8.3008,0.1597,0,1,0,0,0,0,0,0,1,999,999,999,0,0,0,0,0,0,0,0,0,0,0,0,0,0,0,0,0,0.0088176,1.6063,1,0.96022,-0.031327,-1,-7.9538e-06,-0.052179,0,0,0,0,0,0,0,1
0,0,0,0,0,0,0,0,0.28544,0.27755,0.6876,1,0.22746,-0.00053322,-1.2659e-06,3,0,0,0.47339,999,999,999,1.0764,0.57086,0.13126,0.32006,0.062517,1.2659e-06,9999,1,-1,0,9.5703,0.13126,0,0,0,0,0,0,0,0,1,999,999,999,0,0,0,0,0,0,0,0,0,0,0,0,0,0,0,0,0,0,0,0,0,0.43851,1,0.22746,0.63339,0,0,0,0,0,0,0,0
1.1591,0.088898,-0.84213,1,0,0,0,0,0.3063,0.088898,0.15275,-1,0.89209,0.016178,-0.00041251,0,0,0,1.4067,999,999,999,0.26142,1.3073,0.90981,0,0,0,0,0,0,0,0,0,0,0,0,0,0,0,0,0,0,0,0,0,0,0,0,0,0,0,0,0,0,0,0,0,0,0,0,0,0,0.025429,1.1591,1,0.845,0,0,0,0,0,0,0,0,0,0,0,1
0,0,0,0,0,0,0,0,1.4936,0,-0.63869,1,-0.99978,-0.00087085,0.00083379,0,0,0,0.89758,999,999,999,0.32719,0.72726,0.96123,0.39316,0.090545,1.2267e-06,9999,1,1,0,14.258,0.071402,0,0,0,0,0,0,0,0,1,0.55597,0.4065,-0.42292,0,0,0,0,0,10,0.090545,1.2267e-06,9999,1,0,14.258,0.071402,0.55597,0.4065,-0.42292,8,0.0032958,1.4936,1,0.99882,0.87309,-1,-0.99978,-0.51278,0,0,0,0,0,0,0,0
1.1435,0.054773,0.47606,1,0,0,0,0,1.0373,0.093011,-0.75234,-1,0.083524,-0.0058951,0,0,0,0,1.5179,999,999,999,1.151,1.1993,0,0,0,0,0,0,0,0,0,0,0,0,0,0,0,0,0,0,0,0,0,0,0,0,0,0,0,0,0,0,0,0,0,0,0,0,0,0,0,0.010694,1.1435,1,0.94857,0,0,0,0,0,0,0,0,0,0,0,1
0,0,0,0,0,0,0,0,0.158,0.14476,0.092108,1,0.00019274,-6.867e-06,-6.3897e-07,0,1,0.49878,0.374,999,999,999,0.21988,0.36344,0.24674,0.47447,0.158,0.00019274,9999,1,1,673.83,0,0.21988,0,1,0,0,0,0,0,0,1,999,999,999,0,0,0,0,0,0,0,0,0,0,0,0,0,0,0,0,0,0,0,0,0,-0.87268,-1,-6.867e-06,-0.081347,0,0,0,0,0,0,0,1
0,0,0,0,0,0,0,0,0.79837,0.63119,-0.54559,-1,-0.90284,-6.2461e-05,3.5723e-06,1,0,0,1.0776,-0.76713,-0.81837,-0.70105,1.1824,0.81643,0.28505,0.94647,0.10483,1.2659e-06,9999,1,-1,0,8.0078,0.13129,0,0,0,0,0,0,0,0,1,999,999,999,0,0,0,0,0,10,0.20987,4.9263e-07,9999,1,561.52,4.9316,0.19767,0.79837,0.98316,-0.98326,4,0.0024727,0.79837,-1,0.98316,-0.98326,-1,-0.90284,-0.26695,0,0,0,0,0,0,0,0
0,0,0,0,0,0,0,0,0.70284,0,0.091401,-1,-0.00048256,-5.8812e-07,5.6229e-07,0,0,0,0.67546,999,999,999,1.0177,0.23234,0.22409,0,0,0,0,0,0,0,0,0,0,0,0,0,0,0,0,0,0,0,0,0,0,0,0,0,0,0,0,0,0,0,0,0,0,0,0,0,0,0.021009,0.70284,-1,0.99735,0,0,0,0,0,0,0,0,0,0,0,0
0,0,0,0,0,0,0,0,0.58033,0.23807,-0.69565,1,8.6243e-05,-8.5724e-07,0,0,0,0,0.60638,999,999,999,0.74617,0.29097,0,0.35795,0.20803,8.5724e-07,9999,1,-1,517.58,4.9805,0.29097,0,0,0,0,0,0,0,0,1,999,999,999,0,0,0,0,0,0,0,0,0,0,0,0,0,0,0,0,0,0.0077015,0.58033,1,0.8053,0.26519,1,8.6243e-05,0.0014149,0,0,0,0,0,0,0,0
0.39195,0.4367,0.13806,1,0,0,0,0,1.9949,0.15309,-0.96819,-1,-0.32144,5.446e-05,0,0,0,0,2.0227,999,999,999,2.4187,0.49493,0,0,0,0,0,0,0,0,0,0,0,0,0,0,0,0,0,0,0,0,0,0,0,0,0,0,0,0,0,0,0,0,0,0,0,0,0,0,0,0.0024929,1.9949,-1,0.9844,0,0,0,0,0.39195,0.4367,0.13806,1,1,0.00194,0.52821,0
1.5568,0.36312,-0.91145,1,0,0,0,0,0.1648,0.25416,0.71263,-1,5.5314e-05,-2.0351e-06,0,0,0,0,1.1747,999,999,999,2.362,0.22479,0,0.71764,0.1648,2.0351e-06,9999,1,-1,0,5.3711,0.22479,0,0,0,0,0,0,0,0,1,1.5568,0.92324,-0.59849,0,0,0,0,0,10,0.1648,2.0351e-06,9999,-1,0,5.3711,0.22479,1.5568,0.92324,-0.59849,-0,0.017677,1.5568,1,0.92324,-0.59849,1,5.5314e-05,0.15887,0,0,0,0,0,0,0,1
0,0,0,0,0,0,0,0,2.0161,0.22936,0.47857,1,0.99993,0.17064,-0.00031384,0,0,0,2.2,2.0161,0.99747,-0.7322,0.30478,2.7633,1.0752,0.95429,0.062824,3.5217e-07,9999,1,-1,2539.1,8.7891,0.10945,0,0,0,0,0,0,0,0,1,0.58802,0.68554,-0.44299,0,0,0,0,0,10,0.062824,3.5217e-07,9999,-1,2539.1,8.7891,0.10945,0.58802,0.68554,-0.44299,-5,0.0034839,2.0161,1,0.99747,0.9344,1,0.17064,0.83278,0,0,0,0,0,0,0,1
0,0,0,0,0,0,0,0,0.90477,0.23782,-0.3924,1,-0.99987,0.99842,-0.33316,1,0,0,1.0714,999,999,999,0.38861,0.49739,0.85488,0,0,0,0,0,0,0,0,0,0,0,0,0,0,0,0,0,0,0,0,0,0,0,0,0,0,0,0,0,0,0,0,0,0,0,0,0,0,0.012173,0.90477,1,0.91981,0,0,0,0,0,0,0,0,0,0,0,0
0,0,0,0,0,0,0,0,1.0856,0.26394,0.76251,1,-0.9646,0.002472,-9.2515e-05,1,0,0,1.4874,999,999,999,0.9388,1.3626,0.65579,0.18196,0.18475,4.6604e-07,9999,1,1,703.12,5.2246,0.18547,0,0,0,0,0,0,0,0,1,999,999,999,0,0,0,0,0,0,0,0,0,0,0,0,0,0,0,0,0,0.0061742,1.0856,1,0.98323,0.24276,-1,-0.9646,-0.0043614,0,0,0,0,0,0,0,1
0,0,0,0,0,0,0,0,0.30662,0.35115,-0.52365,1,-0.99921,-0.257,-0.086387,1,0,0,1.2321,-0.58706,0.93914,-0.5761,0.39526,0.81801,0.98722,0.55461,0.22952,0.99921,9999,1,-1,1132.8,8.4961,0.39526,0,0,0,0,0,0,0,0,1,999,999,999,0,0,0,0,0,0,0,0,0,0,0,0,0,0,0,0,0,0.0066402,0.71345,-1,0.82185,0.74383,1,1.9527e-05,4.9809e-06,0,0,0,0,0,0,0,0
0,0,0,0,0,0,0,0,1.0325,0.47461,0.84499,-1,-0.056409,-0.00046075,2.3781e-05,2,0,0,1.4949,-0.98744,-0.61052,-0.82394,1.309,1.1046,0.47914,0.51213,0.18648,7.8183e-07,9999,1,1,488.28,4.5898,0.27809,0,0,0,0,0,0,0,0,1,1.0325,0.94167,-0.50875,0,0,0,0,0,10,0.18648,7.8183e-07,9999,1,488.28,4.5898,0.27809,1.0325,0.94167,-0.50875,0,0.0017,0.98744,-1,0.61052,0.18661,-1,-1.2095e-06,-0.014223,0,0,0,0,0,0,0,0
1.6289,0.59896,-0.69341,-1,0,0,0,0,1.3531,0.063999,-0.10119,1,-0.99988,0.025822,-0.00030826,0,0,0,2.0747,999,999,999,0.30854,1.5596,1.584,0,0,0,0,0,0,0,0,0,0,0,0,0,0,0,0,0,0,0,0,0,0,0,0,0,0,0,0,0,0,0,0,0,0,0,0,0,0,0.0038844,1.6289,-1,0.89836,0,0,0,0,0,0,0,0,0,0,0,0
0,0,0,0,0,0,0,0,0.053967,0.82638,-0.8386,1,-0.97991,1.7418e-05,9.7113e-06,1,0,0,0.78471,999,999,999,0.55504,0.44563,0.39205,0.54566,0.053967,1.2475e-06,9999,0,1,0,25.781,0.06139,0,0,0,0,0,0,0,0,1,999,999,999,0,0,0,0,0,0,0,0,0,0,0,0,0,0,0,0,0,0,0,0,0,-0.37558,-1,-0.97991,-0.77678,0,0,0,0,0,0,0,0
1.8468,0,0.282,1,0,0,0,0,1.108,1.5271,-0.51689,1,0.96862,-0.0035212,-0.00012312,1,0,0,2.1915,1.8468,0.98704,-0.96704,1.0096,0.54565,0.74596,0,0,0,0,0,0,0,0,0,0,0,0,0,0,0,0,0,0,0,0,0,0,0,0,0,0,0,0,0,0,0,0,0,0,0,0,0,0,0.009097,1.8468,1,0.98704,0,0,0,0,0,0,0,0,0,0,0,1
0,0,0,0,0,0,0,0,1.3009,0.46421,-0.89541,-1,-0.019974,-0.00072134,5.7354e-07,0,0,0,1.5737,999,999,999,1.2131,1.0167,0.22777,0.58427,0.15301,5.7354e-07,9999,1,1,551.76,5.4199,0.22777,0,0,0,0,0,0,0,0,1,1.3009,0.96349,-0.72619,0,0,0,0,0,10,0.15301,5.7354e-07,9999,1,551.76,5.4199,0.22777,1.3009,0.96349,-0.72619,4,0.017042,1.3009,-1,0.96349,-0.11164,-1,-0.00072134,-0.13909,0,0,0,0,0,0,0,0
0,0,0,0,0,0,0,0,1.0391,1.0252,-0.99884,1,0.0023316,9.9943e-05,-5.8612e-05,1,0,0,1.1607,1.0391,-0.90651,-0.1936,1.0276,0.80428,0.62801,0.9674,0.082177,1.2197e-06,9999,0,-1,0,27.734,0.076144,0,0,0,0,0,0,0,0,1,0.68139,0.44197,-0.25059,0,0,0,0,0,10,0.082177,1.2197e-06,9999,-1,0,27.734,0.076144,0.68139,0.44197,-0.25059,-2,0.019516,1.0391,1,0.90651,0.97864,1,9.9943e-05,0.85284,0,0,0,0,0,0,0,1
0,0,0,0,0,0,0,0,2.0741,0.71376,-0.79972,-1,-0.34631,-0.046299,1.0665e-05,0,0,0,2.7566,-1.7674,-0.99983,-0.99815,2.4993,1.9241,0.40007,0.91602,0.24485,4.7504e-06,9999,1,1,600.59,3.7598,0.33494,0,0,0,0,0,0,0,0,1,2.0741,0.9971,-0.91312,0,0,0,0,0,10,0.24485,4.7504e-06,9999,1,600.59,3.7598,0.33494,2.0741,0.9971,-0.91312,5,0.0024527,2.0741,-1,0.9971,0.91956,-1,-0.046299,-0.014028,0,0,0,0,0,0,0,0
0,0,0,0,0,0,0,0,0.2265,1.2114,-0.97372,-1,-0.0062396,-5.4275e-06,1.6173e-06,1,0,0,0.57008,999,999,999,0.49101,0.34518,0.36387,0.9329,0.22798,1.6173e-06,9999,0,1,429.69,4.1992,0.36387,0,0,0,0,0,0,0,0,1,999,999,999,0,0,0,0,0,0,0,0,0,0,0,0,0,0,0,0,0,0,0,0,0,0.81174,-1,-0.0062396,-0.084459,0,0,0,0,0,0,0,1
0,0,0,0,0,0,0,0,0.81521,1.1544,0.18011,1,-0.99719,0.97651,0.0014597,1,0,0,1.2241,999,999,999,0.54517,0.27187,0.91804,0.56581,0.24932,6.8837e-07,9999,1,-1,532.23,5.957,0.25887,0,0,0,0,0,0,0,0,1,0.81521,0.96724,-0.50378,0,0,0,0,0,10,0.24932,6.8837e-07,9999,-1,532.23,5.957,0.25887,0.81521,0.96724,-0.50378,-0,0.020755,0.81521,1,0.96724,0.86917,1,0.97651,0.000106,0,0,0,0,0,0,0,0
0,0,0,0,0,0,0,0,0.82371,0.44004,-0.23348,1,-0.010255,-0.00016224,4.8407e-05,1,0,0,0.84901,999,999,999,0.70665,0.65045,0.58474,0,0,0,0,0,0,0,0,0,0,0,0,0,0,0,0,0,0,0,0,0,0,0,0,0,0,0,0,0,0,0,0,0,0,0,0,0,0,0.018384,0.82371,1,0.85057,0,0,0,0,0,0,0,0,0,0,0,0
0,0,0,0,0,0,0,0,0.64834,0.42873,0.54911,-1,0.11448,-9.8929e-05,0,1,0,0,0.62308,999,999,999,1.306,0.65037,0,0,0,0,0,0,0,0,0,0,0,0,0,0,0,0,0,0,0,0,0,0,0,0,0,0,0,0,0,0,0,0,0,0,0,0,0,0,0,0.012173,0.64834,-1,0.78177,0,0,0,0,0,0,0,0,0,0,0,1
0,0,0,0,0.596,2.2303,-0.58092,-1,1.3403,1.534,-0.82229,-1,-0.23087,-0.00069109,0.00017617,0,0,0,1.7601,999,999,999,1.6981,0.7895,0.74087,0.83062,0.1986,1.0672e-06,9999,1,-1,488.28,2.8564,0.31884,0,0,0,0,0,0,0,0,1,999,999,999,0,0,0,0,0,0,0,0,0,0,0,0,0,0,0,0,0,0.00019344,1.3403,-1,0.89437,0.87279,1,0.00017617,0.07982,0,0,0,0,0,0,0,0
0,0,0,0,0,0,0,0,1.0369,0.70454,-0.92031,-1,-0.055394,0.041694,0.00093895,0,0,0,1.5018,999,999,999,1.4485,1.4358,0.97205,0.23688,0.21479,4.4977e-07,9999,1,-1,751.95,7.2266,0.17726,0,0,0,0,0,0,0,0,1,1.0065,0.82382,-0.30783,0,0,0,0,0,10,0.21479,4.4977e-07,9999,-1,751.95,7.2266,0.17726,1.0065,0.82382,-0.30783,-5,0.0083686,1.0369,-1,0.99511,0.298,1,5.1299e-06,0.00055558,0,0,0,0,0,0,0,0
0,0,0,0,0,0,0,0,0.79953,1.3071,-0.95194,-1,-0.42377,-0.0004687,-7.9139e-06,1,0,0,0.67642,999,999,999,1.2653,0.26542,0.34993,0.18132,0.080376,1.2373e-06,9999,0,1,0,9.5703,0.11991,0,0,0,0,0,0,0,0,1,0.79953,0.89901,-0.59139,0,0,0,0,0,10,0.080376,1.2373e-06,9999,1,0,9.5703,0.11991,0.79953,0.89901,-0.59139,0,0.013087,0.79953,-1,0.89901,-0.59139,-1,-0.42377,-0.5376,0,0,0,0,0,0,0,0
0,0,0,0,0,0,0,0,0.77796,1.1042,-0.37451,-1,-0.32314,5.722e-05,-2.8056e-05,0,0,0,0.85464,999,999,999,1.1824,0.62111,0.49903,0,0,0,0,0,0,0,0,0,0,0,0,0,0,0,0,0,0,0,0,0,0,0,0,0,0,0,0,0,0,0,0,0,0,0,0,0,0,0.0086313,0.77796,-1,0.81046,0,0,0,0,0,0,0,0,0,0,0,1
0,0,0,0,0,0,0,0,0.98443,0.73435,-0.51885,1,0.9624,0.30113,-0.00060939,3,0,0,1.1756,999,999,999,1.1601,1.5603,0.35439,0.73328,0.10628,1.5517e-06,9999,0,-1,0,3.5645,0.18357,0,0,0,0,0,0,0,0,1,0.98443,0.74462,-0.092176,0,0,0,0,0,10,0.10628,1.5517e-06,9999,-1,0,3.5645,0.18357,0.98443,0.74462,-0.092176,-5,0.0079829,0.97939,1,0.7907,-0.092176,1,0.30113,0.61028,0,0,0,0,0,0,0,1
0,0,0,0,0,0,0,0,0.68949,1.1223,0.70829,-1,0.28216,-0.085992,-5.4017e-07,0,0,0,0.78837,999,999,999,0.84103,1.0957,0.21643,0.5941,0.18162,5.4017e-07,9999,1,-1,644.53,4.6387,0.21643,0,0,0,0,0,0,0,0,1,0.64162,0.84172,-0.40639,0,0,0,0,0,10,0.18162,5.4017e-07,9999,-1,644.53,4.6387,0.21643,0.64162,0.84172,-0.40639,-4,0.0072809,0.68949,-1,0.84383,-0.40639,1,0.28216,0.028687,0,0,0,0,0,0,0,0
0,0,0,0,0,0,0,0,0.44859,0.58421,-0.94732,-1,0.99547,-0.96745,0.00019064,0,0,0,0.7862,999,999,999,0.59343,0.61142,0.21639,0.95834,0.14533,0.00019064,9999,1,1,581.05,0,0.21639,0,0,0,0,0,0,0,0,1,0.74125,0.99391,-0.95053,0,0,0,0,0,10,0.14533,0.00019064,9999,1,581.05,0,0.21639,0.74125,0.99391,-0.95053,0,0.02001,0.74125,-1,0.99391,-0.95053,-1,-0.96745,-0.80786,0,0,0,0,0,0,0,0
0,0,0,0,1.2447,0.07979,0.85071,1,1.6854,0.59185,-0.83966,-1,-0.057525,0.045727,0,0,0,0,1.3562,999,999,999,1.259,1.9939,0,0,0,0,0,0,0,0,0,0,0,0,0,0,0,0,0,0,0,0,0,0,0,0,0,0,0,0,0,0,0,0,0,0,0,0,0,0,0,0.003472,1.6854,-1,0.95671,0,0,0,0,0,0,0,0,0,0,0,0
0,0,0,0,0,0,0,0,1.2408,0.35169,-0.14325,-1,0.99094,-0.37387,0,0,0,0,1.253,999,999,999,0.45412,1.6288,0,0,0,0,0,0,0,0,0,0,0,0,0,0,0,0,0,0,0,0,0,0,0,0,0,0,0,0,0,0,0,0,0,0,0,0,0,0,0,0.0054773,1.2408,-1,0.93576,0,0,0,0,0,0,0,0,0,0,0,0
0,0,0,0,0,0,0,0,1.0761,1.1287,-0.16886,-1,-0.96805,0.20909,-0.01418,0,0,0,1.5038,-1.0761,-0.92268,-0.2153,0.79668,2.2096,0.82118,0.98282,0.19206,7.8957e-07,9999,1,1,512.7,3.2715,0.2795,0,0,0,0,0,0,0,0,1,1.0761,0.92268,-0.91148,0,0,0,0,0,10,0.19206,7.8957e-07,9999,1,512.7,3.2715,0.2795,1.0761,0.92268,-0.91148,2,0.0055316,1.4161,1,0.88588,0.56457,-1,-0.96805,-0.73172,0,0,0,0,0,0,0,0
0,0,0,0,0,0,0,0,1.6498,0.15872,-0.14946,-1,0.97989,0.94132,-0.11872,0,0,0,2.1638,1.4875,-0.88762,-0.21021,0.81784,1.3254,1.1814,0,0,0,0,0,0,0,0,0,0,0,0,0,0,0,0,0,0,0,0,0,0,0,0,0,0,0,0,0,0,0,0,0,0,0,0,0,0,0.012145,1.6498,-1,0.9634,0,0,0,0,0,0,0,0,0,0,0,1
0,0,0,0,0,0,0,0,1.5184,0.30805,-0.87934,-1,-0.99518,-0.9578,0.05247,0,0,0,1.4861,-1.5184,-0.90071,-0.90749,0.59903,1.2492,1.1364,0.97188,0.094942,3.5915e-07,9999,1,1,1308.6,9.5703,0.1158,0,0,0,0,0,0,0,0,1,999,999,999,0,0,0,0,0,0,0,0,0,0,0,0,0,0,0,0,0,0.0020697,1.5184,-1,0.90071,0.92361,-1,-0.9578,-0.86111,0,0,0,0,0,0,0,0
0,0,0,0,0,0,0,0,1.2254,0.51472,-0.29776,-1,0.41031,-0.041143,-4.2337e-05,1,0,0,1.4046,999,999,999,0.81194,1.3444,0.55979,0,0,0,0,0,0,0,0,0,0,0,0,0,0,0,0,0,0,0,0,0,0,0,0,0,0,0,0,0,0,0,0,0,0,0,0,0,0,0.0033711,1.2254,-1,0.70888,0,0,0,0,0,0,0,0,0,0,0,0
0.78521,1.2021,0.1459,1,0,0,0,0,1.2432,0.5139,-0.99078,-1,0.022544,-0.021096,-4.6805e-06,0,0,0,1.3967,999,999,999,1.0891,1.706,0.33381,0.92085,0.17875,8.7249e-07,9999,1,1,410.16,4.4922,0.29335,0,0,0,0,0,0,0,0,1,999,999,999,0,0,0,0,0,0,0,0,0,0,0,0,0,0,0,0,0,0.0027866,1.2432,-1,0.82152,0.53711,-1,-0.021096,-0.5152,0.78521,1.2021,0.1459,1,1,0.01641,0.38471,0
0,0,0,0,1.1607,1.2688,-0.44799,-1,1.0399,1.1655,0.6529,1,-0.19339,0.074206,8.0688e-05,1,0,0,1.5097,-0.90547,-0.92764,-0.85806,1.8415,1.2548,0.74269,0.12117,0.16943,8.4287e-07,9999,1,1,502.93,3.5156,0.28866,0,0,0,0,0,0,0,0,1,0.90547,0.92764,-0.23155,0,0,0,0,0,10,0.16943,8.4287e-07,9999,1,502.93,3.5156,0.28866,0.90547,0.92764,-0.23155,4,0.025631,1.0399,1,0.84873,0.4729,-1,-0.19339,-0.011158,0,0,0,0,0,0,0,1
0,0,0,0,1.7521,0.37305,-0.89589,1,0.57334,0.89297,-0.32471,-1,-0.97292,0.00035659,0,0,0,0,1.1244,999,999,999,0.95594,2.7824,0,0,0,0,0,0,0,0,0,0,0,0,0,0,0,0,0,0,0,0,0,0,0,0,0,0,0,0,0,0,0,0,0,0,0,0,0,0,0,0.0059011,1.7521,1,0.89985,0,0,0,0,0,0,0,0,0,0,0,1
0,0,0,0,0,0,0,0,0.89573,0.79094,-0.97165,-1,0.93535,-0.00031038,-6.7728e-06,0,0,0,0.96329,999,999,999,0.38903,0.99651,0.3382,0.87592,0.18943,5.4549e-07,9999,0,1,664.06,4.4434,0.21833,0,0,0,0,0,0,0,0,1,0.89573,0.93582,-0.98753,0,0,0,0,0,10,0.15181,0.93535,9999,1,0,9.8633,0.38903,0.89573,0.93582,-0.77969,22,0.0035777,0.89573,-1,0.93582,0.97423,1,0.93535,0.21788,0,0,0,0,0,0,0,0
0,0,0,0,0,0,0,0,1.2629,0.36026,-0.98511,-1,0.029263,0.011754,-8.7081e-05,1,0,0,1.2463,999,999,999,1.0346,0.82711,1.9439,0,0,0,0,0,0,0,0,0,0,0,0,0,0,0,0,0,0,0,0,0,0,0,0,0,0,0,0,0,0,0,0,0,0,0,0,0,0,0.0060023,1.2629,-1,0.77744,0,0,0,0,0,0,0,0,0,0,0,1
0,0,0,0,0,0,0,0,0.3497,0.71014,0.96648,-1,-0.98502,0.97438,0.00018385,3,0,0,0.84917,999,999,999,0.7489,0.93276,0.10744,0,0,0,0,0,0,0,0,0,0,0,0,0,0,0,0,0,0,0,0,0,0,0,0,0,0,0,0,0,0,0,0,0,0,0,0,0,0,0.026804,0.61317,1,0.81781,0,0,0,0,0,0,0,0,0,0,0,1
1.3762,1.0815,-0.75623,1,0,0,0,0,0.27005,0.65772,-0.57769,1,0.76921,-0.00053042,3.6689e-05,0,0,0,1.233,1.3762,0.94044,-0.57191,0.12552,0.73519,1.9849,0.68615,0.20309,5.5666e-07,9999,1,-1,576.17,4.0039,0.2222,0,0,0,0,0,0,0,0,1,1.3762,0.94044,-0.43624,0,0,0,0,0,10,0.20309,5.5666e-07,9999,-1,576.17,4.0039,0.2222,1.3762,0.94044,-0.43624,-0,0.0036063,1.3762,1,0.94044,0.53219,1,0.76921,0.0107,0,0,0,0,0,0,0,1
0,0,0,0,0,0,0,0,1.2471,0.54061,-0.62372,-1,-0.64329,0.00017846,-4.4201e-05,2,0,0,1.2593,-0.79866,-0.96097,-0.83367,1.7069,0.12358,0.55127,0.64688,0.17211,3.993e-07,9999,1,1,849.61,8.4961,0.14704,0,0,0,0,0,0,0,0,1,1.2471,0.93826,-0.67859,0,0,0,0,0,10,0.17211,3.993e-07,9999,1,849.61,8.4961,0.14704,1.2471,0.93826,-0.67859,0,0.016295,1.2471,-1,0.93826,-0.67859,-1,-0.64329,-0.069935,0,0,0,0,0,0,0,1
0,0,0,0,0,0,0,0,0.29816,0.57144,-0.89371,1,0.00060479,-9.6727e-06,6.9395e-06,4,1,0.49986,0.40717,999,999,999,0.50838,0.39171,0.36447,0.65256,0.091945,1.2587e-06,9999,1,1,0,3.9062,0.12876,1,0,-2.3048,1.2984,0.98136,0.34931,0.062299,0.33641,1,999,999,999,0,0,0,0,0,0,0,0,0,0,0,0,0,0,0,0,0,0,0,0,0,0.9797,1,1.2587e-06,0.55438,0,0,0,0,0,0,0,0
0,0,0,0,0,0,0,0,0.7478,0.53899,-0.3963,1,0.10085,-1.4664e-05,0,0,0,0,0.75874,999,999,999,0.9957,0.42885,0,0,0,0,0,0,0,0,0,0,0,0,0,0,0,0,0,0,0,0,0,0,0,0,0,0,0,0,0,0,0,0,0,0,0,0,0,0,0,0.00033647,0.7478,1,0.85148,0,0,0,0,0,0,0,0,0,0,0,0
0,0,0,0,0.59091,0.038136,-0.73521,-1,0.48469,0.078451,-0.16562,-1,-0.89126,0.00039487,-6.3449e-05,0,0,0,0.8558,-0.59091,-0.9892,-0.53379,0.75426,0.33566,0.64374,0,0,0,0,0,0,0,0,0,0,0,0,0,0,0,0,0,0,0,0,0,0,0,0,0,0,0,0,0,0,0,0,0,0,0,0,0,0,0.012587,0.59091,-1,0.9892,0,0,0,0,0,0,0,0,0,0,0,0
0,0,0,0,0,0,0,0,0.97745,0.94835,-0.53821,1,0.058274,-0.0010634,1.0625e-05,0,0,0,1.0717,999,999,999,1.3637,0.83784,0.39974,0.49034,0.2306,1.5415e-06,9999,1,-1,517.58,3.6621,0.35907,0,0,0,0,0,0,0,0,1,0.97745,0.97311,-0.42112,0,0,0,0,0,10,0.2306,1.5415e-06,9999,-1,517.58,3.6621,0.35907,0.97745,0.97311,-0.42112,-0,0.0041292,0.97745,1,0.97311,0.47567,1,4.6081e-06,0.00035045,0,0,0,0,0,0,0,1
0,0,0,0,0,0,0,0,0.42119,2.2502,-0.93335,-1,0.99889,-0.99643,-3.3644e-05,0,0,0,0.84962,999,999,999,0.49481,0.56875,0.51747,0.85205,0.11386,4.7434e-07,9999,1,1,742.19,4.541,0.18943,0,0,0,0,0,0,0,0,1,999,999,999,0,0,0,0,0,0,0,0,0,0,0,0,0,0,0,0,0,0,0,0,0,-0.80363,-1,-0.99643,-0.67867,0,0,0,0,0,0,0,0
0,0,0,0,0,0,0,0,0.78201,0.25581,-0.66876,1,-0.99989,4.3305e-05,-1.9787e-05,2,2,0.49805,0.68374,999,999,999,0.30594,0.56377,0.45879,0,0,0,0,0,0,0,0,0,0,0,0,0,0,0,0,0,0,0,0,0,0,0,0,0,0,0,0,0,0,0,0,0,0,0,0,0,0,0.018658,0.78201,1,0.7437,0,0,0,0,0,0,0,0,0,0,0,0
0,0,0,0,0,0,0,0,0.949,1.3563,0.5931,-1,-0.95544,2.3253e-05,-4.0035e-06,0,0,0,1.1179,999,999,999,1.1473,0.4765,0.44165,0.95161,0.14942,3.8484e-07,9999,0,1,957.03,5.9082,0.13669,0,0,0,0,0,0,0,0,1,999,999,999,0,0,0,0,0,0,0,0,0,0,0,0,0,0,0,0,0,0.0021159,0.949,-1,0.92434,0.77521,-1,-0.95544,-0.78176,0,0,0,0,0,0,0,0
0,0,0,0,0,0,0,0,1.1904,0.88406,-0.77511,1,0.57699,-5.2697e-05,-4.2748e-06,1,0,0,0.98471,999,999,999,1.9667,0.60101,0.32691,0.28143,0.1127,4.3471e-07,9999,0,1,732.42,3.5645,0.16906,0,0,0,0,0,0,0,0,1,0.7089,0.48253,-0.41099,0,0,0,0,0,10,0.20448,8.3947e-07,9999,1,541.99,3.5645,0.28811,0.7089,0.48253,-0.34378,4,0.066595,1.1904,1,0.95414,0.089727,-1,-4.2748e-06,-0.024412,0,0,0,0,0,0,0,0
0.46643,0.47888,0.31654,-1,0,0,0,0,0.46679,1.3302,-0.77101,1,-0.22785,-0.00019633,9.4268e-05,3,0,0,0.94341,999,999,999,0.5437,0.22536,0.78935,0.73667,0.059457,1.2706e-06,9999,0,-1,0,4.9805,0.13282,0,0,0,0,0,0,0,0,1,999,999,999,0,0,0,0,0,0,0,0,0,0,0,0,0,0,0,0,0,0.022789,0.5141,1,0.60218,0.97715,1,9.4268e-05,0.76097,0.46643,0.47888,0.31654,-1,1,0.15747,0.86219,0
0,0,0,0,0,0,0,0,0.82377,0.545,-0.50978,-1,0.9245,-0.90414,-0.87833,2,0,0,1.0736,999,999,999,0.75691,1.0158,0.67701,0.75392,0.16991,8.4352e-07,9999,0,1,390.62,5.0293,0.28877,0,0,0,0,0,0,0,0,1,999,999,999,0,0,0,0,0,0,0,0,0,0,0,0,0,0,0,0,0,0.016785,0.82377,-1,0.63661,0.73892,-1,-0.87833,-0.1638,0,0,0,0,0,0,0,0
0,0,0,0,0,0,0,0,0.659,2.0441,-0.54663,-1,0.00054966,-0.00011153,-7.5739e-05,0,0,0,1.0633,999,999,999,0.69911,0.84539,0.67382,0.9978,0.18026,6.0782e-07,9999,1,1,532.23,4.541,0.23819,0,0,0,0,0,0,0,0,1,0.63635,0.55836,-0.56253,0,0,0,0,0,10,0.24343,4.4994e-06,9999,1,434.57,3.3691,0.3308,0.5602,0.23711,-0.73979,5,0.0085026,0.5602,-1,0.23711,0.92407,-1,-0.00011153,-0.85072,0,0,0,0,0,0,0,0
0,0,0,0,0,0,0,0,0.96014,0.56881,-0.97541,1,0.1137,-0.0018492,0,1,1,0.49932,0.60041,999,999,999,1.5208,0.47352,0,0,0,0,0,0,0,0,0,0,0,0,0,0,0,0,0,0,0,0,0,0,0,0,0,0,0,0,0,0,0,0,0,0,0,0,0,0,0,0.0045785,0.96014,1,0.98473,0,0,0,0,0,0,0,0,0,0,0,1
0,0,0,0,0,0,0,0,0.27116,0.3297,0.96086,1,-4.2616e-05,5.3594e-06,2.9991e-06,0,0,0,0.60194,999,999,999,0.56069,0.46332,0.3002,0,0,0,0,0,0,0,0,0,0,0,0,0,0,0,0,0,0,0,0,0,0,0,0,0,0,0,0,0,0,0,0,0,0,0,0,0,0,0,0,0,0,0,0,0,0,0,0,0,0,0,0,0,1
1.8255,0.57845,-0.92563,-1,0,0,0,0,1.0594,0.54818,0.37316,-1,-0.00016219,-4.853e-05,1.3564e-06,1,0,0,2.0098,-1.8255,0.96785,-0.69422,0.91791,1.8494,0.34584,0.90634,0.0832,4.0138e-07,9999,1,1,947.27,6.3477,0.14846,0,0,0,0,0,0,0,0,1,1.8255,0.96785,-0.96144,0,0,0,0,0,10,0.064672,1.2945e-06,9999,1,0,10.938,0.13984,1.8255,0.96785,-0.85087,0,0.017157,1.8255,-1,0.96785,0.60559,-1,-0.00016219,-0.77915,0,0,0,0,0,0,0,0
0,0,0,0,0,0,0,0,0.48029,0.5389,0.4591,-1,0.99999,0.99999,-0.00061594,1,0,0,0.6121,999,999,999,0.21744,0.22362,0.36053,0.47279,0.1111,4.07e-07,9999,1,-1,830.08,7.5195,0.1522,1,0,-0.15735,-2.043,-4.1022,0.0052067,0.12936,0.16548,1,999,999,999,0,0,0,0,0,0,0,0,0,0,0,0,0,0,0,0,0,0,0,0,0,0.76639,1,0.99999,0.4011,0,0,0,0,0,0,0,1
0,0,0,0,1.4533,0,-0.54928,1,0.82129,0.25547,-0.0072655,1,0.95723,0.015917,-7.1136e-06,0,0,0,1.6749,1.4533,0.9401,-0.82448,0.9252,1.7757,0.36645,0,0,0,0,0,0,0,0,0,0,0,0,0,0,0,0,0,0,0,0,0,0,0,0,0,0,0,0,0,0,0,0,0,0,0,0,0,0,0.0081871,1.4533,1,0.9401,0,0,0,0,0,0,0,0,0,0,0,1
0,0,0,0,0,0,0,0,1.3596,0,-0.65296,-1,-0.96301,-0.96218,4.3628e-06,1,0,0,1.6047,-0.87619,0.74595,-0.33967,1.3665,1.1197,0.32845,0,0,0,0,0,0,0,0,0,0,0,0,0,0,0,0,0,0,0,0,0,0,0,0,0,0,0,0,0,0,0,0,0,0,0,0,0,0,0.0046199,1.3596,-1,0.87775,0,0,0,0,0,0,0,0,0,0,0,0
0,0,0,0,0,0,0,0,0.81195,0.14047,-0.075171,1,0.97381,-0.96798,0.58053,0,0,0,1.4898,1.1353,0.83429,-0.028551,0.89012,0.79379,1.8032,0,0,0,0,0,0,0,0,0,0,0,0,0,0,0,0,0,0,0,0,0,0,0,0,0,0,0,0,0,0,0,0,0,0,0,0,0,0,0.016563,1.1353,1,0.83429,0,0,0,0,0,0,0,0,0,0,0,0
0,0,0,0,1.4392,1.2318,-0.92673,-1,1.2794,0.94833,0.8626,1,0.41178,-0.11983,0.0022896,0,0,0,1.7974,1.2794,-0.98329,-0.6988,0.85688,2.0351,1.0332,0,0,0,0,0,0,0,0,0,0,0,0,0,0,0,0,0,0,0,0,0,0,0,0,0,0,0,0,0,0,0,0,0,0,0,0,0,0,0.0082453,1.4392,-1,0.96313,0,0,0,0,0,0,0,0,0,0,0,1
0,0,0,0,0,0,0,0,1.8864,0.063066,-0.87709,1,0.9482,8.3401e-06,1.2734e-06,1,0,0,1.5433,999,999,999,2.8121,0.37934,0.13371,0.64743,0.068525,1.2734e-06,9999,1,1,0,2.5146,0.13371,0,0,0,0,0,0,0,0,1,999,999,999,0,0,0,0,0,10,0.089981,1.2221e-06,9999,-1,0,33.984,0.074381,1.8864,0.9737,-0.86808,-2,0.0025826,1.8864,1,0.9737,-0.86808,1,0.9482,0.72215,0,0,0,0,0,0,0,1
0,0,0,0,0,0,0,0,1.4788,0,0.4342,1,0.99896,0.073289,-3.9057e-05,0,0,0,1.4985,1.4788,0.96815,-0.73305,0.46978,2.0843,0.54622,0,0,0,0,0,0,0,0,0,0,0,0,0,0,0,0,0,0,0,0,0,0,0,0,0,0,0,0,0,0,0,0,0,0,0,0,0,0,0.00068562,1.4788,1,0.96815,0,0,0,0,0,0,0,0,0,0,0,1
0,0,0,0,1.6228,0.64541,-0.89475,-1,0.21718,0.61851,-0.086257,1,-0.016934,-1.4601e-05,1.3972e-06,0,0,0,1.445,999,999,999,1.3936,0.42844,0.34897,0.25386,0.21718,1.3972e-06,9999,1,1,429.69,3.5156,0.34897,0,0,0,0,0,0,0,0,1,999,999,999,0,0,0,0,0,0,0,0,0,0,0,0,0,0,0,0,0,0.00059637,1.6228,-1,0.94708,0.29609,-1,-0.016934,-0.00049714,0,0,0,0,0,0,0,0
0,0,0,0,0,0,0,0,0.40972,1.0339,-0.12873,1,0.98331,-0.89894,-6.0215e-05,0,0,0,1.0389,999,999,999,0.80444,0.66375,0.59195,0,0,0,0,0,0,0,0,0,0,0,0,0,0,0,0,0,0,0,0,0,0,0,0,0,0,0,0,0,0,0,0,0,0,0,0,0,0,0.0010055,0.61179,1,0.98121,0,0,0,0,0,0,0,0,0,0,0,0
0,0,0,0,0,0,0,0,1.0894,0.97168,-0.90853,1,0.88226,-0.00017961,0.0001707,1,1,0.5006,1.2979,0.64851,0.88771,-0.8384,1.2075,0.19161,0.93906,0.86599,0.19831,0.00017961,9999,0,-1,654.3,0,0.19161,0,0,0,0,0,0,0,0,1,1.0894,0.95775,-0.75247,0,0,0,0,0,10,0.19831,0.00017961,9999,-1,654.3,0,0.19161,1.0894,0.95775,-0.75247,-0,0.011147,1.0894,1,0.95775,-0.75247,1,0.88226,0.13524,0,0,0,0,0,0,0,1
0,0,0,0,1.9792,0,-0.69341,1,0.60925,0.6359,0.61422,-1,0.93551,9.0649e-05,-2.1281e-05,0,0,0,2.1207,1.9792,0.97682,-0.34224,0.97856,2.5963,0.46664,0,0,0,0,0,0,0,0,0,0,0,0,0,0,0,0,0,0,0,0,0,0,0,0,0,0,0,0,0,0,0,0,0,0,0,0,0,0,0.0028985,1.9792,1,0.97682,0,0,0,0,0,0,0,0,0,0,0,1
0,0,0,0,0,0,0,0,0.22925,0,-0.31317,-1,-0.9699,0.0014122,-6.4424e-07,1,0,0,0.30018,999,999,999,1.4967,0.45741,0.24812,0.56012,0.22925,4.4221e-07,9999,1,-1,751.95,4.4922,0.17322,0,0,0,0,0,0,0,0,1,999,999,999,0,0,0,0,0,0,0,0,0,0,0,0,0,0,0,0,0,0,0,0,0,-0.10033,1,0.0014122,0.0004943,0,0,0,0,0,0,0,0
0,0,0,0,0,0,0,0,1.0193,1.6499,-0.96809,-1,-0.95642,2.438e-05,-2.1556e-05,2,1,0.49573,1.0872,999,999,999,1.4579,0.48203,0.55778,0.26111,0.057163,1.2116e-06,9999,1,1,0,19.141,0.084823,0,0,0,0,0,0,0,0,1,1.0193,0.98632,-0.30261,0,0,0,0,0,10,0.057163,1.2116e-06,9999,1,0,19.141,0.084823,1.0193,0.98632,-0.30261,2,0.0088453,1.0193,-1,0.98632,-0.30261,-1,-0.95642,-0.63965,0,0,0,0,0,0,0,0
0,0,0,0,0,0,0,0,0.53284,1.2367,-0.93951,-1,-7.4996e-05,-3.1455e-05,-2.8481e-05,2,1,0.49864,0.91578,999,999,999,0.70993,0.50497,0.50106,0.19302,0.21571,1.4343e-06,9999,1,1,541.99,3.1738,0.35171,0,0,0,0,0,0,0,0,1,999,999,999,0,0,0,0,0,0,0,0,0,0,0,0,0,0,0,0,0,0.0023217,0.53284,-1,0.46337,0.9404,-1,-7.4996e-05,-0.00029068,0,0,0,0,0,0,0,1
0.68237,0.097768,-0.62478,-1,0,0,0,0,0,0,0,0,-1.8282e-05,0,0,0,0,0,0.33208,999,999,999,0.4504,0,0,0,0,0,0,0,0,0,0,0,0,0,0,0,0,0,0,0,0,0,0,0,0,0,0,0,0,0,0,0,0,0,0,0,0,0,0,0,0,0.037413,0.68237,-1,0.65412,0,0,0,0,0.68237,0.097768,-0.62478,-1,1,0.037413,0.65412,1
0,0,0,0,2.1364,0.35071,-0.89255,-1,0.62621,1.1095,0.90572,-1,-0.00013543,-5.8689e-05,8.1358e-07,0,0,0,1.5602,-0.62621,-0.77255,-0.80398,3.3375,0.62825,0.28375,0,0,0,0,0,0,0,0,0,0,0,0,0,0,0,0,0,0,0,0,0,0,0,0,0,0,0,0,0,0,0,0,0,0,0,0,0,0,0.025953,2.1364,-1,0.99299,0,0,0,0,0,0,0,0,0,0,0,0
0,0,0,0,0,0,0,0,0.85098,0.64798,-0.12856,1,0.93335,-9.9454e-06,-9.4607e-06,0,0,0,0.8475,999,999,999,1.2126,0.39407,0.50296,0.93313,0.12089,3.9813e-07,9999,0,1,898.44,6.0547,0.14624,0,0,0,0,0,0,0,0,1,999,999,999,0,0,0,0,0,10,0.089594,3.864e-07,9999,-1,1367.2,7.8125,0.13786,0.85098,0.99918,-0.53471,-4,0.0092628,0.85098,1,0.99918,-0.53471,1,0.93335,0.5881,0,0,0,0,0,0,0,1
0,0,0,0,0,0,0,0,0.87838,1.1326,-0.70442,1,0.99721,0.00034794,-1.2397e-05,2,1,0.49732,0.87352,0.61047,0.33645,-0.63369,0.54462,0.7925,0.41335,0.49917,0.12381,3.5189e-07,9999,1,-1,595.7,11.621,0.10919,0,0,0,0,0,0,0,0,1,0.61047,0.33645,-0.037597,0,0,0,0,0,10,0.12381,3.5189e-07,9999,-1,595.7,11.621,0.10919,0.61047,0.33645,-0.037597,-8,0.012413,0.87838,1,0.88063,0.65517,1,0.99721,0.31293,0,0,0,0,0,0,0,1
1.5683,0.48085,0.086275,1,0,0,0,0,0.2188,0,0.1606,1,0.014489,-0.00010368,-1.7399e-06,0,0,0,1.7238,999,999,999,1.7505,0.61932,0.259,0.53413,0.2188,6.78e-07,9999,1,1,581.05,4.834,0.25646,0,0,0,0,0,0,0,0,1,999,999,999,0,0,0,0,0,0,0,0,0,0,0,0,0,0,0,0,0,0.0065619,1.5683,1,0.98268,0.69632,-1,-0.00010368,-0.0010723,0,0,0,0,0,0,0,1
0,0,0,0,0,0,0,0,1.4668,0,-0.19154,-1,-0.45573,-0.05107,0.00052174,3,1,0.50359,1.5899,-1.4668,0.94916,-0.5309,1.8212,1.5196,0.57985,0,0,0,0,0,0,0,0,0,0,0,0,0,0,0,0,0,0,0,0,0,0,0,0,0,0,0,0,0,0,0,0,0,0,0,0,0,0,0.0045995,0.5828,1,0.55971,0,0,0,0,0,0,0,0,0,0,0,1
0,0,0,0,0,0,0,0,0.38036,0.72007,0.97484,-1,-0.85598,0.0062577,-0.00013311,0,0,0,0.73765,999,999,999,0.21425,0.98964,0.33631,0.8614,0.16715,0.85598,9999,1,-1,0,32.422,0.21425,0,0,0,0,0,0,0,0,1,0.71358,0.89977,-0.55345,0,0,0,0,0,10,0.16715,0.85598,9999,-1,0,32.422,0.21425,0.71358,0.89977,-0.55345,-22,0.0067899,0.71358,1,0.89977,-0.55345,1,0.0062577,0.00025822,0,0,0,0,0,0,0,1
0,0,0,0,0,0,0,0,0.94017,1.3434,-0.88252,-1,0.9734,-0.00028247,-0.00012147,0,0,0,1.3422,999,999,999,0.61371,0.92593,0.74684,0.8049,0.18579,1.5598e-06,9999,1,1,0,7.0312,0.18453,0,0,0,0,0,0,0,0,1,0.94017,0.79252,-0.58644,0,0,0,0,0,10,0.18579,1.5598e-06,9999,1,0,7.0312,0.18453,0.94017,0.79252,-0.58644,6,0.0091224,0.94017,-1,0.79252,0.86587,-1,-0.00028247,-0.0053879,0,0,0,0,0,0,0,1
0,0,0,0,0,0,0,0,0.63935,0.95556,-0.88317,-1,0.9956,-0.35234,-0.1556,1,1,0.49679,1.0185,999,999,999,0.58571,1.2866,0.9199,0.097909,0.09521,3.4413e-07,9999,1,1,1543,12.012,0.10172,0,0,0,0,0,0,0,0,1,0.79138,0.6607,-0.3256,0,0,0,0,0,10,0.09521,3.4413e-07,9999,1,1543,12.012,0.10172,0.79138,0.6607,-0.3256,5,0.0050029,0.75337,1,0.35789,-0.3256,-1,-0.35234,-0.44421,0,0,0,0,0,0,0,1
0,0,0,0,0,0,0,0,0.82558,1.312,-0.96931,1,0.00030056,-1.377e-05,-5.3997e-06,0,0,0,1.0033,999,999,999,0.97005,0.42295,0.34479,0.53593,0.12675,4.7556e-07,9999,1,-1,800.78,5.0293,0.19,0,0,0,0,0,0,0,0,1,0.82558,0.90445,-0.7285,0,0,0,0,0,10,0.12675,4.7556e-07,9999,-1,800.78,5.0293,0.19,0.82558,0.90445,-0.7285,-4,0.00039929,0.82558,1,0.90445,-0.57664,1,1.1799e-06,0.30737,0,0,0,0,0,0,0,0
0,0,0,0,0.71322,1.3659,0.37353,-1,1.3245,1.9387,-0.95309,1,-0.93065,-0.037782,0.025345,1,0,0,1.0872,999,999,999,0.35826,1.087,0.88652,0,0,0,0,0,0,0,0,0,0,0,0,0,0,0,0,0,0,0,0,0,0,0,0,0,0,0,0,0,0,0,0,0,0,0,0,0,0,0.011729,1.3245,1,0.72181,0,0,0,0,0,0,0,0,0,0,0,0
0,0,0,0,0,0,0,0,0.87648,0.32355,-0.37255,1,-0.97053,0.00036578,-5.0422e-07,0,0,0,1.0778,999,999,999,0.71151,0.87754,0.20257,0.82562,0.14469,4.6719e-07,9999,0,1,625,5.957,0.18603,0,0,0,0,0,0,0,0,1,999,999,999,0,0,0,0,0,10,0.14268,3.8922e-07,9999,-1,590.82,3.8574,0.13992,0.87648,0.99961,-0.77909,-11,0.00060379,0.87648,1,0.99961,0.89615,-1,-0.97053,-0.49395,0,0,0,0,0,0,0,1
0,0,0,0,0,0,0,0,0.82807,0.742,-0.80548,-1,-0.13968,0.081524,-5.0181e-07,0,1,0.50156,0.97923,999,999,999,1.164,0.89563,0.20157,0.98888,0.21328,5.0181e-07,9999,1,-1,644.53,4.5898,0.20157,0,0,0,0,0,0,0,0,1,0.66729,0.71922,-0.81448,0,0,0,0,0,10,0.21328,5.0181e-07,9999,-1,644.53,4.5898,0.20157,0.66729,0.71922,-0.81448,-0,0.011734,0.82807,-1,0.96769,-0.81448,1,0.081524,0.56915,0,0,0,0,0,0,0,1
0,0,0,0,0,0,0,0,0.99266,1.7453,-0.92727,1,-0.20774,0.011652,0.0038659,5,0,0,1.271,999,999,999,0.79545,1.4414,0.19732,0.98306,0.24008,5.0939e-07,9999,1,-1,673.83,4.9316,0.20468,0,0,0,0,0,0,0,0,1,0.99266,0.63155,-0.73211,0,0,0,0,0,10,0.24313,2.6388e-06,9999,-1,541.99,3.7598,0.29059,0.99266,0.63155,-0.46267,-6,0.015212,0.99266,1,0.63155,-0.23496,1,0.0038659,0.16215,0,0,0,0,0,0,0,0
0,0,0,0,0,0,0,0,0.56376,1.9473,-0.96695,1,0.98315,0.00064804,0.00010816,0,0,0,1.2149,0.58644,-0.52144,-0.66952,0.67851,0.43806,0.76622,0,0,0,0,0,0,0,0,0,0,0,0,0,0,0,0,0,0,0,0,0,0,0,0,0,0,0,0,0,0,0,0,0,0,0,0,0,0,0.0022387,0.56376,1,0.23413,0,0,0,0,0,0,0,0,0,0,0,1
0,0,0,0,0,0,0,0,0.75108,1.4136,-0.99966,-1,0.96239,-0.71663,2.7697e-05,4,0,0,0.86773,999,999,999,1.0201,1.0333,0.49751,0,0,0,0,0,0,0,0,0,0,0,0,0,0,0,0,0,0,0,0,0,0,0,0,0,0,0,0,0,0,0,0,0,0,0,0,0,0,0.022102,0.75108,-1,0.693,0,0,0,0,0,0,0,0,0,0,0,1
1.248,0,-0.83557,-1,0,0,0,0,0.17605,0,0.47796,1,-0.46625,7.8791e-07,0,0,0,0,0.76902,999,999,999,0.87678,0.2792,0,0.60768,0.17605,7.8791e-07,9999,1,1,488.28,5.127,0.2792,0,0,0,0,0,0,0,0,1,1.248,0.90239,-0.83695,0,0,0,0,0,10,0.17605,7.8791e-07,9999,1,488.28,5.127,0.2792,1.248,0.90239,-0.83695,5,0.00050379,1.248,-1,0.90239,-0.83695,-1,-0.46625,-0.044454,0,0,0,0,0,0,0,0
0,0,0,0,0,0,0,0,1.4973,0.22774,-0.97802,1,0.050268,-1.3667e-06,-4.0965e-07,0,0,0,1.0692,999,999,999,1.1211,0.15607,0.15392,0.94477,0.080453,1.3667e-06,9999,1,-1,0,7.3242,0.15607,0,0,0,0,0,0,0,0,1,1.4973,0.98752,-0.98104,0,0,0,0,0,10,0.080453,1.3667e-06,9999,-1,0,7.3242,0.15607,1.4973,0.98752,-0.98104,-0,0.0025928,1.4973,1,0.98752,-0.98104,1,0.050268,0.82264,0,0,0,0,0,0,0,1
0,0,0,0,0,0,0,0,0.87903,0.31906,-0.83756,1,0.00018289,5.3765e-05,-2.7829e-05,0,0,0,0.92637,999,999,999,0.7511,0.60695,0.49811,0,0,0,0,0,0,0,0,0,0,0,0,0,0,0,0,0,0,0,0,0,0,0,0,0,0,0,0,0,0,0,0,0,0,0,0,0,0,0.00053668,0.87903,1,0.79399,0,0,0,0,0,0,0,0,0,0,0,1
0,0,0,0,0,0,0,0,1.051,0.92144,0.15507,1,7.1537e-05,-3.5659e-05,-9.7337e-06,0,0,0,0.82208,999,999,999,0.6891,0.53203,0.39224,0.57807,0.17905,7.3006e-07,9999,1,1,527.34,4.0527,0.26797,0,0,0,0,0,0,0,0,1,0.60135,0.71078,-0.011109,0,0,0,0,0,10,0.17905,7.3006e-07,9999,1,527.34,4.0527,0.26797,0.60135,0.71078,-0.011109,6,0.0020124,1.051,1,0.66557,0.61003,-1,-9.7337e-06,-0.031678,0,0,0,0,0,0,0,0
0,0,0,0,0,0,0,0,0.73305,1.968,-0.81851,1,-0.95609,0.00047528,7.5951e-05,1,0,0,1.0918,999,999,999,0.81245,0.95718,0.6873,0.96026,0.15983,5.636e-07,9999,1,1,483.4,5.2734,0.22453,0,0,0,0,0,0,0,0,1,999,999,999,0,0,0,0,0,10,0.087852,3.3814e-07,9999,1,800.78,3.5156,0.095646,0.52219,0.92749,-0.67222,21,0.010807,0.73305,1,0.5484,0.97489,-1,-0.95609,-0.78135,0,0,0,0,0,0,0,0
0,0,0,0,0,0,0,0,0.8875,0.077625,0.34488,-1,-0.95475,0.00062542,-8.767e-05,3,1,0.49402,1.2727,-0.8875,-0.96804,-0.84186,1.1855,0.56621,0.76897,0.25358,0.23559,2.1249e-06,9999,1,-1,478.52,4.1016,0.27425,0,0,0,0,0,0,0,0,1,999,999,999,0,0,0,0,0,0,0,0,0,0,0,0,0,0,0,0,0,0.0128,0.95603,-1,0.94057,0.6037,1,6.9022e-06,0.00015977,0,0,0,0,0,0,0,0
0,0,0,0,0,0,0,0,0.48863,1.78,-0.56489,1,0.96997,0.0011792,-0.0011218,0,0,0,1.1967,0.65971,0.90391,-0.25817,0.67756,0.61048,0.42013,0,0,0,0,0,0,0,0,0,0,0,0,0,0,0,0,0,0,0,0,0,0,0,0,0,0,0,0,0,0,0,0,0,0,0,0,0,0,0.0094403,0.65971,1,0.90391,0,0,0,0,0,0,0,0,0,0,0,1
0,0,0,0,0,0,0,0,1.1397,0.1464,-0.86348,1,0.026087,3.8496e-05,-9.2895e-07,0,0,0,1.0263,999,999,999,0.9107,0.54383,0.30161,0.75275,0.18967,9.2895e-07,9999,1,-1,507.81,3.4668,0.30161,0,0,0,0,0,0,0,0,1,1.1397,0.96847,-0.73369,0,0,0,0,0,10,0.18967,9.2895e-07,9999,-1,507.81,3.4668,0.30161,1.1397,0.96847,-0.73369,-6,0.0076271,1.1397,1,0.96847,0.66282,1,3.8496e-05,0.055289,0,0,0,0,0,0,0,0
0,0,0,0,0,0,0,0,1.4182,0.65109,-0.36743,1,0.9371,0.0029555,-0.00059623,0,0,0,0.89651,999,999,999,0.90317,0.51711,0.51694,0.79029,0.24445,5.3293e-07,9999,1,-1,556.64,5.1758,0.21379,0,0,0,0,0,0,0,0,1,999,999,999,0,0,0,0,0,0,0,0,0,0,0,0,0,0,0,0,0,0.0058092,1.4182,1,0.76858,0.24638,1,0.9371,0.0009721,0,0,0,0,0,0,0,1
0,0,0,0,0,0,0,0,1.5789,0.048453,-0.76386,-1,0.67208,-0.00091003,0,0,0,0,1.8293,999,999,999,1.4685,1.7219,0,0,0,0,0,0,0,0,0,0,0,0,0,0,0,0,0,0,0,0,0,0,0,0,0,0,0,0,0,0,0,0,0,0,0,0,0,0,0,0.035333,1.5789,-1,0.94499,0,0,0,0,0,0,0,0,0,0,0,1
0.65567,1.1557,0.0058145,-1,0,0,0,0,0.36551,0.7099,0.6143,1,-0.00045234,2.9066e-06,-1.7331e-06,2,1,0.49581,0.71233,999,999,999,0.77978,0.29785,0.37061,0,0,0,0,0,0,0,0,0,0,0,0,0,0,0,0,0,0,0,0,0,0,0,0,0,0,0,0,0,0,0,0,0,0,0,0,0,0,0.00066703,0.65567,-1,0.56288,0,0,0,0,0.65567,1.1557,0.0058145,-1,1,0.00066703,0.56288,0
0,0,0,0,0,0,0,0,1.4628,0.35062,0.053314,1,0.92265,0.075624,0.012848,3,0,0,1.7601,1.1331,0.81242,-0.88261,1.3642,1.7757,0.72161,0.15473,0.22289,3.7852e-07,9999,0,-1,722.66,7.1289,0.13188,0,0,0,0,0,0,0,0,1,1.4628,0.99116,-0.042772,0,0,0,0,0,10,0.22289,3.7852e-07,9999,-1,722.66,7.1289,0.13188,1.4628,0.99116,-0.042772,-9,0.0017753,1.4628,1,0.99116,-0.042772,1,0.92265,0.00026536,0,0,0,0,0,0,0,1
0,0,0,0,0,0,0,0,0.41388,0.11012,-0.9972,-1,-3.8043e-06,0,0,0,0,0,0.30933,999,999,999,0.31809,0,0,0,0,0,0,0,0,0,0,0,0,0,0,0,0,0,0,0,0,0,0,0,0,0,0,0,0,0,0,0,0,0,0,0,0,0,0,0,0,0,0,0,0,0,0,0,0,0,0,0,0,0,0,0,0
0,0,0,0,0,0,0,0,0.81154,0.31005,-0.46785,1,0.97828,8.5822e-05,-5.5711e-06,1,0,0,1.0354,0.81154,-0.99296,-0.97477,0.81082,0.78563,0.34722,0,0,0,0,0,0,0,0,0,0,0,0,0,0,0,0,0,0,0,0,0,0,0,0,0,0,0,0,0,0,0,0,0,0,0,0,0,0,0.01412,0.81154,1,0.99296,0,0,0,0,0,0,0,0,0,0,0,1
0,0,0,0,0,0,0,0,0.50587,2.1478,-0.97107,1,6.2465e-05,-6.1256e-06,7.9951e-07,2,1,0.49526,0.7109,999,999,999,0.62588,0.35461,0.28129,0.19384,0.15442,3.9318e-07,9999,1,-1,781.25,8.2031,0.14277,0,0,0,0,0,0,0,0,1,0.50587,0.74353,-0.27396,0,0,0,0,0,10,0.15442,3.9318e-07,9999,-1,781.25,8.2031,0.14277,0.50587,0.74353,-0.27396,-5,0.015415,0.50587,1,0.74353,-0.27396,1,6.2465e-05,0.046597,0,0,0,0,0,0,0,1
0,0,0,0,0,0,0,0,0.71414,0.22374,-0.9602,1,6.7801e-05,6.5933e-05,-5.9685e-05,0,0,0,1.0678,999,999,999,0.65916,0.8404,0.63325,0,0,0,0,0,0,0,0,0,0,0,0,0,0,0,0,0,0,0,0,0,0,0,0,0,0,0,0,0,0,0,0,0,0,0,0,0,0,0.0057505,0.71414,1,0.61125,0,0,0,0,0,0,0,0,0,0,0,0
0,0,0,0,0,0,0,0,0.42155,0,-0.85907,1,5.491e-05,-1.7022e-06,-4.478e-07,0,1,0.49894,0.38315,999,999,999,0.61157,0.19936,0.17622,0.72341,0.12544,4.478e-07,9999,0,-1,830.08,4.7852,0.17622,0,0,0,0,0,0,0,0,1,999,999,999,0,0,0,0,0,0,0,0,0,0,0,0,0,0,0,0,0,0,0,0,0,0.78476,1,5.491e-05,0.48348,0,0,0,0,0,0,0,1
0,0,0,0,0,0,0,0,0.756,0,-0.74272,-1,0.99999,-0.99964,-2.7979e-06,0,0,0,0.52655,999,999,999,0.28012,0.41212,0.29503,0.65267,0.22298,1.5149e-06,9999,1,1,488.28,3.6621,0.35732,0,0,0,0,0,0,0,0,1,0.756,0.95512,-0.83446,0,0,0,0,0,10,0.22298,1.5149e-06,9999,1,488.28,3.6621,0.35732,0.756,0.95512,-0.83446,6,0.085234,0.756,-1,0.95512,-0.83446,-1,-0.99964,-0.001458,0,0,0,0,0,0,0,0
0,0,0,0,0,0,0,0,0.44602,1.4515,-0.86381,-1,-0.00023725,5.1516e-05,-6.928e-06,2,0,0,0.75629,999,999,999,0.26648,0.59778,0.36434,0.72699,0.19043,4.1002e-07,9999,1,-1,683.59,6.3477,0.15416,0,0,0,0,0,0,0,0,1,0.54862,0.98183,-0.5949,0,0,0,0,0,10,0.19043,4.1002e-07,9999,-1,683.59,6.3477,0.15416,0.54862,0.98183,-0.5949,-6,0.0027356,0.54862,1,0.98183,-0.31929,1,5.2987e-06,0.040663,0,0,0,0,0,0,0,0
0,0,0,0,0,0,0,0,0.66353,1.5588,0.102,-1,0.99935,-0.92006,3.782e-07,0,0,0,0.72003,999,999,999,0.36186,0.68891,0.13162,0.70307,0.16215,3.782e-07,9999,1,1,1044.9,7.2266,0.13162,0,0,0,0,0,0,0,0,1,999,999,999,0,0,0,0,0,0,0,0,0,0,0,0,0,0,0,0,0,0.012391,0.66353,-1,0.95684,0.86505,-1,-0.92006,-0.16265,0,0,0,0,0,0,0,0
0,0,0,0,0,0,0,0,0.77606,0.72484,0.48913,1,-0.97178,0.12139,5.9208e-05,0,0,0,1.2684,999,999,999,0.84674,1.168,0.63063,0.22903,0.18775,6.8192e-07,9999,1,-1,644.53,3.3203,0.25738,1,0,-1.8851,1.0871,2.361,0.10856,0.015868,0.12359,1,0.68182,0.55669,-0.62049,0,0,0,0,0,10,0.18775,6.8192e-07,9999,-1,644.53,3.3203,0.25738,0.68182,0.55669,-0.62049,-0,0.0045171,0.86265,-1,0.72279,-0.89137,-1,-0.97178,-0.0042092,0,0,0,0,0,0,0,0
0,0,0,0,0,0,0,0,0.18128,0.1933,0.39991,1,0.013583,4.4506e-07,0,0,0,0,0.27513,999,999,999,0.62236,0.17475,0,0.75965,0.18128,4.4506e-07,9999,1,1,693.36,7.3242,0.17475,0,0,0,0,0,0,0,0,1,999,999,999,0,0,0,0,0,0,0,0,0,0,0,0,0,0,0,0,0,0,0,0,0,0,0,0,0,0,0,0,0,0,0,0,1
0,0,0,0,0,0,0,0,1.1556,0.51345,-0.87746,1,0.033019,0.00079899,-1.2619e-06,0,0,0,1.1985,999,999,999,1.4822,0.69709,0.12991,0.94984,0.080822,1.2619e-06,9999,1,-1,0,8.8867,0.12991,0,0,0,0,0,0,0,0,1,1.1556,0.78277,-0.92582,0,0,0,0,0,10,0.080822,1.2619e-06,9999,-1,0,8.8867,0.12991,1.1556,0.78277,-0.92582,-2,0.011234,1.1556,1,0.78277,0.83484,1,0.00079899,0.82908,0,0,0,0,0,0,0,1
0,0,0,0,0,0,0,0,1.2698,0.83218,-0.89712,-1,0.077906,-0.0018708,-5.4421e-06,3,1,0.4955,1.1087,999,999,999,1.0963,0.91099,0.34539,0.54265,0.063585,1.2111e-06,9999,0,1,0,3.6133,0.085655,0,0,0,0,0,0,0,0,1,999,999,999,0,0,0,0,0,0,0,0,0,0,0,0,0,0,0,0,0,0.0067605,1.2698,-1,0.95015,0.73438,-1,-0.0018708,-0.73783,0,0,0,0,0,0,0,0
0,0,0,0,0,0,0,0,1.3237,0.80446,-0.57079,-1,-0.99927,0.98575,-0.056379,0,0,0,1.4729,-1.3237,0.92648,-0.50631,0.44782,0.46635,1.5698,0.71542,0.16281,4.4055e-07,9999,1,1,693.36,4.9805,0.17231,0,0,0,0,0,0,0,0,1,0.77264,0.76152,-0.20651,0,0,0,0,0,10,0.16281,4.4055e-07,9999,1,693.36,4.9805,0.17231,0.77264,0.76152,-0.20651,0,0.0088011,1.3237,-1,0.92648,-0.20651,-1,-0.99927,-0.17062,0,0,0,0,0,0,0,0
0,0,0,0,0,0,0,0,0.93097,0.49181,-0.53121,-1,-0.94585,-0.039357,-2.1882e-05,0,0,0,1.2535,-0.93097,-0.66713,-0.029054,1.1444,1.2691,0.4696,0.83917,0.16891,6.8585e-07,9999,1,1,527.34,4.1016,0.25829,0,0,0,0,0,0,0,0,1,0.93097,0.66713,-0.17866,0,0,0,0,0,10,0.16891,6.8585e-07,9999,1,527.34,4.1016,0.25829,0.93097,0.66713,-0.17866,2,0.0008182,0.93097,-1,0.66713,0.9678,-1,-0.94585,-0.32638,0,0,0,0,0,0,0,0
0,0,0,0,1.1373,0.30012,-0.84401,1,0.067334,0.14516,-0.18051,-1,0.96931,0.017209,-3.2906e-05,0,0,0,1.2717,999,999,999,0.67267,1.4005,0.51919,0.72502,0.067334,1.2101e-06,9999,1,-1,0,14.062,0.088061,1,0,-0.94658,-1.6471,2.9981,0.10472,0.66713,0.70102,1,999,999,999,0,0,0,0,0,0,0,0,0,0,0,0,0,0,0,0,0,0.00051317,1.1373,1,0.84057,0.86106,1,0.96931,0.74524,0,0,0,0,0,0,0,1
0,0,0,0,0,0,0,0,0.36411,0,0.72333,1,-0.99973,0.0002852,-7.8503e-05,3,0,0,0.80032,999,999,999,0.3916,0.29522,0.63937,0.43921,0.095576,1.2435e-06,9999,0,1,0,3.3691,0.063008,1,0,-1.1381,-0.30383,0.67779,0.52933,0.098848,0.09365,1,999,999,999,0,0,0,0,0,0,0,0,0,0,0,0,0,0,0,0,0,0.0056624,0.64543,-1,0.94722,0.61285,-1,-0.99973,-0.49899,0,0,0,0,0,0,0,0
0,0,0,0,0,0,0,0,0.27407,0.51476,0.73334,-1,0.00074414,-0.00022077,-2.5599e-05,2,0,0,0.57981,999,999,999,0.39932,0.25297,0.48782,0.99887,0.1554,0.00022077,9999,0,-1,551.76,0,0.25297,1,0,4.1624,1.568,6.4076,0.24565,0.051418,0.99554,1,999,999,999,0,0,0,0,0,10,0.11708,5.2508e-07,9999,1,590.82,5.3223,0.21084,0.5446,0.91924,-0.62112,2,0.00044528,0.5446,-1,0.91924,0.85686,-1,-0.00022077,-0.70058,0,0,0,0,0,0,0,0
0,0,0,0,0,0,0,0,0.45338,0.42667,0.81577,-1,-6.5653e-05,-3.2737e-06,2.848e-06,1,1,0.50186,0.55251,999,999,999,0.65938,0.30678,0.26312,0.9529,0.15403,2.848e-06,9999,0,1,0,5.4199,0.26312,0,0,0,0,0,0,0,0,1,999,999,999,0,0,0,0,0,0,0,0,0,0,0,0,0,0,0,0,0,0,0,0,0,0.932,-1,-6.5653e-05,-0.77417,0,0,0,0,0,0,0,0
0,0,0,0,0,0,0,0,2.3556,0.068891,-0.50016,-1,-0.0075153,0.0057854,9.4527e-05,1,1,0.49809,2.7042,-2.3556,0.99852,-0.86946,0.39098,1.3629,0.74567,0,0,0,0,0,0,0,0,0,0,0,0,0,0,0,0,0,0,0,0,0,0,0,0,0,0,0,0,0,0,0,0,0,0,0,0,0,0,0.015216,2.3556,-1,0.99852,0,0,0,0,0,0,0,0,0,0,0,0
1.0814,0.34811,-0.70965,1,0,0,0,0,0.86322,0.30907,0.034212,1,0.94811,0.054219,-3.2776e-06,0,0,0,1.3426,1.0814,-0.87408,-0.62716,0.78244,1.129,0.30687,0,0,0,0,0,0,0,0,0,0,0,0,0,0,0,0,0,0,0,0,0,0,0,0,0,0,0,0,0,0,0,0,0,0,0,0,0,0,0.006838,1.0814,1,0.87408,0,0,0,0,0,0,0,0,0,0,0,1
0,0,0,0,0,0,0,0,0.48442,0.40929,0.83545,1,4.4265e-05,3.832e-05,-3.1399e-06,0,0,0,0.67732,999,999,999,0.56772,0.54319,0.30365,0,0,0,0,0,0,0,0,0,0,0,0,0,0,0,0,0,0,0,0,0,0,0,0,0,0,0,0,0,0,0,0,0,0,0,0,0,0,0,0,0,0,0,0,0,0,0,0,0,0,0,0,0,1
0,0,0,0,0.93681,0.18021,0.079471,-1,0.18017,1.1542,-0.87744,1,-0.000125,6.0876e-07,0,0,0,0,0.82317,999,999,999,0.8051,0.23845,0,0.90817,0.18017,6.0876e-07,9999,1,1,595.7,4.4922,0.23845,0,0,0,0,0,0,0,0,1,0.93681,0.79969,-0.51573,0,0,0,0,0,10,0.18017,6.0876e-07,9999,1,595.7,4.4922,0.23845,0.93681,0.79969,-0.51573,2,0.016465,0.93681,-1,0.79969,-0.51573,-1,-0.000125,-0.44619,0,0,0,0,0,0,0,0
0.63567,0.074863,-0.68099,-1,0,0,0,0,0.60849,0.074863,-0.8513,1,-0.0095343,0.0081797,0,0,0,0,0.69419,999,999,999,0.51906,0.92741,0,0,0,0,0,0,0,0,0,0,0,0,0,0,0,0,0,0,0,0,0,0,0,0,0,0,0,0,0,0,0,0,0,0,0,0,0,0,0,0.0018347,0.60849,1,0.8132,0,0,0,0,0.63567,0.074863,-0.68099,-1,1,0.0054067,0.72956,1
0,0,0,0,0,0,0,0,0.55361,0,-0.34387,1,7.801e-06,-4.8529e-06,0,0,0,0,0.42615,999,999,999,0.37388,0.33657,0,0,0,0,0,0,0,0,0,0,0,0,0,0,0,0,0,0,0,0,0,0,0,0,0,0,0,0,0,0,0,0,0,0,0,0,0,0,0,0.0045276,0.55361,1,0.82309,0,0,0,0,0,0,0,0,0,0,0,0
0,0,0,0,0,0,0,0,0.57663,1.9915,-0.27687,1,0.96074,-0.0002117,-5.6445e-05,0,0,0,0.92552,0.57663,-0.96039,-0.03851,0.38173,0.42345,0.58952,0.9963,0.088165,3.6979e-07,9999,1,-1,1054.7,7.5195,0.12488,0,0,0,0,0,0,0,0,1,999,999,999,0,0,0,0,0,10,0.23005,1.2652e-05,9999,1,0,2.9053,0.38366,0.52258,0.84453,-0.87637,0,0.014056,0.57663,1,0.96039,0.20844,1,0.96074,0.89574,0,0,0,0,0,0,0,1
0,0,0,0,0,0,0,0,0.99277,0.35737,-0.90773,-1,-0.99926,-0.062472,-0.00044072,0,0,0,1.247,999,999,999,0.44891,1.1629,1.0515,0.91499,0.071356,1.2802e-06,9999,1,1,0,9.2773,0.13577,0,0,0,0,0,0,0,0,1,999,999,999,0,0,0,0,0,0,0,0,0,0,0,0,0,0,0,0,0,0.012948,0.99277,-1,0.96813,0.46053,-1,-0.99926,-0.79213,0,0,0,0,0,0,0,0
0,0,0,0,0,0,0,0,0.65884,1.7288,-0.79973,1,0.95017,-7.6758e-05,1.227e-06,2,0,0,0.70205,999,999,999,0.52055,0.71517,0.11438,0.44904,0.085708,3.8162e-07,9999,0,-1,1250,8.1055,0.13427,0,0,0,0,0,0,0,0,1,999,999,999,0,0,0,0,0,0,0,0,0,0,0,0,0,0,0,0,0,0.0039157,0.65884,1,0.92712,0.2429,1,0.95017,0.56841,0,0,0,0,0,0,0,1
1.3045,0,0.44315,1,0,0,0,0,0.93367,0.64176,-0.21487,1,0.88899,0.00011551,-2.8139e-05,0,0,0,1.7081,1.3045,0.96796,-0.90222,1.1736,1.597,0.49951,0,0,0,0,0,0,0,0,0,0,0,0,0,0,0,0,0,0,0,0,0,0,0,0,0,0,0,0,0,0,0,0,0,0,0,0,0,0,0.032693,1.3045,1,0.96796,0,0,0,0,0,0,0,0,0,0,0,1
0,0,0,0,0.63325,0.63517,-0.87265,1,0.58796,0.32348,-0.16719,-1,-0.26588,0.0044195,0.00018035,1,1,0.49941,0.89297,999,999,999,0.94945,0.81154,0.83963,0.4741,0.24536,5.4735e-06,9999,1,1,463.87,3.7109,0.34584,0,0,0,0,0,0,0,0,1,0.58796,0.75136,-0.22059,0,0,0,0,0,10,0.24536,5.4735e-06,9999,1,463.87,3.7109,0.34584,0.58796,0.75136,-0.22059,5,0.045811,0.58796,-1,0.75136,-0.22059,-1,-0.26588,-0.00011671,0,0,0,0,0,0,0,1
0,0,0,0,0,0,0,0,0.50561,0,-0.8549,-1,-0.99997,-0.24424,0.00058664,1,0,0,0.44965,999,999,999,0.29627,1.2746,0.526,0.63361,0.23077,1.2347e-06,9999,1,1,561.52,4.6387,0.23211,0,0,0,0,0,0,0,0,1,0.50561,0.74997,-0.26578,0,0,0,0,0,10,0.23077,1.2347e-06,9999,1,561.52,4.6387,0.23211,0.50561,0.74997,-0.26578,0,0.0020834,0.50561,-1,0.74997,-0.26578,-1,-0.99997,-0.00064171,0,0,0,0,0,0,0,0
0,0,0,0,1.747,0.26651,-0.90178,1,0.88773,0.074494,0.059938,-1,0.0073655,-0.0011501,-2.1969e-05,2,2,0.49927,1.933,999,999,999,2.2247,1.0222,0.46977,0,0,0,0,0,0,0,0,0,0,0,0,0,0,0,0,0,0,0,0,0,0,0,0,0,0,0,0,0,0,0,0,0,0,0,0,0,0,0.0017704,1.747,1,0.92902,0,0,0,0,0,0,0,0,0,0,0,1
0,0,0,0,0,0,0,0,1.3862,0,0.96486,-1,0.15744,-0.12323,-0.055407,0,0,0,1.8048,999,999,999,1.2382,1.2246,1.4646,0,0,0,0,0,0,0,0,0,0,0,0,0,0,0,0,0,0,0,0,0,0,0,0,0,0,0,0,0,0,0,0,0,0,0,0,0,0,0.016555,1.3862,-1,0.98427,0,0,0,0,0,0,0,0,0,0,0,0
0,0,0,0,0,0,0,0,0.29315,0.77084,-0.82084,1,-2.7618e-05,1.6006e-05,7.5042e-07,0,0,0,0.68196,999,999,999,0.49715,0.43726,0.27209,0,0,0,0,0,0,0,0,0,0,0,0,0,0,0,0,0,0,0,0,0,0,0,0,0,0,0,0,0,0,0,0,0,0,0,0,0,0,0.002857,0.51592,1,0.94479,0,0,0,0,0,0,0,0,0,0,0,1
0,0,0,0,0,0,0,0,0.28199,1.2718,-0.80605,1,0.94787,-5.0424e-05,5.6024e-06,0,0,0,0.79256,999,999,999,0.44304,0.59104,0.34764,0.075895,0.12025,4.8258e-07,9999,1,-1,610.35,8.7891,0.19322,0,0,0,0,0,0,0,0,1,999,999,999,0,0,0,0,0,0,0,0,0,0,0,0,0,0,0,0,0,0,0,0,0,-0.75978,1,0.94787,0.21812,0,0,0,0,0,0,0,1
0,0,0,0,0,0,0,0,0.79417,1.6324,-0.16597,1,0.031334,0.00055963,-0.00017345,1,1,0.49636,1.0732,999,999,999,1.2266,0.31755,0.68859,0.9722,0.23739,0.00055963,9999,0,1,800.78,0,0.31755,0,1,0,0,0,0,0,0,1,999,999,999,0,0,0,0,0,0,0,0,0,0,0,0,0,0,0,0,0,0.020177,0.79417,1,0.88359,0.93216,-1,-5.0453e-05,-0.13731,0,0,0,0,0,0,0,1
0,0,0,0,0,0,0,0,0.74542,1.5297,-0.82869,-1,-0.42485,0.00012525,7.5859e-05,0,0,0,1.0205,999,999,999,1.2049,0.70334,0.69068,0.10811,0.21546,4.6093e-07,9999,1,1,742.19,5.0293,0.18295,0,0,0,0,0,0,0,0,1,0.74542,0.41403,-0.024514,0,0,0,0,0,10,0.21546,4.6093e-07,9999,1,742.19,5.0293,0.18295,0.74542,0.41403,-0.024514,5,0.0065127,0.82685,1,0.87445,-0.024514,-1,-0.42485,-0.00036293,0,0,0,0,0,0,0,0
0,0,0,0,1.1922,0.10705,0.00052295,1,0.18504,0,0.51329,-1,0.0024655,-4.6715e-07,-4.0168e-07,0,0,0,0.75479,999,999,999,1.9049,0.18601,0.14866,0.57806,0.18504,4.6715e-07,9999,1,-1,712.89,4.6875,0.18601,0,0,0,0,0,0,0,0,1,1.1922,0.95128,-0.78096,0,0,0,0,0,10,0.23899,4.0168e-07,9999,-1,620.12,4.248,0.14866,1.1922,0.95128,-0.73354,-8,0.0027563,1.1922,1,0.95128,-0.73354,1,0.0024655,0.01663,0,0,0,0,0,0,0,1
0,0,0,0,0,0,0,0,0.46478,1.7216,-0.97715,-1,-0.37435,0.00049819,4.4399e-05,2,0,0,0.79651,999,999,999,0.75848,0.84761,0.56354,0.81468,0.12384,1.4092e-06,9999,1,-1,0,5.8105,0.16365,0,0,0,0,0,0,0,0,1,0.53294,0.94517,-0.60458,0,0,0,0,0,10,0.12384,1.4092e-06,9999,-1,0,5.8105,0.16365,0.53294,0.94517,-0.60458,-6,0.001218,0.54717,1,0.74781,0.53218,1,0.00049819,0.59798,0,0,0,0,0,0,0,1
1.5437,0,0.98043,1,0,0,0,0,1.9394,0.3288,-0.99903,-1,0.99729,0.022957,-0.0046837,0,0,0,2.2493,1.5437,-0.99931,-0.21612,0.51704,1.3743,2.6798,0,0,0,0,0,0,0,0,0,0,0,0,0,0,0,0,0,0,0,0,0,0,0,0,0,0,0,0,0,0,0,0,0,0,0,0,0,0,0.0093275,1.9394,-1,0.98471,0,0,0,0,0,0,0,0,0,0,0,1
0,0,0,0,0,0,0,0,1.4619,0.154,-0.95841,-1,-0.086714,-0.0002005,0,0,0,0,1.1389,999,999,999,2.2317,0.49277,0,0,0,0,0,0,0,0,0,0,0,0,0,0,0,0,0,0,0,0,0,0,0,0,0,0,0,0,0,0,0,0,0,0,0,0,0,0,0,0.00055816,1.4619,-1,0.96781,0,0,0,0,0,0,0,0,0,0,0,1
0,0,0,0,0,0,0,0,1.1363,0.41195,-0.93026,1,0.96491,-0.00058076,6.4034e-05,1,0,0,1.2828,999,999,999,1.6639,0.53133,0.65337,0,0,0,0,0,0,0,0,0,0,0,0,0,0,0,0,0,0,0,0,0,0,0,0,0,0,0,0,0,0,0,0,0,0,0,0,0,0,0.023622,0.651,-1,0.85603,0,0,0,0,0,0,0,0,0,0,0,0
0,0,0,0,0,0,0,0,0.96408,1.2085,-0.92529,-1,-0.022027,0.00045027,0,0,0,0,1.3671,999,999,999,1.1547,0.96509,0,0,0,0,0,0,0,0,0,0,0,0,0,0,0,0,0,0,0,0,0,0,0,0,0,0,0,0,0,0,0,0,0,0,0,0,0,0,0,0.0173,1.0509,1,0.9662,0,0,0,0,0,0,0,0,0,0,0,0
0,0,0,0,2.3294,0.27089,-0.98202,-1,0,0,0,0,-0.00017586,0,0,0,0,0,2.3135,999,999,999,2.4487,0,0,0,0,0,0,0,0,0,0,0,0,0,0,0,0,0,0,0,0,0,0,0,0,0,0,0,0,0,0,0,0,0,0,0,0,0,0,0,0,0.0032068,2.3294,-1,0.99607,0,0,0,0,0,0,0,0,0,0,0,0
0,0,0,0,1.8803,0.28242,-0.49951,-1,1.0292,1.1648,0.63948,1,-0.98617,-0.027847,0.025612,0,0,0,2.0372,-1.8803,-0.98524,-0.50768,0.52675,1.8142,1.44,0,0,0,0,0,0,0,0,0,0,0,0,0,0,0,0,0,0,0,0,0,0,0,0,0,0,0,0,0,0,0,0,0,0,0,0,0,0,0.0020726,1.8803,-1,0.98524,0,0,0,0,0,0,0,0,0,0,0,0
0,0,0,0,0,0,0,0,0.63735,0,-0.62052,1,-0.00027021,4.1984e-05,-3.4151e-07,0,0,0,0.71396,999,999,999,0.81711,0.55834,0.0991,0.28814,0.10608,3.4151e-07,9999,1,-1,2187.5,14.258,0.0991,0,0,0,0,0,0,0,0,1,999,999,999,0,0,0,0,0,0,0,0,0,0,0,0,0,0,0,0,0,0.025807,0.63735,1,0.85272,0.72639,1,4.1984e-05,0.38562,0,0,0,0,0,0,0,1
0,0,0,0,0,0,0,0,0.5477,0.07314,-0.87661,1,-0.57744,3.3885e-05,0,1,0,0,0.51589,999,999,999,1.6585,0.52446,0,0,0,0,0,0,0,0,0,0,0,0,0,0,0,0,0,0,0,0,0,0,0,0,0,0,0,0,0,0,0,0,0,0,0,0,0,0,0,0.018207,0.5477,1,0.97474,0,0,0,0,0,0,0,0,0,0,0,1
0,0,0,0,0,0,0,0,1.253,0,0.30816,1,0.00068241,0,0,0,0,0,0.95376,999,999,999,0.98129,0,0,0,0,0,0,0,0,0,0,0,0,0,0,0,0,0,0,0,0,0,0,0,0,0,0,0,0,0,0,0,0,0,0,0,0,0,0,0,0,0.031034,1.253,1,0.9184,0,0,0,0,0,0,0,0,0,0,0,1
0,0,0,0,0,0,0,0,0.96949,0.24133,-0.50091,-1,-0.00032947,-4.7445e-05,5.1239e-07,1,0,0,1.073,999,999,999,0.90007,0.58073,0.20589,0.86444,0.17072,5.1239e-07,9999,1,1,654.3,3.7598,0.20589,0,0,0,0,0,0,0,0,1,0.96949,0.81575,-0.41448,0,0,0,0,0,10,0.17072,5.1239e-07,9999,1,654.3,3.7598,0.20589,0.96949,0.81575,-0.41448,0,0.026663,0.96949,-1,0.81575,-0.41448,-1,-0.00032947,-0.3785,0,0,0,0,0,0,0,1
0,0,0,0,0,0,0,0,0.64647,0.59171,0.23484,-1,0.99952,-0.78957,-0.00013612,0,0,0,1.0156,999,999,999,0.37622,0.14702,0.79652,0.61055,0.11464,4.1433e-07,9999,1,-1,820.31,4.7363,0.15691,0,0,0,0,0,0,0,0,1,999,999,999,0,0,0,0,0,10,0.14023,6.2389e-07,9999,1,566.41,4.4434,0.2427,0.64647,0.95531,-0.55222,6,0.00024159,0.65688,-1,0.92338,0.52779,-1,-0.78957,-0.26005,0,0,0,0,0,0,0,1
0.44372,1.8174,-0.57339,-1,0,0,0,0,0.47858,1.2728,-0.94565,1,5.2805e-05,-4.8792e-05,-7.7288e-06,0,0,0,0.82586,999,999,999,0.60301,0.47421,0.37313,0.81013,0.12356,3.3566e-07,9999,1,1,1777.3,15.625,0.093048,0,0,0,0,0,0,0,0,1,999,999,999,0,0,0,0,0,0,0,0,0,0,0,0,0,0,0,0,0,0,0,0,0,0.77124,-1,-7.7288e-06,-0.59381,0.44372,1.8174,-0.57339,-1,1,0.010995,0.71934,1
0.48257,1.913,-0.84152,1,0,0,0,0,1.0651,1.3615,-0.024947,-1,-0.89292,0.12927,-0.0018337,0,0,0,1.5886,-0.52758,-0.45894,-0.034675,1.4962,0.64416,1.0874,0.29489,0.24609,2.4457e-06,9999,1,1,468.75,3.9551,0.40187,0,0,0,0,0,0,0,0,1,999,999,999,0,0,0,0,0,0,0,0,0,0,0,0,0,0,0,0,0,0.0028741,1.0651,-1,0.76563,0.044647,-1,-0.89292,-9.7518e-05,0.48257,1.913,-0.84152,1,1,0.00052375,0.86739,0
1.0211,0,-0.66191,1,0,0,0,0,1.003,0.038249,-0.68712,-1,-0.011429,0.0054202,0.0012932,2,1,0.4958,1.1116,999,999,999,1.2994,0.68349,0.92356,0,0,0,0,0,0,0,0,0,0,0,0,0,0,0,0,0,0,0,0,0,0,0,0,0,0,0,0,0,0,0,0,0,0,0,0,0,0,0.0028819,1.0211,1,0.74321,0,0,0,0,0,0,0,0,0,0,0,1
0,0,0,0,0,0,0,0,0.65248,1.231,-0.81039,-1,-0.95898,-0.95867,1.598e-06,0,0,0,0.89833,-0.65248,-0.95785,-0.6643,1.2635,0.83367,0.18885,0.83246,0.11025,1.598e-06,9999,1,1,0,4.7363,0.18885,0,0,0,0,0,0,0,0,1,0.79444,0.64461,-0.28076,0,0,0,0,0,10,0.11025,1.598e-06,9999,1,0,4.7363,0.18885,0.79444,0.64461,-0.28076,2,0.026347,0.79444,-1,0.64461,0.9008,-1,-0.95867,-0.66919,0,0,0,0,0,0,0,0
0,0,0,0,0,0,0,0,1.6337,1.2225,-0.99205,1,-0.58179,0.064621,-0.00088049,3,0,0,1.4237,999,999,999,1.2798,1.2735,0.91877,0.4548,0.2107,1.2528e-06,9999,1,1,424.8,4.3457,0.33724,0,0,0,0,0,0,0,0,1,0.66769,0.31429,-0.38937,0,0,0,0,0,10,0.2107,1.2528e-06,9999,1,424.8,4.3457,0.33724,0.66769,0.31429,-0.38937,5,0.011601,1.6337,1,0.93096,0.4704,-1,-0.58179,-0.0015879,0,0,0,0,0,0,0,1
0,0,0,0,0.66122,0,-0.16233,-1,1.3128,0.22765,-0.89778,-1,-0.97006,0.011534,-0.0091108,2,0,0,1.3964,-0.66122,0.62575,-0.28852,1.4405,0.73798,1.0104,0.81046,0.070927,1.2539e-06,9999,0,1,0,22.656,0.058913,0,0,0,0,0,0,0,0,1,0.66122,0.62575,-0.47535,0,0,0,0,0,10,0.070927,1.2539e-06,9999,1,0,22.656,0.058913,0.66122,0.62575,-0.47535,2,0.024153,1.3128,-1,0.92726,0.75644,-1,-0.97006,-0.74196,0,0,0,0,0,0,0,0
0,0,0,0,0,0,0,0,0.89056,0.14273,0.87978,-1,-0.00081401,-1.1727e-05,9.663e-07,1,0,0,0.97403,999,999,999,1.004,0.40838,0.30664,0.8969,0.19849,9.663e-07,9999,1,1,468.75,5.2246,0.30664,0,0,0,0,0,0,0,0,1,0.89056,0.99577,-0.86133,0,0,0,0,0,10,0.19849,9.663e-07,9999,1,468.75,5.2246,0.30664,0.89056,0.99577,-0.86133,2,0.00074064,0.89056,-1,0.99577,0.86204,-1,-1.1727e-05,-0.21507,0,0,0,0,0,0,0,0
0,0,0,0,0.89923,0.74791,-0.76665,-1,1.3054,0.64477,-0.73122,1,0.02979,-0.00083756,0,0,0,0,1.3785,999,999,999,1.8277,0.78634,0,0,0,0,0,0,0,0,0,0,0,0,0,0,0,0,0,0,0,0,0,0,0,0,0,0,0,0,0,0,0,0,0,0,0,0,0,0,0,0.0047203,1.3054,1,0.89788,0,0,0,0,0,0,0,0,0,0,0,1
0,0,0,0,0,0,0,0,0.83924,0.49076,-0.39191,1,0.94085,-0.67184,-1.6925e-05,2,2,0.50073,0.97648,999,999,999,0.78876,0.83313,0.44277,0.87615,0.23649,6.3088e-07,9999,1,1,566.41,4.6387,0.2446,0,0,0,0,0,0,0,0,1,999,999,999,0,0,0,0,0,0,0,0,0,0,0,0,0,0,0,0,0,0.0063683,0.83924,1,0.96567,0.98885,-1,-1.6925e-05,-0.010252,0,0,0,0,0,0,0,1
0,0,0,0,0,0,0,0,1.8684,0.36369,-0.2889,-1,-0.9675,-0.011179,7.0231e-05,0,0,0,1.8768,-1.8684,-0.96606,-0.66994,1.5969,1.6131,0.62818,0,0,0,0,0,0,0,0,0,0,0,0,0,0,0,0,0,0,0,0,0,0,0,0,0,0,0,0,0,0,0,0,0,0,0,0,0,0,0.0095971,1.8684,-1,0.96606,0,0,0,0,0,0,0,0,0,0,0,0
0,0,0,0,0,0,0,0,0.36953,0.32196,0.9968,-1,0.30748,-0.005966,-7.1213e-05,4,0,0,0.63634,999,999,999,1.917,0.60356,0.62444,0.38985,0.12924,4.3585e-07,9999,0,1,634.77,3.4668,0.1697,0,0,0,0,0,0,0,0,1,999,999,999,0,0,0,0,0,0,0,0,0,0,0,0,0,0,0,0,0,0,0,0,0,0.88058,-1,-7.1213e-05,-0.23703,0,0,0,0,0,0,0,1
0,0,0,0,0.66041,1.7105,-0.71461,-1,0.29017,2.5015,-0.85021,-1,-0.0018448,0.00029355,3.2599e-05,0,0,0,0.91625,999,999,999,0.85088,0.54738,0.5131,0,0,0,0,0,0,0,0,0,0,0,0,0,0,0,0,0,0,0,0,0,0,0,0,0,0,0,0,0,0,0,0,0,0,0,0,0,0,0.023992,0.66041,-1,0.79648,0,0,0,0,0,0,0,0,0,0,0,1
0,0,0,0,0,0,0,0,1.3063,0.82645,-0.53563,1,0.96354,-0.021154,0.00015942,0,0,0,1.6364,0.89383,-0.88259,-0.71484,1.5378,0.82712,0.72497,0,0,0,0,0,0,0,0,0,0,0,0,0,0,0,0,0,0,0,0,0,0,0,0,0,0,0,0,0,0,0,0,0,0,0,0,0,0,0.00098996,1.3063,1,0.94586,0,0,0,0,0,0,0,0,0,0,0,1
0,0,0,0,0,0,0,0,0.60473,0,-0.51378,-1,-0.67703,-4.0136e-05,-3.833e-05,1,0,0,0.74336,-0.60473,-0.86667,-0.9979,0.648,0.55055,0.54175,0.4163,0.15035,1.476e-06,9999,1,1,0,5.957,0.17383,0,0,0,0,0,0,0,0,1,0.60473,0.86667,-0.054785,0,0,0,0,0,10,0.15035,1.476e-06,9999,1,0,5.957,0.17383,0.60473,0.86667,-0.054785,5,0.010843,0.60473,-1,0.86667,-0.0060303,-1,-0.67703,-0.10697,0,0,0,0,0,0,0,0
0,0,0,0,1.0439,0,0.38114,1,1.3145,1.0777,-0.96265,-1,0.98341,-0.043594,0.00018678,0,0,0,1.6209,1.0439,-0.90757,-0.90026,0.72379,1.2689,0.93312,0,0,0,0,0,0,0,0,0,0,0,0,0,0,0,0,0,0,0,0,0,0,0,0,0,0,0,0,0,0,0,0,0,0,0,0,0,0,0.0033643,1.3145,-1,0.88376,0,0,0,0,0,0,0,0,0,0,0,1
0,0,0,0,0,0,0,0,0.83608,0.26307,-0.98624,-1,-0.92941,0.052012,3.659e-06,1,1,0.49918,0.85616,999,999,999,0.81862,1.2617,0.31515,0,0,0,0,0,0,0,0,0,0,0,0,0,0,0,0,0,0,0,0,0,0,0,0,0,0,0,0,0,0,0,0,0,0,0,0,0,0,0.0041516,0.83608,-1,0.96654,0,0,0,0,0,0,0,0,0,0,0,1
0,0,0,0,0,0,0,0,0.47665,0.37024,-0.67039,-1,-0.00025722,2.9974e-05,7.3191e-07,0,0,0,0.69285,999,999,999,0.69197,0.50862,0.26835,0,0,0,0,0,0,0,0,0,0,0,0,0,0,0,0,0,0,0,0,0,0,0,0,0,0,0,0,0,0,0,0,0,0,0,0,0,0,0,0,0,0,0,0,0,0,0,0,0,0,0,0,0,1
0,0,0,0,0,0,0,0,1.133,0.38903,-0.48498,1,0.84489,1.3669e-05,-2.5373e-06,3,1,0.50015,1.224,999,999,999,1.28,0.42227,0.40502,0,0,0,0,0,0,0,0,0,0,0,0,0,0,0,0,0,0,0,0,0,0,0,0,0,0,0,0,0,0,0,0,0,0,0,0,0,0,0.021699,1.133,1,0.95738,0,0,0,0,0,0,0,0,0,0,0,0
0,0,0,0,0,0,0,0,0.53939,1.0592,0.55522,1,0.014826,3.5219e-05,-3.4546e-05,0,0,0,0.81854,0.53939,-0.24836,-0.70617,0.9367,0.53023,0.44287,0.33359,0.21095,1.3057e-06,9999,1,-1,537.11,4.2969,0.23658,0,0,0,0,0,0,0,0,1,0.53939,0.24836,-0.80129,0,0,0,0,0,10,0.21095,1.3057e-06,9999,-1,537.11,4.2969,0.23658,0.53939,0.24836,-0.80129,-4,0.020447,0.53939,1,0.24836,0.70161,1,0.014826,0.0010288,0,0,0,0,0,0,0,0
0,0,0,0,0,0,0,0,1.1695,0.34838,-0.7873,1,-1,0.73666,0.00024411,2,0,0,0.83994,999,999,999,0.16832,1.9225,0.27139,0.44549,0.16751,0.00024411,9999,0,1,541.99,0,0.27139,0,0,0,0,0,0,0,0,1,999,999,999,0,0,0,0,0,0,0,0,0,0,0,0,0,0,0,0,0,0.041331,1.1695,1,0.95945,-0.58069,-1,-1,-0.043519,0,0,0,0,0,0,0,1
0,0,0,0,0,0,0,0,0.60033,1.9104,-0.69095,1,0.30047,0.00049741,-2.2121e-06,0,0,0,0.60023,999,999,999,0.94795,0.31127,0.2773,0,0,0,0,0,0,0,0,0,0,0,0,0,0,0,0,0,0,0,0,0,0,0,0,0,0,0,0,0,0,0,0,0,0,0,0,0,0,0.013119,0.60033,1,0.6012,0,0,0,0,0,0,0,0,0,0,0,1
0,0,0,0,0,0,0,0,0.8185,1.7893,-0.94167,1,-0.95125,-0.0018662,8.8235e-05,1,0,0,1.0636,-0.80936,0.85284,-0.48319,0.30437,1.013,0.67481,0.20617,0.1366,1.2107e-06,9999,0,1,0,8.5938,0.098841,0,0,0,0,0,0,0,0,1,999,999,999,0,0,0,0,0,0,0,0,0,0,0,0,0,0,0,0,0,0.0067414,0.80936,-1,0.85284,-0.35795,-1,-0.95125,-0.13573,0,0,0,0,0,0,0,0
0,0,0,0,0,0,0,0,0.58639,0.74683,0.24173,-1,-0.95985,-0.19533,-0.0046672,0,0,0,1.4203,-0.58639,-0.25698,-0.15819,1.1726,0.5588,0.84593,0.78074,0.11582,4.4682e-07,9999,1,-1,644.53,6.9336,0.17569,0,0,0,0,0,0,0,0,1,0.70246,0.84555,-0.86348,0,0,0,0,0,10,0.11582,4.4682e-07,9999,-1,644.53,6.9336,0.17569,0.70246,0.84555,-0.86348,-0,0.0023053,0.93415,-1,0.90328,0.87702,1,1.2684e-05,0.6003,0,0,0,0,0,0,0,0
0.30348,0.90551,0.81854,1,0,0,0,0,0.94114,1.0686,-0.48325,-1,-0.082123,0.0064065,-0.00018594,3,0,0,0.98781,999,999,999,1.4991,0.35759,0.20753,0.75926,0.22878,1.9286e-06,9999,1,-1,473.63,3.7598,0.3807,0,0,0,0,0,0,0,0,1,999,999,999,0,0,0,0,0,0,0,0,0,0,0,0,0,0,0,0,0,0.0058352,0.94114,-1,0.53088,0.58048,1,7.0907e-06,0.0025888,0.30348,0.90551,0.81854,1,1,0.0067076,0.92377,0
0,0,0,0,1.2263,0,-0.0504,-1,0.14899,0,-0.26387,1,-0.00048092,4.7902e-07,0,0,0,0,0.50529,999,999,999,0.7719,0.1916,0,0.4445,0.14899,4.7902e-07,9999,1,1,615.23,4.834,0.1916,0,0,0,0,0,0,0,0,1,1.2263,0.93968,-0.37006,0,0,0,0,0,10,0.14899,4.7902e-07,9999,1,615.23,4.834,0.1916,1.2263,0.93968,-0.37006,5,0.00023465,1.2263,-1,0.93968,-0.37006,-1,-0.00048092,-0.12,0,0,0,0,0,0,0,0
0,0,0,0,0,0,0,0,2.0251,0.75249,-0.9707,-1,-0.067343,-0.0059104,0.00018661,4,1,0.49505,1.6265,999,999,999,1.6111,1.5127,0.20891,0.71332,0.183,5.36e-07,9999,1,-1,605.47,7.4219,0.21492,0,0,0,0,0,0,0,0,1,999,999,999,0,0,0,0,0,0,0,0,0,0,0,0,0,0,0,0,0,0.0039813,2.0251,-1,0.99899,0.80668,1,2.3347e-05,0.058412,0,0,0,0,0,0,0,1
0,0,0,0,0,0,0,0,1.318,0.51221,0.23869,1,0.091705,-0.0052883,4.5927e-05,0,0,0,1.6241,0.52426,-0.92431,-0.70507,2.0119,1.1442,0.57235,0.953,0.18521,4.9926e-07,9999,0,-1,634.77,3.7598,0.2005,1,0,-1.2389,-1.0582,0.12697,0.050133,0.075598,0.025155,1,1.318,0.90276,-0.74386,0,0,0,0,0,10,0.15189,1.4741e-06,9999,-1,0,6.1035,0.17356,0.52426,0.92431,-0.83521,-9,0.0030419,1.2947,-1,0.91301,0.99423,1,4.5927e-05,0.62017,0,0,0,0,0,0,0,1
1.9722,0.50209,0.63031,1,0,0,0,0,2.2999,0.54491,-0.87243,-1,-0.024279,0.00023559,0,0,0,0,1.4885,999,999,999,1.4417,3.1213,0,0,0,0,0,0,0,0,0,0,0,0,0,0,0,0,0,0,0,0,0,0,0,0,0,0,0,0,0,0,0,0,0,0,0,0,0,0,0,0.02483,2.2999,-1,0.98588,0,0,0,0,0,0,0,0,0,0,0,0
0,0,0,0,0.50082,1.3038,0.50363,1,0.27972,1.1951,-0.80985,1,0.83217,0.00035136,-0.00013708,1,1,0.49504,0.67222,0.50082,0.92121,-0.82904,0.18905,0.75093,0.75827,0.66606,0.13478,1.7245e-06,9999,1,-1,0,4.0527,0.20141,0,0,0,0,0,0,0,0,1,0.50082,0.92121,-0.34661,0,0,0,0,0,10,0.13478,1.7245e-06,9999,-1,0,4.0527,0.20141,0.50082,0.92121,-0.34661,-5,0.0045161,0.50082,1,0.92121,-0.21893,1,0.83217,0.34362,0,0,0,0,0,0,0,1
0,0,0,0,0,0,0,0,0.76843,0.54701,-0.90206,1,0.95315,0.91608,-0.00010568,2,1,0.49765,1.05,999,999,999,0.89751,1.2409,0.81438,0,0,0,0,0,0,0,0,0,0,0,0,0,0,0,0,0,0,0,0,0,0,0,0,0,0,0,0,0,0,0,0,0,0,0,0,0,0,0.019576,0.76843,1,0.80302,0,0,0,0,0,0,0,0,0,0,0,1
0,0,0,0,0,0,0,0,0.68732,0.54869,-0.91698,-1,-0.9999,-3.9841e-06,5.0638e-07,0,0,0,0.49434,999,999,999,0.2933,0.44128,0.20346,0.87791,0.20983,4.0655e-07,9999,1,1,761.72,6.9336,0.15191,0,0,0,0,0,0,0,0,1,999,999,999,0,0,0,0,0,0,0,0,0,0,0,0,0,0,0,0,0,0.0090736,0.68732,-1,0.91609,0.93204,-1,-0.9999,-0.083701,0,0,0,0,0,0,0,0
1.6974,0,-0.36975,-1,0,0,0,0,0.46333,1.0111,-0.23399,1,-0.90731,0.60628,-0.0021988,0,0,0,1.6413,-1.6974,-0.96559,-0.32411,0.77277,0.60098,1.4129,0,0,0,0,0,0,0,0,0,0,0,0,0,0,0,0,0,0,0,0,0,0,0,0,0,0,0,0,0,0,0,0,0,0,0,0,0,0,0.0030388,1.6974,-1,0.96559,0,0,0,0,0,0,0,0,0,0,0,0
0.45248,0,-0.63538,-1,0,0,0,0,0.29881,0,-0.60674,1,0.00031673,-9.0858e-06,6.2072e-06,1,0,0,0.44492,999,999,999,0.77238,0.38644,0.47384,0.94368,0.07659,1.2527e-06,9999,1,-1,0,9.5703,0.12655,0,0,0,0,0,0,0,0,1,999,999,999,0,0,0,0,0,0,0,0,0,0,0,0,0,0,0,0,0,0,0,0,0,0.80593,1,6.2072e-06,0.82144,0.45248,0,-0.63538,-1,1,0.00011542,0.63536,1
0,0,0,0,1.2509,0.17893,-0.12296,-1,1.3504,0,-0.25689,-1,-0.84861,-0.013748,0.00015846,1,0,0,1.7713,-1.2509,0.88101,-0.58066,0.99784,1.3401,0.97504,0.6496,0.11196,4.5995e-07,9999,0,1,429.69,6.7383,0.18247,0,0,0,0,0,0,0,0,1,1.3504,0.89239,-0.77576,0,0,0,0,0,10,0.11196,4.5995e-07,9999,1,429.69,6.7383,0.18247,1.3504,0.89239,-0.77576,5,0.00072779,1.3504,-1,0.89239,-0.77576,-1,-0.84861,-0.51232,0,0,0,0,0,0,0,0
0,0,0,0,0,0,0,0,0.56417,1.3936,-0.97326,-1,-0.95997,-0.00061942,5.8946e-05,0,0,0,0.92883,-0.57295,0.79306,-0.47922,0.63592,0.49213,0.6236,0,0,0,0,0,0,0,0,0,0,0,0,0,0,0,0,0,0,0,0,0,0,0,0,0,0,0,0,0,0,0,0,0,0,0,0,0,0,0.0057258,0.57295,-1,0.79306,0,0,0,0,0,0,0,0,0,0,0,0
0,0,0,0,0,0,0,0,0.76007,0.75421,0.4146,1,0.044183,-8.3987e-06,-3.8452e-06,1,0,0,0.87562,999,999,999,0.95624,0.37992,0.31889,0.15886,0.12909,3.4493e-07,9999,1,1,966.8,9.5703,0.10251,0,0,0,0,0,0,0,0,1,999,999,999,0,0,0,0,0,0,0,0,0,0,0,0,0,0,0,0,0,0,0,0,0,0.78342,-1,-3.8452e-06,-0.17383,0,0,0,0,0,0,0,1
0,0,0,0,0,0,0,0,0.4617,1.0497,0.41432,-1,0.0055573,-8.9682e-06,-7.5329e-06,0,0,0,0.69508,999,999,999,0.90175,0.38535,0.37105,0.88501,0.12629,5.0747e-07,9999,1,-1,605.47,4.248,0.2039,0,0,0,0,0,0,0,0,1,999,999,999,0,0,0,0,0,0,0,0,0,0,0,0,0,0,0,0,0,0.017104,0.56235,1,0.21428,0.64268,1,0.0055573,0.68939,0,0,0,0,0,0,0,0
0,0,0,0,0,0,0,0,1.2353,0,-0.58176,1,0.98531,0.0016463,6.596e-07,1,0,0,0.63263,999,999,999,0.77359,0.65374,0.25201,0,0,0,0,0,0,0,0,0,0,0,0,0,0,0,0,0,0,0,0,0,0,0,0,0,0,0,0,0,0,0,0,0,0,0,0,0,0,0.0091936,1.2353,1,0.73879,0,0,0,0,0,0,0,0,0,0,0,1
0,0,0,0,0,0,0,0,1.1429,0.84335,-0.88935,-1,-0.00044381,-0.00018144,2.4032e-05,2,0,0,1.246,999,999,999,1.722,0.83103,0.48035,0,0,0,0,0,0,0,0,0,0,0,0,0,0,0,0,0,0,0,0,0,0,0,0,0,0,0,0,0,0,0,0,0,0,0,0,0,0,0.0076204,1.1429,-1,0.75352,0,0,0,0,0,0,0,0,0,0,0,0
0,0,0,0,0,0,0,0,1.7718,0.33136,-0.94376,-1,-0.9248,0.00047016,0,0,0,0,1.8995,999,999,999,2.0579,0.64685,0,0,0,0,0,0,0,0,0,0,0,0,0,0,0,0,0,0,0,0,0,0,0,0,0,0,0,0,0,0,0,0,0,0,0,0,0,0,0,0.0031604,1.7718,-1,0.98604,0,0,0,0,0,0,0,0,0,0,0,0
0,0,0,0,0,0,0,0,0.79323,0,-0.52709,1,0.43275,0.27107,2.4413e-05,1,0,0,0.76961,999,999,999,1.2552,0.72312,0.48212,0.30377,0.095493,1.5319e-06,9999,1,-1,0,5.0293,0.18116,0,0,0,0,0,0,0,0,1,999,999,999,0,0,0,0,0,10,0.17282,6.1079e-07,9999,-1,532.23,4.0039,0.23904,0.79323,0.92821,-0.41898,-0,0.0023508,0.79323,1,0.92821,0.61436,1,0.43275,0.45892,0,0,0,0,0,0,0,1
0,0,0,0,0,0,0,0,0.25381,0.14386,-0.85785,-1,0.96742,-0.92079,-0.00096688,0,0,0,1.4701,999,999,999,1.0516,0.76953,1.0121,0,0,0,0,0,0,0,0,0,0,0,0,0,0,0,0,0,0,0,0,0,0,0,0,0,0,0,0,0,0,0,0,0,0,0,0,0,0,0.00288,1.11,-1,0.94927,0,0,0,0,0,0,0,0,0,0,0,0
0,0,0,0,0,0,0,0,0.70811,0.65959,-0.909,1,0.00034004,-0.00011256,1.6499e-05,0,0,0,1.0201,999,999,999,0.93118,0.89034,0.44024,0,0,0,0,0,0,0,0,0,0,0,0,0,0,0,0,0,0,0,0,0,0,0,0,0,0,0,0,0,0,0,0,0,0,0,0,0,0,0.0051634,0.70811,1,0.98993,0,0,0,0,0,0,0,0,0,0,0,1
0,0,0,0,0,0,0,0,1.2783,1.1631,0.38087,-1,-0.0086391,1.6264e-05,3.846e-07,1,0,0,1.3419,999,999,999,1.4159,0.43882,0.13652,0.42299,0.12436,3.4085e-07,9999,1,-1,1953.1,12.207,0.098433,0,0,0,0,0,0,0,0,1,999,999,999,0,0,0,0,0,10,0.24462,3.846e-07,9999,1,761.72,7.7148,0.13652,1.2783,0.85251,-0.010773,0,0.012865,1.2783,-1,0.85251,-0.08751,1,1.6264e-05,0.28202,0,0,0,0,0,0,0,1
0,0,0,0,0,0,0,0,0.6337,1.6278,-0.97477,1,0.15437,0.002259,0.00061178,4,0,0,1.2085,0.6337,0.74964,-0.21723,0.9728,0.7161,0.32898,0.28135,0.094337,1.2213e-06,9999,0,1,0,28.906,0.074953,0,0,0,0,0,0,0,0,1,999,999,999,0,0,0,0,0,0,0,0,0,0,0,0,0,0,0,0,0,0.018361,0.73647,-1,0.92365,0.60668,-1,-9.9685e-05,-0.46273,0,0,0,0,0,0,0,1
0.75874,0,-0.043509,-1,0,0,0,0,0.095665,0.091015,-0.31518,-1,-0.046199,-1.5374e-06,1.2204e-06,2,0,0,0.74007,999,999,999,0.766,0.18184,0.10987,0.75902,0.095665,1.5374e-06,9999,0,-1,0,4.1992,0.18184,0,0,0,0,0,0,0,0,1,999,999,999,0,0,0,0,0,0,0,0,0,0,0,0,0,0,0,0,0,0.010716,0.75874,-1,0.94986,-0.42868,1,1.2204e-06,0.66937,0.75874,0,-0.043509,-1,1,0.010716,0.94986,0
0,0,0,0,0,0,0,0,0.22085,0.29651,0.48444,-1,-0.026173,0.0040368,-4.4707e-07,1,0,0,0.74503,999,999,999,1.0338,0.7877,0.17583,0.88178,0.099422,4.4707e-07,9999,1,-1,664.06,4.7363,0.17583,0,0,0,0,0,0,0,0,1,999,999,999,0,0,0,0,0,0,0,0,0,0,0,0,0,0,0,0,0,0.011674,0.74388,-1,0.53628,0.57946,1,0.0040368,0.73973,0,0,0,0,0,0,0,1
1.9855,0,-0.99583,1,0,0,0,0,0.4811,1.4292,0.72572,-1,6.9048e-05,-6.2237e-05,0,0,0,0,1.752,999,999,999,2.8392,0.62465,0,0,0,0,0,0,0,0,0,0,0,0,0,0,0,0,0,0,0,0,0,0,0,0,0,0,0,0,0,0,0,0,0,0,0,0,0,0,0,0.0015049,1.9855,1,0.99994,0,0,0,0,0,0,0,0,0,0,0,1
1.1862,0.38439,-0.8648,1,0,0,0,0,0.90121,0.36755,0.011337,-1,-0.00021464,6.132e-05,0,0,0,0,1.2179,999,999,999,0.70086,1.7076,0,0,0,0,0,0,0,0,0,0,0,0,0,0,0,0,0,0,0,0,0,0,0,0,0,0,0,0,0,0,0,0,0,0,0,0,0,0,0,0.0044746,1.1862,1,0.84813,0,0,0,0,0,0,0,0,0,0,0,0
0,0,0,0,0,0,0,0,0.67122,0.75328,-0.61329,-1,0.99987,0.0025521,-8.5777e-05,3,1,0.49909,0.95802,0.61374,-0.98862,-0.95363,0.32955,0.66708,0.71313,0.91093,0.18654,0.99987,9999,1,1,1679.7,12.109,0.32955,0,0,0,0,0,0,0,0,1,0.67122,0.87711,-0.67849,0,0,0,0,0,10,0.18654,0.99987,9999,1,1679.7,12.109,0.32955,0.67122,0.87711,-0.67849,22,0,0,0,0,0.57466,-1,-8.5777e-05,-3.2601e-05,0,0,0,0,0,0,0,1
0,0,0,0,0,0,0,0,0.13212,0.55286,-0.50051,1,6.7165e-06,-1.3346e-06,5.9208e-07,2,0,0,0.35546,999,999,999,0.36187,0.03738,0.23355,0.89213,0.13212,5.9208e-07,9999,0,1,541.99,4.3945,0.23355,0,0,0,0,0,0,0,0,1,999,999,999,0,0,0,0,0,0,0,0,0,0,0,0,0,0,0,0,0,0,0,0,0,-0.7804,-1,-1.3346e-06,-0.68488,0,0,0,0,0,0,0,1
0,0,0,0,0,0,0,0,0.8962,1.8827,-0.85275,-1,0.97371,-0.000601,-0.00025397,0,0,0,1.3252,999,999,999,0.65198,0.9704,0.99234,0,0,0,0,0,0,0,0,0,0,0,0,0,0,0,0,0,0,0,0,0,0,0,0,0,0,0,0,0,0,0,0,0,0,0,0,0,0,0.00077807,0.8962,-1,0.72548,0,0,0,0,0,0,0,0,0,0,0,0
0,0,0,0,0,0,0,0,0.7571,0,-0.34674,1,-0.99608,0.00060521,0,1,0,0,0.64998,999,999,999,0.54768,0.50794,0,0,0,0,0,0,0,0,0,0,0,0,0,0,0,0,0,0,0,0,0,0,0,0,0,0,0,0,0,0,0,0,0,0,0,0,0,0,0,0.00016484,0.52913,-1,0.49336,0,0,0,0,0,0,0,0,0,0,0,0
1.6086,0.34554,-0.49321,1,0,0,0,0,0.64682,1.5043,-0.14416,1,-0.0036685,0.00034168,0.00013434,1,0,0,1.693,999,999,999,0.5498,1.6407,0.60106,0.79847,0.16518,4.4673e-07,9999,1,-1,595.7,4.9316,0.17565,0,0,0,0,0,0,0,0,1,1.6086,0.99961,-0.78542,0,0,0,0,0,10,0.16518,4.4673e-07,9999,-1,595.7,4.9316,0.17565,1.6086,0.99961,-0.78542,-0,0.014633,1.6086,1,0.99961,0.97105,1,0.00013434,0.27162,0,0,0,0,0,0,0,1
0.74851,0.46585,0.97815,1,0,0,0,0,0.44832,1.2151,-0.87369,-1,0.035279,-3.6549e-05,1.1953e-06,0,0,0,0.8598,999,999,999,0.70859,0.53584,0.332,0.46935,0.2322,1.1953e-06,9999,1,1,468.75,4.1016,0.332,0,0,0,0,0,0,0,0,1,999,999,999,0,0,0,0,0,0,0,0,0,0,0,0,0,0,0,0,0,0.001756,0.74851,1,0.98119,0.58611,-1,-3.6549e-05,-0.00029401,0.74851,0.46585,0.97815,1,1,0.001756,0.98119,1
1.0347,0,-0.90529,1,0.85304,0.058819,-0.88072,-1,0,0,0,0,-0.10988,0.049842,0,0,0,0,1.1579,999,999,999,1.3414,1.1843,0,0,0,0,0,0,0,0,0,0,0,0,0,0,0,0,0,0,0,0,0,0,0,0,0,0,0,0,0,0,0,0,0,0,0,0,0,0,0,0.014468,1.0347,1,0.92207,0,0,0,0,0,0,0,0,0,0,0,1
0,0,0,0,0,0,0,0,1.4008,0.52994,-0.55697,-1,-0.96686,-0.032575,0.00010272,0,0,0,1.6163,-1.4008,0.80783,-0.63688,0.42088,1.4739,0.73058,0,0,0,0,0,0,0,0,0,0,0,0,0,0,0,0,0,0,0,0,0,0,0,0,0,0,0,0,0,0,0,0,0,0,0,0,0,0,0.0059625,1.4008,-1,0.80783,0,0,0,0,0,0,0,0,0,0,0,0
0,0,0,0,0,0,0,0,0.75706,0.31674,-0.96187,1,0.316,4.6718e-05,-4.4876e-05,2,1,0.49888,0.55714,0.75706,-0.98671,-0.70794,0.84633,0.57746,0.57012,0,0,0,0,0,0,0,0,0,0,0,0,0,0,0,0,0,0,0,0,0,0,0,0,0,0,0,0,0,0,0,0,0,0,0,0,0,0,0.0047616,0.75706,1,0.98671,0,0,0,0,0,0,0,0,0,0,0,0
0,0,0,0,0,0,0,0,0.84079,0.11851,0.50636,-1,-0.63364,-0.0026707,9.0281e-07,0,0,0,1.2553,-1.2204,-0.92756,-0.80685,1.3965,1.1499,0.29789,0,0,0,0,0,0,0,0,0,0,0,0,0,0,0,0,0,0,0,0,0,0,0,0,0,0,0,0,0,0,0,0,0,0,0,0,0,0,0.0028024,1.2204,-1,0.92756,0,0,0,0,0,0,0,0,0,0,0,0
0,0,0,0,0,0,0,0,0.95298,0.50997,-0.8183,1,0.53406,0.0016288,-3.7727e-07,0,0,0,1.012,0.62301,-0.81843,-0.7169,1.4446,0.76958,0.1309,0.83984,0.19291,3.7065e-07,9999,0,-1,683.59,9.1797,0.12559,0,0,0,0,0,0,0,0,1,0.95298,0.97916,-0.93194,0,0,0,0,0,10,0.19291,3.7065e-07,9999,-1,683.59,9.1797,0.12559,0.95298,0.97916,-0.93194,-5,0.0031468,0.95298,1,0.97916,0.48632,1,0.0016288,0.12565,0,0,0,0,0,0,0,1
0,0,0,0,0,0,0,0,0.46253,0.45618,-0.018713,-1,0.99934,-0.97877,-0.00063056,3,1,0.49632,0.84977,999,999,999,0.35971,0.68555,0.49288,0.7299,0.068998,1.3023e-06,9999,0,-1,0,7.4219,0.1419,0,0,0,0,0,0,0,0,1,0.50723,0.95538,-0.82398,0,0,0,0,0,10,0.068998,1.3023e-06,9999,-1,0,7.4219,0.1419,0.50723,0.95538,-0.82398,-0,0.018242,0.50723,1,0.95538,-0.82398,1,0.99934,0.74122,0,0,0,0,0,0,0,0
0.78513,1.3105,0.68842,1,0,0,0,0,0.98724,0.85988,-0.19775,-1,0.32588,-0.052995,1.3384e-06,1,0,0,1.1572,999,999,999,0.84162,1.4625,0.15035,0.98486,0.16728,1.2097e-06,9999,0,1,0,4.1016,0.096066,0,0,0,0,0,0,0,0,1,0.98724,0.7293,-0.6838,0,0,0,0,0,10,0.16728,1.2097e-06,9999,1,0,4.1016,0.096066,0.98724,0.7293,-0.6838,21,0.0024013,0.98724,-1,0.7293,0.99852,-1,-1.0159e-06,-0.84142,0.78513,1.3105,0.68842,1,1,0.015058,0.65451,1
0,0,0,0,0,0,0,0,0.80929,0.82266,0.060563,-1,-0.96552,-6.9627e-05,1.5458e-05,2,1,0.50153,0.85715,999,999,999,1.2074,0.61112,0.43388,0.59964,0.20035,8.333e-07,9999,1,-1,551.76,4.1992,0.28709,0,0,0,0,0,0,0,0,1,999,999,999,0,0,0,0,0,10,0.21297,3.7938e-07,9999,1,1093.8,6.9336,0.13254,0.80929,0.9666,-0.62503,0,0.0063866,0.80929,-1,0.9666,0.27405,-1,-0.96552,-0.0002209,0,0,0,0,0,0,0,0
0,0,0,0,0,0,0,0,0.85989,0.4836,-0.96287,1,0.99635,-5.46e-05,-1.0204e-05,0,0,0,0.78081,999,999,999,0.57105,0.61063,0.39626,0,0,0,0,0,0,0,0,0,0,0,0,0,0,0,0,0,0,0,0,0,0,0,0,0,0,0,0,0,0,0,0,0,0,0,0,0,0,0.0060692,0.85989,1,0.84566,0,0,0,0,0,0,0,0,0,0,0,1
0,0,0,0,0,0,0,0,1.3443,0.97135,-0.39304,-1,-0.75762,0.00021261,-9.6867e-05,3,1,0.49938,1.1042,-1.0342,-0.91357,-0.88656,2.1341,0.24507,0.72355,0,0,0,0,0,0,0,0,0,0,0,0,0,0,0,0,0,0,0,0,0,0,0,0,0,0,0,0,0,0,0,0,0,0,0,0,0,0,0.0081629,1.3443,-1,0.99805,0,0,0,0,0,0,0,0,0,0,0,0
0,0,0,0,1.1481,0.53079,-0.61165,-1,0.93321,0.91602,-0.23125,-1,-0.97715,-0.079754,1.1012e-06,0,0,0,0.94081,-1.1481,0.97019,-0.56351,0.53025,1.7514,0.32256,0.54325,0.19283,5.9412e-07,9999,1,-1,634.77,4.7363,0.23416,0,0,0,0,0,0,0,0,1,999,999,999,0,0,0,0,0,10,0.19909,1.1012e-06,9999,1,478.52,3.125,0.32256,0.93321,0.73736,-0.35653,5,0.00030109,1.1481,-1,0.97019,-0.35653,-1,-0.97715,-0.0056645,0,0,0,0,0,0,0,0
0.88479,0.47804,0.48233,1,0,0,0,0,0.56712,1.148,-0.73927,-1,0.00039097,-0.00019143,-7.3139e-05,1,1,0.50096,1.1903,999,999,999,0.80159,0.84866,0.69414,0,0,0,0,0,0,0,0,0,0,0,0,0,0,0,0,0,0,0,0,0,0,0,0,0,0,0,0,0,0,0,0,0,0,0,0,0,0,0.015455,0.88479,1,0.9777,0,0,0,0,0.88479,0.47804,0.48233,1,1,0.015455,0.9777,0
0,0,0,0,1.9034,0,-0.98511,1,0.40036,0.1607,0.87113,-1,0.016941,-7.6167e-05,-1.2375e-06,0,0,0,1.0405,999,999,999,1.2772,0.61492,0.12001,0.56695,0.079654,1.2375e-06,9999,1,-1,0,11.23,0.12001,0,0,0,0,0,0,0,0,1,1.9034,0.99856,-0.52931,0,0,0,0,0,10,0.079654,1.2375e-06,9999,-1,0,11.23,0.12001,1.9034,0.99856,-0.52931,-2,0.0044168,1.9034,1,0.99856,-0.52931,1,0.016941,0.66949,0,0,0,0,0,0,0,1
0,0,0,0,0,0,0,0,0.63004,1.1414,-0.57376,1,0.0044298,0.00017772,1.0564e-05,3,0,0,0.69324,999,999,999,0.82462,0.18497,0.39925,0.075719,0.10105,1.6307e-06,9999,0,-1,0,4.9805,0.19234,0,0,0,0,0,0,0,0,1,999,999,999,0,0,0,0,0,10,0.21066,4.5714e-07,9999,-1,654.3,6.1035,0.18105,0.63004,0.94224,-0.96177,-6,0.018687,0.63004,1,0.94224,0.76991,1,1.0564e-05,0.087469,0,0,0,0,0,0,0,0
0,0,0,0,0,0,0,0,0.77079,1.3094,-0.45347,-1,0.98688,0.0049806,0.00013862,0,0,0,1.1509,999,999,999,0.67722,0.27308,0.83451,0.14192,0.21472,8.4544e-07,9999,1,-1,507.81,3.6133,0.28908,0,0,0,0,0,0,0,0,1,999,999,999,0,0,0,0,0,0,0,0,0,0,0,0,0,0,0,0,0,0.002848,0.77079,-1,0.88612,-0.78856,1,0.98688,0.00041583,0,0,0,0,0,0,0,1
0,0,0,0,0,0,0,0,1.1381,0.27771,-0.32369,-1,-0.023202,-2.1676e-05,-1.0218e-06,0,0,0,1.2588,999,999,999,1.3578,0.46866,0.31359,0.72393,0.18277,1.0218e-06,9999,0,-1,385.74,4.5898,0.31359,0,0,0,0,0,0,0,0,1,999,999,999,0,0,0,0,0,10,0.1644,4.2887e-07,9999,1,722.66,4.7363,0.16571,1.1381,0.9701,-0.26281,0,0.029738,1.1381,-1,0.9701,0.87988,-1,-2.1676e-05,-0.015469,0,0,0,0,0,0,0,1
0,0,0,0,0,0,0,0,1.4579,0.60704,0.85627,-1,-0.95664,0.95621,0.83015,1,0,0,1.7471,999,999,999,1.2764,1.7206,0.92509,0.5411,0.15166,7.0869e-07,9999,0,-1,605.47,4.0039,0.26342,0,0,0,0,0,0,0,0,1,999,999,999,0,0,0,0,0,0,0,0,0,0,0,0,0,0,0,0,0,0.0030298,1.4579,-1,0.98789,0.51537,1,0.95621,0.1299,0,0,0,0,0,0,0,1
0,0,0,0,0,0,0,0,1.2007,0.37398,0.027933,1,0.99999,0.00017763,-6.9614e-05,1,0,0,1.137,999,999,999,0.23105,0.95237,0.67887,0.88131,0.14577,4.8176e-07,9999,0,-1,664.06,4.9316,0.19285,0,0,0,0,0,0,0,0,1,999,999,999,0,0,0,0,0,0,0,0,0,0,0,0,0,0,0,0,0,0.0084797,1.2007,1,0.92446,-0.48691,1,0.99999,0.60622,0,0,0,0,0,0,0,1
0,0,0,0,0,0,0,0,0.58213,0,-0.20823,1,0.0002255,0.00012537,9.1249e-05,1,0,0,0.95722,0.58213,0.62096,-0.046803,0.25714,0.7839,0.73099,0,0,0,0,0,0,0,0,0,0,0,0,0,0,0,0,0,0,0,0,0,0,0,0,0,0,0,0,0,0,0,0,0,0,0,0,0,0,0.019895,0.56975,1,0.94627,0,0,0,0,0,0,0,0,0,0,0,1
0,0,0,0,0,0,0,0,0.31589,0.80988,-0.93062,1,0.99997,7.7749e-06,-6.0297e-07,1,0,0,0.49872,999,999,999,0.26236,0.37361,0.23678,0.40677,0.21625,6.0297e-07,9999,1,-1,654.3,4.5898,0.23678,0,0,0,0,0,0,0,0,1,999,999,999,0,0,0,0,0,0,0,0,0,0,0,0,0,0,0,0,0,0,0,0,0,-0.71762,1,0.99997,0.00086067,0,0,0,0,0,0,0,0
2.1435,1.1561,-0.92109,-1,0,0,0,0,0.22195,2.5337,-0.51747,1,-6.3369e-05,-1.6438e-05,7.8834e-07,0,0,0,2.1982,999,999,999,2.3238,0.43987,0.27928,0.92576,0.08604,3.3951e-07,9999,1,1,1562.5,13.672,0.097067,0,0,0,0,0,0,0,0,1,2.1435,0.91137,-0.88499,0,0,0,0,0,10,0.08604,3.3951e-07,9999,1,1562.5,13.672,0.097067,2.1435,0.91137,-0.88499,2,0.01012,2.1435,-1,0.91137,0.65739,-1,-1.6438e-05,-0.79855,0,0,0,0,0,0,0,0
0,0,0,0,0,0,0,0,0.83876,1.8389,-0.98902,-1,-0.33447,-0.0003884,-0.00018339,3,0,0,1.0052,999,999,999,1.3637,0.93979,0.48719,0.58831,0.1184,3.5425e-07,9999,0,-1,1171.9,9.2773,0.11137,0,0,0,0,0,0,0,0,1,999,999,999,0,0,0,0,0,10,0.12981,5.2481e-07,9999,1,644.53,3.7598,0.21074,0.71739,0.95802,-0.24335,6,0.0017826,0.71739,-1,0.95802,0.25304,-1,-0.33447,-0.20763,0,0,0,0,0,0,0,1
0,0,0,0,0,0,0,0,0.92142,0.15408,-0.84296,1,0.00080075,-8.0008e-05,4.3795e-07,1,0,0,0.90435,999,999,999,0.8889,0.64649,0.17087,0.41315,0.096725,4.3795e-07,9999,1,1,634.77,5.0781,0.17087,0,0,0,0,0,0,0,0,1,999,999,999,0,0,0,0,0,0,0,0,0,0,0,0,0,0,0,0,0,0.0047907,0.92142,1,0.94968,0.54949,-1,-8.0008e-05,-0.48035,0,0,0,0,0,0,0,0
0.79052,0.54379,0.91496,-1,0,0,0,0,0.57466,1.0473,-0.86905,1,0.99993,-0.012215,-0.00024185,0,0,0,1.0714,999,999,999,0.28991,1.1291,0.92937,0.72289,0.0792,3.4459e-07,9999,1,1,1210.9,8.8867,0.10218,0,0,0,0,0,0,0,0,1,0.79052,0.96939,-0.64954,0,0,0,0,0,10,0.0792,3.4459e-07,9999,1,1210.9,8.8867,0.10218,0.79052,0.96939,-0.64954,0,0.0031615,0.79052,-1,0.96939,0.72288,-1,-0.00024185,-0.71343,0.79052,0.54379,0.91496,-1,1,0.0031615,0.96939,1
0,0,0,0,0,0,0,0,0.76105,0.50426,0.7625,-1,-0.029584,-1.0471e-05,0,0,1,0.49968,0.79993,-0.62709,-0.39915,-0.45882,0.96337,0.39849,0,0,0,0,0,0,0,0,0,0,0,0,0,0,0,0,0,0,0,0,0,0,0,0,0,0,0,0,0,0,0,0,0,0,0,0,0,0,0,0.0025884,0.76105,-1,0.62891,0,0,0,0,0,0,0,0,0,0,0,0
0,0,0,0,0,0,0,0,0.48986,0.34747,0.24446,-1,0.99999,-0.0090034,0.0076481,3,0,0,0.6684,999,999,999,0.23168,0.7747,0.47092,0.93568,0.1873,5.2955e-07,9999,1,-1,571.29,4.541,0.21253,0,0,0,0,0,0,0,0,1,999,999,999,0,0,0,0,0,0,0,0,0,0,0,0,0,0,0,0,0,0,0,0,0,-0.52318,1,0.99999,0.50826,0,0,0,0,0,0,0,1
0,0,0,0,0,0,0,0,1.4329,0.055476,-0.41958,1,-0.99999,0.95904,-0.087004,0,0,0,1.5939,-0.75099,0.9876,-0.2352,0.22079,0.39168,1.1199,0,0,0,0,0,0,0,0,0,0,0,0,0,0,0,0,0,0,0,0,0,0,0,0,0,0,0,0,0,0,0,0,0,0,0,0,0,0,0.0032253,1.4329,1,0.78512,0,0,0,0,0,0,0,0,0,0,0,0
0.73748,1.1418,-0.79797,1,0.92901,1.1549,0.6012,-1,0.70037,1.187,-0.0042665,1,0.61866,-0.079062,0.00068313,1,0,0,0.9837,0.73748,-0.98126,-0.44622,0.85281,1.478,0.48083,0.68289,0.20977,1.1368e-06,9999,1,1,395.51,3.8574,0.32627,0,0,0,0,0,0,0,0,1,999,999,999,0,0,0,0,0,0,0,0,0,0,0,0,0,0,0,0,0,0.016841,0.92901,-1,0.80808,0.18732,-1,-0.079062,-0.0059581,0.73748,1.1418,-0.79797,1,1,0.029194,0.98126,1
0,0,0,0,0,0,0,0,0.41228,0.10584,-0.9317,1,5.951e-06,5.1965e-07,-5.0967e-07,0,0,0,0.43004,999,999,999,0.35234,0.20875,0.2048,0.72276,0.14185,5.0967e-07,9999,1,-1,576.17,3.9062,0.2048,0,0,0,0,0,0,0,0,1,999,999,999,0,0,0,0,0,0,0,0,0,0,0,0,0,0,0,0,0,0,0,0,0,0.39606,1,5.951e-06,0.35156,0,0,0,0,0,0,0,1
0,0,0,0,0,0,0,0,0.60624,0.8515,-0.6202,1,-0.00039999,-0.00033132,0.00023085,1,0,0,0.95086,999,999,999,0.22777,0.66378,0.84399,0.80332,0.19866,4.0476e-07,9999,1,-1,810.55,5.7617,0.15072,0,0,0,0,0,0,0,0,1,0.60624,0.94462,-0.93732,0,0,0,0,0,10,0.19866,4.0476e-07,9999,-1,810.55,5.7617,0.15072,0.60624,0.94462,-0.93732,-4,0.0078845,0.60624,1,0.94462,0.92035,1,0.00023085,0.035634,0,0,0,0,0,0,0,0
0,0,0,0,0,0,0,0,2.0374,0.11431,-0.85719,-1,-0.99999,-0.95337,-0.00029287,1,0,0,2.1048,-2.0374,0.98613,-0.55381,0.22515,2.7393,0.85262,0.83591,0.14026,4.6384e-07,9999,1,1,742.19,5.2734,0.18439,0,0,0,0,0,0,0,0,1,2.0374,0.98613,-0.91159,0,0,0,0,0,10,0.14026,4.6384e-07,9999,1,742.19,5.2734,0.18439,2.0374,0.98613,-0.91159,6,0.00034686,2.0374,-1,0.98613,0.19226,-1,-0.99999,-0.54199,0,0,0,0,0,0,0,0
1.9266,0.20924,-0.56704,-1,0,0,0,0,1.5378,0.39744,0.24363,-1,-0.97302,0.00021534,-6.5873e-05,0,0,0,1.5905,-1.9266,0.98327,-0.93595,1.0103,0.24782,2.9973,0.78731,0.15588,7.3085e-07,9999,1,1,830.08,4.2969,0.26816,0,0,0,0,0,0,0,0,1,1.5378,0.98438,-0.69397,0,0,0,0,0,10,0.15588,7.3085e-07,9999,1,830.08,4.2969,0.26816,1.5378,0.98438,-0.69397,8,0.0069726,1.9266,-1,0.98327,-0.69397,-1,-0.97302,-0.33202,0,0,0,0,0,0,0,0
1.374,0.24775,-0.97395,1,0,0,0,0,0.66888,0.23512,0.95171,-1,-0.030906,0.014082,0,0,0,0,1.4541,999,999,999,0.90635,1.3481,0,0,0,0,0,0,0,0,0,0,0,0,0,0,0,0,0,0,0,0,0,0,0,0,0,0,0,0,0,0,0,0,0,0,0,0,0,0,0,0.0083494,1.374,1,0.99806,0,0,0,0,0,0,0,0,0,0,0,1
0,0,0,0,0,0,0,0,1.1815,0.66164,-0.37316,-1,-0.99998,0.99987,-0.60007,0,0,0,0.9684,-1.1815,0.98235,-0.42976,0.26356,0.35356,1.9534,0,0,0,0,0,0,0,0,0,0,0,0,0,0,0,0,0,0,0,0,0,0,0,0,0,0,0,0,0,0,0,0,0,0,0,0,0,0,0.004297,1.1815,-1,0.98235,0,0,0,0,0,0,0,0,0,0,0,0
0,0,0,0,0,0,0,0,1.1748,0.34789,-0.96379,-1,-0.99996,-0.17478,5.4627e-06,2,1,0.49994,0.72517,999,999,999,0.34249,0.72387,0.34568,0.75134,0.23062,3.4116e-06,9999,1,1,512.7,3.8574,0.30988,0,0,0,0,0,0,0,0,1,1.1748,0.9403,-0.55056,0,0,0,0,0,10,0.23062,3.4116e-06,9999,1,512.7,3.8574,0.30988,1.1748,0.9403,-0.55056,0,0.011235,1.1748,-1,0.9403,-0.33358,-1,-0.99996,-0.0019782,0,0,0,0,0,0,0,0
0,0,0,0,0,0,0,0,0.69064,1.0632,0.55364,-1,0.19208,-0.02902,4.9392e-05,0,0,0,1.0608,0.65726,-0.88385,-0.96392,1.0186,0.93204,0.58822,0.39301,0.20629,5.6468e-07,9999,1,-1,522.46,4.1504,0.22489,0,0,0,0,0,0,0,0,1,0.65726,0.88385,-0.49336,0,0,0,0,0,10,0.20629,5.6468e-07,9999,-1,522.46,4.1504,0.22489,0.65726,0.88385,-0.49336,-4,0.0083942,0.69064,-1,0.73932,0.098132,1,4.9392e-05,0.0018481,0,0,0,0,0,0,0,1
0,0,0,0,0,0,0,0,0.45937,0.94303,-0.26232,1,6.044e-06,0,0,0,0,0,0.34477,999,999,999,0.35355,0,0,0,0,0,0,0,0,0,0,0,0,0,0,0,0,0,0,0,0,0,0,0,0,0,0,0,0,0,0,0,0,0,0,0,0,0,0,0,0,0,0,0,0,0,0,0,0,0,0,0,0,0,0,0,0
0,0,0,0,0,0,0,0,1.672,0.52085,-0.96466,-1,-0.002304,0.00040478,7.2709e-07,0,0,0,1.5804,999,999,999,2.3042,0.51506,0.26735,0,0,0,0,0,0,0,0,0,0,0,0,0,0,0,0,0,0,0,0,0,0,0,0,0,0,0,0,0,0,0,0,0,0,0,0,0,0,0.0050925,1.672,-1,0.97564,0,0,0,0,0,0,0,0,0,0,0,0
0,0,0,0,0,0,0,0,1.3384,0.56477,-0.36443,1,0.96552,0.13938,-4.0322e-07,1,0,0,1.3597,1.3384,-0.78471,-0.33091,0.83739,1.8812,0.1497,0.9353,0.12511,4.0322e-07,9999,1,-1,781.25,6.7383,0.1497,0,0,0,0,0,0,0,0,1,1.3384,0.78471,-0.94013,0,0,0,0,0,10,0.092513,3.9064e-07,9999,-1,1035.2,8.1055,0.14095,0.68269,0.64682,-0.95874,-5,0.011644,1.3384,1,0.78471,0.42479,1,0.96552,0.78488,0,0,0,0,0,0,0,1
0,0,0,0,0,0,0,0,1.2437,1.4206,-0.85806,-1,-0.74556,1.0392e-05,-8.3895e-06,0,2,0.49748,1.2196,999,999,999,1.7362,0.39783,0.37983,0.83045,0.12135,1.3578e-06,9999,1,1,0,6.4453,0.15435,0,1,0,0,0,0,0,0,1,999,999,999,0,0,0,0,0,0,0,0,0,0,0,0,0,0,0,0,0,0.014588,1.2437,-1,0.80079,0.84384,-1,-0.74556,-0.62806,0,0,0,0,0,0,0,0
0,0,0,0,0,0,0,0,0.29619,0.1205,0.14433,-1,0.49969,0.25313,-6.0909e-05,1,0,0,0.86951,999,999,999,1.321,1.2067,0.62005,0,0,0,0,0,0,0,0,0,0,0,0,0,0,0,0,0,0,0,0,0,0,0,0,0,0,0,0,0,0,0,0,0,0,0,0,0,0,0.0039353,0.81517,1,0.83031,0,0,0,0,0,0,0,0,0,0,0,1
0,0,0,0,0,0,0,0,0.91431,1.325,-0.80696,1,0.99854,0.97109,-3.6183e-05,0,0,0,0.87504,0.62001,0.969,-0.78992,0.50534,1.0181,0.5343,0.91084,0.20046,4.3415e-07,9999,1,-1,634.77,4.9805,0.16874,0,0,0,0,0,0,0,0,1,0.62001,0.969,-0.9551,0,0,0,0,0,10,0.20046,4.3415e-07,9999,-1,634.77,4.9805,0.16874,0.62001,0.969,-0.9551,-0,0.027032,0.91431,1,0.91382,0.75464,1,0.99854,0.24595,0,0,0,0,0,0,0,1
0,0,0,0,0,0,0,0,0.31974,1.3547,-0.15254,1,-1.7593e-05,1.2675e-05,-1.8225e-06,1,0,0,0.55719,999,999,999,0.44664,0.2922,0.20971,0.31037,0.059086,1.2228e-06,9999,0,-1,0,16.211,0.11167,0,0,0,0,0,0,0,0,1,999,999,999,0,0,0,0,0,0,0,0,0,0,0,0,0,0,0,0,0,0,0,0,0,-0.37445,1,1.2675e-05,0.64463,0,0,0,0,0,0,0,0
0,0,0,0,0.8289,1.521,-0.3804,-1,0.33597,1.855,-0.45242,1,-0.013123,6.1006e-05,0,0,0,0,0.79468,999,999,999,1.1327,0.53248,0,0,0,0,0,0,0,0,0,0,0,0,0,0,0,0,0,0,0,0,0,0,0,0,0,0,0,0,0,0,0,0,0,0,0,0,0,0,0,0.010618,0.8289,-1,0.54174,0,0,0,0,0,0,0,0,0,0,0,1
0,0,0,0,1.2821,0.90857,-0.85145,1,0.27009,0,0.61335,-1,0.023327,-0.001629,-0.0001214,0,1,0.49645,1.3703,999,999,999,1.6719,0.74805,0.9192,0.71008,0.13612,5.5921e-07,9999,1,1,610.35,4.6387,0.22306,0,0,0,0,0,0,0,0,1,999,999,999,0,0,0,0,0,0,0,0,0,0,0,0,0,0,0,0,0,0.0017184,1.2821,1,0.68579,0.96266,-1,-0.0001214,-0.38342,0,0,0,0,0,0,0,1
0,0,0,0,0,0,0,0,1.1867,1.4778,-0.86183,-1,-0.99995,0.95263,-0.46331,3,0,0,1.0437,999,999,999,0.29227,1.2021,1.917,0.41472,0.2486,5.5236e-07,9999,0,-1,996.09,5.6152,0.22073,0,0,0,0,0,0,0,0,1,0.78649,0.35767,-0.21741,0,0,0,0,0,10,0.20797,0.99995,9999,-1,2011.7,14.453,0.29227,0.78649,0.35767,-0.94626,-22,0.0027796,0.78649,1,0.35767,-0.21741,1,0.95263,9.0893e-05,0,0,0,0,0,0,0,0
0,0,0,0,0,0,0,0,1.06,0.10183,-0.7591,1,0.96898,-0.25705,3.5905e-05,1,0,0,0.91887,0.68281,-0.86328,-0.65934,1.6685,0.67437,0.53251,0,0,0,0,0,0,0,0,0,0,0,0,0,0,0,0,0,0,0,0,0,0,0,0,0,0,0,0,0,0,0,0,0,0,0,0,0,0,0.0033769,1.06,1,0.94654,0,0,0,0,0,0,0,0,0,0,0,1
0,0,0,0,0,0,0,0,0.78145,1.1808,-0.95771,1,0.16549,-0.002944,1.9273e-05,1,0,0,0.85815,999,999,999,1.1429,0.31817,0.45603,0.74549,0.23372,4.5517e-07,9999,0,1,654.3,5.7617,0.18005,0,0,0,0,0,0,0,0,1,999,999,999,0,0,0,0,0,0,0,0,0,0,0,0,0,0,0,0,0,0.021161,0.78145,1,0.69571,0.83791,-1,-0.002944,-0.0013889,0,0,0,0,0,0,0,0
0,0,0,0,1.1839,0,0.44601,1,1.0414,0.75667,-0.74965,-1,-0.9288,0.91059,0.015846,2,0,0,1.3719,999,999,999,1.4727,0.58505,0.96588,0.61768,0.23094,0.00038525,9999,0,-1,571.29,0,0.21932,0,0,0,0,0,0,0,0,1,1.1839,0.94751,-0.33512,0,0,0,0,0,10,0.23094,0.00038525,9999,-1,571.29,0,0.21932,1.1839,0.94751,-0.33512,-0,0.00052303,1.1839,1,0.94751,-0.027434,1,0.91059,0.00057016,0,0,0,0,0,0,0,0
0,0,0,0,0,0,0,0,0.77339,1.0452,0.64277,-1,0.93778,-0.21688,-0.0001851,1,0,0,1.1369,999,999,999,0.97347,0.66934,0.88973,0.81111,0.23586,4.2339e-07,9999,1,1,561.52,5.0781,0.16247,0,0,0,0,0,0,0,0,1,0.65285,0.91363,-0.58575,0,0,0,0,0,10,0.23586,4.2339e-07,9999,1,561.52,5.0781,0.16247,0.65285,0.91363,-0.58575,4,0.022995,0.77339,-1,0.97017,0.7974,-1,-6.3488e-05,-0.0029662,0,0,0,0,0,0,0,1
0,0,0,0,0,0,0,0,0.11188,1.5197,-0.44538,-1,-3.368e-06,2.9962e-06,-1.6899e-06,2,0,0,0.46067,999,999,999,0.30891,0.30013,0.1982,0.46971,0.11188,4.2902e-07,9999,0,-1,683.59,4.3945,0.16579,1,0,0.64759,-2.7723,2.1346,0.0025217,0.16308,0.2184,1,999,999,999,0,0,0,0,0,0,0,0,0,0,0,0,0,0,0,0,0,0,0,0,0,0.5777,1,1.2521e-06,0.39373,0,0,0,0,0,0,0,1
0.50359,0.10515,0.89395,1,0,0,0,0,0.85624,0.45258,-0.99601,-1,-0.012889,-0.00074502,0.00029418,0,0,0,1.0749,999,999,999,0.91987,0.47805,0.62411,0,0,0,0,0,0,0,0,0,0,0,0,0,0,0,0,0,0,0,0,0,0,0,0,0,0,0,0,0,0,0,0,0,0,0,0,0,0,0.0040271,0.85624,-1,0.96666,0,0,0,0,0.50359,0.10515,0.89395,1,1,0.010585,0.99192,1
0,0,0,0,0,0,0,0,1.7056,0.20081,-0.39254,-1,0.99908,-0.052797,0.00043724,0,0,0,1.4206,999,999,999,0.37246,1.2861,0.80897,0.47092,0.18206,7.6945e-07,9999,1,1,605.47,5.8594,0.27577,0,0,0,0,0,0,0,0,1,1.7056,0.98159,-0.50025,0,0,0,0,0,10,0.18206,7.6945e-07,9999,1,605.47,5.8594,0.27577,1.7056,0.98159,-0.50025,4,0.0028986,1.7056,-1,0.98159,0.90719,1,0.99908,0.00023178,0,0,0,0,0,0,0,1
0.80353,0.38477,0.98231,1,0,0,0,0,0.50641,0.99196,-0.89607,-1,-0.018673,0.00025065,-6.7335e-05,1,1,0.5009,0.92851,-0.50641,0.95312,-0.64675,1.1265,0.99722,0.66952,0.87552,0.12659,1.2271e-06,9999,1,1,0,9.668,0.11444,0,0,0,0,0,0,0,0,1,0.50641,0.95312,-0.97299,0,0,0,0,0,10,0.12659,1.2271e-06,9999,1,0,9.668,0.11444,0.50641,0.95312,-0.97299,2,0.0015054,0.80353,1,0.97814,0.46895,-1,-0.018673,-0.67267,0.80353,0.38477,0.98231,1,1,0.0015054,0.97814,0
0,0,0,0,1.2966,0.76288,-0.71741,1,1.0174,0.63307,-0.47975,-1,0.1876,-0.014391,2.9427e-05,2,1,0.49471,1.6236,999,999,999,1.6951,1.4212,0.50524,0,0,0,0,0,0,0,0,0,0,0,0,0,0,0,0,0,0,0,0,0,0,0,0,0,0,0,0,0,0,0,0,0,0,0,0,0,0,0.013111,1.2966,1,0.89231,0,0,0,0,0,0,0,0,0,0,0,1
0,0,0,0,0,0,0,0,1.0697,1.2468,0.035076,1,-0.9869,0.96317,-0.026705,0,1,0.49392,1.5514,-0.63507,0.81199,-0.049614,0.59245,1.2348,0.9538,0.75048,0.19155,3.7494e-07,9999,1,1,966.8,7.1289,0.12906,0,1,0,0,0,0,0,0,1,0.65599,0.53719,-0.17931,0,0,0,0,0,10,0.19155,3.7494e-07,9999,1,966.8,7.1289,0.12906,0.65599,0.53719,-0.17931,9,0.0067491,1.0697,1,0.9541,-0.17931,-1,-0.9869,-0.04771,0,0,0,0,0,0,0,0
0,0,0,0,1.861,0.15881,-0.70963,1,0.58974,1.3189,0.081869,-1,0.039614,-8.5284e-05,7.3514e-05,1,0,0,1.9827,0.57438,-0.96794,-0.95444,2.316,0.83374,0.68899,0.81639,0.13946,5.7115e-07,9999,1,-1,546.88,4.1016,0.227,0,0,0,0,0,0,0,0,1,1.861,0.98847,-0.73968,0,0,0,0,0,10,0.13946,5.7115e-07,9999,-1,546.88,4.1016,0.227,1.861,0.98847,-0.73968,-2,0.0009101,1.861,1,0.98847,0.88951,1,7.3514e-05,0.51265,0,0,0,0,0,0,0,1
0,0,0,0,0,0,0,0,0.49076,0.42459,0.61342,-1,0.9665,0.00014744,-6.317e-05,0,0,0,0.85645,999,999,999,0.93271,0.69394,0.61271,0.53429,0.15481,3.736e-07,9999,1,-1,917.97,8.7891,0.12799,0,0,0,0,0,0,0,0,1,999,999,999,0,0,0,0,0,0,0,0,0,0,0,0,0,0,0,0,0,0.0011379,0.62879,1,0.64251,0.083164,1,0.9665,0.11028,0,0,0,0,0,0,0,1
1.5775,0.034955,0.3419,1,0,0,0,0,0.62725,0.71918,-0.56246,1,0.99791,5.9745e-05,-1.2616e-05,0,0,0,1.4103,1.5775,0.99043,-0.82172,0.5016,2.3643,0.41493,0,0,0,0,0,0,0,0,0,0,0,0,0,0,0,0,0,0,0,0,0,0,0,0,0,0,0,0,0,0,0,0,0,0,0,0,0,0,0.044895,1.5775,1,0.99043,0,0,0,0,0,0,0,0,0,0,0,1
0,0,0,0,0,0,0,0,0.87107,1.2573,-0.46161,1,0.0077162,-0.00047686,-5.638e-07,0,0,0,1.11,999,999,999,0.83002,1.0042,0.2246,0.095618,0.078172,3.2204e-07,9999,1,1,439.45,10.645,0.077773,0,0,0,0,0,0,0,0,1,999,999,999,0,0,0,0,0,0,0,0,0,0,0,0,0,0,0,0,0,0.0086902,0.87107,1,0.97418,0.072224,-1,-0.00047686,-0.55732,0,0,0,0,0,0,0,1
0,0,0,0,0,0,0,0,0.61547,1.1016,0.56597,-1,-0.00051673,2.3151e-05,-7.9777e-06,0,0,0,0.70669,999,999,999,0.54573,0.47606,0.37571,0,0,0,0,0,0,0,0,0,0,0,0,0,0,0,0,0,0,0,0,0,0,0,0,0,0,0,0,0,0,0,0,0,0,0,0,0,0,0.027643,0.61547,-1,0.97635,0,0,0,0,0,0,0,0,0,0,0,1
0,0,0,0,0.95088,0.47557,0.41674,-1,1.616,0.4482,-0.75194,1,0.011396,-0.0010542,9.9741e-05,0,0,0,1.4285,999,999,999,2.4976,0.77134,0.56392,0,0,0,0,0,0,0,0,0,0,0,0,0,0,0,0,0,0,0,0,0,0,0,0,0,0,0,0,0,0,0,0,0,0,0,0,0,0,0.019207,1.616,1,0.99809,0,0,0,0,0,0,0,0,0,0,0,0
0,0,0,0,0.59513,1.2698,-0.64938,1,1.1235,0.40497,-0.16571,-1,-0.96026,0.0001829,-1.8115e-06,2,0,0,1.2379,-0.59426,-0.7048,-0.51084,1.4937,0.90022,0.37483,0.9057,0.11791,3.3997e-07,9999,0,1,2148.4,14.453,0.097536,0,0,0,0,0,0,0,0,1,1.1235,0.93786,-0.93285,0,0,0,0,0,10,0.1956,1.7465e-06,9999,-1,0,5.127,0.20336,0.59513,0.23615,-0.5161,-5,0.011412,1.1235,-1,0.93786,-0.93285,-1,-0.96026,-0.74234,0,0,0,0,0,0,0,0
0,0,0,0,1.923,0.16934,-0.96815,-1,0.19814,0.27707,0.812,1,-0.99932,-7.2866e-05,3.5162e-07,1,0,0,1.3585,999,999,999,0.44338,3.0003,0.10893,0.90339,0.095893,3.5162e-07,9999,1,1,1855.5,10.156,0.10893,0,0,0,0,0,0,0,0,1,1.923,0.99211,-0.85584,0,0,0,0,0,10,0.095893,3.5162e-07,9999,1,1855.5,10.156,0.10893,1.923,0.99211,-0.85584,2,0.00038182,1.923,-1,0.99211,-0.75633,-1,-0.99932,-0.7669,0,0,0,0,0,0,0,0
0,0,0,0,0,0,0,0,0.45652,0.35976,-0.075654,1,2.3544e-05,2.1263e-05,-1.9012e-05,2,0,0,0.73859,999,999,999,0.47798,0.46655,0.4546,0.15873,0.037527,1.2094e-06,9999,0,-1,0,10.84,0.090656,0,0,0,0,0,0,0,0,1,999,999,999,0,0,0,0,0,0,0,0,0,0,0,0,0,0,0,0,0,0,0,0,0,0.56697,1,2.1263e-05,0.69569,0,0,0,0,0,0,0,0
0,0,0,0,0,0,0,0,0.65939,0,0.29177,1,0.94556,5.7244e-06,0,0,0,0,0.7855,0.64728,-0.95743,-0.69149,0.88793,0.46788,0,0,0,0,0,0,0,0,0,0,0,0,0,0,0,0,0,0,0,0,0,0,0,0,0,0,0,0,0,0,0,0,0,0,0,0,0,0,0,0.0041843,0.64728,1,0.95743,0,0,0,0,0,0,0,0,0,0,0,1
0,0,0,0,0,0,0,0,0.32,0.36228,0.50403,-1,-0.98522,1.1074e-05,-3.422e-06,0,0,0,0.51867,999,999,999,0.47382,0.27843,0.31011,0.98527,0.16434,3.6385e-07,9999,1,-1,937.5,8.3984,0.1199,0,0,0,0,0,0,0,0,1,999,999,999,0,0,0,0,0,0,0,0,0,0,0,0,0,0,0,0,0,0,0,0,0,0.89498,1,1.1074e-05,0.84877,0,0,0,0,0,0,0,1
0,0,0,0,0.71173,2.2905,-0.79082,-1,0.81688,2.1536,-0.92423,1,0.95008,-0.40505,2.3213e-05,0,0,0,0.9676,999,999,999,1.2866,1.1013,0.3055,0.61687,0.24682,2.3161e-06,9999,1,-1,449.22,3.4668,0.39716,0,0,0,0,0,0,0,0,1,999,999,999,0,0,0,0,0,0,0,0,0,0,0,0,0,0,0,0,0,0.01942,0.81688,1,0.96143,0.60738,1,0.95008,0.00015479,0,0,0,0,0,0,0,0
0,0,0,0,0,0,0,0,0.24625,0.69561,0.24419,1,0.99999,-5.2875e-06,-2.3119e-06,3,0,0,0.53228,999,999,999,0.22595,0.34316,0.28063,0.58128,0.060665,1.2112e-06,9999,1,1,0,15.039,0.099818,0,0,0,0,0,0,0,0,1,999,999,999,0,0,0,0,0,0,0,0,0,0,0,0,0,0,0,0,0,0,0,0,0,-0.21203,1,0.99999,0.6973,0,0,0,0,0,0,0,1
0.97194,0,-0.98835,-1,0,0,0,0,0,0,0,0,-0.036544,0,0,0,0,0,0.95109,999,999,999,1.1809,0,0,0,0,0,0,0,0,0,0,0,0,0,0,0,0,0,0,0,0,0,0,0,0,0,0,0,0,0,0,0,0,0,0,0,0,0,0,0,0,0.0037867,0.97194,-1,0.98835,0,0,0,0,0.97194,0,-0.98835,-1,1,0.0037867,0.98835,0
0,0,0,0,0,0,0,0,0.64039,0,-0.92359,-1,-0.97026,-0.0088643,-0.0040474,6,1,0.49623,0.95818,999,999,999,0.85852,0.73216,0.47319,0,0,0,0,0,0,0,0,0,0,0,0,0,0,0,0,0,0,0,0,0,0,0,0,0,0,0,0,0,0,0,0,0,0,0,0,0,0,0.024048,0.64039,-1,0.55008,0,0,0,0,0,0,0,0,0,0,0,1
0,0,0,0,0,0,0,0,0.52999,1.2759,-0.5366,-1,-0.0040095,-7.2048e-05,-3.2387e-05,0,0,0,0.84573,999,999,999,0.79147,0.67262,0.51817,0.73226,0.24665,7.4976e-06,9999,1,1,527.34,4.834,0.37067,0,0,0,0,0,0,0,0,1,999,999,999,0,0,0,0,0,0,0,0,0,0,0,0,0,0,0,0,0,0.054082,0.52999,-1,0.87756,0.66873,-1,-0.0040095,-0.00037743,0,0,0,0,0,0,0,0
0,0,0,0,0,0,0,0,0.77095,0.68917,0.7722,1,0.00017314,0.00010646,-7.5457e-05,0,0,0,1.2179,0.86388,-0.98476,-0.92757,0.98441,0.71877,0.70461,0.85768,0.17146,3.5308e-06,9999,1,-1,0,4.1992,0.28397,0,0,0,0,0,0,0,0,1,0.86388,0.98476,-0.79112,0,0,0,0,0,10,0.17146,3.5308e-06,9999,-1,0,4.1992,0.28397,0.86388,0.98476,-0.79112,-4,0.012303,0.86388,1,0.98476,0.70901,1,0.00017314,0.352,0,0,0,0,0,0,0,0
0,0,0,0,0,0,0,0,0.55719,0.69244,-0.90215,-1,-0.00014787,0.00010575,-8.6102e-05,0,0,0,0.87719,999,999,999,0.75025,0.63375,0.7453,0.93413,0.15309,3.8393e-07,9999,1,1,791.02,6.543,0.13602,1,0,0.28827,-3.2264,-0.29107,0.00028885,0.17062,0.0049896,1,0.55719,0.88854,-0.7252,0,0,0,0,0,10,0.15309,3.8393e-07,9999,1,791.02,6.543,0.13602,0.55719,0.88854,-0.7252,0,0.0091985,0.55719,-1,0.88854,0.98774,-1,-2.1066e-05,-0.71965,0,0,0,0,0,0,0,0
0,0,0,0,0,0,0,0,0.96657,0.33523,-0.15625,-1,-0.46549,-0.016757,3.0567e-05,3,1,0.49735,0.8621,999,999,999,1.545,0.78848,0.51031,0.88792,0.12185,5.094e-07,9999,1,-1,732.42,5.0781,0.20469,0,0,0,0,0,0,0,0,1,0.61532,0.95767,-0.97235,0,0,0,0,0,10,0.12185,5.094e-07,9999,-1,732.42,5.0781,0.20469,0.61532,0.95767,-0.97235,-6,0.0043022,0.61532,1,0.95767,-0.26105,-1,-0.46549,-0.15439,0,0,0,0,0,0,0,0
0,0,0,0,0,0,0,0,0.44525,0.38645,0.50779,1,0.98342,0.0001426,0,0,0,0,0.49552,999,999,999,0.68998,0.69324,0,0,0,0,0,0,0,0,0,0,0,0,0,0,0,0,0,0,0,0,0,0,0,0,0,0,0,0,0,0,0,0,0,0,0,0,0,0,0,0,0,0,0,0,0,0,0,0,0,0,0,0,0,0,1
0,0,0,0,0,0,0,0,1.2437,0.49123,-0.49201,1,0.78996,-0.00011441,-2.5427e-05,0,0,0,1.2442,999,999,999,0.91505,0.87919,0.48701,0.98906,0.11673,3.5998e-07,9999,1,-1,1054.7,9.1797,0.11653,0,0,0,0,0,0,0,0,1,999,999,999,0,0,0,0,0,10,0.17996,4.3073e-07,9999,1,742.19,5.0781,0.16678,0.80588,0.84421,-0.82021,4,0.00080791,1.2437,1,0.94296,0.93099,1,0.78996,0.89,0,0,0,0,0,0,0,1
1.601,0.053331,-0.68296,1,0,0,0,0,0.88988,0.58199,0.32681,-1,-0.052732,0.00028323,-3.6492e-06,1,0,0,1.7735,999,999,999,1.1173,1.5331,0.31495,0,0,0,0,0,0,0,0,0,0,0,0,0,0,0,0,0,0,0,0,0,0,0,0,0,0,0,0,0,0,0,0,0,0,0,0,0,0,0.0121,1.601,1,0.98183,0,0,0,0,0.37183,1.1109,0.023731,-1,2,0.014286,0.70176,1
1.4589,0.10474,0.062007,-1,0,0,0,0,0.33409,0.27133,0.37842,-1,0.060602,-0.0011153,-1.5246e-06,0,0,0,1.6172,999,999,999,1.0334,1.4559,0.35797,0.98583,0.11077,4.3747e-07,9999,1,1,703.12,7.2266,0.1706,0,0,0,0,0,0,0,0,1,1.4589,0.94684,-0.88096,0,0,0,0,0,10,0.11077,4.3747e-07,9999,1,703.12,7.2266,0.1706,1.4589,0.94684,-0.88096,2,0.01078,1.4589,-1,0.94684,0.5911,-1,-1.5246e-06,-0.88451,0,0,0,0,0,0,0,0
0,0,0,0,1.1652,0.22355,-0.08981,-1,0.63387,0.4715,-0.18513,-1,0.99952,-0.045151,-0.0039244,3,1,0.49647,1.1539,999,999,999,0.42255,1.7454,0.53764,0.52058,0.047007,3.1567e-07,9999,0,1,2109.4,7.5195,0.069983,0,0,0,0,0,0,0,0,1,1.1652,0.98116,-0.67362,0,0,0,0,0,10,0.047007,3.1567e-07,9999,1,2109.4,7.5195,0.069983,1.1652,0.98116,-0.67362,0,0.010508,1.1652,-1,0.98116,0.27162,1,0.99952,0.54267,0,0,0,0,0,0,0,1
0,0,0,0,1.7129,0.60628,-0.82234,-1,0.37616,0.52619,0.92251,1,-0.10934,4.3731e-05,8.3482e-07,0,0,0,1.6587,999,999,999,2.3162,0.54916,0.28734,0.70037,0.15023,5.416e-07,9999,0,-1,605.47,3.6133,0.21695,0,0,0,0,0,0,0,0,1,999,999,999,0,0,0,0,0,0,0,0,0,0,0,0,0,0,0,0,0,0.0139,1.7129,-1,0.97477,0.0028368,1,4.3731e-05,0.18929,0,0,0,0,0,0,0,0
0,0,0,0,0,0,0,0,0.33636,0.167,0.82392,-1,0.00093916,-7.7689e-05,3.0556e-05,0,0,0,1.0429,999,999,999,0.60595,0.6945,0.5092,0.55195,0.21558,3.4384e-06,9999,1,-1,463.87,3.6133,0.31047,0,0,0,0,0,0,0,0,1,0.51567,0.94864,-0.78139,0,0,0,0,0,10,0.21558,3.4384e-06,9999,-1,463.87,3.6133,0.31047,0.51567,0.94864,-0.78139,-6,0.0015303,0.72421,-1,0.75339,0.14263,1,0.00093916,0.0015252,0,0,0,0,0,0,0,0
0,0,0,0,0,0,0,0,0.54735,1.0271,-0.65159,1,-2.6945e-05,2.4498e-05,-1.7623e-05,1,0,0,0.73048,999,999,999,0.49406,0.48259,0.44681,0.90187,0.10312,3.4992e-07,9999,1,1,1718.8,17.188,0.10733,0,0,0,0,0,0,0,0,1,999,999,999,0,0,0,0,0,10,0.11954,4.2381e-07,9999,-1,581.05,5.8594,0.16272,0.54735,0.85719,-0.31985,-5,0.0084157,0.54735,1,0.85719,0.6669,-1,-1.7623e-05,-0.75772,0,0,0,0,0,0,0,1
0,0,0,0,0,0,0,0,0.92935,0.80979,-0.65561,1,-0.99999,0.18155,-0.00048119,1,0,0,0.67604,999,999,999,0.20766,1.4775,0.3569,0.68252,0.2149,0.99999,9999,1,-1,3320.3,21.68,0.20766,0,0,0,0,0,0,0,0,1,0.92935,0.85489,-0.21955,0,0,0,0,0,10,0.2149,0.99999,9999,-1,3320.3,21.68,0.20766,0.92935,0.85489,-0.21955,-3,0.031418,0.92935,1,0.85489,-0.21955,1,0.18155,4.283e-06,0,0,0,0,0,0,0,0
0,0,0,0,0,0,0,0,0.60154,0.32163,-0.62478,1,1.2907e-05,5.1039e-06,-4.4513e-06,2,2,0.50344,0.71636,999,999,999,0.417,0.34044,0.44966,0.53717,0.2226,4.3691e-07,9999,1,-1,732.42,4.8828,0.17029,0,1,0,0,0,0,0,0,1,999,999,999,0,0,0,0,0,0,0,0,0,0,0,0,0,0,0,0,0,0.0044283,0.60154,1,0.72154,0.95977,1,1.2907e-05,0.00078675,0,0,0,0,0,0,0,0
1.9688,0,-0.95059,1,1.0931,0,0.82906,-1,0,0,0,0,-0.00055992,8.2196e-05,0,0,0,0,2.2049,999,999,999,1.0337,2.3501,0,0,0,0,0,0,0,0,0,0,0,0,0,0,0,0,0,0,0,0,0,0,0,0,0,0,0,0,0,0,0,0,0,0,0,0,0,0,0,0.010276,1.9688,1,0.99511,0,0,0,0,0,0,0,0,0,0,0,1
0,0,0,0,0,0,0,0,0.67275,2.2638,0.93021,-1,-9.1566e-05,-7.08e-05,2.2579e-05,1,0,0,0.8915,999,999,999,0.6984,0.686,0.47322,0.78843,0.099757,3.4414e-07,9999,1,-1,117.19,3.8574,0.10173,0,0,0,0,0,0,0,0,1,999,999,999,0,0,0,0,0,0,0,0,0,0,0,0,0,0,0,0,0,0.020631,0.67275,-1,0.90375,0.13381,1,2.2579e-05,0.66995,0,0,0,0,0,0,0,1
0,0,0,0,0,0,0,0,1.8436,0.2248,-0.9441,-1,-0.18154,0.00048596,3.2324e-05,1,1,0.49926,1.5368,999,999,999,2.7725,0.60741,0.51793,0.79247,0.17623,8.6264e-07,9999,1,-1,478.52,3.7109,0.29182,0,0,0,0,0,0,0,0,1,0.71979,0.76485,-0.98683,0,0,0,0,0,10,0.17623,8.6264e-07,9999,-1,478.52,3.7109,0.29182,0.71979,0.76485,-0.98683,-0,0.012681,1.8436,-1,0.97264,0.11134,1,1.0774e-05,0.17012,0,0,0,0,0,0,0,0
0,0,0,0,0,0,0,0,0.27875,0.27586,0.64602,-1,-0.00016339,7.5824e-06,-2.0086e-06,0,0,0,0.64976,999,999,999,0.57198,0.37158,0.26998,0,0,0,0,0,0,0,0,0,0,0,0,0,0,0,0,0,0,0,0,0,0,0,0,0,0,0,0,0,0,0,0,0,0,0,0,0,0,0.003115,0.51972,1,0.26656,0,0,0,0,0,0,0,0,0,0,0,1
0,0,0,0,1.1231,0.10407,-0.85069,1,0.39544,0.45499,-0.44076,-1,0.43017,-1.3339e-05,0,0,0,0,1.1821,999,999,999,1.3324,0.41956,0,0,0,0,0,0,0,0,0,0,0,0,0,0,0,0,0,0,0,0,0,0,0,0,0,0,0,0,0,0,0,0,0,0,0,0,0,0,0,0.03218,1.1231,1,0.96002,0,0,0,0,0,0,0,0,0,0,0,1
0,0,0,0,0.97992,0.50201,0.58062,-1,0.35961,1.4876,0.023619,1,-0.087952,4.1816e-06,0,0,0,0,0.8437,999,999,999,1.4688,0.32523,0,0,0,0,0,0,0,0,0,0,0,0,0,0,0,0,0,0,0,0,0,0,0,0,0,0,0,0,0,0,0,0,0,0,0,0,0,0,0,0.0012545,0.97992,-1,0.87287,0,0,0,0,0,0,0,0,0,0,0,0
0,0,0,0,1.4603,0,-0.30275,1,1.0299,0,-0.043614,1,0.96039,0.080453,-0.0015219,0,0,0,1.8721,1.4603,0.92151,-0.87658,1.2202,2.0431,0.96226,0,0,0,0,0,0,0,0,0,0,0,0,0,0,0,0,0,0,0,0,0,0,0,0,0,0,0,0,0,0,0,0,0,0,0,0,0,0,0.0068297,1.4603,1,0.92151,0,0,0,0,0,0,0,0,0,0,0,1
0,0,0,0,0,0,0,0,1.286,1.1149,-0.9734,-1,-0.011001,4.9114e-05,-2.6063e-05,0,0,0,1.3477,999,999,999,1.8037,0.58706,0.49,0.61438,0.2082,6.9555e-06,9999,1,1,0,3.7109,0.34023,0,0,0,0,0,0,0,0,1,1.286,0.84527,-0.30172,0,0,0,0,0,10,0.2082,6.9555e-06,9999,1,0,3.7109,0.34023,1.286,0.84527,-0.30172,6,0.0058563,1.286,-1,0.84527,0.26882,-1,-2.6063e-05,-0.0040361,0,0,0,0,0,0,0,0
0,0,0,0,0,0,0,0,1.1751,0.60499,-0.9138,-1,-0.97416,-0.96112,0.68402,0,0,0,1.3198,-1.1751,-0.60368,-0.57188,0.60691,1.0136,1.9569,0.3966,0.21389,4.3552e-07,9999,1,1,732.42,5.8594,0.16951,0,0,0,0,0,0,0,0,1,0.54137,0.30871,-0.65772,0,0,0,0,0,10,0.21389,4.3552e-07,9999,1,732.42,5.8594,0.16951,0.54137,0.30871,-0.65772,5,0.0080369,1.1751,-1,0.60368,0.25958,-1,-0.96112,-0.00016711,0,0,0,0,0,0,0,0
0,0,0,0,0,0,0,0,0.48347,0.29662,0.26997,1,0.99666,0.96218,-0.94045,1,0,0,1.0131,0.77596,0.88775,-0.94563,0.56226,0.9623,0.60913,0.73649,0.10434,4.3802e-07,9999,1,1,712.89,2.9785,0.17091,0,0,0,0,0,0,0,0,1,0.99733,0.73635,-0.58571,0,0,0,0,0,10,0.10434,4.3802e-07,9999,1,712.89,2.9785,0.17091,0.99733,0.73635,-0.58571,21,0.015004,0.77596,1,0.88775,0.29348,-1,-0.94045,-0.62187,0,0,0,0,0,0,0,0
0,0,0,0,0,0,0,0,0.81955,0.94671,-0.24833,-1,0.0039283,-0.00035479,5.1727e-05,1,1,0.50023,1.1906,0.73488,-0.99698,-0.95678,1.2162,0.64246,0.598,0.94081,0.14141,3.3886e-07,9999,0,1,581.05,14.062,0.096398,0,0,0,0,0,0,0,0,1,999,999,999,0,0,0,0,0,0,0,0,0,0,0,0,0,0,0,0,0,0.012635,0.8597,1,0.95544,0.99888,-1,-4.959e-05,-0.77037,0,0,0,0,0,0,0,0
0,0,0,0,0,0,0,0,0.4767,1.18,-0.6255,1,0.00037692,0.00030773,4.5497e-06,1,0,0,0.60711,999,999,999,0.57869,0.48068,0.45129,0.78671,0.15669,4.893e-07,9999,0,-1,615.23,5.5664,0.19621,0,0,0,0,0,0,0,0,1,999,999,999,0,0,0,0,0,0,0,0,0,0,0,0,0,0,0,0,0,0,0,0,0,0.86711,1,0.00030773,0.0016549,0,0,0,0,0,0,0,1
0,0,0,0,0,0,0,0,1.0828,0.68416,-0.85402,-1,-0.9995,0.99825,0.92874,1,0,0,1.0117,999,999,999,0.35317,0.42671,0.52048,0.62705,0.23466,0.99825,9999,0,1,996.09,8.3984,0.42671,0,0,0,0,0,0,0,0,1,999,999,999,0,0,0,0,0,10,0.2499,0.92874,9999,1,0,8.3008,0.52048,1.0828,0.79903,-0.98967,22,0.00080598,1.0828,-1,0.79903,0.22912,-1,-0.9995,-3.5994e-06,0,0,0,0,0,0,0,1
0,0,0,0,0,0,0,0,0.33042,1.1274,0.93644,-1,-0.003326,2.0027e-06,-4.4876e-07,0,0,0,0.29839,999,999,999,0.53957,0.2227,0.17672,0.93768,0.14337,2.0027e-06,9999,0,1,0,4.5898,0.2227,0,0,0,0,0,0,0,0,1,999,999,999,0,0,0,0,0,0,0,0,0,0,0,0,0,0,0,0,0,0,0,0,0,0.8768,-1,-0.003326,-0.75801,0,0,0,0,0,0,0,0
0,0,0,0,0,0,0,0,1.225,1.1037,-0.9786,-1,-0.97888,0.014852,8.982e-05,0,0,0,0.99074,999,999,999,0.72904,0.75379,0.62186,0,0,0,0,0,0,0,0,0,0,0,0,0,0,0,0,0,0,0,0,0,0,0,0,0,0,0,0,0,0,0,0,0,0,0,0,0,0,0.043282,1.225,-1,0.58831,0,0,0,0,0,0,0,0,0,0,0,0
1.2121,0.2912,-0.20259,1,0,0,0,0,0.80195,1.2141,0.10959,-1,0.98759,-0.14982,0.00016274,2,0,0,1.2956,1.2121,0.99044,-0.61693,0.61923,0.60096,1.7787,0,0,0,0,0,0,0,0,0,0,0,0,0,0,0,0,0,0,0,0,0,0,0,0,0,0,0,0,0,0,0,0,0,0,0,0,0,0,0.02286,0.80195,-1,0.87736,0,0,0,0,0,0,0,0,0,0,0,1
0,0,0,0,0,0,0,0,0.099265,0.78725,-0.82514,1,5.5563e-06,3.1015e-06,1.2293e-06,2,1,0.49186,0.55324,999,999,999,0.4659,0.30272,0.069871,0.51753,0.099265,1.2293e-06,9999,0,1,0,8.1055,0.069871,0,0,0,0,0,0,0,0,1,999,999,999,0,0,0,0,0,0,0,0,0,0,0,0,0,0,0,0,0,0,0,0,0,-0.14698,1,3.1015e-06,0.38325,0,0,0,0,0,0,0,0
0,0,0,0,0,0,0,0,0.63412,0.74113,-0.91992,-1,-0.67608,1.2059e-06,4.7212e-07,0,0,0,0.68248,999,999,999,0.68047,0.333,0.18839,0.88606,0.17798,4.7212e-07,9999,1,1,620.12,4.8828,0.18839,0,0,0,0,0,0,0,0,1,0.63412,0.94901,-0.85388,0,0,0,0,0,10,0.24839,1.2059e-06,9999,1,488.28,4.248,0.333,0.63412,0.94901,-0.86658,6,0.0053628,0.63412,-1,0.94901,-0.85388,-1,-0.67608,-0.38084,0,0,0,0,0,0,0,1
0,0,0,0,0,0,0,0,1.6114,1.0679,-0.73403,1,0.93032,0.032138,5.7827e-05,2,1,0.49684,1.5817,999,999,999,0.859,1.3744,0.6249,0.93951,0.16935,3.8497e-07,9999,0,-1,1328.1,8.5938,0.13679,0,1,0,0,0,0,0,0,1,999,999,999,0,0,0,0,0,0,0,0,0,0,0,0,0,0,0,0,0,0.0092871,1.6114,1,0.91194,0.43372,1,0.93032,0.66506,0,0,0,0,0,0,0,0
0,0,0,0,0,0,0,0,1.0328,1.3086,-0.30056,-1,0.99944,-0.9959,0.68387,1,0,0,1.3376,999,999,999,0.43163,0.58314,0.53144,0,0,0,0,0,0,0,0,0,0,0,0,0,0,0,0,0,0,0,0,0,0,0,0,0,0,0,0,0,0,0,0,0,0,0,0,0,0,0.00028293,1.0328,-1,0.88457,0,0,0,0,0,0,0,0,0,0,0,1
0,0,0,0,0,0,0,0,0.79025,0.28884,-0.90069,1,0.0018869,4.023e-06,-1.0469e-06,1,0,0,0.71743,999,999,999,1.1707,0.32231,0.2187,0.82617,0.15429,3.4302e-07,9999,1,1,1953.1,11.523,0.10061,0,0,0,0,0,0,0,0,1,999,999,999,0,0,0,0,0,10,0.22165,1.0469e-06,9999,-1,576.17,4.541,0.2187,0.79025,0.98642,-0.36944,-6,0.0078288,0.79025,1,0.98642,0.52454,1,0.0018869,0.026786,0,0,0,0,0,0,0,1
0,0,0,0,0,0,0,0,0.22545,0.26213,0.76696,-1,-1,1.3138e-06,-1.0711e-06,2,1,0.50202,0.26989,999,999,999,0.18695,0.041905,0.31928,0.58397,0.072083,1.3138e-06,9999,0,1,0,2.1729,0.041905,0,0,0,0,0,0,0,0,1,999,999,999,0,0,0,0,0,0,0,0,0,0,0,0,0,0,0,0,0,0,0,0,0,0.73338,-1,-1,-0.71405,0,0,0,0,0,0,0,1
0,0,0,0,0,0,0,0,1.3851,1.5835,-0.76819,-1,-0.99998,-0.023481,0.0048777,1,0,0,1.5319,-1.3851,0.98532,-0.90406,0.26233,1.7371,0.5221,0.82079,0.1836,0.99998,9999,0,-1,2050.8,19.531,0.26233,0,0,0,0,0,0,0,0,1,0.56888,0.73887,-0.23594,0,0,0,0,0,10,0.1836,0.99998,9999,-1,2050.8,19.531,0.26233,0.56888,0.73887,-0.23594,-22,0.0046373,1.3851,-1,0.98532,-0.17972,1,0.0029561,1.6882e-05,0,0,0,0,0,0,0,0
0,0,0,0,0,0,0,0,1.44,0.16654,0.70856,1,-0.75675,0.024656,-0.0062543,1,0,0,1.8912,-1.2297,-0.61739,-0.21901,0.81581,1.6175,1.5294,0.9235,0.090863,1.379e-06,9999,0,1,0,7.2266,0.15838,0,0,0,0,0,0,0,0,1,1.2297,0.61739,-0.74777,0,0,0,0,0,10,0.090863,1.379e-06,9999,1,0,7.2266,0.15838,1.2297,0.61739,-0.74777,2,0.0075373,1.44,1,0.9458,0.5228,-1,-0.75675,-0.79389,0,0,0,0,0,0,0,0
0.98649,0.18188,-0.80073,-1,0,0,0,0,0.58054,0.56951,-0.82424,-1,-0.062117,-0.0066529,1.94e-05,2,1,0.50247,1.0901,999,999,999,1.0536,0.91811,0.33963,0.42516,0.083939,1.2894e-06,9999,1,1,0,6.8359,0.13845,0,0,0,0,0,0,0,0,1,0.98649,0.94294,-0.25283,0,0,0,0,0,10,0.083939,1.2894e-06,9999,1,0,6.8359,0.13845,0.98649,0.94294,-0.25283,2,0.00096175,0.98649,-1,0.94294,0.87347,-1,-1.6574e-06,-0.56718,0.98649,0.18188,-0.80073,-1,1,0.00096175,0.94294,0
0,0,0,0,0,0,0,0,0.62866,0.3851,0.73115,-1,0.99922,0.00021177,-0.0001151,1,0,0,1.0811,999,999,999,0.47719,0.7152,0.71076,0.30302,0.059405,1.2101e-06,9999,0,-1,0,1.123,0.088053,0,0,0,0,0,0,0,0,1,999,999,999,0,0,0,0,0,0,0,0,0,0,0,0,0,0,0,0,0,0.022983,0.72672,1,0.9814,0.18012,1,0.99922,0.64097,0,0,0,0,0,0,0,1
0,0,0,0,0,0,0,0,0.69491,0.34039,0.43117,1,0.14214,0.00055308,7.2036e-07,1,0,0,0.67289,0.5012,-0.74788,-0.91472,1.1014,0.31341,0.26593,0.93182,0.16629,6.8905e-07,9999,0,-1,512.7,5.0293,0.25903,0,0,0,0,0,0,0,0,1,0.5012,0.74788,-0.46649,0,0,0,0,0,10,0.16629,6.8905e-07,9999,-1,512.7,5.0293,0.25903,0.5012,0.74788,-0.46649,-9,0.016486,0.69491,1,0.9321,0.73844,1,0.14214,0.65189,0,0,0,0,0,0,0,1
0.61512,0.76103,-0.61481,-1,0,0,0,0,0.95315,0.65989,-0.12001,1,-0.97879,0.021105,-0.0001477,1,0,0,1.2866,999,999,999,0.73775,1.3077,0.61658,0.95979,0.12767,1.4987e-06,9999,1,-1,0,6.1523,0.17692,0,0,0,0,0,0,0,0,1,0.95315,0.92616,-0.85288,0,0,0,0,0,10,0.14314,1.2099e-06,9999,1,0,18.359,0.088415,0.50933,0.51903,-0.54391,0,0.0035627,0.95315,1,0.92616,-0.54391,-1,-0.97879,-0.12098,0.61512,0.76103,-0.61481,-1,1,0.016784,0.84102,0
0,0,0,0,0,0,0,0,1.6447,0.35256,-0.99196,1,0.12006,0.0037556,0,1,0,0,1.6318,999,999,999,1.8141,1.0407,0,0,0,0,0,0,0,0,0,0,0,0,0,0,0,0,0,0,0,0,0,0,0,0,0,0,0,0,0,0,0,0,0,0,0,0,0,0,0,0.0092904,1.6447,1,0.98306,0,0,0,0,0,0,0,0,0,0,0,1
0,0,0,0,0,0,0,0,0.56952,0.90411,-0.075015,-1,-0.98678,0.94793,0.83292,0,0,0,1.1729,999,999,999,0.72276,1.1653,0.69329,0.76467,0.17326,5.0616e-07,9999,1,1,595.7,4.3457,0.20337,0,0,0,0,0,0,0,0,1,0.85428,0.92715,-0.46814,0,0,0,0,0,10,0.17326,5.0616e-07,9999,1,595.7,4.3457,0.20337,0.85428,0.92715,-0.46814,0,0.010979,0.85428,-1,0.92715,-0.99056,-1,-0.98678,-0.15332,0,0,0,0,0,0,0,1
0,0,0,0,0,0,0,0,1.0603,0.87052,-0.73191,1,0.89533,0.0036541,-4.7997e-05,0,0,0,1.2305,0.56193,0.44201,-0.099571,1.1617,0.87379,0.53679,0.44786,0.12005,1.2099e-06,9999,1,-1,0,12.207,0.08851,0,0,0,0,0,0,0,0,1,0.56193,0.44201,-0.371,0,0,0,0,0,10,0.12005,1.2099e-06,9999,-1,0,12.207,0.08851,0.56193,0.44201,-0.371,-2,0.0096608,1.0603,1,0.84013,0.79514,1,0.89533,0.32244,0,0,0,0,0,0,0,1
0,0,0,0,0,0,0,0,1.1123,1.0319,0.085611,1,0.2635,0.055591,-0.00022012,1,0,0,1.5809,1.1123,0.94617,-0.80751,0.96235,1.3492,0.25237,0.23026,0.19608,5.242e-07,9999,1,-1,566.41,4.834,0.21051,0,0,0,0,0,0,0,0,1,999,999,999,0,0,0,0,0,0,0,0,0,0,0,0,0,0,0,0,0,0.012235,1.1123,1,0.94617,0.081193,1,0.055591,0.0021976,0,0,0,0,0,0,0,1
0,0,0,0,0,0,0,0,0.90922,0.18525,-0.4167,-1,0.96659,-0.015419,4.7258e-07,0,0,0,1.0439,999,999,999,0.73493,1.3426,0.1886,0.89833,0.20534,4.7258e-07,9999,1,1,693.36,3.418,0.1886,0,0,0,0,0,0,0,0,1,0.90922,0.71532,-0.93271,0,0,0,0,0,10,0.20534,4.7258e-07,9999,1,693.36,3.418,0.1886,0.90922,0.71532,-0.93271,8,0.010941,0.90922,-1,0.71532,-0.93271,-1,-0.015419,-0.15779,0,0,0,0,0,0,0,0
1.7785,0.14017,-0.83809,1,0,0,0,0,0.87664,0.34444,0.51647,-1,-0.076075,9.0431e-05,-1.9827e-06,0,1,0.4995,1.838,999,999,999,1.3047,1.7349,0.22138,0.98601,0.13295,1.9827e-06,9999,1,-1,0,4.2969,0.22138,0,0,0,0,0,0,0,0,1,1.7785,0.98936,-0.95847,0,0,0,0,0,10,0.13295,1.9827e-06,9999,-1,0,4.2969,0.22138,1.7785,0.98936,-0.95847,-2,0.00092276,1.7785,1,0.98936,-0.95847,1,9.0431e-05,0.88184,0,0,0,0,0,0,0,1
0,0,0,0,0,0,0,0,0.40706,0.95915,0.71155,1,0.99291,-0.22395,5.2365e-05,4,2,0.50234,0.86468,999,999,999,0.60569,1.1587,0.59815,0.59992,0.16394,3.5187e-07,9999,0,1,830.08,3.6133,0.10916,0,0,0,0,0,0,0,0,1,999,999,999,0,0,0,0,0,0,0,0,0,0,0,0,0,0,0,0,0,0.00055875,0.56254,-1,0.48913,-0.82896,1,0.99291,0.0017432,0,0,0,0,0,0,0,1
0,0,0,0,0,0,0,0,0.40212,0.55074,-0.43473,1,-0.99961,0.00030849,-0.00019975,3,0,0,0.79708,999,999,999,0.34539,0.55399,0.23009,0.60062,0.19645,7.1234e-07,9999,0,1,483.4,3.5645,0.26421,0,0,0,0,0,0,0,0,1,999,999,999,0,0,0,0,0,0,0,0,0,0,0,0,0,0,0,0,0,0.050982,0.5614,1,0.99846,-0.58299,-1,-0.99961,-0.0098205,0,0,0,0,0,0,0,1
0,0,0,0,0,0,0,0,0.72446,0.63405,0.30162,-1,0.79898,-0.0011238,2.6335e-05,1,0,0,0.60014,999,999,999,0.75475,0.43684,0.37957,0.10312,0.19867,1.2703e-06,9999,1,-1,0,9.9609,0.13273,0,0,0,0,0,0,0,0,1,999,999,999,0,0,0,0,0,0,0,0,0,0,0,0,0,0,0,0,0,0,0,0,0,-0.31547,1,0.79898,0.0010638,0,0,0,0,0,0,0,1
0,0,0,0,0,0,0,0,0.911,0.9704,0.037638,1,0.033067,-0.0086039,-0.00064614,0,0,0,1.1866,0.65896,-0.72848,-0.25715,1.1056,0.66827,0.44598,0.41599,0.13578,4.389e-07,9999,1,-1,712.89,6.4453,0.1714,0,0,0,0,0,0,0,0,1,0.911,0.42968,-0.9803,0,0,0,0,0,10,0.13578,4.389e-07,9999,-1,712.89,6.4453,0.1714,0.911,0.42968,-0.9803,-4,0.0051759,0.911,1,0.42968,0.31447,1,2.2316e-06,0.1967,0,0,0,0,0,0,0,0
0,0,0,0,0,0,0,0,0.9729,1.0182,-0.5603,1,0.99916,-0.98068,0.91703,0,0,0,1.2727,999,999,999,0.45793,0.7412,0.76019,0,0,0,0,0,0,0,0,0,0,0,0,0,0,0,0,0,0,0,0,0,0,0,0,0,0,0,0,0,0,0,0,0,0,0,0,0,0,0.013196,0.9729,1,0.88762,0,0,0,0,0,0,0,0,0,0,0,1
0,0,0,0,0,0,0,0,0.90388,0.25443,-0.47014,-1,-0.4975,-0.0035874,4.9379e-05,2,1,0.49808,1.323,999,999,999,0.91728,1.0227,0.58858,0.43834,0.21273,1.1613e-06,9999,1,1,483.4,4.1016,0.32872,0,0,0,0,0,0,0,0,1,0.76289,0.76983,-0.15754,0,0,0,0,0,10,0.21273,1.1613e-06,9999,1,483.4,4.1016,0.32872,0.76289,0.76983,-0.15754,4,0.012689,0.90388,-1,0.97356,-0.15754,-1,-0.4975,-0.0012688,0,0,0,0,0,0,0,0
1.2998,0.26143,-0.87215,-1,0,0,0,0,0,0,0,0,-0.61489,-0.047237,0.00050971,2,1,0.49881,0.97537,999,999,999,1.0066,1.8116,0.58917,0,0,0,0,0,0,0,0,0,0,0,0,0,0,0,0,0,0,0,0,0,0,0,0,0,0,0,0,0,0,0,0,0,0,0,0,0,0,0.0065274,1.2998,-1,0.95508,0,0,0,0,0,0,0,0,0,0,0,0
0,0,0,0,0,0,0,0,0.43202,0.11513,-0.32644,1,3.1343e-05,-1.6537e-05,5.615e-06,2,1,0.49521,0.43413,999,999,999,0.5137,0.44046,0.34781,0,0,0,0,0,0,0,0,0,0,0,0,0,0,0,0,0,0,0,0,0,0,0,0,0,0,0,0,0,0,0,0,0,0,0,0,0,0,0,0,0,0,0,0,0,0,0,0,0,0,0,0,0,0
0.91602,1.3563,-0.74791,-1,0,0,0,0,1.3217,0.68693,0.43883,1,-0.021414,0.015173,-1.1382e-05,0,0,0,1.6718,999,999,999,1.1269,1.6429,0.39378,0.85956,0.16567,6.186e-07,9999,1,1,571.29,3.8574,0.24124,0,0,0,0,0,0,0,0,1,0.91602,0.98796,-0.86966,0,0,0,0,0,10,0.16567,6.186e-07,9999,1,571.29,3.8574,0.24124,0.91602,0.98796,-0.86966,0,0.014722,1.3217,1,0.95656,0.36879,-1,-4.675e-06,-0.40947,0.91602,1.3563,-0.74791,-1,1,0.00080074,0.98796,0
0,0,0,0,0,0,0,0,0.67558,0.69281,0.71506,-1,-0.10476,0.00025833,0.00017855,2,0,0,1.2019,999,999,999,0.81693,0.68098,0.79715,0.99449,0.070351,1.2711e-06,9999,0,1,0,4.248,0.13297,0,0,0,0,0,0,0,0,1,999,999,999,0,0,0,0,0,10,0.071466,1.2671e-06,9999,1,0,3.7598,0.05441,0.67558,0.89719,-0.18983,0,0.007698,0.8087,1,0.78136,0.84759,-1,-0.10476,-0.88664,0,0,0,0,0,0,0,1
0,0,0,0,0,0,0,0,0.55556,0.44416,-0.082059,-1,-0.97724,-3.3836e-05,-8.6823e-06,6,0,0,0.80419,-0.76467,-0.74482,-0.29747,0.75924,0.52441,0.38266,0.94791,0.092643,1.3906e-06,9999,1,-1,0,4.834,0.16047,0,0,0,0,0,0,0,0,1,999,999,999,0,0,0,0,0,10,0.093683,3.965e-07,9999,1,1035.2,6.6406,0.14511,0.76467,0.74482,-0.70745,0,0.0095326,0.55556,-1,0.41524,0.39451,-1,-0.97724,-0.49026,0,0,0,0,0,0,0,1
0,0,0,0,0,0,0,0,0.64622,0.87532,0.23077,-1,-0.94697,-1.7186e-05,8.0496e-07,0,0,0,0.64706,999,999,999,1.0204,0.44334,0.28225,0.14479,0.17021,8.0496e-07,9999,1,1,664.06,4.248,0.28225,0,0,0,0,0,0,0,0,1,0.64622,0.53014,-0.23668,0,0,0,0,0,10,0.17021,8.0496e-07,9999,1,664.06,4.248,0.28225,0.64622,0.53014,-0.23668,5,0.005771,0.64622,-1,0.53014,-0.23668,-1,-0.94697,-0.011721,0,0,0,0,0,0,0,0
0,0,0,0,0,0,0,0,0.86449,1.0267,-0.56526,-1,-0.9489,0.0067862,4.8069e-05,1,0,0,0.80858,999,999,999,1.3728,0.32002,0.57382,0.88405,0.153,3.7198e-07,9999,1,-1,1064.5,8.9844,0.12668,0,0,0,0,0,0,0,0,1,999,999,999,0,0,0,0,0,10,0.23232,3.7709e-07,9999,1,996.09,7.4219,0.13076,0.86449,0.6465,-0.90204,0,0.010073,0.86449,-1,0.6465,-0.33041,-1,-0.9489,-0.26396,0,0,0,0,0,0,0,0
0,0,0,0,0,0,0,0,0.66293,1.2389,-0.3302,-1,-0.96117,0.14159,-0.029376,1,0,0,0.9608,-0.66293,-0.58079,-0.31598,1.0524,0.9429,0.97015,0,0,0,0,0,0,0,0,0,0,0,0,0,0,0,0,0,0,0,0,0,0,0,0,0,0,0,0,0,0,0,0,0,0,0,0,0,0,0.0053518,0.68345,-1,0.95549,0,0,0,0,0,0,0,0,0,0,0,1
0,0,0,0,0,0,0,0,1.0101,0.49436,-0.30648,-1,-0.19229,-0.10506,0.00017414,3,0,0,1.0035,-1.0101,-0.58241,-0.49148,0.6477,1.1274,0.15378,0,0,0,0,0,0,0,0,0,0,0,0,0,0,0,0,0,0,0,0,0,0,0,0,0,0,0,0,0,0,0,0,0,0,0,0,0,0,0.0076169,1.0101,-1,0.58241,0,0,0,0,0,0,0,0,0,0,0,0
1.1712,0,0.20969,1,0,0,0,0,1.0236,0.67645,-0.80401,1,0.33544,0.013062,-6.2851e-06,0,0,0,1.2421,1.1712,-0.89743,-0.74961,1.3863,0.81693,0.35662,0.82721,0.1095,4.0071e-07,9999,1,-1,722.66,4.7852,0.148,0,0,0,0,0,0,0,0,1,1.1712,0.89743,-0.5143,0,0,0,0,0,10,0.1095,4.0071e-07,9999,-1,722.66,4.7852,0.148,1.1712,0.89743,-0.5143,-2,0.0014293,1.1712,1,0.89743,0.92909,1,0.33544,0.6667,0,0,0,0,0,0,0,1
0,0,0,0,0,0,0,0,0.84078,0.8934,-0.80385,1,0.93229,0.8276,0.00032638,2,0,0,1.0479,0.52675,0.85687,-0.68483,1.1342,0.18446,0.3131,0.68786,0.23422,1.2325e-06,9999,1,-1,712.89,4.0527,0.23197,0,0,0,0,0,0,0,0,1,0.52675,0.85687,-0.96296,0,0,0,0,0,10,0.23422,1.2325e-06,9999,-1,712.89,4.0527,0.23197,0.52675,0.85687,-0.96296,-8,0.033494,0.84078,1,0.8654,0.49472,1,0.93229,0.00072233,0,0,0,0,0,0,0,1
0,0,0,0,0.55416,1.7351,-0.044568,-1,0.32077,0.35465,0.42245,-1,-0.96431,0.2327,0.00014608,1,0,0,1.0942,-0.55416,0.4562,-0.41019,0.73815,1.1413,0.90606,0.2584,0.24127,4.513e-06,9999,1,1,546.88,3.8086,0.33103,0,0,0,0,0,0,0,0,1,1.2513,0.76939,-0.41764,0,0,0,0,0,10,0.24127,4.513e-06,9999,1,546.88,3.8086,0.33103,1.2513,0.76939,-0.41764,6,0.0054665,1.2513,-1,0.76939,-0.41764,-1,-0.96431,-0.00011985,0,0,0,0,0,0,0,0
0,0,0,0,0.52877,1.1241,-0.99207,1,0.66532,1.0739,-0.99167,-1,0.00063502,-0.00037537,0.00025851,2,1,0.49764,0.92284,0.52877,0.90573,-0.79108,0.47049,0.8513,0.72782,0.81914,0.12082,3.6802e-07,9999,1,-1,693.36,12.012,0.12342,0,0,0,0,0,0,0,0,1,999,999,999,0,0,0,0,0,0,0,0,0,0,0,0,0,0,0,0,0,0.0018683,0.66532,-1,0.97294,0.66841,1,0.00025851,0.6169,0,0,0,0,0,0,0,0
0,0,0,0,0,0,0,0,0.44709,0.094786,0.22964,1,-0.95976,-5.1029e-05,2.9703e-05,0,0,0,0.88983,999,999,999,0.38089,0.59344,0.50636,0,0,0,0,0,0,0,0,0,0,0,0,0,0,0,0,0,0,0,0,0,0,0,0,0,0,0,0,0,0,0,0,0,0,0,0,0,0,0.017743,0.53846,1,0.46511,0,0,0,0,0,0,0,0,0,0,0,0
1.2581,0.18088,-0.53314,-1,0,0,0,0,0.72769,0.18088,0.28381,-1,-0.53246,-0.47037,-0.007897,0,0,0,1.4251,999,999,999,1.5903,1.177,1.1277,0.6992,0.11505,3.8828e-07,9999,1,1,800.78,7.2266,0.13924,0,0,0,0,0,0,0,0,1,1.2581,0.91076,-0.45438,0,0,0,0,0,10,0.11505,3.8828e-07,9999,1,800.78,7.2266,0.13924,1.2581,0.91076,-0.45438,0,0.014289,1.2581,-1,0.91076,0.42647,-1,-0.47037,-0.53242,0,0,0,0,0,0,0,0
0,0,0,0,0,0,0,0,0.49793,0.69231,-0.23839,1,-0.43007,0.23849,-0.00024267,1,0,0,0.78151,999,999,999,0.92064,0.82036,0.27039,0.66984,0.20596,1.0251e-06,9999,1,1,463.87,5.1758,0.31398,0,0,0,0,0,0,0,0,1,0.58504,0.54075,-0.16815,0,0,0,0,0,10,0.20596,1.0251e-06,9999,1,463.87,5.1758,0.31398,0.58504,0.54075,-0.16815,4,0.020839,0.55912,1,0.35813,-0.16815,-1,-0.43007,-0.0073292,0,0,0,0,0,0,0,0
1.1796,1.3983,-0.31455,-1,0,0,0,0,0.60439,0.13259,0.93133,1,-0.12582,0.00028705,2.6006e-06,1,0,0,0.86949,999,999,999,0.80368,0.848,0.25358,0.37088,0.075568,1.3093e-06,9999,0,-1,0,1.7334,0.042956,0,0,0,0,0,0,0,0,1,0.60439,0.24793,-0.80575,0,0,0,0,0,10,0.075568,1.3093e-06,9999,-1,0,1.7334,0.042956,0.60439,0.24793,-0.80575,-22,0.0056494,1.1796,-1,0.90837,0.89624,1,2.6006e-06,0.59011,0,0,0,0,0,0,0,0
0,0,0,0,0,0,0,0,0.83293,0.26075,-0.48652,-1,0.91502,-0.040254,-2.268e-05,1,0,0,0.92191,999,999,999,0.5586,1.1723,0.4736,0.417,0.1543,3.3054e-07,9999,0,1,2500,15.039,0.087515,0,0,0,0,0,0,0,0,1,999,999,999,0,0,0,0,0,0,0,0,0,0,0,0,0,0,0,0,0,0.018352,0.83293,-1,0.85795,0.045541,-1,-0.040254,-0.087759,0,0,0,0,0,0,0,1
0,0,0,0,0,0,0,0,0.84158,0.72771,-0.5331,1,-0.98674,0.052289,-0.00034724,2,0,0,0.94202,999,999,999,0.7357,1.2118,0.58508,0,0,0,0,0,0,0,0,0,0,0,0,0,0,0,0,0,0,0,0,0,0,0,0,0,0,0,0,0,0,0,0,0,0,0,0,0,0,0.016364,0.84158,1,0.81179,0,0,0,0,0,0,0,0,0,0,0,1
1.4429,0,0.64856,1,0,0,0,0,0.78745,1.3339,-0.81236,-1,-0.99995,0.00021722,-0.00020528,0,0,0,1.7003,999,999,999,0.30888,0.75467,0.82,0,0,0,0,0,0,0,0,0,0,0,0,0,0,0,0,0,0,0,0,0,0,0,0,0,0,0,0,0,0,0,0,0,0,0,0,0,0,0.0014321,1.4429,1,0.99522,0,0,0,0,0,0,0,0,0,0,0,0
0,0,0,0,0,0,0,0,1.3023,0.068499,0.30276,1,0.051112,-0.00011621,0,0,0,0,1.336,999,999,999,1.7863,0.80733,0,0,0,0,0,0,0,0,0,0,0,0,0,0,0,0,0,0,0,0,0,0,0,0,0,0,0,0,0,0,0,0,0,0,0,0,0,0,0,0.012082,1.3023,1,0.87873,0,0,0,0,0,0,0,0,0,0,0,1
0,0,0,0,0,0,0,0,0.74936,0.2509,-0.48823,1,-0.98762,0.00096785,-1.3333e-05,1,0,0,0.68705,999,999,999,0.23295,1.0676,0.52601,0.50326,0.2085,3.8443e-07,9999,1,1,449.22,7.3242,0.13639,0,0,0,0,0,0,0,0,1,999,999,999,0,0,0,0,0,0,0,0,0,0,0,0,0,0,0,0,0,0.0045845,0.74936,1,0.66311,0.50671,-1,-0.98762,-0.00228,0,0,0,0,0,0,0,0
0.57029,1.0488,-0.038383,1,1.9985,0,-0.91234,-1,0.31476,0.70445,0.58682,1,-0.1856,0.091158,5.7544e-07,0,0,0,1.8928,999,999,999,2.7467,0.86681,0.22838,0,0,0,0,0,0,0,0,0,0,0,0,0,0,0,0,0,0,0,0,0,0,0,0,0,0,0,0,0,0,0,0,0,0,0,0,0,0,0.025647,1.9985,-1,0.98903,0,0,0,0,0.57029,1.0488,-0.038383,1,1,0.019684,0.50268,0
0,0,0,0,0,0,0,0,0.84764,0.36256,0.78802,-1,-0.96037,-0.00064861,-2.006e-05,2,0,0,0.95428,999,999,999,1.1006,0.41681,0.45711,0.7828,0.11846,1.2095e-06,9999,0,1,0,11.328,0.09012,0,0,0,0,0,0,0,0,1,999,999,999,0,0,0,0,0,0,0,0,0,0,0,0,0,0,0,0,0,0.026736,0.84764,-1,0.80663,0.27613,-1,-0.96037,-0.58924,0,0,0,0,0,0,0,0
0,0,0,0,0,0,0,0,0.83443,0.26661,-0.55995,1,0.93487,0.03866,-0.025997,0,0,0,1.2254,0.81899,-0.58546,-0.58938,1.2697,1.0518,1.1427,0,0,0,0,0,0,0,0,0,0,0,0,0,0,0,0,0,0,0,0,0,0,0,0,0,0,0,0,0,0,0,0,0,0,0,0,0,0,0.027358,0.83443,1,0.99607,0,0,0,0,0,0,0,0,0,0,0,1
0,0,0,0,0,0,0,0,0.5676,0.13108,0.212,-1,0.21652,-5.6662e-05,2.1959e-05,3,0,0,0.63826,999,999,999,1.1583,0.61762,0.46967,0,0,0,0,0,0,0,0,0,0,0,0,0,0,0,0,0,0,0,0,0,0,0,0,0,0,0,0,0,0,0,0,0,0,0,0,0,0,0.0071184,0.5676,-1,0.98021,0,0,0,0,0,0,0,0,0,0,0,0
0,0,0,0,0,0,0,0,1.6397,0.25833,-0.35143,1,-0.95394,0.12505,0.00021516,1,0,0,1.366,999,999,999,0.69616,2.4403,0.24764,0,0,0,0,0,0,0,0,0,0,0,0,0,0,0,0,0,0,0,0,0,0,0,0,0,0,0,0,0,0,0,0,0,0,0,0,0,0,0.0025917,1.6397,1,0.98786,0,0,0,0,0,0,0,0,0,0,0,0
0,0,0,0,0,0,0,0,0.79207,0.90348,-0.051094,-1,-0.00045322,3.5268e-05,-1.7534e-05,0,1,0.49474,1.0311,999,999,999,0.90536,0.53043,0.44631,0.99657,0.19839,7.7419e-07,9999,1,-1,532.23,3.9062,0.27667,0,0,0,0,0,0,0,0,1,999,999,999,0,0,0,0,0,0,0,0,0,0,0,0,0,0,0,0,0,0.0079803,0.79207,-1,0.93252,0.7715,1,3.5942e-06,0.76403,0,0,0,0,0,0,0,0
0,0,0,0,0,0,0,0,0.40791,1.9225,-0.75781,-1,-0.93746,4.0859e-05,-3.6519e-05,0,0,0,0.59087,999,999,999,0.44239,0.45354,0.53572,0.92126,0.10663,4.0759e-07,9999,1,1,810.55,6.543,0.15259,1,0,-1.3053,1.8895,-3.4779,0.062803,0.13447,0.19679,1,999,999,999,0,0,0,0,0,10,0.18576,0.93746,9999,-1,0,9.8633,0.44239,0.64493,0.64793,-0.41061,-3,0.0063216,0.64493,1,0.64793,-0.54358,-1,-0.93746,-0.78049,0,0,0,0,0,0,0,0
0,0,0,0,0,0,0,0,1.1444,1.3699,-0.68201,-1,0.95903,0.1603,-0.0045851,1,0,0,1.7979,999,999,999,1.1746,1.0232,1.0507,0.92009,0.056087,1.214e-06,9999,0,-1,0,5.8594,0.10392,0,0,0,0,0,0,0,0,1,999,999,999,0,0,0,0,0,0,0,0,0,0,0,0,0,0,0,0,0,0.013719,1.1444,-1,0.97504,0.99164,1,0.1603,0.79929,0,0,0,0,0,0,0,1
0,0,0,0,0,0,0,0,0.62967,1.3435,-0.47212,1,0.99991,-0.85704,0.024492,1,0,0,0.84087,0.62967,0.7932,-0.81229,0.3402,0.77628,0.99849,0,0,0,0,0,0,0,0,0,0,0,0,0,0,0,0,0,0,0,0,0,0,0,0,0,0,0,0,0,0,0,0,0,0,0,0,0,0,0.0081902,0.62967,1,0.7932,0,0,0,0,0,0,0,0,0,0,0,1
0,0,0,0,0,0,0,0,0.90774,1.6208,-0.72585,1,0.96759,0.028681,-1.5088e-06,0,1,0.49522,1.0782,999,999,999,1.003,0.6793,0.17824,0.79237,0.10091,1.5088e-06,9999,1,-1,0,3.6621,0.17824,0,0,0,0,0,0,0,0,1,999,999,999,0,0,0,0,0,0,0,0,0,0,0,0,0,0,0,0,0,0.015547,0.90774,1,0.99789,0.7662,1,0.96759,0.66846,0,0,0,0,0,0,0,1
0,0,0,0,0,0,0,0,0.80736,0.2276,-0.30711,1,0.94346,-0.0012678,-1.0258e-05,0,0,0,0.84901,999,999,999,1.2402,0.44769,0.39672,0.62153,0.10861,3.4864e-07,9999,1,-1,1425.8,12.207,0.10611,0,0,0,0,0,0,0,0,1,0.80736,0.80688,-0.74509,0,0,0,0,0,10,0.10861,3.4864e-07,9999,-1,1425.8,12.207,0.10611,0.80736,0.80688,-0.74509,-0,0.045604,0.80736,1,0.80688,-0.74509,1,0.94346,0.5151,0,0,0,0,0,0,0,1
0,0,0,0,0,0,0,0,0.90488,0.80161,0.87455,-1,-0.0010068,0.00046541,0.00015337,0,0,0,1.55,-0.78322,-0.88873,-0.58628,1.2296,0.79944,0.97311,0,0,0,0,0,0,0,0,0,0,0,0,0,0,0,0,0,0,0,0,0,0,0,0,0,0,0,0,0,0,0,0,0,0,0,0,0,0,0.0030413,0.90488,-1,0.64979,0,0,0,0,0,0,0,0,0,0,0,1
0.29495,0.22754,0.7864,-1,0,0,0,0,0.64217,0.52249,-0.98398,1,0.99873,-0.0056222,-0.0010747,1,0,0,0.77775,999,999,999,0.48345,0.46494,0.38947,0,0,0,0,0,0,0,0,0,0,0,0,0,0,0,0,0,0,0,0,0,0,0,0,0,0,0,0,0,0,0,0,0,0,0,0,0,0,0.015157,0.64217,1,0.93622,0,0,0,0,0.29495,0.22754,0.7864,-1,1,0.068296,0.91277,0
0,0,0,0,0,0,0,0,0.37193,0,0.90743,1,0.0035666,-0.00011697,-1.3108e-05,0,0,0,0.75257,999,999,999,0.61113,0.69605,0.41841,0,0,0,0,0,0,0,0,0,0,0,0,0,0,0,0,0,0,0,0,0,0,0,0,0,0,0,0,0,0,0,0,0,0,0,0,0,0,0.045133,0.60301,-1,0.5924,0,0,0,0,0,0,0,0,0,0,0,0
0,0,0,0,0,0,0,0,1.1102,1.4308,0.2976,-1,-0.040927,-0.015181,1.7082e-05,0,0,0,1.2167,999,999,999,1.3838,0.78648,0.44369,0.21346,0.19802,1.2022e-06,9999,1,1,419.92,3.8086,0.33265,0,0,0,0,0,0,0,0,1,1.1102,0.95388,-0.46796,0,0,0,0,0,10,0.19802,1.2022e-06,9999,1,419.92,3.8086,0.33265,1.1102,0.95388,-0.46796,5,0.01364,1.1102,-1,0.95388,0.3423,-1,-0.015181,-0.0017553,0,0,0,0,0,0,0,1
0,0,0,0,0,0,0,0,0.75033,0,-0.87929,1,8.9366e-05,0,0,0,0,0,0.6489,999,999,999,0.64893,0,0,0,0,0,0,0,0,0,0,0,0,0,0,0,0,0,0,0,0,0,0,0,0,0,0,0,0,0,0,0,0,0,0,0,0,0,0,0,0,0.0045815,0.75033,1,0.89588,0,0,0,0,0,0,0,0,0,0,0,0
0.24719,1.6486,0.042779,-1,0.82223,1.5738,-0.49963,1,1.3874,0.77738,-0.93093,1,0.07913,0.00010787,2.5785e-05,2,0,0,1.3443,0.76875,-0.80505,-0.89663,2.1193,0.8022,0.4887,0.1204,0.24719,1.9517e-06,9999,1,-1,654.3,3.7598,0.3818,0,0,0,0,0,0,0,0,1,0.82223,0.51959,-0.35604,0,0,0,0,0,10,0.24719,1.9517e-06,9999,-1,654.3,3.7598,0.3818,0.82223,0.51959,-0.35604,-14,0.0044354,0.82223,1,0.51959,0.020055,1,0.07913,8.6038e-05,0.24719,1.6486,0.042779,-1,1,0.07453,0.1204,0
0,0,0,0,0,0,0,0,0.65646,0.15317,-0.8537,1,9.3192e-05,-4.0629e-05,-9.4141e-06,0,0,0,0.81877,999,999,999,0.79046,0.55248,0.38942,0.99589,0.091431,4.0826e-07,9999,1,1,732.42,3.0518,0.15302,1,0,-0.0073281,0.51063,-1.3892,0.021108,0.21419,0.4354,1,999,999,999,0,0,0,0,0,10,0.18144,1.4072e-06,9999,-1,0,4.8828,0.16332,0.65646,0.86667,-0.16487,-0,0.0033677,0.65646,1,0.86667,0.99116,-1,-9.4141e-06,-0.89618,0,0,0,0,0,0,0,1
0,0,0,0,0,0,0,0,0.65025,0.65023,-0.048562,1,0.98535,-0.00021807,-3.1113e-05,1,0,0,0.88346,999,999,999,0.72698,0.25046,0.51249,0.69554,0.10722,3.7126e-07,9999,1,1,1181.6,9.668,0.12609,0,0,0,0,0,0,0,0,1,999,999,999,0,0,0,0,0,10,0.13166,3.9911e-07,9999,-1,888.67,4.3457,0.14691,0.65025,0.95205,-0.34984,-4,0.0015468,0.65025,1,0.95205,0.87553,1,0.98535,0.24943,0,0,0,0,0,0,0,1
0,0,0,0,0,0,0,0,0.94036,0,-0.91025,1,0.00060295,5.5341e-05,-2.6528e-05,0,0,0,0.72627,999,999,999,0.34879,0.61411,0.49215,0.55727,0.1824,5.1694e-07,9999,1,-1,595.7,4.7852,0.20769,0,0,0,0,0,0,0,0,1,999,999,999,0,0,0,0,0,0,0,0,0,0,0,0,0,0,0,0,0,0.063334,0.94036,1,0.91026,0.73806,-1,-2.6528e-05,-0.0062568,0,0,0,0,0,0,0,0
1.2439,0.2054,0.31166,1,0,0,0,0,0.68103,0.26369,-0.050741,-1,-0.0557,0.021306,0.00017401,2,1,0.49617,1.6942,999,999,999,0.8695,1.3417,0.92001,0.36326,0.22373,9.9552e-06,9999,1,1,0,5.127,0.36658,0,0,0,0,0,0,0,0,1,0.72809,0.86587,-0.0015362,0,0,0,0,0,10,0.22373,9.9552e-06,9999,1,0,5.127,0.36658,0.72809,0.86587,-0.0015362,0,0.0014183,1.2439,1,0.95917,-0.0015362,-1,-0.0557,-0.00042801,0,0,0,0,0,0,0,1
0,0,0,0,0.55655,1.1477,-0.88165,1,0.17582,1.374,-0.73689,-1,8.7167e-05,-1.3809e-06,-9.829e-07,3,1,0.49443,0.66461,999,999,999,0.77544,0.34774,0.30878,0.99786,0.17582,6.9622e-07,9999,0,-1,673.83,4.7852,0.26066,0,0,0,0,0,0,0,0,1,999,999,999,0,0,0,0,0,10,0.19695,9.829e-07,9999,-1,605.47,3.5156,0.30878,0.55655,0.97104,-0.47156,-6,0.0026812,0.55655,1,0.97104,0.95376,1,8.7167e-05,0.86234,0,0,0,0,0,0,0,1
0,0,0,0,0,0,0,0,1.3244,1.758,-0.85998,-1,0.99992,0.98734,-0.058818,0,0,0,1.3243,0.91049,-0.83562,-0.36848,0.31214,0.69595,1.9928,0.92168,0.079306,1.3586e-06,9999,1,-1,0,7.3242,0.1545,0,0,0,0,0,0,0,0,1,0.91049,0.83562,-0.73943,0,0,0,0,0,10,0.079306,1.3586e-06,9999,-1,0,7.3242,0.1545,0.91049,0.83562,-0.73943,-2,0.00018683,1.3244,-1,0.92962,0.96214,1,0.98734,0.79624,0,0,0,0,0,0,0,1
0.28141,2.5628,-0.88777,-1,0,0,0,0,0.89534,1.3575,0.56319,1,0.033243,-6.1814e-05,-3.7597e-06,0,0,0,1.0697,999,999,999,1.2744,0.6415,0.3172,0,0,0,0,0,0,0,0,0,0,0,0,0,0,0,0,0,0,0,0,0,0,0,0,0,0,0,0,0,0,0,0,0,0,0,0,0,0,0.0077464,0.89534,1,0.77832,0,0,0,0,0.28141,2.5628,-0.88777,-1,1,0.04877,0.84458,1
0.64793,0,-0.76037,1,0,0,0,0,0.31488,0,-0.22303,1,-0.45874,0.00031753,5.775e-05,1,0,0,0.76605,999,999,999,0.58156,0.86295,0.62397,0.65173,0.18672,9.4774e-07,9999,1,-1,478.52,3.9551,0.30418,0,0,0,0,0,0,0,0,1,999,999,999,0,0,0,0,0,0,0,0,0,0,0,0,0,0,0,0,0,0.017384,0.64793,1,0.9383,0.86793,1,0.00031753,0.028262,0.64793,0,-0.76037,1,1,0.017384,0.9383,0
1.0579,0.11018,-0.41787,-1,0.78978,0.11018,-0.72544,1,0.55121,0.11018,-0.77261,-1,-0.98975,0.0033298,-0.0016732,1,0,0,1.1662,-1.0579,0.78195,-0.21433,0.67873,0.7653,1.6619,0,0,0,0,0,0,0,0,0,0,0,0,0,0,0,0,0,0,0,0,0,0,0,0,0,0,0,0,0,0,0,0,0,0,0,0,0,0,0.0058522,1.0579,-1,0.78195,0,0,0,0,0,0,0,0,0,0,0,0
0,0,0,0,0,0,0,0,1.0124,0.77594,-0.67794,-1,0.999,-0.86596,-0.02092,0,0,0,1.2585,999,999,999,0.46728,0.58797,1.0075,0.98703,0.19509,7.0841e-07,9999,1,-1,439.45,3.8086,0.26336,0,0,0,0,0,0,0,0,1,999,999,999,0,0,0,0,0,0,0,0,0,0,0,0,0,0,0,0,0,0.0026039,1.0124,-1,0.98742,0.92663,1,0.999,0.73404,0,0,0,0,0,0,0,1
0,0,0,0,0,0,0,0,0.96101,1.1298,-0.38367,1,0.98659,-0.98636,-0.036471,2,0,0,1.4367,0.96101,0.93516,-0.59966,0.4698,0.73007,1.1651,0.89177,0.090401,4.2821e-07,9999,0,-1,859.38,5.6152,0.16532,0,0,0,0,0,0,0,0,1,0.57837,0.5317,-0.098153,0,0,0,0,0,10,0.12937,1.7575e-06,9999,1,0,5.0781,0.20432,0.81158,0.75726,-0.73283,5,0.017134,0.96101,1,0.93516,-0.42275,1,0.98659,0.75992,0,0,0,0,0,0,0,1
0.31965,0.59191,0.011741,-1,0,0,0,0,0.97659,0,-0.91465,-1,0.99579,0.00029366,-7.0111e-05,0,0,0,0.97846,0.57522,0.65462,-0.52638,0.55818,0.73266,0.38168,0,0,0,0,0,0,0,0,0,0,0,0,0,0,0,0,0,0,0,0,0,0,0,0,0,0,0,0,0,0,0,0,0,0,0,0,0,0,0.0023468,0.97659,-1,0.84751,0,0,0,0,0.31965,0.59191,0.011741,-1,1,0.011758,0.76545,1
0,0,0,0,0,0,0,0,0.39202,0.24258,0.91443,1,0.98217,-0.44683,-0.019912,0,0,0,0.92964,999,999,999,0.65305,1.214,1.0556,0,0,0,0,0,0,0,0,0,0,0,0,0,0,0,0,0,0,0,0,0,0,0,0,0,0,0,0,0,0,0,0,0,0,0,0,0,0,0.0099933,0.73406,-1,0.56891,0,0,0,0,0,0,0,0,0,0,0,1
0,0,0,0,0,0,0,0,0.65421,1.0851,0.28462,-1,-0.00072976,-0.00057005,3.0627e-06,1,0,0,0.67378,999,999,999,0.95132,0.32437,0.30178,0,0,0,0,0,0,0,0,0,0,0,0,0,0,0,0,0,0,0,0,0,0,0,0,0,0,0,0,0,0,0,0,0,0,0,0,0,0,0.01518,0.65421,-1,0.93984,0,0,0,0,0,0,0,0,0,0,0,0
0,0,0,0,1.4437,0,-0.081833,-1,1.1091,1.3154,-0.78545,1,-0.9865,-0.03343,-0.00063758,1,0,0,1.7255,-1.4437,0.95511,-0.91106,0.46307,1.7007,0.38702,0.93815,0.14685,3.6937e-07,9999,1,1,937.5,6.7383,0.12454,0,0,0,0,0,0,0,0,1,1.4437,0.95511,-0.8085,0,0,0,0,0,10,0.14685,3.6937e-07,9999,1,937.5,6.7383,0.12454,1.4437,0.95511,-0.8085,2,0.0028102,1.4437,-1,0.95511,0.73897,-1,-0.9865,-0.75053,0,0,0,0,0,0,0,0
0,0,0,0,1.724,0,0.97684,1,0.72075,1.8537,-0.13315,1,0.083333,0.0056172,-4.6571e-06,0,0,0,1.7371,0.72075,0.20616,-0.21847,2.3886,1.0165,0.33342,0,0,0,0,0,0,0,0,0,0,0,0,0,0,0,0,0,0,0,0,0,0,0,0,0,0,0,0,0,0,0,0,0,0,0,0,0,0,0.0071038,1.724,1,0.90767,0,0,0,0,0,0,0,0,0,0,0,0
0,0,0,0,0,0,0,0,1.0716,0.040835,-0.94077,-1,-0.00032932,-3.3802e-05,4.3459e-07,0,0,0,0.9128,999,999,999,0.84572,0.52289,0.16899,0.77977,0.23554,4.3459e-07,9999,1,1,771.48,8.0078,0.16899,0,0,0,0,0,0,0,0,1,999,999,999,0,0,0,0,0,0,0,0,0,0,0,0,0,0,0,0,0,0.0016818,1.0716,-1,0.97491,0.86794,-1,-0.00032932,-0.0018643,0,0,0,0,0,0,0,0
0,0,0,0,0,0,0,0,1.4867,0.51637,-0.91938,-1,-0.95972,0.03346,-0.031657,0,0,0,1.5815,-1.4867,-0.9693,-0.59364,0.50027,0.59212,1.4496,0.7238,0.23882,3.7176e-06,9999,1,-1,512.7,5.0781,0.31635,0,0,0,0,0,0,0,0,1,999,999,999,0,0,0,0,0,10,0.24668,1.8277e-06,9999,1,478.52,3.3691,0.37567,1.4867,0.9693,-0.10843,0,0.011201,1.4867,-1,0.9693,-0.73186,-1,-0.95972,-8.732e-05,0,0,0,0,0,0,0,0
0,0,0,0,0,0,0,0,0.38998,0.094744,-0.19439,1,-0.32421,2.4666e-05,0,0,0,0,0.38293,999,999,999,3.4067,0.48341,0,0,0,0,0,0,0,0,0,0,0,0,0,0,0,0,0,0,0,0,0,0,0,0,0,0,0,0,0,0,0,0,0,0,0,0,0,0,0,0,0,0,0,0,0,0,0,0,0,0,0,0,0,0,0
0,0,0,0,0,0,0,0,0.50698,0.13603,-0.19633,1,1.1836e-05,-1.2107e-06,-4.1494e-07,2,0,0,0.41635,999,999,999,0.4092,0.098896,0.15729,0.62004,0.048687,1.2107e-06,9999,0,-1,0,18.945,0.098896,0,0,0,0,0,0,0,0,1,999,999,999,0,0,0,0,0,10,0.0923,4.1494e-07,9999,-1,1074.2,8.5938,0.15729,0.50698,0.92048,-0.8872,-6,0.022502,0.50698,1,0.92048,0.69762,1,1.1836e-05,0.79945,0,0,0,0,0,0,0,1
1.207,0.21725,-0.96101,1,0,0,0,0,0.73195,0,-0.90299,1,0.93365,0.0035212,-4.7797e-07,0,0,0,1.4265,999,999,999,0.98746,1.4095,0.19112,0.34205,0.16648,4.7797e-07,9999,1,-1,673.83,4.4922,0.19112,0,0,0,0,0,0,0,0,1,999,999,999,0,0,0,0,0,0,0,0,0,0,0,0,0,0,0,0,0,0.0035041,1.207,1,0.91931,0.12647,1,0.93365,0.034668,0,0,0,0,0,0,0,1
0,0,0,0,0,0,0,0,1.234,0.25581,-0.25999,-1,0.99686,-0.050847,-1.3536e-06,2,0,0,1.2434,999,999,999,0.54079,1.1941,0.1535,0.43421,0.21753,1.3536e-06,9999,0,-1,0,2.0752,0.1535,0,0,0,0,0,0,0,0,1,999,999,999,0,0,0,0,0,0,0,0,0,0,0,0,0,0,0,0,0,0.0018932,0.90912,1,0.44365,0.91135,1,0.99686,0.0008449,0,0,0,0,0,0,0,1
0,0,0,0,0,0,0,0,0.53917,0.1705,-0.79037,1,-0.98581,9.7732e-06,1.7496e-06,0,0,0,0.50255,999,999,999,0.51278,0.39258,0.25943,0.35651,0.20978,1.7496e-06,9999,1,1,600.59,4.9805,0.25943,0,0,0,0,0,0,0,0,1,999,999,999,0,0,0,0,0,0,0,0,0,0,0,0,0,0,0,0,0,0.0024045,0.53917,1,0.91193,-0.40008,-1,-0.98581,-0.0012233,0,0,0,0,0,0,0,0
0,0,0,0,1.9484,0.077565,-0.95061,1,0.64443,0.84477,0.997,-1,0.99363,0.30028,-0.00011331,0,0,0,2.1831,1.9484,0.88442,-0.42436,0.63246,2.5116,0.88142,0,0,0,0,0,0,0,0,0,0,0,0,0,0,0,0,0,0,0,0,0,0,0,0,0,0,0,0,0,0,0,0,0,0,0,0,0,0,0.0044466,1.9484,1,0.88442,0,0,0,0,0,0,0,0,0,0,0,1
0,0,0,0,0,0,0,0,0.78764,1.4195,-0.55427,1,-0.14533,0.0016784,6.4502e-05,0,0,0,1.0788,999,999,999,1.0207,0.93615,0.65222,0,0,0,0,0,0,0,0,0,0,0,0,0,0,0,0,0,0,0,0,0,0,0,0,0,0,0,0,0,0,0,0,0,0,0,0,0,0,0.0030962,0.78764,1,0.91304,0,0,0,0,0,0,0,0,0,0,0,0
0,0,0,0,1.3238,0.34189,0.21943,1,0.61928,0.39617,0.71495,-1,0.02192,-0.013553,0.00044822,1,0,0,1.2447,1.3238,-0.87501,-0.84063,0.75197,0.77745,0.98771,0.92701,0.11462,5.3353e-07,9999,0,1,761.72,5.4688,0.21401,0,0,0,0,0,0,0,0,1,999,999,999,0,0,0,0,0,0,0,0,0,0,0,0,0,0,0,0,0,0.015356,1.3238,1,0.87501,0.1529,-1,-0.013553,-0.78185,0,0,0,0,0,0,0,0
1.8725,0,-0.29273,1,0,0,0,0,0.51328,1.411,-0.17785,1,0.00086713,0.00075104,-0.00063926,2,0,0,1.9718,1.8725,0.99734,-0.33065,0.83416,2.2838,0.38988,0,0,0,0,0,0,0,0,0,0,0,0,0,0,0,0,0,0,0,0,0,0,0,0,0,0,0,0,0,0,0,0,0,0,0,0,0,0,0.010222,1.8725,1,0.99734,0,0,0,0,0,0,0,0,0,0,0,1
0,0,0,0,0,0,0,0,1.3794,0.3679,-0.64008,-1,-0.94662,0.001484,3.3566e-05,2,0,0,1.4478,999,999,999,1.2522,0.745,0.58711,0.99781,0.1003,1.2374e-06,9999,0,1,0,19.922,0.065744,1,0,-3.2055,3.0318,-1.2365,0.47279,0.29958,0.010443,1,999,999,999,0,0,0,0,0,10,0.12498,5.3316e-07,9999,-1,507.81,3.6133,0.21387,1.058,0.47954,-0.62287,-0,0.0014353,1.3794,-1,0.85538,0.88752,-1,-0.94662,-0.90145,0,0,0,0,0,0,0,0
0,0,0,0,0,0,0,0,0.68239,0.52611,-0.11219,1,0.97368,-3.354e-05,-9.2509e-07,0,0,0,0.84289,999,999,999,0.87715,0.52315,0.20835,0.33314,0.13785,5.3635e-07,9999,1,-1,541.99,5.2734,0.21505,0,0,0,0,0,0,0,0,1,0.68239,0.71167,-0.84677,0,0,0,0,0,10,0.13785,5.3635e-07,9999,-1,541.99,5.2734,0.21505,0.68239,0.71167,-0.84677,-4,0.011228,0.76721,-1,0.97394,-0.84677,1,0.97368,0.16258,0,0,0,0,0,0,0,1
0,0,0,0,0,0,0,0,2.0053,0.30649,-0.062113,1,0.88075,0.77576,-0.0031853,0,0,0,2.195,1.7549,0.93069,-0.91505,1.6472,2.6862,0.50438,0.99408,0.20455,9.2181e-07,9999,1,-1,498.05,4.541,0.30061,0,0,0,0,0,0,0,0,1,2.0053,0.99394,-0.97934,0,0,0,0,0,10,0.20455,9.2181e-07,9999,-1,498.05,4.541,0.30061,2.0053,0.99394,-0.97934,-2,0.0075684,2.0053,1,0.99394,0.90609,1,0.77576,0.70158,0,0,0,0,0,0,0,1
0,0,0,0,0,0,0,0,0.61514,0.53633,-0.03841,1,-0.95449,-0.0029928,0.00013781,0,0,0,1.3725,-0.85686,0.74382,-0.061736,1.0458,1.1295,0.95434,0.15449,0.14375,5.8733e-07,9999,1,1,454.1,4.4922,0.2321,0,0,0,0,0,0,0,0,1,0.85686,0.74382,-0.50073,0,0,0,0,0,10,0.14375,5.8733e-07,9999,1,454.1,4.4922,0.2321,0.85686,0.74382,-0.50073,6,0.010632,0.85686,-1,0.74382,-0.39967,-1,-0.95449,-0.080421,0,0,0,0,0,0,0,0
0,0,0,0,1.5638,0.72255,-0.98635,1,0.51632,0.95642,-0.51556,-1,0.086092,-2.3652e-05,0,0,0,0,1.6203,999,999,999,1.6356,0.4785,0,0,0,0,0,0,0,0,0,0,0,0,0,0,0,0,0,0,0,0,0,0,0,0,0,0,0,0,0,0,0,0,0,0,0,0,0,0,0,0.002616,1.5638,1,0.97253,0,0,0,0,0,0,0,0,0,0,0,1
0,0,0,0,0,0,0,0,1.0032,0.19352,-0.050073,-1,-0.18627,0.054911,4.6478e-07,0,0,0,1.1641,999,999,999,1.0721,1.404,0.18486,0.22615,0.14075,4.6478e-07,9999,1,1,683.59,4.9316,0.18486,0,0,0,0,0,0,0,0,1,999,999,999,0,0,0,0,0,0,0,0,0,0,0,0,0,0,0,0,0,0.01271,1.0032,-1,0.85315,0.54215,-1,-0.18627,-0.11573,0,0,0,0,0,0,0,1
0,0,0,0,0,0,0,0,0.92522,0.51648,-0.69525,1,0.91017,0.003716,0.0011586,3,0,0,0.99354,999,999,999,0.58181,0.71132,1.2235,0.94306,0.15583,4.8891e-07,9999,1,-1,585.94,5.7129,0.19604,0,0,0,0,0,0,0,0,1,999,999,999,0,0,0,0,0,0,0,0,0,0,0,0,0,0,0,0,0,0.0044608,0.92522,1,0.99707,0.60448,1,0.91017,0.73814,0,0,0,0,0,0,0,1
0,0,0,0,0,0,0,0,0.9274,1.0596,0.5476,1,0.0040945,-4.3514e-05,-2.7285e-05,1,0,0,1.2395,999,999,999,0.94167,0.56276,0.54964,0.69008,0.090125,1.4123e-06,9999,1,1,0,6.0547,0.16416,0,0,0,0,0,0,0,0,1,999,999,999,0,0,0,0,0,10,0.21068,1.346e-06,9999,1,424.8,3.5645,0.34502,0.65191,0.88397,-0.67111,4,0.011361,0.65191,-1,0.88397,0.35009,-1,-4.3514e-05,-0.66524,0,0,0,0,0,0,0,1
0,0,0,0,0,0,0,0,0.48662,0.88566,-0.90757,1,-0.18256,2.48e-05,1.2323e-06,2,0,0,0.4718,999,999,999,2.5712,0.48404,0.11742,0.90888,0.095393,4.4438e-07,9999,0,-1,722.66,4.1992,0.17439,1,0,2.9481,0.43513,4.7826,0.1863,0.0032331,1.1716,1,999,999,999,0,0,0,0,0,0,0,0,0,0,0,0,0,0,0,0,0,0,0,0,0,0.96142,1,1.2323e-06,0.77362,0,0,0,0,0,0,0,0
0,0,0,0,0,0,0,0,1.7285,0.18412,-0.61777,1,0.10618,-0.00017811,3.0375e-05,1,0,0,1.3895,0.57489,-0.95001,-0.94456,2.6475,0.1249,0.50947,0.73628,0.19095,3.973e-07,9999,1,-1,620.12,6.9336,0.14566,0,0,0,0,0,0,0,0,1,1.7285,0.99958,-0.73663,0,0,0,0,0,10,0.19095,3.973e-07,9999,-1,620.12,6.9336,0.14566,1.7285,0.99958,-0.73663,-5,0.003291,1.7285,1,0.99958,0.52001,1,3.0375e-05,0.042987,0,0,0,0,0,0,0,1
0,0,0,0,0,0,0,0,0.36381,1.1937,-0.13231,-1,0.00010649,7.1163e-06,-3.4744e-06,0,0,0,0.64932,999,999,999,0.75077,0.36648,0.31125,0.34535,0.23474,3.4744e-06,9999,1,-1,454.1,2.5391,0.31125,0,0,0,0,0,0,0,0,1,0.50459,0.91054,-0.066119,0,0,0,0,0,10,0.23474,3.4744e-06,9999,-1,454.1,2.5391,0.31125,0.50459,0.91054,-0.066119,-6,0.040277,0.50459,1,0.91054,-0.066119,1,0.00010649,0.00019467,0,0,0,0,0,0,0,0
0,0,0,0,0,0,0,0,0.20948,0.16065,-0.35729,-1,0.078965,-3.9746e-05,-8.7082e-07,1,1,0.50026,0.6113,999,999,999,0.88437,0.54901,0.29309,0.96364,0.20948,8.7082e-07,9999,1,-1,502.93,3.5156,0.29309,0,0,0,0,0,0,0,0,1,999,999,999,0,0,0,0,0,0,0,0,0,0,0,0,0,0,0,0,0,0.0030781,0.58647,-1,0.89807,0.6043,1,0.078965,0.42725,0,0,0,0,0,0,0,0
0,0,0,0,0,0,0,0,2.0379,0.46084,-0.38905,-1,0.32179,0.0006423,-7.2803e-05,1,0,0,2.1199,999,999,999,0.73858,0.3958,2.7715,0,0,0,0,0,0,0,0,0,0,0,0,0,0,0,0,0,0,0,0,0,0,0,0,0,0,0,0,0,0,0,0,0,0,0,0,0,0,0.0043983,2.0379,-1,0.98885,0,0,0,0,0,0,0,0,0,0,0,0
0,0,0,0,0,0,0,0,0.32944,0.503,0.71618,1,-0.99945,0.046941,-2.3982e-05,1,0,0,0.79802,999,999,999,0.35628,0.76473,0.48012,0,0,0,0,0,0,0,0,0,0,0,0,0,0,0,0,0,0,0,0,0,0,0,0,0,0,0,0,0,0,0,0,0,0,0,0,0,0,0,0,0,0,0,0,0,0,0,0,0,0,0,0,0,1
0,0,0,0,0,0,0,0,1.2652,0.10683,-0.97197,1,0.21445,0.044285,-8.7752e-05,1,0,0,1.4127,999,999,999,1.1046,1.7474,0.72357,0,0,0,0,0,0,0,0,0,0,0,0,0,0,0,0,0,0,0,0,0,0,0,0,0,0,0,0,0,0,0,0,0,0,0,0,0,0,0.0034878,1.2652,1,0.94498,0,0,0,0,0,0,0,0,0,0,0,1
0,0,0,0,0,0,0,0,0.34577,1.401,-0.99422,1,-0.99999,8.0524e-06,-4.1966e-07,0,0,0,0.42007,999,999,999,0.20235,0.37647,0.16021,0.715,0.1435,4.1966e-07,9999,1,-1,712.89,6.2012,0.16021,0,0,0,0,0,0,0,0,1,999,999,999,0,0,0,0,0,0,0,0,0,0,0,0,0,0,0,0,0,0,0,0,0,0.10033,1,8.0524e-06,0.32722,0,0,0,0,0,0,0,0
0,0,0,0,0,0,0,0,0.41774,0.67234,-0.80573,-1,0.00023482,1.4563e-05,-1.2256e-06,2,0,0,0.42731,999,999,999,0.26466,0.42819,0.072061,0.90953,0.14735,1.2256e-06,9999,0,-1,0,65.625,0.072061,0,0,0,0,0,0,0,0,1,999,999,999,0,0,0,0,0,0,0,0,0,0,0,0,0,0,0,0,0,0,0,0,0,0.93198,1,0.00023482,0.67059,0,0,0,0,0,0,0,0
0,0,0,0,0,0,0,0,0.46175,0.52801,0.59984,-1,0.1871,-4.3147e-05,1.2687e-06,3,0,0,0.82342,999,999,999,0.63608,0.56302,0.33863,0.91203,0.10137,1.2273e-06,9999,0,-1,0,26.562,0.07105,0,0,0,0,0,0,0,0,1,999,999,999,0,0,0,0,0,0,0,0,0,0,0,0,0,0,0,0,0,0,0,0,0,0.87394,1,0.1871,0.77244,0,0,0,0,0,0,0,1
0.4707,0.78072,-0.92007,1,0,0,0,0,0.54049,0.52219,-0.40724,-1,0.00019527,-2.1447e-05,1.0339e-06,1,0,0,0.65641,999,999,999,0.60857,0.4675,0.31502,0,0,0,0,0,0,0,0,0,0,0,0,0,0,0,0,0,0,0,0,0,0,0,0,0,0,0,0,0,0,0,0,0,0,0,0,0,0,0.047079,0.54049,-1,0.93854,0,0,0,0,0.4707,0.78072,-0.92007,1,1,0.0173,0.51564,0
0,0,0,0,0.88148,0,-0.52625,-1,0.72831,0,-0.76266,1,0.99756,-0.00083564,0.00015929,0,0,0,0.96631,999,999,999,0.50899,0.74387,0.3724,0,0,0,0,0,0,0,0,0,0,0,0,0,0,0,0,0,0,0,0,0,0,0,0,0,0,0,0,0,0,0,0,0,0,0,0,0,0,0.00080874,0.88148,-1,0.52606,0,0,0,0,0,0,0,0,0,0,0,0
0,0,0,0,0,0,0,0,0.17998,1.4527,-0.1759,-1,4.0412e-06,-8.2716e-07,-4.133e-07,0,0,0,0.36559,999,999,999,0.32265,0.28607,0.15626,0.97093,0.10946,4.133e-07,9999,1,-1,664.06,6.3477,0.15626,0,0,0,0,0,0,0,0,1,999,999,999,0,0,0,0,0,0,0,0,0,0,0,0,0,0,0,0,0,0,0,0,0,0.57626,1,4.0412e-06,0.85966,0,0,0,0,0,0,0,1
0,0,0,0,0,0,0,0,0.85997,0.099827,0.73252,-1,0.99999,0.99707,-0.94823,0,0,0,1.223,999,999,999,0.22715,0.51685,0.68553,0.28412,0.15384,0.99999,9999,1,1,2851.6,18.164,0.22715,0,0,0,0,0,0,0,0,1,0.85997,0.70167,-0.70458,0,0,0,0,0,10,0.15384,0.99999,9999,1,2851.6,18.164,0.22715,0.85997,0.70167,-0.70458,22,0.011134,0.85997,-1,0.70167,-0.19648,-1,-0.94823,-4.1031e-05,0,0,0,0,0,0,0,1
0,0,0,0,0,0,0,0,0.67279,0.20493,0.13405,1,0.25945,-6.7829e-05,1.8849e-05,0,0,0,1.0077,0.67279,-0.72567,-0.73467,0.91063,0.71311,0.45371,0,0,0,0,0,0,0,0,0,0,0,0,0,0,0,0,0,0,0,0,0,0,0,0,0,0,0,0,0,0,0,0,0,0,0,0,0,0,0.0050261,0.73032,-1,0.77423,0,0,0,0,0,0,0,0,0,0,0,1
0,0,0,0,0,0,0,0,1.3341,0.53111,-0.060626,-1,-0.96445,0.00058461,-2.721e-05,1,0,0,1.2807,-0.53209,-0.39428,-0.12984,2.0685,0.33451,0.49529,0.28647,0.1776,3.8007e-07,9999,0,-1,937.5,6.543,0.13307,0,0,0,0,0,0,0,0,1,999,999,999,0,0,0,0,0,0,0,0,0,0,0,0,0,0,0,0,0,0.024736,1.3341,-1,0.90386,0.738,1,6.311e-06,0.012412,0,0,0,0,0,0,0,0
0,0,0,0,0,0,0,0,0.92488,1.6347,-0.9245,1,-0.99935,0.052788,0.0026901,2,1,0.49882,1.051,999,999,999,0.3617,1.3431,0.66932,0.79914,0.084159,1.3912e-06,9999,0,-1,0,8.3984,0.16058,0,0,0,0,0,0,0,0,1,0.92488,0.79001,-0.37813,0,0,0,0,0,10,0.084159,1.3912e-06,9999,-1,0,8.3984,0.16058,0.92488,0.79001,-0.37813,-4,0.011192,0.92488,1,0.79001,-0.37813,1,0.052788,0.71573,0,0,0,0,0,0,0,0
0,0,0,0,0,0,0,0,0.70664,0.2799,0.23302,-1,0.9743,0.9501,-0.9249,4,0,0,1.113,0.61254,0.68738,-0.23724,0.55594,0.3666,0.33447,0.54185,0.1917,4.0535e-07,9999,0,1,1025.4,7.0312,0.15111,0,0,0,0,0,0,0,0,1,999,999,999,0,0,0,0,0,10,0.17697,0.9249,9999,-1,0,14.062,0.33447,0.61254,0.68738,-0.56835,-22,0.00015338,0.85892,1,0.7615,0.45101,1,0.9743,7.9236e-05,0,0,0,0,0,0,0,1
0,0,0,0,0,0,0,0,1.0307,0.36716,-0.33411,-1,-0.048,3.6155e-06,-3.5338e-07,1,0,0,1.0386,999,999,999,1.1116,0.28615,0.11057,0.42164,0.075091,3.5338e-07,9999,1,-1,1093.8,3.6133,0.11057,0,0,0,0,0,0,0,0,1,999,999,999,0,0,0,0,0,10,0.16593,3.6155e-06,9999,1,0,6.0547,0.28615,1.0307,0.99295,-0.71449,2,0.019239,1.0307,-1,0.99295,-0.41186,1,3.6155e-06,0.61667,0,0,0,0,0,0,0,0
0,0,0,0,0,0,0,0,1.2196,0.71156,0.72201,1,0.90106,-0.86362,0,0,0,0,1.2984,999,999,999,0.9257,1.3392,0,0,0,0,0,0,0,0,0,0,0,0,0,0,0,0,0,0,0,0,0,0,0,0,0,0,0,0,0,0,0,0,0,0,0,0,0,0,0,0.003222,1.2196,1,0.78835,0,0,0,0,0,0,0,0,0,0,0,0
0,0,0,0,0,0,0,0,0.95025,0.54926,-0.62852,-1,-0.96173,-0.00020429,-0.00020061,0,0,0,0.92927,999,999,999,1.3819,0.23582,0.23122,0.7916,0.16748,0.00020061,9999,1,-1,605.47,0,0.23122,0,0,0,0,0,0,0,0,1,999,999,999,0,0,0,0,0,0,0,0,0,0,0,0,0,0,0,0,0,0.045605,0.95025,-1,0.89986,0.11098,-1,-0.96173,-0.00029057,0,0,0,0,0,0,0,0
0,0,0,0,0,0,0,0,0.3962,0.6519,-0.30167,1,0.99511,-5.9483e-07,4.1684e-07,0,0,0,0.42045,999,999,999,0.59288,0.23437,0.15848,0.67013,0.13209,5.9483e-07,9999,1,-1,751.95,4.1992,0.23437,0,0,0,0,0,0,0,0,1,999,999,999,0,0,0,0,0,0,0,0,0,0,0,0,0,0,0,0,0,0,0,0,0,0.56165,1,0.99511,0.37092,0,0,0,0,0,0,0,1
0,0,0,0,1.5628,0.20372,-0.96141,-1,0.89948,0.20372,-0.83296,1,0.27392,-0.12533,0,0,0,0,1.7528,999,999,999,1.1977,1.5977,0,0,0,0,0,0,0,0,0,0,0,0,0,0,0,0,0,0,0,0,0,0,0,0,0,0,0,0,0,0,0,0,0,0,0,0,0,0,0,0.0044385,1.5628,-1,0.94302,0,0,0,0,0,0,0,0,0,0,0,0
0,0,0,0,0,0,0,0,0.79055,0.71802,0.70054,1,0.93633,0.0018016,-7.0165e-06,1,0,0,0.54488,0.79055,-0.94074,-0.74533,0.75673,0.47962,0.36535,0.10391,0.1727,4.7977e-07,9999,1,-1,634.77,4.541,0.19194,0,0,0,0,0,0,0,0,1,999,999,999,0,0,0,0,0,0,0,0,0,0,0,0,0,0,0,0,0,0,0,0,0,-0.20027,1,0.93633,0.0079185,0,0,0,0,0,0,0,1
0,0,0,0,0,0,0,0,0.60649,1.2563,-0.80656,-1,-0.0005669,0.00048255,-1.0497e-05,0,0,0,0.68299,999,999,999,0.37339,0.53774,0.51005,0.22224,0.13688,3.429e-07,9999,0,1,986.33,7.8125,0.10049,0,0,0,0,0,0,0,0,1,999,999,999,0,0,0,0,0,10,0.1354,1.9402e-06,9999,1,0,3.418,0.21847,0.60649,0.42226,-0.14524,4,0.033247,0.60649,-1,0.42226,0.3847,-1,-0.0005669,-0.13866,0,0,0,0,0,0,0,1
0,0,0,0,0,0,0,0,0.59764,1.1212,0.73414,-1,-0.00092709,-9.1143e-05,1.5071e-05,1,0,0,0.76446,999,999,999,0.96465,0.73015,0.43145,0,0,0,0,0,0,0,0,0,0,0,0,0,0,0,0,0,0,0,0,0,0,0,0,0,0,0,0,0,0,0,0,0,0,0,0,0,0,0.011607,0.59764,-1,0.81735,0,0,0,0,0,0,0,0,0,0,0,0
0,0,0,0,0,0,0,0,0.81597,0.9228,-0.030685,1,0.96269,-2.1478e-05,-1.0505e-05,1,0,0,1.026,999,999,999,0.92724,0.46765,0.39876,0.93046,0.13686,3.6265e-07,9999,1,-1,1035.2,9.1797,0.11886,0,0,0,0,0,0,0,0,1,999,999,999,0,0,0,0,0,0,0,0,0,0,0,0,0,0,0,0,0,0.022024,0.81597,1,0.56703,0.47974,1,0.96269,0.75483,0,0,0,0,0,0,0,1
0,0,0,0,0,0,0,0,0.58878,0.1037,0.93854,-1,-0.96925,2.504e-05,-1.1178e-05,1,0,0,0.741,999,999,999,0.95558,0.48518,0.40416,0.97291,0.10323,3.536e-07,9999,1,1,947.27,13.086,0.11077,0,0,0,0,0,0,0,0,1,0.58878,0.40034,-0.47929,0,0,0,0,0,10,0.10323,3.536e-07,9999,1,947.27,13.086,0.11077,0.58878,0.40034,-0.47929,2,0.0045151,0.58878,-1,0.40034,-0.47929,-1,-0.96925,-0.8632,0,0,0,0,0,0,0,0
0.83768,0.063192,-0.47585,1,0,0,0,0,0.66327,0.063192,-0.87572,1,0.99959,0.001197,-3.2547e-06,1,0,0,0.89715,999,999,999,0.41383,0.82552,0.30634,0.85153,0.16887,3.8225e-07,9999,1,-1,830.08,7.4219,0.13475,0,0,0,0,0,0,0,0,1,999,999,999,0,0,0,0,0,0,0,0,0,0,0,0,0,0,0,0,0,0.0088472,0.83768,1,0.9764,0.94067,1,0.99959,0.35871,0.83768,0.063192,-0.47585,1,1,0.0088472,0.9764,1
0,0,0,0,0,0,0,0,0.49263,0,0.6333,1,-0.017094,8.3318e-05,-7.2073e-06,0,0,0,0.6091,999,999,999,0.68114,0.73894,0.3675,0.58061,0.075102,3.787e-07,9999,1,1,1914.1,7.9102,0.13202,0,0,0,0,0,0,0,0,1,999,999,999,0,0,0,0,0,0,0,0,0,0,0,0,0,0,0,0,0,0,0,0,0,0.76767,-1,-7.2073e-06,-0.69866,0,0,0,0,0,0,0,1
0,0,0,0,1.2836,0,-0.90868,1,0.20336,0.59232,0.21676,-1,0.029932,-1.4907e-06,-1.0162e-06,0,0,0,1.2979,999,999,999,1.5586,0.17584,0.31292,0.45679,0.094304,1.4907e-06,9999,1,-1,0,7.0312,0.17584,0,0,0,0,0,0,0,0,1,1.2836,0.98006,-0.41214,0,0,0,0,0,10,0.094304,1.4907e-06,9999,-1,0,7.0312,0.17584,1.2836,0.98006,-0.41214,-0,0.0066725,1.2836,1,0.98006,-0.41214,1,0.029932,0.51604,0,0,0,0,0,0,0,1
0.53466,1.6959,-0.45241,1,0,0,0,0,1.7659,0.098709,0.49767,-1,-0.95918,-0.93732,-0.00018664,3,1,0.49637,1.6847,-0.56433,-0.98649,-0.99552,2.5839,0.44723,0.20897,0.59138,0.1188,4.4467e-07,9999,0,1,712.89,5.5176,0.17454,0,1,0,0,0,0,0,0,1,1.7659,0.99374,-0.6503,0,0,0,0,0,10,0.1188,4.4467e-07,9999,1,712.89,5.5176,0.17454,1.7659,0.99374,-0.6503,9,0.012653,1.7659,-1,0.99374,0.60684,-1,-0.93732,-0.4104,0.53466,1.6959,-0.45241,1,1,0.0030381,0.96518,0
0,0,0,0,0,0,0,0,1.0582,0.9253,-0.095448,-1,0.76831,-0.072128,-8.4916e-05,4,1,0.50186,1.2562,999,999,999,0.12449,1.1777,0.69258,0.47453,0.19002,1.2107e-06,9999,0,-1,0,1.2329,0.098815,0,0,0,0,0,0,0,0,1,999,999,999,0,0,0,0,0,0,0,0,0,0,0,0,0,0,0,0,0,0.0021172,1.0582,-1,0.91935,0.86849,1,0.76831,0.0094333,0,0,0,0,0,0,0,0
1.0921,0.27355,-0.34402,-1,0,0,0,0,0.23527,0.097918,0.77057,-1,-0.00010669,5.7474e-06,4.6873e-06,1,0,0,0.8986,999,999,999,1.6439,0.34963,0.33392,0.72812,0.23527,4.5696e-07,9999,1,-1,664.06,2.7832,0.18096,0,0,0,0,0,0,0,0,1,999,999,999,0,0,0,0,0,0,0,0,0,0,0,0,0,0,0,0,0,0.0090993,1.0921,-1,0.76285,-0.061621,1,4.6873e-06,0.00098594,0,0,0,0,0,0,0,0
0,0,0,0,0,0,0,0,0.78433,0.20867,-0.66316,-1,-2.9468e-05,0,0,0,0,0,0.35585,999,999,999,0.50546,0,0,0,0,0,0,0,0,0,0,0,0,0,0,0,0,0,0,0,0,0,0,0,0,0,0,0,0,0,0,0,0,0,0,0,0,0,0,0,0,0.0031239,0.78433,-1,0.75255,0,0,0,0,0,0,0,0,0,0,0,0
0,0,0,0,0,0,0,0,0.99653,1.0948,-0.9097,-1,-0.98711,-0.0037186,7.5394e-05,0,0,0,1.334,-0.50767,0.66856,-0.7079,0.64119,1.292,0.7066,0,0,0,0,0,0,0,0,0,0,0,0,0,0,0,0,0,0,0,0,0,0,0,0,0,0,0,0,0,0,0,0,0,0,0,0,0,0,0.002507,0.99653,-1,0.42796,0,0,0,0,0,0,0,0,0,0,0,0
0,0,0,0,0,0,0,0,1.5863,0.14552,-0.96932,-1,-0.4681,-6.4925e-05,2.8972e-05,0,0,0,1.4428,999,999,999,2.358,0.63136,0.50315,0.98174,0.17179,7.2572e-07,9999,1,-1,512.7,3.8086,0.26706,0,0,0,0,0,0,0,0,1,999,999,999,0,0,0,0,0,0,0,0,0,0,0,0,0,0,0,0,0,0.0068259,1.5863,-1,0.98913,-0.43254,1,2.8972e-05,0.81961,0,0,0,0,0,0,0,1
0.63229,0.88865,0.53358,1,0,0,0,0,0.68494,0.67879,-0.71573,-1,0.19419,0.00063931,-0.00016719,1,0,0,0.97258,999,999,999,0.5966,0.46282,0.88116,0,0,0,0,0,0,0,0,0,0,0,0,0,0,0,0,0,0,0,0,0,0,0,0,0,0,0,0,0,0,0,0,0,0,0,0,0,0,0.0041915,0.68494,-1,0.94684,0,0,0,0,0.63229,0.88865,0.53358,1,2,0.0086927,0.88812,0
0,0,0,0,0,0,0,0,0.65937,0.58924,-0.079877,-1,-0.9321,-0.91391,0.00016925,0,0,0,1.0555,999,999,999,0.54578,0.55856,0.86711,0.87454,0.20748,5.3648e-07,9999,1,1,463.87,5.8594,0.21509,0,0,0,0,0,0,0,0,1,999,999,999,0,0,0,0,0,0,0,0,0,0,0,0,0,0,0,0,0,0.0066481,0.72612,1,0.98677,0.89012,-1,-0.9321,-0.091424,0,0,0,0,0,0,0,0
0,0,0,0,0,0,0,0,1.5137,0.61607,-0.8684,1,0.04525,-0.043,-0.00084575,1,0,0,0.98756,999,999,999,0.93825,1.2031,0.41111,0,0,0,0,0,0,0,0,0,0,0,0,0,0,0,0,0,0,0,0,0,0,0,0,0,0,0,0,0,0,0,0,0,0,0,0,0,0,0.027173,1.5137,1,0.98749,0,0,0,0,0,0,0,0,0,0,0,1
0,0,0,0,0,0,0,0,0.7455,0.12474,-0.79152,1,0.96363,9.0439e-05,-1.7744e-06,0,0,0,0.84697,999,999,999,0.90135,0.71121,0.20576,0.24184,0.13568,1.7744e-06,9999,1,-1,0,4.7852,0.20576,0,0,0,0,0,0,0,0,1,999,999,999,0,0,0,0,0,0,0,0,0,0,0,0,0,0,0,0,0,0.021481,0.7455,1,0.95811,0.76984,1,0.96363,0.15237,0,0,0,0,0,0,0,1
1.4965,0,0.022222,1,0,0,0,0,1.5058,0.59507,-0.53749,-1,-0.38641,0.038477,-0.00021,1,0,0,1.5868,999,999,999,2.2241,1.1016,0.24232,0.38543,0.16082,6.7994e-07,9999,1,1,541.99,3.9551,0.25691,0,0,0,0,0,0,0,0,1,999,999,999,0,0,0,0,0,10,0.18374,0.00021,9999,-1,600.59,0,0.24232,1.4965,0.98251,-0.47657,-2,0.031009,1.4965,1,0.98251,0.8715,-1,-0.00021,-0.05654,0,0,0,0,0,0,0,1
0,0,0,0,0,0,0,0,0.35561,0.64352,-0.48622,-1,0.93264,-0.1082,0.0075566,0,0,0,0.88414,999,999,999,0.57821,1.01,0.61654,0,0,0,0,0,0,0,0,0,0,0,0,0,0,0,0,0,0,0,0,0,0,0,0,0,0,0,0,0,0,0,0,0,0,0,0,0,0,0.0049548,0.69633,-1,0.62917,0,0,0,0,0,0,0,0,0,0,0,1
0,0,0,0,1.2355,0,-0.15453,1,0.32936,0,0.63075,-1,0.96495,0.007314,-0.00046342,0,0,0,1.3628,1.2355,-0.83292,-0.40006,1.0013,1.7298,0.97426,0,0,0,0,0,0,0,0,0,0,0,0,0,0,0,0,0,0,0,0,0,0,0,0,0,0,0,0,0,0,0,0,0,0,0,0,0,0,0.0011113,1.2355,1,0.83292,0,0,0,0,0,0,0,0,0,0,0,1
0,0,0,0,0,0,0,0,1.6814,0.23658,-0.96503,1,0.1903,0.00080671,-1.2665e-06,0,0,0,1.3841,1.6814,0.99067,-0.77327,0.73492,2.5592,0.13147,0.1584,0.19102,1.2665e-06,9999,1,-1,0,7.1289,0.13147,0,0,0,0,0,0,0,0,1,1.6814,0.99067,-0.21341,0,0,0,0,0,10,0.19102,1.2665e-06,9999,-1,0,7.1289,0.13147,1.6814,0.99067,-0.21341,-0,0.0067011,1.6814,1,0.99067,-0.21341,1,0.00080671,0.0023776,0,0,0,0,0,0,0,1
0,0,0,0,0,0,0,0,0.15492,1.7163,-0.79627,1,-0.99948,-3.1421e-05,-6.3096e-06,1,0,0,0.82628,999,999,999,0.42698,0.51404,0.35693,0.75319,0.18217,8.0507e-07,9999,0,-1,527.34,4.8828,0.28227,0,0,0,0,0,0,0,0,1,999,999,999,0,0,0,0,0,0,0,0,0,0,0,0,0,0,0,0,0,0,0,0,0,-0.86218,-1,-0.99948,-0.050423,0,0,0,0,0,0,0,0
0,0,0,0,0,0,0,0,1.4912,0.19374,-0.95411,1,0.14598,-0.011085,-8.5433e-05,1,0,0,0.88642,999,999,999,0.97192,0.71529,0.76868,0,0,0,0,0,0,0,0,0,0,0,0,0,0,0,0,0,0,0,0,0,0,0,0,0,0,0,0,0,0,0,0,0,0,0,0,0,0,0.027543,1.4912,1,0.98316,0,0,0,0,0,0,0,0,0,0,0,0
0,0,0,0,0,0,0,0,1.6435,0.76161,-0.84452,-1,0.07174,-0.00020217,-4.1187e-06,0,0,0,1.8897,999,999,999,1.0564,2.2679,0.32409,0.94641,0.21939,2.0534e-06,9999,1,1,502.93,5.3711,0.27166,0,0,0,0,0,0,0,0,1,999,999,999,0,0,0,0,0,0,0,0,0,0,0,0,0,0,0,0,0,0.0016223,1.6435,-1,0.98144,0.91024,-1,-0.00020217,-0.20049,0,0,0,0,0,0,0,0
0,0,0,0,1.1338,2.1878,-0.15335,1,0.79927,1.2029,0.12779,1,-0.99816,0.93905,0.050213,1,0,0,1.6104,999,999,999,0.51044,0.86399,0.84624,0,0,0,0,0,0,0,0,0,0,0,0,0,0,0,0,0,0,0,0,0,0,0,0,0,0,0,0,0,0,0,0,0,0,0,0,0,0,0.011612,1.1338,1,0.87771,0,0,0,0,0,0,0,0,0,0,0,0
1.9949,0.6162,-0.90346,-1,0,0,0,0,0.99482,0.76467,0.48902,-1,-0.39963,-0.00049643,5.3575e-06,1,0,0,1.8815,-1.9949,-0.975,-0.77198,1.605,1.7678,0.34418,0.87755,0.08906,1.4662e-06,9999,0,1,0,6.6406,0.17243,0,0,0,0,0,0,0,0,1,1.9949,0.975,-0.91389,0,0,0,0,0,10,0.08906,1.4662e-06,9999,1,0,6.6406,0.17243,1.9949,0.975,-0.91389,2,0.0028608,1.9949,-1,0.975,0.74121,-1,-0.39963,-0.74888,0,0,0,0,0,0,0,0
0,0,0,0,0,0,0,0,1.0646,0.65344,-0.47351,1,-0.98236,0.97021,0.00049832,0,0,0,1.2899,999,999,999,0.62193,1.6587,0.81184,0.12891,0.22984,4.22e-07,9999,1,1,830.08,5.2734,0.16163,0,0,0,0,0,0,0,0,1,0.56181,0.4743,-0.46123,0,0,0,0,0,10,0.22984,4.22e-07,9999,1,830.08,5.2734,0.16163,0.56181,0.4743,-0.46123,6,0.0048021,1.0646,1,0.99476,-0.46123,-1,-0.98236,-0.0001761,0,0,0,0,0,0,0,0
2.1113,0.27031,-0.75013,1,0,0,0,0,0.8995,1.5736,0.68529,-1,0.89264,-0.078733,0.00017281,2,0,0,2.3312,2.1113,-0.99884,-0.99493,0.56938,1.0159,2.3073,0.99968,0.080275,3.7502e-07,9999,0,-1,1738.3,7.9102,0.12912,0,0,0,0,0,0,0,0,1,2.1113,0.99884,-0.99898,0,0,0,0,0,10,0.080275,3.7502e-07,9999,-1,1738.3,7.9102,0.12912,2.1113,0.99884,-0.99898,-2,0.012788,2.1113,1,0.99884,0.99247,1,0.89264,0.89767,0,0,0,0,0,0,0,1
0,0,0,0,0,0,0,0,0.70133,0.21211,-0.91986,-1,0.99996,-8.5641e-05,-3.551e-07,0,0,0,0.70576,999,999,999,0.30848,0.62913,0.11215,0.94261,0.1283,3.551e-07,9999,1,-1,1250,10.352,0.11215,0,0,0,0,0,0,0,0,1,999,999,999,0,0,0,0,0,0,0,0,0,0,0,0,0,0,0,0,0,0.0062261,0.70133,-1,0.88386,0.93871,1,0.99996,0.79574,0,0,0,0,0,0,0,1
0,0,0,0,0,0,0,0,0.89006,0.93733,-0.55052,-1,-0.99998,-0.96817,0.00010287,1,0,0,1.1826,-0.89006,0.71322,-0.92994,0.2627,1.4354,0.7813,0.93467,0.1231,4.3936e-07,9999,0,-1,449.22,7.3242,0.17165,0,0,0,0,0,0,0,0,1,999,999,999,0,0,0,0,0,10,0.11609,3.2931e-07,9999,1,36.316,17.578,0.086141,0.89006,0.71322,-0.028753,6,0.017167,0.89006,-1,0.71322,-0.028753,-1,-0.96817,-0.33949,0,0,0,0,0,0,0,0
0,0,0,0,0,0,0,0,0.38688,0.62474,-0.2826,1,-0.99998,0.53743,1.0807e-05,2,0,0,0.541,999,999,999,0.26325,0.68739,0.40122,0.34367,0.12478,5.0829e-07,9999,1,1,654.3,4.541,0.20424,0,0,0,0,0,0,0,0,1,999,999,999,0,0,0,0,0,0,0,0,0,0,0,0,0,0,0,0,0,0,0,0,0,-0.82121,-1,-0.99998,-0.25886,0,0,0,0,0,0,0,0
0,0,0,0,0,0,0,0,0.7179,0,0.47837,1,0.13604,-0.00052879,0.0002701,2,1,0.49638,0.67672,999,999,999,1.112,0.29882,0.28736,0.74945,0.20511,0.0002701,9999,0,1,551.76,0,0.28736,0,1,0,0,0,0,0,0,1,999,999,999,0,0,0,0,0,0,0,0,0,0,0,0,0,0,0,0,0,0.0012097,0.7179,1,0.90684,0.63527,-1,-5.166e-06,-0.017432,0,0,0,0,0,0,0,1
0,0,0,0,0,0,0,0,0.2455,0.50356,0.95964,1,-0.29914,0.01744,3.5303e-06,4,1,0.494,0.41841,999,999,999,1.1258,0.88049,0.31245,0.41009,0.04567,1.2095e-06,9999,0,-1,0,3.3203,0.090075,0,0,0,0,0,0,0,0,1,999,999,999,0,0,0,0,0,0,0,0,0,0,0,0,0,0,0,0,0,0,0,0,0,-0.61163,1,0.01744,0.74926,0,0,0,0,0,0,0,0
0,0,0,0,0.88794,1.672,-0.88401,1,0.62447,1.7365,-0.96106,1,0.7588,0.03004,0.0001742,1,0,0,1.2917,0.88794,0.95911,-0.89587,0.6684,0.95505,0.76652,0.92105,0.13725,1.7456e-06,9999,0,1,0,2.2461,0.20328,0,0,0,0,0,0,0,0,1,0.5961,0.62798,-0.27576,0,0,0,0,0,10,0.13725,1.7456e-06,9999,1,0,2.2461,0.20328,0.5961,0.62798,-0.27576,0,0.0062415,0.88794,1,0.95911,0.58924,-1,-4.0532e-06,-0.73203,0,0,0,0,0,0,0,1
0.30363,1.1872,-0.98275,1,0,0,0,0,0.16508,1.1872,-0.84882,1,0.209,6.2733e-06,-1.2111e-06,2,0,0,0.46851,999,999,999,0.30967,0.35648,0.085729,0.96945,0.16508,5.257e-07,9999,1,1,576.17,4.6387,0.21108,0,0,0,0,0,0,0,0,1,999,999,999,0,0,0,0,0,0,0,0,0,0,0,0,0,0,0,0,0,0,0,0,0,0.0034034,1,0.209,0.79454,0.30363,1.1872,-0.98275,1,1,0.032753,0.75386,1
0.71531,0.59801,0.96002,-1,0,0,0,0,0.42784,1.4178,-0.78773,-1,-0.99972,0.99903,-0.90555,0,0,0,1.094,-0.71531,0.9083,-0.82153,0.39337,0.46543,0.28501,0.83613,0.1822,0.90555,9999,1,-1,0,28.125,0.28501,0,0,0,0,0,0,0,0,1,0.61508,0.60031,-0.7453,0,0,0,0,0,10,0.1822,0.90555,9999,-1,0,28.125,0.28501,0.61508,0.60031,-0.7453,-22,0.014418,0.71531,-1,0.9083,0.8329,1,0.99903,3.9419e-05,0.71531,0.59801,0.96002,-1,1,0.014418,0.9083,0
0,0,0,0,0,0,0,0,1.4723,0.91491,-0.43984,1,0.96427,0.10105,-1.6644e-05,0,0,0,1.7937,1.0889,-0.65029,-0.75931,2.0129,1.1567,0.4411,0,0,0,0,0,0,0,0,0,0,0,0,0,0,0,0,0,0,0,0,0,0,0,0,0,0,0,0,0,0,0,0,0,0,0,0,0,0,0.0020745,1.4723,1,0.95202,0,0,0,0,0,0,0,0,0,0,0,1
0,0,0,0,1.3525,0.65567,-0.95498,1,0.32886,0.29842,0.43117,-1,0.0022748,0.0017104,-5.0788e-07,1,0,0,1.289,999,999,999,1.8641,0.81539,0.20407,0.91701,0.20293,4.6035e-07,9999,1,1,673.83,7.1289,0.18267,0,0,0,0,0,0,0,0,1,999,999,999,0,0,0,0,0,0,0,0,0,0,0,0,0,0,0,0,0,0.00015701,1.3525,1,0.97371,0,0,0,0,0,0,0,0,0,0,0,1
0,0,0,0,0,0,0,0,0.40164,0.11261,0.40597,1,0.99382,0.99348,0.0098031,0,0,0,1.6457,1.1631,0.98733,-0.62691,0.62556,0.61345,1.3402,0,0,0,0,0,0,0,0,0,0,0,0,0,0,0,0,0,0,0,0,0,0,0,0,0,0,0,0,0,0,0,0,0,0,0,0,0,0,0.0077215,1.1631,1,0.98733,0,0,0,0,0,0,0,0,0,0,0,1
0,0,0,0,0,0,0,0,0.24418,0.42373,-0.80426,-1,-0.051737,1.0921e-05,1.4828e-06,1,1,0.49843,0.44856,999,999,999,1.15,0.40213,0.17476,0.99045,0.10999,3.5498e-07,9999,0,-1,3632.8,19.336,0.11204,0,0,0,0,0,0,0,0,1,999,999,999,0,0,0,0,0,0,0,0,0,0,0,0,0,0,0,0,0,0,0,0,0,-0.14406,-1,-0.051737,-0.69429,0,0,0,0,0,0,0,0
0,0,0,0,0,0,0,0,1.8534,1.482,-0.97078,1,-0.091653,0.0063098,0.0013919,2,0,0,2.1096,999,999,999,0.91822,1.8001,0.45611,0.92271,0.13261,1.9973e-06,9999,0,-1,0,5.3711,0.22235,0,0,0,0,0,0,0,0,1,1.8534,0.99202,-0.95112,0,0,0,0,0,10,0.13261,1.9973e-06,9999,-1,0,5.3711,0.22235,1.8534,0.99202,-0.95112,-2,0.026146,1.8534,1,0.99202,0.73602,1,0.0013919,0.74642,0,0,0,0,0,0,0,1
0,0,0,0,0,0,0,0,0.55044,0.33248,-0.58412,1,-0.7429,-0.00052729,5.7062e-05,0,0,0,1.1325,999,999,999,0.94954,0.31294,0.61921,0.95559,0.17822,5.9972e-07,9999,1,1,532.23,4.6387,0.23583,0,0,0,0,0,0,0,0,1,999,999,999,0,0,0,0,0,0,0,0,0,0,0,0,0,0,0,0,0,0.018761,0.96535,-1,0.96735,0.88901,-1,-0.7429,-0.68297,0,0,0,0,0,0,0,0
0,0,0,0,0,0,0,0,0.92687,0.65975,-0.89889,1,-0.05685,0.00022183,0.00014228,2,1,0.5002,1.2316,999,999,999,0.97726,0.25393,0.81862,0.27696,0.19156,1.0593e-06,9999,1,-1,527.34,3.9551,0.31795,0,0,0,0,0,0,0,0,1,0.92687,0.85938,-0.22601,0,0,0,0,0,10,0.19156,1.0593e-06,9999,-1,527.34,3.9551,0.31795,0.92687,0.85938,-0.22601,-0,0.0043425,0.92687,1,0.85938,-0.048276,1,0.00022183,0.0038842,0,0,0,0,0,0,0,1
0,0,0,0,0,0,0,0,0.38908,0.43086,-0.18816,-1,1.211e-06,-9.6971e-07,0,1,0,0,0.30337,999,999,999,0.085959,0.30709,0,0,0,0,0,0,0,0,0,0,0,0,0,0,0,0,0,0,0,0,0,0,0,0,0,0,0,0,0,0,0,0,0,0,0,0,0,0,0,0,0,0,0,0,0,0,0,0,0,0,0,0,0,0,0
0,0,0,0,0,0,0,0,0.99193,0.46294,-0.60271,1,0.00027591,-2.9281e-06,4.9907e-07,0,0,0,0.83337,999,999,999,0.79975,0.41696,0.20042,0.59809,0.19302,4.9907e-07,9999,1,1,527.34,5.4688,0.20042,0,0,0,0,0,0,0,0,1,999,999,999,0,0,0,0,0,0,0,0,0,0,0,0,0,0,0,0,0,0.0031877,0.99193,1,0.88766,-0.33999,-1,-2.9281e-06,-0.012673,0,0,0,0,0,0,0,0
0,0,0,0,0,0,0,0,1.7122,0.6362,-0.7796,-1,-0.05159,-6.303e-05,5.3982e-07,0,0,0,1.1611,999,999,999,1.2145,0.64855,0.21631,0.14683,0.19703,5.3982e-07,9999,1,1,551.76,4.248,0.21631,0,0,0,0,0,0,0,0,1,1.7122,0.99266,-0.1294,0,0,0,0,0,10,0.19703,5.3982e-07,9999,1,551.76,4.248,0.21631,1.7122,0.99266,-0.1294,5,0.0059946,1.7122,-1,0.99266,0.78706,-1,-6.303e-05,-0.001428,0,0,0,0,0,0,0,0
0,0,0,0,0,0,0,0,1.2913,0.23729,0.70223,-1,0.99977,-0.96897,-3.4832e-07,1,0,0,1.2271,999,999,999,0.34982,1.7617,0.10581,0,0,0,0,0,0,0,0,0,0,0,0,0,0,0,0,0,0,0,0,0,0,0,0,0,0,0,0,0,0,0,0,0,0,0,0,0,0,0.012355,1.2913,-1,0.99357,0,0,0,0,0,0,0,0,0,0,0,0
0.78699,1.3108,-0.96827,-1,0,0,0,0,0.6532,0.49201,0.35891,-1,-0.96018,-0.00032677,5.6376e-06,0,0,0,0.869,-0.78699,-0.97977,-0.55428,0.8233,0.58411,0.46697,0.91947,0.10327,4.3769e-07,9999,1,1,986.33,7.3242,0.17073,0,0,0,0,0,0,0,0,1,0.78699,0.97977,-0.91154,0,0,0,0,0,10,0.10327,4.3769e-07,9999,1,986.33,7.3242,0.17073,0.78699,0.97977,-0.91154,2,0.039685,0.78699,-1,0.97977,0.64247,-1,-0.96018,-0.7808,0.78699,1.3108,-0.96827,-1,1,0.039685,0.97977,0
0,0,0,0,1.6173,0.7128,-0.98397,1,0.65924,0.15763,-0.12806,-1,-0.00024747,7.7394e-05,0,0,0,0,1.6834,999,999,999,0.73354,2.1024,0,0,0,0,0,0,0,0,0,0,0,0,0,0,0,0,0,0,0,0,0,0,0,0,0,0,0,0,0,0,0,0,0,0,0,0,0,0,0,0.009365,1.6173,1,0.80273,0,0,0,0,0,0,0,0,0,0,0,1
0,0,0,0,0,0,0,0,0.99486,0,-0.57187,-1,0.0022539,-0.00083218,3.829e-07,1,0,0,0.75795,999,999,999,0.50063,1.5382,0.13524,0.091929,0.12895,3.829e-07,9999,1,1,947.27,6.6406,0.13524,0,0,0,0,0,0,0,0,1,999,999,999,0,0,0,0,0,0,0,0,0,0,0,0,0,0,0,0,0,0.0069306,0.99486,-1,0.89391,0.36417,-1,-0.00083218,-0.15246,0,0,0,0,0,0,0,0
1.5855,0.16761,-0.81567,1,1.0504,0.099468,0.66425,-1,0,0,0,0,-0.34594,0.03676,0,0,0,0,1.4904,999,999,999,1.6456,1.3122,0,0,0,0,0,0,0,0,0,0,0,0,0,0,0,0,0,0,0,0,0,0,0,0,0,0,0,0,0,0,0,0,0,0,0,0,0,0,0,0.0058246,1.5855,1,0.99628,0,0,0,0,0,0,0,0,0,0,0,1
0,0,0,0,0,0,0,0,0.69909,1.5521,-0.44677,-1,-0.018246,-0.0161,9.742e-05,1,0,0,1.0197,999,999,999,0.84655,0.68909,0.6551,0,0,0,0,0,0,0,0,0,0,0,0,0,0,0,0,0,0,0,0,0,0,0,0,0,0,0,0,0,0,0,0,0,0,0,0,0,0,0.0076999,0.69909,-1,0.89155,0,0,0,0,0,0,0,0,0,0,0,0
0,0,0,0,0,0,0,0,0.86227,1.4612,-0.62855,-1,0.84698,-0.097274,-6.4495e-05,1,0,0,1.3935,999,999,999,1.1265,0.87999,0.65441,0.69476,0.15347,7.3111e-07,9999,0,1,498.05,4.7852,0.26819,0,0,0,0,0,0,0,0,1,999,999,999,0,0,0,0,0,0,0,0,0,0,0,0,0,0,0,0,0,0.0096772,0.95003,1,0.99839,0.35176,-1,-0.097274,-0.21909,0,0,0,0,0,0,0,1
0,0,0,0,0.66844,0.27815,-0.41238,-1,1.2701,0.21445,-0.33563,-1,-0.071386,-0.037851,-8.929e-05,1,0,0,1.4238,-0.66844,0.78069,-0.46444,0.73651,1.5639,0.78539,0,0,0,0,0,0,0,0,0,0,0,0,0,0,0,0,0,0,0,0,0,0,0,0,0,0,0,0,0,0,0,0,0,0,0,0,0,0,0.0040742,1.2701,-1,0.8268,0,0,0,0,0,0,0,0,0,0,0,0
0,0,0,0,2.057,0.30651,-0.74011,1,0.5993,1.6078,0.59132,1,0.98849,0.13592,-3.9726e-05,0,0,0,2.1038,2.057,0.98604,-0.88016,0.73532,2.7405,0.54903,0.99997,0.1039,1.2515e-06,9999,1,-1,0,7.6172,0.12608,0,0,0,0,0,0,0,0,1,2.057,0.98604,-0.98711,0,0,0,0,0,10,0.1039,1.2515e-06,9999,-1,0,7.6172,0.12608,2.057,0.98604,-0.98711,-2,0.0034351,2.057,1,0.98604,0.89796,1,0.98849,0.90549,0,0,0,0,0,0,0,1
0,0,0,0,1.5113,0.098647,0.94722,1,0.59786,1.6136,-0.71534,1,0.97198,-0.065967,0.016686,0,0,0,1.7698,1.5113,-0.99441,-0.69203,0.74746,0.92352,1.4783,0,0,0,0,0,0,0,0,0,0,0,0,0,0,0,0,0,0,0,0,0,0,0,0,0,0,0,0,0,0,0,0,0,0,0,0,0,0,0.015943,1.5113,1,0.99441,0,0,0,0,0,0,0,0,0,0,0,1
0,0,0,0,0,0,0,0,0.37258,0.76359,-0.74201,1,-0.0071476,-5.8896e-06,4.9182e-06,1,0,0,0.61577,999,999,999,0.63662,0.46993,0.3376,0.79939,0.20795,6.4456e-07,9999,1,1,522.46,4.3945,0.2482,0,0,0,0,0,0,0,0,1,999,999,999,0,0,0,0,0,0,0,0,0,0,0,0,0,0,0,0,0,0,0,0,0,-0.032289,-1,-0.0071476,-0.026685,0,0,0,0,0,0,0,0
0,0,0,0,0,0,0,0,1.0358,0.81383,-0.94289,-1,-0.0093778,0.00059752,-0.00036385,5,1,0.49925,1.21,999,999,999,1.1808,0.34434,0.71884,0.65643,0.12276,3.4465e-07,9999,0,-1,1972.7,11.328,0.10223,0,0,0,0,0,0,0,0,1,999,999,999,0,0,0,0,0,0,0,0,0,0,0,0,0,0,0,0,0,0,0,0,0,0.49388,1,0.00010946,0.43459,0,0,0,0,0,0,0,1
0,0,0,0,0,0,0,0,1.2133,0.2591,0.15423,-1,-0.95976,-0.038009,9.7847e-07,0,0,0,1.5934,-1.2133,0.92492,-0.88152,1.0075,1.3997,0.30822,0.98977,0.19204,4.4449e-07,9999,1,1,742.19,9.1797,0.17445,0,0,0,0,0,0,0,0,1,1.2133,0.92492,-0.89648,0,0,0,0,0,10,0.19204,4.4449e-07,9999,1,742.19,9.1797,0.17445,1.2133,0.92492,-0.89648,2,0.017034,1.2133,-1,0.92492,0.99379,-1,-0.95976,-0.76796,0,0,0,0,0,0,0,0
0,0,0,0,0,0,0,0,1.1715,0.36423,-0.94741,1,0.002618,-1.477e-05,0,0,0,0,1.1974,999,999,999,1.2262,0.42952,0,0,0,0,0,0,0,0,0,0,0,0,0,0,0,0,0,0,0,0,0,0,0,0,0,0,0,0,0,0,0,0,0,0,0,0,0,0,0,0.0088367,1.1715,1,0.98309,0,0,0,0,0,0,0,0,0,0,0,1
0,0,0,0,0,0,0,0,0.60363,0.94558,-0.15405,-1,-0.012786,0.00047965,0,0,0,0,0.54059,999,999,999,0.95028,0.80544,0,0,0,0,0,0,0,0,0,0,0,0,0,0,0,0,0,0,0,0,0,0,0,0,0,0,0,0,0,0,0,0,0,0,0,0,0,0,0,0.016153,0.51521,1,0.76677,0,0,0,0,0,0,0,0,0,0,0,0
0,0,0,0,1.7871,0,-0.46148,-1,0.99702,0.51526,0.30671,1,-0.25277,-0.053502,0.0034687,4,0,0,2.0584,-1.7871,-0.97811,-0.35768,1.0621,2.0436,1.0223,0.35073,0.16647,1.2092e-06,9999,0,1,0,17.188,0.092428,0,0,0,0,0,0,0,0,1,1.7871,0.97811,-0.46382,0,0,0,0,0,10,0.16647,1.2092e-06,9999,1,0,17.188,0.092428,1.7871,0.97811,-0.46382,5,0.010135,1.7871,-1,0.97811,-0.62397,-1,-0.25277,-0.03566,0,0,0,0,0,0,0,0
0,0,0,0,0,0,0,0,1.3221,0,-0.59282,-1,0.008469,-0.00077476,-0.00036125,3,1,0.50041,1.2628,999,999,999,0.79602,0.58781,1.9544,0.14206,0.18697,6.8786e-07,9999,1,-1,546.88,4.1992,0.25875,0,0,0,0,0,0,0,0,1,999,999,999,0,0,0,0,0,0,0,0,0,0,0,0,0,0,0,0,0,0.027061,0.60266,-1,0.96488,-0.095517,1,4.9163e-06,0.0030359,0,0,0,0,0,0,0,0
0,0,0,0,0,0,0,0,0.71354,1.2723,-0.96543,-1,-0.42542,2.2882e-06,0,0,0,0,0.74457,999,999,999,0.73213,0.27985,0,0,0,0,0,0,0,0,0,0,0,0,0,0,0,0,0,0,0,0,0,0,0,0,0,0,0,0,0,0,0,0,0,0,0,0,0,0,0,0.0043542,0.71354,-1,0.9197,0,0,0,0,0,0,0,0,0,0,0,1
0.32436,1.5374,0.14193,-1,0,0,0,0,1.0877,0,-0.40755,1,0.97676,-0.94301,-0.60189,0,0,0,1.5159,1.0877,0.96258,-0.91389,0.81425,0.55281,1.4622,0,0,0,0,0,0,0,0,0,0,0,0,0,0,0,0,0,0,0,0,0,0,0,0,0,0,0,0,0,0,0,0,0,0,0,0,0,0,0.064932,1.0877,1,0.96258,0,0,0,0,0.32436,1.5374,0.14193,-1,1,0.018905,0.88548,1
0,0,0,0,0,0,0,0,0.6846,0.61907,0.72088,1,0.79331,0.027808,6.9253e-05,1,0,0,1.1547,0.6846,0.99112,-0.31883,0.15076,0.84241,0.67779,0,0,0,0,0,0,0,0,0,0,0,0,0,0,0,0,0,0,0,0,0,0,0,0,0,0,0,0,0,0,0,0,0,0,0,0,0,0,0.020713,0.6846,1,0.99112,0,0,0,0,0,0,0,0,0,0,0,0
0,0,0,0,0,0,0,0,0.29787,1.3627,-0.91717,-1,-0.0087979,-0.0050793,0.0036802,1,0,0,0.87311,999,999,999,0.7403,0.67166,0.97544,0.090718,0.14443,4.0774e-07,9999,1,1,800.78,6.8359,0.15268,0,0,0,0,0,0,0,0,1,0.71582,0.36194,-0.69219,0,0,0,0,0,10,0.14443,4.0774e-07,9999,1,800.78,6.8359,0.15268,0.71582,0.36194,-0.69219,0,0.0051646,0.61783,1,0.85076,0.13681,-1,-4.456e-06,-0.06224,0,0,0,0,0,0,0,1
0,0,0,0,0,0,0,0,0.76458,0.72639,-0.86496,-1,-0.96385,6.0317e-07,-3.6916e-07,3,0,0,0.61241,999,999,999,1.1887,0.23684,0.12437,0.28469,0.12637,3.1892e-07,9999,0,1,346.68,11.133,0.074016,0,0,0,0,0,0,0,0,1,0.76458,0.9448,-0.0069564,0,0,0,0,0,10,0.12637,3.1892e-07,9999,1,346.68,11.133,0.074016,0.76458,0.9448,-0.0069564,6,0.020233,0.76458,-1,0.9448,-0.0069564,-1,-0.96385,-0.23209,0,0,0,0,0,0,0,0
0,0,0,0,0,0,0,0,0.56609,0.71554,-0.64815,1,0.00026081,0.0001164,-8.0533e-05,1,0,0,1.2326,0.74196,0.9638,-0.92974,0.61521,0.76368,0.74084,0.61606,0.16687,3.5349e-07,9999,0,1,1005.9,10.645,0.11067,0,0,0,0,0,0,0,0,1,0.70002,0.84375,-0.45108,0,0,0,0,0,10,0.16687,3.5349e-07,9999,1,1005.9,10.645,0.11067,0.70002,0.84375,-0.45108,6,0.018059,0.74196,1,0.9638,-0.097813,-1,-5.0871e-05,-0.079735,0,0,0,0,0,0,0,0
0,0,0,0,0,0,0,0,1.1088,0.68528,-0.95327,-1,-0.9911,-0.077836,2.7311e-06,0,0,0,0.84324,-0.69286,0.95625,-0.86642,0.66911,1.0197,0.41121,0,0,0,0,0,0,0,0,0,0,0,0,0,0,0,0,0,0,0,0,0,0,0,0,0,0,0,0,0,0,0,0,0,0,0,0,0,0,0.040092,1.1088,-1,0.97005,0,0,0,0,0,0,0,0,0,0,0,0
0,0,0,0,2.1504,0,-0.052588,1,2.1326,0.10029,-0.26256,-1,-0.4928,0.0030804,0,0,0,0,2.6214,999,999,999,3.11,1.9049,0,0,0,0,0,0,0,0,0,0,0,0,0,0,0,0,0,0,0,0,0,0,0,0,0,0,0,0,0,0,0,0,0,0,0,0,0,0,0,3.0489e-05,2.1326,-1,0.9877,0,0,0,0,0,0,0,0,0,0,0,0
0,0,0,0,0,0,0,0,0.30831,0.097966,-0.42353,1,0.42642,1.9467e-05,9.9235e-06,3,1,0.49324,0.30694,999,999,999,0.68435,0.45708,0.39388,0,0,0,0,0,0,0,0,0,0,0,0,0,0,0,0,0,0,0,0,0,0,0,0,0,0,0,0,0,0,0,0,0,0,0,0,0,0,0,0,0,0,0,0,0,0,0,0,0,0,0,0,0,1
0,0,0,0,0,0,0,0,1.5109,0.1435,0.087304,1,0.09891,-0.00032816,1.2093e-06,2,0,0,1.357,999,999,999,2.2838,0.76187,0.094025,0.72893,0.072144,1.2093e-06,9999,1,1,0,9.8633,0.094025,1,0,2.5164,0.44943,-2.1753,0.48465,0.016899,0.32828,1,999,999,999,0,0,0,0,0,10,0.22705,3.6963e-07,9999,-1,761.72,10.742,0.12475,1.5109,0.98954,-0.47106,-0,0.010333,1.5109,1,0.98954,0.95341,-1,-0.00032816,-0.7335,0,0,0,0,0,0,0,1
1.5664,0.75016,-0.41583,-1,0.60821,0.71976,-0.29664,1,0.56824,0.13464,0.87908,-1,-0.00050464,0.0003572,-5.9985e-05,0,0,0,1.7316,-0.56824,0.27517,-0.64016,1.598,0.86806,0.63422,0,0,0,0,0,0,0,0,0,0,0,0,0,0,0,0,0,0,0,0,0,0,0,0,0,0,0,0,0,0,0,0,0,0,0,0,0,0,0.013813,1.5664,-1,0.89681,0,0,0,0,0,0,0,0,0,0,0,0
0,0,0,0,2.1487,0,-0.65087,1,0.59175,1.9394,0.64312,-1,0.99991,-0.97836,0.00097161,0,0,0,2.0621,2.1487,-0.99475,-0.4913,0.3386,0.8855,1.9102,0,0,0,0,0,0,0,0,0,0,0,0,0,0,0,0,0,0,0,0,0,0,0,0,0,0,0,0,0,0,0,0,0,0,0,0,0,0,0.007149,2.1487,1,0.99475,0,0,0,0,0,0,0,0,0,0,0,1
0,0,0,0,0,0,0,0,1.3194,0.2586,-0.98435,1,0.060789,-1.0985e-06,0,0,0,0,1.3435,999,999,999,1.5374,0.32227,0,0,0,0,0,0,0,0,0,0,0,0,0,0,0,0,0,0,0,0,0,0,0,0,0,0,0,0,0,0,0,0,0,0,0,0,0,0,0,0.023544,1.3194,1,0.94809,0,0,0,0,0,0,0,0,0,0,0,1
0,0,0,0,0,0,0,0,1.032,1.4243,-0.91136,1,0.0081717,4.0539e-05,1.7859e-05,1,0,0,1.1139,999,999,999,1.3899,0.54888,0.41382,0.92791,0.16177,3.5385e-07,9999,1,-1,1201.2,8.7891,0.11101,0,0,0,0,0,0,0,0,1,1.032,0.94563,-0.85023,0,0,0,0,0,10,0.16177,3.5385e-07,9999,-1,1201.2,8.7891,0.11101,1.032,0.94563,-0.85023,-2,0.011287,1.032,1,0.94563,0.53589,1,1.7859e-05,0.66176,0,0,0,0,0,0,0,1
0,0,0,0,0,0,0,0,0.46303,0.89204,-0.65374,-1,-0.96815,0.43467,0,0,0,0,0.66514,999,999,999,0.71927,0.75847,0,0,0,0,0,0,0,0,0,0,0,0,0,0,0,0,0,0,0,0,0,0,0,0,0,0,0,0,0,0,0,0,0,0,0,0,0,0,0,0.0038176,0.55094,1,0.29203,0,0,0,0,0,0,0,0,0,0,0,0
0,0,0,0,0,0,0,0,1.098,0,-0.84711,-1,0.9639,-0.050938,-0.035831,0,0,0,1.4527,999,999,999,0.64584,1.1582,1.3473,0,0,0,0,0,0,0,0,0,0,0,0,0,0,0,0,0,0,0,0,0,0,0,0,0,0,0,0,0,0,0,0,0,0,0,0,0,0,0.0080075,1.098,-1,0.85658,0,0,0,0,0,0,0,0,0,0,0,0
0,0,0,0,1.3702,0,0.92135,1,0.52809,1.4401,-0.87426,-1,0.016228,-7.1693e-05,-8.0351e-07,2,1,0.49634,1.4516,999,999,999,1.4329,0.68053,0.282,0.9886,0.19979,8.0351e-07,9999,1,-1,527.34,3.1738,0.282,0,0,0,0,0,0,0,0,1,1.3702,0.99714,-0.98876,0,0,0,0,0,10,0.19979,8.0351e-07,9999,-1,527.34,3.1738,0.282,1.3702,0.99714,-0.98876,-2,0.033665,1.3702,1,0.99714,-0.98876,1,0.016228,0.7077,0,0,0,0,0,0,0,1
0,0,0,0,1.1358,0,0.75707,1,0.36365,1.1407,-0.86327,-1,0.046376,-1.9836e-05,0,0,0,0,1.1145,999,999,999,1.0683,0.45907,0,0,0,0,0,0,0,0,0,0,0,0,0,0,0,0,0,0,0,0,0,0,0,0,0,0,0,0,0,0,0,0,0,0,0,0,0,0,0,0.0065821,1.1358,1,0.97147,0,0,0,0,0,0,0,0,0,0,0,1
2.5534,0,-0.85882,1,0,0,0,0,1.063,0.67065,0.93368,-1,-0.1006,7.2159e-05,0,0,0,0,2.7441,999,999,999,1.2678,2.7323,0,0,0,0,0,0,0,0,0,0,0,0,0,0,0,0,0,0,0,0,0,0,0,0,0,0,0,0,0,0,0,0,0,0,0,0,0,0,0,0.017999,2.5534,1,0.98781,0,0,0,0,0,0,0,0,0,0,0,1
0,0,0,0,0,0,0,0,0.73415,0.97778,-0.56083,1,0.29323,-0.00048207,9.2996e-07,0,0,0,0.92561,999,999,999,0.71992,0.63504,0.30175,0.98582,0.2052,4.7773e-07,9999,0,1,634.77,4.3945,0.19101,0,0,0,0,0,0,0,0,1,999,999,999,0,0,0,0,0,10,0.18666,9.2996e-07,9999,1,424.8,4.5898,0.30175,0.53518,0.76819,-0.71634,0,0.0077158,0.73415,1,0.82591,0.6799,-1,-0.00048207,-0.63947,0,0,0,0,0,0,0,0
0,0,0,0,0,0,0,0,0.6078,0.36244,-0.2269,-1,-0.0072524,-2.5758e-05,-9.9562e-06,0,0,0,0.70831,999,999,999,0.60192,0.55082,0.39416,0,0,0,0,0,0,0,0,0,0,0,0,0,0,0,0,0,0,0,0,0,0,0,0,0,0,0,0,0,0,0,0,0,0,0,0,0,0,0.0028164,0.67348,-1,0.59471,0,0,0,0,0,0,0,0,0,0,0,0
0,0,0,0,0,0,0,0,0.44563,1.1001,-0.74672,-1,0.99441,-0.98858,-0.00084367,0,0,0,0.80558,999,999,999,0.59276,0.6733,0.70974,0,0,0,0,0,0,0,0,0,0,0,0,0,0,0,0,0,0,0,0,0,0,0,0,0,0,0,0,0,0,0,0,0,0,0,0,0,0,0.0077639,0.64294,-1,0.99488,0,0,0,0,0,0,0,0,0,0,0,1
0,0,0,0,0,0,0,0,0.43232,0.07832,-0.60146,-1,-2.2945e-06,0,0,0,0,0,0.21793,999,999,999,0.28006,0,0,0,0,0,0,0,0,0,0,0,0,0,0,0,0,0,0,0,0,0,0,0,0,0,0,0,0,0,0,0,0,0,0,0,0,0,0,0,0,0,0,0,0,0,0,0,0,0,0,0,0,0,0,0,1
0,0,0,0,0,0,0,0,0.54879,0.46434,0.31639,-1,-0.12586,7.2286e-05,-4.4279e-05,0,0,0,1.0416,-0.5523,-0.94445,-0.90868,0.87613,0.54239,0.56774,0,0,0,0,0,0,0,0,0,0,0,0,0,0,0,0,0,0,0,0,0,0,0,0,0,0,0,0,0,0,0,0,0,0,0,0,0,0,0.021821,0.65816,1,0.32974,0,0,0,0,0,0,0,0,0,0,0,0
0,0,0,0,2.2073,0,-0.65489,1,0.71623,1.1722,0.61616,-1,0.00027445,-7.785e-05,0,0,0,0,2.2849,999,999,999,2.3423,0.9282,0,0,0,0,0,0,0,0,0,0,0,0,0,0,0,0,0,0,0,0,0,0,0,0,0,0,0,0,0,0,0,0,0,0,0,0,0,0,0,0.0016804,2.2073,1,0.98017,0,0,0,0,0,0,0,0,0,0,0,1
0,0,0,0,0,0,0,0,0.68391,1.8006,0.23849,-1,0.95286,-0.002273,6.7529e-05,0,0,0,0.99173,0.50899,-0.72591,-0.75248,0.52661,0.85237,0.66745,0,0,0,0,0,0,0,0,0,0,0,0,0,0,0,0,0,0,0,0,0,0,0,0,0,0,0,0,0,0,0,0,0,0,0,0,0,0,0.022233,0.50899,1,0.72591,0,0,0,0,0,0,0,0,0,0,0,1
0,0,0,0,0,0,0,0,0.29112,0.34522,0.10716,1,-1.1234e-05,2.1133e-06,1.6717e-06,1,0,0,0.47495,999,999,999,0.4046,0.27384,0.19646,0,0,0,0,0,0,0,0,0,0,0,0,0,0,0,0,0,0,0,0,0,0,0,0,0,0,0,0,0,0,0,0,0,0,0,0,0,0,0,0,0,0,0,0,0,0,0,0,0,0,0,0,0,0
0.80789,1.1156,-0.11506,1,0,0,0,0,0.4994,0.95616,-0.65689,-1,0.0049187,-6.8713e-06,0,0,0,0,0.86065,999,999,999,0.85207,0.36368,0,0,0,0,0,0,0,0,0,0,0,0,0,0,0,0,0,0,0,0,0,0,0,0,0,0,0,0,0,0,0,0,0,0,0,0,0,0,0,0.014004,0.80789,1,0.73565,0,0,0,0,0.80789,1.1156,-0.11506,1,1,0.014004,0.73565,0
1.8721,0,-0.84802,1,0,0,0,0,0.24646,0.81758,-0.69768,-1,6.5955e-05,-7.4476e-06,0,0,0,0,1.3635,999,999,999,2.8858,0.37013,0,0.29425,0.24646,7.4476e-06,9999,1,-1,458.98,3.418,0.37013,0,0,0,0,0,0,0,0,1,999,999,999,0,0,0,0,0,0,0,0,0,0,0,0,0,0,0,0,0,0.0011722,1.8721,1,0.97151,0.37439,1,6.5955e-05,9.5735e-05,0,0,0,0,0,0,0,1
0,0,0,0,0,0,0,0,1.8572,0.66576,0.29604,-1,0.98605,0.00034179,-0.00019912,2,0,0,1.2983,999,999,999,0.62084,0.49469,2.9588,0,0,0,0,0,0,0,0,0,0,0,0,0,0,0,0,0,0,0,0,0,0,0,0,0,0,0,0,0,0,0,0,0,0,0,0,0,0,0.05972,1.8572,-1,0.94362,0,0,0,0,0,0,0,0,0,0,0,1
0,0,0,0,0,0,0,0,0.95164,0.38259,0.33604,1,0.71159,-1.8322e-05,1.2933e-05,0,0,0,0.93568,999,999,999,1.5793,0.45077,0.41718,0,0,0,0,0,0,0,0,0,0,0,0,0,0,0,0,0,0,0,0,0,0,0,0,0,0,0,0,0,0,0,0,0,0,0,0,0,0,0.0013204,0.95164,1,0.82341,0,0,0,0,0,0,0,0,0,0,0,0
0,0,0,0,0,0,0,0,0.88047,1.0107,-0.46753,-1,0.99829,0.88365,-0.16099,1,0,0,0.98826,999,999,999,0.50542,0.24882,1.1705,0.55736,0.13997,0.88365,9999,0,1,0,24.219,0.24882,0,0,0,0,0,0,0,0,1,0.79939,0.84776,-0.84386,0,0,0,0,0,10,0.13997,0.88365,9999,1,0,24.219,0.24882,0.79939,0.84776,-0.84386,3,0.0087298,0.88047,-1,0.5839,0.074494,-1,-0.037573,-0.00019046,0,0,0,0,0,0,0,1
0,0,0,0,0,0,0,0,0.3925,0.5109,0.47651,1,0.83407,1.8296e-06,-4.8656e-07,0,0,0,0.38606,999,999,999,0.81449,0.26286,0.195,0.41085,0.11449,4.8656e-07,9999,1,-1,1044.9,5.127,0.195,0,0,0,0,0,0,0,0,1,999,999,999,0,0,0,0,0,0,0,0,0,0,0,0,0,0,0,0,0,0,0,0,0,0.51887,1,0.83407,0.35298,0,0,0,0,0,0,0,0
0,0,0,0,0,0,0,0,0.54076,0.98539,0.40024,-1,0.98593,-0.00065016,4.3091e-07,2,0,0,0.68479,999,999,999,0.59159,0.8555,0.16689,0.934,0.14987,3.4219e-07,9999,0,-1,1425.8,12.402,0.099788,0,0,0,0,0,0,0,0,1,999,999,999,0,0,0,0,0,0,0,0,0,0,0,0,0,0,0,0,0,0.025236,0.58576,1,0.60082,0.72546,1,0.98593,0.73005,0,0,0,0,0,0,0,1
0.37308,0.96562,-0.62399,-1,0,0,0,0,0.41571,0.09877,0.4503,1,-0.22544,-0.080391,0.037443,0,0,0,1.1492,999,999,999,0.91233,0.57707,1.3705,0,0,0,0,0,0,0,0,0,0,0,0,0,0,0,0,0,0,0,0,0,0,0,0,0,0,0,0,0,0,0,0,0,0,0,0,0,0,0.0058341,0.95454,1,0.87695,0,0,0,0,0.37308,0.96562,-0.62399,-1,1,0.0043696,0.66975,1
0.79163,0.43542,-0.75087,-1,0,0,0,0,0.23516,0.84275,-0.33343,-1,-0.00089774,-5.6499e-07,4.8245e-07,0,1,0.49551,0.84027,999,999,999,0.87313,0.22499,0.19316,0.81134,0.24913,4.8245e-07,9999,0,1,673.83,3.5645,0.19316,0,0,0,0,0,0,0,0,1,999,999,999,0,0,0,0,0,0,0,0,0,0,0,0,0,0,0,0,0,0.0098089,0.79163,-1,0.82355,0.37922,-1,-0.00089774,-0.00089635,0.79163,0.43542,-0.75087,-1,1,0.0098089,0.82355,0
0,0,0,0,1.6306,0.91656,-0.27137,-1,0.33079,1.8671,-0.4323,-1,-0.1349,0.00024324,-1.8335e-06,1,0,0,1.7275,999,999,999,1.838,0.56844,0.37597,0.079923,0.17251,6.6785e-07,9999,1,1,512.7,3.2227,0.25403,0,0,0,0,0,0,0,0,1,999,999,999,0,0,0,0,0,0,0,0,0,0,0,0,0,0,0,0,0,0.01006,1.6306,-1,0.99214,0.028344,-1,-0.1349,-0.0071732,0,0,0,0,0,0,0,0
0,0,0,0,0,0,0,0,1.7811,0,-0.87583,-1,-0.12566,4.3986e-07,0,0,0,0,0.86996,999,999,999,1.1654,0.17193,0,0.401,0.24717,4.3986e-07,9999,1,1,664.06,4.2969,0.17193,0,0,0,0,0,0,0,0,1,999,999,999,0,0,0,0,0,0,0,0,0,0,0,0,0,0,0,0,0,0.023452,1.7811,-1,0.99403,0.49566,-1,-0.12566,-9.7942e-05,0,0,0,0,0,0,0,0
0,0,0,0,0,0,0,0,1.0384,0.27947,-0.13457,1,0.98061,-0.00060836,0.00040072,0,0,0,0.98091,999,999,999,0.82284,0.35347,0.50673,0.1498,0.17391,8.7166e-07,9999,1,-1,439.45,3.4668,0.29322,0,0,0,0,0,0,0,0,1,0.74026,0.45517,-0.87076,0,0,0,0,0,10,0.17391,8.7166e-07,9999,-1,439.45,3.4668,0.29322,0.74026,0.45517,-0.87076,-0,0.023977,1.0384,1,0.85835,0.042799,1,0.98061,0.008942,0,0,0,0,0,0,0,1
0,0,0,0,0,0,0,0,0.90268,0.94749,-0.029923,1,0.0025013,-0.00060813,-7.3912e-05,3,1,0.49578,1.1834,0.56757,-0.84478,-0.80636,1.2279,0.50487,0.70431,0.6769,0.1451,5.6895e-07,9999,0,1,439.45,4.0039,0.22629,0,0,0,0,0,0,0,0,1,999,999,999,0,0,0,0,0,0,0,0,0,0,0,0,0,0,0,0,0,0.0045246,0.90268,1,0.99341,0.84818,-1,-4.8662e-06,-0.26778,0,0,0,0,0,0,0,1
0,0,0,0,0,0,0,0,0.40106,1.2022,-0.66093,-1,-0.0098939,-0.0009997,7.3115e-07,2,0,0,0.47648,999,999,999,0.60647,0.61123,0.26819,0.95573,0.17037,7.3115e-07,9999,1,1,473.63,3.8086,0.26819,0,0,0,0,0,0,0,0,1,999,999,999,0,0,0,0,0,0,0,0,0,0,0,0,0,0,0,0,0,0,0,0,0,0.91602,-1,-0.0098939,-0.7259,0,0,0,0,0,0,0,0
0,0,0,0,0,0,0,0,0.44347,0.35413,0.68403,-1,0.00014634,5.6557e-05,5.4119e-05,1,0,0,0.86757,999,999,999,0.82122,0.6165,0.6079,0.28527,0.13852,3.5758e-07,9999,0,-1,1171.9,9.2773,0.1144,0,0,0,0,0,0,0,0,1,0.64081,0.92075,-0.52898,0,0,0,0,0,10,0.13852,3.5758e-07,9999,-1,1171.9,9.2773,0.1144,0.64081,0.92075,-0.52898,-5,0.00025879,0.64081,1,0.92075,0.25158,1,5.4119e-05,0.14579,0,0,0,0,0,0,0,0
0,0,0,0,0,0,0,0,0.31945,0.20285,0.071595,1,-4.5473e-05,9.3533e-06,8.6109e-06,1,0,0,0.66194,999,999,999,0.56573,0.38887,0.38198,0.37971,0.13509,1.2686e-06,9999,0,1,1425.8,3.7109,0.053942,0,0,0,0,0,0,0,0,1,999,999,999,0,0,0,0,0,0,0,0,0,0,0,0,0,0,0,0,0,0.0094662,0.50405,-1,0.97816,0.19545,-1,-4.5473e-05,-0.19267,0,0,0,0,0,0,0,0
0,0,0,0,0,0,0,0,0.59539,0.65367,0.89529,1,-0.33443,0.3154,-0.00028727,0,0,0,1.1251,-0.7928,-0.84165,-0.13844,0.798,0.80307,0.96265,0.69333,0.12004,5.0059e-07,9999,1,1,849.61,5.7617,0.20106,0,0,0,0,0,0,0,0,1,0.7928,0.84165,-0.75853,0,0,0,0,0,10,0.12004,5.0059e-07,9999,1,849.61,5.7617,0.20106,0.7928,0.84165,-0.75853,6,0.0073329,0.7928,-1,0.84165,0.27718,-1,-0.33443,-0.49181,0,0,0,0,0,0,0,1
0,0,0,0,0,0,0,0,0.8147,0.46469,0.20506,1,0.9663,-0.0089111,1.7856e-05,1,0,0,1.313,999,999,999,0.91102,1.3611,0.44815,0.54437,0.088183,1.3951e-06,9999,0,-1,0,5.6641,0.16125,0,0,0,0,0,0,0,0,1,0.8147,0.93001,-0.7865,0,0,0,0,0,10,0.088183,1.3951e-06,9999,-1,0,5.6641,0.16125,0.8147,0.93001,-0.7865,-4,0.012485,0.97158,-1,0.71031,-0.7865,1,0.9663,0.60696,0,0,0,0,0,0,0,1
0,0,0,0,1.6774,0,0.12196,-1,0.23789,0.26142,-0.86458,1,-0.046731,5.9248e-06,0,0,0,0,1.705,999,999,999,1.9852,0.352,0,0.71604,0.23789,5.9248e-06,9999,1,1,488.28,4.0039,0.352,0,0,0,0,0,0,0,0,1,1.6774,0.97163,-0.5411,0,0,0,0,0,10,0.23789,5.9248e-06,9999,1,488.28,4.0039,0.352,1.6774,0.97163,-0.5411,5,0.0099417,1.6774,-1,0.97163,-0.5411,-1,-0.046731,-0.0006846,0,0,0,0,0,0,0,0
0,0,0,0,0,0,0,0,2.1327,0.24511,-0.73459,1,0.045558,-1.0719e-06,-7.0799e-07,0,0,0,1.3719,999,999,999,1.5251,0.31936,0.26327,0.97696,0.19345,1.0719e-06,9999,1,-1,424.8,3.8574,0.31936,0,0,0,0,0,0,0,0,1,2.1327,0.95951,-0.99491,0,0,0,0,0,10,0.19345,1.0719e-06,9999,-1,424.8,3.8574,0.31936,2.1327,0.95951,-0.99491,-2,0.0028958,2.1327,1,0.95951,-0.99491,1,0.045558,0.68893,0,0,0,0,0,0,0,1
0,0,0,0,0,0,0,0,1.3082,0.37044,-0.67829,1,0.038432,-0.0026418,0.00016913,0,0,0,1.1579,1.3082,-0.83205,-0.8111,0.81454,1.2246,0.82664,0.98958,0.18427,3.442e-07,9999,1,1,1660.2,14.453,0.1018,0,0,0,0,0,0,0,0,1,0.99916,0.50883,-0.50295,0,0,0,0,0,10,0.18427,3.442e-07,9999,1,1660.2,14.453,0.1018,0.99916,0.50883,-0.50295,5,0.0081108,1.3082,1,0.83205,-0.50295,-1,-0.0026418,-0.80561,0,0,0,0,0,0,0,1
0,0,0,0,0,0,0,0,0.98351,0.69655,-0.7187,-1,0.013547,-0.0014181,0.00031731,4,2,0.50303,0.97937,999,999,999,1.1913,0.43598,0.48494,0.81294,0.091593,1.4904e-06,9999,1,1,0,3.5156,0.1758,0,1,0,0,0,0,0,0,1,1.0935,0.76206,-0.39075,0,0,0,0,0,10,0.091593,1.4904e-06,9999,1,0,3.5156,0.1758,1.0935,0.76206,-0.39075,0,0.0046492,1.0935,-1,0.76206,0.95804,-1,-0.0014181,-0.00078989,0,0,0,0,0,0,0,0
0,0,0,0,0,0,0,0,1.2664,1.1074,-0.35039,-1,-0.62917,-0.080943,-0.025333,3,0,0,1.7072,-1.2204,-0.98096,-0.85945,1.5696,1.0125,1.4625,0.90602,0.1066,1.2209e-06,9999,0,1,0,19.336,0.075242,0,0,0,0,0,0,0,0,1,1.2664,0.93682,-0.78498,0,0,0,0,0,10,0.1066,1.2209e-06,9999,1,0,19.336,0.075242,1.2664,0.93682,-0.78498,2,0.0040544,1.2664,-1,0.93682,-0.78498,-1,-0.62917,-0.75902,0,0,0,0,0,0,0,0
0,0,0,0,0,0,0,0,1.1949,0.3609,-0.093679,1,0.021333,-0.014051,-0.0001052,1,0,0,1.4858,999,999,999,1.3472,0.81439,0.80039,0.4537,0.11024,3.9022e-07,9999,1,1,859.38,9.9609,0.14065,0,0,0,0,0,0,0,0,1,0.94132,0.75666,-0.029335,0,0,0,0,0,10,0.11024,3.9022e-07,9999,1,859.38,9.9609,0.14065,0.94132,0.75666,-0.029335,6,0.022569,1.1949,1,0.94317,0.37056,-1,-0.014051,-0.39958,0,0,0,0,0,0,0,1
0,0,0,0,0,0,0,0,1.2838,0,-0.9985,1,0.94546,0,0,0,0,0,1.2009,999,999,999,1.2336,0,0,0,0,0,0,0,0,0,0,0,0,0,0,0,0,0,0,0,0,0,0,0,0,0,0,0,0,0,0,0,0,0,0,0,0,0,0,0,0,0.0015002,1.2838,1,0.99854,0,0,0,0,0,0,0,0,0,0,0,1
0,0,0,0,0,0,0,0,0.64135,0.43606,-0.22291,1,0.98707,-0.00052777,-9.1396e-05,1,1,0.49906,1.2085,999,999,999,0.64311,0.79994,0.81304,0.76482,0.16592,3.4393e-07,9999,1,1,1210.9,14.453,0.10153,0,0,0,0,0,0,0,0,1,0.59599,0.9512,-0.72823,0,0,0,0,0,10,0.16592,3.4393e-07,9999,1,1210.9,14.453,0.10153,0.59599,0.9512,-0.72823,4,0.0031719,1.0101,-1,0.84315,0.4961,-1,-0.00052777,-0.20914,0,0,0,0,0,0,0,1
0,0,0,0,0,0,0,0,0.71134,1.9928,-0.91059,-1,0.99776,-0.9977,0.0010458,0,0,0,0.79069,0.53105,0.90529,-0.97062,0.52669,0.45423,0.83526,0,0,0,0,0,0,0,0,0,0,0,0,0,0,0,0,0,0,0,0,0,0,0,0,0,0,0,0,0,0,0,0,0,0,0,0,0,0,0.00077522,0.71134,-1,0.8412,0,0,0,0,0,0,0,0,0,0,0,1
0.91474,0.83684,-0.36477,-1,0,0,0,0,0.64202,1.0177,-0.48456,-1,-0.32035,0.11017,-0.10641,0,0,0,1.1729,-0.91474,-0.91411,-0.62685,1.0327,1.0039,0.97535,0,0,0,0,0,0,0,0,0,0,0,0,0,0,0,0,0,0,0,0,0,0,0,0,0,0,0,0,0,0,0,0,0,0,0,0,0,0,0.010269,0.91474,-1,0.91411,0,0,0,0,0.91474,0.83684,-0.36477,-1,1,0.010269,0.91411,1
0,0,0,0,0,0,0,0,1.2808,0.25771,0.0018727,-1,-0.1317,0.00016076,-6.684e-05,1,0,0,1.2951,-0.54295,-0.59558,-0.36254,1.8858,0.78504,0.56823,0.81096,0.11561,1.2139e-06,9999,1,1,0,19.336,0.081598,0,0,0,0,0,0,0,0,1,1.2808,0.88431,-0.98646,0,0,0,0,0,10,0.11561,1.2139e-06,9999,1,0,19.336,0.081598,1.2808,0.88431,-0.98646,4,0.011444,1.2808,-1,0.88431,-0.98646,-1,-0.1317,-0.62987,0,0,0,0,0,0,0,1
0,0,0,0,0,0,0,0,0.43171,0.36905,0.0094796,-1,-2.6434e-05,-1.9983e-05,3.3463e-06,2,0,0,0.66949,999,999,999,0.49172,0.45985,0.30843,0.89943,0.15118,3.7522e-07,9999,0,-1,1162.1,8.0078,0.12928,0,0,0,0,0,0,0,0,1,999,999,999,0,0,0,0,0,0,0,0,0,0,0,0,0,0,0,0,0,0,0,0,0,0.99736,1,3.3463e-06,0.62555,0,0,0,0,0,0,0,0
0,0,0,0,0.76288,0.53848,-0.48478,1,1.0765,0.21341,-0.58169,-1,0.2719,-0.094059,3.8973e-05,3,0,0,1.0908,999,999,999,1.2385,1.0367,0.5456,0.60455,0.14733,6.7722e-07,9999,0,-1,493.16,4.4922,0.25627,0,0,0,0,0,0,0,0,1,999,999,999,0,0,0,0,0,0,0,0,0,0,0,0,0,0,0,0,0,3.5504e-05,1.0765,-1,0.92183,0.97346,1,0.2719,0.18821,0,0,0,0,0,0,0,1
0,0,0,0,0,0,0,0,1.6864,0.13073,-0.78638,-1,-0.038369,3.9173e-05,-2.209e-05,1,0,0,1.622,999,999,999,2.3424,0.54486,0.44988,0.96951,0.16531,4.1078e-07,9999,1,1,644.53,7.7148,0.15465,0,0,0,0,0,0,0,0,1,1.6864,0.97067,-0.94414,0,0,0,0,0,10,0.16531,4.1078e-07,9999,1,644.53,7.7148,0.15465,1.6864,0.97067,-0.94414,2,0.016199,1.6864,-1,0.97067,0.60777,-1,-2.209e-05,-0.79633,0,0,0,0,0,0,0,0
0,0,0,0,0,0,0,0,0.62801,1.1649,-0.40898,-1,-0.031465,5.2246e-05,9.3067e-06,0,0,0,0.70468,999,999,999,0.98356,0.59996,0.50186,0.61054,0.12145,1.2107e-06,9999,1,-1,0,26.562,0.086397,0,0,0,0,0,0,0,0,1,999,999,999,0,0,0,0,0,0,0,0,0,0,0,0,0,0,0,0,0,0.0069627,0.62801,-1,0.71476,0.50327,1,5.2246e-05,0.40378,0,0,0,0,0,0,0,1
1.0169,0.24699,-0.70711,-1,0,0,0,0,0.20378,0,0.49437,1,0.93656,-0.0056429,-3.3496e-05,3,0,0,1.2564,999,999,999,0.40249,1.2956,0.52296,0.61942,0.20378,1.1857e-06,9999,1,1,454.1,3.5156,0.33109,0,0,0,0,0,0,0,0,1,1.0169,0.66405,-0.14699,0,0,0,0,0,10,0.20378,1.1857e-06,9999,1,454.1,3.5156,0.33109,1.0169,0.66405,-0.14699,5,0.0088543,1.0169,-1,0.66405,0.25204,-1,-2.1371e-05,-0.006053,0,0,0,0,0,0,0,0
0,0,0,0,0,0,0,0,0.24606,0.57817,0.62012,1,0.99999,-0.00013917,0,0,0,0,0.28259,999,999,999,0.21116,0.66745,0,0.62893,0.24606,0.99999,9999,1,1,3164.1,26.953,0.21116,0,0,0,0,0,0,0,0,1,999,999,999,0,0,0,0,0,0,0,0,0,0,0,0,0,0,0,0,0,0,0,0,0,-0.22303,-1,-0.00013917,-3.1614e-06,0,0,0,0,0,0,0,1
0,0,0,0,0,0,0,0,0.87197,1.0708,0.99184,-1,-0.99313,-0.010632,-6.14e-05,1,0,0,1.1128,-0.87197,0.86158,-0.94749,0.44346,1.2854,0.63046,0,0,0,0,0,0,0,0,0,0,0,0,0,0,0,0,0,0,0,0,0,0,0,0,0,0,0,0,0,0,0,0,0,0,0,0,0,0,0.014948,0.87197,-1,0.86158,0,0,0,0,0,0,0,0,0,0,0,0
0,0,0,0,0,0,0,0,0.57239,0.58923,-0.47296,-1,0.99904,-0.43751,6.2402e-05,2,1,0.49401,0.96669,0.6367,-0.88278,-0.74014,0.46464,0.65633,0.64569,0,0,0,0,0,0,0,0,0,0,0,0,0,0,0,0,0,0,0,0,0,0,0,0,0,0,0,0,0,0,0,0,0,0,0,0,0,0,0.031157,0.6367,1,0.88278,0,0,0,0,0,0,0,0,0,0,0,1
1.1456,1.05,-0.99148,-1,0,0,0,0,0.31819,0.58422,0.70382,1,-0.00029763,-6.153e-05,1.795e-05,0,0,0,0.92835,999,999,999,0.7712,0.64089,0.43512,0.34636,0.062078,1.2342e-06,9999,1,1,0,12.207,0.11841,0,0,0,0,0,0,0,0,1,999,999,999,0,0,0,0,0,0,0,0,0,0,0,0,0,0,0,0,0,0.0096602,1.1456,-1,0.95538,0.78151,-1,-6.153e-05,-0.64546,0,0,0,0,0,0,0,0
0,0,0,0,0.97377,0,0.054392,1,1.23,0,-0.7581,1,-0.95739,0.94929,0.15731,0,0,0,1.6284,999,999,999,1.5182,1.6084,1.3911,0,0,0,0,0,0,0,0,0,0,0,0,0,0,0,0,0,0,0,0,0,0,0,0,0,0,0,0,0,0,0,0,0,0,0,0,0,0,0.0016132,1.23,1,0.99681,0,0,0,0,0,0,0,0,0,0,0,1
0,0,0,0,0,0,0,0,1.52,0.51034,-0.89226,1,0.99957,0.34535,0.034288,3,0,0,1.5999,1.52,0.99748,-0.57097,0.41628,2.1759,1.255,0.55712,0.10157,3.5345e-07,9999,0,-1,1699.2,11.621,0.11064,0,0,0,0,0,0,0,0,1,999,999,999,0,0,0,0,0,0,0,0,0,0,0,0,0,0,0,0,0,0.0069342,1.52,1,0.99748,0.57538,1,0.34535,0.52217,0,0,0,0,0,0,0,1
0,0,0,0,0,0,0,0,0.70675,0.6117,-0.52792,-1,-0.0091302,0.00045773,0,0,0,0,0.85683,999,999,999,0.85891,0.61664,0,0,0,0,0,0,0,0,0,0,0,0,0,0,0,0,0,0,0,0,0,0,0,0,0,0,0,0,0,0,0,0,0,0,0,0,0,0,0,0.0075559,0.70675,-1,0.98873,0,0,0,0,0,0,0,0,0,0,0,1
0,0,0,0,0,0,0,0,0.69556,1.4821,-0.17806,1,-0.99095,0.14935,5.7364e-05,1,1,0.49798,1.143,999,999,999,0.64694,0.69071,0.59708,0.44566,0.13147,3.8018e-07,9999,1,-1,1757.8,17.578,0.13316,0,0,0,0,0,0,0,0,1,999,999,999,0,0,0,0,0,0,0,0,0,0,0,0,0,0,0,0,0,0.013699,0.69556,1,0.75853,0.92002,1,0.14935,0.23536,0,0,0,0,0,0,0,0
0,0,0,0,0,0,0,0,1.0427,1.0853,-0.20652,-1,-0.96267,0.95163,0.088777,2,0,0,1.2075,-1.0427,-0.98835,-0.64883,0.69793,0.77858,1.3755,0,0,0,0,0,0,0,0,0,0,0,0,0,0,0,0,0,0,0,0,0,0,0,0,0,0,0,0,0,0,0,0,0,0,0,0,0,0,0.039547,1.0427,-1,0.98835,0,0,0,0,0,0,0,0,0,0,0,0
0,0,0,0,0,0,0,0,0.86448,0.24646,0.48449,1,0.27681,-0.16536,6.4286e-07,0,0,0,0.79847,999,999,999,1.3521,0.7888,0.24776,0.87019,0.1508,6.4286e-07,9999,1,1,590.82,4.2969,0.24776,0,0,0,0,0,0,0,0,1,1.2408,0.93196,-0.67426,0,0,0,0,0,10,0.18687,4.814e-07,9999,-1,654.3,5.4199,0.19268,0.86448,0.91432,-0.79999,-0,0.010543,1.2408,-1,0.93196,-0.67426,-1,-0.16536,-0.55047,0,0,0,0,0,0,0,0
0,0,0,0,0,0,0,0,0.94127,0.49176,-0.31634,1,0.96999,-0.55584,0.14605,0,0,0,1.2236,0.5623,0.62218,-0.18167,1.4773,0.6468,0.59563,0,0,0,0,0,0,0,0,0,0,0,0,0,0,0,0,0,0,0,0,0,0,0,0,0,0,0,0,0,0,0,0,0,0,0,0,0,0,0.022451,0.94127,1,0.54904,0,0,0,0,0,0,0,0,0,0,0,1
0,0,0,0,0,0,0,0,1.2146,0.71227,-0.77997,-1,-0.00059811,4.8584e-05,-2.8918e-06,0,0,0,1.0945,999,999,999,0.91809,0.58555,0.29747,0,0,0,0,0,0,0,0,0,0,0,0,0,0,0,0,0,0,0,0,0,0,0,0,0,0,0,0,0,0,0,0,0,0,0,0,0,0,0.00068615,1.2146,-1,0.69151,0,0,0,0,0,0,0,0,0,0,0,1
0,0,0,0,0,0,0,0,1.0005,0.58179,-0.683,-1,-0.019758,1.2376e-06,0,1,0,0,0.83245,999,999,999,1.4802,0.12005,0,0.22522,0.075085,1.2376e-06,9999,0,1,0,8.5938,0.12005,0,0,0,0,0,0,0,0,1,999,999,999,0,0,0,0,0,0,0,0,0,0,0,0,0,0,0,0,0,0.004309,1.0005,-1,0.65334,0.83164,-1,-0.019758,-0.56269,0,0,0,0,0,0,0,0
0,0,0,0,0,0,0,0,1.1862,1.7243,0.34954,1,0.043513,0.00016005,-2.6381e-05,1,0,0,1.345,999,999,999,1.675,0.84208,0.49147,0.87764,0.069188,3.61e-07,9999,0,1,683.59,3.4668,0.11743,0,0,0,0,0,0,0,0,1,999,999,999,0,0,0,0,0,0,0,0,0,0,0,0,0,0,0,0,0,0.0064703,1.1862,1,0.98141,0.067178,-1,-2.6381e-05,-0.76642,0,0,0,0,0,0,0,1
0,0,0,0,0,0,0,0,1.2167,0.49988,-0.12276,1,0.9444,-4.8652e-05,-1.5117e-06,0,0,0,1.3287,999,999,999,1.2277,0.58552,0.17862,0.8879,0.10517,1.5117e-06,9999,1,-1,0,5.127,0.17862,1,0,-1.4914,-0.17728,-3.6685,0.2389,0.051482,0.70247,1,1.2167,0.8694,-0.60481,0,0,0,0,0,10,0.10517,1.5117e-06,9999,-1,0,5.127,0.17862,1.2167,0.8694,-0.60481,-2,0.019871,1.2167,1,0.8694,-0.60481,1,0.9444,0.73808,0,0,0,0,0,0,0,1
1.8785,0,-0.38226,1,0,0,0,0,1.1914,1.0091,-0.090542,-1,-0.066995,6.7347e-05,-6.0982e-05,0,0,0,2.2615,999,999,999,1.2712,2.4516,0.6392,0,0,0,0,0,0,0,0,0,0,0,0,0,0,0,0,0,0,0,0,0,0,0,0,0,0,0,0,0,0,0,0,0,0,0,0,0,0,0.00092345,1.8785,1,0.99387,0,0,0,0,0,0,0,0,0,0,0,1
0,0,0,0,0,0,0,0,0.93788,1.4506,-0.29673,1,-0.93685,0.010629,8.2988e-05,1,1,0.49318,1.2119,999,999,999,0.47682,1.1932,0.75001,0.95812,0.095028,3.9498e-07,9999,0,1,878.91,9.082,0.14404,0,0,0,0,0,0,0,0,1,999,999,999,0,0,0,0,0,10,0.22017,1.6382e-06,9999,-1,410.16,3.5645,0.36513,0.93788,0.95118,-0.33621,-0,0.0050996,0.93788,1,0.95118,-0.97547,-1,-0.93685,-0.84029,0,0,0,0,0,0,0,0
0,0,0,0,0,0,0,0,0.39734,0.91377,0.77786,-1,-0.99882,0.00071276,-5.4939e-06,0,0,0,0.64172,999,999,999,0.47862,0.57952,0.34613,0.77708,0.18878,1.2313e-06,9999,1,1,0,13.672,0.11688,0,0,0,0,0,0,0,0,1,999,999,999,0,0,0,0,0,0,0,0,0,0,0,0,0,0,0,0,0,0,0,0,0,0.16528,-1,-0.99882,-0.075578,0,0,0,0,0,0,0,0
0,0,0,0,0,0,0,0,0.83297,0.62687,0.20256,1,-0.99771,0.30148,0.00024458,1,0,0,0.83572,999,999,999,0.5236,1.3371,0.71144,0,0,0,0,0,0,0,0,0,0,0,0,0,0,0,0,0,0,0,0,0,0,0,0,0,0,0,0,0,0,0,0,0,0,0,0,0,0,0.022565,0.65757,-1,0.41212,0,0,0,0,0,0,0,0,0,0,0,0
0,0,0,0,1.4889,0.42554,0.10579,1,0.79773,0.78239,-0.07575,-1,0.066341,-0.0028711,-6.3158e-05,0,0,0,1.7636,999,999,999,1.5632,0.97596,0.64913,0.51867,0.15599,1.7335e-06,9999,1,1,0,3.9062,0.20221,0,0,0,0,0,0,0,0,1,0.79773,0.9138,-0.68594,0,0,0,0,0,10,0.15599,1.7335e-06,9999,1,0,3.9062,0.20221,0.79773,0.9138,-0.68594,0,0.001287,1.4889,1,0.92525,-0.68594,-1,-0.0028711,-0.10007,0,0,0,0,0,0,0,1
0,0,0,0,0,0,0,0,1.4489,1.2477,-0.56717,-1,-0.95296,-0.04196,0.0084651,0,0,0,2.2803,-1.2981,-0.95889,-0.77991,1.6471,1.5372,1.0738,0.12109,0.13495,3.9617e-07,9999,1,1,742.19,9.9609,0.14488,0,0,0,0,0,0,0,0,1,0.90915,0.80498,-0.32306,0,0,0,0,0,10,0.13495,3.9617e-07,9999,1,742.19,9.9609,0.14488,0.90915,0.80498,-0.32306,0,0.0040058,1.4489,-1,0.86116,0.39854,-1,-0.95296,-0.12032,0,0,0,0,0,0,0,0
0.77475,0.69313,-0.001533,-1,0,0,0,0,0.38022,0.62524,0.69004,1,-0.99989,-0.0060745,-0.0033454,1,0,0,0.93929,-0.77475,-0.46778,-0.53405,0.3215,1.0053,0.95069,0,0,0,0,0,0,0,0,0,0,0,0,0,0,0,0,0,0,0,0,0,0,0,0,0,0,0,0,0,0,0,0,0,0,0,0,0,0,0.0055482,0.77475,-1,0.46778,0,0,0,0,0.77475,0.69313,-0.001533,-1,1,0.0055482,0.46778,1
0,0,0,0,1.722,0.32246,-0.999,-1,0.080926,0.16112,0.61399,1,-0.26284,-2.6232e-06,1.3772e-06,1,0,0,1.1167,999,999,999,1.2292,0.29015,0.15806,0.64532,0.080926,1.3772e-06,9999,1,1,0,5.7129,0.15806,0,0,0,0,0,0,0,0,1,1.722,0.981,-0.59647,0,0,0,0,0,10,0.080926,1.3772e-06,9999,1,0,5.7129,0.15806,1.722,0.981,-0.59647,2,0.0072948,1.722,-1,0.981,-0.59647,-1,-0.26284,-0.69217,0,0,0,0,0,0,0,0
0.81835,0.64639,-0.7054,1,0,0,0,0,0.7525,0.64639,-0.94593,-1,0.98186,0.10039,-0.00021208,0,0,0,1.269,0.81835,0.73884,-0.0017812,0.65031,1.1466,0.96798,0,0,0,0,0,0,0,0,0,0,0,0,0,0,0,0,0,0,0,0,0,0,0,0,0,0,0,0,0,0,0,0,0,0,0,0,0,0,0.013202,0.81835,1,0.73884,0,0,0,0,0.81835,0.64639,-0.7054,1,1,0.013202,0.73884,1
0.80039,0.55841,0.6114,1,0,0,0,0,0.29274,0.80039,-0.89021,-1,-0.42901,0.0016542,-0.00011841,3,1,0.49426,0.88371,-0.54068,-0.4194,-0.27391,0.4969,0.67885,0.68844,0,0,0,0,0,0,0,0,0,0,0,0,0,0,0,0,0,0,0,0,0,0,0,0,0,0,0,0,0,0,0,0,0,0,0,0,0,0,0.016016,0.80039,1,0.85368,0,0,0,0,0.80039,0.55841,0.6114,1,1,0.016016,0.85368,0
0,0,0,0,0,0,0,0,0.85642,0.80282,-0.41756,1,0.016084,0.00064116,-0.00064045,2,0,0,1.2887,0.85642,0.94446,-0.38134,0.98734,0.98879,0.70234,0.98903,0.088001,3.9943e-07,9999,1,-1,800.78,5.4688,0.14713,0,0,0,0,0,0,0,0,1,0.64714,0.45438,-0.32086,0,0,0,0,0,10,0.12599,1.2725e-06,9999,1,0,3.8086,0.052747,0.52551,0.94808,-0.46881,21,0.069193,0.85642,1,0.94446,-0.32086,1,0.016084,0.88524,0,0,0,0,0,0,0,1
0,0,0,0,0,0,0,0,0.73043,1.4003,-0.86487,-1,-0.99463,0.00019834,0.00014866,1,1,0.49895,1.295,999,999,999,0.60301,0.77373,0.88347,0.6722,0.203,1.3361e-06,9999,1,-1,561.52,3.8086,0.34423,0,0,0,0,0,0,0,0,1,0.87479,0.96894,-0.67532,0,0,0,0,0,10,0.203,1.3361e-06,9999,-1,561.52,3.8086,0.34423,0.87479,0.96894,-0.67532,-4,0.011928,0.87479,1,0.96894,0.44704,1,0.00019834,0.0095512,0,0,0,0,0,0,0,0
0,0,0,0,0,0,0,0,0.28348,0.46253,-0.3842,1,-0.99792,4.9698e-05,1.3121e-05,4,1,0.49588,0.64443,999,999,999,0.51668,0.57784,0.4185,0.44893,0.24084,4.7765e-07,9999,0,-1,576.17,6.3477,0.19097,0,1,0,0,0,0,0,0,1,999,999,999,0,0,0,0,0,0,0,0,0,0,0,0,0,0,0,0,0,0,0,0,0,0.76455,1,1.2093e-06,0.00015242,0,0,0,0,0,0,0,1
0,0,0,0,0,0,0,0,1.8627,0.50538,-0.8049,-1,-0.95392,-0.36832,0.10811,1,0,0,2.5259,-1.8627,-0.96012,-0.48698,1.2343,2.1275,1.7285,0,0,0,0,0,0,0,0,0,0,0,0,0,0,0,0,0,0,0,0,0,0,0,0,0,0,0,0,0,0,0,0,0,0,0,0,0,0,0.0011239,1.8627,-1,0.96012,0,0,0,0,0,0,0,0,0,0,0,0
0,0,0,0,1.651,0.17374,-0.9667,1,0.59016,0,0.64073,1,0.96465,0.0022303,-4.5047e-06,0,0,0,1.748,1.651,-0.98969,-0.80065,0.92406,1.9263,0.33089,0.12347,0.10347,4.2619e-07,9999,1,1,571.29,6.2012,0.16414,0,0,0,0,0,0,0,0,1,999,999,999,0,0,0,0,0,0,0,0,0,0,0,0,0,0,0,0,0,0.0081459,1.651,1,0.98969,-0.45975,-1,-4.5047e-06,-0.38038,0,0,0,0,0,0,0,1
0,0,0,0,0,0,0,0,0.69962,0.87669,-0.030352,-1,-6.3231e-05,-5.7276e-06,1.3409e-06,0,0,0,0.70692,999,999,999,0.64811,0.34936,0.15087,0.99786,0.12198,1.3409e-06,9999,1,1,0,6.6406,0.15087,0,0,0,0,0,0,0,0,1,0.69962,0.83522,-0.86383,0,0,0,0,0,10,0.12198,1.3409e-06,9999,1,0,6.6406,0.15087,0.69962,0.83522,-0.86383,2,0.019687,0.69962,-1,0.83522,-0.19182,-1,-5.7276e-06,-0.90457,0,0,0,0,0,0,0,0
0,0,0,0,0,0,0,0,1.5839,0.95461,-0.99096,-1,-0.90653,-0.00067024,8.228e-06,2,0,0,1.5726,-1.5839,0.92555,-0.72133,1.0695,2.2899,0.37823,0.94245,0.15066,3.7867e-07,9999,1,1,1084,6.543,0.13199,0,0,0,0,0,0,0,0,1,1.5839,0.92555,-0.99531,0,0,0,0,0,10,0.13272,1.2201e-06,9999,1,0,22.266,0.075844,1.5839,0.92555,-0.54369,0,0.0022888,1.5839,-1,0.92555,0.73645,-1,-0.90653,-0.75228,0,0,0,0,0,0,0,0
0,0,0,0,0,0,0,0,0.72733,0.12848,-0.97216,1,0.86799,1.2538e-05,-7.2928e-07,0,0,0,0.77293,999,999,999,1.0958,0.41437,0.2678,0.68679,0.17336,7.2928e-07,9999,1,-1,512.7,3.8086,0.2678,0,0,0,0,0,0,0,0,1,999,999,999,0,0,0,0,0,0,0,0,0,0,0,0,0,0,0,0,0,0.0015884,0.72733,1,0.94529,0.41503,1,0.86799,0.084128,0,0,0,0,0,0,0,1
0,0,0,0,0,0,0,0,1.3638,0.38431,-0.06641,1,-0.0046242,0.00021064,-9.3811e-05,2,0,0,1.4533,999,999,999,0.7941,1.9707,0.65793,0.33775,0.21438,1.2286e-06,9999,0,1,0,10.938,0.11533,0,0,0,0,0,0,0,0,1,999,999,999,0,0,0,0,0,0,0,0,0,0,0,0,0,0,0,0,0,0.0051838,1.3638,1,0.97796,0.75118,-1,-6.9877e-06,-0.00079963,0,0,0,0,0,0,0,1
0,0,0,0,0,0,0,0,1.2863,0.76285,-0.92184,-1,0.052635,-0.035111,-0.00026845,3,1,0.49762,1.529,999,999,999,1.2302,1.389,0.28645,0.88301,0.20978,1.5035e-06,9999,0,1,0,7.3242,0.17755,0,0,0,0,0,0,0,0,1,999,999,999,0,0,0,0,0,0,0,0,0,0,0,0,0,0,0,0,0,0.0041538,1.2863,-1,0.80087,0.99319,-1,-7.2256e-05,-0.00019942,0,0,0,0,0,0,0,1
0,0,0,0,0,0,0,0,0.78579,0.28965,0.91928,-1,-0.99853,0.10308,-0.0012754,3,1,0.49896,1.1043,-0.78579,-0.98387,-0.78108,0.4939,1.104,0.6262,0,0,0,0,0,0,0,0,0,0,0,0,0,0,0,0,0,0,0,0,0,0,0,0,0,0,0,0,0,0,0,0,0,0,0,0,0,0,0.014189,0.78579,-1,0.98387,0,0,0,0,0,0,0,0,0,0,0,0
0,0,0,0,0.68428,0.073462,-0.3827,-1,0.69464,0.10053,-0.47284,1,0.97939,-0.0048744,0,0,0,0,0.92582,999,999,999,0.75552,0.93727,0,0,0,0,0,0,0,0,0,0,0,0,0,0,0,0,0,0,0,0,0,0,0,0,0,0,0,0,0,0,0,0,0,0,0,0,0,0,0,0.00040922,0.68428,-1,0.89095,0,0,0,0,0,0,0,0,0,0,0,0
0,0,0,0,0,0,0,0,2.7364,1.0243,-0.98334,1,0.00074135,-0.00036587,0.00017959,0,0,0,3.2813,1.1479,0.58436,-0.40845,0.83106,2.1775,1.0416,0,0,0,0,0,0,0,0,0,0,0,0,0,0,0,0,0,0,0,0,0,0,0,0,0,0,0,0,0,0,0,0,0,0,0,0,0,0,0.0062163,2.7364,1,0.98056,0,0,0,0,0,0,0,0,0,0,0,1
0,0,0,0,0,0,0,0,0.29093,0.12489,0.073211,1,0.99809,-0.0011477,0,0,0,0,0.76472,999,999,999,0.3975,1.1516,0,0,0,0,0,0,0,0,0,0,0,0,0,0,0,0,0,0,0,0,0,0,0,0,0,0,0,0,0,0,0,0,0,0,0,0,0,0,0,0.0014912,0.81834,-1,0.71668,0,0,0,0,0,0,0,0,0,0,0,1
0,0,0,0,0,0,0,0,0.24143,2.282,-0.62179,1,0.00052792,0.00031623,4.9257e-05,2,0,0,0.94577,0.72635,-0.47588,-0.57506,0.29831,0.74552,0.58753,0.73482,0.1346,1.2154e-06,9999,0,-1,0,20.117,0.079997,0,0,0,0,0,0,0,0,1,999,999,999,0,0,0,0,0,0,0,0,0,0,0,0,0,0,0,0,0,0.0037849,0.72635,1,0.47588,0.80452,1,4.9257e-05,0.42748,0,0,0,0,0,0,0,0
0,0,0,0,0,0,0,0,1.2807,0.65927,-0.50889,-1,-0.013343,0.00022354,0,0,0,0,0.68852,999,999,999,0.78936,0.76,0,0,0,0,0,0,0,0,0,0,0,0,0,0,0,0,0,0,0,0,0,0,0,0,0,0,0,0,0,0,0,0,0,0,0,0,0,0,0,0.06007,1.2807,-1,0.77031,0,0,0,0,0,0,0,0,0,0,0,0
1.3477,0.25261,-0.11365,-1,0,0,0,0,0.72659,0.94399,-0.45025,-1,-0.94181,-0.069382,0.0021476,0,0,0,1.5501,-1.3477,-0.95972,-0.79433,1.0551,1.202,1.4289,0.69257,0.21055,2.5608e-06,9999,1,1,610.35,4.6875,0.28833,0,0,0,0,0,0,0,0,1,0.72659,0.93133,-0.61838,0,0,0,0,0,10,0.21055,2.5608e-06,9999,1,610.35,4.6875,0.28833,0.72659,0.93133,-0.61838,0,0.0077047,1.3477,-1,0.95972,-0.61838,-1,-0.94181,-0.0060954,0.94399,0.87843,-0.38789,1,2,0.026952,0.959,0
0,0,0,0,0,0,0,0,0.79641,1.1924,-0.85982,1,0.0014421,-0.0010166,0.00020016,2,1,0.50161,1.1578,999,999,999,0.86717,0.79046,0.23063,0.93838,0.05952,1.2275e-06,9999,1,1,0,10.645,0.11468,0,0,0,0,0,0,0,0,1,999,999,999,0,0,0,0,0,10,0.16704,0.00020016,9999,1,571.29,0,0.23063,0.62246,0.52207,-0.53242,9,0.0078799,0.79641,1,0.92542,0.94927,-1,-7.0685e-06,-0.75366,0,0,0,0,0,0,0,0
0,0,0,0,0,0,0,0,0.66787,0.93796,-0.96223,-1,-0.99874,-0.0016724,0.00058057,0,0,0,0.7254,-0.66787,-0.56468,-0.51614,0.48288,0.4637,0.5315,0,0,0,0,0,0,0,0,0,0,0,0,0,0,0,0,0,0,0,0,0,0,0,0,0,0,0,0,0,0,0,0,0,0,0,0,0,0,0.0077674,0.66787,-1,0.56468,0,0,0,0,0,0,0,0,0,0,0,0
0,0,0,0,0,0,0,0,0.56425,0.42769,0.78242,-1,-0.0003505,2.8421e-06,-5.5821e-07,0,0,0,0.61275,999,999,999,0.6798,0.29617,0.22273,0.28654,0.16553,5.5821e-07,9999,1,-1,566.41,4.9316,0.22273,0,0,0,0,0,0,0,0,1,999,999,999,0,0,0,0,0,0,0,0,0,0,0,0,0,0,0,0,0,0.025688,0.56425,-1,0.94028,-0.55264,1,2.8421e-06,0.03057,0,0,0,0,0,0,0,0
0,0,0,0,0,0,0,0,0.41601,0.48899,0.64703,1,-0.11753,-0.00017715,6.7706e-06,1,0,0,0.5046,999,999,999,1.0592,0.12893,0.47996,0.89846,0.20868,0.00017715,9999,0,-1,996.09,0,0.12893,0,0,0,0,0,0,0,0,1,999,999,999,0,0,0,0,0,0,0,0,0,0,0,0,0,0,0,0,0,0.065748,0.64269,-1,0.81292,0.53434,1,3.1889e-06,0.13148,0,0,0,0,0,0,0,0
0,0,0,0,0,0,0,0,0.49716,0.8,-0.99499,-1,-0.030175,8.6841e-06,-4.8525e-07,0,0,0,0.58194,999,999,999,0.67501,0.38268,0.19442,0.70754,0.14444,4.8525e-07,9999,1,-1,644.53,4.7363,0.19442,0,0,0,0,0,0,0,0,1,999,999,999,0,0,0,0,0,0,0,0,0,0,0,0,0,0,0,0,0,0,0,0,0,-0.97882,1,8.6841e-06,0.30954,0,0,0,0,0,0,0,1
0,0,0,0,0,0,0,0,0.13191,0.26166,-0.078904,-1,-4.7434e-06,1.2221e-06,-4.2394e-07,0,0,0,0.35118,999,999,999,0.33483,0.11116,0.16281,0.98671,0.13191,4.2394e-07,9999,0,-1,1914.1,5.2246,0.16281,0,0,0,0,0,0,0,0,1,999,999,999,0,0,0,0,0,0,0,0,0,0,0,0,0,0,0,0,0,0,0,0,0,-0.55176,1,1.2221e-06,0.88355,0,0,0,0,0,0,0,1
0,0,0,0,0,0,0,0,0.68337,0.54811,0.030483,1,0.78122,0.00017977,-5.0107e-07,0,0,0,0.8029,0.85811,-0.51355,-0.39727,0.83785,0.55358,0.20126,0.79176,0.14085,3.5058e-07,9999,1,1,1025.4,9.5703,0.10796,0,0,0,0,0,0,0,0,1,999,999,999,0,0,0,0,0,10,0.1489,5.0107e-07,9999,-1,600.59,4.7363,0.20126,0.68337,0.57021,-0.73086,-4,0.020696,0.85811,1,0.51355,-0.73086,1,0.78122,0.13116,0,0,0,0,0,0,0,1
0,0,0,0,0,0,0,0,0.54535,0.72519,-0.49721,1,0.40959,-1.8005e-05,1.7294e-05,2,0,0,0.71844,999,999,999,0.76971,0.44899,0.44492,0,0,0,0,0,0,0,0,0,0,0,0,0,0,0,0,0,0,0,0,0,0,0,0,0,0,0,0,0,0,0,0,0,0,0,0,0,0,0.018543,0.54535,1,0.94531,0,0,0,0,0,0,0,0,0,0,0,1
0,0,0,0,0,0,0,0,1.0312,0,-0.36698,-1,0.97094,0.056458,-0.03449,3,0,0,1.1069,0.81526,0.51802,-0.40621,0.29813,1.099,1.5951,0.87273,0.23863,4.8698e-07,9999,0,1,571.29,5.5176,0.19519,0,0,0,0,0,0,0,0,1,1.0312,0.83653,-0.47864,0,0,0,0,0,10,0.23863,4.8698e-07,9999,1,571.29,5.5176,0.19519,1.0312,0.83653,-0.47864,0,0.0012896,1.0312,-1,0.83653,0.91209,-1,-0.004719,-0.0078609,0,0,0,0,0,0,0,1
0,0,0,0,0,0,0,0,0.50304,0.9336,-0.81134,-1,-0.094414,-6.9343e-05,2.8691e-05,1,1,0.49905,0.661,999,999,999,1.4067,0.66853,0.48889,0,0,0,0,0,0,0,0,0,0,0,0,0,0,0,0,0,0,0,0,0,0,0,0,0,0,0,0,0,0,0,0,0,0,0,0,0,0,0.016094,0.50304,-1,0.45946,0,0,0,0,0,0,0,0,0,0,0,1
0,0,0,0,0,0,0,0,1.0387,0.34187,0.57521,1,0.96849,0.21034,-5.8309e-05,0,0,0,1.51,1.0387,-0.84281,-0.98257,1.494,0.94891,1.4434,0.28378,0.15195,4.5709e-07,9999,1,-1,600.59,3.7598,0.18103,0,0,0,0,0,0,0,0,1,1.0387,0.84281,-0.24988,0,0,0,0,0,10,0.15195,4.5709e-07,9999,-1,600.59,3.7598,0.18103,1.0387,0.84281,-0.24988,-5,0.010588,1.0387,1,0.84281,0.80108,1,0.96849,0.0043418,0,0,0,0,0,0,0,1
0,0,0,0,0,0,0,0,0.27548,0.71793,-0.50905,1,3.8674e-05,-2.5513e-05,2.1764e-05,1,1,0.50183,0.88841,999,999,999,0.54451,0.48649,0.46911,0,0,0,0,0,0,0,0,0,0,0,0,0,0,0,0,0,0,0,0,0,0,0,0,0,0,0,0,0,0,0,0,0,0,0,0,0,0,0.026514,0.7906,1,0.79687,0,0,0,0,0,0,0,0,0,0,0,0
0,0,0,0,0,0,0,0,0.74328,1.0045,0.96172,-1,-0.94085,0.057142,-0.00047986,0,0,0,1.1559,-0.56527,-0.9557,-0.49256,1.0054,0.94979,0.61208,0.9746,0.063554,1.2579e-06,9999,1,1,0,8.2031,0.12848,0,0,0,0,0,0,0,0,1,0.56527,0.9557,-0.8797,0,0,0,0,0,10,0.063554,1.2579e-06,9999,1,0,8.2031,0.12848,0.56527,0.9557,-0.8797,2,0.0052517,0.74328,-1,0.72311,0.8025,-1,-0.94085,-0.85773,0,0,0,0,0,0,0,0
0.53372,0.26094,-0.56263,-1,0,0,0,0,0.57257,0.16208,-0.64735,1,-0.25757,0.00098118,-1.1164e-05,1,0,0,0.70083,-0.53372,-0.70621,-0.88748,2.6281,0.69614,0.40405,0.18712,0.1554,2.9187e-06,9999,1,1,0,3.6133,0.26561,0,0,0,0,0,0,0,0,1,0.53372,0.70621,-0.0042371,0,0,0,0,0,10,0.1554,2.9187e-06,9999,1,0,3.6133,0.26561,0.53372,0.70621,-0.0042371,4,0.027613,0.53372,-1,0.70621,-0.0042371,-1,-1.1164e-05,-0.04252,0.53372,0.26094,-0.56263,-1,1,0.027613,0.70621,1
0,0,0,0,0,0,0,0,0.47774,1.7362,-0.94889,1,0.080014,-8.7401e-05,-4.0599e-05,0,0,0,1.2572,999,999,999,1.0761,0.78,0.5507,0.99983,0.20512,6.6376e-07,9999,0,1,537.11,4.4434,0.25303,0,0,0,0,0,0,0,0,1,999,999,999,0,0,0,0,0,0,0,0,0,0,0,0,0,0,0,0,0,0.024435,0.76164,-1,0.86159,0.87061,-1,-8.7401e-05,-0.73313,0,0,0,0,0,0,0,0
0,0,0,0,0,0,0,0,0.73385,0.97527,0.45638,-1,-0.95307,-4.0199e-05,4.2743e-07,1,0,0,0.76966,999,999,999,1.0512,0.55099,0.16487,0,0,0,0,0,0,0,0,0,0,0,0,0,0,0,0,0,0,0,0,0,0,0,0,0,0,0,0,0,0,0,0,0,0,0,0,0,0,0.012955,0.73385,-1,0.63965,0,0,0,0,0,0,0,0,0,0,0,0
0,0,0,0,0,0,0,0,0.70351,0.28413,-0.24535,-1,-0.67327,1.525e-06,-1.2124e-06,1,0,0,0.72969,999,999,999,0.73409,0.35799,0.083505,0.96692,0.22171,1.525e-06,9999,0,1,527.34,3.3203,0.35799,0,0,0,0,0,0,0,0,1,0.70351,0.7946,-0.66994,0,0,0,0,0,10,0.22171,1.525e-06,9999,1,527.34,3.3203,0.35799,0.70351,0.7946,-0.66994,0,0.0025515,0.70351,-1,0.7946,-0.66994,-1,-0.67327,-0.28652,0,0,0,0,0,0,0,0
0.47282,0.71684,-0.033632,1,0,0,0,0,0.582,0.21483,-0.50161,-1,-0.66436,-2.6692e-05,5.7838e-06,2,0,0,0.6703,-0.582,-0.88918,-0.36972,1.5812,0.49285,0.46864,0,0,0,0,0,0,0,0,0,0,0,0,0,0,0,0,0,0,0,0,0,0,0,0,0,0,0,0,0,0,0,0,0,0,0,0,0,0,0.0058835,0.582,-1,0.88918,0,0,0,0,0.47282,0.71684,-0.033632,1,1,0.018068,0.82559,0
0.67193,0,0.98758,-1,0,0,0,0,0.88839,0.67193,-0.93998,1,-0.00059374,-0.0001923,8.1357e-05,2,1,0.50019,1.3665,-0.74706,-0.9637,-0.96265,0.93751,0.75447,0.66127,0,0,0,0,0,0,0,0,0,0,0,0,0,0,0,0,0,0,0,0,0,0,0,0,0,0,0,0,0,0,0,0,0,0,0,0,0,0,0.0042624,0.88839,1,0.94352,0,0,0,0,0.67193,0,0.98758,-1,1,0.010046,0.99586,0
0,0,0,0,0,0,0,0,1.0567,0.28601,0.39646,1,0.97039,0.95478,-0.035698,0,0,0,1.877,999,999,999,1.291,0.75282,1.6651,0.44445,0.17304,6.944e-07,9999,1,-1,522.46,4.2969,0.26025,0,0,0,0,0,0,0,0,1,999,999,999,0,0,0,0,0,0,0,0,0,0,0,0,0,0,0,0,0,0.0064797,1.4881,-1,0.93983,0.73728,1,0.97039,0.030169,0,0,0,0,0,0,0,1
0.52276,1.1304,-0.028986,1,0,0,0,0,1.0717,0.65588,0.72515,-1,-0.25292,0.0006034,0,0,0,0,1.1854,999,999,999,1.2646,0.66439,0,0,0,0,0,0,0,0,0,0,0,0,0,0,0,0,0,0,0,0,0,0,0,0,0,0,0,0,0,0,0,0,0,0,0,0,0,0,0,0.0063979,1.0717,-1,0.9976,0,0,0,0,0.52276,1.1304,-0.028986,1,1,0.017267,0.58621,0
0,0,0,0,0,0,0,0,0.4741,1.7619,-0.72553,-1,0.00028975,-6.3199e-05,-1.8541e-05,1,1,0.49649,0.75036,999,999,999,0.64373,0.57204,0.452,0.88974,0.15531,4.6312e-07,9999,0,-1,800.78,3.2715,0.18404,0,0,0,0,0,0,0,0,1,999,999,999,0,0,0,0,0,0,0,0,0,0,0,0,0,0,0,0,0,0,0,0,0,-0.26465,1,0.00028975,0.57496,0,0,0,0,0,0,0,1
0,0,0,0,0.93615,1.5373,0.081566,-1,0.7499,1.2599,-0.036912,1,0.0021404,-0.00089752,-0.00043951,1,0,0,1.2667,999,999,999,0.96818,0.5997,0.91329,0.8535,0.21622,4.1783e-07,9999,1,1,810.55,5.7129,0.15909,0,0,0,0,0,0,0,0,1,999,999,999,0,0,0,0,0,0,0,0,0,0,0,0,0,0,0,0,0,0.0077418,0.93615,-1,0.99498,0.89657,-1,-0.00043951,-0.033967,0,0,0,0,0,0,0,0
0,0,0,0,0,0,0,0,0.31528,0.086376,0.85725,-1,0.052198,-5.9577e-07,0,1,0,0,0.22775,999,999,999,1.5001,0.23465,0,0,0,0,0,0,0,0,0,0,0,0,0,0,0,0,0,0,0,0,0,0,0,0,0,0,0,0,0,0,0,0,0,0,0,0,0,0,0,0,0,0,0,0,0,0,0,0,0,0,0,0,0,0,0
0,0,0,0,0,0,0,0,0.23229,0.74402,-0.59689,-1,0.96135,-0.72487,-2.8597e-06,0,0,0,0.8679,999,999,999,0.82991,0.80307,0.29663,0.95148,0.23229,2.8597e-06,9999,1,-1,561.52,2.6611,0.29663,0,0,0,0,0,0,0,0,1,0.80277,0.92682,-0.85757,0,0,0,0,0,10,0.23229,2.8597e-06,9999,-1,561.52,2.6611,0.29663,0.80277,0.92682,-0.85757,-6,0.0058417,0.80277,1,0.92682,-0.85757,1,0.96135,0.10504,0,0,0,0,0,0,0,0
0,0,0,0,0,0,0,0,0.91413,0.24514,-0.74165,-1,0.99921,-4.7587e-05,0,0,0,0,0.5426,999,999,999,0.3883,0.58142,0,0,0,0,0,0,0,0,0,0,0,0,0,0,0,0,0,0,0,0,0,0,0,0,0,0,0,0,0,0,0,0,0,0,0,0,0,0,0,0.0073929,0.91413,-1,0.97687,0,0,0,0,0,0,0,0,0,0,0,1
0.84112,1.2107,-0.99719,-1,0,0,0,0,0.91701,0.95666,0.6344,1,0.62766,-0.00032491,-1.8931e-06,1,0,0,1.0013,999,999,999,1.5451,0.87729,0.26547,0.1962,0.22519,1.8931e-06,9999,1,-1,566.41,3.3203,0.26547,0,0,0,0,0,0,0,0,1,999,999,999,0,0,0,0,0,0,0,0,0,0,0,0,0,0,0,0,0,0.0045069,0.84112,-1,0.74677,-0.069922,1,1.2735e-06,0.00025564,0.84112,1.2107,-0.99719,-1,1,0.0045069,0.74677,0
0,0,0,0,0,0,0,0,0.98132,0.98279,-0.83143,1,-0.99549,0.91309,0.030852,3,1,0.49693,1.404,999,999,999,0.59191,1.033,0.97995,0.7788,0.10706,1.2112e-06,9999,0,1,0,25.781,0.085511,1,0,1.354,-0.75636,0.84159,0.17416,0.18645,0.023781,1,999,999,999,0,0,0,0,0,0,0,0,0,0,0,0,0,0,0,0,0,0.0046888,0.98132,1,0.96888,0.52156,-1,-0.99549,-0.63744,0,0,0,0,0,0,0,0
0,0,0,0,0,0,0,0,0.43824,0.055004,0.98593,1,0.95683,-0.066005,2.0345e-05,0,0,0,1.1533,999,999,999,0.8967,1.0763,0.47466,0.91292,0.2124,5.8304e-07,9999,1,-1,537.11,3.6621,0.23077,0,0,0,0,0,0,0,0,1,999,999,999,0,0,0,0,0,0,0,0,0,0,0,0,0,0,0,0,0,0.028077,0.91351,-1,0.96487,0.53521,1,0.95683,0.14153,0,0,0,0,0,0,0,1
0,0,0,0,0,0,0,0,0.79928,0.70627,0.28362,-1,-0.0015728,1.865e-05,-6.1393e-06,3,1,0.49962,0.97037,999,999,999,1.1232,0.45261,0.35478,0.79236,0.19349,7.6352e-07,9999,1,1,517.58,3.2715,0.27464,0,0,0,0,0,0,0,0,1,999,999,999,0,0,0,0,0,0,0,0,0,0,0,0,0,0,0,0,0,0.0017541,0.79928,-1,0.85733,0.4632,-1,-0.0015728,-0.067175,0,0,0,0,0,0,0,0
0,0,0,0,1.6631,0.16506,-0.91803,1,0.53175,0.50127,-0.39005,1,0.072432,-0.00043448,1.1118e-05,2,0,0,1.3798,0.53175,-0.40431,-0.0052824,1.3389,0.64718,0.40369,0.20784,0.091407,1.2177e-06,9999,0,-1,0,21.875,0.077764,0,0,0,0,0,0,0,0,1,1.6631,0.89553,-0.24905,0,0,0,0,0,10,0.091407,1.2177e-06,9999,-1,0,21.875,0.077764,1.6631,0.89553,-0.24905,-2,0.00048261,1.6631,1,0.89553,0.88326,1,1.1118e-05,0.4745,0,0,0,0,0,0,0,1
0,0,0,0,0,0,0,0,0.91526,0.64109,0.0036069,1,0.019792,-0.0044955,0,0,0,0,0.9193,999,999,999,1.2808,0.99953,0,0,0,0,0,0,0,0,0,0,0,0,0,0,0,0,0,0,0,0,0,0,0,0,0,0,0,0,0,0,0,0,0,0,0,0,0,0,0,0.0014672,0.91526,1,0.9802,0,0,0,0,0,0,0,0,0,0,0,0
0,0,0,0,0,0,0,0,0.83965,1.2137,-0.41591,1,0.0086446,-0.0023719,2.1709e-05,0,0,0,1.0105,999,999,999,1.2871,0.82031,0.35359,0,0,0,0,0,0,0,0,0,0,0,0,0,0,0,0,0,0,0,0,0,0,0,0,0,0,0,0,0,0,0,0,0,0,0,0,0,0,0.002181,0.83965,1,0.81688,0,0,0,0,0,0,0,0,0,0,0,0
0,0,0,0,0,0,0,0,0.58506,0.55946,-0.52187,-1,-0.99986,-0.99669,0.41589,0,0,0,0.82506,999,999,999,0.35519,0.45407,0.81532,0.96076,0.24466,0.99669,9999,1,-1,937.5,8.1055,0.45407,0,0,0,0,0,0,0,0,1,999,999,999,0,0,0,0,0,0,0,0,0,0,0,0,0,0,0,0,0,0.047962,0.58506,-1,0.36041,0.97401,1,0.41589,5.9102e-06,0,0,0,0,0,0,0,1
0,0,0,0,0,0,0,0,0.88499,1.3486,-0.29453,-1,-0.97169,-0.0018184,-0.00013422,0,0,0,1.353,-0.76173,0.98622,-0.9934,0.92976,0.96123,0.6881,0.63512,0.12048,4.0378e-07,9999,1,1,878.91,6.0547,0.15007,0,0,0,0,0,0,0,0,1,0.88499,0.99619,-0.58948,0,0,0,0,0,10,0.12048,4.0378e-07,9999,1,878.91,6.0547,0.15007,0.88499,0.99619,-0.58948,0,0.0075046,0.88499,-1,0.99619,-0.58948,-1,-0.97169,-0.4333,0,0,0,0,0,0,0,1
0.56741,0.5204,-0.056385,-1,0,0,0,0,0.83677,0.57486,-0.8057,-1,-0.70214,0.00081267,-5.9336e-05,1,0,0,1.1941,999,999,999,0.69241,0.65819,0.62714,0.39839,0.20592,1.2215e-06,9999,0,-1,0,3.1006,0.11069,0,0,0,0,0,0,0,0,1,999,999,999,0,0,0,0,0,0,0,0,0,0,0,0,0,0,0,0,0,0.0095612,0.83677,-1,0.47047,0.50812,1,2.614e-05,0.0019427,0.56741,0.5204,-0.056385,-1,1,0.042464,0.83029,0
0,0,0,0,0,0,0,0,0.32331,0.74096,0.2227,1,0.0057494,-7.4795e-06,6.7159e-06,2,0,0,0.5159,999,999,999,0.60454,0.37048,0.36186,0.89271,0.14044,1.8754e-06,9999,1,-1,0,4.4434,0.21379,0,0,0,0,0,0,0,0,1,999,999,999,0,0,0,0,0,0,0,0,0,0,0,0,0,0,0,0,0,0,0,0,0,0.74823,1,0.0057494,0.65676,0,0,0,0,0,0,0,1
0,0,0,0,1.6156,0.24829,-0.94695,1,0.6146,0.28805,-0.13439,-1,0.0029402,-8.1118e-05,0,0,1,0.4995,1.1107,999,999,999,1.1157,0.69241,0,0,0,0,0,0,0,0,0,0,0,0,0,0,0,0,0,0,0,0,0,0,0,0,0,0,0,0,0,0,0,0,0,0,0,0,0,0,0,0.0064053,1.6156,1,0.95971,0,0,0,0,0,0,0,0,0,0,0,1
0,0,0,0,0,0,0,0,1.1637,0.78583,0.61093,-1,0.96939,-0.057263,-0.00013391,1,0,0,1.7068,0.77334,-0.98212,-0.7444,1.3314,1.2339,0.76216,0.99746,0.24194,5.8098e-06,9999,1,-1,551.76,4.7852,0.35047,0,0,0,0,0,0,0,0,1,0.77334,0.98212,-0.985,0,0,0,0,0,10,0.24237,3.8364e-07,9999,1,878.91,5.1758,0.1358,0.60867,0.96123,-0.029342,0,0.0029683,1.1637,-1,0.95294,0.75682,1,0.96939,0.22386,0,0,0,0,0,0,0,1
0,0,0,0,0,0,0,0,1.2975,0.89766,0.69996,1,0.006335,-0.00012295,6.5199e-05,0,0,0,1.5978,0.71626,0.84998,-0.76685,1.3455,0.75162,0.65761,0,0,0,0,0,0,0,0,0,0,0,0,0,0,0,0,0,0,0,0,0,0,0,0,0,0,0,0,0,0,0,0,0,0,0,0,0,0,0.0014406,1.2975,1,0.96014,0,0,0,0,0,0,0,0,0,0,0,1
1.7813,0,-0.90441,1,0,0,0,0,0.54626,1.0146,-0.55101,1,0.23046,-0.10603,0.0014414,0,0,0,1.7723,999,999,999,0.84879,0.84585,1.6037,0.90217,0.1687,6.8741e-07,9999,1,-1,527.34,5.2734,0.25865,0,0,0,0,0,0,0,0,1,1.7813,0.97279,-0.9581,0,0,0,0,0,10,0.1687,6.8741e-07,9999,-1,527.34,5.2734,0.25865,1.7813,0.97279,-0.9581,-2,0.0081495,1.7813,1,0.97279,0.015934,1,0.23046,0.52243,0.66331,0.35132,0.93826,-1,2,0.0071476,0.99515,1
0,0,0,0,0,0,0,0,1.2441,1.062,0.69483,1,0.1361,1.1282e-05,-8.0755e-06,0,0,0,1.1092,999,999,999,1.8626,0.3756,0.49221,0.83537,0.10335,1.2669e-06,9999,1,1,0,3.8086,0.054471,1,0,-0.19878,0.64376,-1.6297,0.040587,0.047837,0.0029383,1,999,999,999,0,0,0,0,0,10,0.24849,1.1282e-05,9999,1,0,3.8086,0.3756,0.54042,0.51661,-0.32341,6,0.067965,1.2441,1,0.96279,0.94986,-1,-1.4791e-06,-0.69075,0,0,0,0,0,0,0,1
0,0,0,0,0,0,0,0,1.2033,1.0883,-0.82156,1,0.99983,0.94153,-0.024844,1,1,0.50272,1.193,1.2033,-0.63764,-0.2736,0.36771,1.0503,0.99502,0.94381,0.24875,0.020653,9999,0,1,3710.9,16.406,0.38137,0,0,0,0,0,0,0,0,1,999,999,999,0,0,0,0,0,0,0,0,0,0,0,0,0,0,0,0,0,0.0042846,1.2033,1,0.63764,0.88035,-1,-0.024844,-0.017967,0,0,0,0,0,0,0,1
0,0,0,0,0,0,0,0,0.89543,0.52174,-0.90367,-1,-4.8033e-05,-3.4715e-05,5.9175e-07,0,0,0,0.58085,999,999,999,0.58322,0.52449,0.23344,0.58787,0.14933,5.9175e-07,9999,1,1,483.4,4.6875,0.23344,0,0,0,0,0,0,0,0,1,0.89543,0.96216,-0.58806,0,0,0,0,0,10,0.14933,5.9175e-07,9999,1,483.4,4.6875,0.23344,0.89543,0.96216,-0.58806,6,0.012055,0.89543,-1,0.96216,0.78448,-1,-4.8033e-05,-0.00031896,0,0,0,0,0,0,0,1
0,0,0,0,0,0,0,0,1.4144,0.90593,-0.9252,1,0.94796,-0.00039261,-1.4181e-05,1,0,0,1.4068,999,999,999,1.3455,0.22357,0.42569,0.99071,0.15573,4.7117e-07,9999,1,-1,664.06,5.9082,0.18793,0,0,0,0,0,0,0,0,1,999,999,999,0,0,0,0,0,0,0,0,0,0,0,0,0,0,0,0,0,0.0079887,1.4144,1,0.96918,0.92712,1,0.94796,0.87607,0,0,0,0,0,0,0,1
0,0,0,0,0,0,0,0,0.53509,0.21135,0.34805,-1,0.00064916,-9.0403e-05,6.3832e-06,2,0,0,0.73636,999,999,999,0.42785,0.72441,0.35784,0.67023,0.10048,3.2967e-07,9999,0,1,395.51,13.086,0.086544,0,0,0,0,0,0,0,0,1,0.53509,0.79387,-0.45566,0,0,0,0,0,10,0.10048,3.2967e-07,9999,1,395.51,13.086,0.086544,0.53509,0.79387,-0.45566,2,0.064814,0.56801,1,0.65886,0.86285,-1,-5.6817e-06,-0.60286,0,0,0,0,0,0,0,0
0,0,0,0,0,0,0,0,1.0422,0.3492,0.18012,-1,-0.10988,0.027226,0,0,1,0.49185,1.4107,999,999,999,1.2631,1.2235,0,0,0,0,0,0,0,0,0,0,0,0,0,0,0,0,0,0,0,0,0,0,0,0,0,0,0,0,0,0,0,0,0,0,0,0,0,0,0,0.026182,1.0422,-1,0.93119,0,0,0,0,0,0,0,0,0,0,0,0
0,0,0,0,0,0,0,0,0.83536,1.9578,-0.59014,1,-0.012348,0.0014229,3.1068e-05,0,0,0,1.0767,999,999,999,1.3159,1.2279,0.5125,0,0,0,0,0,0,0,0,0,0,0,0,0,0,0,0,0,0,0,0,0,0,0,0,0,0,0,0,0,0,0,0,0,0,0,0,0,0,0.012194,0.84576,-1,0.9928,0,0,0,0,0,0,0,0,0,0,0,1
0,0,0,0,1.4915,0,-0.11386,-1,0.82827,0.65703,0.011402,1,-0.22192,0.010591,-0.00077662,0,0,0,1.5999,999,999,999,1.3087,0.99353,0.58224,0.93577,0.14088,2.1621e-06,9999,1,1,0,4.4922,0.23241,0,0,0,0,0,0,0,0,1,1.4915,0.95029,-0.81248,0,0,0,0,0,10,0.14088,2.1621e-06,9999,1,0,4.4922,0.23241,1.4915,0.95029,-0.81248,2,0.0010047,1.4915,-1,0.95029,-0.81248,-1,-0.22192,-0.75885,0,0,0,0,0,0,0,0
0,0,0,0,0,0,0,0,1.3216,0,0.73102,1,0.060644,-1.313e-06,0,0,0,0,1.3293,999,999,999,1.613,0.14457,0,0.90408,0.084479,1.313e-06,9999,1,-1,0,8.9844,0.14457,0,0,0,0,0,0,0,0,1,1.3216,0.98001,-0.89837,0,0,0,0,0,10,0.084479,1.313e-06,9999,-1,0,8.9844,0.14457,1.3216,0.98001,-0.89837,-0,0.013546,1.3216,1,0.98001,-0.89837,1,0.060644,0.77621,0,0,0,0,0,0,0,0
0,0,0,0,0,0,0,0,2.3045,0,-0.97706,1,0.017712,-1.2181e-06,5.3224e-07,1,0,0,2.2007,999,999,999,2.2248,0.10797,0.21353,0.53588,0.11474,1.2181e-06,9999,0,-1,0,3.2227,0.10797,0,0,0,0,0,0,0,0,1,2.3045,0.99889,-0.49738,0,0,0,0,0,10,0.11474,1.2181e-06,9999,-1,0,3.2227,0.10797,2.3045,0.99889,-0.49738,-0,0.0026196,2.3045,1,0.99889,0.88874,-1,-1.2181e-06,-0.068927,0,0,0,0,0,0,0,0
0,0,0,0,0,0,0,0,2.1135,0.39532,-0.9511,1,0.73054,5.927e-05,-2.0031e-06,0,0,0,1.7279,0.64338,-0.91602,-0.92278,3.1914,0.62628,0.38419,0.38884,0.10671,1.5385e-06,9999,1,-1,0,6.4453,0.18197,0,0,0,0,0,0,0,0,1,2.1135,0.99136,-0.2962,0,0,0,0,0,10,0.10671,1.5385e-06,9999,-1,0,6.4453,0.18197,2.1135,0.99136,-0.2962,-0,0.022819,2.1135,1,0.99136,-0.2962,1,0.73054,0.40339,0,0,0,0,0,0,0,1
0,0,0,0,0,0,0,0,0.83417,0.15405,0.41221,-1,-0.96063,-0.89729,-0.53522,1,0,0,1.399,-0.83417,0.86537,-0.58662,0.95998,0.98026,0.78674,0.96833,0.099277,3.5713e-07,9999,1,1,849.61,12.695,0.11399,0,0,0,0,0,0,0,0,1,0.83417,0.86537,-0.71565,0,0,0,0,0,10,0.099277,3.5713e-07,9999,1,849.61,12.695,0.11399,0.83417,0.86537,-0.71565,5,0.020134,1.1169,-1,0.896,0.97854,-1,-0.89729,-0.85586,0,0,0,0,0,0,0,0
0,0,0,0,0,0,0,0,0.23217,0.24128,-0.42805,-1,3.284e-06,-4.5915e-07,0,0,1,0.49129,0.18139,999,999,999,0.30702,0.18206,0,0.58599,0.23217,4.5915e-07,9999,1,-1,644.53,6.6406,0.18206,0,0,0,0,0,0,0,0,1,999,999,999,0,0,0,0,0,0,0,0,0,0,0,0,0,0,0,0,0,0,0,0,0,-0.95547,1,3.284e-06,0.00043526,0,0,0,0,0,0,0,0
0,0,0,0,0,0,0,0,1.2332,0.59597,-0.11143,1,-0.0091316,0.00011601,-3.5191e-05,0,0,0,1.1088,999,999,999,1.4662,0.80103,0.53014,0,0,0,0,0,0,0,0,0,0,0,0,0,0,0,0,0,0,0,0,0,0,0,0,0,0,0,0,0,0,0,0,0,0,0,0,0,0,0.0090241,1.2332,1,0.96967,0,0,0,0,0,0,0,0,0,0,0,1
0,0,0,0,0,0,0,0,1.1598,0.52413,0.38227,1,0.13571,0.1149,-1.5917e-06,0,0,0,1.552,1.1598,0.94506,-0.67925,1.1302,1.6292,0.36228,0.93078,0.21948,6.3865e-07,9999,1,-1,561.52,2.9785,0.24666,0,0,0,0,0,0,0,0,1,1.1446,0.65694,-0.37326,0,0,0,0,0,10,0.21948,6.3865e-07,9999,-1,561.52,2.9785,0.24666,1.1446,0.65694,-0.37326,-6,0.0009611,1.1598,1,0.94506,0.79674,1,0.1149,0.13852,0,0,0,0,0,0,0,0
0,0,0,0,0,0,0,0,1.28,0.13863,0.83564,1,-0.1094,0.082909,3.335e-06,0,0,0,1.6484,999,999,999,1.2017,1.5974,0.30817,0,0,0,0,0,0,0,0,0,0,0,0,0,0,0,0,0,0,0,0,0,0,0,0,0,0,0,0,0,0,0,0,0,0,0,0,0,0,0.0042054,1.28,1,0.99137,0,0,0,0,0,0,0,0,0,0,0,0
1.8185,0.10113,-0.93644,-1,0,0,0,0,0.67815,0.94733,0.46562,1,-0.00018414,-9.6108e-05,7.6574e-05,0,0,0,1.8574,-1.8185,0.99823,-0.92804,0.49763,2.4545,0.65397,0,0,0,0,0,0,0,0,0,0,0,0,0,0,0,0,0,0,0,0,0,0,0,0,0,0,0,0,0,0,0,0,0,0,0,0,0,0,0.0013395,1.8185,-1,0.99823,0,0,0,0,0,0,0,0,0,0,0,0
0.20344,0.59009,0.0092616,1,0,0,0,0,0.89764,0.59009,-0.88651,-1,-0.12349,-4.6094e-05,-2.6611e-05,1,0,0,1.0927,999,999,999,1.1157,0.57171,0.49249,0.84532,0.221,3.4893e-06,9999,0,1,502.93,4.6387,0.31158,0,0,0,0,0,0,0,0,1,999,999,999,0,0,0,0,0,10,0.20344,1.046e-06,9999,1,654.3,3.125,0.31643,0.89764,0.95538,-0.43579,8,0.0034393,0.89764,-1,0.95538,0.79543,-1,-0.12349,-0.020015,0.20344,0.59009,0.0092616,1,1,0.11124,0.49726,0
0,0,0,0,0,0,0,0,1.0638,1.12,0.99932,-1,-0.044482,-0.00061023,0.00011729,0,0,0,1.1996,999,999,999,1.4862,0.35515,0.69579,0.94678,0.12916,4.3452e-07,9999,1,1,722.66,5.9082,0.16895,0,0,0,0,0,0,0,0,1,999,999,999,0,0,0,0,0,0,0,0,0,0,0,0,0,0,0,0,0,0.015577,1.0638,-1,0.89176,0.86627,-1,-0.044482,-0.80345,0,0,0,0,0,0,0,1
0,0,0,0,0,0,0,0,0.99651,0.37512,-0.36117,1,-0.97981,0.95771,-0.00013709,0,0,0,1.6151,-0.77528,-0.72673,-0.11678,0.84958,1.2656,0.94519,0,0,0,0,0,0,0,0,0,0,0,0,0,0,0,0,0,0,0,0,0,0,0,0,0,0,0,0,0,0,0,0,0,0,0,0,0,0,0.019503,0.99651,1,0.88028,0,0,0,0,0,0,0,0,0,0,0,1
0,0,0,0,0,0,0,0,0.37543,0.53191,0.90482,-1,-6.2696e-06,2.6756e-06,-1.998e-06,1,0,0,0.54295,999,999,999,0.35643,0.29163,0.26958,0.65701,0.075645,1.3053e-06,9999,0,-1,0,9.668,0.14266,0,0,0,0,0,0,0,0,1,999,999,999,0,0,0,0,0,0,0,0,0,0,0,0,0,0,0,0,0,0,0,0,0,0.21497,1,2.6756e-06,0.71646,0,0,0,0,0,0,0,1
0,0,0,0,0,0,0,0,0.42725,1.2396,-0.57154,-1,-6.9297e-05,-5.2006e-05,2.1438e-05,0,0,0,0.61573,999,999,999,0.60785,0.48941,0.46745,0,0,0,0,0,0,0,0,0,0,0,0,0,0,0,0,0,0,0,0,0,0,0,0,0,0,0,0,0,0,0,0,0,0,0,0,0,0,0,0,0,0,0,0,0,0,0,0,0,0,0,0,0,1
0,0,0,0,0,0,0,0,0.31955,1.1245,-0.93736,-1,-0.9916,2.1344e-05,-4.9855e-06,0,0,0,0.83287,999,999,999,0.62486,0.46697,0.33864,0.61542,0.21825,7.1774e-07,9999,1,1,576.17,4.248,0.26538,0,0,0,0,0,0,0,0,1,0.62775,0.97492,-0.42722,0,0,0,0,0,10,0.21825,7.1774e-07,9999,1,576.17,4.248,0.26538,0.62775,0.97492,-0.42722,6,0.029987,0.62775,-1,0.97492,-0.42722,-1,-0.9916,-0.0017021,0,0,0,0,0,0,0,1
0,0,0,0,0,0,0,0,1.7531,0.9878,-0.80111,-1,-0.9658,-0.75372,7.7425e-07,0,0,0,1.6077,-1.7531,0.98192,-0.87983,0.83869,2.6356,0.27668,0.30962,0.23466,7.7425e-07,9999,1,1,590.82,4.0039,0.27668,0,0,0,0,0,0,0,0,1,1.2665,0.94325,-0.38075,0,0,0,0,0,10,0.23466,7.7425e-07,9999,1,590.82,4.0039,0.27668,1.2665,0.94325,-0.38075,5,0.0029523,1.7531,-1,0.98192,0.15006,-1,-0.75372,-0.00018435,0,0,0,0,0,0,0,0
0.33993,2.1744,-0.88261,1,0,0,0,0,0.61944,1.4727,-0.9075,1,-0.97484,1.3316e-05,2.5988e-06,0,0,0,0.72811,-0.59961,-0.94793,-0.45444,0.78702,0.41985,0.40705,0.21453,0.14111,5.1796e-07,9999,1,-1,673.83,3.2227,0.20809,0,0,0,0,0,0,0,0,1,0.61944,0.63738,-0.78084,0,0,0,0,0,10,0.24784,2.5988e-06,9999,1,541.99,3.4668,0.40705,0.59961,0.94793,-0.68412,0,0.00666,0.59961,-1,0.94793,0.77491,-1,-0.97484,-0.0016272,0.33993,2.1744,-0.88261,1,1,0.0046543,0.8656,0
0,0,0,0,0,0,0,0,0.34306,0,-0.84068,1,-3.3357e-05,1.2182e-06,6.6957e-07,0,0,0,0.5737,999,999,999,0.52237,0.077383,0.25444,0.93786,0.1291,1.2182e-06,9999,1,1,0,25.391,0.077383,0,0,0,0,0,0,0,0,1,999,999,999,0,0,0,0,0,0,0,0,0,0,0,0,0,0,0,0,0,0.0049275,0.55131,-1,0.70341,0.78192,-1,-3.3357e-05,-0.78475,0,0,0,0,0,0,0,0
0,0,0,0,0,0,0,0,1.3173,1.0316,-0.91733,-1,-0.89598,-0.091933,1.8466e-05,0,0,0,1.5225,-0.80173,0.74983,-0.75048,1.386,1.2753,0.4515,0.63196,0.12821,4.7836e-07,9999,1,-1,693.36,3.8574,0.1913,0,0,0,0,0,0,0,0,1,0.54684,0.649,-0.88729,0,0,0,0,0,10,0.12821,4.7836e-07,9999,-1,693.36,3.8574,0.1913,0.54684,0.649,-0.88729,-4,0.02369,1.3173,-1,0.99886,-0.32413,-1,-0.89598,-0.0012557,0,0,0,0,0,0,0,0
0,0,0,0,0,0,0,0,0.61822,0.48049,-0.23157,1,0.75145,-8.864e-06,-3.8673e-07,2,1,0.49847,0.49679,999,999,999,1.0358,0.38425,0.1381,0,0,0,0,0,0,0,0,0,0,0,0,0,0,0,0,0,0,0,0,0,0,0,0,0,0,0,0,0,0,0,0,0,0,0,0,0,0,0,0,0,0,0,0,0,0,0,0,0,0,0,0,0,0
0.5989,0.76831,0.43517,-1,0,0,0,0,1.6575,0.060317,-0.88991,1,0.96757,-0.0092471,-4.245e-05,1,0,0,1.8046,999,999,999,2.0241,0.71925,0.56025,0,0,0,0,0,0,0,0,0,0,0,0,0,0,0,0,0,0,0,0,0,0,0,0,0,0,0,0,0,0,0,0,0,0,0,0,0,0,0.0036682,1.6575,1,0.99014,0,0,0,0,0.5989,0.76831,0.43517,-1,1,0.0023765,0.59337,1
0,0,0,0,1.0164,0.40509,-0.17521,1,0.96918,0.61461,-0.37494,1,0.95761,0.043762,-4.0133e-06,2,0,0,1.4151,1.0164,-0.92986,-0.76384,0.95898,1.1018,0.32213,0.98963,0.14099,4.7568e-07,9999,1,1,683.59,5.3223,0.19005,0,0,0,0,0,0,0,0,1,999,999,999,0,0,0,0,0,0,0,0,0,0,0,0,0,0,0,0,0,0.0028966,1.0164,1,0.92986,-0.87972,-1,-4.0133e-06,-0.88543,0,0,0,0,0,0,0,1
0,0,0,0,1.6635,0.053545,0.80816,-1,1.0186,1.2861,-0.85306,-1,-0.98997,0.00038122,0.00017796,0,0,0,1.7684,-1.6635,0.99493,-0.95308,0.70378,0.49872,0.83681,0,0,0,0,0,0,0,0,0,0,0,0,0,0,0,0,0,0,0,0,0,0,0,0,0,0,0,0,0,0,0,0,0,0,0,0,0,0,0.0042232,1.6635,-1,0.99493,0,0,0,0,0,0,0,0,0,0,0,0
0,0,0,0,0,0,0,0,1.6419,0.1651,-0.97006,-1,-0.017398,1.3904e-06,0,1,0,0,1.5972,999,999,999,1.6501,0.16044,0,0.98722,0.08819,1.3904e-06,9999,0,1,0,6.8359,0.16044,0,0,0,0,0,0,0,0,1,1.6419,0.96737,-0.91808,0,0,0,0,0,10,0.08819,1.3904e-06,9999,1,0,6.8359,0.16044,1.6419,0.96737,-0.91808,2,0.0055235,1.6419,-1,0.96737,-0.91808,-1,-0.017398,-0.88267,0,0,0,0,0,0,0,0
0,0,0,0,0,0,0,0,0.35937,0,-0.74645,-1,-0.99998,0.98996,0,1,0,0,0.35934,999,999,999,0.31327,0.21973,0,0,0,0,0,0,0,0,0,0,0,0,0,0,0,0,0,0,0,0,0,0,0,0,0,0,0,0,0,0,0,0,0,0,0,0,0,0,0,0,0,0,0,0,0,0,0,0,0,0,0,0,0,0,0
0,0,0,0,0,0,0,0,1.1713,0.51935,-0.95198,-1,0.18851,-0.032176,2.4186e-06,1,0,0,1.2629,999,999,999,0.3842,1.3428,0.28403,0.43826,0.20586,4.6084e-07,9999,1,1,722.66,4.3945,0.18291,0,0,0,0,0,0,0,0,1,1.1713,0.93539,-0.093894,0,0,0,0,0,10,0.20586,4.6084e-07,9999,1,722.66,4.3945,0.18291,1.1713,0.93539,-0.093894,6,0.0026382,1.1713,-1,0.93539,-0.093894,-1,-0.032176,-0.002248,0,0,0,0,0,0,0,1
0,0,0,0,0,0,0,0,0.17624,1.2301,-0.62421,-1,8.7224e-05,1.33e-06,-3.6151e-07,1,1,0.50294,0.12705,999,999,999,0.71106,0.14851,0.11787,0.88856,0.071343,1.33e-06,9999,1,1,0,6.3477,0.14851,0,0,0,0,0,0,0,0,1,999,999,999,0,0,0,0,0,0,0,0,0,0,0,0,0,0,0,0,0,0,0,0,0,0.31725,1,8.7224e-05,0.024707,0,0,0,0,0,0,0,1
1.0552,1.1133,-0.88925,-1,0,0,0,0,0.83922,0.73825,0.20589,1,-0.058779,0.00021407,1.828e-06,0,0,0,1.2307,999,999,999,0.87681,0.95044,0.37569,0.49719,0.2398,1.828e-06,9999,1,1,493.16,3.8086,0.37569,0,0,0,0,0,0,0,0,1,1.0552,0.75358,-0.16364,0,0,0,0,0,10,0.2398,1.828e-06,9999,1,493.16,3.8086,0.37569,1.0552,0.75358,-0.16364,0,0.00022835,1.0552,-1,0.75358,-0.16364,-1,-0.058779,-0.00017809,0,0,0,0,0,0,0,0
0,0,0,0,0,0,0,0,1.0598,0.46136,-0.29501,1,0.0017132,-3.0111e-05,4.283e-06,0,0,0,1.1344,999,999,999,1.453,0.50831,0.32705,0.92503,0.14093,5.1439e-07,9999,1,-1,625,4.248,0.20669,1,0,-1.7298,-1.989,4.1008,0.072575,0.12858,0.24795,1,999,999,999,0,0,0,0,0,0,0,0,0,0,0,0,0,0,0,0,0,0.012147,1.0598,1,0.97131,0.98593,1,0.0017132,0.73201,0,0,0,0,0,0,0,0
0,0,0,0,0,0,0,0,1.0677,0.57539,-0.92255,1,0.6388,-5.0769e-07,4.7612e-07,0,0,0,0.76389,999,999,999,1.7081,0.20399,0.19026,0.5289,0.24508,4.2775e-07,9999,1,-1,751.95,5.5176,0.16505,0,0,0,0,0,0,0,0,1,1.0677,0.97386,-0.65702,0,0,0,0,0,10,0.24508,4.2775e-07,9999,-1,751.95,5.5176,0.16505,1.0677,0.97386,-0.65702,-0,0.00056504,1.0677,1,0.97386,-0.65702,1,0.6388,0.00013064,0,0,0,0,0,0,0,1
0,0,0,0,0,0,0,0,1.2997,0.20888,0.16633,1,0.18993,-0.10538,1.1353e-05,0,0,0,1.4715,999,999,999,1.6622,0.93722,0.40552,0,0,0,0,0,0,0,0,0,0,0,0,0,0,0,0,0,0,0,0,0,0,0,0,0,0,0,0,0,0,0,0,0,0,0,0,0,0,0.0055201,1.2997,1,0.94683,0,0,0,0,0,0,0,0,0,0,0,1
0,0,0,0,0,0,0,0,1.5629,0.593,-0.77878,-1,-0.22724,0.0002107,-0.00018401,2,0,0,1.1837,999,999,999,2.3888,0.81024,0.20333,0.84788,0.1061,4.3668e-07,9999,1,1,620.12,5.9082,0.17016,0,0,0,0,0,0,0,0,1,999,999,999,0,0,0,0,0,0,0,0,0,0,0,0,0,0,0,0,0,0.0030024,1.5629,-1,0.90614,0.79728,-1,-0.22724,-0.69465,0,0,0,0,0,0,0,0
0,0,0,0,0,0,0,0,0.73607,0.60411,-0.6251,1,0.97436,-4.6372e-07,0,0,0,0,0.69518,999,999,999,0.69212,0.18434,0,0.27195,0.19582,4.6372e-07,9999,1,-1,664.06,4.6875,0.18434,0,0,0,0,0,0,0,0,1,999,999,999,0,0,0,0,0,0,0,0,0,0,0,0,0,0,0,0,0,0.0033979,0.73607,1,0.87786,0.21389,1,0.97436,0.00269,0,0,0,0,0,0,0,1
0.99689,0.142,0.49203,-1,0.81496,0.40046,-0.63203,-1,0.34845,1.1389,-0.88068,1,0.82989,-0.16902,-0.059427,1,0,0,1.3634,999,999,999,0.18676,0.82393,1.133,0.79336,0.15249,3.5613e-07,9999,1,1,1796.9,8.0078,0.11309,0,0,0,0,0,0,0,0,1,0.99689,0.93874,-0.7314,0,0,0,0,0,10,0.15249,3.5613e-07,9999,1,1796.9,8.0078,0.11309,0.99689,0.93874,-0.7314,2,0.010092,0.99689,-1,0.93874,0.88048,-1,-0.16902,-0.37216,0.99689,0.142,0.49203,-1,1,0.010092,0.93874,0
0.58974,1.6975,0.21153,1,1.2616,0.52656,-0.16186,-1,0,0,0,0,0.15251,-0.054329,0,0,0,0,1.1667,999,999,999,0.89387,1.0822,0,0,0,0,0,0,0,0,0,0,0,0,0,0,0,0,0,0,0,0,0,0,0,0,0,0,0,0,0,0,0,0,0,0,0,0,0,0,0,0.0025897,1.2616,-1,0.9862,0,0,0,0,0.58974,1.6975,0.21153,1,1,0.0042057,0.96528,0
0,0,0,0,0,0,0,0,1.1992,0.80904,0.018073,1,0.025348,0.00015197,5.4307e-05,2,1,0.49654,1.4658,999,999,999,1.5421,0.53323,0.62013,0,0,0,0,0,0,0,0,0,0,0,0,0,0,0,0,0,0,0,0,0,0,0,0,0,0,0,0,0,0,0,0,0,0,0,0,0,0,0.0050967,1.1992,1,0.87462,0,0,0,0,0,0,0,0,0,0,0,1
0,0,0,0,0,0,0,0,0.36762,1.0974,-0.90963,1,-0.99988,4.2148e-05,4.8151e-06,2,0,0,0.51426,999,999,999,0.30776,0.54481,0.33597,0.61812,0.2113,1.0603e-06,9999,1,-1,581.05,5.0293,0.31807,0,0,0,0,0,0,0,0,1,999,999,999,0,0,0,0,0,0,0,0,0,0,0,0,0,0,0,0,0,0,0,0,0,-0.119,1,4.2148e-05,0.0031691,0,0,0,0,0,0,0,0
0,0,0,0,0,0,0,0,0.38176,0.41685,0.9826,1,0.97667,-0.93857,0.54953,1,0,0,1.1846,999,999,999,0.87573,1.1503,0.83643,0.59297,0.12513,1.2163e-06,9999,0,-1,0,42.578,0.079099,0,0,0,0,0,0,0,0,1,0.7228,0.98266,-0.62404,0,0,0,0,0,10,0.12513,1.2163e-06,9999,-1,0,42.578,0.079099,0.7228,0.98266,-0.62404,-5,0.0042885,0.79727,-1,0.85435,-0.19079,1,0.54953,0.35858,0,0,0,0,0,0,0,1
0,0,0,0,0,0,0,0,0.46799,0.37238,0.68105,-1,-0.0011766,2.2511e-05,-1.8714e-05,2,1,0.49452,0.80527,-0.70389,-0.79882,-0.77816,0.74003,0.47275,0.45226,0,0,0,0,0,0,0,0,0,0,0,0,0,0,0,0,0,0,0,0,0,0,0,0,0,0,0,0,0,0,0,0,0,0,0,0,0,0,0.0091877,0.70389,-1,0.79882,0,0,0,0,0,0,0,0,0,0,0,1
0,0,0,0,0,0,0,0,0.62352,1.2273,-0.99665,1,-0.0015975,-0.00019963,2.747e-05,2,1,0.49602,0.80493,999,999,999,0.68453,0.22993,0.4964,0.78065,0.19157,3.4683e-07,9999,0,-1,1386.7,12.695,0.10437,0,1,0,0,0,0,0,0,1,999,999,999,0,0,0,0,0,10,0.18423,5.9219e-07,9999,1,644.53,4.1992,0.23358,0.54437,0.27307,-0.86812,0,0.027911,0.54437,-1,0.27307,0.3983,1,1.9095e-05,0.066175,0,0,0,0,0,0,0,1
0,0,0,0,0,0,0,0,0.77113,0.17855,0.17605,-1,0.063899,0.00045263,0.00018106,6,0,0,1.5106,0.7449,0.74532,-0.17506,1.213,1.0937,0.19588,0.55927,0.10094,1.2819e-06,9999,1,1,0,2.7832,0.049976,0,0,0,0,0,0,0,0,1,999,999,999,0,0,0,0,0,10,0.12458,1.2113e-06,9999,1,0,3.418,0.085292,0.77113,0.54707,-0.33031,21,0.02101,1.0897,1,0.70473,0.68733,1,0.063899,0.38239,0,0,0,0,0,0,0,1
0,0,0,0,0,0,0,0,0.46735,0.51007,-0.28115,-1,0.99501,0.80984,-0.00034583,2,0,0,0.76503,999,999,999,0.17179,0.16699,0.65373,0,0,0,0,0,0,0,0,0,0,0,0,0,0,0,0,0,0,0,0,0,0,0,0,0,0,0,0,0,0,0,0,0,0,0,0,0,0,0,0,0,0,0,0,0,0,0,0,0,0,0,0,0,1
0,0,0,0,0,0,0,0,0.57663,0.16866,0.78331,-1,-0.99941,-0.95922,0.94826,1,0,0,1.2721,999,999,999,0.43478,1.1072,1.1498,0.4737,0.13479,6.1027e-07,9999,1,-1,498.05,6.25,0.23889,0,0,0,0,0,0,0,0,1,0.8704,0.97604,-0.27552,0,0,0,0,0,10,0.13479,6.1027e-07,9999,-1,498.05,6.25,0.23889,0.8704,0.97604,-0.27552,-5,0.0019025,0.8704,1,0.97604,-0.27552,1,0.94826,0.2194,0,0,0,0,0,0,0,0
0,0,0,0,0,0,0,0,0.51739,0.57578,0.25115,1,4.0494e-05,-6.9009e-07,0,0,0,0,0.57328,999,999,999,0.5522,0.25926,0,0,0,0,0,0,0,0,0,0,0,0,0,0,0,0,0,0,0,0,0,0,0,0,0,0,0,0,0,0,0,0,0,0,0,0,0,0,0,0.014659,0.51739,1,0.861,0,0,0,0,0,0,0,0,0,0,0,1
0.31492,2.6492,-0.77643,1,0,0,0,0,1.4097,1.6358,-0.92992,-1,-0.028131,0.019636,-0.00074577,0,0,0,1.8246,-0.63858,0.9585,-0.91065,1.4799,1.3805,0.93698,0.77227,0.11906,1.8822e-06,9999,1,1,0,4.8828,0.2143,0,0,0,0,0,0,0,0,1,1.4097,0.96211,-0.57021,0,0,0,0,0,10,0.11906,1.8822e-06,9999,1,0,4.8828,0.2143,1.4097,0.96211,-0.57021,5,0.0031749,1.4097,-1,0.96211,0.75445,-1,-0.00074577,-0.57565,0.31492,2.6492,-0.77643,1,1,0.0091483,0.90097,0
0,0,0,0,1.7699,0,0.2106,1,0.11336,0.19846,-0.56272,-1,0.079902,-0.00030406,6.7686e-07,1,0,0,1.9743,999,999,999,2.0825,0.85367,0.25619,0.94558,0.11336,3.5034e-07,9999,0,-1,1601.6,12.207,0.10773,1,0,0.41081,1.7639,1.0818,0.0055204,0.22329,0.022769,1,1.7699,0.99392,-0.90929,0,0,0,0,0,10,0.11336,3.5034e-07,9999,-1,1601.6,12.207,0.10773,1.7699,0.99392,-0.90929,-2,0.0013976,1.7699,1,0.99392,-0.90929,1,0.079902,0.81464,0,0,0,0,0,0,0,1
1.4969,0.39773,-0.52574,-1,0.69957,1.2041,-0.5461,1,0.37244,0.43044,0.83412,-1,0.0082747,-0.0039385,-3.5988e-05,1,0,0,1.6932,999,999,999,0.85527,1.5342,0.53278,0.93576,0.080833,3.4559e-07,9999,0,1,2773.4,12.5,0.10316,0,0,0,0,0,0,0,0,1,1.4969,0.82862,-0.74061,0,0,0,0,0,10,0.080833,3.4559e-07,9999,1,2773.4,12.5,0.10316,1.4969,0.82862,-0.74061,2,0.016072,1.4969,-1,0.82862,0.15427,-1,-3.2982e-05,-0.81163,0,0,0,0,0,0,0,0
0,0,0,0,0,0,0,0,0.76533,0.75503,-0.1704,1,0.99702,0.00031646,-7.6687e-05,0,0,0,0.86479,0.76533,0.88842,-0.8873,0.54965,0.99943,0.60993,0,0,0,0,0,0,0,0,0,0,0,0,0,0,0,0,0,0,0,0,0,0,0,0,0,0,0,0,0,0,0,0,0,0,0,0,0,0,0.01969,0.76533,1,0.88842,0,0,0,0,0,0,0,0,0,0,0,1
0,0,0,0,0,0,0,0,0.68948,0.68581,-0.80527,-1,-0.24792,0.17037,1.6707e-06,1,0,0,0.66748,999,999,999,0.64177,1.2768,0.25588,0.71289,0.20651,1.6707e-06,9999,1,1,507.81,3.8086,0.25588,0,0,0,0,0,0,0,0,1,0.68948,0.92699,-0.63925,0,0,0,0,0,10,0.20651,1.6707e-06,9999,1,507.81,3.8086,0.25588,0.68948,0.92699,-0.63925,0,0.0029392,0.68948,-1,0.92699,-0.63925,-1,-0.24792,-0.010451,0,0,0,0,0,0,0,0
0,0,0,0,1.6887,0,-0.80582,1,0.89877,0.27448,-0.31518,1,0.044387,4.7194e-05,-4.0484e-07,0,0,0,1.7144,0.89877,-0.67377,-0.30796,1.8285,0.57957,0.15078,0.86972,0.10346,4.0484e-07,9999,1,-1,644.53,5.0293,0.15078,0,0,0,0,0,0,0,0,1,1.6887,0.9105,-0.97772,0,0,0,0,0,10,0.10346,4.0484e-07,9999,-1,644.53,5.0293,0.15078,1.6887,0.9105,-0.97772,-8,0.0005907,1.6887,1,0.9105,0.25129,1,4.7194e-05,0.72112,0,0,0,0,0,0,0,1
0,0,0,0,0.93373,0.21895,0.42456,-1,0.43672,1.1422,-0.83352,1,-0.084758,3.0169e-06,1.6604e-06,2,0,0,0.94974,999,999,999,1.3378,0.30065,0.36645,0.86059,0.097536,1.24e-06,9999,0,1,0,28.906,0.064535,0,0,0,0,0,0,0,0,1,0.93373,0.91409,-0.90814,0,0,0,0,0,10,0.097536,1.24e-06,9999,1,0,28.906,0.064535,0.93373,0.91409,-0.90814,4,0.010436,0.93373,-1,0.91409,-0.90814,-1,-0.084758,-0.7232,0,0,0,0,0,0,0,1
0,0,0,0,0,0,0,0,1.0039,1.5219,-0.89331,-1,0.97087,-0.0011406,4.4486e-05,1,0,0,1.1865,999,999,999,0.94789,0.73572,0.5686,0.41066,0.049377,1.2093e-06,9999,0,-1,0,14.453,0.094135,0,0,0,0,0,0,0,0,1,999,999,999,0,0,0,0,0,0,0,0,0,0,0,0,0,0,0,0,0,0.017009,1.0039,-1,0.70504,0.25644,1,0.97087,0.73456,0,0,0,0,0,0,0,1
0,0,0,0,0,0,0,0,0.7377,0.12641,-0.27155,1,-0.95124,0.94731,-0.28311,2,0,0,1.2217,-0.73369,0.70737,-0.17553,1.4115,1.151,1.202,0.49553,0.15343,6.8239e-07,9999,0,1,561.52,3.9551,0.25749,0,0,0,0,0,0,0,0,1,999,999,999,0,0,0,0,0,0,0,0,0,0,0,0,0,0,0,0,0,0.01003,1.0427,-1,0.72824,0.1395,-1,-0.95124,-0.10744,0,0,0,0,0,0,0,0
0,0,0,0,1.6236,0.90896,-0.99617,1,1.2197,0.41954,0.92986,1,-0.0011478,0.00089261,5.5519e-05,0,0,0,1.8046,999,999,999,0.41801,1.1634,2.3678,0,0,0,0,0,0,0,0,0,0,0,0,0,0,0,0,0,0,0,0,0,0,0,0,0,0,0,0,0,0,0,0,0,0,0,0,0,0,0.0016531,1.6236,1,0.99617,0,0,0,0,0,0,0,0,0,0,0,1
0,0,0,0,0,0,0,0,1.4622,0.31431,-0.21714,1,0.99156,0.056771,0.029842,1,0,0,1.5787,1.4622,-0.99969,-0.97864,0.64857,0.65818,1.3624,0.84866,0.08712,3.5774e-07,9999,0,-1,1289.1,9.7656,0.11454,1,0,0.80751,-1.6111,-4.4158,0.076301,0.2626,0.31758,1,1.4622,0.99969,-0.84278,0,0,0,0,0,10,0.08712,3.5774e-07,9999,-1,1289.1,9.7656,0.11454,1.4622,0.99969,-0.84278,-0,0.020233,1.4622,1,0.99969,0.74928,1,0.99156,0.73157,0,0,0,0,0,0,0,1
0,0,0,0,0,0,0,0,0.39565,0.64774,-0.86776,1,0.99667,-8.6634e-06,-3.5359e-07,0,0,0,0.47747,999,999,999,0.50663,0.38248,0.11077,0.91677,0.088137,3.5359e-07,9999,1,-1,1445.3,12.305,0.11077,0,0,0,0,0,0,0,0,1,999,999,999,0,0,0,0,0,0,0,0,0,0,0,0,0,0,0,0,0,0,0,0,0,0.71929,1,0.99667,0.78734,0,0,0,0,0,0,0,1
0,0,0,0,0,0,0,0,1.0583,0.71664,-0.78891,1,-0.012635,0.0029707,0,0,0,0,0.83158,999,999,999,1.3263,0.70054,0,0,0,0,0,0,0,0,0,0,0,0,0,0,0,0,0,0,0,0,0,0,0,0,0,0,0,0,0,0,0,0,0,0,0,0,0,0,0,1.6949e-05,1.0583,1,0.9506,0,0,0,0,0,0,0,0,0,0,0,1
0,0,0,0,0,0,0,0,2.1621,0.1958,-0.90239,-1,-0.96073,-0.081597,6.7857e-06,0,0,0,2.2552,-2.1621,0.99164,-0.70838,1.3034,3.0386,0.36268,0.63175,0.24033,1.2767e-06,9999,1,1,0,8.4961,0.13473,0,0,0,0,0,0,0,0,1,2.1621,0.99164,-0.71088,0,0,0,0,0,10,0.24033,1.2767e-06,9999,1,0,8.4961,0.13473,2.1621,0.99164,-0.71088,0,0.0019705,2.1621,-1,0.99164,0.11512,-1,-0.96073,-0.00028207,0,0,0,0,0,0,0,0
0,0,0,0,0,0,0,0,0.48492,0.7912,-0.62958,1,-0.97436,0.055501,1.2112e-06,2,0,0,0.61884,999,999,999,0.88436,0.80197,0.085539,0,0,0,0,0,0,0,0,0,0,0,0,0,0,0,0,0,0,0,0,0,0,0,0,0,0,0,0,0,0,0,0,0,0,0,0,0,0,0.010576,0.60912,-1,0.87778,0,0,0,0,0,0,0,0,0,0,0,0
0,0,0,0,0,0,0,0,1.1659,0.25669,-0.87175,-1,-0.95563,0,0,0,0,0,1.1521,999,999,999,1.27,0,0,0,0,0,0,0,0,0,0,0,0,0,0,0,0,0,0,0,0,0,0,0,0,0,0,0,0,0,0,0,0,0,0,0,0,0,0,0,0,0.01247,1.1659,-1,0.87497,0,0,0,0,0,0,0,0,0,0,0,1
0,0,0,0,0,0,0,0,0.7478,0.94337,-0.21668,1,-0.43485,0.024452,0.018712,2,0,0,1.2394,-0.96537,-0.73885,-0.33648,1.0135,1.1451,1.6399,0.45993,0.13926,3.7667e-07,9999,0,-1,654.3,3.3203,0.13043,0,0,0,0,0,0,0,0,1,0.7478,0.53802,-0.80957,0,0,0,0,0,10,0.13926,3.7667e-07,9999,-1,654.3,3.3203,0.13043,0.7478,0.53802,-0.80957,-11,0.0082144,1.0628,1,0.83349,0.036663,1,0.018712,0.18395,0,0,0,0,0,0,0,0
1.5973,0.86869,-0.97176,-1,0,0,0,0,0.50711,1.1219,0.92911,1,-0.99922,-5.567e-05,1.2333e-06,0,0,0,1.358,-1.5973,0.91745,-0.34107,0.45203,2.3596,0.067768,0.88918,0.14265,1.2333e-06,9999,1,1,10000,15.234,0.067768,0,0,0,0,0,0,0,0,1,1.5973,0.91745,-0.69689,0,0,0,0,0,10,0.14265,1.2333e-06,9999,1,10000,15.234,0.067768,1.5973,0.91745,-0.69689,2,0.024552,1.5973,-1,0.91745,0.44437,-1,-0.99922,-0.6395,0,0,0,0,0,0,0,0
0,0,0,0,0,0,0,0,0.45578,0.99333,0.95368,-1,-0.98698,-0.00063554,-0.00011266,0,0,0,0.74348,-0.50855,0.241,-0.18429,0.72735,0.80204,0.79482,0.93855,0.12904,3.5874e-07,9999,1,1,488.28,12.305,0.11542,0,0,0,0,0,0,0,0,1,0.5445,0.92021,-0.97453,0,0,0,0,0,10,0.12904,3.5874e-07,9999,1,488.28,12.305,0.11542,0.5445,0.92021,-0.97453,2,0.039425,0.50855,-1,0.241,-0.97854,-1,-0.98698,-0.78628,0,0,0,0,0,0,0,0
0.68253,1.183,0.41741,-1,0,0,0,0,1.7548,1.0111,-0.98104,1,0.96335,-0.0044877,0,0,0,0,1.7524,999,999,999,1.6969,0.97692,0,0,0,0,0,0,0,0,0,0,0,0,0,0,0,0,0,0,0,0,0,0,0,0,0,0,0,0,0,0,0,0,0,0,0,0,0,0,0,0.00014836,1.7548,1,0.99025,0,0,0,0,0.68253,1.183,0.41741,-1,1,0.00020452,0.6892,1
0,0,0,0,0.72155,1.3278,-0.055088,-1,1.8262,0,-0.52093,-1,0.085636,-0.0066768,-8.3411e-05,0,0,0,1.9509,999,999,999,1.5752,1.0211,1.657,0.94771,0.18099,4.3566e-06,9999,1,1,0,3.9551,0.30265,0,0,0,0,0,0,0,0,1,1.8262,0.9842,-0.88782,0,0,0,0,0,10,0.18099,4.3566e-06,9999,1,0,3.9551,0.30265,1.8262,0.9842,-0.88782,2,0.0014893,1.8262,-1,0.9842,0.81412,-1,-0.0066768,-0.62572,0,0,0,0,0,0,0,0
0,0,0,0,0.951,0.20776,0.4974,-1,1.2126,0.54929,-0.84759,-1,-0.063644,-0.045686,-0.012678,1,1,0.49586,1.5895,-0.951,0.93397,-0.33525,0.79556,0.91996,1.2974,0.326,0.086062,1.3108e-06,9999,1,1,0,7.5195,0.14403,0,0,0,0,0,0,0,0,1,1.2126,0.9884,-0.24413,0,0,0,0,0,10,0.086062,1.3108e-06,9999,1,0,7.5195,0.14403,1.2126,0.9884,-0.24413,0,0.0032398,1.2126,-1,0.9884,0.65373,-1,-0.063644,-0.51909,0,0,0,0,0,0,0,0
1.3176,0.72028,-0.88728,-1,0,0,0,0,0.88271,0.60572,0.45262,1,0.038375,-0.003867,0.00019206,2,1,0.4984,1.5485,999,999,999,1.1549,1.351,0.21878,0.80678,0.070915,1.2268e-06,9999,0,1,0,6.3477,0.11427,0,0,0,0,0,0,0,0,1,1.3176,0.93858,-0.56817,0,0,0,0,0,10,0.070915,1.2268e-06,9999,1,0,6.3477,0.11427,1.3176,0.93858,-0.56817,2,0.0035573,1.3176,-1,0.93858,-0.56817,-1,-0.003867,-0.74138,0,0,0,0,0,0,0,0
0,0,0,0,0,0,0,0,1.0162,1.1472,-0.97896,-1,0.98205,0.0015542,-0.00083941,2,1,0.49732,1.2153,0.57658,-0.79533,-0.96194,0.68401,0.7504,1.5889,0.72363,0.21867,5.178e-07,9999,1,-1,615.23,5.5664,0.20803,0,0,0,0,0,0,0,0,1,0.57658,0.79533,-0.99236,0,0,0,0,0,10,0.21867,5.178e-07,9999,-1,615.23,5.5664,0.20803,0.57658,0.79533,-0.99236,-6,0.0051305,1.0162,-1,0.7914,0.9546,1,0.98205,0.0041477,0,0,0,0,0,0,0,0
0,0,0,0,0,0,0,0,0.48521,0.57626,-0.39377,-1,-0.97308,-1.2993e-05,1.0055e-05,0,0,0,0.68914,999,999,999,0.27303,0.4176,0.395,0.56759,0.097796,1.6006e-06,9999,1,-1,0,4.6875,0.18914,0,0,0,0,0,0,0,0,1,999,999,999,0,0,0,0,0,0,0,0,0,0,0,0,0,0,0,0,0,0,0,0,0,-0.047547,-1,-0.97308,-0.059156,0,0,0,0,0,0,0,1
0,0,0,0,0,0,0,0,0.90369,0.82291,-0.39714,1,-0.94434,0.0016911,0.00010976,2,0,0,1.27,-0.5188,0.70094,-0.34343,1.0069,0.4738,0.84575,0.17433,0.23261,4.0513e-07,9999,0,1,878.91,6.0059,0.15097,0,0,0,0,0,0,0,0,1,0.64568,0.26664,-0.79777,0,0,0,0,0,10,0.23261,4.0513e-07,9999,1,878.91,6.0059,0.15097,0.64568,0.26664,-0.79777,0,0.0023934,0.90369,1,0.96548,-0.79777,-1,-0.94434,-0.00016477,0,0,0,0,0,0,0,0
0,0,0,0,0,0,0,0,0.79487,0.54119,0.06853,-1,0.97973,0.63216,0.21692,0,0,0,1.1966,999,999,999,0.67569,0.83699,1.0242,0.46434,0.177,6.1007e-07,9999,1,-1,576.17,4.6875,0.23883,0,0,0,0,0,0,0,0,1,0.63774,0.69672,-0.11989,0,0,0,0,0,10,0.177,6.1007e-07,9999,-1,576.17,4.6875,0.23883,0.63774,0.69672,-0.11989,-5,0.0071247,0.81072,1,0.61979,-0.41087,1,0.97973,0.024305,0,0,0,0,0,0,0,1
0,0,0,0,0,0,0,0,1.0834,0.27248,-0.52876,1,0.066728,-0.00017508,0.00014619,1,0,0,1.1124,0.69201,0.79024,-0.43233,0.78844,0.54013,0.81217,0,0,0,0,0,0,0,0,0,0,0,0,0,0,0,0,0,0,0,0,0,0,0,0,0,0,0,0,0,0,0,0,0,0,0,0,0,0,0.0058498,0.69201,1,0.79024,0,0,0,0,0,0,0,0,0,0,0,0
0,0,0,0,0,0,0,0,1.1076,0.38295,0.85068,1,-0.96791,0.96281,0.92097,0,0,0,1.6499,999,999,999,0.75212,1.0972,1.1616,0.44956,0.21396,3.7144e-07,9999,1,1,869.14,8.3008,0.12624,0,0,0,0,0,0,0,0,1,0.65334,0.90379,-0.23488,0,0,0,0,0,10,0.21396,3.7144e-07,9999,1,869.14,8.3008,0.12624,0.65334,0.90379,-0.23488,0,0.0074245,1.1076,1,0.98691,-0.23488,-1,-0.96791,-0.0011896,0,0,0,0,0,0,0,0
0,0,0,0,0,0,0,0,0.68195,0.69066,0.71619,1,0.0076813,-0.00058017,-4.222e-05,1,0,0,0.74432,999,999,999,1.0899,0.53186,0.55931,0.44408,0.2293,1.0227e-06,9999,1,-1,517.58,3.4668,0.31369,0,0,0,0,0,0,0,0,1,0.68195,0.82779,-0.08199,0,0,0,0,0,10,0.2293,1.0227e-06,9999,-1,517.58,3.4668,0.31369,0.68195,0.82779,-0.08199,-5,0.0099489,0.89457,-1,0.89757,0.45139,-1,-2.9128e-06,-0.00017281,0,0,0,0,0,0,0,0
0,0,0,0,0,0,0,0,1.6344,0.26908,0.43969,1,0.024067,-0.023658,0.00014999,2,0,0,1.7361,999,999,999,1.5987,1.164,0.36066,0.83929,0.24678,6.6853e-07,9999,1,-1,473.63,3.7598,0.25419,0,0,0,0,0,0,0,0,1,1.6344,0.98604,-0.75104,0,0,0,0,0,10,0.24678,6.6853e-07,9999,-1,473.63,3.7598,0.25419,1.6344,0.98604,-0.75104,-0,0.00064302,1.6344,1,0.98604,0.88921,1,1.2506e-06,0.0018492,0,0,0,0,0,0,0,1
0,0,0,0,0,0,0,0,1.1929,0.78403,0.36895,1,0.984,0.81497,0.043739,1,0,0,1.3283,1.1929,0.88377,-0.81548,0.75828,1.5001,1.6876,0.94918,0.094789,3.4196e-07,9999,1,-1,1503.9,9.375,0.099558,0,0,0,0,0,0,0,0,1,1.1929,0.88377,-0.94348,0,0,0,0,0,10,0.094789,3.4196e-07,9999,-1,1503.9,9.375,0.099558,1.1929,0.88377,-0.94348,-2,0.0083022,1.1929,1,0.88377,0.96093,1,0.984,0.82713,0,0,0,0,0,0,0,1
0,0,0,0,0,0,0,0,0.44907,0.36946,-0.042272,1,0.22923,0.0050771,3.6263e-05,2,0,0,0.76758,999,999,999,0.50489,0.58821,0.53458,0,0,0,0,0,0,0,0,0,0,0,0,0,0,0,0,0,0,0,0,0,0,0,0,0,0,0,0,0,0,0,0,0,0,0,0,0,0,0,0,0,0,0,0,0,0,0,0,0,0,0,0,0,0
0,0,0,0,0.48849,1.2224,-0.83617,1,0.5627,0,0.56898,-1,8.1786e-05,1.9325e-05,-1.4801e-05,0,0,0,0.75531,999,999,999,0.75116,0.45631,0.42928,0,0,0,0,0,0,0,0,0,0,0,0,0,0,0,0,0,0,0,0,0,0,0,0,0,0,0,0,0,0,0,0,0,0,0,0,0,0,0.01056,0.5627,-1,0.88063,0,0,0,0,0,0,0,0,0,0,0,1
0,0,0,0,0,0,0,0,0.57969,1.8206,-0.99562,-1,0.00099954,-0.00064358,-2.3415e-05,0,0,0,0.83062,999,999,999,0.70374,0.39867,0.47735,0.84623,0.15372,5.6644e-07,9999,1,-1,551.76,5.4199,0.22547,0,0,0,0,0,0,0,0,1,999,999,999,0,0,0,0,0,0,0,0,0,0,0,0,0,0,0,0,0,0.021915,0.57969,-1,0.8052,0.85791,1,0.00099954,0.47224,0,0,0,0,0,0,0,1
0,0,0,0,0,0,0,0,0.63169,1.2696,-0.88449,-1,-1,-0.00080207,-0.00064761,2,0,0,0.76725,999,999,999,0.18831,0.54162,0.4112,0.39875,0.10141,3.6093e-07,9999,1,1,1210.9,10.352,0.11736,0,0,0,0,0,0,0,0,1,0.63169,0.76711,-0.046857,0,0,0,0,0,10,0.10141,3.6093e-07,9999,1,1210.9,10.352,0.11736,0.63169,0.76711,-0.046857,4,0.023141,0.63169,-1,0.76711,-0.37198,-1,-1,-0.44346,0,0,0,0,0,0,0,0
0,0,0,0,0,0,0,0,1.1364,1.1586,0.2359,1,0.036058,-0.0005835,7.0947e-05,0,0,0,1.355,999,999,999,1.4547,0.86497,0.64144,0,0,0,0,0,0,0,0,0,0,0,0,0,0,0,0,0,0,0,0,0,0,0,0,0,0,0,0,0,0,0,0,0,0,0,0,0,0,0.00076194,1.1364,1,0.71821,0,0,0,0,0,0,0,0,0,0,0,1
0,0,0,0,1.2215,1.0377,-0.98746,-1,0.78259,1.5791,-0.48587,-1,0.97446,-0.077308,-0.067237,0,0,0,1.449,999,999,999,0.82312,1.0523,0.87168,0.44856,0.22371,7.7509e-07,9999,1,-1,722.66,3.5156,0.27684,0,0,0,0,0,0,0,0,1,999,999,999,0,0,0,0,0,0,0,0,0,0,0,0,0,0,0,0,0,0.022093,1.2215,-1,0.89277,0.37685,1,0.97446,0.00053741,0,0,0,0,0,0,0,1
0,0,0,0,0,0,0,0,0.75766,1.0921,0.7103,1,-0.99902,0.0039032,-0.00013062,0,0,0,1.1364,999,999,999,0.46616,0.8607,0.33264,0.91034,0.13127,4.5661e-07,9999,0,-1,839.84,6.3477,0.18078,0,0,0,0,0,0,0,0,1,0.75766,0.94699,-0.99261,0,0,0,0,0,10,0.10157,1.5033e-06,9999,-1,0,5.7617,0.17751,0.75766,0.94699,-0.66463,-4,0.012967,0.75766,1,0.94699,-0.44469,-1,-0.99902,-0.00043865,0,0,0,0,0,0,0,0
0.78235,0.1655,0.35658,-1,0,0,0,0,0,0,0,0,-0.0076779,-0.00044748,1.214e-06,2,0,0,0.70264,999,999,999,0.70485,0.6723,0.10389,0,0,0,0,0,0,0,0,0,0,0,0,0,0,0,0,0,0,0,0,0,0,0,0,0,0,0,0,0,0,0,0,0,0,0,0,0,0,0.0076043,0.78235,-1,0.97927,0,0,0,0,0.78235,0.1655,0.35658,-1,1,0.0076043,0.97927,0
0,0,0,0,1.0212,0.85906,-0.80058,1,0.84765,0,0.66546,-1,0.029726,-0.029445,0.00062443,0,0,0,1.4596,999,999,999,1.0615,1.2945,0.81272,0,0,0,0,0,0,0,0,0,0,0,0,0,0,0,0,0,0,0,0,0,0,0,0,0,0,0,0,0,0,0,0,0,0,0,0,0,0,0.0039305,1.3337,1,0.91887,0,0,0,0,0,0,0,0,0,0,0,1
0,0,0,0,0,0,0,0,0.1403,0.95959,-0.29956,1,8.5297e-05,-1.2209e-06,-6.1082e-07,1,0,0,0.52303,999,999,999,0.65261,0.11024,0.23905,0.84996,0.090816,1.2209e-06,9999,0,-1,0,12.695,0.11024,0,0,0,0,0,0,0,0,1,999,999,999,0,0,0,0,0,0,0,0,0,0,0,0,0,0,0,0,0,0,0,0,0,0.57283,1,8.5297e-05,0.7266,0,0,0,0,0,0,0,0
0,0,0,0,0,0,0,0,1.6588,0.34041,-0.71716,1,0.044545,0.00095401,5.6279e-05,2,1,0.49495,1.1069,1.6588,-0.89855,-0.83261,1.3561,1.0474,0.61821,0,0,0,0,0,0,0,0,0,0,0,0,0,0,0,0,0,0,0,0,0,0,0,0,0,0,0,0,0,0,0,0,0,0,0,0,0,0,0.0052727,1.6588,1,0.89855,0,0,0,0,0,0,0,0,0,0,0,1
1.0468,0.28559,0.97809,1,0,0,0,0,1.1065,1.494,-0.90385,1,0.96708,0.066805,-0.00024981,0,0,0,1.5524,1.0468,-0.97694,-0.9322,1.5732,0.911,0.87674,0,0,0,0,0,0,0,0,0,0,0,0,0,0,0,0,0,0,0,0,0,0,0,0,0,0,0,0,0,0,0,0,0,0,0,0,0,0,0.01673,1.1065,1,0.84637,0,0,0,0,0,0,0,0,0,0,0,1
0,0,0,0,0,0,0,0,0.64524,1.4352,-0.73454,-1,0.97739,-2.3368e-05,6.3458e-06,3,1,0.49733,0.99297,999,999,999,0.87865,0.47712,0.35738,0.60932,0.11612,3.6512e-07,9999,0,1,947.27,8.3984,0.12098,0,0,0,0,0,0,0,0,1,999,999,999,0,0,0,0,0,10,0.19175,4.6816e-07,9999,-1,693.36,4.1016,0.18649,0.72005,0.83253,-0.60787,-9,0.027559,0.72005,1,0.83253,-0.60787,1,0.97739,0.0023482,0,0,0,0,0,0,0,0
0,0,0,0,0,0,0,0,1.0367,0.90906,-0.23551,-1,-0.15528,0.00060656,3.7772e-05,0,0,0,1.0148,999,999,999,1.6711,0.7752,0.54092,0.34732,0.084826,1.2154e-06,9999,1,-1,0,19.922,0.07998,0,0,0,0,0,0,0,0,1,0.81412,0.2598,-0.35273,0,0,0,0,0,10,0.084826,1.2154e-06,9999,-1,0,19.922,0.07998,0.81412,0.2598,-0.35273,-4,0.0034708,1.0367,-1,0.92945,0.49997,1,3.7772e-05,0.44595,0,0,0,0,0,0,0,1
1.6793,0.56074,-0.048368,1,0,0,0,0,2.0681,0,-0.4856,-1,0.99963,-0.00081551,0.00044636,0,0,0,2.1609,999,999,999,0.36712,1.89,2.6677,0,0,0,0,0,0,0,0,0,0,0,0,0,0,0,0,0,0,0,0,0,0,0,0,0,0,0,0,0,0,0,0,0,0,0,0,0,0,0.00012865,2.0681,-1,0.97903,0,0,0,0,0,0,0,0,0,0,0,1
0,0,0,0,0,0,0,0,2.1349,0.15856,-0.8825,-1,-0.93083,-0.20879,0.00019593,1,0,0,1.3248,-0.64214,0.98528,-0.98778,1.4213,1.0478,0.82051,0.32375,0.075234,1.255e-06,9999,1,-1,0,8.5938,0.12741,0,0,0,0,0,0,0,0,1,0.57077,0.9244,-0.65168,0,0,0,0,0,10,0.075234,1.255e-06,9999,-1,0,8.5938,0.12741,0.57077,0.9244,-0.65168,-5,0.017675,2.1349,-1,0.98806,-0.54679,1,5.0123e-06,0.57567,0,0,0,0,0,0,0,0
0,0,0,0,2.1024,0.26798,-0.99431,-1,0.31507,0.29585,0.48548,1,-0.56947,-0.0098136,1.3069e-05,1,0,0,1.3764,-2.1024,-0.95538,-0.90051,2.0951,1.5025,0.41813,0,0,0,0,0,0,0,0,0,0,0,0,0,0,0,0,0,0,0,0,0,0,0,0,0,0,0,0,0,0,0,0,0,0,0,0,0,0,0.0055845,2.1024,-1,0.95538,0,0,0,0,0,0,0,0,0,0,0,0
0,0,0,0,1.1788,0,-0.65765,1,0.32201,0.073897,0.61762,1,0.011317,-2.2291e-05,1.1212e-05,2,0,0,1.2172,999,999,999,1.0703,0.47105,0.5144,0.67434,0.1386,3.6754e-07,9999,1,-1,1220.7,8.1055,0.12302,0,0,0,0,0,0,0,0,1,1.1788,0.95628,-0.45382,0,0,0,0,0,10,0.1386,3.6754e-07,9999,-1,1220.7,8.1055,0.12302,1.1788,0.95628,-0.45382,-2,0.019585,1.1788,1,0.95628,0.20916,1,1.1212e-05,0.32004,0,0,0,0,0,0,0,1
0,0,0,0,0,0,0,0,0.93127,0.56964,-0.14348,1,0.044843,-0.0006918,3.4283e-06,1,0,0,1.2589,999,999,999,1.08,0.7668,0.31025,0.9709,0.18659,5.629e-07,9999,1,-1,512.7,4.3945,0.2243,0,0,0,0,0,0,0,0,1,999,999,999,0,0,0,0,0,0,0,0,0,0,0,0,0,0,0,0,0,0.0033786,0.95178,-1,0.88234,0.86284,1,0.044843,0.70499,0,0,0,0,0,0,0,1
0,0,0,0,0,0,0,0,0.52213,0,-0.57823,1,0.00040784,-0.0001752,-3.0513e-05,2,1,0.49747,0.61273,999,999,999,0.66842,0.13989,0.51007,0.19204,0.21199,0.0001752,9999,0,-1,751.95,0,0.13989,0,0,0,0,0,0,0,0,1,0.52213,0.57823,-0.56301,0,0,0,0,0,10,0.21199,0.0001752,9999,-1,751.95,0,0.13989,0.52213,0.57823,-0.56301,-0,0.0021859,0.52213,1,0.57823,-0.56301,1,0.00040784,0.0005793,0,0,0,0,0,0,0,1
0,0,0,0,0,0,0,0,0.53361,0.059642,0.43024,-1,-0.96524,-9.0376e-05,-8.9665e-05,1,1,0.50253,0.95119,-0.53361,0.99064,-0.93484,0.95808,0.77574,0.67797,0,0,0,0,0,0,0,0,0,0,0,0,0,0,0,0,0,0,0,0,0,0,0,0,0,0,0,0,0,0,0,0,0,0,0,0,0,0,0.0026448,0.79445,-1,0.9632,0,0,0,0,0,0,0,0,0,0,0,0
0,0,0,0,1.9809,0.062001,-0.96602,-1,0.18673,1.0388,0.98731,1,-0.21881,4.8421e-07,0,1,0,0,1.8849,999,999,999,2.6662,0.19396,0,0.87862,0.18673,4.8421e-07,9999,0,1,1103.5,4.541,0.19396,0,0,0,0,0,0,0,0,1,1.9809,0.99548,-0.91997,0,0,0,0,0,10,0.18673,4.8421e-07,9999,1,1103.5,4.541,0.19396,1.9809,0.99548,-0.91997,2,0.01082,1.9809,-1,0.99548,-0.91997,-1,-0.21881,-0.26942,0,0,0,0,0,0,0,0
0,0,0,0,0,0,0,0,0.21858,2.0792,-0.8668,-1,2.4577e-06,1.32e-06,1.0031e-06,1,0,0,0.53379,999,999,999,0.28524,0.23744,0.31131,0.85276,0.19668,6.8988e-07,9999,1,-1,546.88,3.9062,0.25922,0,0,0,0,0,0,0,0,1,999,999,999,0,0,0,0,0,0,0,0,0,0,0,0,0,0,0,0,0,0,0,0,0,0.95121,1,1.0031e-06,0.12207,0,0,0,0,0,0,0,1
0,0,0,0,0,0,0,0,1.6662,0.41561,-0.99625,-1,-0.90002,-1.7202e-05,-4.661e-06,2,0,0,1.6348,999,999,999,2.2959,0.44438,0.33349,0.87643,0.20993,5.165e-07,9999,1,-1,620.12,4.4434,0.20752,0,0,0,0,0,0,0,0,1,999,999,999,0,0,0,0,0,0,0,0,0,0,0,0,0,0,0,0,0,0.012043,1.6662,-1,0.99709,0.54947,1,1.441e-06,0.080939,0,0,0,0,0,0,0,0
0,0,0,0,0,0,0,0,0.5668,0.84519,-0.8744,1,-5.8573e-05,2.2249e-05,-1.7592e-05,1,0,0,0.73747,999,999,999,0.60874,0.47023,0.44664,0.87971,0.048556,1.2127e-06,9999,0,1,0,11.035,0.10222,0,0,0,0,0,0,0,0,1,999,999,999,0,0,0,0,0,0,0,0,0,0,0,0,0,0,0,0,0,0.019011,0.5668,1,0.93516,0.63883,-1,-5.8573e-05,-0.77824,0,0,0,0,0,0,0,0
0,0,0,0,0,0,0,0,0.64816,0.67123,0.26659,-1,-0.0075797,-4.2999e-05,3.2832e-05,3,0,0,0.75807,-0.64816,-0.5592,-0.18376,0.64627,0.56249,0.52012,0,0,0,0,0,0,0,0,0,0,0,0,0,0,0,0,0,0,0,0,0,0,0,0,0,0,0,0,0,0,0,0,0,0,0,0,0,0,0.01117,0.64816,-1,0.5592,0,0,0,0,0,0,0,0,0,0,0,0
0,0,0,0,0,0,0,0,1.0586,0.23576,-0.75289,1,0.00043434,0.00018059,-2.1345e-05,1,0,0,0.81356,1.0586,-0.88724,-0.39158,0.55402,0.7539,0.46697,0.53501,0.08103,1.2365e-06,9999,1,-1,0,12.305,0.11954,0,0,0,0,0,0,0,0,1,1.0586,0.88724,-0.22237,0,0,0,0,0,10,0.08103,1.2365e-06,9999,-1,0,12.305,0.11954,1.0586,0.88724,-0.22237,-2,0.0053562,1.0586,1,0.88724,0.79788,1,0.00043434,0.64557,0,0,0,0,0,0,0,1
0,0,0,0,0,0,0,0,0.57785,1.2172,-0.47526,1,0.99992,-0.00059548,4.7512e-05,1,0,0,0.65164,999,999,999,0.29463,0.28777,0.57031,0.81296,0.22916,0.99992,9999,1,1,1484.4,14.258,0.29463,0,0,0,0,0,0,0,0,1,999,999,999,0,0,0,0,0,0,0,0,0,0,0,0,0,0,0,0,0,0.012191,0.57785,1,0.97802,-0.37104,-1,-0.00059548,-3.4516e-06,0,0,0,0,0,0,0,1
0,0,0,0,0,0,0,0,0.87107,0.68273,-0.72257,1,-0.0013958,5.9021e-05,1.192e-05,1,0,0,0.74669,999,999,999,0.45947,0.62389,0.40984,0,0,0,0,0,0,0,0,0,0,0,0,0,0,0,0,0,0,0,0,0,0,0,0,0,0,0,0,0,0,0,0,0,0,0,0,0,0,0.0012186,0.87107,1,0.92262,0,0,0,0,0,0,0,0,0,0,0,0
1.1,0.91575,-0.94055,-1,0,0,0,0,0.71875,0.043789,-0.61011,-1,-0.98206,-0.046285,0,1,0,0,1.2464,999,999,999,0.77806,1.0432,0,0,0,0,0,0,0,0,0,0,0,0,0,0,0,0,0,0,0,0,0,0,0,0,0,0,0,0,0,0,0,0,0,0,0,0,0,0,0,0.0057658,1.1,-1,0.90722,0,0,0,0,0,0,0,0,0,0,0,0
0,0,0,0,0.40376,0.12128,-0.34224,-1,0.2821,0.12128,-0.51773,1,-5.0237e-05,4.929e-06,-1.8254e-06,2,1,0.49991,0.52369,999,999,999,0.59244,0.45566,0.37556,0,0,0,0,0,0,0,0,0,0,0,0,0,0,0,0,0,0,0,0,0,0,0,0,0,0,0,0,0,0,0,0,0,0,0,0,0,0,0,0,0,0,0,0,0,0,0,0,0,0,0,0,0,1
0,0,0,0,0,0,0,0,0.87425,1.2471,-0.93342,1,0.055804,0.00049341,0.00046611,0,0,0,0.82533,999,999,999,0.66832,0.27889,0.26402,0.83121,0.23756,0.00046611,9999,1,1,512.7,0,0.26402,0,0,0,0,0,0,0,0,1,999,999,999,0,0,0,0,0,0,0,0,0,0,0,0,0,0,0,0,0,0.021877,0.87425,1,0.89927,0.84129,-1,-1.3216e-05,-0.0036214,0,0,0,0,0,0,0,0
0,0,0,0,0,0,0,0,0.45625,0,-0.7595,-1,-5.3421e-05,-1.2093e-06,0,0,0,0,0.44534,999,999,999,0.60544,0.091581,0,0.88036,0.091176,1.2093e-06,9999,1,-1,0,12.891,0.091581,0,0,0,0,0,0,0,0,1,999,999,999,0,0,0,0,0,0,0,0,0,0,0,0,0,0,0,0,0,0,0,0,0,0,0,0,0,0,0,0,0,0,0,0,1
0,0,0,0,0,0,0,0,0.20561,0.63923,0.54734,1,1.0276e-06,-4.8813e-07,0,0,0,0,0.25385,999,999,999,0.31428,0.1957,0,0.46554,0.20561,1.0276e-06,9999,1,1,502.93,3.6133,0.31428,0,0,0,0,0,0,0,0,1,999,999,999,0,0,0,0,0,0,0,0,0,0,0,0,0,0,0,0,0,0,0,0,0,0,0,0,0,0,0,0,0,0,0,0,0
0,0,0,0,0,0,0,0,0.77317,0.85301,-0.38921,-1,-0.056485,0.029004,-8.1474e-05,0,0,0,1.0592,-0.52437,-0.36236,-0.4863,1.0024,0.93243,0.73449,0.70158,0.23421,8.8449e-07,9999,1,1,551.76,4.541,0.29518,0,0,0,0,0,0,0,0,1,0.77317,0.96028,-0.47672,0,0,0,0,0,10,0.23421,8.8449e-07,9999,1,551.76,4.541,0.29518,0.77317,0.96028,-0.47672,0,0.013131,0.77317,-1,0.96028,-0.17239,-1,-8.1474e-05,-0.00082187,0,0,0,0,0,0,0,0
0,0,0,0,0,0,0,0,0.51182,0.68961,-0.30815,-1,0.99965,-0.86761,0.0006067,1,0,0,0.66837,999,999,999,0.35428,0.22784,0.50638,0.62439,0.23662,1.9459e-06,9999,0,-1,595.7,3.8086,0.38152,0,0,0,0,0,0,0,0,1,0.62289,0.91697,-0.32827,0,0,0,0,0,10,0.16512,0.99965,9999,1,1464.8,11.328,0.35428,0.51182,0.58121,-0.16448,22,0.0017799,0.62289,1,0.91697,-0.0095185,1,0.99965,0.00036777,0,0,0,0,0,0,0,1
1.2876,0.20579,-0.33456,1,0,0,0,0,0.77893,0.20579,0.50216,-1,0.95593,0.0029078,-0.00010048,0,0,0,1.4443,999,999,999,1.226,2.0447,0.53481,0.27245,0.15123,1.9794e-06,9999,1,-1,0,4.3945,0.22115,0,0,0,0,0,0,0,0,1,1.1052,0.60449,-0.89155,0,0,0,0,0,10,0.15123,1.9794e-06,9999,-1,0,4.3945,0.22115,1.1052,0.60449,-0.89155,-0,0.0017761,1.2876,1,0.78842,-0.89155,1,0.95593,0.073681,0,0,0,0,0,0,0,1
0,0,0,0,0,0,0,0,0.7966,1.1402,-0.71922,-1,-0.0021988,2.2243e-06,6.3144e-07,0,0,0,0.76116,999,999,999,1.2224,0.3455,0.24475,0.33205,0.15239,5.5561e-07,9999,1,1,537.11,6.0059,0.22184,0,0,0,0,0,0,0,0,1,999,999,999,0,0,0,0,0,0,0,0,0,0,0,0,0,0,0,0,0,0.023769,0.7966,-1,0.52313,0.19645,1,2.2243e-06,0.023176,0,0,0,0,0,0,0,0
0,0,0,0,0.72062,0.91252,0.34636,1,0.64239,0.81976,-0.66316,-1,-0.98661,0.00039339,0.00025005,0,0,0,1.22,999,999,999,0.66953,0.56057,0.8918,0,0,0,0,0,0,0,0,0,0,0,0,0,0,0,0,0,0,0,0,0,0,0,0,0,0,0,0,0,0,0,0,0,0,0,0,0,0,0.091486,0.64239,-1,0.59343,0,0,0,0,0,0,0,0,0,0,0,1
0,0,0,0,0,0,0,0,1.3365,1.3304,-0.99897,1,-0.32614,0.0015157,2.7911e-06,2,0,0,1.0777,999,999,999,1.2942,1.0165,0.29481,0.3067,0.12344,3.3706e-07,9999,1,-1,1503.9,13.477,0.094527,0,0,0,0,0,0,0,0,1,999,999,999,0,0,0,0,0,10,0.23122,2.7911e-06,9999,1,556.64,3.8086,0.29481,0.79911,0.90373,-0.42231,5,0.013678,1.3365,1,0.97602,0.35127,1,0.0015157,0.25993,0,0,0,0,0,0,0,0
1.5064,0.17993,-0.99891,-1,0,0,0,0,0.55059,0.036621,-0.32597,1,-0.0084425,1.4542e-05,6.4664e-06,0,0,0,1.4413,999,999,999,1.3457,0.42806,0.35887,0,0,0,0,0,0,0,0,0,0,0,0,0,0,0,0,0,0,0,0,0,0,0,0,0,0,0,0,0,0,0,0,0,0,0,0,0,0,0.0065051,1.5064,-1,0.89884,0,0,0,0,0,0,0,0,0,0,0,0
0,0,0,0,0,0,0,0,1.5459,0.84435,0.22744,-1,-0.41707,-0.039517,0.029883,0,0,0,1.7229,-1.5459,-0.95446,-0.8431,0.95875,1.2049,1.2042,0,0,0,0,0,0,0,0,0,0,0,0,0,0,0,0,0,0,0,0,0,0,0,0,0,0,0,0,0,0,0,0,0,0,0,0,0,0,0.008375,1.5459,-1,0.95446,0,0,0,0,0,0,0,0,0,0,0,0
0,0,0,0,0,0,0,0,0.35165,0.22442,0.16334,-1,0.00010328,-3.3033e-06,-3.0932e-06,2,0,0,0.41002,999,999,999,0.66555,0.30746,0.30252,0,0,0,0,0,0,0,0,0,0,0,0,0,0,0,0,0,0,0,0,0,0,0,0,0,0,0,0,0,0,0,0,0,0,0,0,0,0,0,0,0,0,0,0,0,0,0,0,0,0,0,0,0,0
0,0,0,0,0,0,0,0,1.3493,1.0093,-0.97852,-1,0.061276,-6.1427e-05,9.9382e-06,2,1,0.4963,1.0212,0.58437,-0.82492,-0.55643,0.71642,2.0581,0.39401,0.29023,0.13098,3.4927e-07,9999,1,-1,3046.9,12.402,0.10671,0,0,0,0,0,0,0,0,1,999,999,999,0,0,0,0,0,0,0,0,0,0,0,0,0,0,0,0,0,0.0024092,0.58437,1,0.82492,0.03392,1,0.061276,0.19924,0,0,0,0,0,0,0,0
0,0,0,0,0,0,0,0,0.50731,1.1554,0.63448,-1,0.99997,-0.00030321,0.00022451,0,0,0,0.83102,999,999,999,0.24856,0.7674,0.83028,0.47158,0.18804,0.99997,9999,1,1,2246.1,19.531,0.24856,0,0,0,0,0,0,0,0,1,0.50731,0.35046,-0.9636,0,0,0,0,0,10,0.18804,0.99997,9999,1,2246.1,19.531,0.24856,0.50731,0.35046,-0.9636,22,0.025822,0.50731,-1,0.35046,-0.14391,-1,-8.8573e-06,-1.2979e-05,0,0,0,0,0,0,0,1
0,0,0,0,0,0,0,0,0.31909,0.15568,0.38434,1,-0.0005718,1.6249e-05,9.3252e-07,0,0,0,0.60073,999,999,999,0.78343,0.5391,0.3021,0,0,0,0,0,0,0,0,0,0,0,0,0,0,0,0,0,0,0,0,0,0,0,0,0,0,0,0,0,0,0,0,0,0,0,0,0,0,0.061953,0.55055,-1,0.81063,0,0,0,0,0,0,0,0,0,0,0,0
0,0,0,0,0,0,0,0,0.5593,0.92327,-0.81201,-1,-0.99118,-1.2755e-05,-1.2113e-06,1,0,0,0.4043,999,999,999,0.21134,0.41592,0.10011,0.50664,0.089992,1.2113e-06,9999,1,-1,0,12.5,0.10011,0,0,0,0,0,0,0,0,1,999,999,999,0,0,0,0,0,0,0,0,0,0,0,0,0,0,0,0,0,0.0087381,0.5593,-1,0.89636,0,0,0,0,0,0,0,0,0,0,0,1
0,0,0,0,0,0,0,0,1.1292,0.095866,-0.55064,-1,-0.026292,-2.5913e-06,4.4585e-07,2,0,0,1.1476,999,999,999,1.1482,0.28923,0.17518,0,0,0,0,0,0,0,0,0,0,0,0,0,0,0,0,0,0,0,0,0,0,0,0,0,0,0,0,0,0,0,0,0,0,0,0,0,0,0.0038484,1.1292,-1,0.82555,0,0,0,0,0,0,0,0,0,0,0,0
0,0,0,0,0,0,0,0,0.49218,0.61569,0.56775,1,0.0015224,7.9437e-05,-8.6687e-06,2,0,0,0.69744,999,999,999,0.46422,0.68362,0.38253,0.08099,0.15168,3.494e-07,9999,1,-1,634.77,13.086,0.10684,0,0,0,0,0,0,0,0,1,999,999,999,0,0,0,0,0,0,0,0,0,0,0,0,0,0,0,0,0,0,0,0,0,0.23729,1,7.9437e-05,0.036252,0,0,0,0,0,0,0,1
0,0,0,0,0,0,0,0,0.53597,0.86805,-0.85266,-1,0.99508,-0.98856,-4.1617e-05,1,0,0,0.81107,999,999,999,0.16839,0.51572,0.55578,0.71037,0.19599,3.9943e-07,9999,1,1,781.25,3.3203,0.14713,0,0,0,0,0,0,0,0,1,999,999,999,0,0,0,0,0,0,0,0,0,0,0,0,0,0,0,0,0,0.0065602,0.53597,-1,0.5676,-0.58364,-1,-0.98856,-0.023298,0,0,0,0,0,0,0,0
0,0,0,0,0,0,0,0,1.6342,0.055014,-0.85454,-1,-0.050723,-0.0044209,0.0039667,2,1,0.49938,1.9254,-0.8106,-0.62116,-0.54089,1.8875,0.96585,0.55877,0,0,0,0,0,0,0,0,0,0,0,0,0,0,0,0,0,0,0,0,0,0,0,0,0,0,0,0,0,0,0,0,0,0,0,0,0,0,0.0047644,1.6342,-1,0.98246,0,0,0,0,0,0,0,0,0,0,0,0
0,0,0,0,0,0,0,0,0.67418,0.94166,-0.66079,-1,-0.018451,-0.014731,0.00016484,3,1,0.50416,0.82437,999,999,999,0.63275,1.0835,0.89953,0.9262,0.20793,9.6459e-07,9999,1,1,473.63,3.5156,0.30642,0,0,0,0,0,0,0,0,1,999,999,999,0,0,0,0,0,10,0.16881,3.7305e-07,9999,1,810.55,7.0312,0.12754,0.67418,0.97132,-0.67389,2,0.0040506,0.67418,-1,0.97132,0.82153,-1,-0.014731,-0.23127,0,0,0,0,0,0,0,0
0,0,0,0,0,0,0,0,1.1551,1.4706,-0.74312,1,0.069809,-5.4433e-05,3.7048e-05,1,0,0,1.406,999,999,999,1.2995,0.61005,0.44103,0.94181,0.22076,4.8335e-07,9999,1,-1,590.82,5.2734,0.19357,0,0,0,0,0,0,0,0,1,999,999,999,0,0,0,0,0,0,0,0,0,0,0,0,0,0,0,0,0,0.0030527,1.1551,1,0.93465,0.8142,1,0.069809,0.16691,0,0,0,0,0,0,0,0
0,0,0,0,0,0,0,0,1.0034,1.1727,-0.94195,-1,-0.82657,-0.04716,-8.4867e-05,0,0,0,1.5693,-1.2388,0.75823,-0.60678,1.1454,1.955,0.74642,0.87144,0.16319,3.9317e-07,9999,1,1,820.31,8.5938,0.14277,0,0,0,0,0,0,0,0,1,1.2388,0.75823,-0.91148,0,0,0,0,0,10,0.16319,3.9317e-07,9999,1,820.31,8.5938,0.14277,1.2388,0.75823,-0.91148,2,0.021382,1.2388,-1,0.75823,0.87868,-1,-0.82657,-0.46477,0,0,0,0,0,0,0,0
0.7137,0.30123,-0.38296,1,0,0,0,0,0.8198,0.3636,0.33666,-1,0.40335,0.13341,-0.0096559,1,0,0,1.2679,0.7607,0.36054,-0.19959,0.94212,1.1689,1.0056,0,0,0,0,0,0,0,0,0,0,0,0,0,0,0,0,0,0,0,0,0,0,0,0,0,0,0,0,0,0,0,0,0,0,0,0,0,0,0.017813,0.8198,-1,0.93812,0,0,0,0,0.7137,0.30123,-0.38296,1,1,0.0015049,0.58986,0
0,0,0,0,0,0,0,0,0.38933,0.57448,-0.93177,-1,-6.2587e-05,-3.4282e-05,7.6644e-06,0,0,0,0.64725,999,999,999,0.64114,0.52622,0.37245,0,0,0,0,0,0,0,0,0,0,0,0,0,0,0,0,0,0,0,0,0,0,0,0,0,0,0,0,0,0,0,0,0,0,0,0,0,0,0,0,0,0,0,0,0,0,0,0,0,0,0,0,0,0
1.647,0,-0.90684,-1,0,0,0,0,0.066789,0.12533,-0.33603,1,-6.5908e-05,1.2979e-06,0,0,0,0,1.4192,999,999,999,2.3438,0.14074,0,0.43794,0.066789,1.2979e-06,9999,1,1,0,7.1289,0.14074,0,0,0,0,0,0,0,0,1,1.647,0.90196,-0.0069048,0,0,0,0,0,10,0.066789,1.2979e-06,9999,1,0,7.1289,0.14074,1.647,0.90196,-0.0069048,5,0.0081057,1.647,-1,0.90196,-0.0069048,-1,-6.5908e-05,-0.66987,0,0,0,0,0,0,0,0
0,0,0,0,0,0,0,0,1.3099,0.64662,-0.83142,1,0.97742,-0.011174,0,0,0,0,1.3538,999,999,999,0.81583,1.2833,0,0,0,0,0,0,0,0,0,0,0,0,0,0,0,0,0,0,0,0,0,0,0,0,0,0,0,0,0,0,0,0,0,0,0,0,0,0,0,0.0072727,1.3099,1,0.73305,0,0,0,0,0,0,0,0,0,0,0,1
0,0,0,0,0,0,0,0,0.67266,0.26045,-0.30183,1,0.00030904,0.00025738,-2.7661e-06,3,1,0.49628,0.49814,999,999,999,0.86884,0.45462,0.29413,0.76789,0.24034,2.7661e-06,9999,0,-1,468.75,3.4668,0.29413,0,0,0,0,0,0,0,0,1,0.67266,0.64377,-0.59265,0,0,0,0,0,10,0.24034,2.7661e-06,9999,-1,468.75,3.4668,0.29413,0.67266,0.64377,-0.59265,-0,0,0,0,0,0.84409,-1,-2.7661e-06,-0.00011657,0,0,0,0,0,0,0,0
0,0,0,0,0,0,0,0,0.5975,0.49582,-0.66865,1,0.97279,-0.00024707,9.7747e-06,0,0,0,0.79779,999,999,999,0.91356,0.6989,0.3926,0,0,0,0,0,0,0,0,0,0,0,0,0,0,0,0,0,0,0,0,0,0,0,0,0,0,0,0,0,0,0,0,0,0,0,0,0,0,0.01813,0.5975,1,0.8741,0,0,0,0,0,0,0,0,0,0,0,1
0,0,0,0,0,0,0,0,0.89129,0.88919,-0.34974,-1,-0.12581,-0.00066786,0.00064828,1,0,0,1.3499,999,999,999,1.1737,0.79509,0.43667,0.79813,0.16651,5.6633e-07,9999,0,-1,581.05,5.1758,0.22543,0,0,0,0,0,0,0,0,1,999,999,999,0,0,0,0,0,10,0.1596,5.6245e-07,9999,1,615.23,4.9316,0.22415,0.89129,0.89803,-0.096712,6,0.0020657,0.89129,-1,0.89803,0.78442,1,0.00064828,0.25944,0,0,0,0,0,0,0,0
0,0,0,0,0,0,0,0,0.9731,0.23447,-0.53648,-1,0.99998,-0.82882,-0.067361,2,2,0.49873,1.1051,999,999,999,0.31188,0.18568,1.1602,0.96306,0.096617,4.1197e-07,9999,1,-1,1406.2,8.3008,0.15541,0,0,0,0,0,0,0,0,1,999,999,999,0,0,0,0,0,0,0,0,0,0,0,0,0,0,0,0,0,0.019833,0.9731,-1,0.94861,-0.79029,1,0.99998,0.84771,0,0,0,0,0,0,0,0
0,0,0,0,1.2758,0,-0.19231,1,1.2289,0.16325,-0.7453,-1,0.93778,0.0042503,-8.2464e-05,0,0,0,1.6129,1.2758,0.76583,-0.79575,0.84891,1.8516,1.9004,0,0,0,0,0,0,0,0,0,0,0,0,0,0,0,0,0,0,0,0,0,0,0,0,0,0,0,0,0,0,0,0,0,0,0,0,0,0,0.000467,1.2758,1,0.76583,0,0,0,0,0,0,0,0,0,0,0,1
0,0,0,0,1.5919,0,-0.86627,-1,0.90576,0,0.42592,1,-0.031637,0.0010105,0.00067736,0,0,0,1.7496,999,999,999,1.4126,1.0791,0.81357,0,0,0,0,0,0,0,0,0,0,0,0,0,0,0,0,0,0,0,0,0,0,0,0,0,0,0,0,0,0,0,0,0,0,0,0,0,0,0.038753,1.5919,-1,0.95153,0,0,0,0,0,0,0,0,0,0,0,0
0,0,0,0,0,0,0,0,1.6137,0.22803,-0.8545,1,0.96361,0.00064679,-1.443e-05,1,0,0,1.5639,999,999,999,2.238,0.44366,0.42729,0,0,0,0,0,0,0,0,0,0,0,0,0,0,0,0,0,0,0,0,0,0,0,0,0,0,0,0,0,0,0,0,0,0,0,0,0,0,0.01217,1.6137,1,0.9866,0,0,0,0,0,0,0,0,0,0,0,1
0,0,0,0,0,0,0,0,1.2885,1.2689,-0.36391,1,0.13504,0.034454,-0.013252,0,0,0,1.5139,1.2885,0.97827,-0.4099,1.053,1.2077,1.0013,0,0,0,0,0,0,0,0,0,0,0,0,0,0,0,0,0,0,0,0,0,0,0,0,0,0,0,0,0,0,0,0,0,0,0,0,0,0,0.0097467,1.5815,-1,0.91424,0,0,0,0,0,0,0,0,0,0,0,1
0,0,0,0,0,0,0,0,1.061,0.29638,-0.8963,-1,0.97183,-0.0012414,0,0,0,0,0.93455,999,999,999,0.54704,1.5308,0,0,0,0,0,0,0,0,0,0,0,0,0,0,0,0,0,0,0,0,0,0,0,0,0,0,0,0,0,0,0,0,0,0,0,0,0,0,0,0.0058148,1.061,-1,0.8337,0,0,0,0,0,0,0,0,0,0,0,0
0,0,0,0,0,0,0,0,0.29937,0.2893,0.2588,-1,-2.7925e-05,0,0,0,0,0,0.29706,999,999,999,0.38808,0,0,0,0,0,0,0,0,0,0,0,0,0,0,0,0,0,0,0,0,0,0,0,0,0,0,0,0,0,0,0,0,0,0,0,0,0,0,0,0,0,0,0,0,0,0,0,0,0,0,0,0,0,0,0,0
0,0,0,0,0,0,0,0,1.1468,0.67911,-0.90566,1,-0.68729,0.004207,-5.2657e-07,0,0,0,1.0831,999,999,999,1.5065,1.6791,0.21141,0.88415,0.23309,5.2657e-07,9999,1,-1,576.17,3.3203,0.21141,0,0,0,0,0,0,0,0,1,1.1468,0.8921,-0.82209,0,0,0,0,0,10,0.23309,5.2657e-07,9999,-1,576.17,3.3203,0.21141,1.1468,0.8921,-0.82209,-0,0.002506,1.1468,1,0.8921,-0.82209,1,0.004207,0.016537,0,0,0,0,0,0,0,1
0,0,0,0,0,0,0,0,1.0724,1.575,-0.46411,1,-0.9957,0.9519,0,0,0,0,0.99781,999,999,999,0.42609,1.554,0,0,0,0,0,0,0,0,0,0,0,0,0,0,0,0,0,0,0,0,0,0,0,0,0,0,0,0,0,0,0,0,0,0,0,0,0,0,0,0.00086815,1.0724,1,0.8239,0,0,0,0,0,0,0,0,0,0,0,1
0,0,0,0,0,0,0,0,2.1459,0.34277,-0.81949,-1,-0.28882,-0.059543,-0.042409,1,0,0,1.5918,-2.1459,-0.99901,-0.36632,0.91159,0.81427,1.5644,0.93757,0.14794,6.3891e-07,9999,1,1,581.05,4.3945,0.24673,0,0,0,0,0,0,0,0,1,2.1459,0.99901,-0.93421,0,0,0,0,0,10,0.14794,6.3891e-07,9999,1,581.05,4.3945,0.24673,2.1459,0.99901,-0.93421,0,0.0069946,2.1459,-1,0.99901,0.025769,-1,-0.28882,-0.74594,0,0,0,0,0,0,0,0
0,0,0,0,0.74626,1.3174,-0.051302,1,0.93502,0.66069,-0.87254,-1,0.53177,-0.49607,0.062059,0,0,0,1.2804,0.74626,0.59577,-0.19431,1.0306,0.70536,1.159,0,0,0,0,0,0,0,0,0,0,0,0,0,0,0,0,0,0,0,0,0,0,0,0,0,0,0,0,0,0,0,0,0,0,0,0,0,0,0.01109,0.93502,-1,0.84229,0,0,0,0,0,0,0,0,0,0,0,1
0,0,0,0,0,0,0,0,0.55402,0,0.50808,-1,0.97522,0.0016804,-2.9739e-05,1,0,0,0.74113,999,999,999,0.69643,0.47322,0.50666,0.14684,0.19582,4.8529e-07,9999,1,-1,673.83,4.2969,0.19444,0,0,0,0,0,0,0,0,1,999,999,999,0,0,0,0,0,0,0,0,0,0,0,0,0,0,0,0,0,0.0018632,0.55402,-1,0.62227,0.29589,1,0.97522,0.0015633,0,0,0,0,0,0,0,0
0,0,0,0,0,0,0,0,1.1173,0.053742,-0.89235,-1,0.015378,-0.004355,0,1,0,0,1.049,999,999,999,0.81124,1.0631,0,0,0,0,0,0,0,0,0,0,0,0,0,0,0,0,0,0,0,0,0,0,0,0,0,0,0,0,0,0,0,0,0,0,0,0,0,0,0,0.0060793,1.1173,-1,0.89009,0,0,0,0,0,0,0,0,0,0,0,0
0,0,0,0,2.2184,0,-0.96215,1,0.16495,1.0539,0.82111,1,0.93036,-0.39029,0.079634,1,0,0,2.0915,2.2184,-0.99631,-0.66934,0.3568,0.56061,2.1224,0.84489,0.11065,4.5497e-07,9999,1,-1,566.41,5.4688,0.17995,0,0,0,0,0,0,0,0,1,2.2184,0.99631,-0.86817,0,0,0,0,0,10,0.11065,4.5497e-07,9999,-1,566.41,5.4688,0.17995,2.2184,0.99631,-0.86817,-2,0.0075875,2.2184,1,0.99631,0.2142,1,0.93036,0.68003,0,0,0,0,0,0,0,1
0,0,0,0,0,0,0,0,0.43692,0.62959,0.97766,1,0.99575,-0.00019567,5.3718e-05,0,0,0,0.8823,999,999,999,0.58342,0.90314,0.60683,0.66004,0.2244,1.4848e-06,9999,1,-1,439.45,3.9062,0.35527,0,0,0,0,0,0,0,0,1,999,999,999,0,0,0,0,0,0,0,0,0,0,0,0,0,0,0,0,0,0.0020724,0.63555,-1,0.60287,0.78088,1,0.99575,0.0013624,0,0,0,0,0,0,0,0
0,0,0,0,0,0,0,0,1.7153,0.19858,-0.9304,1,0.031644,-0.0014487,0,0,0,0,1.1172,999,999,999,1.1278,1.3088,0,0,0,0,0,0,0,0,0,0,0,0,0,0,0,0,0,0,0,0,0,0,0,0,0,0,0,0,0,0,0,0,0,0,0,0,0,0,0,0.02047,1.7153,1,0.985,0,0,0,0,0,0,0,0,0,0,0,0
0,0,0,0,0,0,0,0,1.1193,0.41299,-0.40538,-1,-0.002363,0.00014834,4.3215e-05,0,0,0,1.0502,999,999,999,0.7795,0.7644,0.5634,0,0,0,0,0,0,0,0,0,0,0,0,0,0,0,0,0,0,0,0,0,0,0,0,0,0,0,0,0,0,0,0,0,0,0,0,0,0,0.0068134,1.1193,-1,0.79477,0,0,0,0,0,0,0,0,0,0,0,0
0,0,0,0,0,0,0,0,1.5559,0.27307,-0.017756,-1,-0.00067579,3.143e-05,-3.1902e-06,1,0,0,0.92778,999,999,999,2.5497,0.51408,0.30484,0,0,0,0,0,0,0,0,0,0,0,0,0,0,0,0,0,0,0,0,0,0,0,0,0,0,0,0,0,0,0,0,0,0,0,0,0,0,0,0,0,0,0,0,0,0,0,0,0,0,0,0,0,0
0,0,0,0,0,0,0,0,0.31207,0.74152,-0.38297,-1,-0.98546,0.0037811,-2.6767e-06,0,0,0,0.56233,999,999,999,0.46984,0.42511,0.29166,0,0,0,0,0,0,0,0,0,0,0,0,0,0,0,0,0,0,0,0,0,0,0,0,0,0,0,0,0,0,0,0,0,0,0,0,0,0,0,0,0,0,0,0,0,0,0,0,0,0,0,0,0,0
0,0,0,0,0,0,0,0,2.1885,0.071632,-0.84528,1,-0.88932,0.13708,1.7785e-05,0,0,0,2.5122,999,999,999,1.2132,2.4571,0.4477,0.99191,0.21552,1.4351e-06,9999,1,-1,502.93,3.3203,0.24404,0,0,0,0,0,0,0,0,1,2.1885,0.99103,-0.98822,0,0,0,0,0,10,0.21552,1.4351e-06,9999,-1,502.93,3.3203,0.24404,2.1885,0.99103,-0.98822,-2,0.0039159,2.1885,1,0.99103,-0.98822,1,0.13708,0.56449,0,0,0,0,0,0,0,1
0,0,0,0,0,0,0,0,1.5831,0.30391,0.3926,1,-0.041304,0.0029847,7.2163e-06,0,0,0,1.6645,999,999,999,0.7591,2.1507,0.3676,0.70015,0.19533,8.834e-07,9999,1,-1,458.98,3.5645,0.29501,0,0,0,0,0,0,0,0,1,0.51511,0.66807,-0.93274,0,0,0,0,0,10,0.19533,8.834e-07,9999,-1,458.98,3.5645,0.29501,0.51511,0.66807,-0.93274,-0,0.021652,1.5831,1,0.98997,0.78929,1,0.0029847,0.022255,0,0,0,0,0,0,0,1
0,0,0,0,0,0,0,0,0.80918,0.26601,-0.86977,1,0.96809,-0.0038939,0,0,0,0,0.80708,999,999,999,1.1296,0.76685,0,0,0,0,0,0,0,0,0,0,0,0,0,0,0,0,0,0,0,0,0,0,0,0,0,0,0,0,0,0,0,0,0,0,0,0,0,0,0,0.014417,0.80918,1,0.76232,0,0,0,0,0,0,0,0,0,0,0,1
0,0,0,0,1.4841,0.71074,-0.3985,1,1.3834,0.60762,-0.10325,-1,0.21781,-0.010721,-0.00022796,1,0,0,1.9161,0.59836,0.91465,-0.7794,1.2816,2.0777,0.79561,0,0,0,0,0,0,0,0,0,0,0,0,0,0,0,0,0,0,0,0,0,0,0,0,0,0,0,0,0,0,0,0,0,0,0,0,0,0,0.020846,1.4841,1,0.92504,0,0,0,0,0,0,0,0,0,0,0,1
0,0,0,0,0,0,0,0,1.2506,0.43633,-0.26398,1,0.031372,-0.014894,0.00056666,4,2,0.49951,1.5588,999,999,999,1.6599,0.95174,0.32211,0.85279,0.094699,3.5081e-07,9999,1,1,1074.2,8.1055,0.10818,0,0,0,0,0,0,0,0,1,0.90748,0.98677,-0.81257,0,0,0,0,0,10,0.094699,3.5081e-07,9999,1,1074.2,8.1055,0.10818,0.90748,0.98677,-0.81257,2,0.0047467,1.2506,1,0.93608,0.5754,-1,-4.1583e-06,-0.72204,0,0,0,0,0,0,0,0
0,0,0,0,0,0,0,0,1.4042,0.61309,-0.85468,-1,-0.042351,1.2347e-06,6.7138e-07,1,0,0,1.4034,999,999,999,1.5294,0.11867,0.25488,0.99897,0.069435,1.2347e-06,9999,1,1,0,10.547,0.11867,0,0,0,0,0,0,0,0,1,1.4042,0.99988,-0.99838,0,0,0,0,0,10,0.069435,1.2347e-06,9999,1,0,10.547,0.11867,1.4042,0.99988,-0.99838,2,0.0024534,1.4042,-1,0.99988,-0.99838,-1,-0.042351,-0.8923,0,0,0,0,0,0,0,0
1.6257,0.48588,-0.84867,-1,0,0,0,0,0.4654,0.636,-0.57164,1,-0.14724,-0.00077636,-0.00024681,0,0,0,1.7111,-1.6257,-0.91055,-0.27514,0.78469,1.4333,0.74697,0.61806,0.11966,1.3299e-06,9999,1,1,0,6.25,0.14849,0,0,0,0,0,0,0,0,1,1.6257,0.91055,-0.24658,0,0,0,0,0,10,0.11966,1.3299e-06,9999,1,0,6.25,0.14849,1.6257,0.91055,-0.24658,2,0.0084066,1.6257,-1,0.91055,0.91168,-1,-0.14724,-0.42506,0,0,0,0,0,0,0,0
0.64788,0.73984,0.74614,-1,0,0,0,0,1.3979,1.3595,-0.72622,1,-0.93372,0.75597,-0.088591,0,0,0,1.2017,-0.64788,-0.4614,-0.64098,0.48942,2.2761,0.68678,0,0,0,0,0,0,0,0,0,0,0,0,0,0,0,0,0,0,0,0,0,0,0,0,0,0,0,0,0,0,0,0,0,0,0,0,0,0,0.0020854,1.3979,1,0.99571,0,0,0,0,0.64788,0.73984,0.74614,-1,1,0.0033518,0.4614,0
0.56837,0.61839,-0.43895,-1,0,0,0,0,1.3081,0.08957,-0.94049,1,0.11901,-0.10347,1.7853e-05,0,0,0,1.2444,999,999,999,1.1064,0.87302,0.44813,0,0,0,0,0,0,0,0,0,0,0,0,0,0,0,0,0,0,0,0,0,0,0,0,0,0,0,0,0,0,0,0,0,0,0,0,0,0,0.0059009,1.3081,1,0.89062,0,0,0,0,0.56837,0.61839,-0.43895,-1,1,0.0097811,0.59017,1
0,0,0,0,0.52693,1.2447,-0.041396,1,0.52888,0.46422,0.022995,1,0.0007709,0.00038276,-0.00017472,2,0,0,0.86536,0.52988,0.83276,-0.71068,0.62672,0.78267,0.144,0.56531,0.14884,5.9497e-07,9999,1,1,537.11,4.4922,0.23441,0,0,0,0,0,0,0,0,1,999,999,999,0,0,0,0,0,0,0,0,0,0,0,0,0,0,0,0,0,0.013924,0.52888,1,0.61774,-0.92257,-1,-0.00017472,-0.1567,0,0,0,0,0,0,0,1
0,0,0,0,0.93419,0,0.24172,-1,1.1869,0,-0.47788,1,0.81778,-0.061224,0.0059105,0,0,0,1.7509,999,999,999,0.89695,1.0875,1.3008,0,0,0,0,0,0,0,0,0,0,0,0,0,0,0,0,0,0,0,0,0,0,0,0,0,0,0,0,0,0,0,0,0,0,0,0,0,0,0.004069,1.1869,1,0.94862,0,0,0,0,0,0,0,0,0,0,0,1
0,0,0,0,0.83293,0.16661,0.64728,1,0.38971,1.2552,-0.86784,1,-0.99948,0.99911,-0.0085239,2,1,0.49072,0.97648,999,999,999,0.42703,0.46009,0.99481,0.76698,0.11244,4.3271e-07,9999,0,-1,605.47,6.2012,0.16792,0,0,0,0,0,0,0,0,1,0.83293,0.99993,-0.75983,0,0,0,0,0,10,0.11244,4.3271e-07,9999,-1,605.47,6.2012,0.16792,0.83293,0.99993,-0.75983,-4,0.00074951,0.83293,1,0.99993,0.91196,1,0.99911,0.60469,0,0,0,0,0,0,0,0
0,0,0,0,0,0,0,0,0.11584,1.918,-0.74437,1,-0.99878,1.5836e-06,-3.3843e-07,0,0,0,0.39052,999,999,999,0.41206,0.18726,0.095944,0.56039,0.11584,1.5836e-06,9999,1,1,0,4.6387,0.18726,0,0,0,0,0,0,0,0,1,999,999,999,0,0,0,0,0,0,0,0,0,0,0,0,0,0,0,0,0,0,0,0,0,0.22359,-1,-0.99878,-0.41226,0,0,0,0,0,0,0,0
0,0,0,0,0,0,0,0,0.29476,1.1259,-0.6852,1,2.2955e-06,-1.3045e-06,-3.4649e-07,1,0,0,0.28936,999,999,999,0.28009,0.044086,0.10404,0.55529,0.17303,3.4649e-07,9999,1,-1,1328.1,10.449,0.10404,0,0,0,0,0,0,0,0,1,999,999,999,0,0,0,0,0,0,0,0,0,0,0,0,0,0,0,0,0,0,0,0,0,0.39015,1,2.2955e-06,0.042784,0,0,0,0,0,0,0,0
0,0,0,0,0,0,0,0,0.78064,0.25948,-0.41541,1,-0.96215,0.00055396,-0.00053084,2,0,0,0.62626,999,999,999,0.37288,1.1927,0.30001,0,0,0,0,0,0,0,0,0,0,0,0,0,0,0,0,0,0,0,0,0,0,0,0,0,0,0,0,0,0,0,0,0,0,0,0,0,0,0.0057069,0.78064,1,0.90588,0,0,0,0,0,0,0,0,0,0,0,1
0,0,0,0,0.52919,1.357,-0.89938,-1,0.70282,0.86641,0.39551,1,-0.34391,-0.0037169,-0.00048877,0,1,0.50268,1.3276,-0.75575,-0.3026,-0.7722,1.3439,0.68355,0.81692,0.32719,0.20514,4.3915e-07,9999,1,1,791.02,5.4688,0.17154,0,0,0,0,0,0,0,0,1,0.84258,0.79044,-0.24643,0,0,0,0,0,10,0.20514,4.3915e-07,9999,1,791.02,5.4688,0.17154,0.84258,0.79044,-0.24643,5,0.012299,0.84258,-1,0.79044,0.43892,-1,-0.0037169,-0.0015933,0,0,0,0,0,0,0,1
0.40637,0,-0.81976,1,0,0,0,0,0,0,0,0,1.4167e-05,0,0,0,0,0,0.38569,999,999,999,0.52435,0,0,0,0,0,0,0,0,0,0,0,0,0,0,0,0,0,0,0,0,0,0,0,0,0,0,0,0,0,0,0,0,0,0,0,0,0,0,0,0,0,0,0,0,0,0,0,0,0.40637,0,-0.81976,1,1,0.026854,0.56513,0
0,0,0,0,0,0,0,0,1.0158,1.0962,-0.76577,-1,-0.96214,0.00017967,2.2073e-05,3,0,0,1.0969,999,999,999,1.1052,0.1918,0.47077,0.11606,0.072979,1.2821e-06,9999,0,1,0,7.6172,0.13635,0,0,0,0,0,0,0,0,1,999,999,999,0,0,0,0,0,10,0.19306,0.00017967,9999,1,703.12,0,0.1918,1.0158,0.7038,-0.028536,6,0.004246,1.0158,-1,0.7038,0.29686,-1,-0.96214,-0.58114,0,0,0,0,0,0,0,0
0,0,0,0,0,0,0,0,0.47663,0.9997,0.67288,-1,-0.014411,-7.6397e-05,-1.4541e-05,3,0,0,0.71971,999,999,999,0.78097,0.69508,0.42805,0.97468,0.061903,1.2766e-06,9999,0,1,0,4.0527,0.13471,1,0,0.23425,0.47865,-0.14411,0.54852,0.092932,4.1111,1,0.50767,0.29078,-0.18171,0,0,0,0,0,10,0.061903,1.2766e-06,9999,1,0,4.0527,0.13471,0.50767,0.29078,-0.18171,0,0.017036,0.50767,-1,0.29078,0.91276,-1,-0.014411,-0.8573,0,0,0,0,0,0,0,1
0,0,0,0,0,0,0,0,0.88472,0.11753,-0.97337,-1,-0.0092664,-7.2488e-05,2.097e-05,1,1,0.50055,1.1405,999,999,999,1.0032,0.68702,0.46504,0.54375,0.13301,3.4884e-07,9999,1,1,429.69,15.625,0.1063,0,0,0,0,0,0,0,0,1,999,999,999,0,0,0,0,0,0,0,0,0,0,0,0,0,0,0,0,0,0.062031,0.88472,-1,0.97321,0.71094,-1,-0.0092664,-0.26143,0,0,0,0,0,0,0,0
0,0,0,0,0,0,0,0,1.9011,0,0.29443,-1,-0.96122,-0.008722,0.0060823,0,0,0,2.0498,999,999,999,2.1034,0.78495,1.1591,0,0,0,0,0,0,0,0,0,0,0,0,0,0,0,0,0,0,0,0,0,0,0,0,0,0,0,0,0,0,0,0,0,0,0,0,0,0,0.019167,1.9011,-1,0.9332,0,0,0,0,0,0,0,0,0,0,0,0
0,0,0,0,0,0,0,0,0.25881,0.32353,0.9576,-1,5.2054e-05,-6.3174e-06,0,0,0,0,0.64483,999,999,999,0.59937,0.35703,0,0,0,0,0,0,0,0,0,0,0,0,0,0,0,0,0,0,0,0,0,0,0,0,0,0,0,0,0,0,0,0,0,0,0,0,0,0,0,0.0063368,0.66512,1,0.96917,0,0,0,0,0,0,0,0,0,0,0,1
0,0,0,0,0,0,0,0,0.67353,0.4477,0.086816,1,0.010159,-2.132e-05,3.516e-06,1,1,0.49797,0.8279,999,999,999,0.84364,0.46684,0.31215,0,0,0,0,0,0,0,0,0,0,0,0,0,0,0,0,0,0,0,0,0,0,0,0,0,0,0,0,0,0,0,0,0,0,0,0,0,0,0.0082749,0.67353,1,0.8268,0,0,0,0,0,0,0,0,0,0,0,0
0,0,0,0,0,0,0,0,0.66328,1.6696,-0.85048,1,0.32767,0.00011466,9.6453e-05,1,0,0,1.2356,0.66328,0.59013,-0.6439,0.58835,0.72352,0.72841,0.99062,0.13925,4.1138e-07,9999,1,-1,888.67,7.3242,0.15504,0,0,0,0,0,0,0,0,1,0.66328,0.59013,-0.64456,0,0,0,0,0,10,0.13925,4.1138e-07,9999,-1,888.67,7.3242,0.15504,0.66328,0.59013,-0.64456,-5,0.0038469,0.66328,1,0.59013,0.70989,1,0.32767,0.88827,0,0,0,0,0,0,0,1
0,0,0,0,1.0811,0.07496,-0.24197,1,0.9473,0.43009,-0.73973,-1,0.99998,-0.062732,0.029226,0,0,0,1.4597,1.0811,0.84277,-0.35611,0.28636,0.97045,1.0946,0,0,0,0,0,0,0,0,0,0,0,0,0,0,0,0,0,0,0,0,0,0,0,0,0,0,0,0,0,0,0,0,0,0,0,0,0,0,0.012929,1.0811,1,0.84277,0,0,0,0,0,0,0,0,0,0,0,1
0,0,0,0,0,0,0,0,1.3317,0.41591,-0.27032,-1,-0.96449,9.1981e-05,-6.061e-05,1,0,0,1.3316,-0.6403,-0.60187,-0.72102,1.934,0.76624,0.48569,0.33131,0.082348,4.0932e-07,9999,0,1,839.84,6.9336,0.15371,0,0,0,0,0,0,0,0,1,0.6403,0.60187,-0.92748,0,0,0,0,0,10,0.082348,4.0932e-07,9999,1,839.84,6.9336,0.15371,0.6403,0.60187,-0.92748,0,0.021159,1.3317,-1,0.98264,0.45165,-1,-0.96449,-0.54085,0,0,0,0,0,0,0,1
0,0,0,0,0,0,0,0,0.64052,1.1006,-0.93056,1,0.99969,-0.00046089,0.00024084,2,0,0,1.0988,0.64052,0.88168,-0.9273,0.33867,0.79016,0.85543,0.64293,0.2403,0.99969,9999,1,1,1308.6,12.695,0.33867,0,0,0,0,0,0,0,0,1,0.63935,0.9466,-0.67724,0,0,0,0,0,10,0.2403,0.99969,9999,1,1308.6,12.695,0.33867,0.63935,0.9466,-0.67724,22,0.016572,0.64052,1,0.88168,-0.058461,-1,-0.00011227,-3.2117e-06,0,0,0,0,0,0,0,1
0,0,0,0,0,0,0,0,0.9793,1.2433,0.30851,1,-0.75786,0.74113,0.094378,0,0,0,1.2716,-0.81152,-0.74367,-0.53388,0.88299,0.86166,0.73326,0.99724,0.1738,3.8204e-07,9999,1,-1,302.73,8.0078,0.13458,0,0,0,0,0,0,0,0,1,0.6287,0.92676,-0.90624,0,0,0,0,0,10,0.1738,3.8204e-07,9999,-1,302.73,8.0078,0.13458,0.6287,0.92676,-0.90624,-2,0.0051184,0.9793,1,0.73907,0.76729,1,0.74113,0.865,0,0,0,0,0,0,0,1
0,0,0,0,0,0,0,0,0.15626,0.22276,0.71276,-1,-0.10419,2.2095e-05,2.0342e-05,0,0,0,0.69924,999,999,999,0.83441,0.35584,0.46175,0.54066,0.15626,6.7899e-07,9999,1,-1,502.93,4.5898,0.25669,0,0,0,0,0,0,0,0,1,999,999,999,0,0,0,0,0,0,0,0,0,0,0,0,0,0,0,0,0,0,0,0,0,-0.10454,1,2.2095e-05,0.10462,0,0,0,0,0,0,0,0
0,0,0,0,0,0,0,0,0.39532,1.1298,-0.76666,-1,-0.00036648,3.7403e-05,1.0363e-05,4,0,0,0.714,999,999,999,0.20819,0.52872,0.39759,0.18537,0.14596,6.8284e-07,9999,0,1,590.82,4.7363,0.25759,0,0,0,0,0,0,0,0,1,999,999,999,0,0,0,0,0,0,0,0,0,0,0,0,0,0,0,0,0,0.012896,0.59098,1,0.47656,0.098128,-1,-8.7683e-06,-0.077549,0,0,0,0,0,0,0,1
0,0,0,0,0,0,0,0,0.59939,0.10212,0.7222,-1,0.0021267,-0.00027151,0.00022759,0,0,0,1.2519,999,999,999,0.87964,0.96523,0.8681,0.6716,0.21868,7.7069e-07,9999,1,-1,522.46,3.9062,0.27601,0,0,0,0,0,0,0,0,1,0.59794,0.31985,-0.42782,0,0,0,0,0,10,0.21868,7.7069e-07,9999,-1,522.46,3.9062,0.27601,0.59794,0.31985,-0.42782,-4,0.0031016,0.75252,1,0.97441,0.68771,1,0.0021267,0.0024883,0,0,0,0,0,0,0,1
0,0,0,0,0,0,0,0,0.54703,0.4855,0.60101,-1,0.0006392,-0.00011828,0.00010897,1,0,0,0.84827,0.56831,0.99088,-0.58097,0.46303,0.78415,0.76073,0,0,0,0,0,0,0,0,0,0,0,0,0,0,0,0,0,0,0,0,0,0,0,0,0,0,0,0,0,0,0,0,0,0,0,0,0,0,0.0089822,0.56831,1,0.99088,0,0,0,0,0,0,0,0,0,0,0,1
0,0,0,0,0,0,0,0,0.89976,1.2905,-0.31209,1,0.98615,-0.92965,0.011534,2,0,0,1.3923,0.89976,0.99505,-0.91558,0.65947,0.98765,1.0586,0.99385,0.060649,1.2276e-06,9999,0,-1,0,4.6387,0.11475,0,0,0,0,0,0,0,0,1,0.53811,0.9375,-0.89755,0,0,0,0,0,10,0.060649,1.2276e-06,9999,-1,0,4.6387,0.11475,0.53811,0.9375,-0.89755,-4,0.018485,0.89976,1,0.99505,0.68474,-1,-0.92965,-0.56224,0,0,0,0,0,0,0,0
0,0,0,0,0,0,0,0,1.0801,0.089606,-0.70548,1,0.63125,0.0018421,0.00084238,2,0,0,1.2454,0.723,-0.94868,-0.51614,0.98101,0.48167,0.88418,0,0,0,0,0,0,0,0,0,0,0,0,0,0,0,0,0,0,0,0,0,0,0,0,0,0,0,0,0,0,0,0,0,0,0,0,0,0,0.014149,1.0801,1,0.65645,0,0,0,0,0,0,0,0,0,0,0,1
0,0,0,0,0,0,0,0,0.75641,0.49456,0.035974,-1,-0.84098,4.0534e-06,-1.3236e-06,0,0,0,0.76239,999,999,999,1.1345,0.32288,0.23766,0.93635,0.22421,4.0534e-06,9999,0,1,561.52,4.248,0.32288,0,0,0,0,0,0,0,0,1,999,999,999,0,0,0,0,0,0,0,0,0,0,0,0,0,0,0,0,0,0.0025133,0.75641,-1,0.81952,0.65732,-1,-0.84098,-0.11855,0,0,0,0,0,0,0,1
0,0,0,0,0,0,0,0,1.0934,1.5068,-0.95689,-1,-0.96241,3.1945e-06,2.9665e-06,0,0,0,1.0981,999,999,999,1.0132,0.30504,0.29938,0,0,0,0,0,0,0,0,0,0,0,0,0,0,0,0,0,0,0,0,0,0,0,0,0,0,0,0,0,0,0,0,0,0,0,0,0,0,0.090706,1.0934,-1,0.73469,0,0,0,0,0,0,0,0,0,0,0,0
0,0,0,0,0,0,0,0,0.74956,0.70771,0.5508,1,0.044975,-0.00014001,-1.8627e-05,2,0,0,0.98084,999,999,999,1.0574,0.71024,0.45236,0.70022,0.16328,1.2192e-06,9999,0,-1,0,3.4668,0.076554,1,0,1.4849,0.14284,-2.1662,0.48872,0.0073284,0.74377,1,0.74956,0.92505,-0.39631,0,0,0,0,0,10,0.16328,1.2192e-06,9999,-1,0,3.4668,0.076554,0.74956,0.92505,-0.39631,-0,0.013939,0.93356,-1,0.9627,-0.39631,1,0.044975,0.15213,0,0,0,0,0,0,0,0
0.91901,0.23678,-0.62656,-1,0,0,0,0,1.4415,0.10472,-0.82431,1,0.078767,-0.011631,0,0,0,0,1.6585,999,999,999,1.5822,0.81434,0,0,0,0,0,0,0,0,0,0,0,0,0,0,0,0,0,0,0,0,0,0,0,0,0,0,0,0,0,0,0,0,0,0,0,0,0,0,0,0.016247,1.4415,1,0.87561,0,0,0,0,0.91901,0.23678,-0.62656,-1,1,0.0098832,0.54187,0
0,0,0,0,1.1001,0,0.79305,1,1.9825,0,-0.94114,-1,0.0063859,-0.00014894,0.00012756,2,1,0.49643,2.1403,999,999,999,0.67866,2.5814,0.91941,0,0,0,0,0,0,0,0,0,0,0,0,0,0,0,0,0,0,0,0,0,0,0,0,0,0,0,0,0,0,0,0,0,0,0,0,0,0,0.0027073,1.9825,-1,0.99392,0,0,0,0,0,0,0,0,0,0,0,0
1.167,0.35145,0.64379,-1,0,0,0,0,1.1034,0.43305,-0.8002,1,0.05774,6.2869e-05,-4.5651e-05,0,0,0,1.6306,999,999,999,1.17,0.64398,0.57328,0,0,0,0,0,0,0,0,0,0,0,0,0,0,0,0,0,0,0,0,0,0,0,0,0,0,0,0,0,0,0,0,0,0,0,0,0,0,0.0079556,1.167,-1,0.93662,0,0,0,0,0,0,0,0,0,0,0,1
0,0,0,0,0,0,0,0,1.3445,0.20141,0.40599,1,0.90344,0.42047,0.017578,2,1,0.50153,1.4905,1.3445,-0.99656,-0.35332,0.28093,1.9838,1.0772,0.36011,0.13746,0.90344,9999,0,1,0,16.016,0.28093,0,0,0,0,0,0,0,0,1,999,999,999,0,0,0,0,0,0,0,0,0,0,0,0,0,0,0,0,0,0.0016044,1.255,1,0.7971,0.97403,-1,-6.9976e-05,-0.0001289,0,0,0,0,0,0,0,1
1.346,0.75128,-0.76975,1,0,0,0,0,1.1812,0.10867,-0.23933,-1,-0.01733,0.00070606,-3.7842e-06,0,0,0,1.5809,999,999,999,1.1589,1.9862,0.31769,0,0,0,0,0,0,0,0,0,0,0,0,0,0,0,0,0,0,0,0,0,0,0,0,0,0,0,0,0,0,0,0,0,0,0,0,0,0,0.016756,1.346,1,0.80959,0,0,0,0,0,0,0,0,0,0,0,1
0,0,0,0,0,0,0,0,0.43789,0.15045,0.55128,1,7.4909e-05,6.3376e-05,-4.6959e-05,0,0,0,0.74698,999,999,999,0.70708,0.64931,0.57882,0,0,0,0,0,0,0,0,0,0,0,0,0,0,0,0,0,0,0,0,0,0,0,0,0,0,0,0,0,0,0,0,0,0,0,0,0,0,0.01103,1.0982,1,0.99678,0,0,0,0,0,0,0,0,0,0,0,0
0,0,0,0,0,0,0,0,1.1799,0,-0.94931,1,0.00042603,-1.3357e-05,0,0,0,0,1.0896,999,999,999,0.97874,0.52615,0,0,0,0,0,0,0,0,0,0,0,0,0,0,0,0,0,0,0,0,0,0,0,0,0,0,0,0,0,0,0,0,0,0,0,0,0,0,0,0.0078504,1.1799,1,0.99863,0,0,0,0,0,0,0,0,0,0,0,1
0,0,0,0,0,0,0,0,0.86883,1.0971,-0.74464,1,-0.5861,5.348e-05,1.2158e-06,0,0,0,0.75847,999,999,999,1.5288,0.60526,0.33391,0.99738,0.16685,3.6932e-07,9999,1,-1,1054.7,10.156,0.1245,0,0,0,0,0,0,0,0,1,999,999,999,0,0,0,0,0,0,0,0,0,0,0,0,0,0,0,0,0,0.029144,0.91593,-1,0.96126,0.95685,-1,-0.5861,-0.43285,0,0,0,0,0,0,0,1
1.0945,0,0.29489,1,0,0,0,0,0.72718,1.1684,-0.97737,1,0.0029797,-0.000409,-0.00018024,2,0,0,0.89405,1.0945,0.93336,-0.3741,0.43871,0.33957,0.19353,0,0,0,0,0,0,0,0,0,0,0,0,0,0,0,0,0,0,0,0,0,0,0,0,0,0,0,0,0,0,0,0,0,0,0,0,0,0,0.0065223,1.0945,1,0.93336,0,0,0,0,0,0,0,0,0,0,0,1
0,0,0,0,0,0,0,0,0.81943,0.62906,-0.76752,-1,-0.0018472,1.2261e-06,-3.5795e-07,1,1,0.49811,0.81149,999,999,999,1.0561,0.11384,0.11472,0.38879,0.096579,3.5795e-07,9999,1,-1,781.25,3.418,0.11472,0,0,0,0,0,0,0,0,1,999,999,999,0,0,0,0,0,0,0,0,0,0,0,0,0,0,0,0,0,0.0024004,0.81943,-1,0.98014,-0.083077,1,1.2261e-06,0.47266,0,0,0,0,0,0,0,0
0,0,0,0,0,0,0,0,2.0094,0.5623,-0.95127,1,0.039403,0.00017707,-7.9451e-05,1,0,0,1.412,999,999,999,1.4084,0.12927,0.77846,0.83333,0.20604,0.00017707,9999,0,1,996.09,0,0.12927,0,0,0,0,0,0,0,0,1,0.67462,0.73084,-0.45083,0,0,0,0,0,10,0.20604,0.00017707,9999,1,996.09,0,0.12927,0.67462,0.73084,-0.45083,5,0.018717,2.0094,1,0.96554,0.5879,1,0.00017707,0.00089647,0,0,0,0,0,0,0,0
0,0,0,0,0,0,0,0,1.0883,0.19629,0.30878,1,-0.023773,0.00067153,0,0,0,0,1.3567,999,999,999,0.9849,1.1557,0,0,0,0,0,0,0,0,0,0,0,0,0,0,0,0,0,0,0,0,0,0,0,0,0,0,0,0,0,0,0,0,0,0,0,0,0,0,0,0.0055427,1.0883,1,0.97134,0,0,0,0,0,0,0,0,0,0,0,1
0,0,0,0,0,0,0,0,0.73919,1.0753,-0.95977,-1,0.99972,-0.99928,-0.00031964,2,0,0,0.5843,999,999,999,0.33478,0.44689,0.31046,0.74749,0.071614,1.2207e-06,9999,0,-1,0,21.68,0.0754,0,0,0,0,0,0,0,0,1,999,999,999,0,0,0,0,0,10,0.093767,4.446e-07,9999,1,664.06,5.0293,0.17451,0.73919,0.99609,-0.85132,4,0.017385,0.73919,-1,0.99609,0.83435,1,0.99972,0.73533,0,0,0,0,0,0,0,1
0,0,0,0,0,0,0,0,2.0876,0,0.84913,1,-0.98161,0.14704,0.063564,0,0,0,2.4469,999,999,999,0.82954,2.693,1.2058,0,0,0,0,0,0,0,0,0,0,0,0,0,0,0,0,0,0,0,0,0,0,0,0,0,0,0,0,0,0,0,0,0,0,0,0,0,0,0.0019336,2.0876,1,0.99661,0,0,0,0,0,0,0,0,0,0,0,0
1.8936,0,-0.99704,-1,0.88955,0.41064,0.98569,1,0,0,0,0,0.00076011,-6.162e-05,-1.4937e-06,1,0,0,2.0323,999,999,999,0.8625,2.455,0.17625,0,0,0,0,0,0,0,0,0,0,0,0,0,0,0,0,0,0,0,0,0,0,0,0,0,0,0,0,0,0,0,0,0,0,0,0,0,0,0.00044588,1.8936,-1,0.99985,0,0,0,0,0,0,0,0,0,0,0,0
0,0,0,0,0,0,0,0,0.67431,0.72754,0.99371,1,0.010367,-0.0045946,-1.2778e-05,0,0,0,1.042,999,999,999,0.92173,0.97952,0.41598,0.61994,0.12649,3.7586e-07,9999,1,1,917.97,6.8359,0.12979,0,0,0,0,0,0,0,0,1,0.70759,0.80878,-0.58123,0,0,0,0,0,10,0.12649,3.7586e-07,9999,1,917.97,6.8359,0.12979,0.70759,0.80878,-0.58123,4,0.0016118,0.67431,1,0.83484,0.87388,-1,-1.2778e-05,-0.36941,0,0,0,0,0,0,0,0
0,0,0,0,0,0,0,0,0.81391,0.52277,-0.86076,1,0.00063572,0,0,0,0,0,0.80852,999,999,999,0.91291,0,0,0,0,0,0,0,0,0,0,0,0,0,0,0,0,0,0,0,0,0,0,0,0,0,0,0,0,0,0,0,0,0,0,0,0,0,0,0,0,0.0056888,0.81391,1,0.96082,0,0,0,0,0,0,0,0,0,0,0,1
0,0,0,0,0,0,0,0,2.3413,0.20267,-0.97736,1,0.17178,-0.00038573,3.326e-06,0,0,0,2.2955,999,999,999,2.2601,0.69001,0.30797,0,0,0,0,0,0,0,0,0,0,0,0,0,0,0,0,0,0,0,0,0,0,0,0,0,0,0,0,0,0,0,0,0,0,0,0,0,0,0.0094019,2.3413,1,0.9831,0,0,0,0,0,0,0,0,0,0,0,1
0.76663,0.7968,0.93265,-1,0,0,0,0,1.6071,1.3367,-0.9652,1,-0.99755,-0.26273,0.030969,0,0,0,1.2264,-0.76663,0.98998,-0.71596,0.52984,1.2307,1.1553,0.3273,0.17956,0.0001894,9999,1,1,615.23,0,0.21421,0,0,0,0,0,0,0,0,1,0.76663,0.98998,-0.27167,0,0,0,0,0,10,0.17956,0.0001894,9999,1,615.23,0,0.21421,0.76663,0.98998,-0.27167,5,0.018371,1.6071,1,0.93655,0.60407,-1,-0.99755,-0.012565,0.76663,0.7968,0.93265,-1,1,0.046411,0.98998,0
0,0,0,0,0,0,0,0,1.58,0.32025,0.41818,1,0.12223,-0.027398,-0.0005426,1,0,0,1.7138,999,999,999,1.9156,0.6714,0.5634,0.1614,0.16827,6.1266e-07,9999,1,1,571.29,4.9805,0.23957,0,0,0,0,0,0,0,0,1,999,999,999,0,0,0,0,0,0,0,0,0,0,0,0,0,0,0,0,0,0.00010167,1.58,1,0.97214,0.87854,-1,-0.027398,-0.014745,0,0,0,0,0,0,0,1
0,0,0,0,0,0,0,0,0.24619,1.4647,-0.96001,-1,-0.92915,0.00011236,3.43e-05,2,1,0.49852,0.62437,-0.60514,-0.99166,-0.90879,0.51842,0.30083,0.52598,0.93534,0.24619,0.92915,9999,0,-1,0,13.477,0.51842,0,0,0,0,0,0,0,0,1,999,999,999,0,0,0,0,0,0,0,0,0,0,0,0,0,0,0,0,0,0.00042108,0.60514,-1,0.99166,0.69605,1,3.43e-05,5.6134e-06,0,0,0,0,0,0,0,0
0,0,0,0,0,0,0,0,1.2225,0.24127,-0.2339,-1,-0.49944,-0.046713,-0.0012321,0,0,0,1.4418,-1.2225,-0.71529,-0.46544,1.2005,1.3857,0.74772,0,0,0,0,0,0,0,0,0,0,0,0,0,0,0,0,0,0,0,0,0,0,0,0,0,0,0,0,0,0,0,0,0,0,0,0,0,0,0.010521,1.2225,-1,0.71529,0,0,0,0,0,0,0,0,0,0,0,0
0.93416,0.15643,-0.54163,1,0,0,0,0,0.67877,0.049354,-0.77052,-1,-0.99893,0.00069686,-0.00064607,2,1,0.50007,0.83961,999,999,999,0.47182,1.4093,0.40543,0,0,0,0,0,0,0,0,0,0,0,0,0,0,0,0,0,0,0,0,0,0,0,0,0,0,0,0,0,0,0,0,0,0,0,0,0,0,0.01571,0.93416,1,0.66971,0,0,0,0,0.93416,0.15643,-0.54163,1,1,0.01571,0.66971,1
1.1089,0.29821,-0.82229,-1,0,0,0,0,0.85259,0.34514,-0.97783,-1,-0.93628,-0.11546,1.21e-06,2,0,0,1.3557,999,999,999,0.80927,1.1459,0.08815,0.75857,0.063732,1.21e-06,9999,0,1,0,16.602,0.08815,0,0,0,0,0,0,0,0,1,999,999,999,0,0,0,0,0,0,0,0,0,0,0,0,0,0,0,0,0,0.0070117,1.1089,-1,0.99274,0.99572,-1,-0.93628,-0.75124,0,0,0,0,0,0,0,0
0.67842,1.1197,0.79329,1,0,0,0,0,0.13471,1.6041,0.30358,-1,0.087761,-5.3892e-07,0,1,0,0,0.59438,999,999,999,0.97871,0.21598,0,0.79939,0.13471,5.3892e-07,9999,0,-1,537.11,4.6875,0.21598,0,0,0,0,0,0,0,0,1,999,999,999,0,0,0,0,0,0,0,0,0,0,0,0,0,0,0,0,0,0.036376,0.67842,1,0.88076,0.54581,1,0.087761,0.51652,0.67842,1.1197,0.79329,1,1,0.036376,0.88076,0
0,0,0,0,0,0,0,0,0.61828,0.13377,0.0031478,1,-0.003961,1.8965e-05,4.2655e-07,0,0,0,0.59486,999,999,999,0.91049,0.45435,0.16435,0.44576,0.10581,4.2655e-07,9999,1,1,859.38,5.3711,0.16435,0,0,0,0,0,0,0,0,1,999,999,999,0,0,0,0,0,0,0,0,0,0,0,0,0,0,0,0,0,0.02309,0.58508,-1,0.62007,0.43618,-1,-0.003961,-0.4294,0,0,0,0,0,0,0,0
0,0,0,0,0,0,0,0,1.0997,1.2621,-0.75049,-1,-0.96134,0.00060353,0.00056821,1,0,0,1.4135,-1.0997,-0.9868,-0.80064,1.2271,0.34928,0.32314,0.71167,0.13651,5.5073e-07,9999,1,-1,561.52,6.0059,0.22017,0,0,0,0,0,0,0,0,1,0.67798,0.8559,-0.33032,0,0,0,0,0,10,0.13651,5.5073e-07,9999,-1,561.52,6.0059,0.22017,0.67798,0.8559,-0.33032,-4,0.0061329,1.0997,-1,0.9868,0.72877,1,0.00060353,0.38213,0,0,0,0,0,0,0,0
0,0,0,0,0,0,0,0,0.69995,1.757,-0.83355,1,-0.63564,-0.00014558,2.786e-05,0,0,0,1.0596,-0.56709,0.54345,-0.28278,0.96103,0.76092,0.49802,0.94918,0.059997,1.2175e-06,9999,1,1,0,17.773,0.10752,0,0,0,0,0,0,0,0,1,0.56709,0.54345,-0.72225,0,0,0,0,0,10,0.059997,1.2175e-06,9999,1,0,17.773,0.10752,0.56709,0.54345,-0.72225,2,0.0079052,0.78329,-1,0.95768,0.82919,-1,-0.63564,-0.82663,0,0,0,0,0,0,0,0
0,0,0,0,0,0,0,0,1.8032,0.2724,-0.47886,1,0.95091,0.00053865,-4.9026e-07,0,0,0,2.1333,1.8032,-0.99939,-0.96135,1.488,1.9546,0.19663,0,0,0,0,0,0,0,0,0,0,0,0,0,0,0,0,0,0,0,0,0,0,0,0,0,0,0,0,0,0,0,0,0,0,0,0,0,0,0.0050343,1.8032,1,0.99939,0,0,0,0,0,0,0,0,0,0,0,1
0,0,0,0,0,0,0,0,0.53416,0.36938,0.17652,1,-0.95304,0.00010598,-1.2264e-06,1,0,0,0.53052,999,999,999,0.31265,0.69131,0.11402,0.80951,0.073383,1.2264e-06,9999,1,-1,0,9.668,0.11402,0,0,0,0,0,0,0,0,1,0.53416,0.99551,-0.76434,0,0,0,0,0,10,0.073383,1.2264e-06,9999,-1,0,9.668,0.11402,0.53416,0.99551,-0.76434,-4,0.0013769,0.53416,1,0.99551,-0.76434,1,0.00010598,0.73805,0,0,0,0,0,0,0,0
0,0,0,0,0,0,0,0,1.0193,0.95563,-0.15421,1,-0.70447,0.3078,0.0076257,2,1,0.49961,1.2593,999,999,999,0.90237,0.89584,0.98905,0.82012,0.18782,6.9373e-07,9999,1,-1,522.46,3.6621,0.26009,0,1,0,0,0,0,0,0,1,0.55035,0.60012,-0.25964,0,0,0,0,0,10,0.18782,6.9373e-07,9999,-1,522.46,3.6621,0.26009,0.55035,0.60012,-0.25964,-9,0.013822,1.0193,1,0.91755,0.58947,1,0.0076257,0.12915,0,0,0,0,0,0,0,0
1.4007,0,0.064777,1,0.96615,1.0861,-0.83728,1,0.53133,0.53677,-0.23814,-1,0.23308,0.0010487,-8.1097e-05,0,0,0,1.6554,1.4007,-0.97309,-0.52008,1.5443,1.4532,0.72554,0,0,0,0,0,0,0,0,0,0,0,0,0,0,0,0,0,0,0,0,0,0,0,0,0,0,0,0,0,0,0,0,0,0,0,0,0,0,0.0058625,1.4007,1,0.97309,0,0,0,0,0,0,0,0,0,0,0,1
0.55174,0.70193,0.0025678,1,0,0,0,0,0.81015,0.14951,-0.4671,1,-0.99999,-0.98266,0.9517,1,0,0,1.11,999,999,999,0.21998,0.74508,1.1887,0.4805,0.24788,0.99999,9999,0,-1,2617.2,21.484,0.21998,0,0,0,0,0,0,0,0,1,0.81015,0.93939,-0.49179,0,0,0,0,0,10,0.24788,0.99999,9999,-1,2617.2,21.484,0.21998,0.81015,0.93939,-0.49179,-22,0.0078603,0.9119,-1,0.69659,-0.49179,1,0.9517,5.8134e-06,0.55174,0.70193,0.0025678,1,1,0.0028969,0.69646,0
0.61005,0.20765,0.87322,-1,0,0,0,0,1.0343,0.99565,-0.84416,-1,-0.26661,0.028113,-0.00028253,0,0,0,1.2121,-0.61005,-0.91568,-0.75899,1.6154,1.06,0.6419,0,0,0,0,0,0,0,0,0,0,0,0,0,0,0,0,0,0,0,0,0,0,0,0,0,0,0,0,0,0,0,0,0,0,0,0,0,0,0.0049469,1.0343,-1,0.84931,0,0,0,0,0.61005,0.20765,0.87322,-1,1,0.0036061,0.91568,0
0,0,0,0,0,0,0,0,0.62567,1.5482,-0.41,1,0.96335,-0.003264,0.00075534,0,0,0,1.3401,0.62567,-0.88287,-0.70481,0.51275,0.9864,0.76166,0.89801,0.069325,3.5858e-07,9999,1,-1,761.72,8.0078,0.11529,0,0,0,0,0,0,0,0,1,999,999,999,0,0,0,0,0,10,0.10252,3.9073e-07,9999,1,820.31,8.1055,0.14102,0.70416,0.74205,-0.53166,4,0.012876,0.70416,-1,0.74205,-0.44541,1,0.96335,0.7792,0,0,0,0,0,0,0,1
0,0,0,0,0,0,0,0,0.95462,0,-0.90506,1,8.2236e-05,2.1959e-05,-5.3092e-06,0,0,0,0.79386,999,999,999,0.73715,0.4701,0.34348,0,0,0,0,0,0,0,0,0,0,0,0,0,0,0,0,0,0,0,0,0,0,0,0,0,0,0,0,0,0,0,0,0,0,0,0,0,0,0.0061449,0.95462,1,0.90505,0,0,0,0,0,0,0,0,0,0,0,0
0,0,0,0,0.49114,0.43569,0.11646,1,0.20251,0.93807,-0.86632,-1,0.0066363,-0.00027668,-3.6095e-06,0,1,0.50128,0.428,999,999,999,0.78025,0.2909,0.286,0.9372,0.20251,1.3559e-06,9999,0,-1,0,5.2246,0.15396,0,1,0,0,0,0,0,0,1,999,999,999,0,0,0,0,0,0,0,0,0,0,0,0,0,0,0,0,0,0,0,0,0,-0.52081,1,0.0066363,0.34784,0,0,0,0,0,0,0,1
0,0,0,0,1.2375,0.14639,0.25131,1,0.3967,0.075445,-0.83389,-1,0.03264,1.0276e-05,-6.0505e-07,0,0,0,1.2709,999,999,999,1.6213,0.39687,0.23739,0,0,0,0,0,0,0,0,0,0,0,0,0,0,0,0,0,0,0,0,0,0,0,0,0,0,0,0,0,0,0,0,0,0,0,0,0,0,0.012351,1.2375,1,0.93914,0,0,0,0,0,0,0,0,0,0,0,1
0.31711,0.93092,-0.77453,1,1.3817,1.248,-0.34526,-1,1.7909,0,-0.45746,-1,0.99994,-0.10543,-0.053328,0,0,0,1.9417,999,999,999,0.29404,2.702,1.4944,0,0,0,0,0,0,0,0,0,0,0,0,0,0,0,0,0,0,0,0,0,0,0,0,0,0,0,0,0,0,0,0,0,0,0,0,0,0,0.020028,1.7909,-1,0.96199,0,0,0,0,0.31711,0.93092,-0.77453,1,1,0.0097566,0.29064,1
0.69925,0.59495,-0.027009,-1,0,0,0,0,1.3096,1.3865,-0.95848,1,0.00029365,-0.00026658,-6.61e-07,0,0,0,0.81719,999,999,999,0.81177,0.66875,0.25235,0.13734,0.1592,6.61e-07,9999,1,-1,644.53,6.0547,0.25235,0,0,0,0,0,0,0,0,1,1.3096,0.68638,-0.62015,0,0,0,0,0,10,0.1592,6.61e-07,9999,-1,644.53,6.0547,0.25235,1.3096,0.68638,-0.62015,-2,0.019579,1.3096,1,0.68638,-0.62015,1,0.00029365,0.026462,0.69925,0.59495,-0.027009,-1,1,0.013041,0.63135,1
0,0,0,0,1.553,0.83807,-0.96852,1,0.67724,0.21438,0.91321,1,0.99361,-0.37906,0.0196,0,0,0,1.7527,1.553,0.94818,-0.8308,0.61813,1.2459,1.7363,0,0,0,0,0,0,0,0,0,0,0,0,0,0,0,0,0,0,0,0,0,0,0,0,0,0,0,0,0,0,0,0,0,0,0,0,0,0,0.0059734,1.553,1,0.94818,0,0,0,0,0,0,0,0,0,0,0,1
0,0,0,0,0,0,0,0,1.3086,0.43803,-0.78558,-1,-0.94703,4.3572e-05,-1.8778e-05,0,0,0,1.3736,999,999,999,1.7194,0.56485,0.45332,0,0,0,0,0,0,0,0,0,0,0,0,0,0,0,0,0,0,0,0,0,0,0,0,0,0,0,0,0,0,0,0,0,0,0,0,0,0,0.0098038,1.3086,-1,0.94076,0,0,0,0,0,0,0,0,0,0,0,0
0,0,0,0,0,0,0,0,0.81932,1.1672,-0.8168,1,0.99999,0.97199,-0.92712,0,0,0,1.0805,999,999,999,0.23385,0.827,0.34269,0.58467,0.15594,0.99999,9999,1,1,2578.1,22.266,0.23385,0,0,0,0,0,0,0,0,1,999,999,999,0,0,0,0,0,0,0,0,0,0,0,0,0,0,0,0,0,0.0011295,0.81932,1,0.95171,0.41054,1,0.97199,8.4177e-06,0,0,0,0,0,0,0,0
0,0,0,0,0,0,0,0,0.92275,1.4592,-0.4144,1,-0.99943,0.97712,0.00068804,0,1,0.50088,1.3844,999,999,999,0.43318,0.66745,0.87797,0.82532,0.10512,1.443e-06,9999,1,1,0,5.127,0.16902,0,1,0,0,0,0,0,0,1,0.62713,0.85142,-0.83394,0,0,0,0,0,10,0.10512,1.443e-06,9999,1,0,5.127,0.16902,0.62713,0.85142,-0.83394,2,0.015685,0.92275,1,0.91218,-0.83394,-1,-0.99943,-0.6781,0,0,0,0,0,0,0,0
1.0441,0.63905,0.64996,1,2.0229,0.063223,-0.77037,-1,0,0,0,0,-0.045664,0.00054709,0,0,0,0,1.724,999,999,999,1.5372,1.4973,0,0,0,0,0,0,0,0,0,0,0,0,0,0,0,0,0,0,0,0,0,0,0,0,0,0,0,0,0,0,0,0,0,0,0,0,0,0,0,0.0051007,2.0229,-1,0.98878,0,0,0,0,0,0,0,0,0,0,0,0
0,0,0,0,0,0,0,0,2.2047,0,-0.70035,-1,-0.015184,0,0,0,0,0,1.3921,999,999,999,1.5741,0,0,0,0,0,0,0,0,0,0,0,0,0,0,0,0,0,0,0,0,0,0,0,0,0,0,0,0,0,0,0,0,0,0,0,0,0,0,0,0,0.013425,2.2047,-1,0.97235,0,0,0,0,0,0,0,0,0,0,0,0
0,0,0,0,0,0,0,0,1.2379,0.95575,-0.79091,-1,-0.23339,-9.1484e-05,2.4157e-05,2,1,0.49182,0.99616,-1.2379,-0.90545,-0.51871,0.60559,0.80331,0.48085,0,0,0,0,0,0,0,0,0,0,0,0,0,0,0,0,0,0,0,0,0,0,0,0,0,0,0,0,0,0,0,0,0,0,0,0,0,0,0.00016611,1.2379,-1,0.90545,0,0,0,0,0,0,0,0,0,0,0,0
0,0,0,0,1.1784,0.89758,0.758,1,1.8135,0.77563,-0.9812,-1,-0.010206,0.00048669,0,0,0,0,2.0316,999,999,999,2.1714,0.97521,0,0,0,0,0,0,0,0,0,0,0,0,0,0,0,0,0,0,0,0,0,0,0,0,0,0,0,0,0,0,0,0,0,0,0,0,0,0,0,0.000469,1.8135,-1,0.9426,0,0,0,0,0,0,0,0,0,0,0,0
0,0,0,0,0,0,0,0,0.6265,0.55597,-0.59251,1,7.3478e-05,-1.3977e-05,-1.106e-06,2,1,0.49812,0.6578,999,999,999,0.6099,0.42434,0.2232,0.37366,0.16588,4.7194e-07,9999,1,1,703.12,7.3242,0.1883,0,0,0,0,0,0,0,0,1,999,999,999,0,0,0,0,0,0,0,0,0,0,0,0,0,0,0,0,0,0,0,0,0,0.43117,-1,-1.3977e-05,-0.039779,0,0,0,0,0,0,0,1
0,0,0,0,1.288,0.67011,0.10794,-1,0.92622,0.93113,-0.42616,-1,0.99976,-0.3106,-0.17239,0,0,0,1.1974,999,999,999,0.38588,0.44948,1.9521,0,0,0,0,0,0,0,0,0,0,0,0,0,0,0,0,0,0,0,0,0,0,0,0,0,0,0,0,0,0,0,0,0,0,0,0,0,0,0.0082328,1.288,-1,0.94637,0,0,0,0,0,0,0,0,0,0,0,0
0,0,0,0,0,0,0,0,0.80589,2.0244,-0.73767,1,0.12406,-0.00017561,-7.0958e-05,2,0,0,1.1482,0.61953,-0.53535,-0.034488,1.1211,0.17473,0.68272,0.24509,0.083579,1.4004e-06,9999,0,1,0,5.3223,0.16217,0,0,0,0,0,0,0,0,1,0.50385,0.63165,-0.54899,0,0,0,0,0,10,0.083579,1.4004e-06,9999,1,0,5.3223,0.16217,0.50385,0.63165,-0.54899,6,0.0086035,0.80589,1,0.75967,0.88322,1,0.12406,0.15402,0,0,0,0,0,0,0,0
0,0,0,0,0,0,0,0,1.0624,0.47974,-0.4942,1,0.12083,-0.010732,5.0449e-06,1,0,0,0.83303,999,999,999,1.6422,0.53904,0.31493,0.3125,0.090903,1.4395e-06,9999,0,-1,0,3.6133,0.16849,0,0,0,0,0,0,0,0,1,999,999,999,0,0,0,0,0,10,0.2176,4.3807e-07,9999,-1,830.08,5.2246,0.17094,1.0624,0.95494,-0.93077,-9,0.010054,1.0624,1,0.95494,0.047333,1,0.12083,0.48839,0,0,0,0,0,0,0,1
0,0,0,0,0,0,0,0,0.6108,0.51911,0.68694,1,0.96247,-0.44428,-0.00018438,0,0,0,1.2128,0.90398,-0.80771,-0.7402,0.73325,0.67342,0.82747,0,0,0,0,0,0,0,0,0,0,0,0,0,0,0,0,0,0,0,0,0,0,0,0,0,0,0,0,0,0,0,0,0,0,0,0,0,0,0.013807,0.90398,1,0.80771,0,0,0,0,0,0,0,0,0,0,0,0
0,0,0,0,0,0,0,0,0.22542,0.056988,-0.23168,1,-0.96953,0.00049815,3.347e-07,1,0,0,0.3426,999,999,999,0.31375,0.2815,0.092029,0.7964,0.16555,3.347e-07,9999,1,1,1660.2,11.523,0.092029,0,0,0,0,0,0,0,0,1,999,999,999,0,0,0,0,0,0,0,0,0,0,0,0,0,0,0,0,0,0,0,0,0,0.45832,-1,-0.96953,-0.26451,0,0,0,0,0,0,0,0
0,0,0,0,0,0,0,0,0.84198,0.8152,-0.97518,-1,-0.93728,1.7034e-06,1.6001e-06,2,0,0,0.64103,999,999,999,0.53874,0.19948,0.36281,0.80884,0.10806,1.7034e-06,9999,0,1,0,4.7363,0.19948,0,0,0,0,0,0,0,0,1,0.84198,0.85019,-0.95855,0,0,0,0,0,10,0.10806,1.7034e-06,9999,1,0,4.7363,0.19948,0.84198,0.85019,-0.95855,9,0.024923,0.84198,-1,0.85019,-0.95855,-1,-0.93728,-0.656,0,0,0,0,0,0,0,0
0,0,0,0,0,0,0,0,0.82746,0.45043,0.47899,1,0.95981,-0.00016003,-1.6711e-06,0,0,0,1.1881,999,999,999,1.1974,0.94845,0.36708,0,0,0,0,0,0,0,0,0,0,0,0,0,0,0,0,0,0,0,0,0,0,0,0,0,0,0,0,0,0,0,0,0,0,0,0,0,0,0.0030582,0.84659,-1,0.84575,0,0,0,0,0,0,0,0,0,0,0,1
0,0,0,0,0,0,0,0,0.57094,0.85414,-0.79906,1,0.99876,-0.0019669,4.112e-07,2,0,0,0.51043,999,999,999,0.49653,0.48775,0.15492,0,0,0,0,0,0,0,0,0,0,0,0,0,0,0,0,0,0,0,0,0,0,0,0,0,0,0,0,0,0,0,0,0,0,0,0,0,0,0.0042412,0.57094,1,0.97916,0,0,0,0,0,0,0,0,0,0,0,1
0,0,0,0,0,0,0,0,0.41137,0.25903,0.82732,1,-4.8393e-05,3.1386e-05,9.6457e-06,2,1,0.49699,0.55803,999,999,999,0.58475,0.50546,0.39147,0.94599,0.053448,1.2093e-06,9999,1,1,0,16.016,0.091644,0,0,0,0,0,0,0,0,1,999,999,999,0,0,0,0,0,0,0,0,0,0,0,0,0,0,0,0,0,0,0,0,0,0.69027,-1,-6.722e-06,-0.8224,0,0,0,0,0,0,0,0
0,0,0,0,0,0,0,0,0.54378,0.27567,-0.026141,1,0.19834,0.00064919,-0.00034475,4,1,0.49871,0.97467,0.54378,-0.98574,-0.57487,0.79682,0.42672,0.72236,0,0,0,0,0,0,0,0,0,0,0,0,0,0,0,0,0,0,0,0,0,0,0,0,0,0,0,0,0,0,0,0,0,0,0,0,0,0,0.01085,0.54378,1,0.98574,0,0,0,0,0,0,0,0,0,0,0,1
0,0,0,0,0,0,0,0,0.99443,1.0705,-0.40684,-1,0.0034079,-0.0007824,-0.00012684,1,0,0,1.3086,999,999,999,0.53985,1.0415,0.77687,0.92027,0.077442,3.4893e-07,9999,1,1,70.801,8.9844,0.10639,0,0,0,0,0,0,0,0,1,0.99443,0.98814,-0.85093,0,0,0,0,0,10,0.077442,3.4893e-07,9999,1,70.801,8.9844,0.10639,0.99443,0.98814,-0.85093,2,0.0016904,0.99443,-1,0.98814,0.93908,-1,-0.00012684,-0.79536,0,0,0,0,0,0,0,0
0,0,0,0,0,0,0,0,0.55103,0.45816,-0.55366,-1,-0.00020861,-2.4925e-05,-1.725e-06,2,0,0,0.6291,-0.55103,-0.94002,-0.774,0.69854,0.48464,0.20145,0.30461,0.080832,1.2849e-06,9999,0,1,0,36.719,0.049138,0,0,0,0,0,0,0,0,1,999,999,999,0,0,0,0,0,10,0.16675,3.4005e-07,9999,1,849.61,3.6621,0.097616,0.55103,0.94002,-0.044278,21,0.0095686,0.55103,-1,0.94002,0.45907,-1,-1.725e-06,-0.54282,0,0,0,0,0,0,0,1
0,0,0,0,0,0,0,0,1.0191,0.36815,0.9933,-1,-0.54086,-0.087061,-6.1283e-05,2,0,0,1.0158,999,999,999,0.7795,0.83443,0.62572,0.46331,0.10442,3.835e-07,9999,0,-1,957.03,7.2266,0.13569,0,0,0,0,0,0,0,0,1,999,999,999,0,0,0,0,0,10,0.21014,1.4461e-06,9999,1,512.7,4.1016,0.35256,1.0191,0.92921,-0.12042,0,0.014547,1.0191,-1,0.92921,-0.76535,-1,-0.54086,-0.34054,0,0,0,0,0,0,0,0
0.54934,1.2892,-0.79211,-1,0,0,0,0,0.38126,0.45465,-0.28228,1,-6.7243e-06,2.0845e-06,1.4637e-06,1,0,0,0.49592,999,999,999,0.36196,0.2728,0.3538,0.09988,0.14047,3.591e-07,9999,1,-1,1679.7,10.156,0.11575,0,0,0,0,0,0,0,0,1,999,999,999,0,0,0,0,0,10,0.21792,1.4637e-06,9999,1,537.11,3.7598,0.3538,0.54934,0.86352,-0.47111,9,0.043625,0.54934,-1,0.86352,0.67843,1,2.0845e-06,0.00052245,0.54934,1.2892,-0.79211,-1,1,0.043625,0.86352,0
0.2789,1.2377,-0.97415,1,0,0,0,0,0.63674,0.73826,-0.33027,1,0.012702,-0.00056523,1.2696e-05,0,1,0.49957,0.61468,999,999,999,1.0135,0.3731,0.4155,0.84613,0.2442,0.00056523,9999,1,-1,654.3,0,0.3731,1,0,-1.5722,-1.7465,2.647,0.06172,0.11236,2.7365,1,999,999,999,0,0,0,0,0,0,0,0,0,0,0,0,0,0,0,0,0,0.00085828,0.63674,1,0.43881,0.99648,1,1.2696e-05,0.0018328,0.2789,1.2377,-0.97415,1,1,0.084144,0.80868,1
0,0,0,0,0,0,0,0,1.0498,0.11724,-0.65398,1,0.0065692,0.00338,1.2668e-05,2,1,0.50222,1.1864,0.6655,0.42637,-0.22328,1.4813,0.54127,0.4153,0,0,0,0,0,0,0,0,0,0,0,0,0,0,0,0,0,0,0,0,0,0,0,0,0,0,0,0,0,0,0,0,0,0,0,0,0,0,0.003824,1.0498,1,0.78566,0,0,0,0,0,0,0,0,0,0,0,1
0,0,0,0,0,0,0,0,2.1666,0.25657,-0.45371,-1,-0.28901,-0.12934,0.012584,0,0,0,2.6532,-2.1666,0.99967,-0.89744,0.80895,2.4975,1.4935,0,0,0,0,0,0,0,0,0,0,0,0,0,0,0,0,0,0,0,0,0,0,0,0,0,0,0,0,0,0,0,0,0,0,0,0,0,0,0.012397,2.1666,-1,0.99967,0,0,0,0,0,0,0,0,0,0,0,0
1.6256,0,-0.50942,1,0,0,0,0,0.79555,0.35224,-0.013206,-1,-0.94441,0.14262,-0.00016477,0,0,0,1.315,999,999,999,1.2889,1.0934,0.79173,0,0,0,0,0,0,0,0,0,0,0,0,0,0,0,0,0,0,0,0,0,0,0,0,0,0,0,0,0,0,0,0,0,0,0,0,0,0,0.011226,1.6256,1,0.89149,0,0,0,0,0,0,0,0,0,0,0,1
0,0,0,0,0,0,0,0,1.9755,0,-0.97802,-1,-0.038165,0,0,0,0,0,0.72204,999,999,999,1.2402,0,0,0,0,0,0,0,0,0,0,0,0,0,0,0,0,0,0,0,0,0,0,0,0,0,0,0,0,0,0,0,0,0,0,0,0,0,0,0,0,0.010844,1.9755,-1,0.97802,0,0,0,0,0,0,0,0,0,0,0,0
1.8463,0,-0.95676,1,0,0,0,0,0.45789,0.45037,-0.17592,-1,-0.20514,0.10766,0,0,0,0,1.5646,999,999,999,0.68427,1.5291,0,0,0,0,0,0,0,0,0,0,0,0,0,0,0,0,0,0,0,0,0,0,0,0,0,0,0,0,0,0,0,0,0,0,0,0,0,0,0,0.0049667,1.8463,1,0.99152,0,0,0,0,0,0,0,0,0,0,0,1
0,0,0,0,2.0987,0,-0.79522,-1,1.0615,0.36618,0.0083208,1,0.91865,-0.061698,1.0186e-05,1,1,0.50177,1.9468,999,999,999,1.3863,3.14,0.39611,0,0,0,0,0,0,0,0,0,0,0,0,0,0,0,0,0,0,0,0,0,0,0,0,0,0,0,0,0,0,0,0,0,0,0,0,0,0,0.0020736,2.0987,-1,0.96454,0,0,0,0,0,0,0,0,0,0,0,0
0,0,0,0,0,0,0,0,0.91005,0.72016,-0.93125,1,0.72058,-0.00010135,1.3085e-06,2,2,0.49532,0.99445,999,999,999,1.0686,0.69832,0.14345,0.61223,0.056406,1.2104e-06,9999,0,-1,0,4.1504,0.098182,1,1,2.6063,-0.13257,3.0569,0.31816,0.011102,0.71299,1,999,999,999,0,0,0,0,0,0,0,0,0,0,0,0,0,0,0,0,0,0.0049766,0.91005,1,0.99081,0.69591,1,0.72058,0.77813,0,0,0,0,0,0,0,0
0,0,0,0,0,0,0,0,1.0965,0.64764,0.88797,-1,-0.99896,-0.058333,3.977e-07,1,0,0,0.92218,-1.0965,0.98392,-0.32238,0.49343,1.6801,0.14594,0.87681,0.15747,3.8483e-07,9999,1,-1,1894.5,10.547,0.13669,0,0,0,0,0,0,0,0,1,999,999,999,0,0,0,0,0,10,0.22693,3.977e-07,9999,1,712.89,4.1016,0.14594,1.0965,0.98392,-0.16116,0,0.0113,1.0965,-1,0.98392,0.22081,-1,-0.99896,-0.00019104,0,0,0,0,0,0,0,0
0,0,0,0,0,0,0,0,0.44038,1.2363,-0.49148,-1,0.00049106,8.8731e-05,-1.5802e-05,3,1,0.4973,0.94291,999,999,999,0.2776,0.77709,0.43601,0.97657,0.23775,3.2197e-06,9999,0,1,576.17,3.5645,0.30553,0,1,0,0,0,0,0,0,1,999,999,999,0,0,0,0,0,0,0,0,0,0,0,0,0,0,0,0,0,0.0065084,0.56526,1,0.56986,0.43256,-1,-3.6945e-06,-0.15413,0,0,0,0,0,0,0,1
0,0,0,0,0,0,0,0,0.94171,0.83033,-0.6108,-1,-0.99699,0.0030904,1.3785e-05,0,1,0.50107,0.76633,999,999,999,0.55154,1.2769,0.42305,0.39373,0.13264,5.044e-07,9999,1,1,541.99,4.6387,0.20265,0,0,0,0,0,0,0,0,1,0.94171,0.88766,-0.40803,0,0,0,0,0,10,0.13264,5.044e-07,9999,1,541.99,4.6387,0.20265,0.94171,0.88766,-0.40803,4,0.039068,0.94171,-1,0.88766,-0.40803,-1,-0.99699,-0.21338,0,0,0,0,0,0,0,1
0,0,0,0,0.43216,1.1533,0.96822,-1,1.1712,0.69633,-0.90435,-1,-0.00017623,-0.00014109,-7.7236e-05,0,0,0,0.81583,999,999,999,0.13343,0.79592,0.65656,0.5391,0.1198,3.774e-07,9999,1,1,1035.2,7.5195,0.131,0,0,0,0,0,0,0,0,1,999,999,999,0,0,0,0,0,0,0,0,0,0,0,0,0,0,0,0,0,0.057665,1.1712,-1,0.96294,0.74574,-1,-0.00014109,-0.36609,0,0,0,0,0,0,0,0
0,0,0,0,1.1473,0.42578,-0.49932,1,1.033,0.27778,-0.13167,-1,-0.054953,0.011459,-6.4338e-07,0,0,0,1.083,999,999,999,1.516,0.7758,0.2479,0,0,0,0,0,0,0,0,0,0,0,0,0,0,0,0,0,0,0,0,0,0,0,0,0,0,0,0,0,0,0,0,0,0,0,0,0,0,0.008809,1.1473,1,0.92979,0,0,0,0,0,0,0,0,0,0,0,1
1.4134,0.52791,-0.95706,-1,0,0,0,0,0.41921,0.086072,0.71796,1,-0.0010906,6.8974e-07,0,0,0,0,0.91754,999,999,999,2.2225,0.25919,0,0,0,0,0,0,0,0,0,0,0,0,0,0,0,0,0,0,0,0,0,0,0,0,0,0,0,0,0,0,0,0,0,0,0,0,0,0,0,0.017211,1.4134,-1,0.92901,0,0,0,0,0,0,0,0,0,0,0,0
0,0,0,0,0,0,0,0,1.2232,0.74308,-0.95222,1,0.074711,-2.3727e-06,-1.5063e-06,0,0,0,1.2548,999,999,999,1.4461,0.28259,0.17791,0.093684,0.11301,4.2063e-07,9999,1,1,600.59,3.6621,0.1608,0,0,0,0,0,0,0,0,1,999,999,999,0,0,0,0,0,0,0,0,0,0,0,0,0,0,0,0,0,0.0093704,1.2232,1,0.92235,0.20807,-1,-1.5063e-06,-0.28952,0,0,0,0,0,0,0,0
0,0,0,0,0,0,0,0,0.64065,0.97209,0.71621,-1,-0.89041,0.80417,0.0069498,2,1,0.50252,0.82447,-0.64065,-0.93207,-0.73248,0.63209,0.16146,0.32987,0.33654,0.066253,1.2333e-06,9999,1,1,0,11.23,0.11792,0,0,0,0,0,0,0,0,1,999,999,999,0,0,0,0,0,0,0,0,0,0,0,0,0,0,0,0,0,0.0015765,0.64065,-1,0.93207,0.27951,-1,-0.89041,-0.62259,0,0,0,0,0,0,0,0
0,0,0,0,0,0,0,0,0.76462,1.5013,-0.95016,-1,-0.24865,-9.897e-05,6.4761e-05,2,0,0,0.92838,999,999,999,0.6111,0.65508,0.65474,0.28616,0.12048,4.0583e-07,9999,0,-1,888.67,4.4434,0.15143,0,0,0,0,0,0,0,0,1,999,999,999,0,0,0,0,0,10,0.16666,7.1156e-07,9999,1,507.81,3.5645,0.26404,0.76462,0.58932,-0.86221,4,0.005047,0.76462,-1,0.58932,0.28483,1,6.4761e-05,0.27755,0,0,0,0,0,0,0,1
0,0,0,0,0,0,0,0,0.72517,1.661,-0.64712,1,9.0779e-05,-2.3654e-05,1.9295e-05,2,1,0.49784,0.77494,999,999,999,0.74176,0.47852,0.45598,0.96477,0.18937,7.1622e-07,9999,1,-1,502.93,3.5156,0.26505,0,0,0,0,0,0,0,0,1,0.72517,0.76347,-0.64663,0,0,0,0,0,10,0.18937,7.1622e-07,9999,-1,502.93,3.5156,0.26505,0.72517,0.76347,-0.64663,-0,0.0038456,0.72517,1,0.76347,0.31741,1,1.0049e-06,0.65135,0,0,0,0,0,0,0,1
0,0,0,0,0.72438,0.85507,-0.22812,1,0.69816,0.79839,0.93788,1,0.77358,-0.0031301,0.00064911,0,0,0,1.1452,0.72438,0.9295,-0.55176,0.64499,1.1252,0.83279,0.8387,0.046214,1.2101e-06,9999,1,-1,0,18.359,0.097503,0,0,0,0,0,0,0,0,1,0.72438,0.9295,-0.97875,0,0,0,0,0,10,0.046214,1.2101e-06,9999,-1,0,18.359,0.097503,0.72438,0.9295,-0.97875,-2,0.021596,0.72438,1,0.9295,0.37001,1,0.77358,0.77088,0,0,0,0,0,0,0,1
0,0,0,0,1.6711,0,-0.74896,-1,0.37676,0.76387,0.1047,-1,-0.99836,-0.0033962,6.3932e-07,0,0,0,0.92945,-1.6711,-0.97283,-0.42291,0.50246,1.0992,0.24683,0,0,0,0,0,0,0,0,0,0,0,0,0,0,0,0,0,0,0,0,0,0,0,0,0,0,0,0,0,0,0,0,0,0,0,0,0,0,0.01934,1.6711,-1,0.97283,0,0,0,0,0,0,0,0,0,0,0,0
0,0,0,0,0,0,0,0,0.50742,0.52465,0.80493,1,0.97135,-0.91923,0.00078987,3,0,0,1.1635,0.57583,-0.49674,-0.69466,0.29429,0.31679,0.72036,0.62547,0.15411,3.5873e-07,9999,0,-1,1308.6,2.9053,0.11542,0,0,0,0,0,0,0,0,1,0.57583,0.49674,-0.46573,0,0,0,0,0,10,0.15411,3.5873e-07,9999,-1,1308.6,2.9053,0.11542,0.57583,0.49674,-0.46573,-6,0.0009972,0.68111,-1,0.79158,0.93221,1,0.97135,0.15479,0,0,0,0,0,0,0,0
0,0,0,0,0,0,0,0,0.96294,0.65172,-0.34592,1,-0.99998,-0.99496,0.96703,0,0,0,1.4896,-1.036,0.79491,-0.39254,0.26354,0.60636,1.3668,0,0,0,0,0,0,0,0,0,0,0,0,0,0,0,0,0,0,0,0,0,0,0,0,0,0,0,0,0,0,0,0,0,0,0,0,0,0,0.01361,1.036,-1,0.79491,0,0,0,0,0,0,0,0,0,0,0,0
0,0,0,0,0,0,0,0,0.51048,0.93609,-0.55744,1,-0.8649,0.0025989,3.1743e-06,1,0,0,0.60149,999,999,999,0.22457,0.68752,0.30447,0.061194,0.063027,1.2368e-06,9999,0,-1,0,8.4961,0.11968,0,0,0,0,0,0,0,0,1,999,999,999,0,0,0,0,0,0,0,0,0,0,0,0,0,0,0,0,0,0.010868,0.51048,1,0.79304,0.56412,1,3.1743e-06,0.63575,0,0,0,0,0,0,0,0
1.5468,0,-0.27454,-1,0,0,0,0,1.3449,0.29896,0.20399,1,-0.99914,0.075592,-8.7366e-05,0,0,0,1.9856,999,999,999,0.45812,1.5025,2.1141,0.84001,0.11515,3.7265e-07,9999,1,1,1025.4,8.6914,0.12722,0,0,0,0,0,0,0,0,1,1.5468,0.90661,-0.84185,0,0,0,0,0,10,0.11515,3.7265e-07,9999,1,1025.4,8.6914,0.12722,1.5468,0.90661,-0.84185,2,0.021864,1.5468,-1,0.90661,0.00082383,-1,-0.99914,-0.66149,0,0,0,0,0,0,0,0
0,0,0,0,0,0,0,0,1.3254,0.79117,-0.54687,-1,-0.041022,0.00011563,0,0,0,0,0.94544,999,999,999,0.91546,0.7226,0,0,0,0,0,0,0,0,0,0,0,0,0,0,0,0,0,0,0,0,0,0,0,0,0,0,0,0,0,0,0,0,0,0,0,0,0,0,0,0.0026732,1.3254,-1,0.62244,0,0,0,0,0,0,0,0,0,0,0,0
0,0,0,0,0,0,0,0,0.85809,0.68427,-0.91911,1,0.47293,6.7023e-05,0,0,0,0,0.92394,999,999,999,0.8684,0.66427,0,0,0,0,0,0,0,0,0,0,0,0,0,0,0,0,0,0,0,0,0,0,0,0,0,0,0,0,0,0,0,0,0,0,0,0,0,0,0,0.0036606,0.85809,1,0.98804,0,0,0,0,0,0,0,0,0,0,0,1
0,0,0,0,0,0,0,0,0.84321,0.95257,0.31804,1,-0.99851,0.95737,-0.0003263,0,0,0,1.1519,999,999,999,0.49813,0.95095,0.54819,0,0,0,0,0,0,0,0,0,0,0,0,0,0,0,0,0,0,0,0,0,0,0,0,0,0,0,0,0,0,0,0,0,0,0,0,0,0,0.016733,0.84321,1,0.4555,0,0,0,0,0,0,0,0,0,0,0,0
0,0,0,0,1.0423,0,-0.68242,-1,0.68677,0,0.16513,1,-0.0003511,0.00012097,-6.1108e-05,0,0,0,1.1533,999,999,999,0.86134,0.72804,0.63573,0,0,0,0,0,0,0,0,0,0,0,0,0,0,0,0,0,0,0,0,0,0,0,0,0,0,0,0,0,0,0,0,0,0,0,0,0,0,0.0011196,1.0423,-1,0.95154,0,0,0,0,0,0,0,0,0,0,0,0
0,0,0,0,0,0,0,0,1.1208,0.092834,-0.89253,1,0.010076,-2.2201e-06,5.7504e-07,0,0,0,0.53906,999,999,999,0.706,0.39344,0.22825,0,0,0,0,0,0,0,0,0,0,0,0,0,0,0,0,0,0,0,0,0,0,0,0,0,0,0,0,0,0,0,0,0,0,0,0,0,0,0.0025405,1.1208,1,0.89171,0,0,0,0,0,0,0,0,0,0,0,0
0,0,0,0,0,0,0,0,0.91523,0.73286,-0.75884,-1,0.0030991,-0.00047764,-3.3809e-06,1,0,0,0.79279,999,999,999,0.69161,0.61378,0.31654,0.8303,0.19255,9.2731e-07,9999,0,1,537.11,4.248,0.30138,0,0,0,0,0,0,0,0,1,0.91523,0.94485,-0.87039,0,0,0,0,0,10,0.19255,9.2731e-07,9999,1,537.11,4.248,0.30138,0.91523,0.94485,-0.87039,0,0.081476,0.91523,-1,0.94485,0.0043289,-1,-3.3809e-06,-0.11337,0,0,0,0,0,0,0,0
0,0,0,0,0,0,0,0,0.57891,1.0261,0.16601,-1,-0.00026848,5.8672e-07,0,0,0,0,0.46813,999,999,999,0.87967,0.23191,0,0,0,0,0,0,0,0,0,0,0,0,0,0,0,0,0,0,0,0,0,0,0,0,0,0,0,0,0,0,0,0,0,0,0,0,0,0,0,0.012897,0.57891,-1,0.68338,0,0,0,0,0,0,0,0,0,0,0,1
0.94961,0.72243,-0.76224,-1,0,0,0,0,0.33978,0.16265,0.67317,-1,-0.87142,-0.00035007,2.341e-05,0,0,0,0.83759,-0.94961,-0.93626,-0.36679,0.66353,0.69827,0.47733,0.58677,0.13705,3.8872e-07,9999,1,1,1044.9,8.1055,0.13956,0,0,0,0,0,0,0,0,1,0.94961,0.93626,-0.3708,0,0,0,0,0,10,0.13705,3.8872e-07,9999,1,1044.9,8.1055,0.13956,0.94961,0.93626,-0.3708,2,0.028383,0.94961,-1,0.93626,-0.41189,-1,-0.87142,-0.25509,0.94961,0.72243,-0.76224,-1,1,0.028383,0.93626,0
0,0,0,0,0,0,0,0,0.98698,0,0.7894,-1,0.080426,-0.051988,0.00059031,0,0,0,1.837,1.0451,-0.98594,-0.73323,2.0204,1.2035,1.0243,0,0,0,0,0,0,0,0,0,0,0,0,0,0,0,0,0,0,0,0,0,0,0,0,0,0,0,0,0,0,0,0,0,0,0,0,0,0,0.015721,1.3133,1,0.73559,0,0,0,0,0,0,0,0,0,0,0,0
0,0,0,0,0,0,0,0,0.8625,0.083642,0.14311,-1,0.54356,-0.11607,-8.2185e-05,0,0,0,1.2593,999,999,999,1.5663,1.1168,0.68795,0,0,0,0,0,0,0,0,0,0,0,0,0,0,0,0,0,0,0,0,0,0,0,0,0,0,0,0,0,0,0,0,0,0,0,0,0,0,0.014319,0.92909,-1,0.56962,0,0,0,0,0,0,0,0,0,0,0,0
0,0,0,0,0,0,0,0,0.49251,0.40445,-0.89794,-1,-1.6603e-05,1.7683e-06,-3.8587e-07,1,0,0,0.45997,999,999,999,0.44086,0.20525,0.13747,0.92954,0.10947,1.7683e-06,9999,0,1,0,5.4199,0.20525,0,0,0,0,0,0,0,0,1,999,999,999,0,0,0,0,0,0,0,0,0,0,0,0,0,0,0,0,0,0,0,0,0,0.50622,1,1.7683e-06,0.34971,0,0,0,0,0,0,0,0
0,0,0,0,0,0,0,0,0.46088,0.65906,-0.089958,1,-0.99352,0.9775,-0.87499,1,0,0,0.76243,999,999,999,0.44125,0.55531,0.38115,0.62131,0.13889,3.4568e-07,9999,1,1,217.29,12.695,0.10325,0,0,0,0,0,0,0,0,1,999,999,999,0,0,0,0,0,0,0,0,0,0,0,0,0,0,0,0,0,0,0,0,0,0.44091,-1,-0.87499,-0.26612,0,0,0,0,0,0,0,0
0,0,0,0,0,0,0,0,0.61165,0.86776,-0.50995,-1,-2.1303e-05,4.0097e-07,0,0,1,0.49956,0.45507,999,999,999,0.46676,0.14818,0,0.84134,0.087295,4.0097e-07,9999,1,1,664.06,6.8359,0.14818,0,0,0,0,0,0,0,0,1,0.61165,0.74047,-0.79307,0,0,0,0,0,10,0.087295,4.0097e-07,9999,1,664.06,6.8359,0.14818,0.61165,0.74047,-0.79307,5,0.005801,0.61165,-1,0.74047,-0.79307,-1,-2.1303e-05,-0.72723,0,0,0,0,0,0,0,0
0,0,0,0,0,0,0,0,0.59169,0.11295,0.4397,1,0.00066507,0.00039862,-9.4119e-05,1,1,0.49706,0.81616,999,999,999,0.55311,0.89938,0.68689,0.55521,0.21221,1.2368e-06,9999,1,-1,0,8.7891,0.11969,0,0,0,0,0,0,0,0,1,0.59169,0.94087,-0.63377,0,0,0,0,0,10,0.21221,1.2368e-06,9999,-1,0,8.7891,0.11969,0.59169,0.94087,-0.63377,-0,0.0041692,0.81033,-1,0.96105,-0.63377,1,0.00039862,0.0020684,0,0,0,0,0,0,0,0
0,0,0,0,0,0,0,0,1.6527,0,-0.9313,1,0.93472,0.00046521,0,0,1,0.49614,1.5223,0.50551,-0.86404,-0.81398,2.34,0.62341,0,0,0,0,0,0,0,0,0,0,0,0,0,0,0,0,0,0,0,0,0,0,0,0,0,0,0,0,0,0,0,0,0,0,0,0,0,0,0,0.0026714,1.6527,1,0.9933,0,0,0,0,0,0,0,0,0,0,0,1
1.0931,0.079097,0.97866,-1,0,0,0,0,1.2442,0,-0.79776,-1,-0.28875,-0.25027,0.14783,1,0,0,1.2204,-1.2442,0.86445,-0.88765,0.72873,1.9756,1.7188,0,0,0,0,0,0,0,0,0,0,0,0,0,0,0,0,0,0,0,0,0,0,0,0,0,0,0,0,0,0,0,0,0,0,0,0,0,0,0.021124,1.2442,-1,0.86445,0,0,0,0,0,0,0,0,0,0,0,0
1.2185,0,-0.44175,1,0,0,0,0,0.93272,0.40348,-0.55533,-1,-0.0021955,4.0924e-05,3.102e-05,0,0,0,1.462,999,999,999,1.2508,1.6496,0.51229,0.83337,0.11646,1.5245e-06,9999,1,-1,0,5.8594,0.18025,0,0,0,0,0,0,0,0,1,1.2185,0.90634,-0.54586,0,0,0,0,0,10,0.11646,1.5245e-06,9999,-1,0,5.8594,0.18025,1.2185,0.90634,-0.54586,-2,0.0082188,1.2185,1,0.90634,0.071542,1,3.102e-05,0.64984,0,0,0,0,0,0,0,1
0.53909,1.2207,-0.29687,-1,0,0,0,0,0.32649,1.303,-0.99185,-1,-0.0087617,0.00023767,0.00017416,0,1,0.4982,0.89166,999,999,999,0.79719,0.26679,0.15915,0.90418,0.19619,7.1455e-07,9999,0,1,654.3,3.5645,0.26469,0,0,0,0,0,0,0,0,1,999,999,999,0,0,0,0,0,0,0,0,0,0,0,0,0,0,0,0,0,0.0079749,0.57569,1,0.96023,0.90777,-1,-0.0087617,-0.26417,0.53909,1.2207,-0.29687,-1,1,0.00024523,0.95368,0
0,0,0,0,0,0,0,0,1.4324,0.089028,0.49085,1,-0.99964,0.10775,-0.014632,2,0,0,1.5383,999,999,999,0.4069,1.8277,0.54849,0,0,0,0,0,0,0,0,0,0,0,0,0,0,0,0,0,0,0,0,0,0,0,0,0,0,0,0,0,0,0,0,0,0,0,0,0,0,0,0,0,0,0,0,0,0,0,0,0,0,0,0,0,0
0,0,0,0,0.84502,0.28074,-0.93024,1,0.83521,0.28074,-0.90199,-1,0.0035474,-8.2734e-05,0,0,0,0,1.1376,999,999,999,0.97558,0.75548,0,0,0,0,0,0,0,0,0,0,0,0,0,0,0,0,0,0,0,0,0,0,0,0,0,0,0,0,0,0,0,0,0,0,0,0,0,0,0,0.010446,0.84502,1,0.93095,0,0,0,0,0,0,0,0,0,0,0,1
0,0,0,0,0,0,0,0,0.96439,1.2654,-0.029288,-1,-0.72749,-0.039661,0.0019545,0,0,0,1.3766,-0.96439,0.82964,-0.99569,1.0103,0.88574,1.2032,0.98336,0.18676,6.3247e-07,9999,1,1,605.47,4.1504,0.24502,0,0,0,0,0,0,0,0,1,0.6935,0.85966,-0.79207,0,0,0,0,0,10,0.18676,6.3247e-07,9999,1,605.47,4.1504,0.24502,0.6935,0.85966,-0.79207,0,0.0096074,0.96439,-1,0.82964,-0.79207,-1,-0.72749,-0.76615,0,0,0,0,0,0,0,0
0,0,0,0,0,0,0,0,0.78892,0.4238,0.094731,-1,-0.00096796,0.00065904,0.00043052,1,1,0.49635,1.3122,-0.78892,-0.85619,-0.41131,0.77302,1.0818,0.6503,0.70666,0.24021,1.1784e-06,9999,1,1,527.34,3.5645,0.33039,0,0,0,0,0,0,0,0,1,0.78892,0.85619,-0.38418,0,0,0,0,0,10,0.24021,1.1784e-06,9999,1,527.34,3.5645,0.33039,0.78892,0.85619,-0.38418,0,0.027705,0.86982,1,0.60717,-0.38418,-1,-0.00013747,-0.00050804,0,0,0,0,0,0,0,1
0,0,0,0,0,0,0,0,0.67388,0.15076,-0.65029,-1,-0.00042433,0.00025654,-3.1961e-05,2,0,0,0.49933,999,999,999,0.6552,0.27949,0.51637,0,0,0,0,0,0,0,0,0,0,0,0,0,0,0,0,0,0,0,0,0,0,0,0,0,0,0,0,0,0,0,0,0,0,0,0,0,0,0.026595,0.67388,-1,0.72589,0,0,0,0,0,0,0,0,0,0,0,1
0,0,0,0,0,0,0,0,0.45282,1.7028,-0.67569,1,-0.00036501,0.00018726,2.588e-05,5,0,0,0.91513,999,999,999,0.70521,0.21019,0.48914,0.93605,0.17784,5.2056e-07,9999,0,-1,683.59,5.2246,0.20911,0,0,0,0,0,0,0,0,1,999,999,999,0,0,0,0,0,10,0.15939,1.218e-06,9999,1,0,23.047,0.077537,0.62234,0.94845,-0.10163,6,0.014281,0.62234,-1,0.94845,0.82232,1,2.588e-05,0.59316,0,0,0,0,0,0,0,1
0,0,0,0,0,0,0,0,0.883,0.84317,0.51596,1,0.22926,9.7269e-07,-6.9511e-07,0,0,0,0.69333,999,999,999,1.3538,0.30747,0.26041,0.54671,0.1746,6.9511e-07,9999,1,-1,561.52,3.2227,0.26041,0,0,0,0,0,0,0,0,1,0.883,0.88844,-0.36481,0,0,0,0,0,10,0.1746,6.9511e-07,9999,-1,561.52,3.2227,0.26041,0.883,0.88844,-0.36481,-5,0.036065,0.883,1,0.88844,-0.36481,1,0.22926,0.037459,0,0,0,0,0,0,0,1
0,0,0,0,0,0,0,0,0.89372,0.40657,0.26609,1,0.19424,-0.012536,-4.2706e-05,1,0,0,1.1064,999,999,999,1.4574,1.0909,0.56052,0,0,0,0,0,0,0,0,0,0,0,0,0,0,0,0,0,0,0,0,0,0,0,0,0,0,0,0,0,0,0,0,0,0,0,0,0,0,0.0012586,0.85781,-1,0.89137,0,0,0,0,0,0,0,0,0,0,0,1
0,0,0,0,0,0,0,0,1.0066,1.2094,0.097255,1,0.035667,-0.0015192,7.508e-05,0,0,0,1.4028,0.63517,-0.43873,-0.75366,1.4878,0.94347,0.66818,0.49117,0.17153,6.688e-07,9999,1,-1,532.23,4.6875,0.25426,0,0,0,0,0,0,0,0,1,1.0066,0.91408,-0.34812,0,0,0,0,0,10,0.17153,6.688e-07,9999,-1,532.23,4.6875,0.25426,1.0066,0.91408,-0.34812,-0,0.007892,1.0066,1,0.91408,0.79245,1,3.3057e-05,0.038197,0,0,0,0,0,0,0,1
0,0,0,0,0,0,0,0,1.8731,0.94774,-0.88895,-1,0.00012161,-7.3836e-05,-2.1748e-05,0,0,0,2.6687,999,999,999,2.1322,2.1979,0.46903,0.65578,0.21098,6.1003e-07,9999,1,1,585.94,3.7109,0.23882,0,0,0,0,0,0,0,0,1,999,999,999,0,0,0,0,0,0,0,0,0,0,0,0,0,0,0,0,0,0.0071699,1.8731,-1,0.98716,0.80299,-1,-2.1748e-05,-0.0042701,0,0,0,0,0,0,0,1
0,0,0,0,0,0,0,0,1.596,0.80169,-0.98855,1,0.99961,-0.042768,0.00088849,0,0,0,1.8194,1.596,0.94914,-0.70289,0.41195,1.2675,2.1833,0,0,0,0,0,0,0,0,0,0,0,0,0,0,0,0,0,0,0,0,0,0,0,0,0,0,0,0,0,0,0,0,0,0,0,0,0,0,0.01275,1.596,1,0.94914,0,0,0,0,0,0,0,0,0,0,0,1
0.60743,0.69613,0.32572,1,2.1496,0.085596,-0.85926,-1,0.13037,1.1126,0.74283,1,-0.14178,0.095304,4.0177e-07,0,0,0,2.2189,999,999,999,2.6139,0.86567,0.14872,0.89934,0.13037,4.0177e-07,9999,1,1,781.25,6.0547,0.14872,0,0,0,0,0,0,0,0,1,2.1496,0.97734,-0.89773,0,0,0,0,0,10,0.13037,4.0177e-07,9999,1,781.25,6.0547,0.14872,2.1496,0.97734,-0.89773,2,0.0086771,2.1496,-1,0.97734,-0.89773,-1,-0.14178,-0.70398,0.60743,0.69613,0.32572,1,1,0.041615,0.88227,0
0,0,0,0,0,0,0,0,0.65321,0.65016,0.36722,1,0.96108,-6.0511e-05,2.7235e-06,1,0,0,0.98542,999,999,999,0.9057,0.63693,0.29297,0.4531,0.13646,3.5461e-07,9999,0,1,302.73,15.234,0.1117,0,0,0,0,0,0,0,0,1,999,999,999,0,0,0,0,0,0,0,0,0,0,0,0,0,0,0,0,0,0.017859,0.71081,-1,0.89529,0.47802,-1,-6.0511e-05,-0.20144,0,0,0,0,0,0,0,0
0,0,0,0,0,0,0,0,1.4713,1.1619,0.25847,1,-0.95813,0.01044,-0.0023244,0,0,0,1.7546,-0.89052,-0.99745,-0.9548,0.7738,1.9284,0.79547,0.92026,0.15354,4.812e-07,9999,1,1,625,5.3711,0.1926,0,0,0,0,0,0,0,0,1,0.89052,0.99745,-0.89318,0,0,0,0,0,10,0.15354,4.812e-07,9999,1,625,5.3711,0.1926,0.89052,0.99745,-0.89318,2,0.004411,1.4713,1,0.98475,0.96448,-1,-0.95813,-0.67543,0,0,0,0,0,0,0,0
0,0,0,0,0,0,0,0,2.1791,0,-0.38092,-1,-0.72872,-2.3962e-05,1.2589e-05,0,0,0,1.8698,999,999,999,3.26,0.48002,0.41474,0.96277,0.18435,4.2687e-07,9999,1,1,771.48,6.543,0.16454,0,0,0,0,0,0,0,0,1,2.1791,0.99761,-0.95261,0,0,0,0,0,10,0.18435,4.2687e-07,9999,1,771.48,6.543,0.16454,2.1791,0.99761,-0.95261,2,0.0072064,2.1791,-1,0.99761,-0.95261,-1,-0.72872,-0.67806,0,0,0,0,0,0,0,0
0,0,0,0,0,0,0,0,0.96629,0.76391,-0.1485,-1,-0.97154,-0.00016826,-4.0804e-05,2,0,0,1.2087,-0.69833,0.99195,-0.85733,1.0406,0.89908,0.60039,0.90786,0.12029,4.5687e-07,9999,0,1,742.19,5.2246,0.18091,0,0,0,0,0,0,0,0,1,0.69833,0.99195,-0.86677,0,0,0,0,0,10,0.12029,4.5687e-07,9999,1,742.19,5.2246,0.18091,0.69833,0.99195,-0.86677,5,0.0062879,0.96629,-1,0.9035,0.80558,-1,-0.97154,-0.74176,0,0,0,0,0,0,0,0
0,0,0,0,0,0,0,0,0.75331,0.87678,-0.89936,1,2.8249e-05,-2.7734e-05,-9.6195e-07,2,0,0,0.66025,999,999,999,0.50001,0.49768,0.30607,0.80855,0.11148,3.3548e-07,9999,0,1,2265.6,14.648,0.09286,0,0,0,0,0,0,0,0,1,999,999,999,0,0,0,0,0,10,0.18314,9.6195e-07,9999,-1,395.51,5.0293,0.30607,0.75331,0.7652,-0.96987,-6,0.021219,0.75331,1,0.7652,-0.56751,-1,-2.7734e-05,-0.64357,0,0,0,0,0,0,0,1
0,0,0,0,0,0,0,0,0.73994,0,-0.30067,-1,-0.000178,0,0,0,0,0,0.70079,999,999,999,0.96635,0,0,0,0,0,0,0,0,0,0,0,0,0,0,0,0,0,0,0,0,0,0,0,0,0,0,0,0,0,0,0,0,0,0,0,0,0,0,0,0,0.0027904,0.73994,-1,0.37355,0,0,0,0,0,0,0,0,0,0,0,0
0,0,0,0,0,0,0,0,0.54146,0.69654,-0.15988,-1,-0.99995,0.00026288,9.8811e-06,0,0,0,0.85301,999,999,999,0.30906,0.9467,0.39352,0,0,0,0,0,0,0,0,0,0,0,0,0,0,0,0,0,0,0,0,0,0,0,0,0,0,0,0,0,0,0,0,0,0,0,0,0,0,0.020086,0.63129,1,0.72465,0,0,0,0,0,0,0,0,0,0,0,0
0,0,0,0,0,0,0,0,0.46196,0.85244,-0.069498,-1,0.97354,-0.0012687,-0.001209,0,0,0,0.87253,999,999,999,0.80233,0.4383,0.82556,0.907,0.23571,6.7793e-07,9999,1,1,693.36,4.4922,0.25644,0,0,0,0,0,0,0,0,1,0.56982,0.71483,-0.87952,0,0,0,0,0,10,0.23571,6.7793e-07,9999,1,693.36,4.4922,0.25644,0.56982,0.71483,-0.87952,6,0.005527,0.56982,-1,0.71483,0.93606,-1,-0.0012687,-0.023503,0,0,0,0,0,0,0,1
0.74247,0,-0.17608,1,0,0,0,0,0,0,0,0,0.0007385,0,0,0,0,0,0.53454,999,999,999,1.1461,0,0,0,0,0,0,0,0,0,0,0,0,0,0,0,0,0,0,0,0,0,0,0,0,0,0,0,0,0,0,0,0,0,0,0,0,0,0,0,0,0.029976,0.74247,1,0.76794,0,0,0,0,0.74247,0,-0.17608,1,1,0.029976,0.76794,0
0.69435,0.65419,0.00066194,1,0,0,0,0,0.54614,0.45636,-0.69088,-1,-0.99919,0.99844,0.00027776,0,0,0,1.0101,999,999,999,0.45301,0.49845,0.65447,0,0,0,0,0,0,0,0,0,0,0,0,0,0,0,0,0,0,0,0,0,0,0,0,0,0,0,0,0,0,0,0,0,0,0,0,0,0,0.00015479,0.69435,1,0.65909,0,0,0,0,0.69435,0.65419,0.00066194,1,1,0.00015479,0.65909,0
0.47072,0.34699,-0.96412,1,0,0,0,0,0.31768,0,0.66026,-1,0.12398,-0.00019341,-3.1335e-05,3,1,0.49702,0.9793,999,999,999,0.65607,0.77803,0.51362,0.060993,0.063597,1.275e-06,9999,0,1,0,11.816,0.1342,0,0,0,0,0,0,0,0,1,0.6725,0.57226,-0.75745,0,0,0,0,0,10,0.063597,1.275e-06,9999,1,0,11.816,0.1342,0.6725,0.57226,-0.75745,0,0.014011,0.6725,-1,0.57226,0.99605,1,0.12398,0.23014,0.47072,0.34699,-0.96412,1,1,0.018102,0.99834,0
0,0,0,0,0,0,0,0,1.0028,1.1839,0.79034,-1,0.97068,-0.0049962,-7.8086e-05,0,0,0,1.3213,0.70246,0.76426,-0.002972,0.62402,1.1874,0.70774,0,0,0,0,0,0,0,0,0,0,0,0,0,0,0,0,0,0,0,0,0,0,0,0,0,0,0,0,0,0,0,0,0,0,0,0,0,0,0.0078844,1.0028,-1,0.97917,0,0,0,0,0,0,0,0,0,0,0,1
1.1118,0.21322,0.86865,1,0,0,0,0,0.90782,1.6739,-0.69543,-1,0.97233,-0.015297,0.00064274,0,0,0,1.3613,1.1118,0.98904,-0.90096,0.88371,0.63286,1.4373,0.82627,0.11388,3.367e-07,9999,1,-1,1875,15.82,0.094147,0,0,0,0,0,0,0,0,1,1.1118,0.98904,-0.8631,0,0,0,0,0,10,0.11388,3.367e-07,9999,-1,1875,15.82,0.094147,1.1118,0.98904,-0.8631,-6,0.0090933,1.1118,1,0.98904,0.60342,1,0.97233,0.65144,0,0,0,0,0,0,0,1
1.6161,0.51048,-0.88538,-1,0,0,0,0,0.259,0.51048,-0.49961,1,-0.24295,6.9445e-06,0,0,0,0,1.2437,999,999,999,1.2625,0.36452,0,0,0,0,0,0,0,0,0,0,0,0,0,0,0,0,0,0,0,0,0,0,0,0,0,0,0,0,0,0,0,0,0,0,0,0,0,0,0,0.0098272,1.6161,-1,0.77599,0,0,0,0,0,0,0,0,0,0,0,0
0,0,0,0,0,0,0,0,1.5194,0.71606,-0.27971,-1,0.99915,-0.1751,0.0050126,1,0,0,1.1041,0.80586,0.81783,-0.8809,0.45695,0.97531,1.2097,0,0,0,0,0,0,0,0,0,0,0,0,0,0,0,0,0,0,0,0,0,0,0,0,0,0,0,0,0,0,0,0,0,0,0,0,0,0,0.0050369,1.5194,-1,0.93668,0,0,0,0,0,0,0,0,0,0,0,1
0,0,0,0,0,0,0,0,0.72069,1.4824,-0.71927,-1,-0.57364,0.00017418,-0.00010983,3,0,0,0.91316,-0.5019,0.77129,-0.82866,0.65598,0.1596,0.78272,0.49281,0.10557,1.2251e-06,9999,1,-1,0,20.508,0.072374,0,0,0,0,0,0,0,0,1,999,999,999,0,0,0,0,0,10,0.11459,1.2154e-06,9999,1,0,2.5146,0.079984,0.5019,0.77129,-0.90674,21,0.026725,0.72069,-1,0.95276,0.51763,-1,-0.57364,-0.37862,0,0,0,0,0,0,0,0
0,0,0,0,0,0,0,0,0.74295,0.39713,-0.72296,-1,-0.0021124,0,0,0,0,0,0.63157,999,999,999,1.0868,0,0,0,0,0,0,0,0,0,0,0,0,0,0,0,0,0,0,0,0,0,0,0,0,0,0,0,0,0,0,0,0,0,0,0,0,0,0,0,0,0.018443,0.74295,-1,0.79193,0,0,0,0,0,0,0,0,0,0,0,1
0,0,0,0,1.7431,0.054625,-0.37614,-1,0.91261,0.8361,0.32793,1,-0.15002,9.8262e-05,-7.2375e-05,3,0,0,1.7609,999,999,999,1.1211,0.76195,2.4958,0,0,0,0,0,0,0,0,0,0,0,0,0,0,0,0,0,0,0,0,0,0,0,0,0,0,0,0,0,0,0,0,0,0,0,0,0,0,0.0069866,1.7431,-1,0.95321,0,0,0,0,0,0,0,0,0,0,0,0
0,0,0,0,0,0,0,0,0.872,0.98812,-0.91157,-1,0.26918,-0.0006975,-0.00018794,1,0,0,0.91093,999,999,999,1.2184,0.77385,0.21152,0,0,0,0,0,0,0,0,0,0,0,0,0,0,0,0,0,0,0,0,0,0,0,0,0,0,0,0,0,0,0,0,0,0,0,0,0,0,0.0029265,0.872,-1,0.79757,0,0,0,0,0,0,0,0,0,0,0,1
1.8162,0.072606,-0.90495,1,0,0,0,0,0.6071,0.08329,0.80661,-1,0.049253,0.00036425,-0.00026159,1,1,0.49766,1.7075,1.8162,-0.99112,-0.87434,1.5092,1.6196,0.85805,0,0,0,0,0,0,0,0,0,0,0,0,0,0,0,0,0,0,0,0,0,0,0,0,0,0,0,0,0,0,0,0,0,0,0,0,0,0,0.052501,1.8162,1,0.99112,0,0,0,0,0,0,0,0,0,0,0,1
0,0,0,0,0,0,0,0,1.8695,0,-0.99212,-1,-0.9885,-0.0043859,0.0014408,1,0,0,1.8592,-1.8695,0.99777,-0.95512,0.53782,2.4291,0.81153,0,0,0,0,0,0,0,0,0,0,0,0,0,0,0,0,0,0,0,0,0,0,0,0,0,0,0,0,0,0,0,0,0,0,0,0,0,0,0.0043897,1.8695,-1,0.99777,0,0,0,0,0,0,0,0,0,0,0,0
0,0,0,0,0,0,0,0,0.69697,1.3946,-0.76732,-1,-0.99586,0.00058341,-9.9006e-06,0,0,0,1.0849,999,999,999,0.58406,0.89491,0.39368,0.98452,0.20009,1.5998e-06,9999,0,1,634.77,4.7852,0.25252,0,0,0,0,0,0,0,0,1,0.69697,0.79453,-0.67755,0,0,0,0,0,10,0.12833,1.2173e-06,9999,-1,0,23.438,0.078145,0.7024,0.87145,-0.67094,-4,0.0020892,0.7024,1,0.87145,-0.67755,-1,-0.99586,-0.67976,0,0,0,0,0,0,0,0
0,0,0,0,0,0,0,0,0.84615,1.3469,0.15904,-1,-0.0005604,6.0103e-07,0,0,0,0,0.81624,999,999,999,0.82687,0.23621,0,0.99023,0.14377,6.0103e-07,9999,1,1,532.23,4.4434,0.23621,0,0,0,0,0,0,0,0,1,0.84615,0.96303,-0.94091,0,0,0,0,0,10,0.14377,6.0103e-07,9999,1,532.23,4.4434,0.23621,0.84615,0.96303,-0.94091,2,0.025754,0.84615,-1,0.96303,-0.94091,-1,-0.0005604,-0.8851,0,0,0,0,0,0,0,0
0,0,0,0,0,0,0,0,0.35032,1.0038,-0.97707,1,-0.99999,0.0066651,2.7405e-05,3,0,0,0.60633,999,999,999,0.2115,0.71227,0.57356,0.65622,0.17933,4.7e-07,9999,1,-1,473.63,4.6875,0.18738,0,0,0,0,0,0,0,0,1,999,999,999,0,0,0,0,0,0,0,0,0,0,0,0,0,0,0,0,0,0,0,0,0,0.81621,1,1.3229e-06,4.1289e-06,0,0,0,0,0,0,0,0
0,0,0,0,0,0,0,0,1.0042,0.27731,-0.28747,1,0.0037445,9.4153e-05,-1.5894e-05,2,1,0.50232,1.166,0.53912,-0.62898,-0.38553,1.3631,0.8287,0.43658,0,0,0,0,0,0,0,0,0,0,0,0,0,0,0,0,0,0,0,0,0,0,0,0,0,0,0,0,0,0,0,0,0,0,0,0,0,0,0.0084288,1.0042,1,0.91569,0,0,0,0,0,0,0,0,0,0,0,1
2.0276,0.12567,-0.99499,-1,0,0,0,0,0.62535,0.346,0.9466,1,0.00038262,-6.5845e-05,4.1509e-07,0,0,0,1.6786,999,999,999,0.50955,2.9846,0.15739,0.95637,0.15814,4.1509e-07,9999,1,1,585.94,4.2969,0.15739,0,0,0,0,0,0,0,0,1,2.0276,0.99653,-0.96105,0,0,0,0,0,10,0.15814,4.1509e-07,9999,1,585.94,4.2969,0.15739,2.0276,0.99653,-0.96105,8,0.00018348,2.0276,-1,0.99653,-0.96105,-1,-6.5845e-05,-0.77362,0,0,0,0,0,0,0,0
0,0,0,0,0,0,0,0,0.69284,0.24119,0.45173,1,0.97381,0.068009,-0.029815,0,0,0,1.6447,1.0116,0.93977,-0.60618,0.64742,1.396,1.4855,0,0,0,0,0,0,0,0,0,0,0,0,0,0,0,0,0,0,0,0,0,0,0,0,0,0,0,0,0,0,0,0,0,0,0,0,0,0,0.003524,1.2183,-1,0.87549,0,0,0,0,0,0,0,0,0,0,0,0
0,0,0,0,0,0,0,0,1.3293,0.94437,-0.3359,-1,0.83033,-0.023194,-0.0073108,2,0,0,1.4436,999,999,999,0.1872,1.3808,0.62804,0.80147,0.092103,3.1627e-07,9999,0,-1,185.55,17.383,0.07073,1,0,0.16889,1.5608,-0.31702,0.0011141,0.12527,0.025368,1,999,999,999,0,0,0,0,0,10,0.15684,6.6367e-07,9999,1,703.12,4.3457,0.25301,1.3293,0.98776,-0.90744,0,0.022772,1.3293,-1,0.98776,0.99121,1,0.83033,0.69826,0,0,0,0,0,0,0,1
0.55039,0.47689,-0.07826,-1,0,0,0,0,1.2464,0.34916,0.30031,1,0.95436,-1.591e-05,-1.0509e-05,0,0,0,1.3349,999,999,999,1.5902,0.43668,0.39879,0.29252,0.24514,4.1794e-07,9999,1,1,976.56,4.4434,0.15915,0,0,0,0,0,0,0,0,1,999,999,999,0,0,0,0,0,0,0,0,0,0,0,0,0,0,0,0,0,0.020875,1.2464,1,0.99369,0.96004,-1,-1.0509e-05,-0.00010202,0.55039,0.47689,-0.07826,-1,1,0.0078252,0.53841,1
0,0,0,0,0,0,0,0,1.0962,1.3628,-0.56036,1,-0.86564,-0.09219,0.00089674,2,0,0,1.0247,-0.64331,0.89495,-0.5742,0.58416,1.0101,0.7364,0.62209,0.076133,1.2131e-06,9999,0,1,0,17.188,0.082587,0,0,0,0,0,0,0,0,1,0.54548,0.4787,-0.15246,0,0,0,0,0,10,0.076133,1.2131e-06,9999,1,0,17.188,0.082587,0.54548,0.4787,-0.15246,5,0.0094254,1.0962,1,0.76727,-0.15246,-1,-0.86564,-0.70702,0,0,0,0,0,0,0,0
0,0,0,0,0,0,0,0,0.74547,0.71944,-0.16382,1,0.97463,-1.2113e-06,0,1,0,0,0.73412,999,999,999,0.80587,0.099985,0,0.73132,0.069639,1.2113e-06,9999,0,-1,0,10.547,0.099985,0,0,0,0,0,0,0,0,1,999,999,999,0,0,0,0,0,0,0,0,0,0,0,0,0,0,0,0,0,0.010745,0.74547,1,0.99622,0.6696,1,0.97463,0.73969,0,0,0,0,0,0,0,1
0,0,0,0,0,0,0,0,1.1243,1.0724,-0.92097,-1,0.0024816,-8.7171e-05,2.6342e-05,0,0,0,0.96465,999,999,999,0.72245,0.72439,0.49129,0.69459,0.19012,3.5659e-07,9999,1,1,751.95,11.719,0.11351,0,0,0,0,0,0,0,0,1,999,999,999,0,0,0,0,0,10,0.23586,8.4178e-06,9999,-1,0,4.0039,0.35449,0.64081,0.40292,-0.66661,-4,0.023581,1.1243,-1,0.7056,0.92356,-1,-8.7171e-05,-0.030947,0,0,0,0,0,0,0,0
0,0,0,0,0,0,0,0,0.60406,0.37656,-0.027857,1,0.00058444,-4.5824e-06,4.0697e-06,3,0,0,0.7289,999,999,999,0.72109,0.33219,0.32318,0.51948,0.079339,3.4832e-07,9999,1,1,996.09,16.406,0.10581,0,0,0,0,0,0,0,0,1,999,999,999,0,0,0,0,0,10,0.15308,3.3303e-07,9999,-1,1835.9,13.086,0.090235,0.60406,0.44581,-0.60575,-4,0.066305,0.60406,1,0.44581,0.87127,-1,-4.5824e-06,-0.64697,0,0,0,0,0,0,0,0
1.5186,0,-0.97549,1,0,0,0,0,0,0,0,0,-0.0069838,-0.00053684,5.3825e-05,1,0,0,1.5838,999,999,999,0.47353,0.56799,1.8962,0,0,0,0,0,0,0,0,0,0,0,0,0,0,0,0,0,0,0,0,0,0,0,0,0,0,0,0,0,0,0,0,0,0,0,0,0,0,0.010648,1.5186,1,0.99395,0,0,0,0,0.54435,0.078404,0.85644,-1,2,0.0047653,0.97502,1
0,0,0,0,0,0,0,0,1.3441,0.58262,-0.86821,-1,-0.12014,0,0,0,0,0,0.74411,999,999,999,2.1594,0,0,0,0,0,0,0,0,0,0,0,0,0,0,0,0,0,0,0,0,0,0,0,0,0,0,0,0,0,0,0,0,0,0,0,0,0,0,0,0,0.0099692,1.3441,-1,0.91841,0,0,0,0,0,0,0,0,0,0,0,1
0,0,0,0,0,0,0,0,0.96365,0.72862,-0.98751,-1,-0.98178,0.11213,-0.00019381,3,2,0.49963,1.2626,-0.96365,-0.86901,-0.46194,0.84348,1.0762,0.22157,0.93899,0.097722,1.213e-06,9999,0,-1,0,16.016,0.082793,0,0,0,0,0,0,0,0,1,999,999,999,0,0,0,0,0,10,0.064135,1.2314e-06,9999,1,0,9.5703,0.1169,0.96365,0.86901,-0.85443,4,0.018588,0.96365,-1,0.86901,-0.04258,-1,-0.98178,-0.71076,0,0,0,0,0,0,0,0
0,0,0,0,0,0,0,0,0.44348,0.89422,-0.55946,1,0.97114,1.4519e-05,-1.7248e-06,2,1,0.49926,0.70285,999,999,999,0.64616,0.42791,0.25833,0.070267,0.11003,3.6325e-07,9999,1,1,1191.4,11.133,0.11938,0,0,0,0,0,0,0,0,1,999,999,999,0,0,0,0,0,0,0,0,0,0,0,0,0,0,0,0,0,0,0,0,0,-0.92337,1,0.97114,0.27775,0,0,0,0,0,0,0,1
0,0,0,0,0,0,0,0,0.3346,1.2403,-0.82887,1,-3.9919e-06,3.1744e-06,0,0,0,0,0.36578,999,999,999,0.44143,0.31858,0,0,0,0,0,0,0,0,0,0,0,0,0,0,0,0,0,0,0,0,0,0,0,0,0,0,0,0,0,0,0,0,0,0,0,0,0,0,0,0,0,0,0,0,0,0,0,0,0,0,0,0,0,0,0
0,0,0,0,1.1403,0,-0.15482,-1,1.1621,0.16334,-0.50476,-1,-0.016481,-0.0041831,0.00064875,1,0,0,1.528,-1.1621,-0.92727,-0.77185,1.6069,1.33,0.4179,0,0,0,0,0,0,0,0,0,0,0,0,0,0,0,0,0,0,0,0,0,0,0,0,0,0,0,0,0,0,0,0,0,0,0,0,0,0,0.019085,1.1403,-1,0.95279,0,0,0,0,0,0,0,0,0,0,0,0
0,0,0,0,0,0,0,0,0.92542,0.72444,-0.91433,1,0.048007,0,0,0,0,0,0.90656,999,999,999,1.1968,0,0,0,0,0,0,0,0,0,0,0,0,0,0,0,0,0,0,0,0,0,0,0,0,0,0,0,0,0,0,0,0,0,0,0,0,0,0,0,0,0.00077157,0.92542,1,0.92825,0,0,0,0,0,0,0,0,0,0,0,1
0,0,0,0,0,0,0,0,0.84973,0.60992,0.00062728,1,0.99356,-0.0033479,0.0017155,0,0,0,1.339,0.84973,-0.91514,-0.87792,0.44103,1.3031,0.88457,0.41653,0.2223,4.9321e-07,9999,1,-1,566.41,4.6387,0.19792,0,0,0,0,0,0,0,0,1,0.84973,0.91514,-0.095949,0,0,0,0,0,10,0.2223,4.9321e-07,9999,-1,566.41,4.6387,0.19792,0.84973,0.91514,-0.095949,-4,0.0011979,0.90322,-1,0.72233,0.54883,1,0.99356,0.00054936,0,0,0,0,0,0,0,1
0,0,0,0,0,0,0,0,1.1735,1.2059,-0.67091,1,0.16755,-3.1729e-05,8.4468e-07,0,0,0,1.0973,999,999,999,1.035,0.50076,0.28896,0,0,0,0,0,0,0,0,0,0,0,0,0,0,0,0,0,0,0,0,0,0,0,0,0,0,0,0,0,0,0,0,0,0,0,0,0,0,0.002023,1.1735,1,0.926,0,0,0,0,0,0,0,0,0,0,0,1
0,0,0,0,0,0,0,0,1.1995,0.1189,-0.97799,-1,-0.01623,0,0,0,0,0,1.1646,999,999,999,1.2026,0,0,0,0,0,0,0,0,0,0,0,0,0,0,0,0,0,0,0,0,0,0,0,0,0,0,0,0,0,0,0,0,0,0,0,0,0,0,0,0,0.0097523,1.1995,-1,0.99263,0,0,0,0,0,0,0,0,0,0,0,0
0,0,0,0,0,0,0,0,1.1638,1.2135,-0.70695,-1,-0.73259,0.00027575,4.4129e-05,1,0,0,1.0521,999,999,999,1.931,0.47631,0.51945,0.55071,0.18703,1.4529e-06,9999,1,-1,0,7.4219,0.1705,0,0,0,0,0,0,0,0,1,999,999,999,0,0,0,0,0,0,0,0,0,0,0,0,0,0,0,0,0,0.019749,1.1638,-1,0.97336,0.59179,1,1.2549e-05,0.015899,0,0,0,0,0,0,0,1
0,0,0,0,0,0,0,0,0.5831,1.2867,-0.93115,1,-0.99962,0.99917,7.6821e-05,0,0,0,0.97943,999,999,999,0.4094,0.45587,0.72195,0,0,0,0,0,0,0,0,0,0,0,0,0,0,0,0,0,0,0,0,0,0,0,0,0,0,0,0,0,0,0,0,0,0,0,0,0,0,0.01861,0.5831,1,0.84688,0,0,0,0,0,0,0,0,0,0,0,0
0,0,0,0,0,0,0,0,0.19259,0.88032,0.43282,-1,-0.47426,5.614e-07,-4.287e-07,1,0,0,0.19792,999,999,999,1.3316,0.2238,0.16561,0.35511,0.13555,5.614e-07,9999,1,1,625,4.5898,0.2238,0,0,0,0,0,0,0,0,1,999,999,999,0,0,0,0,0,0,0,0,0,0,0,0,0,0,0,0,0,0,0,0,0,-0.1883,-1,-0.47426,-0.18358,0,0,0,0,0,0,0,1
0,0,0,0,0,0,0,0,0.50784,1.3624,0.53067,1,1.441e-05,-2.3219e-06,1.2181e-06,1,0,0,0.50767,999,999,999,0.4272,0.28096,0.0775,0.80942,0.091821,1.2181e-06,9999,0,1,0,56.25,0.0775,0,0,0,0,0,0,0,0,1,999,999,999,0,0,0,0,0,0,0,0,0,0,0,0,0,0,0,0,0,0.0029016,0.50784,1,0.66787,-0.59703,-1,-2.3219e-06,-0.70255,0,0,0,0,0,0,0,1
0,0,0,0,0,0,0,0,0.78636,0.086987,-0.098612,1,0.998,-0.014958,-1.4795e-05,1,0,0,0.58282,999,999,999,0.51755,0.79302,0.53289,0.38923,0.11779,5.1735e-07,9999,1,1,566.41,7.5195,0.20786,0,0,0,0,0,0,0,0,1,999,999,999,0,0,0,0,0,0,0,0,0,0,0,0,0,0,0,0,0,0.012026,0.78636,1,0.97224,0.84086,-1,-0.014958,-0.32236,0,0,0,0,0,0,0,1
0,0,0,0,0,0,0,0,0.69084,0.72144,-0.015064,-1,-0.015556,0.0023251,-1.2559e-05,3,1,0.49919,0.82981,999,999,999,1.0747,0.80442,0.52173,0.22246,0.056913,1.2665e-06,9999,0,-1,0,5.957,0.13148,0,0,0,0,0,0,0,0,1,999,999,999,0,0,0,0,0,0,0,0,0,0,0,0,0,0,0,0,0,0.017472,0.69084,-1,0.92362,0.81548,1,0.0023251,0.63628,0,0,0,0,0,0,0,1
0,0,0,0,0,0,0,0,0.91481,0.48174,0.02264,1,0.16782,-0.00034382,0.00017506,1,0,0,1.0485,999,999,999,1.4167,0.85436,0.17093,0.8952,0.088353,1.4532e-06,9999,1,-1,0,1.7578,0.17056,0,0,0,0,0,0,0,0,1,999,999,999,0,0,0,0,0,0,0,0,0,0,0,0,0,0,0,0,0,0.0022389,0.91481,1,0.97568,0.90452,1,0.16782,0.76496,0,0,0,0,0,0,0,1
0,0,0,0,0,0,0,0,0.55547,0.89835,-0.6201,-1,0.00022905,-4.4326e-05,-2.2129e-05,6,1,0.49713,0.89903,999,999,999,0.71528,0.47077,0.47096,0.73453,0.17572,3.8224e-07,9999,0,1,1123,7.5195,0.13474,0,0,0,0,0,0,0,0,1,999,999,999,0,0,0,0,0,0,0,0,0,0,0,0,0,0,0,0,0,0.012262,0.50917,1,0.49161,0.44321,1,1.5115e-05,0.050459,0,0,0,0,0,0,0,0
0.36957,1.3743,-0.50144,-1,0,0,0,0,1.8882,0.16582,-0.83436,1,0.99987,-0.99024,0.5808,2,0,0,1.6551,1.8882,0.99072,-0.78296,0.32977,0.56266,2.8393,0.92032,0.089544,1.495e-06,9999,0,-1,0,5.8105,0.17641,0,0,0,0,0,0,0,0,1,999,999,999,0,0,0,0,0,0,0,0,0,0,0,0,0,0,0,0,0,0.0098203,1.8882,1,0.99072,0.93472,1,0.5808,0.79071,0.36957,1.3743,-0.50144,-1,1,0.071398,0.17133,1
0,0,0,0,0,0,0,0,0.43007,1.0261,-0.096192,-1,-0.68813,3.2287e-05,-7.5774e-07,1,1,0.50025,0.47857,999,999,999,0.75488,0.51777,0.27353,0.51029,0.13359,3.7231e-07,9999,1,1,1103.5,6.6406,0.12694,0,0,0,0,0,0,0,0,1,999,999,999,0,0,0,0,0,0,0,0,0,0,0,0,0,0,0,0,0,0,0,0,0,-0.60317,-1,-0.68813,-0.24139,0,0,0,0,0,0,0,0
0,0,0,0,0,0,0,0,0.93378,0.62895,-0.59165,1,0.016429,1.0914e-05,-7.7004e-06,0,0,0,1.0634,999,999,999,1.0191,0.40207,0.37283,0,0,0,0,0,0,0,0,0,0,0,0,0,0,0,0,0,0,0,0,0,0,0,0,0,0,0,0,0,0,0,0,0,0,0,0,0,0,0.0053822,0.93378,1,0.60655,0,0,0,0,0,0,0,0,0,0,0,1
0,0,0,0,0,0,0,0,1.7282,0,-0.64706,1,-0.9032,-0.72122,0.034651,3,1,0.49258,1.3274,999,999,999,0.361,1.9567,0.68458,0,0,0,0,0,0,0,0,0,0,0,0,0,0,0,0,0,0,0,0,0,0,0,0,0,0,0,0,0,0,0,0,0,0,0,0,0,0,0.0020359,1.7282,1,0.9686,0,0,0,0,0,0,0,0,0,0,0,0
0,0,0,0,0,0,0,0,1.0628,0.55498,-0.48203,1,0.4664,0.023409,-6.315e-05,2,0,0,1.6245,1.057,0.96626,-0.57425,1.3851,1.263,0.64505,0.9828,0.089266,1.2129e-06,9999,0,1,0,4.5898,0.10252,0,0,0,0,0,0,0,0,1,0.50067,0.99291,-0.9903,0,0,0,0,0,10,0.089266,1.2129e-06,9999,1,0,4.5898,0.10252,0.50067,0.99291,-0.9903,6,0.01232,1.057,1,0.96626,0.80378,-1,-2.4566e-05,-0.87648,0,0,0,0,0,0,0,1
0,0,0,0,0,0,0,0,0.29136,0.49212,-0.067886,-1,0.99768,-3.981e-06,1.1429e-06,0,0,0,0.63831,999,999,999,0.54688,0.32151,0.32688,0.34286,0.19327,1.1429e-06,9999,1,1,468.75,3.8086,0.32688,0,0,0,0,0,0,0,0,1,999,999,999,0,0,0,0,0,0,0,0,0,0,0,0,0,0,0,0,0,0.0025102,0.54525,1,0.19785,-0.65314,-1,-3.981e-06,-0.004459,0,0,0,0,0,0,0,1
0,0,0,0,0,0,0,0,1.0851,0.97415,0.63819,-1,-0.018063,5.7922e-07,0,0,0,0,0.87546,999,999,999,0.86702,0.22958,0,0.35826,0.22164,5.7922e-07,9999,1,1,742.19,3.5645,0.22958,0,0,0,0,0,0,0,0,1,999,999,999,0,0,0,0,0,0,0,0,0,0,0,0,0,0,0,0,0,0.0046657,1.0851,-1,0.96301,0.59237,-1,-0.018063,-0.00049217,0,0,0,0,0,0,0,1
0,0,0,0,0,0,0,0,1.3791,0.99225,-0.4579,-1,-0.73356,0.018986,3.4266e-05,0,0,0,1.7131,999,999,999,1.7807,1.2462,0.52624,0,0,0,0,0,0,0,0,0,0,0,0,0,0,0,0,0,0,0,0,0,0,0,0,0,0,0,0,0,0,0,0,0,0,0,0,0,0,0.013534,1.3791,-1,0.8934,0,0,0,0,0,0,0,0,0,0,0,0
0,0,0,0,0,0,0,0,1.087,0.44405,-0.80992,1,-0.00017512,7.3101e-05,-7.1992e-06,1,0,0,0.70119,999,999,999,0.17138,0.69432,0.47812,0.52484,0.16009,3.8992e-07,9999,1,-1,1005.9,7.6172,0.14044,0,0,0,0,0,0,0,0,1,999,999,999,0,0,0,0,0,0,0,0,0,0,0,0,0,0,0,0,0,0.020816,1.087,1,0.90069,0.96273,1,2.5935e-06,0.082435,0,0,0,0,0,0,0,0
0,0,0,0,0,0,0,0,1.4322,0,-0.61584,-1,0.06829,-0.0080982,0,0,1,0.50044,1.2622,999,999,999,0.61436,2.1101,0,0,0,0,0,0,0,0,0,0,0,0,0,0,0,0,0,0,0,0,0,0,0,0,0,0,0,0,0,0,0,0,0,0,0,0,0,0,0,0.0074031,1.4322,-1,0.94145,0,0,0,0,0,0,0,0,0,0,0,0
0,0,0,0,0,0,0,0,1.1342,0.29196,-0.90024,-1,-0.0085483,-0.0028736,0.00032662,0,0,0,1.3275,999,999,999,0.66753,0.98341,0.74584,0.72186,0.18578,3.7025e-07,9999,1,1,1230.5,8.1055,0.12527,0,0,0,0,0,0,0,0,1,999,999,999,0,0,0,0,0,0,0,0,0,0,0,0,0,0,0,0,0,0.0043023,1.1342,-1,0.97433,0.8591,-1,-0.0028736,-0.052754,0,0,0,0,0,0,0,1
0,0,0,0,0,0,0,0,0.68186,1.3307,-0.84659,-1,-0.013458,2.8803e-05,2.6757e-06,3,1,0.49489,0.89579,999,999,999,1.0035,0.57646,0.29163,0.35483,0.24083,1.9165e-06,9999,0,-1,390.62,4.4434,0.38012,0,0,0,0,0,0,0,0,1,999,999,999,0,0,0,0,0,10,0.24649,4.6432e-07,9999,1,610.35,6.0059,0.18463,0.68186,0.53453,-0.43042,0,0.0095971,0.68186,-1,0.53453,0.62528,1,2.8803e-05,0.00013621,0,0,0,0,0,0,0,1
0,0,0,0,0,0,0,0,0.59733,0.61033,-0.23483,-1,-8.2781e-05,1.4837e-05,-1.2258e-06,1,0,0,0.63736,999,999,999,0.7371,0.42985,0.11364,0.20141,0.14431,1.2258e-06,9999,1,-1,0,9.082,0.11364,0,0,0,0,0,0,0,0,1,999,999,999,0,0,0,0,0,0,0,0,0,0,0,0,0,0,0,0,0,0.010666,0.59733,-1,0.7149,-0.68888,1,1.4837e-05,0.089518,0,0,0,0,0,0,0,0
0,0,0,0,0,0,0,0,0.6564,0.043146,-0.87503,-1,-1.7048e-05,-4.1156e-07,0,1,0,0,0.39013,999,999,999,0.44349,0.15515,0,0.8744,0.22669,4.1156e-07,9999,0,-1,722.66,5.0781,0.15515,0,0,0,0,0,0,0,0,1,999,999,999,0,0,0,0,0,0,0,0,0,0,0,0,0,0,0,0,0,0.0026874,0.6564,-1,0.86546,0,0,0,0,0,0,0,0,0,0,0,1
0,0,0,0,1.9466,0,-0.94715,-1,0.38939,0.53421,0.028399,-1,-0.017996,0.0039134,-4.7769e-05,2,1,0.50174,1.9773,999,999,999,2.184,1.014,0.58218,0.95891,0.096821,3.8911e-07,9999,0,1,634.77,9.5703,0.13984,0,0,0,0,0,0,0,0,1,1.9466,0.97517,-0.9965,0,0,0,0,0,10,0.096821,3.8911e-07,9999,1,634.77,9.5703,0.13984,1.9466,0.97517,-0.9965,2,0.016358,1.9466,-1,0.97517,0.29596,-1,-4.7769e-05,-0.84137,0,0,0,0,0,0,0,0
0,0,0,0,0,0,0,0,0.79414,0.81195,-0.938,-1,-5.3584e-05,0,0,0,0,0,0.31687,999,999,999,0.49694,0,0,0,0,0,0,0,0,0,0,0,0,0,0,0,0,0,0,0,0,0,0,0,0,0,0,0,0,0,0,0,0,0,0,0,0,0,0,0,0,0.030124,0.79414,-1,0.97514,0,0,0,0,0,0,0,0,0,0,0,1
0,0,0,0,0,0,0,0,0.37219,0.84107,-0.84907,-1,-0.00020621,-5.7698e-05,4.3774e-07,1,0,0,0.2802,999,999,999,0.23808,0.60545,0.17075,0.5223,0.19018,4.3774e-07,9999,1,1,512.7,4.0527,0.17075,0,0,0,0,0,0,0,0,1,999,999,999,0,0,0,0,0,0,0,0,0,0,0,0,0,0,0,0,0,0,0,0,0,-0.58631,-1,-5.7698e-05,-0.011122,0,0,0,0,0,0,0,0
0.84926,1.1061,0.56875,1,0,0,0,0,0.88488,0.82688,-0.87826,1,0.0075695,-0.00039921,0.00032131,0,0,0,1.2193,0.84926,-0.73131,-0.72502,1.1689,1.346,0.64191,0,0,0,0,0,0,0,0,0,0,0,0,0,0,0,0,0,0,0,0,0,0,0,0,0,0,0,0,0,0,0,0,0,0,0,0,0,0,0.008309,0.88488,1,0.92137,0,0,0,0,0.84926,1.1061,0.56875,1,1,0.023748,0.73131,1
0,0,0,0,0,0,0,0,0.91466,1.5532,-0.97852,-1,-0.29108,0.24695,0.00017922,2,1,0.49624,1.1005,999,999,999,1.4585,0.73896,0.19034,0.6271,0.19952,1.2697e-06,9999,0,1,551.76,3.6133,0.33871,0,1,0,0,0,0,0,0,1,999,999,999,0,0,0,0,0,0,0,0,0,0,0,0,0,0,0,0,0,0.0048865,0.91466,-1,0.95532,0.52391,-1,-0.29108,-0.009032,0,0,0,0,0,0,0,1
0,0,0,0,1.1369,0,-0.25349,1,1.1618,0.23245,-0.66746,1,0.068763,0.026544,-2.8394e-05,0,0,0,1.3343,1.1618,0.81777,-0.43006,1.2945,1.8586,0.49761,0,0,0,0,0,0,0,0,0,0,0,0,0,0,0,0,0,0,0,0,0,0,0,0,0,0,0,0,0,0,0,0,0,0,0,0,0,0,0.002062,1.1618,1,0.81777,0,0,0,0,0,0,0,0,0,0,0,1
0.4875,0.74154,-0.98642,1,0,0,0,0,0.48509,0.50408,0.42387,-1,0.098033,-9.7587e-05,-1.7234e-05,3,1,0.49932,0.765,999,999,999,0.73934,0.56433,0.44457,0.15151,0.085954,1.2684e-06,9999,1,1,0,7.4219,0.13212,0,0,0,0,0,0,0,0,1,999,999,999,0,0,0,0,0,0,0,0,0,0,0,0,0,0,0,0,0,0,0,0,0,0.81277,1,0.098033,0.49834,0.4875,0.74154,-0.98642,1,1,0.21185,0.60888,1
0,0,0,0,0,0,0,0,1.4137,0.74851,-0.4859,-1,-0.042978,-0.027786,-1.7283e-05,1,0,0,1.5999,-1.4137,-0.87657,-0.69017,0.95927,1.2472,0.44363,0.99506,0.22354,6.336e-07,9999,1,1,615.23,3.7598,0.24532,0,0,0,0,0,0,0,0,1,0.9055,0.92709,-0.94477,0,0,0,0,0,10,0.22354,6.336e-07,9999,1,615.23,3.7598,0.24532,0.9055,0.92709,-0.94477,5,0.018503,0.9055,-1,0.92709,0.88094,-1,-0.027786,-0.47778,0,0,0,0,0,0,0,1
0,0,0,0,0,0,0,0,1.6906,0.21383,-0.71096,1,0.16617,-0.046362,0,0,1,0.50003,1.8169,999,999,999,2.5481,1.5103,0,0,0,0,0,0,0,0,0,0,0,0,0,0,0,0,0,0,0,0,0,0,0,0,0,0,0,0,0,0,0,0,0,0,0,0,0,0,0,0.0028531,1.6906,1,0.87393,0,0,0,0,0,0,0,0,0,0,0,1
0,0,0,0,0,0,0,0,2.0178,0.12814,-0.99966,-1,-0.60478,0,0,0,0,0,1.0694,999,999,999,3.2873,0,0,0,0,0,0,0,0,0,0,0,0,0,0,0,0,0,0,0,0,0,0,0,0,0,0,0,0,0,0,0,0,0,0,0,0,0,0,0,0,0.017797,2.0178,-1,0.99158,0,0,0,0,0,0,0,0,0,0,0,1
0,0,0,0,0,0,0,0,0.55996,1.5686,-0.8221,-1,-0.012541,-8.9081e-05,6.2626e-05,3,3,0.49959,1.2955,-0.55996,-0.66885,-0.67621,0.96574,0.71069,0.64643,0.84254,0.11709,3.6574e-07,9999,0,-1,1347.7,8.6914,0.12151,0,1,0,0,0,0,0,0,1,999,999,999,0,0,0,0,0,10,0.13952,5.6658e-07,9999,1,634.77,3.8086,0.22551,0.55996,0.66885,-0.64281,5,0.0090006,0.80229,-1,0.97111,0.33816,1,1.2695e-05,0.65797,0,0,0,0,0,0,0,0
0,0,0,0,0,0,0,0,0.5858,1.4457,0.98694,-1,-1.3224e-05,1.3067e-05,1.1772e-05,0,0,0,0.70537,999,999,999,0.41921,0.41813,0.40873,0,0,0,0,0,0,0,0,0,0,0,0,0,0,0,0,0,0,0,0,0,0,0,0,0,0,0,0,0,0,0,0,0,0,0,0,0,0,0.016766,0.5858,-1,0.98475,0,0,0,0,0,0,0,0,0,0,0,1
0,0,0,0,0,0,0,0,1.4761,0.86408,-0.97034,-1,-0.94624,-0.099537,2.3285e-05,0,0,0,1.797,999,999,999,1.1085,1.671,0.47671,0.82344,0.24753,1.3426e-06,9999,1,1,502.93,3.8574,0.34475,0,0,0,0,0,0,0,0,1,1.4761,0.99616,-0.77781,0,0,0,0,0,10,0.24753,1.3426e-06,9999,1,502.93,3.8574,0.34475,1.4761,0.99616,-0.77781,0,0.012554,1.4761,-1,0.99616,-0.51385,-1,-0.94624,-0.0012796,0,0,0,0,0,0,0,0
0,0,0,0,0,0,0,0,0.45513,0.61367,-0.26396,1,-0.99841,2.1073e-05,0,0,0,0,0.50885,999,999,999,0.39139,0.43825,0,0,0,0,0,0,0,0,0,0,0,0,0,0,0,0,0,0,0,0,0,0,0,0,0,0,0,0,0,0,0,0,0,0,0,0,0,0,0,0,0,0,0,0,0,0,0,0,0,0,0,0,0,0,0
1.7837,0,-0.94997,1,0,0,0,0,0.21088,0.16651,0.76469,-1,0.15426,0.00024864,-1.2526e-06,0,0,0,1.2657,999,999,999,1.0434,2.7583,0.12649,0.60122,0.090805,1.2526e-06,9999,1,-1,0,8.4961,0.12649,0,0,0,0,0,0,0,0,1,1.7837,0.98125,-0.71968,0,0,0,0,0,10,0.090805,1.2526e-06,9999,-1,0,8.4961,0.12649,1.7837,0.98125,-0.71968,-2,0.0025534,1.7837,1,0.98125,0.01492,1,0.15426,0.62236,0,0,0,0,0,0,0,1
0,0,0,0,0,0,0,0,0.62478,1.1971,-0.96698,1,0.99853,6.149e-05,-1.8096e-05,8,1,0.49141,0.85404,999,999,999,0.49375,0.53645,0.44951,0.91705,0.08664,3.4043e-07,9999,0,-1,664.06,3.9062,0.098006,1,0,-1.5435,-1.296,-0.16246,0.1426,0.14494,0.099292,1,999,999,999,0,0,0,0,0,10,0.073389,1.2321e-06,9999,-1,0,2.7832,0.11726,0.62478,0.66149,-0.37449,-0,0.011419,0.62478,1,0.66149,0.57228,1,0.99853,0.7884,0,0,0,0,0,0,0,1
0,0,0,0,0,0,0,0,0.85181,0.099457,0.91258,-1,0.080108,-0.012233,-0.0002393,3,1,0.49792,0.77988,999,999,999,1.4745,0.53045,0.68907,0,0,0,0,0,0,0,0,0,0,0,0,0,0,0,0,0,0,0,0,0,0,0,0,0,0,0,0,0,0,0,0,0,0,0,0,0,0,0.018527,0.85181,-1,0.99237,0,0,0,0,0,0,0,0,0,0,0,1
0,0,0,0,0,0,0,0,0.90655,1.1301,0.20065,-1,-0.00013608,7.0455e-05,-2.7816e-05,2,0,0,1.2584,-0.57789,-0.51437,-0.6338,0.99333,0.66089,0.49803,0.53401,0.14288,5.2734e-07,9999,0,1,546.88,4.4922,0.2117,0,0,0,0,0,0,0,0,1,0.90655,0.92205,-0.30604,0,0,0,0,0,10,0.14288,5.2734e-07,9999,1,546.88,4.4922,0.2117,0.90655,0.92205,-0.30604,4,0.0040601,0.90655,-1,0.92205,0.75112,-1,-4.7738e-06,-0.18336,0,0,0,0,0,0,0,1
0,0,0,0,0,0,0,0,0.75035,0.64414,-0.19554,1,-0.00095767,0.0004067,0.0001216,1,0,0,0.88886,999,999,999,0.42242,0.49398,0.67443,0.74457,0.13404,4.5457e-07,9999,1,-1,1201.2,7.7148,0.17974,0,0,0,0,0,0,0,0,1,0.75035,0.65173,-0.013915,0,0,0,0,0,10,0.13404,4.5457e-07,9999,-1,1201.2,7.7148,0.17974,0.75035,0.65173,-0.013915,-2,0.012269,0.75035,1,0.65173,0.87104,1,0.0004067,0.44463,0,0,0,0,0,0,0,1
1.3293,0,-0.98646,-1,0,0,0,0,0.21844,0.30971,-0.89059,1,-0.0010873,1.7456e-06,0,0,0,0,1.3159,999,999,999,1.3647,0.25925,0,0.88741,0.21844,1.7456e-06,9999,1,1,483.4,3.6621,0.25925,0,0,0,0,0,0,0,0,1,999,999,999,0,0,0,0,0,0,0,0,0,0,0,0,0,0,0,0,0,0.00493,1.3293,-1,0.99241,0.86045,-1,-0.0010873,-0.056192,0,0,0,0,0,0,0,0
0,0,0,0,0,0,0,0,0.53703,0.66738,-0.28381,1,0.067064,0.0012115,0.00027739,2,1,0.49954,0.95124,0.53703,0.91767,-0.28577,0.98421,0.4436,0.68699,0.95806,0.077763,3.2612e-07,9999,0,-1,4257.8,10.449,0.12839,0,0,0,0,0,0,0,0,1,0.53703,0.91767,-0.90783,0,0,0,0,0,10,0.077763,3.2612e-07,9999,-1,4257.8,10.449,0.12839,0.53703,0.91767,-0.90783,-0,0.029728,0.61224,1,0.51263,0.65786,1,0.067064,0.83957,0,0,0,0,0,0,0,0
0,0,0,0,0,0,0,0,0.83553,0.54872,0.73716,1,0.65776,9.2625e-06,7.6371e-07,0,0,0,0.73917,0.53824,-0.98267,-0.78519,1.3702,0.38805,0.27468,0.9706,0.22556,5.0471e-07,9999,1,-1,712.89,4.4434,0.20277,0,0,0,0,0,0,0,0,1,0.83553,0.8102,-0.77199,0,0,0,0,0,10,0.22556,5.0471e-07,9999,-1,712.89,4.4434,0.20277,0.83553,0.8102,-0.77199,-0,0.035882,0.83553,1,0.8102,0.91008,1,9.2625e-06,0.26035,0,0,0,0,0,0,0,0
0.59684,0.18784,0.70559,-1,0,0,0,0,0.79994,0.22532,-0.90668,-1,-0.02677,-0.00035248,4.9347e-07,0,0,0,0.94644,-0.59684,-0.89974,-0.91208,1.0738,0.60724,0.19803,0.78618,0.12571,4.9347e-07,9999,1,1,664.06,3.8574,0.19803,0,0,0,0,0,0,0,0,1,0.79994,0.98389,-0.66873,0,0,0,0,0,10,0.12571,4.9347e-07,9999,1,664.06,3.8574,0.19803,0.79994,0.98389,-0.66873,5,0.0016763,0.79994,-1,0.98389,0.53911,-1,-0.00035248,-0.5538,0.59684,0.18784,0.70559,-1,1,0.0010664,0.89974,0
0,0,0,0,0,0,0,0,0.29537,1.7072,-0.70002,-1,-0.99992,0.00023849,5.548e-07,0,0,0,0.52721,999,999,999,0.32899,0.44418,0.22156,0.94466,0.16878,5.548e-07,9999,1,1,551.76,4.541,0.22156,0,0,0,0,0,0,0,0,1,999,999,999,0,0,0,0,0,0,0,0,0,0,0,0,0,0,0,0,0,0.0025311,0.59851,1,0.52236,-0.90885,-1,-0.99992,-0.68908,0,0,0,0,0,0,0,0
0,0,0,0,0,0,0,0,0.81241,0.12314,0.68086,1,0.051119,0.00085127,-0.0002934,1,1,0.49566,1.0639,0.81241,-0.97233,-0.69529,1.1891,0.99169,0.29915,0.6957,0.17668,0.0002934,9999,0,-1,654.3,0,0.29915,0,0,0,0,0,0,0,0,1,0.81241,0.97233,-0.55827,0,0,0,0,0,10,0.17668,0.0002934,9999,-1,654.3,0,0.29915,0.81241,0.97233,-0.55827,-11,0.0012079,0.81241,1,0.97233,0.89911,1,0.051119,0.07414,0,0,0,0,0,0,0,1
0.58623,0.97508,-0.77433,-1,0,0,0,0,0.78213,1.1891,-0.99651,-1,-0.00075001,-0.0001076,3.0049e-06,1,0,0,0.79548,999,999,999,0.58461,0.53692,0.41908,0,0,0,0,0,0,0,0,0,0,0,0,0,0,0,0,0,0,0,0,0,0,0,0,0,0,0,0,0,0,0,0,0,0,0,0,0,0,0.0021582,0.58623,-1,0.84936,0,0,0,0,0.58623,0.97508,-0.77433,-1,1,0.0021582,0.84936,1
1.6713,0,0.83807,-1,0,0,0,0,1.3023,0.93972,-0.72266,-1,-0.3307,0.023388,-0.019578,0,0,0,1.7481,-1.6713,-0.99618,-0.89324,2.0952,1.0113,1.3912,0,0,0,0,0,0,0,0,0,0,0,0,0,0,0,0,0,0,0,0,0,0,0,0,0,0,0,0,0,0,0,0,0,0,0,0,0,0,0.01048,1.6713,-1,0.99618,0,0,0,0,0,0,0,0,0,0,0,0
0,0,0,0,0,0,0,0,0.7291,1.4047,-0.97223,-1,-0.016669,-0.001933,1.3716e-06,0,0,0,0.85111,999,999,999,0.81037,0.89431,0.34703,0,0,0,0,0,0,0,0,0,0,0,0,0,0,0,0,0,0,0,0,0,0,0,0,0,0,0,0,0,0,0,0,0,0,0,0,0,0,0.018302,0.7291,-1,0.80505,0,0,0,0,0,0,0,0,0,0,0,1
0,0,0,0,0,0,0,0,0.81485,0.83614,0.041209,-1,-0.34766,3.1973e-05,-1.7734e-05,0,1,0.496,0.75689,999,999,999,1.3083,0.51643,0.44738,0.57465,0.12872,1.216e-06,9999,1,1,0,20.312,0.079341,0,0,0,0,0,0,0,0,1,0.81485,0.6112,-0.29552,0,0,0,0,0,10,0.12872,1.216e-06,9999,1,0,20.312,0.079341,0.81485,0.6112,-0.29552,4,0.020803,0.81485,-1,0.6112,-0.29552,-1,-0.34766,-0.31499,0,0,0,0,0,0,0,1
0,0,0,0,0,0,0,0,0.95696,1.3636,-0.72298,-1,0.94544,-0.00016748,-6.4652e-05,0,0,0,1.2259,0.54539,-0.87931,-0.71555,0.62074,0.82302,0.65164,0.99566,0.15779,6.048e-07,9999,0,-1,473.63,5.2246,0.23731,0,0,0,0,0,0,0,0,1,0.54539,0.87931,-0.9011,0,0,0,0,0,10,0.15779,6.048e-07,9999,-1,473.63,5.2246,0.23731,0.54539,0.87931,-0.9011,-2,0.0056505,0.95696,-1,0.97577,0.81629,1,0.94544,0.88557,0,0,0,0,0,0,0,1
1.0135,0,-0.30309,-1,0,0,0,0,0.39428,0,0.017226,-1,-0.95608,-0.011004,4.3697e-05,0,0,0,1.1981,-1.0135,0.77272,-0.70468,0.69004,0.92235,0.56532,0,0,0,0,0,0,0,0,0,0,0,0,0,0,0,0,0,0,0,0,0,0,0,0,0,0,0,0,0,0,0,0,0,0,0,0,0,0,0.0042786,1.0135,-1,0.77272,0,0,0,0,0,0,0,0,0,0,0,0
0,0,0,0,0,0,0,0,0.63762,0.29354,0.51451,1,0.38343,3.7928e-05,-1.0124e-05,1,0,0,0.59327,0.63762,-0.85465,-0.56058,0.71612,0.54158,0.39559,0,0,0,0,0,0,0,0,0,0,0,0,0,0,0,0,0,0,0,0,0,0,0,0,0,0,0,0,0,0,0,0,0,0,0,0,0,0,0.0029431,0.63762,1,0.85465,0,0,0,0,0,0,0,0,0,0,0,0
0,0,0,0,0,0,0,0,0.71854,1.4329,-0.97306,-1,-0.99951,-5.4787e-05,4.4315e-05,2,0,0,0.99119,-0.62097,0.8134,-0.20454,0.42344,0.61046,0.5679,0.5255,0.14519,4.6712e-07,9999,1,1,634.77,4.834,0.18599,0,0,0,0,0,0,0,0,1,0.62097,0.8134,-0.67076,0,0,0,0,0,10,0.14519,4.6712e-07,9999,1,634.77,4.834,0.18599,0.62097,0.8134,-0.67076,5,0.0061024,0.71854,-1,0.69011,0.39066,-1,-0.99951,-0.16454,0,0,0,0,0,0,0,0
0,0,0,0,0,0,0,0,0.70804,0.10546,-0.96867,1,0.00018225,2.1568e-05,1.8865e-06,1,0,0,0.64568,999,999,999,0.60215,0.46812,0.37864,0.85394,0.10581,4.2624e-07,9999,1,-1,625,6.6406,0.16416,0,0,0,0,0,0,0,0,1,0.70804,0.98899,-0.84228,0,0,0,0,0,10,0.10581,4.2624e-07,9999,-1,625,6.6406,0.16416,0.70804,0.98899,-0.84228,-2,0.001392,0.70804,1,0.98899,0.92351,1,2.1568e-05,0.701,0,0,0,0,0,0,0,1
1.854,0,-0.82265,1,0,0,0,0,0,0,0,0,0.042819,0.00052343,0,1,0,0,1.5252,999,999,999,0.9146,1.5376,0,0,0,0,0,0,0,0,0,0,0,0,0,0,0,0,0,0,0,0,0,0,0,0,0,0,0,0,0,0,0,0,0,0,0,0,0,0,0,0.0032183,1.854,1,0.98505,0,0,0,0,0,0,0,0,0,0,0,1
0,0,0,0,0,0,0,0,0.13026,1.2547,-0.64608,-1,0.012622,-4.2914e-06,-4.7536e-07,2,1,0.49873,0.12729,999,999,999,0.76753,0.3272,0.18991,0.66412,0.13026,4.7536e-07,9999,1,-1,673.83,5.7617,0.18991,0,0,0,0,0,0,0,0,1,999,999,999,0,0,0,0,0,0,0,0,0,0,0,0,0,0,0,0,0,0,0,0,0,-0.26144,1,0.012622,0.38005,0,0,0,0,0,0,0,0
0,0,0,0,0,0,0,0,1.5635,1.2839,-0.8427,-1,0.93761,0.029811,-0.00024952,0,0,0,2.069,1.2996,-0.98547,-0.76885,0.97423,1.1678,0.88666,0.87937,0.1335,4.0983e-07,9999,1,1,683.59,8.3008,0.15404,0,0,0,0,0,0,0,0,1,0.7748,0.95906,-0.97687,0,0,0,0,0,10,0.1335,4.0983e-07,9999,1,683.59,8.3008,0.15404,0.7748,0.95906,-0.97687,0,0.037811,1.5635,-1,0.92252,0.68037,-1,-8.4621e-05,-0.65571,0,0,0,0,0,0,0,1
0,0,0,0,0,0,0,0,1.6592,0.55025,-0.66573,1,0.0034821,0.00055566,-0.00013651,0,0,0,1.3877,0.53226,-0.35102,-0.13194,1.2739,0.83621,0.73053,0,0,0,0,0,0,0,0,0,0,0,0,0,0,0,0,0,0,0,0,0,0,0,0,0,0,0,0,0,0,0,0,0,0,0,0,0,0,0.013213,1.6592,1,0.85913,0,0,0,0,0,0,0,0,0,0,0,0
0,0,0,0,0,0,0,0,1.2004,0.63024,-0.9408,1,0.93607,0.31905,-3.3738e-05,0,0,0,1.2189,999,999,999,0.39641,1.1262,0.52399,0.55763,0.2132,0.93607,9999,1,1,0,8.7891,0.39641,0,0,0,0,0,0,0,0,1,999,999,999,0,0,0,0,0,0,0,0,0,0,0,0,0,0,0,0,0,0.0035034,1.2004,1,0.90483,-0.95156,-1,-3.3738e-05,-6.7876e-06,0,0,0,0,0,0,0,1
0,0,0,0,0,0,0,0,1.1002,0.61269,-0.071212,-1,-0.026271,-0.00056047,4.532e-05,0,0,0,1.3223,-0.60487,0.73757,-0.73647,1.0497,0.76163,0.54963,0.98083,0.21722,7.0656e-07,9999,1,1,458.98,3.6133,0.26296,0,0,0,0,0,0,0,0,1,1.1002,0.98444,-0.93894,0,0,0,0,0,10,0.21722,7.0656e-07,9999,1,458.98,3.6133,0.26296,1.1002,0.98444,-0.93894,5,0.0024924,1.1002,-1,0.98444,0.63213,-1,-0.00056047,-0.4513,0,0,0,0,0,0,0,0
0,0,0,0,0,0,0,0,0.44135,0.43571,0.0098425,1,1.5435e-05,6.2558e-06,-5.7959e-06,0,0,0,0.58682,999,999,999,0.4337,0.35626,0.46896,0,0,0,0,0,0,0,0,0,0,0,0,0,0,0,0,0,0,0,0,0,0,0,0,0,0,0,0,0,0,0,0,0,0,0,0,0,0,0,0,0,0,0,0,0,0,0,0,0,0,0,0,0,0
0,0,0,0,0,0,0,0,0.84816,0.41113,-0.32951,-1,-0.058755,1.7571e-05,-5.7678e-07,0,0,0,0.92773,999,999,999,0.97004,0.44653,0.22881,0.93171,0.16872,5.7678e-07,9999,1,-1,527.34,4.248,0.22881,0,0,0,0,0,0,0,0,1,0.70131,0.81276,-0.55415,0,0,0,0,0,10,0.16872,5.7678e-07,9999,-1,527.34,4.248,0.22881,0.70131,0.81276,-0.55415,-5,0.0028411,0.70131,1,0.81276,-0.55415,1,1.7571e-05,0.63716,0,0,0,0,0,0,0,1
0,0,0,0,0,0,0,0,0.72019,1.1618,-0.041708,-1,-0.47191,6.6373e-05,3.8227e-05,1,0,0,0.99941,-0.67503,-0.93418,-0.73918,1.1776,0.63847,0.54281,0,0,0,0,0,0,0,0,0,0,0,0,0,0,0,0,0,0,0,0,0,0,0,0,0,0,0,0,0,0,0,0,0,0,0,0,0,0,0.096735,0.58642,1,0.5089,0,0,0,0,0,0,0,0,0,0,0,0
0,0,0,0,0,0,0,0,0.09132,1.6885,-0.82519,-1,-0.96414,-0.010896,0.00033817,2,1,0.49852,1.149,999,999,999,0.76352,0.87463,0.56485,0.94776,0.14846,5.5413e-07,9999,1,1,585.94,4.4922,0.22134,0,0,0,0,0,0,0,0,1,999,999,999,0,0,0,0,0,0,0,0,0,0,0,0,0,0,0,0,0,0.014621,0.57587,-1,0.97481,0.82572,-1,-0.96414,-0.77316,0,0,0,0,0,0,0,0
0,0,0,0,0,0,0,0,0.58177,0.50758,-0.49915,-1,-0.947,3.0703e-06,0,0,0,0,0.57118,999,999,999,0.80888,0.27065,0,0.10105,0.16314,3.0703e-06,9999,1,1,0,5.5176,0.27065,0,0,0,0,0,0,0,0,1,0.58177,0.83063,-0.42515,0,0,0,0,0,10,0.16314,3.0703e-06,9999,1,0,5.5176,0.27065,0.58177,0.83063,-0.42515,6,0.0069319,0.58177,-1,0.83063,-0.42515,-1,-0.947,-0.01667,0,0,0,0,0,0,0,0
0,0,0,0,0,0,0,0,1.3196,0.62992,0.083947,1,-0.91758,0.13579,0.00017417,1,0,0,1.7384,999,999,999,0.87666,1.5412,0.15921,0.47343,0.16749,3.589e-07,9999,1,1,1103.5,10.547,0.11557,0,0,0,0,0,0,0,0,1,0.81622,0.99688,-0.46883,0,0,0,0,0,10,0.16749,3.589e-07,9999,1,1103.5,10.547,0.11557,0.81622,0.99688,-0.46883,0,0.016535,1.3196,1,0.98024,-0.46883,-1,-0.91758,-0.046992,0,0,0,0,0,0,0,0
0.25741,1.1047,-0.11489,-1,0,0,0,0,0.19179,1.2788,-0.99145,1,-0.99967,0.00047151,0.00043765,1,0,0,0.7477,999,999,999,0.34061,0.68063,0.54229,0.8106,0.14421,3.4721e-07,9999,0,-1,1757.8,16.406,0.10474,0,0,0,0,0,0,0,0,1,999,999,999,0,0,0,0,0,0,0,0,0,0,0,0,0,0,0,0,0,0,0,0,0,0.45285,-1,-0.99967,-0.32358,0.47307,2.3376,-0.69407,1,2,0.021701,0.5456,0
0,0,0,0,0,0,0,0,0.87096,0.051252,-0.8793,-1,-0.87664,0.00013026,5.0834e-07,0,0,0,1.2339,999,999,999,1.1025,0.88875,0.20426,0,0,0,0,0,0,0,0,0,0,0,0,0,0,0,0,0,0,0,0,0,0,0,0,0,0,0,0,0,0,0,0,0,0,0,0,0,0,0.0014742,0.85691,1,0.97382,0,0,0,0,0,0,0,0,0,0,0,0
0,0,0,0,0,0,0,0,0.57489,0.35001,0.39478,-1,-7.9904e-05,4.3241e-05,-1.4265e-05,2,0,0,0.78381,999,999,999,0.62677,0.56299,0.42805,0.42295,0.12092,1.2804e-06,9999,0,-1,0,3.3203,0.050419,0,0,0,0,0,0,0,0,1,999,999,999,0,0,0,0,0,0,0,0,0,0,0,0,0,0,0,0,0,0.0023148,0.57489,-1,0.91756,0.17841,1,2.3411e-06,0.30806,0,0,0,0,0,0,0,0
0.76063,0.46581,-0.64822,1,0,0,0,0,0.27841,0.12673,-0.11789,-1,0.11292,-0.0007921,-6.2203e-06,2,1,0.50003,0.91552,999,999,999,1.0638,0.90825,0.35581,0.90032,0.17125,6.8872e-07,9999,0,1,468.75,4.8828,0.25895,0,1,0,0,0,0,0,0,1,0.61934,0.70733,-0.48536,0,0,0,0,0,10,0.17125,6.8872e-07,9999,1,468.75,4.8828,0.25895,0.61934,0.70733,-0.48536,9,0.0055813,0.76063,1,0.7142,-0.48536,-1,-0.0007921,-0.49485,0.76063,0.46581,-0.64822,1,1,0.0055813,0.7142,1
0,0,0,0,0,0,0,0,0.55955,1.0676,-0.64939,1,-0.99749,0.9958,2.1147e-05,2,1,0.49596,0.77004,999,999,999,0.44202,0.56008,0.46595,0,0,0,0,0,0,0,0,0,0,0,0,0,0,0,0,0,0,0,0,0,0,0,0,0,0,0,0,0,0,0,0,0,0,0,0,0,0,0.0045651,0.55955,1,0.89495,0,0,0,0,0,0,0,0,0,0,0,0
0,0,0,0,0,0,0,0,0.57856,1.0113,0.63502,1,-0.96404,4.9914e-05,1.7953e-05,1,0,0,0.84454,999,999,999,0.29786,0.58814,0.4487,0.64279,0.21265,0.96404,9999,0,-1,1503.9,0,0.29786,0,0,0,0,0,0,0,0,1,0.57856,0.95265,-0.83461,0,0,0,0,0,10,0.21265,0.96404,9999,-1,1503.9,0,0.29786,0.57856,0.95265,-0.83461,-22,0.004806,0.57856,1,0.95265,0.45991,1,1.7953e-05,5.1431e-06,0,0,0,0,0,0,0,0
0,0,0,0,0,0,0,0,0.82255,0.96057,-0.93811,-1,0.93151,-0.0040581,-0.0025618,7,2,0.49221,0.99029,999,999,999,0.31902,0.99756,1.0686,0.58994,0.057819,1.2387e-06,9999,1,1,0,4.248,0.1206,1,1,-0.50286,0.59663,-2.8462,0.31066,0.1862,1.8289,1,0.82255,0.85081,-0.36273,0,0,0,0,0,10,0.057819,1.2387e-06,9999,1,0,4.248,0.1206,0.82255,0.85081,-0.36273,21,0.0092743,0.82255,-1,0.85081,0.28333,1,0.93151,0.54302,0,0,0,0,0,0,0,1
1.7897,0.17153,-0.9689,-1,0,0,0,0,0.099713,0,0.67551,1,-0.00013513,4.1363e-07,0,0,0,0,1.6819,999,999,999,1.7033,0.15647,0,0.72118,0.099713,4.1363e-07,9999,1,1,839.84,5.957,0.15647,0,0,0,0,0,0,0,0,1,1.7897,0.98022,-0.80815,0,0,0,0,0,10,0.099713,4.1363e-07,9999,1,839.84,5.957,0.15647,1.7897,0.98022,-0.80815,2,0.011174,1.7897,-1,0.98022,-0.80815,-1,-0.00013513,-0.63503,0,0,0,0,0,0,0,0
0,0,0,0,0,0,0,0,0.94486,0,-0.52616,1,-0.97994,0.0030001,0,0,0,0,1.0453,999,999,999,0.62094,0.90671,0,0,0,0,0,0,0,0,0,0,0,0,0,0,0,0,0,0,0,0,0,0,0,0,0,0,0,0,0,0,0,0,0,0,0,0,0,0,0,0.02453,0.95609,-1,0.79446,0,0,0,0,0,0,0,0,0,0,0,0
0.34143,1.2637,0.30149,-1,0,0,0,0,1.4371,0.076892,-0.046483,1,0.9696,-9.4653e-06,0,0,0,0,1.4257,999,999,999,1.4579,0.38988,0,0,0,0,0,0,0,0,0,0,0,0,0,0,0,0,0,0,0,0,0,0,0,0,0,0,0,0,0,0,0,0,0,0,0,0,0,0,0,0.0011065,1.4371,1,0.99291,0,0,0,0,0.34143,1.2637,0.30149,-1,1,0.0027771,0.92412,1
0,0,0,0,0,0,0,0,2.3217,0.58775,-0.98603,-1,-0.89338,0.17332,-0.00059747,1,0,0,2.2349,999,999,999,2.1566,1.0925,0.3443,0.88337,0.11276,5.0072e-07,9999,1,1,209.96,6.7383,0.20112,0,0,0,0,0,0,0,0,1,2.3217,0.89697,-0.58961,0,0,0,0,0,10,0.11276,5.0072e-07,9999,1,209.96,6.7383,0.20112,2.3217,0.89697,-0.58961,2,0.054099,2.3217,-1,0.89697,-0.58961,-1,-0.89338,-0.71928,0,0,0,0,0,0,0,0
0,0,0,0,0,0,0,0,0.34396,0.048547,0.38542,1,-0.13703,0.0001182,1.9839e-05,2,1,0.49527,1.0021,999,999,999,0.75094,0.84182,0.45908,0,0,0,0,0,0,0,0,0,0,0,0,0,0,0,0,0,0,0,0,0,0,0,0,0,0,0,0,0,0,0,0,0,0,0,0,0,0,0.028253,0.81679,1,0.86743,0,0,0,0,0,0,0,0,0,0,0,1
0,0,0,0,0,0,0,0,0.38712,0.95098,-0.43189,-1,-0.9797,0.012435,-4.0266e-05,1,0,0,0.95249,999,999,999,0.76546,0.75616,0.55126,0,0,0,0,0,0,0,0,0,0,0,0,0,0,0,0,0,0,0,0,0,0,0,0,0,0,0,0,0,0,0,0,0,0,0,0,0,0,0.0042864,0.67929,-1,0.93294,0,0,0,0,0,0,0,0,0,0,0,0
0,0,0,0,0,0,0,0,0.32929,0,-0.12629,1,-0.99999,1.205e-05,6.437e-06,0,0,0,0.5232,999,999,999,0.23315,0.4108,0.35851,0.67251,0.18959,3.6551e-07,9999,1,-1,937.5,8.4961,0.1213,0,0,0,0,0,0,0,0,1,999,999,999,0,0,0,0,0,0,0,0,0,0,0,0,0,0,0,0,0,0,0,0,0,0.67999,1,6.437e-06,0.026838,0,0,0,0,0,0,0,0
0,0,0,0,0,0,0,0,0.36424,0.65752,-0.65691,-1,-0.96429,0.00059126,4.9958e-06,1,0,0,0.54113,999,999,999,0.51291,0.3775,0.31413,0.92012,0.22034,5.1919e-07,9999,0,-1,693.36,4.7852,0.20858,0,0,0,0,0,0,0,0,1,999,999,999,0,0,0,0,0,0,0,0,0,0,0,0,0,0,0,0,0,0,0,0,0,-0.15008,-1,-0.96429,-0.0032072,0,0,0,0,0,0,0,0
0,0,0,0,1.9325,0.22825,-0.94893,1,0.70093,0.3549,0.047646,-1,0.084871,-0.029557,-1.2118e-06,0,0,0,1.9957,999,999,999,2.1371,1.0721,0.10093,0.54758,0.051237,1.2118e-06,9999,1,-1,0,14.844,0.10093,0,0,0,0,0,0,0,0,1,1.9325,0.9458,-0.35754,0,0,0,0,0,10,0.051237,1.2118e-06,9999,-1,0,14.844,0.10093,1.9325,0.9458,-0.35754,-2,0.010015,1.9325,1,0.9458,-0.35754,1,0.084871,0.78673,0,0,0,0,0,0,0,1
0,0,0,0,0,0,0,0,0.459,0.71482,-0.61707,-1,0.00022365,4.8554e-05,3.9523e-05,0,0,0,1.0351,0.50555,-0.79277,-0.77291,0.89558,0.58488,0.5482,0,0,0,0,0,0,0,0,0,0,0,0,0,0,0,0,0,0,0,0,0,0,0,0,0,0,0,0,0,0,0,0,0,0,0,0,0,0,0.023497,0.59787,1,0.97643,0,0,0,0,0,0,0,0,0,0,0,1
0,0,0,0,0,0,0,0,0.37154,1.8365,-0.77977,-1,-0.86976,0.50596,-0.094868,3,0,0,1.0666,999,999,999,0.69353,0.89482,1.0473,0.54174,0.16957,1.2184e-06,9999,0,-1,0,4.1016,0.10826,0,0,0,0,0,0,0,0,1,0.50046,0.95087,-0.26413,0,0,0,0,0,10,0.16957,1.2184e-06,9999,-1,0,4.1016,0.10826,0.50046,0.95087,-0.26413,-0,0.0094444,0.51239,1,0.29316,0.6004,1,1.232e-05,0.050573,0,0,0,0,0,0,0,1
0,0,0,0,0,0,0,0,0.72294,0.95898,0.18944,1,0.02523,-4.3213e-05,-5.2918e-07,1,0,0,0.70895,999,999,999,1.1657,0.5563,0.21239,0.43548,0.18896,5.2918e-07,9999,0,-1,664.06,3.4668,0.21239,0,0,0,0,0,0,0,0,1,0.72294,0.76129,-0.15035,0,0,0,0,0,10,0.18896,5.2918e-07,9999,-1,664.06,3.4668,0.21239,0.72294,0.76129,-0.15035,-11,0.0032834,0.72294,1,0.76129,-0.15035,1,0.02523,0.0089491,0,0,0,0,0,0,0,1
0,0,0,0,0,0,0,0,0.76117,0.62843,0.28585,-1,0.099831,0.00086885,-0.00057707,2,0,0,1.1489,999,999,999,0.70331,0.41357,0.69178,0.093607,0.099591,1.2135e-06,9999,0,-1,0,3.0029,0.08217,0,0,0,0,0,0,0,0,1,0.65263,0.79636,-0.087804,0,0,0,0,0,10,0.099591,1.2135e-06,9999,-1,0,3.0029,0.08217,0.65263,0.79636,-0.087804,-11,0.0030089,0.76117,-1,0.50872,-0.44153,1,0.099831,0.40854,0,0,0,0,0,0,0,1
0.5856,1.4361,-0.5964,-1,0,0,0,0,1.0822,0.45258,-0.19967,-1,-0.97332,0.92363,0.00051277,3,0,0,1.1985,-0.5856,0.72656,-0.35607,0.78426,0.53561,0.5374,0.71811,0.19616,4.897e-07,9999,0,1,615.23,4.7363,0.19639,0,0,0,0,0,0,0,0,1,0.5856,0.72656,-0.73121,0,0,0,0,0,10,0.19616,4.897e-07,9999,1,615.23,4.7363,0.19639,0.5856,0.72656,-0.73121,0,0.032414,1.0822,-1,0.88661,0.63102,-1,-0.97332,-0.024796,0.5856,1.4361,-0.5964,-1,1,0.019406,0.72656,1
0,0,0,0,0,0,0,0,0.45217,0.81402,0.62342,1,0.99732,-0.0012031,-2.196e-05,0,0,0,0.89195,999,999,999,0.54198,0.84116,0.35506,0,0,0,0,0,0,0,0,0,0,0,0,0,0,0,0,0,0,0,0,0,0,0,0,0,0,0,0,0,0,0,0,0,0,0,0,0,0,0.012075,0.68708,-1,0.86525,0,0,0,0,0,0,0,0,0,0,0,1
0,0,0,0,0,0,0,0,0.85183,0.84131,-0.67287,-1,0.99774,0.043079,-0.010489,1,0,0,1.2376,999,999,999,0.52631,1.6528,1.0119,0,0,0,0,0,0,0,0,0,0,0,0,0,0,0,0,0,0,0,0,0,0,0,0,0,0,0,0,0,0,0,0,0,0,0,0,0,0,0.0087123,1.0591,1,0.66967,0,0,0,0,0,0,0,0,0,0,0,1
0,0,0,0,0,0,0,0,0.23777,0.50589,0.084795,1,0.99514,-0.97057,-0.96974,0,0,0,0.80987,999,999,999,0.5972,0.78091,0.92766,0.72105,0.23777,4.4801e-07,9999,1,1,673.83,4.4434,0.17632,0,0,0,0,0,0,0,0,1,999,999,999,0,0,0,0,0,0,0,0,0,0,0,0,0,0,0,0,0,0.0064139,0.58059,-1,0.71375,0.029736,-1,-0.96974,-0.00072985,0,0,0,0,0,0,0,0
0,0,0,0,0,0,0,0,0.47882,1.1005,-0.92052,-1,-0.00018237,-3.5945e-06,-1.3766e-06,2,1,0.49142,0.33704,999,999,999,0.19937,0.31381,0.34741,0.98401,0.1682,4.0459e-07,9999,1,1,800.78,5.7617,0.15061,0,0,0,0,0,0,0,0,1,999,999,999,0,0,0,0,0,0,0,0,0,0,0,0,0,0,0,0,0,0,0,0,0,0.8894,-1,-0.00018237,-0.83664,0,0,0,0,0,0,0,1
0,0,0,0,0,0,0,0,1.0932,1.3482,-0.92539,-1,-0.84011,0.54084,-0.0066371,0,0,0,1.5189,999,999,999,1.0074,0.93465,1.0756,0.33081,0.19983,9.254e-07,9999,1,-1,449.22,4.248,0.30111,0,0,0,0,0,0,0,0,1,0.65392,0.89744,-0.2615,0,0,0,0,0,10,0.19983,9.254e-07,9999,-1,449.22,4.248,0.30111,0.65392,0.89744,-0.2615,-5,0.0010881,1.0932,-1,0.67272,-0.2615,1,0.00012534,0.0024828,0,0,0,0,0,0,0,0
1.7408,0.26726,0.88513,1,0,0,0,0,0.11533,1.827,0.17868,-1,5.3973e-05,-3.5228e-07,0,0,0,0,1.6773,999,999,999,2.2351,0.10955,0,0.48482,0.11533,3.5228e-07,9999,1,-1,2128.9,12.891,0.10955,0,0,0,0,0,0,0,0,1,999,999,999,0,0,0,0,0,0,0,0,0,0,0,0,0,0,0,0,0,0.025291,1.7408,1,0.99342,0.51892,1,5.3973e-05,0.37364,0,0,0,0,0,0,0,1
0,0,0,0,0,0,0,0,1.1298,0.80559,-0.54387,-1,-0.026345,8.8946e-06,-6.1615e-06,2,1,0.49715,1.2724,999,999,999,1.263,0.38467,0.35506,0.61478,0.12713,1.2199e-06,9999,1,1,0,20.703,0.076006,0,0,0,0,0,0,0,0,1,999,999,999,0,0,0,0,0,0,0,0,0,0,0,0,0,0,0,0,0,0.00050283,1.1298,-1,0.96315,0.48556,-1,-0.026345,-0.35952,0,0,0,0,0,0,0,0
0,0,0,0,0,0,0,0,0.79811,0.8668,-0.4726,-1,-0.94571,-0.00045186,-3.7235e-05,0,0,0,1.1893,-0.51933,0.65839,-0.18536,0.87692,0.80436,0.53803,0,0,0,0,0,0,0,0,0,0,0,0,0,0,0,0,0,0,0,0,0,0,0,0,0,0,0,0,0,0,0,0,0,0,0,0,0,0,0.0020678,0.79811,-1,0.51872,0,0,0,0,0,0,0,0,0,0,0,0
0,0,0,0,0,0,0,0,1.0718,0.52373,-0.68113,1,0.8312,-9.1985e-07,-4.1428e-07,2,1,0.49571,1.0018,999,999,999,0.976,0.30033,0.15688,0.62171,0.12676,4.1428e-07,9999,1,-1,927.73,5.127,0.15688,0,0,0,0,0,0,0,0,1,1.0718,0.90485,-0.25176,0,0,0,0,0,10,0.12676,4.1428e-07,9999,-1,927.73,5.127,0.15688,1.0718,0.90485,-0.25176,-5,0.0197,1.0718,1,0.90485,-0.25176,1,0.8312,0.36867,0,0,0,0,0,0,0,1
0,0,0,0,0,0,0,0,0.76875,1.2987,-0.96376,-1,0.0054076,-0.00055355,3.5093e-05,1,1,0.50464,0.97632,999,999,999,0.81296,0.67417,0.52973,0.69792,0.059635,1.2267e-06,9999,1,-1,0,2.8564,0.11417,0,1,0,0,0,0,0,0,1,0.5483,0.93287,-0.66276,0,0,0,0,0,10,0.059635,1.2267e-06,9999,-1,0,2.8564,0.11417,0.5483,0.93287,-0.66276,-8,0.015059,0.76875,-1,0.97845,-0.45354,1,6.2716e-06,0.76509,0,0,0,0,0,0,0,1
0,0,0,0,0,0,0,0,2.2017,0.17076,-0.95764,-1,-0.49688,1.646e-05,1.5563e-06,2,0,0,2.1703,999,999,999,2.8662,0.46836,0.25038,0.78569,0.09839,4.0051e-07,9999,0,-1,791.02,6.3477,0.14786,0,0,0,0,0,0,0,0,1,0.64374,0.78956,-0.7555,0,0,0,0,0,10,0.09839,4.0051e-07,9999,-1,791.02,6.3477,0.14786,0.64374,0.78956,-0.7555,-0,0.0089067,2.2017,-1,0.99246,-0.7555,1,1.646e-05,0.67287,0,0,0,0,0,0,0,0
0,0,0,0,1.8159,0.039774,-0.98745,1,0.19145,0.39783,-0.13163,-1,-0.99989,8.1083e-05,1.2231e-05,2,1,0.49778,1.7251,999,999,999,0.32372,2.4444,0.41214,0.097338,0.19145,0.99989,9999,0,-1,1181.6,14.648,0.32372,0,0,0,0,0,0,0,0,1,1.8159,0.99662,-0.019893,0,0,0,0,0,10,0.19145,0.99989,9999,-1,1181.6,14.648,0.32372,1.8159,0.99662,-0.019893,-3,0.0042831,1.8159,1,0.99662,0.29999,1,1.2231e-05,2.867e-05,0,0,0,0,0,0,0,1
0,0,0,0,0,0,0,0,0.47032,0.41349,-0.35037,1,0.59677,-0.0090007,0.00012782,0,0,0,1.3283,0.77234,-0.9522,-0.58004,0.56028,1.1968,0.64134,0.30188,0.23803,1.4915e-06,9999,1,-1,488.28,3.6621,0.35573,0,0,0,0,0,0,0,0,1,0.77234,0.9522,-0.25534,0,0,0,0,0,10,0.23803,1.4915e-06,9999,-1,488.28,3.6621,0.35573,0.77234,0.9522,-0.25534,-4,0.00644,0.8718,-1,0.98086,-0.098617,1,3.4721e-05,0.00014982,0,0,0,0,0,0,0,1
0,0,0,0,0,0,0,0,0.37498,1.1953,-0.99659,1,0.99966,-2.0658e-05,1.0987e-05,0,0,0,0.59829,999,999,999,0.34138,0.46341,0.40265,0.84941,0.089521,3.8299e-07,9999,1,-1,1064.5,8.6914,0.1353,0,0,0,0,0,0,0,0,1,999,999,999,0,0,0,0,0,0,0,0,0,0,0,0,0,0,0,0,0,0,0,0,0,0.65563,1,0.99966,0.72833,0,0,0,0,0,0,0,0
0,0,0,0,0,0,0,0,0.71595,1.033,-0.5192,-1,0.98982,-0.73388,9.4752e-05,1,0,0,0.85238,0.52142,0.96063,-0.32599,0.5008,0.62971,0.70495,0.95319,0.20373,8.6721e-07,9999,0,-1,590.82,3.3691,0.29253,1,0,-1.789,-0.59761,0.76406,0.12365,0.031171,0.17752,1,999,999,999,0,0,0,0,0,10,0.2321,0.98982,9999,1,722.66,8.5938,0.5008,0.71595,0.81703,-0.89172,22,0.016923,0.71595,-1,0.81703,-0.29007,1,0.98982,0.42931,0,0,0,0,0,0,0,0
0,0,0,0,0,0,0,0,0.51063,1.2031,-0.72383,1,0.0099577,-0.00023272,-5.3994e-05,1,0,0,0.70122,999,999,999,0.79657,0.26304,0.6079,0.21824,0.16413,0.00023272,9999,0,-1,468.75,0,0.26304,0,0,0,0,0,0,0,0,1,999,999,999,0,0,0,0,0,0,0,0,0,0,0,0,0,0,0,0,0,0.016231,0.51063,1,0.54854,0.67508,1,0.0099577,0.0022301,0,0,0,0,0,0,0,1
0,0,0,0,0,0,0,0,1.0988,1.5997,-0.89656,1,-0.99975,0.96999,-0.032535,1,0,0,1.2913,-0.54607,0.54452,-0.10748,0.35214,1.0082,0.88273,0.30962,0.10662,1.2498e-06,9999,0,1,0,3.7109,0.060467,0,0,0,0,0,0,0,0,1,0.54607,0.54452,-0.352,0,0,0,0,0,10,0.10662,1.2498e-06,9999,1,0,3.7109,0.060467,0.54607,0.54452,-0.352,0,0.0082456,1.0988,1,0.55338,-0.37866,-1,-0.99975,-0.38573,0,0,0,0,0,0,0,1
0,0,0,0,0,0,0,0,0.83699,0,-0.82518,1,-0.99906,0.15271,0.00047101,1,0,0,0.98421,999,999,999,0.46345,1.0512,0.26667,0.77095,0.11784,3.6482e-07,9999,0,-1,751.95,4.9805,0.12072,1,0,2.6666,-0.16075,1.375,0.21677,0.020575,0.0693,1,999,999,999,0,0,0,0,0,0,0,0,0,0,0,0,0,0,0,0,0,0.017954,0.83699,1,0.9557,0.63235,1,0.15271,0.58085,0,0,0,0,0,0,0,0
0,0,0,0,0,0,0,0,0.77082,0.64966,0.36104,1,0.93691,-3.4581e-05,-1.8747e-05,2,1,0.4978,1.0526,999,999,999,0.87033,0.52748,0.45314,0.86693,0.10659,4.0754e-07,9999,1,1,820.31,6.2012,0.15255,0,0,0,0,0,0,0,0,1,999,999,999,0,0,0,0,0,0,0,0,0,0,0,0,0,0,0,0,0,0.020734,0.77082,1,0.52892,0.69025,1,0.93691,0.0011642,0,0,0,0,0,0,0,1
0,0,0,0,0,0,0,0,1.478,0.81645,-0.99308,1,0.03823,-9.7874e-05,1.9252e-05,0,0,0,1.5216,999,999,999,1.8904,0.63103,0.45592,0,0,0,0,0,0,0,0,0,0,0,0,0,0,0,0,0,0,0,0,0,0,0,0,0,0,0,0,0,0,0,0,0,0,0,0,0,0,0.0016366,1.478,1,0.94157,0,0,0,0,0,0,0,0,0,0,0,1
1.7556,0,-0.93861,1,0,0,0,0,0.54808,0.21404,-0.10508,-1,6.9095e-05,-1.1887e-05,0,0,0,0,1.4491,999,999,999,2.6084,0.40959,0,0,0,0,0,0,0,0,0,0,0,0,0,0,0,0,0,0,0,0,0,0,0,0,0,0,0,0,0,0,0,0,0,0,0,0,0,0,0,0.0028276,1.7556,1,0.9708,0,0,0,0,0,0,0,0,0,0,0,1
0,0,0,0,0,0,0,0,1.1869,0.41239,-0.82811,1,0.88924,5.0975e-05,2.2888e-05,0,0,0,1.1777,999,999,999,0.94064,0.59545,0.56169,0.99989,0.13296,3.4284e-07,9999,1,1,153.81,18.164,0.10044,0,0,0,0,0,0,0,0,1,999,999,999,0,0,0,0,0,0,0,0,0,0,0,0,0,0,0,0,0,0.0068242,1.1869,1,0.83116,0.93131,1,0.88924,0.80785,0,0,0,0,0,0,0,1
0,0,0,0,0,0,0,0,0.71322,0.49282,0.52724,-1,-0.00027701,2.8327e-05,-6.4472e-06,2,0,0,1.0161,999,999,999,0.94187,0.50024,0.35863,0.76253,0.13276,3.3606e-07,9999,1,1,1503.9,16.211,0.093473,0,0,0,0,0,0,0,0,1,0.71322,0.91006,-0.88115,0,0,0,0,0,10,0.13276,3.3606e-07,9999,1,1503.9,16.211,0.093473,0.71322,0.91006,-0.88115,5,0.017114,0.71322,-1,0.91006,0.36045,-1,-6.4472e-06,-0.47803,0,0,0,0,0,0,0,0
0,0,0,0,0,0,0,0,0.69993,0.79225,-0.089925,-1,0.99994,-0.98621,-0.00064795,0,0,0,0.94226,999,999,999,0.28876,0.69156,1.033,0.94085,0.12766,4.2365e-07,9999,1,1,751.95,6.543,0.16262,0,0,0,0,0,0,0,0,1,0.69993,0.24767,-0.25529,0,0,0,0,0,10,0.12766,4.2365e-07,9999,1,751.95,6.543,0.16262,0.69993,0.24767,-0.25529,2,0.018439,0.8205,-1,0.96638,0.84291,-1,-0.98621,-0.79286,0,0,0,0,0,0,0,0
0,0,0,0,0,0,0,0,1.1638,1.0525,-0.94374,1,-0.99894,0.9338,-0.0015859,0,0,0,1.5287,-0.59995,-0.79415,-0.87162,0.47179,1.1232,0.69606,0,0,0,0,0,0,0,0,0,0,0,0,0,0,0,0,0,0,0,0,0,0,0,0,0,0,0,0,0,0,0,0,0,0,0,0,0,0,0.025902,1.1638,1,0.93472,0,0,0,0,0,0,0,0,0,0,0,1
0,0,0,0,0,0,0,0,0.7506,1.0447,-0.15965,1,-0.023667,0.0040869,0.0004837,2,2,0.50114,1.1638,999,999,999,1.064,0.97542,0.67223,0,0,0,0,0,0,0,0,0,0,0,0,0,0,0,0,0,0,0,0,0,0,0,0,0,0,0,0,0,0,0,0,0,0,0,0,0,0,0.0058833,0.7506,1,0.67108,0,0,0,0,0,0,0,0,0,0,0,1
0,0,0,0,0,0,0,0,0.88147,0.18552,-0.90973,-1,-0.54944,0.37788,-2.3625e-05,1,0,0,0.9594,-0.5288,-0.72573,-0.45622,1.3286,0.68055,0.47838,0,0,0,0,0,0,0,0,0,0,0,0,0,0,0,0,0,0,0,0,0,0,0,0,0,0,0,0,0,0,0,0,0,0,0,0,0,0,0.04309,0.88147,-1,0.93925,0,0,0,0,0,0,0,0,0,0,0,1
0,0,0,0,0,0,0,0,0.59235,0.43969,0.35907,-1,-0.065139,0.040062,-4.3936e-05,0,0,0,1.1432,-0.59235,0.63785,-0.77497,1.1542,1.0414,0.55918,0.83633,0.20822,4.5821e-07,9999,1,-1,610.35,4.9316,0.18159,0,0,0,0,0,0,0,0,1,0.69191,0.7815,-0.97547,0,0,0,0,0,10,0.20822,4.5821e-07,9999,-1,610.35,4.9316,0.18159,0.69191,0.7815,-0.97547,-6,0.0015705,0.75787,-1,0.73011,0.69779,1,7.0545e-06,0.045701,0,0,0,0,0,0,0,1
1.4731,0.20398,-0.51491,1,0,0,0,0,0.14875,0,0.1292,1,7.337e-05,2.9924e-05,-8.08e-06,2,0,0,1.5146,999,999,999,1.6101,0.50748,0.37675,0.76356,0.11204,1.2138e-06,9999,1,-1,0,24.805,0.081711,0,0,0,0,0,0,0,0,1,1.4731,0.83351,-0.65567,0,0,0,0,0,10,0.11204,1.2138e-06,9999,-1,0,24.805,0.081711,1.4731,0.83351,-0.65567,-2,0.0074087,1.4731,1,0.83351,0.77292,1,2.9924e-05,0.60383,0,0,0,0,0,0,0,1
0,0,0,0,0,0,0,0,0.23033,0.28788,0.77909,-1,0.0014677,-0.00052601,-1.8847e-05,1,0,0,0.42716,999,999,999,0.4609,0.2972,0.45369,0.69854,0.23033,0.00052601,9999,1,-1,439.45,0,0.2972,0,0,0,0,0,0,0,0,1,999,999,999,0,0,0,0,0,0,0,0,0,0,0,0,0,0,0,0,0,0.0723,0.74908,1,0.81676,0.16542,1,0.0014677,0.0011222,0,0,0,0,0,0,0,0
0,0,0,0,0,0,0,0,0.62605,0.47663,0.70282,-1,-0.97078,0.78504,-0.012951,1,0,0,1.176,-0.5856,-0.81154,-0.29901,0.95932,0.14243,0.64483,0.098859,0.1976,1.5109e-06,9999,1,-1,0,6.7383,0.17851,0,0,0,0,0,0,0,0,1,999,999,999,0,0,0,0,0,10,0.2219,0.78504,9999,1,0,39.453,0.14243,0.62605,0.80442,-0.23963,22,0.012944,0.78286,-1,0.75736,0.2895,-1,-0.97078,-2.1127e-05,0,0,0,0,0,0,0,1
0,0,0,0,0,0,0,0,1.2698,0.094457,-0.65125,-1,-0.92093,0.005311,-8.2019e-05,1,0,0,1.308,999,999,999,1.2688,0.87122,0.51438,0.46968,0.19234,8.0153e-07,9999,1,1,483.4,4.4922,0.28165,0,0,0,0,0,0,0,0,1,1.2698,0.99672,-0.43562,0,0,0,0,0,10,0.19234,8.0153e-07,9999,1,483.4,4.4922,0.28165,1.2698,0.99672,-0.43562,0,0.0050087,1.2698,-1,0.99672,-0.43562,-1,-0.92093,-0.0077016,0,0,0,0,0,0,0,1
0,0,0,0,0,0,0,0,1.0215,0.41464,0.57228,-1,-0.0085973,4.3352e-07,0,0,0,0,0.9797,999,999,999,1.3852,0.16838,0,0.42356,0.21901,4.3352e-07,9999,1,1,693.36,6.6406,0.16838,0,0,0,0,0,0,0,0,1,1.0215,0.98597,-0.26642,0,0,0,0,0,10,0.21901,4.3352e-07,9999,1,693.36,6.6406,0.16838,1.0215,0.98597,-0.26642,6,0.00016294,1.0215,-1,0.98597,-0.26642,-1,-0.0085973,-0.00072619,0,0,0,0,0,0,0,1
0,0,0,0,0,0,0,0,0.61437,0.72362,-0.46138,1,0.72419,-3.7265e-05,1.2174e-06,1,0,0,0.59991,999,999,999,1.0351,0.59424,0.10742,0.97257,0.19981,1.2174e-06,9999,1,1,0,13.281,0.10742,0,0,0,0,0,0,0,0,1,999,999,999,0,0,0,0,0,0,0,0,0,0,0,0,0,0,0,0,0,0.034459,0.61437,1,0.87025,-0.22875,-1,-3.7265e-05,-0.60443,0,0,0,0,0,0,0,0
0,0,0,0,0,0,0,0,0.52158,1.2832,-0.93574,1,0.99087,0.95458,0.029522,0,0,0,1.0852,0.68068,0.43432,-0.35883,0.50332,0.77445,1.0247,0,0,0,0,0,0,0,0,0,0,0,0,0,0,0,0,0,0,0,0,0,0,0,0,0,0,0,0,0,0,0,0,0,0,0,0,0,0,0.0025093,0.52158,1,0.56978,0,0,0,0,0,0,0,0,0,0,0,1
0,0,0,0,1.1393,1.27,-0.51767,1,0.83482,0.11232,0.44924,1,0.98254,0.29945,-0.0016614,0,0,0,1.8545,999,999,999,0.76657,1.3387,1.8671,0.57105,0.1793,3.6824e-07,9999,1,-1,927.73,7.9102,0.1236,0,0,0,0,0,0,0,0,1,999,999,999,0,0,0,0,0,0,0,0,0,0,0,0,0,0,0,0,0,0.034513,1.3705,-1,0.98226,0.38798,1,0.98254,0.030189,0,0,0,0,0,0,0,1
0,0,0,0,0,0,0,0,0.71173,0.28764,0.65971,-1,0.99481,-0.038922,0.031666,0,0,0,1.5761,0.93545,0.99949,-0.7512,0.43298,1.0285,1.326,0.66383,0.059795,1.2353e-06,9999,1,-1,0,8.8867,0.11895,0,0,0,0,0,0,0,0,1,0.93545,0.99949,-0.66982,0,0,0,0,0,10,0.059795,1.2353e-06,9999,-1,0,8.8867,0.11895,0.93545,0.99949,-0.66982,-5,0.0067433,1.2593,-1,0.93752,0.52965,1,0.99481,0.76764,0,0,0,0,0,0,0,1
0.59513,1.2769,-0.27997,-1,0,0,0,0,0.83423,1.6442,-0.91107,-1,-0.99578,0.01931,-0.00032697,0,0,0,0.93215,999,999,999,0.5701,0.38516,0.68352,0,0,0,0,0,0,0,0,0,0,0,0,0,0,0,0,0,0,0,0,0,0,0,0,0,0,0,0,0,0,0,0,0,0,0,0,0,0,0.0087021,0.83423,-1,0.90505,0,0,0,0,0.59513,1.2769,-0.27997,-1,1,0.010081,0.82818,0
0,0,0,0,0,0,0,0,0.24894,1.4312,-0.84871,1,-0.96128,-6.6444e-05,3.5698e-06,2,0,0,0.85002,999,999,999,0.64911,0.6529,0.31329,0.22548,0.18198,4.3207e-07,9999,0,-1,683.59,5.7129,0.16755,0,0,0,0,0,0,0,0,1,999,999,999,0,0,0,0,0,0,0,0,0,0,0,0,0,0,0,0,0,0.022734,0.57035,-1,0.98565,0.88962,-1,-0.96128,-0.0031917,0,0,0,0,0,0,0,1
0,0,0,0,0,0,0,0,2.219,0.26388,-0.83285,1,0.94428,-0.17378,5.3683e-06,0,0,0,2.6454,999,999,999,2.3745,2.0667,0.34434,0.97053,0.15386,4.8488e-07,9999,1,-1,625,4.7363,0.19425,0,0,0,0,0,0,0,0,1,999,999,999,0,0,0,0,0,0,0,0,0,0,0,0,0,0,0,0,0,0.010332,2.219,1,0.99778,0.97369,1,0.94428,0.82605,0,0,0,0,0,0,0,1
0,0,0,0,0,0,0,0,1.2805,0,-0.71628,1,-0.00042698,5.27e-05,4.074e-07,0,0,0,1.3851,999,999,999,0.73907,1.7713,0.15246,0.10311,0.17298,4.074e-07,9999,1,1,693.36,7.2266,0.15246,0,0,0,0,0,0,0,0,1,0.76158,0.98896,-0.081472,0,0,0,0,0,10,0.17298,4.074e-07,9999,1,693.36,7.2266,0.15246,0.76158,0.98896,-0.081472,0,0.0076651,1.2805,1,0.9989,-0.081472,-1,-0.00042698,-0.0077145,0,0,0,0,0,0,0,1
0,0,0,0,0,0,0,0,0.65413,0.92167,0.5449,1,0.00054466,9.5298e-05,1.0048e-05,0,0,0,1.1087,0.80999,-0.99602,-0.79013,0.72506,0.68885,0.39494,0.9913,0.13531,5.637e-07,9999,1,1,517.58,4.4434,0.22456,0,0,0,0,0,0,0,0,1,999,999,999,0,0,0,0,0,10,0.19005,4.506e-07,9999,-1,722.66,5.0781,0.17769,0.65413,0.7348,-0.84795,-4,0.010605,0.80999,1,0.99602,0.99998,1,1.0048e-05,0.24368,0,0,0,0,0,0,0,0
0,0,0,0,0,0,0,0,0.87797,1.0305,0.04077,-1,-0.96127,-6.4927e-06,6.2767e-06,0,0,0,0.92401,999,999,999,1.2415,0.35919,0.35652,0,0,0,0,0,0,0,0,0,0,0,0,0,0,0,0,0,0,0,0,0,0,0,0,0,0,0,0,0,0,0,0,0,0,0,0,0,0,0.0057068,0.87797,-1,0.91732,0,0,0,0,0,0,0,0,0,0,0,0
0.81843,0.27878,-0.039421,1,0,0,0,0,0.48117,0.11872,0.022554,-1,0.00030362,-8.6821e-05,-3.3738e-05,0,0,0,1.0118,999,999,999,0.61783,0.71023,0.52353,0.58032,0.2191,3.0162e-06,9999,1,-1,498.05,3.9551,0.30063,0,0,0,0,0,0,0,0,1,0.81843,0.82575,-0.45563,0,0,0,0,0,10,0.2191,3.0162e-06,9999,-1,498.05,3.9551,0.30063,0.81843,0.82575,-0.45563,-6,0.019586,0.81843,1,0.82575,0.83268,1,3.4228e-06,0.001292,0.81843,0.27878,-0.039421,1,1,0.019586,0.82575,1
0,0,0,0,0,0,0,0,0.41541,0.35221,-0.070073,1,-0.12707,-0.00017461,-5.9659e-05,1,0,0,1.0015,999,999,999,0.89538,0.69672,0.63317,0,0,0,0,0,0,0,0,0,0,0,0,0,0,0,0,0,0,0,0,0,0,0,0,0,0,0,0,0,0,0,0,0,0,0,0,0,0,0.010891,0.56914,-1,0.55368,0,0,0,0,0,0,0,0,0,0,0,0
0,0,0,0,0,0,0,0,0.093797,0.050331,0.31867,-1,2.5538e-06,-1.552e-06,-4.9431e-07,2,0,0,0.3702,999,999,999,0.28813,0.18361,0.19839,0.43589,0.093797,1.552e-06,9999,0,-1,0,4.7363,0.18361,0,0,0,0,0,0,0,0,1,999,999,999,0,0,0,0,0,0,0,0,0,0,0,0,0,0,0,0,0,0,0,0,0,0.79597,1,2.5538e-06,0.0026975,0,0,0,0,0,0,0,1
0,0,0,0,0,0,0,0,0.24789,1.3469,-0.51151,-1,-0.00091089,-1.8014e-05,5.9871e-07,2,0,0,0.40651,999,999,999,0.41771,0.44904,0.23553,0.43383,0.24789,0.00091089,9999,0,-1,620.12,0,0.41771,0,0,0,0,0,0,0,0,1,999,999,999,0,0,0,0,0,0,0,0,0,0,0,0,0,0,0,0,0,0,0,0,0,0,0,0,0,0,0,0,0,0,0,0,0
0,0,0,0,0,0,0,0,1.5481,0.65278,-0.84049,-1,0.1327,-0.11011,4.1779e-06,2,1,0.49929,1.3644,999,999,999,0.8359,2.2315,0.32517,0.10669,0.1455,3.8466e-07,9999,1,1,820.31,5.9082,0.13656,0,0,0,0,0,0,0,0,1,1.5481,0.99591,-0.1953,0,0,0,0,0,10,0.1455,3.8466e-07,9999,1,820.31,5.9082,0.13656,1.5481,0.99591,-0.1953,6,0,0,0,0,0.12971,-1,-1.1631e-06,-0.061421,0,0,0,0,0,0,0,0
1.85,0.16341,-0.89594,-1,0,0,0,0,0.83706,0.35024,-0.030281,-1,-0.024695,-5.713e-05,0,0,0,0,1.9707,-1.85,-0.91862,-0.34602,1.2334,2.2276,0,0,0,0,0,0,0,0,0,0,0,0,0,0,0,0,0,0,0,0,0,0,0,0,0,0,0,0,0,0,0,0,0,0,0,0,0,0,0,0.011676,1.85,-1,0.91862,0,0,0,0,0,0,0,0,0,0,0,0
0,0,0,0,1.4804,0.38333,-0.8379,-1,0.81856,0.21969,-0.47891,1,0.056211,0.0031377,-0.0026164,2,0,0,1.6838,999,999,999,0.99493,0.88217,1.7749,0.80391,0.23384,2.8644e-06,9999,1,1,473.63,2.8564,0.29675,0,0,0,0,0,0,0,0,1,999,999,999,0,0,0,0,0,0,0,0,0,0,0,0,0,0,0,0,0,0.00035481,1.4804,-1,0.88074,0.44768,-1,-0.0026164,-0.0031588,0,0,0,0,0,0,0,0
0,0,0,0,0,0,0,0,0.50621,0.27407,-0.37155,1,-0.97412,0.50566,-5.0534e-05,1,0,0,0.82351,999,999,999,0.97303,0.5811,0.59358,0,0,0,0,0,0,0,0,0,0,0,0,0,0,0,0,0,0,0,0,0,0,0,0,0,0,0,0,0,0,0,0,0,0,0,0,0,0,0.0058503,0.62455,-1,0.85847,0,0,0,0,0,0,0,0,0,0,0,0
0,0,0,0,0,0,0,0,0.53401,0.26004,0.50431,-1,-0.87502,0.00064214,-7.9855e-05,1,0,0,0.9252,999,999,999,0.23713,0.39545,0.73952,0.88827,0.21941,1.338e-06,9999,0,1,473.63,3.5645,0.34439,0,0,0,0,0,0,0,0,1,0.53401,0.59851,-0.43791,0,0,0,0,0,10,0.21941,1.338e-06,9999,1,473.63,3.5645,0.34439,0.53401,0.59851,-0.43791,0,0.0056249,0.53401,-1,0.59851,-0.87218,-1,-0.87502,-0.053354,0,0,0,0,0,0,0,0
0.32946,1.3174,-0.88563,1,0,0,0,0,1.2917,0,0.028922,-1,0.27006,-0.069489,5.1837e-05,1,0,0,1.4801,0.63898,-0.9631,-0.35882,1.5233,1.6682,0.59909,0.91314,0.22192,5.2108e-07,9999,1,-1,576.17,3.9062,0.20931,0,0,0,0,0,0,0,0,1,0.92504,0.34312,-0.093505,0,0,0,0,0,10,0.22192,5.2108e-07,9999,-1,576.17,3.9062,0.20931,0.92504,0.34312,-0.093505,-0,0.088967,1.2917,-1,0.94211,0.78311,1,5.1837e-05,0.078168,0.32946,1.3174,-0.88563,1,1,0.0034355,0.23101,1
0,0,0,0,0,0,0,0,0.77426,0,-0.99435,-1,-0.00066174,-0.00018726,0.00018108,2,0,0,1.0174,999,999,999,0.92137,0.21019,0.66106,0.99779,0.13947,4.338e-07,9999,1,-1,683.59,4.7852,0.16854,0,0,0,0,0,0,0,0,1,999,999,999,0,0,0,0,0,0,0,0,0,0,0,0,0,0,0,0,0,0.0025262,0.77426,-1,0.99436,0.9606,1,0.00018108,0.9019,0,0,0,0,0,0,0,1
0,0,0,0,0,0,0,0,1.6115,0.41856,-0.54932,1,0.93585,0.00011957,-9.1636e-05,0,0,0,1.5525,1.6115,0.93717,-0.36151,1.1225,2.4715,0.72455,0,0,0,0,0,0,0,0,0,0,0,0,0,0,0,0,0,0,0,0,0,0,0,0,0,0,0,0,0,0,0,0,0,0,0,0,0,0,0.0011455,1.6115,1,0.93717,0,0,0,0,0,0,0,0,0,0,0,1
0.19473,0.86879,-0.7817,1,0,0,0,0,0.66609,0.48559,-0.6493,1,0.00039997,0.00028161,-0.00021112,1,0,0,0.91013,999,999,999,0.9427,0.29343,0.5595,0.91333,0.19473,0.00028161,9999,0,1,664.06,0,0.29343,0,0,0,0,0,0,0,0,1,999,999,999,0,0,0,0,0,0,0,0,0,0,0,0,0,0,0,0,0,0.020865,0.66609,1,0.74841,-0.57156,-1,-0.00021112,-0.31715,0.19473,0.86879,-0.7817,1,1,0.31964,0.91333,1
0,0,0,0,0,0,0,0,1.6185,0.15543,-0.89211,-1,-0.00015886,0,0,0,0,0,1.5887,999,999,999,1.9832,0,0,0,0,0,0,0,0,0,0,0,0,0,0,0,0,0,0,0,0,0,0,0,0,0,0,0,0,0,0,0,0,0,0,0,0,0,0,0,0,0.00047892,1.6185,-1,0.99757,0,0,0,0,0,0,0,0,0,0,0,0
0.57434,1.8407,-0.51934,-1,0,0,0,0,1.0867,1.4171,-0.68911,1,-0.059764,-0.00084635,0.00049557,1,0,0,1.3812,-0.57434,-0.77028,-0.87588,1.8925,0.46264,0.94514,0,0,0,0,0,0,0,0,0,0,0,0,0,0,0,0,0,0,0,0,0,0,0,0,0,0,0,0,0,0,0,0,0,0,0,0,0,0,0.037009,1.2473,-1,0.91985,0,0,0,0,0.57434,1.8407,-0.51934,-1,1,0.025761,0.77028,1
0,0,0,0,0,0,0,0,1.126,0.63106,-0.60501,-1,0.98284,0.044627,-0.0090736,1,0,0,1.4716,0.88319,0.94237,-0.18256,0.76683,1.2172,0.9585,0,0,0,0,0,0,0,0,0,0,0,0,0,0,0,0,0,0,0,0,0,0,0,0,0,0,0,0,0,0,0,0,0,0,0,0,0,0,0.017613,1.126,-1,0.9437,0,0,0,0,0,0,0,0,0,0,0,1
0,0,0,0,0,0,0,0,0.15016,1.1158,-0.16062,-1,0.0021917,2.5775e-05,-8.5612e-07,1,0,0,0.73946,999,999,999,0.75003,0.48865,0.29079,0.84846,0.15016,5.4085e-07,9999,1,-1,532.23,5.0781,0.21668,1,0,-1.7841,-3.6494,-5.2543,0.017663,0.14319,0.19516,1,999,999,999,0,0,0,0,0,0,0,0,0,0,0,0,0,0,0,0,0,0.068636,0.55165,1,0.81488,0.9817,1,0.0021917,0.50322,0,0,0,0,0,0,0,0
0,0,0,0,0,0,0,0,1.1388,1.6682,-0.84523,-1,-0.1099,8.7647e-06,6.0201e-06,0,0,0,1.2277,999,999,999,1.147,0.38345,0.35324,0,0,0,0,0,0,0,0,0,0,0,0,0,0,0,0,0,0,0,0,0,0,0,0,0,0,0,0,0,0,0,0,0,0,0,0,0,0,0.0046796,1.1388,-1,0.94067,0,0,0,0,0,0,0,0,0,0,0,0
0,0,0,0,0,0,0,0,0.87949,0.10262,-0.33101,-1,0.05974,-0.012717,0.00061142,1,0,0,1.2308,999,999,999,1.0066,0.77107,0.35624,0.74932,0.15729,4.2704e-07,9999,1,-1,673.83,5.8105,0.16463,0,0,0,0,0,0,0,0,1,999,999,999,0,0,0,0,0,0,0,0,0,0,0,0,0,0,0,0,0,0.029282,0.95776,1,0.97688,0.86995,1,0.05974,0.25755,0,0,0,0,0,0,0,0
1.3434,0,0.572,1,0,0,0,0,0.62378,0.24717,-0.2803,1,-0.00015578,-0.00011162,4.4357e-05,0,0,0,1.6315,999,999,999,0.72446,0.86805,1.7264,0,0,0,0,0,0,0,0,0,0,0,0,0,0,0,0,0,0,0,0,0,0,0,0,0,0,0,0,0,0,0,0,0,0,0,0,0,0,0.0071942,1.3434,1,0.97616,0,0,0,0,0,0,0,0,0,0,0,1
0,0,0,0,0,0,0,0,0.076541,0.91172,-0.56515,1,-0.99984,-2.3269e-05,2.6239e-06,1,0,0,0.47158,999,999,999,0.33634,0.47584,0.29016,0.88654,0.076541,3.4939e-07,9999,1,1,1640.6,11.719,0.10683,0,0,0,0,0,0,0,0,1,999,999,999,0,0,0,0,0,0,0,0,0,0,0,0,0,0,0,0,0,0,0,0,0,-0.0016714,-1,-0.99984,-0.7669,0,0,0,0,0,0,0,0
0,0,0,0,0,0,0,0,1.3135,0.45192,-0.73221,1,0.02701,-0.00060552,4.9338e-07,0,0,0,1.3061,999,999,999,1.183,0.56281,0.19799,0.89657,0.13944,4.9338e-07,9999,1,1,1123,3.9062,0.19799,0,0,0,0,0,0,0,0,1,0.56437,0.8835,-0.93032,0,0,0,0,0,10,0.13944,4.9338e-07,9999,1,1123,3.9062,0.19799,0.56437,0.8835,-0.93032,11,0.0041414,1.3135,1,0.8978,-0.93032,-1,-0.00060552,-0.66928,0,0,0,0,0,0,0,1
0,0,0,0,0,0,0,0,0.86555,1.0985,-0.8557,1,0.96947,0.96187,-0.00055588,1,0,0,1.1473,0.86555,0.96923,-0.81524,0.95169,1.2224,0.3712,0.82974,0.13577,1.3598e-06,9999,1,-1,0,5.0293,0.15474,0,0,0,0,0,0,0,0,1,0.76531,0.9317,-0.97378,0,0,0,0,0,10,0.13577,1.3598e-06,9999,-1,0,5.0293,0.15474,0.76531,0.9317,-0.97378,-2,0.012642,0.86555,1,0.96923,0.66698,1,0.96187,0.55759,0,0,0,0,0,0,0,1
0,0,0,0,0,0,0,0,0.38771,1.1372,-0.79974,-1,0.00061757,-0.00017663,-2.2084e-05,1,0,0,0.61619,999,999,999,0.49433,0.13139,0.47073,0,0,0,0,0,0,0,0,0,0,0,0,0,0,0,0,0,0,0,0,0,0,0,0,0,0,0,0,0,0,0,0,0,0,0,0,0,0,0,0,0,0,0,0,0,0,0,0,0,0,0,0,0,0
0,0,0,0,0,0,0,0,0.82827,1.0419,0.12909,-1,0.034313,-0.00059068,-0.00017723,1,0,0,1.3947,999,999,999,1.3522,0.77536,0.18294,0.41829,0.12856,0.00017723,9999,0,-1,703.12,0,0.18294,0,0,0,0,0,0,0,0,1,1.0177,0.41645,-0.65082,0,0,0,0,0,10,0.12856,0.00017723,9999,-1,703.12,0,0.18294,1.0177,0.41645,-0.65082,-0,0.00041661,1.0177,1,0.41645,0.89143,1,1.5182e-05,0.24913,0,0,0,0,0,0,0,0
0,0,0,0,0,0,0,0,1.0264,0.14259,0.19819,-1,0.99981,-0.038259,-0.00020999,2,1,0.50045,1.3721,999,999,999,0.37109,1.4677,0.96477,0,0,0,0,0,0,0,0,0,0,0,0,0,0,0,0,0,0,0,0,0,0,0,0,0,0,0,0,0,0,0,0,0,0,0,0,0,0,0.010205,1.0264,-1,0.93311,0,0,0,0,0,0,0,0,0,0,0,1
0,0,0,0,1.97,0,-0.94214,1,0.58932,0.17689,-0.50292,-1,0.00010441,-6.4521e-05,1.3123e-06,1,1,0.49906,1.5861,999,999,999,2.9545,0.65533,0.14438,0,0,0,0,0,0,0,0,0,0,0,0,0,0,0,0,0,0,0,0,0,0,0,0,0,0,0,0,0,0,0,0,0,0,0,0,0,0,0.012535,1.97,1,0.95768,0,0,0,0,0,0,0,0,0,0,0,1
1.7443,0.31454,-0.89562,-1,0,0,0,0,0.65264,0.65984,0.61566,1,-0.0056031,-0.00027096,3.1324e-05,1,1,0.5024,1.1402,-1.7443,0.9993,-0.80149,0.49206,2.7664,0.51362,0,0,0,0,0,0,0,0,0,0,0,0,0,0,0,0,0,0,0,0,0,0,0,0,0,0,0,0,0,0,0,0,0,0,0,0,0,0,0.0053971,1.7443,-1,0.9993,0,0,0,0,0,0,0,0,0,0,0,1
0,0,0,0,0,0,0,0,0.43765,0.45593,0.61015,1,0.99923,0.20424,-0.013451,0,0,0,1.0244,0.93138,0.28378,-0.016212,0.45076,1.4496,0.7612,0,0,0,0,0,0,0,0,0,0,0,0,0,0,0,0,0,0,0,0,0,0,0,0,0,0,0,0,0,0,0,0,0,0,0,0,0,0,0.016779,0.93138,1,0.28378,0,0,0,0,0,0,0,0,0,0,0,1
0.4829,0.32487,0.38704,1,0,0,0,0,0.83341,0.89824,-0.86774,-1,-0.04762,0.031592,-8.1529e-06,1,0,0,1.1019,999,999,999,0.93155,0.70537,0.37748,0,0,0,0,0,0,0,0,0,0,0,0,0,0,0,0,0,0,0,0,0,0,0,0,0,0,0,0,0,0,0,0,0,0,0,0,0,0,0.0061572,0.83341,-1,0.68821,0,0,0,0,0.4829,0.32487,0.38704,1,1,0.013745,0.70958,0
0,0,0,0,0,0,0,0,1.8114,0.1258,-0.9947,1,0.00045675,0,0,0,0,0,1.2927,999,999,999,2.7712,0,0,0,0,0,0,0,0,0,0,0,0,0,0,0,0,0,0,0,0,0,0,0,0,0,0,0,0,0,0,0,0,0,0,0,0,0,0,0,0,0.027771,1.8114,1,0.99567,0,0,0,0,0,0,0,0,0,0,0,0
1.4986,0.29436,-0.97632,1,0,0,0,0,0.45002,0.46196,0.30384,-1,5.2438e-05,-8.2738e-07,-3.9382e-07,0,0,0,1.5292,999,999,999,1.7016,0.2861,0.14322,0.65905,0.097482,3.9382e-07,9999,1,-1,722.66,5.957,0.14322,0,0,0,0,0,0,0,0,1,1.4986,0.96876,-0.6779,0,0,0,0,0,10,0.097482,3.9382e-07,9999,-1,722.66,5.957,0.14322,1.4986,0.96876,-0.6779,-2,0.0041874,1.4986,1,0.96876,-0.6779,1,5.2438e-05,0.61387,0,0,0,0,0,0,0,1
0,0,0,0,0,0,0,0,0.48031,0.73102,-0.030283,-1,-0.76252,-0.61644,0.021385,0,0,0,1.2147,999,999,999,0.62646,1.4233,0.84206,0,0,0,0,0,0,0,0,0,0,0,0,0,0,0,0,0,0,0,0,0,0,0,0,0,0,0,0,0,0,0,0,0,0,0,0,0,0,0.010062,0.88554,-1,0.91021,0,0,0,0,0,0,0,0,0,0,0,0
0,0,0,0,0,0,0,0,0.20721,0.13298,0.7232,-1,-0.99996,0.00063784,2.229e-05,3,0,0,0.66392,999,999,999,0.27472,0.38481,0.47175,0.71103,0.20721,9.497e-07,9999,1,-1,507.81,3.7109,0.30445,0,0,0,0,0,0,0,0,1,0.61683,0.57011,-0.092762,0,0,0,0,0,10,0.20721,9.497e-07,9999,-1,507.81,3.7109,0.30445,0.61683,0.57011,-0.092762,-0,0.025731,0.61683,1,0.57011,-0.092762,1,0.00063784,0.0096763,0,0,0,0,0,0,0,0
0,0,0,0,0,0,0,0,0.64215,0.5383,-0.49562,1,-0.99986,0.25362,-0.00019175,2,0,0,0.79144,999,999,999,0.3097,0.72707,0.21827,0.15452,0.23041,0.00019175,9999,0,-1,683.59,0,0.21827,0,0,0,0,0,0,0,0,1,0.64215,0.88885,-0.50679,0,0,0,0,0,10,0.15259,0.99986,9999,-1,1308.6,9.1797,0.3097,0.75947,0.54098,-0.27831,-22,0.0075081,0.75947,1,0.54098,0.74471,1,3.1502e-05,0.00017795,0,0,0,0,0,0,0,0
0,0,0,0,0,0,0,0,0.60321,0,-0.48853,1,0.00011774,0,0,0,0,0,0.46829,999,999,999,0.89866,0,0,0,0,0,0,0,0,0,0,0,0,0,0,0,0,0,0,0,0,0,0,0,0,0,0,0,0,0,0,0,0,0,0,0,0,0,0,0,0,0.024227,0.60321,1,0.61655,0,0,0,0,0,0,0,0,0,0,0,0
0,0,0,0,0,0,0,0,0.7213,1.1375,-0.86776,-1,-0.29321,-0.012755,8.0293e-07,1,0,0,0.96232,-0.70558,0.91646,-0.68952,0.85581,1.0042,0.2819,0.98464,0.17413,8.0293e-07,9999,1,1,429.69,4.9316,0.2819,0,0,0,0,0,0,0,0,1,0.7213,0.79999,-0.71255,0,0,0,0,0,10,0.17413,8.0293e-07,9999,1,429.69,4.9316,0.2819,0.7213,0.79999,-0.71255,2,0.0035434,0.70558,-1,0.91646,-0.71255,-1,-0.29321,-0.82286,0,0,0,0,0,0,0,0
0,0,0,0,0,0,0,0,0.69381,1.1941,-0.83116,1,0.042283,-1.8414e-05,1.2439e-05,0,0,0,0.68665,999,999,999,1.1051,0.45129,0.41365,0.94069,0.17953,4.1498e-07,9999,1,-1,878.91,6.7383,0.15732,0,0,0,0,0,0,0,0,1,0.69381,0.93061,-0.76135,0,0,0,0,0,10,0.17953,4.1498e-07,9999,-1,878.91,6.7383,0.15732,0.69381,0.93061,-0.76135,-0,0.043296,0.69381,1,0.93061,0.55902,1,1.2439e-05,0.60225,0,0,0,0,0,0,0,0
1.1819,0.26174,0.41898,1,0,0,0,0,1.4628,0.77933,-0.71025,1,0.42193,0.29149,-5.996e-06,0,0,0,1.5101,1.4628,0.99203,-0.93645,0.8584,2.0655,0.35293,0,0,0,0,0,0,0,0,0,0,0,0,0,0,0,0,0,0,0,0,0,0,0,0,0,0,0,0,0,0,0,0,0,0,0,0,0,0,0.0063062,1.4628,1,0.99203,0,0,0,0,0,0,0,0,0,0,0,0
0,0,0,0,0,0,0,0,0.87159,0.79113,-0.83042,1,0.17096,0.00049989,-2.587e-05,0,0,0,0.92786,0.56466,0.47881,-0.013479,1.4043,0.77435,0.48909,0.78345,0.15272,4.5188e-07,9999,1,1,820.31,5.6152,0.17835,0,0,0,0,0,0,0,0,1,999,999,999,0,0,0,0,0,0,0,0,0,0,0,0,0,0,0,0,0,0.018392,0.87159,1,0.69762,0.63152,-1,-2.587e-05,-0.3524,0,0,0,0,0,0,0,0
0,0,0,0,0,0,0,0,1.6103,0.99908,-0.50857,-1,-0.098733,4.9902e-05,-2.0627e-06,0,0,0,1.4349,999,999,999,2.3774,0.59104,0.272,0.6658,0.091418,1.4069e-06,9999,1,1,0,6.3477,0.16327,0,0,0,0,0,0,0,0,1,999,999,999,0,0,0,0,0,10,0.22133,1.5734e-06,9999,-1,512.7,3.418,0.36113,0.61946,0.70498,-0.90316,-6,0.0053836,1.6103,-1,0.9927,0.6842,-1,-0.098733,-0.64974,0,0,0,0,0,0,0,0
0,0,0,0,0,0,0,0,0.49758,0.50975,0.60587,-1,-0.16473,-0.0080073,1.2444e-06,0,0,0,0.82978,-0.72655,-0.82408,-0.72904,0.76772,0.7638,0.3365,0.55672,0.1702,4.9492e-07,9999,1,-1,644.53,4.1016,0.19865,0,0,0,0,0,0,0,0,1,999,999,999,0,0,0,0,0,0,0,0,0,0,0,0,0,0,0,0,0,0.011406,0.72655,-1,0.82408,0.31218,-1,-0.16473,-0.00044459,0,0,0,0,0,0,0,0
0,0,0,0,0,0,0,0,1.0533,0.44197,-0.79282,1,0.95603,-4.4356e-07,3.5448e-07,1,0,0,0.97047,999,999,999,0.96371,0.17395,0.11159,0.7556,0.17771,4.4356e-07,9999,1,-1,722.66,6.4453,0.17395,0,0,0,0,0,0,0,0,1,1.0533,0.79706,-0.56593,0,0,0,0,0,10,0.17771,4.4356e-07,9999,-1,722.66,6.4453,0.17395,1.0533,0.79706,-0.56593,-6,0.0014832,1.0533,1,0.79706,-0.56593,1,0.95603,0.11427,0,0,0,0,0,0,0,1
0,0,0,0,0,0,0,0,0.56155,0.063743,-0.44098,-1,0.99906,-0.99776,-0.74237,0,0,0,0.86565,999,999,999,0.40208,0.5261,0.76523,0.56779,0.21541,0.99906,9999,1,1,1084,8.7891,0.40208,0,0,0,0,0,0,0,0,1,0.56155,0.90602,-0.85725,0,0,0,0,0,10,0.21541,0.99906,9999,1,1084,8.7891,0.40208,0.56155,0.90602,-0.85725,22,0.025243,0.56155,-1,0.90602,0.87514,-1,-0.99776,-5.7066e-06,0,0,0,0,0,0,0,0
0,0,0,0,0,0,0,0,0.84977,1.7757,-0.99822,-1,-0.9442,-0.00065031,0.00017931,2,1,0.49826,1.1824,-0.66789,-0.94243,-0.81579,0.3101,0.67835,0.19063,0.92754,0.14391,1.4505e-06,9999,1,1,0,5.4688,0.17015,0,0,0,0,0,0,0,0,1,0.84977,0.98913,-0.96611,0,0,0,0,0,10,0.14391,1.4505e-06,9999,1,0,5.4688,0.17015,0.84977,0.98913,-0.96611,5,0.010716,0.66789,-1,0.94243,-0.87473,-1,-0.9442,-0.73015,0,0,0,0,0,0,0,0
0,0,0,0,1.4756,0.78602,-0.97313,-1,0.8952,0.96549,-0.8008,-1,-0.96302,-6.3554e-05,3.2025e-06,0,0,0,1.3974,999,999,999,1.0085,2.2507,0.30513,0,0,0,0,0,0,0,0,0,0,0,0,0,0,0,0,0,0,0,0,0,0,0,0,0,0,0,0,0,0,0,0,0,0,0,0,0,0,0.0028024,1.4756,-1,0.82021,0,0,0,0,0,0,0,0,0,0,0,0
0,0,0,0,0,0,0,0,1.6744,0.14118,-0.83367,1,0.11681,0.036485,-0.0017637,1,0,0,1.5409,1.6744,-0.99207,-0.84482,1.4905,1.4114,0.93243,0,0,0,0,0,0,0,0,0,0,0,0,0,0,0,0,0,0,0,0,0,0,0,0,0,0,0,0,0,0,0,0,0,0,0,0,0,0,0.0010566,1.6744,1,0.99207,0,0,0,0,0,0,0,0,0,0,0,1
0,0,0,0,0,0,0,0,2.0102,0.21622,-0.74257,1,0.099137,-0.00022988,7.1194e-05,0,0,0,1.9024,0.50867,0.93642,-0.88824,1.657,0.86,0.6684,0,0,0,0,0,0,0,0,0,0,0,0,0,0,0,0,0,0,0,0,0,0,0,0,0,0,0,0,0,0,0,0,0,0,0,0,0,0,0.00098011,2.0102,1,0.99293,0,0,0,0,0,0,0,0,0,0,0,1
0,0,0,0,0,0,0,0,0.76923,0.63203,-0.37295,-1,-0.27429,0.00023001,-1.7101e-05,2,0,0,0.85187,999,999,999,0.62257,0.74509,0.4434,0.59529,0.15071,5.5394e-07,9999,0,-1,600.59,3.8574,0.22127,0,0,0,0,0,0,0,0,1,999,999,999,0,0,0,0,0,0,0,0,0,0,0,0,0,0,0,0,0,0.00096713,0.76923,-1,0.94251,-0.10538,1,0.00023001,0.15932,0,0,0,0,0,0,0,0
0,0,0,0,0.69317,1.1672,-0.84769,1,0.98889,0.83261,-0.42489,-1,0.67353,-0.083687,-0.0058548,0,0,0,1.2439,0.69317,-0.82298,-0.85757,1.6763,0.91809,0.60627,0,0,0,0,0,0,0,0,0,0,0,0,0,0,0,0,0,0,0,0,0,0,0,0,0,0,0,0,0,0,0,0,0,0,0,0,0,0,0.013501,1.0308,1,0.9104,0,0,0,0,0,0,0,0,0,0,0,0
0,0,0,0,0,0,0,0,0.74777,0.039011,-0.62583,1,-0.98962,0.057626,1.2785e-06,0,0,0,0.9728,999,999,999,0.65757,0.97004,0.13528,0.26305,0.23512,1.2785e-06,9999,1,1,0,7.5195,0.13528,0,0,0,0,0,0,0,0,1,999,999,999,0,0,0,0,0,0,0,0,0,0,0,0,0,0,0,0,0,0.0073234,0.89118,-1,0.89559,0.35835,-1,-0.98962,-0.00016638,0,0,0,0,0,0,0,0
0,0,0,0,0,0,0,0,0.77792,0.33789,-0.33101,1,-0.15166,0.00083606,0.00010309,0,0,0,1.2661,999,999,999,0.78574,0.82157,0.87198,0.80782,0.16073,5.6471e-07,9999,1,-1,581.05,4.1992,0.2249,0,0,0,0,0,0,0,0,1,999,999,999,0,0,0,0,0,0,0,0,0,0,0,0,0,0,0,0,0,0.011522,0.82127,1,0.65696,0.84148,1,0.00083606,0.32917,0,0,0,0,0,0,0,0
0,0,0,0,0,0,0,0,0.27654,0.6456,0.87859,-1,8.8174e-06,-8.0659e-06,-3.8898e-06,0,0,0,0.5794,999,999,999,0.38394,0.3747,0.43945,0.96312,0.15131,6.5991e-07,9999,1,1,673.83,6.7383,0.25208,1,0,-0.25333,-0.78826,1.0557,0.016457,0.14686,0.59053,1,999,999,999,0,0,0,0,0,0,0,0,0,0,0,0,0,0,0,0,0,0,0,0,0,0.99552,-1,-3.8898e-06,-0.81012,0,0,0,0,0,0,0,0
0,0,0,0,0,0,0,0,0.4097,1.2422,-0.87883,-1,-0.99853,0.0068643,0.0049679,4,2,0.49526,0.74306,999,999,999,0.49413,0.59164,0.32336,0.94749,0.2186,0.0049679,9999,1,1,1064.5,3.5156,0.32336,0,0,0,0,0,0,0,0,1,999,999,999,0,0,0,0,0,0,0,0,0,0,0,0,0,0,0,0,0,0,0,0,0,-0.78378,-1,-0.99853,-0.19746,0,0,0,0,0,0,0,1
0,0,0,0,0,0,0,0,1.3005,1.308,-0.51837,1,-0.00051431,0.00042055,-7.2295e-05,0,0,0,1.5855,999,999,999,0.29052,1.7309,0.63795,0.30797,0.23448,0.00051431,9999,1,-1,468.75,0,0.29052,0,0,0,0,0,0,0,0,1,1.3005,0.97145,-0.082317,0,0,0,0,0,10,0.23448,0.00051431,9999,-1,468.75,0,0.29052,1.3005,0.97145,-0.082317,-6,0.0024456,1.3005,1,0.97145,0.83147,1,6.0772e-06,0.00018515,0,0,0,0,0,0,0,0
0,0,0,0,0,0,0,0,0.85577,0.77881,-0.95811,1,0.83077,4.3496e-05,-4.6645e-06,1,0,0,0.59566,999,999,999,0.18764,0.56456,0.33355,0.9905,0.19728,0.83077,9999,0,1,0,25.781,0.18764,0,0,0,0,0,0,0,0,1,999,999,999,0,0,0,0,0,0,0,0,0,0,0,0,0,0,0,0,0,0.025378,0.85577,1,0.73705,0.9928,-1,-4.6645e-06,-0.00022316,0,0,0,0,0,0,0,1
0,0,0,0,0,0,0,0,1.2081,0.2745,-0.73843,1,0.99996,0.0082054,-7.1579e-05,2,0,0,1.3074,1.2081,0.97234,-0.88367,0.28449,1.5998,0.56119,0.56978,0.097931,1.4005e-06,9999,0,1,0,6.0547,0.16219,0,0,0,0,0,0,0,0,1,999,999,999,0,0,0,0,0,10,0.11918,5.1798e-07,9999,-1,537.11,5.3711,0.2081,0.66299,0.88928,-0.84818,-0,0.0039534,1.2081,1,0.97234,-0.95281,1,0.99996,0.54815,0,0,0,0,0,0,0,1
0,0,0,0,0,0,0,0,0.31247,0.69063,0.13071,1,2.8343e-05,0,0,0,0,0,0.30702,999,999,999,0.39028,0,0,0,0,0,0,0,0,0,0,0,0,0,0,0,0,0,0,0,0,0,0,0,0,0,0,0,0,0,0,0,0,0,0,0,0,0,0,0,0,0,0,0,0,0,0,0,0,0,0,0,0,0,0,0,0
0,0,0,0,0,0,0,0,1.0658,0.6182,-0.31329,1,0.028076,-7.8214e-06,-6.4167e-06,2,1,0.49131,1.0863,999,999,999,1.548,0.48978,0.35826,0.93994,0.10082,4.5739e-07,9999,0,1,947.27,5.0781,0.18118,0,0,0,0,0,0,0,0,1,999,999,999,0,0,0,0,0,0,0,0,0,0,0,0,0,0,0,0,0,0.019039,1.0658,1,0.88071,0.95164,1,0.028076,0.77014,0,0,0,0,0,0,0,1
0,0,0,0,0,0,0,0,0.28788,0.68435,0.28999,-1,0.00064574,8.5443e-06,-2.1685e-06,2,1,0.49883,0.32874,999,999,999,0.4044,0.38134,0.23278,0,0,0,0,0,0,0,0,0,0,0,0,0,0,0,0,0,0,0,0,0,0,0,0,0,0,0,0,0,0,0,0,0,0,0,0,0,0,0,0,0,0,0,0,0,0,0,0,0,0,0,0,0,0
0,0,0,0,0,0,0,0,0.55279,1.5559,-0.56216,1,0.00011659,-2.1849e-05,8.9236e-06,0,0,0,0.84361,999,999,999,0.74897,0.46954,0.38494,0.73231,0.14209,5.7032e-07,9999,1,-1,522.46,6.8359,0.22674,0,0,0,0,0,0,0,0,1,0.55279,0.89516,-0.59257,0,0,0,0,0,10,0.14209,5.7032e-07,9999,-1,522.46,6.8359,0.22674,0.55279,0.89516,-0.59257,-5,0.002171,0.55279,1,0.89516,0.13342,1,5.632e-06,0.36255,0,0,0,0,0,0,0,1
0,0,0,0,2.1146,0,-0.90799,-1,0.24606,1.0355,-0.65351,-1,-0.0069926,5.4598e-06,-4.4969e-07,0,0,0,1.1116,999,999,999,1.4005,0.34564,0.17721,0.73348,0.24369,5.4598e-06,9999,1,1,410.16,4.0039,0.34564,0,0,0,0,0,0,0,0,1,2.1146,0.99836,-0.73228,0,0,0,0,0,10,0.24369,5.4598e-06,9999,1,410.16,4.0039,0.34564,2.1146,0.99836,-0.73228,0,0.00023549,2.1146,-1,0.99836,0.19735,1,5.4598e-06,9.417e-05,0,0,0,0,0,0,0,0
1.9767,0,-0.88377,-1,0.60864,0.90045,0.45255,1,0.47448,0.83346,0.030403,-1,-0.88159,0.0021503,-6.0514e-05,0,0,0,2.0683,-1.9767,0.97616,-0.39421,0.24593,0.75952,2.2417,0.99621,0.16448,4.9375e-07,9999,1,1,595.7,4.5898,0.19815,0,0,0,0,0,0,0,0,1,1.9767,0.97616,-0.99131,0,0,0,0,0,10,0.16448,4.9375e-07,9999,1,595.7,4.5898,0.19815,1.9767,0.97616,-0.99131,2,0.0067053,1.9767,-1,0.97616,0.47701,-1,-0.88159,-0.87862,0,0,0,0,0,0,0,0
0,0,0,0,0,0,0,0,0.51938,1.1655,-0.61095,-1,-0.0013243,-0.00031229,3.5423e-06,0,0,0,0.82626,999,999,999,0.64644,0.85977,0.31271,0,0,0,0,0,0,0,0,0,0,0,0,0,0,0,0,0,0,0,0,0,0,0,0,0,0,0,0,0,0,0,0,0,0,0,0,0,0,0.011968,0.51938,-1,0.8084,0,0,0,0,0,0,0,0,0,0,0,1
0,0,0,0,0,0,0,0,0.41767,0.13101,0.28387,1,0.76987,-0.025364,0.00070476,4,0,0,0.65645,999,999,999,0.12627,0.83367,0.52596,0.98439,0.20745,4.1393e-07,9999,1,-1,781.25,8.0078,0.15666,0,0,0,0,0,0,0,0,1,999,999,999,0,0,0,0,0,0,0,0,0,0,0,0,0,0,0,0,0,0,0,0,0,0.67018,1,0.76987,0.60488,0,0,0,0,0,0,0,0
1.1139,0.098983,-0.37753,-1,0,0,0,0,0.79238,0.098983,-0.90414,-1,-0.0023223,0.00030955,-3.801e-05,0,0,0,1.3065,999,999,999,1.3651,0.54148,0.53356,0,0,0,0,0,0,0,0,0,0,0,0,0,0,0,0,0,0,0,0,0,0,0,0,0,0,0,0,0,0,0,0,0,0,0,0,0,0,0.021227,1.1139,-1,0.96445,0,0,0,0,0,0,0,0,0,0,0,0
0.61949,0.74926,-0.32788,1,0,0,0,0,0.25436,0.97055,-0.91384,1,0.99999,0.0021823,-7.1442e-06,1,0,0,0.78557,999,999,999,0.23415,0.74181,0.36679,0.80466,0.053229,1.2132e-06,9999,0,-1,0,12.5,0.10287,0,0,0,0,0,0,0,0,1,999,999,999,0,0,0,0,0,0,0,0,0,0,0,0,0,0,0,0,0,0.025654,0.61949,1,0.97609,0.59517,1,0.99999,0.76404,0.61949,0.74926,-0.32788,1,1,0.025654,0.97609,0
0,0,0,0,0,0,0,0,0.25699,0.58849,-0.96835,-1,0.15998,-5.3259e-07,4.8833e-07,3,0,0,0.22301,999,999,999,2.497,0.21366,0.19579,0.37907,0.064635,3.364e-07,9999,0,1,1660.2,6.6406,0.093833,0,0,0,0,0,0,0,0,1,999,999,999,0,0,0,0,0,0,0,0,0,0,0,0,0,0,0,0,0,0,0,0,0,0,0,0,0,0,0,0,0,0,0,0,1
0,0,0,0,0,0,0,0,1.1998,1.3204,-0.329,1,0.71405,-0.00049442,-0.0003946,0,1,0.49327,1.2064,0.77257,-0.95278,-0.90613,1.92,0.35969,0.33559,0.3375,0.21394,6.642e-07,9999,1,-1,605.47,4.4922,0.25314,0,0,0,0,0,0,0,0,1,0.77257,0.95278,-0.20492,0,0,0,0,0,10,0.21394,6.642e-07,9999,-1,605.47,4.4922,0.25314,0.77257,0.95278,-0.20492,-0,0.0006762,1.1998,1,0.98414,0.49561,1,0.71405,0.00082668,0,0,0,0,0,0,0,1
0,0,0,0,0,0,0,0,1.046,0.99228,-0.70049,-1,-0.021279,0.0017663,-0.00032521,2,0,0,1.4365,-0.64096,-0.94075,-0.96326,1.2644,0.4778,0.79342,0.91395,0.15257,5.422e-07,9999,1,-1,502.93,5.6152,0.21716,0,0,0,0,0,0,0,0,1,0.87199,0.68718,-0.82237,0,0,0,0,0,10,0.15257,5.422e-07,9999,-1,502.93,5.6152,0.21716,0.87199,0.68718,-0.82237,-0,0.001435,1.046,-1,0.95898,0.5497,1,2.0298e-06,0.66071,0,0,0,0,0,0,0,1
0,0,0,0,0,0,0,0,1.3,0.068553,0.6439,-1,0.95587,-0.036302,-4.611e-07,0,0,0,1.3956,999,999,999,1.0917,1.3297,0.18304,0.9602,0.14147,4.611e-07,9999,1,-1,849.61,4.6387,0.18304,0,0,0,0,0,0,0,0,1,999,999,999,0,0,0,0,0,10,0.21814,4.1053e-07,9999,1,673.83,5.4199,0.15449,1.3,0.99893,-0.47311,0,0.0026285,1.3,-1,0.99893,0.76816,1,0.95587,0.81852,0,0,0,0,0,0,0,0
0,0,0,0,0,0,0,0,0.5865,0.87473,-0.773,1,0.99906,-0.9791,5.2648e-05,1,0,0,0.81325,999,999,999,0.46346,0.78736,0.60239,0,0,0,0,0,0,0,0,0,0,0,0,0,0,0,0,0,0,0,0,0,0,0,0,0,0,0,0,0,0,0,0,0,0,0,0,0,0,0.0073397,0.52409,-1,0.58204,0,0,0,0,0,0,0,0,0,0,0,0
0,0,0,0,0,0,0,0,0.96101,0.88151,-0.71025,-1,-0.95642,-0.018774,6.6988e-05,0,0,0,1.1975,-0.96101,0.96588,-0.94999,0.52266,1.2783,0.60054,0,0,0,0,0,0,0,0,0,0,0,0,0,0,0,0,0,0,0,0,0,0,0,0,0,0,0,0,0,0,0,0,0,0,0,0,0,0,0.0018979,0.96101,-1,0.96588,0,0,0,0,0,0,0,0,0,0,0,0
0,0,0,0,0,0,0,0,0.77312,0.91571,0.12492,-1,0.096902,-0.0053278,-0.0024926,1,0,0,1.0361,999,999,999,0.73155,0.91939,0.73485,0.44583,0.10053,1.623e-06,9999,0,-1,0,5.4199,0.19154,0,0,0,0,0,0,0,0,1,0.56893,0.75735,-0.23388,0,0,0,0,0,10,0.10053,1.623e-06,9999,-1,0,5.4199,0.19154,0.56893,0.75735,-0.23388,-5,0.0021747,0.77312,-1,0.94596,-0.23388,1,0.096902,0.46755,0,0,0,0,0,0,0,0
0,0,0,0,0,0,0,0,1.3684,0.87192,-0.12535,1,0.99986,0.562,-0.00031219,0,0,0,1.4113,1.3684,0.97894,-0.96591,0.35787,2.1693,0.48132,0.45186,0.17058,6.0277e-07,9999,1,1,571.29,4.3457,0.23672,0,0,0,0,0,0,0,0,1,1.0056,0.93354,-0.15557,0,0,0,0,0,10,0.17058,6.0277e-07,9999,1,571.29,4.3457,0.23672,1.0056,0.93354,-0.15557,0,0.0035861,1.3684,1,0.97894,0.75548,-1,-1.2679e-06,-0.036362,0,0,0,0,0,0,0,1
1.5017,0,-0.71117,1,0,0,0,0,0.77851,0.99282,-0.93692,1,8.4894e-05,5.7273e-05,-1.4243e-06,1,0,0,1.6772,999,999,999,0.95088,1.6217,0.16612,0.11191,0.092893,1.4243e-06,9999,0,-1,0,4.834,0.16612,0,0,0,0,0,0,0,0,1,1.5017,0.95382,-0.13388,0,0,0,0,0,10,0.092893,1.4243e-06,9999,-1,0,4.834,0.16612,1.5017,0.95382,-0.13388,-2,0.020858,1.5017,1,0.95382,0.71996,1,8.4894e-05,0.46222,0,0,0,0,0,0,0,1
0,0,0,0,0,0,0,0,2.2124,0.47528,-0.81007,-1,-0.89031,-0.86041,0.066886,1,0,0,2.124,-2.2124,-0.99179,-0.5088,0.60569,1.8173,1.522,0.96842,0.19699,8.9443e-07,9999,0,1,454.1,4.1016,0.29666,0,0,0,0,0,0,0,0,1,2.2124,0.99179,-0.98911,0,0,0,0,0,10,0.18714,4.4525e-07,9999,-1,634.77,6.4453,0.17485,1.0223,0.93287,-0.029937,-0,0.0022582,2.2124,-1,0.99179,0.4017,-1,-0.89031,-0.60548,0,0,0,0,0,0,0,0
0,0,0,0,0,0,0,0,0.37484,1.338,-0.94526,-1,-0.3478,-2.2694e-05,1.3692e-05,1,0,0,0.72286,999,999,999,0.85213,0.47379,0.42242,0.90156,0.2065,5.1784e-07,9999,1,1,683.59,3.6133,0.20805,0,0,0,0,0,0,0,0,1,999,999,999,0,0,0,0,0,0,0,0,0,0,0,0,0,0,0,0,0,0.012257,0.53793,-1,0.67302,0.36725,-1,-0.3478,-0.15732,0,0,0,0,0,0,0,1
0,0,0,0,0,0,0,0,0.34906,0.45552,-0.94499,1,7.1575e-05,-5.5638e-05,1.1493e-05,0,0,0,0.78277,999,999,999,0.6246,0.61517,0.4066,0,0,0,0,0,0,0,0,0,0,0,0,0,0,0,0,0,0,0,0,0,0,0,0,0,0,0,0,0,0,0,0,0,0,0,0,0,0,0.028361,0.53525,1,0.82648,0,0,0,0,0,0,0,0,0,0,0,0
0,0,0,0,0,0,0,0,1.0638,1.329,-0.7364,-1,-0.0021534,0.00095341,-0.00012113,2,0,0,1.5409,999,999,999,1.0168,1.405,1.5813,0,0,0,0,0,0,0,0,0,0,0,0,0,0,0,0,0,0,0,0,0,0,0,0,0,0,0,0,0,0,0,0,0,0,0,0,0,0,0.011449,1.0638,-1,0.69634,0,0,0,0,0,0,0,0,0,0,0,0
0,0,0,0,0,0,0,0,0.71716,0.62058,-0.97832,-1,-0.00041766,2.8923e-05,-7.0346e-07,0,0,0,0.81457,999,999,999,0.66733,0.50303,0.26227,0,0,0,0,0,0,0,0,0,0,0,0,0,0,0,0,0,0,0,0,0,0,0,0,0,0,0,0,0,0,0,0,0,0,0,0,0,0,0.018428,0.71716,-1,0.99022,0,0,0,0,0,0,0,0,0,0,0,0
0,0,0,0,0,0,0,0,1.2981,0.21592,-0.41226,-1,-0.026026,0.003741,8.2714e-05,0,0,0,1.6712,999,999,999,1.4571,0.71279,0.72655,0,0,0,0,0,0,0,0,0,0,0,0,0,0,0,0,0,0,0,0,0,0,0,0,0,0,0,0,0,0,0,0,0,0,0,0,0,0,0.0062053,1.2981,-1,0.96552,0,0,0,0,0,0,0,0,0,0,0,0
0,0,0,0,0,0,0,0,0.26892,0.20478,-0.22871,1,0.0089155,7.3959e-06,5.0168e-06,1,0,0,0.46348,999,999,999,0.6552,0.36957,0.33912,0.74366,0.20414,7.5763e-07,9999,1,1,478.52,3.418,0.2735,0,0,0,0,0,0,0,0,1,999,999,999,0,0,0,0,0,0,0,0,0,0,0,0,0,0,0,0,0,0,0,0,0,0,0,0,0,0,0,0,0,0,0,0,0
1.1592,0.17617,0.93723,-1,0,0,0,0,0.68203,1.5279,-0.85669,1,-0.93373,-0.0073278,0.0020722,0,0,0,1.5993,-1.1592,0.99465,-0.73873,0.97554,1.3598,0.98101,0.93335,0.1075,1.5284e-06,9999,1,1,0,4.541,0.18073,0,0,0,0,0,0,0,0,1,0.71226,0.69163,-0.6446,0,0,0,0,0,10,0.1075,1.5284e-06,9999,1,0,4.541,0.18073,0.71226,0.69163,-0.6446,0,0.023559,1.1592,-1,0.99465,-0.6446,-1,-0.93373,-0.79819,0,0,0,0,0,0,0,0
0,0,0,0,0,0,0,0,0.59412,1.392,-0.17566,-1,0.0016514,-0.00041255,-5.4923e-05,1,0,0,0.77545,999,999,999,0.47162,0.82769,0.61225,0.31141,0.21462,1.2964e-06,9999,1,1,517.58,3.7109,0.34098,0,0,0,0,0,0,0,0,1,0.52229,0.33332,-0.74749,0,0,0,0,0,10,0.21462,1.2964e-06,9999,1,517.58,3.7109,0.34098,0.52229,0.33332,-0.74749,6,0.017314,0.52229,-1,0.33332,0.46537,-1,-0.00041255,-0.00071967,0,0,0,0,0,0,0,0
0,0,0,0,1.1747,0.16365,-0.80118,1,0.36951,0.50373,0.32912,-1,0.0015424,-4.3442e-06,0,0,0,0,0.97488,999,999,999,1.7325,0.32813,0,0,0,0,0,0,0,0,0,0,0,0,0,0,0,0,0,0,0,0,0,0,0,0,0,0,0,0,0,0,0,0,0,0,0,0,0,0,0,0.0099948,1.1747,1,0.99674,0,0,0,0,0,0,0,0,0,0,0,1
0.54204,0.99539,-0.17803,1,0,0,0,0,0.45116,0.52313,0.93664,-1,-0.00064151,1.668e-05,0,0,0,0,0.5342,999,999,999,0.71023,0.44131,0,0,0,0,0,0,0,0,0,0,0,0,0,0,0,0,0,0,0,0,0,0,0,0,0,0,0,0,0,0,0,0,0,0,0,0,0,0,0,0.021938,0.54204,1,0.3112,0,0,0,0,0.54204,0.99539,-0.17803,1,1,0.021938,0.3112,1
0,0,0,0,0,0,0,0,0.61023,0.77787,0.31819,-1,-0.88319,0.0018714,0.00034906,3,2,0.49778,1.2218,-0.61023,-0.58597,-0.11851,0.57442,0.48313,0.81595,0,0,0,0,0,0,0,0,0,0,0,0,0,0,0,0,0,0,0,0,0,0,0,0,0,0,0,0,0,0,0,0,0,0,0,0,0,0,0.0026862,0.82417,1,0.94553,0,0,0,0,0,0,0,0,0,0,0,0
0.92421,1.0685,0.82912,-1,0,0,0,0,1.6065,1.0197,-0.6946,1,0.79125,0.12499,-0.042605,2,0,0,2.0726,0.93193,0.93021,-0.87948,1.8016,0.89699,1.2184,0.98306,0.12495,4.1596e-07,9999,1,-1,908.2,6.7383,0.15793,0,0,0,0,0,0,0,0,1,0.93193,0.93021,-0.91617,0,0,0,0,0,10,0.12495,4.1596e-07,9999,-1,908.2,6.7383,0.15793,0.93193,0.93021,-0.91617,-2,0.0028877,1.6065,1,0.96459,0.90052,1,0.79125,0.87863,0.92421,1.0685,0.82912,-1,1,0.14345,0.95531,1
0,0,0,0,0,0,0,0,1.2572,0.82777,0.82925,-1,0.97532,-0.84883,-0.00022287,0,0,0,1.4219,999,999,999,0.97862,1.6373,0.9341,0,0,0,0,0,0,0,0,0,0,0,0,0,0,0,0,0,0,0,0,0,0,0,0,0,0,0,0,0,0,0,0,0,0,0,0,0,0,0.0016847,1.2572,-1,0.98808,0,0,0,0,0,0,0,0,0,0,0,0
0,0,0,0,0,0,0,0,0.94033,0.80078,0.66657,-1,-0.99984,0.98978,-0.95165,1,0,0,1.5988,-0.94033,0.99795,-0.47624,0.3166,0.70725,1.2836,0,0,0,0,0,0,0,0,0,0,0,0,0,0,0,0,0,0,0,0,0,0,0,0,0,0,0,0,0,0,0,0,0,0,0,0,0,0,0.011476,0.99164,-1,0.89117,0,0,0,0,0,0,0,0,0,0,0,0
0,0,0,0,0,0,0,0,1.1976,0.98572,-0.26837,-1,-0.87979,-0.014585,1.9935e-05,0,0,0,1.4746,-1.1976,0.91153,-0.80607,0.7786,1.2136,0.4596,0,0,0,0,0,0,0,0,0,0,0,0,0,0,0,0,0,0,0,0,0,0,0,0,0,0,0,0,0,0,0,0,0,0,0,0,0,0,0.013785,1.1976,-1,0.91153,0,0,0,0,0,0,0,0,0,0,0,0
1.6919,0.051823,-0.79844,-1,0,0,0,0,0.3953,0.92981,-0.21641,1,0.0053412,-5.4736e-05,3.0906e-05,2,0,0,1.5414,999,999,999,0.40795,2.3886,0.51179,0,0,0,0,0,0,0,0,0,0,0,0,0,0,0,0,0,0,0,0,0,0,0,0,0,0,0,0,0,0,0,0,0,0,0,0,0,0,0.021176,1.6919,-1,0.94842,0,0,0,0,0,0,0,0,0,0,0,0
0,0,0,0,0,0,0,0,0.70179,0.093075,0.7155,1,0.89701,-0.67604,0.00053008,1,0,0,1.1697,999,999,999,0.64424,1.0607,0.57332,0.83282,0.15284,4.0633e-07,9999,1,1,839.84,6.9336,0.15176,0,0,0,0,0,0,0,0,1,999,999,999,0,0,0,0,0,0,0,0,0,0,0,0,0,0,0,0,0,0.0087575,0.905,-1,0.92741,0.91367,-1,-0.67604,-0.44862,0,0,0,0,0,0,0,1
0,0,0,0,0,0,0,0,0.99176,0.96416,-0.92109,-1,0.00059378,0.00028673,-0.00010153,1,0,0,0.8867,0.59566,-0.55941,-0.12269,0.84281,0.47063,0.72344,0.93924,0.1344,5.4045e-07,9999,1,1,605.47,4.6387,0.21653,0,0,0,0,0,0,0,0,1,0.99176,0.94499,-0.92655,0,0,0,0,0,10,0.1344,5.4045e-07,9999,1,605.47,4.6387,0.21653,0.99176,0.94499,-0.92655,2,0.011347,0.99176,-1,0.94499,-0.79676,-1,-1.573e-05,-0.77967,0,0,0,0,0,0,0,0
0,0,0,0,0,0,0,0,1.0062,0.042604,-0.40394,-1,0.10162,0.056871,-0.00014307,1,1,0.49854,1.1166,999,999,999,1.3805,1.3502,0.8173,0,0,0,0,0,0,0,0,0,0,0,0,0,0,0,0,0,0,0,0,0,0,0,0,0,0,0,0,0,0,0,0,0,0,0,0,0,0,0.01274,1.0062,-1,0.71417,0,0,0,0,0,0,0,0,0,0,0,1
0,0,0,0,1.1597,0.085704,-0.40396,-1,0.3877,0.5154,-0.23636,-1,-0.017849,0.00023528,5.2498e-06,0,0,0,1.0173,999,999,999,0.85677,0.90717,0.34261,0.66222,0.24741,5.2498e-06,9999,1,1,434.57,4.2969,0.34261,0,0,0,0,0,0,0,0,1,1.1597,0.8451,-0.56947,0,0,0,0,0,10,0.24741,5.2498e-06,9999,1,434.57,4.2969,0.34261,1.1597,0.8451,-0.56947,0,0.0083753,1.1597,-1,0.8451,-0.091283,-1,-4.0965e-06,-0.00019205,0,0,0,0,0,0,0,0
0,0,0,0,0,0,0,0,1.6718,0.34997,-0.77174,1,0.98375,0.038632,-0.00044348,0,0,0,1.3108,1.6718,-0.91152,-0.32606,0.48842,1.1765,0.6404,0.80617,0.12851,4.106e-07,9999,1,-1,869.14,6.543,0.15454,0,0,0,0,0,0,0,0,1,1.6718,0.91152,-0.49204,0,0,0,0,0,10,0.12851,4.106e-07,9999,-1,869.14,6.543,0.15454,1.6718,0.91152,-0.49204,-5,0.0043073,1.6718,1,0.91152,0.6913,1,0.98375,0.56321,0,0,0,0,0,0,0,1
0.4679,0.96185,-0.60354,-1,0,0,0,0,0.18156,1.3115,-0.51533,-1,-0.031301,-0.012961,-4.1205e-07,2,1,0.4984,0.4172,999,999,999,0.6925,0.53581,0.15546,0.9482,0.086278,3.7136e-07,9999,1,1,957.03,8.3984,0.12617,0,0,0,0,0,0,0,0,1,999,999,999,0,0,0,0,0,0,0,0,0,0,0,0,0,0,0,0,0,0,0,0,0,0.77276,-1,-0.012961,-0.82674,0.4679,0.96185,-0.60354,-1,1,0.0017775,0.66919,1
0,0,0,0,0,0,0,0,0.79028,0.37714,0.98732,1,0.99867,-0.99,0.25369,1,0,0,1.1378,0.79028,0.96625,-0.91642,0.48701,0.66766,1.2388,0,0,0,0,0,0,0,0,0,0,0,0,0,0,0,0,0,0,0,0,0,0,0,0,0,0,0,0,0,0,0,0,0,0,0,0,0,0,0.0068268,0.79028,1,0.96625,0,0,0,0,0,0,0,0,0,0,0,0
0,0,0,0,0.78861,1.0427,0.55481,-1,1.1655,1.6125,-0.58335,-1,-0.037652,-0.00014943,1.0223e-05,3,1,0.49077,1.4331,-0.78861,0.33254,-0.23568,1.2956,0.98413,0.39643,0.90034,0.11246,3.4653e-07,9999,0,1,2031.2,13.086,0.10408,0,1,0,0,0,0,0,0,1,0.78861,0.33254,-0.59527,0,0,0,0,0,10,0.097405,1.3702e-06,9999,1,0,6.1035,0.15674,1.1655,0.98957,-0.7985,4,0.017879,1.1655,-1,0.98957,0.82832,-1,-0.037652,-0.74309,0,0,0,0,0,0,0,1
0,0,0,0,0,0,0,0,1.3009,0.9805,0.41723,1,0.74417,-0.0018789,8.0555e-05,0,0,0,1.2232,0.86494,-0.90155,-0.88992,2.0805,0.77141,0.70592,0,0,0,0,0,0,0,0,0,0,0,0,0,0,0,0,0,0,0,0,0,0,0,0,0,0,0,0,0,0,0,0,0,0,0,0,0,0,0.014755,1.3009,1,0.98346,0,0,0,0,0,0,0,0,0,0,0,1
0,0,0,0,0,0,0,0,2.1279,0.064393,-0.8745,1,0.092994,0.017431,-4.9534e-05,2,1,0.50206,2.1646,999,999,999,2.5764,1.4985,0.57471,0.82298,0.15146,4.0301e-07,9999,1,1,810.55,12.891,0.14956,0,0,0,0,0,0,0,0,1,999,999,999,0,0,0,0,0,10,0.19858,6.0489e-07,9999,-1,537.11,3.8574,0.23734,2.1279,0.97576,-0.91697,-0,0.0019654,2.1279,1,0.97576,0.98628,1,0.017431,0.058374,0,0,0,0,0,0,0,1
0,0,0,0,0,0,0,0,1.1114,1.2911,-0.3364,1,0.017405,-0.00014955,-9.8351e-05,0,0,0,1.2662,999,999,999,1.2996,0.66545,0.64403,0,0,0,0,0,0,0,0,0,0,0,0,0,0,0,0,0,0,0,0,0,0,0,0,0,0,0,0,0,0,0,0,0,0,0,0,0,0,0.0028143,1.1114,1,0.95288,0,0,0,0,0,0,0,0,0,0,0,0
0,0,0,0,0,0,0,0,0.9838,0.26805,-0.46516,1,-0.99989,0.084828,1.9249e-05,1,1,0.49578,0.88066,999,999,999,0.32279,1.5067,0.4559,0.24653,0.18297,6.3554e-07,9999,1,-1,532.23,3.5156,0.24584,0,1,0,0,0,0,0,0,1,999,999,999,0,0,0,0,0,10,0.20463,0.99989,9999,-1,1367.2,14.258,0.32279,0.9838,0.93157,-0.47861,-3,0.0098358,0.9838,1,0.93157,-0.84187,-1,-0.99989,-0.00025859,0,0,0,0,0,0,0,1
0.95484,0.35416,-0.1322,-1,0,0,0,0,0.66167,0.30649,-0.63168,1,0.031937,-0.030823,0.00020761,2,0,0,1.3153,999,999,999,0.91579,1.2599,0.8468,0.66183,0.23782,2.2944e-06,9999,1,-1,473.63,2.9053,0.28006,0,0,0,0,0,0,0,0,1,0.66167,0.48362,-0.95745,0,0,0,0,0,10,0.23782,2.2944e-06,9999,-1,473.63,2.9053,0.28006,0.66167,0.48362,-0.95745,-0,0.006695,0.95484,-1,0.91093,-0.54234,1,0.031937,0.00042624,0.95484,0.35416,-0.1322,-1,1,0.006695,0.91093,0
0,0,0,0,1.0049,0.10721,-0.34651,1,0.70501,0.51878,-0.42627,-1,-0.95706,0.069724,5.131e-05,1,1,0.50117,0.94424,999,999,999,0.40241,1.3938,0.59231,0,0,0,0,0,0,0,0,0,0,0,0,0,0,0,0,0,0,0,0,0,0,0,0,0,0,0,0,0,0,0,0,0,0,0,0,0,0,0.0050133,1.0049,1,0.94494,0,0,0,0,0,0,0,0,0,0,0,1
0,0,0,0,0,0,0,0,0.41672,0.71612,-0.8818,1,6.9958e-05,-6.0574e-06,0,0,0,0,0.40284,999,999,999,0.64099,0.35373,0,0,0,0,0,0,0,0,0,0,0,0,0,0,0,0,0,0,0,0,0,0,0,0,0,0,0,0,0,0,0,0,0,0,0,0,0,0,0,0,0,0,0,0,0,0,0,0,0,0,0,0,0,0,0
0,0,0,0,0,0,0,0,0.14113,1.8382,-0.83039,-1,-0.90138,0.097947,3.4245e-05,1,0,0,1.0745,999,999,999,0.27711,0.99879,0.52612,0.89373,0.14113,3.8991e-07,9999,1,-1,1093.8,6.7383,0.14042,0,0,0,0,0,0,0,0,1,999,999,999,0,0,0,0,0,10,0.21859,7.6361e-06,9999,-1,0,3.7109,0.34727,0.75074,0.37488,-0.15978,-6,0.00083805,0.765,1,0.92445,0.68631,1,0.097947,0.65633,0,0,0,0,0,0,0,1
0,0,0,0,0,0,0,0,0.94021,0.8606,-0.50644,-1,-0.92497,-0.00021801,6.9226e-05,0,0,0,1.4027,-0.78203,0.63373,-0.73265,0.97585,0.94781,0.66713,0,0,0,0,0,0,0,0,0,0,0,0,0,0,0,0,0,0,0,0,0,0,0,0,0,0,0,0,0,0,0,0,0,0,0,0,0,0,0.0021229,0.94021,-1,0.99043,0,0,0,0,0,0,0,0,0,0,0,0
0,0,0,0,0,0,0,0,0.79448,0.075667,0.35644,1,0.9343,-5.9506e-05,5.1476e-05,0,0,0,0.87258,0.79448,-0.8101,-0.8678,0.48507,0.63154,0.59543,0.90141,0.099185,3.814e-07,9999,1,-1,1044.9,7.2266,0.1341,0,0,0,0,0,0,0,0,1,0.79448,0.8101,-0.49045,0,0,0,0,0,10,0.099185,3.814e-07,9999,-1,1044.9,7.2266,0.1341,0.79448,0.8101,-0.49045,-2,0.0073423,0.79448,1,0.8101,0.24768,1,0.9343,0.76145,0,0,0,0,0,0,0,1
0,0,0,0,0,0,0,0,1.0804,0.86806,-0.80856,-1,0.93115,-0.001578,-9.5544e-05,2,0,0,1.1458,999,999,999,0.75793,1.0066,0.305,0,0,0,0,0,0,0,0,0,0,0,0,0,0,0,0,0,0,0,0,0,0,0,0,0,0,0,0,0,0,0,0,0,0,0,0,0,0,0.017236,1.0804,-1,0.91689,0,0,0,0,0,0,0,0,0,0,0,1
1.9552,0.41111,-0.95243,-1,0,0,0,0,0.59824,0.58455,0.7465,1,0.00010158,5.6348e-05,-5.331e-05,0,1,0.49646,1.9975,999,999,999,0.91613,0.61521,2.0005,0,0,0,0,0,0,0,0,0,0,0,0,0,0,0,0,0,0,0,0,0,0,0,0,0,0,0,0,0,0,0,0,0,0,0,0,0,0,0.0016935,1.9552,-1,0.99146,0,0,0,0,0,0,0,0,0,0,0,0
0,0,0,0,0,0,0,0,1.2342,0.81705,0.15214,-1,-0.061401,0.0085599,-0.004303,3,1,0.49584,1.6605,-0.50592,-0.24683,-0.21469,1.2186,1.0442,0.80365,0.91728,0.21987,4.8269e-07,9999,1,1,610.35,5.3223,0.19327,0,0,0,0,0,0,0,0,1,1.2342,0.78337,-0.5328,0,0,0,0,0,10,0.21987,4.8269e-07,9999,1,610.35,5.3223,0.19327,1.2342,0.78337,-0.5328,6,0.013278,1.2342,-1,0.78337,-0.038737,-1,-0.004303,-0.098681,0,0,0,0,0,0,0,1
0,0,0,0,0,0,0,0,0.95196,0.50906,0.98376,-1,0.0047646,-0.0041685,-7.2368e-05,0,0,0,1.4918,999,999,999,0.99269,1.2701,0.63995,0,0,0,0,0,0,0,0,0,0,0,0,0,0,0,0,0,0,0,0,0,0,0,0,0,0,0,0,0,0,0,0,0,0,0,0,0,0,0.026495,1.0287,1,0.9709,0,0,0,0,0,0,0,0,0,0,0,1
0,0,0,0,0,0,0,0,0.65758,0.69229,-0.58497,1,-0.42165,0.0078418,0.0010338,0,0,0,0.99972,999,999,999,1.016,1.0762,0.73983,0,0,0,0,0,0,0,0,0,0,0,0,0,0,0,0,0,0,0,0,0,0,0,0,0,0,0,0,0,0,0,0,0,0,0,0,0,0,0.012361,0.71541,1,0.76391,0,0,0,0,0,0,0,0,0,0,0,0
0,0,0,0,0,0,0,0,0.72376,0.30632,-0.24506,1,0.00050188,0.00038506,-5.8341e-06,0,0,0,0.73427,999,999,999,0.5952,0.5725,0.35079,0,0,0,0,0,0,0,0,0,0,0,0,0,0,0,0,0,0,0,0,0,0,0,0,0,0,0,0,0,0,0,0,0,0,0,0,0,0,0.036641,0.93673,1,0.87059,0,0,0,0,0,0,0,0,0,0,0,0
0,0,0,0,0,0,0,0,0.65023,0.085862,-0.79656,-1,-0.99789,1.0457e-05,5.4576e-07,0,0,0,0.62967,999,999,999,0.52133,0.39837,0.21843,0.83421,0.24086,5.4576e-07,9999,1,1,571.29,4.9805,0.21843,0,0,0,0,0,0,0,0,1,999,999,999,0,0,0,0,0,0,0,0,0,0,0,0,0,0,0,0,0,0.01287,0.65023,-1,0.87485,0.98328,-1,-0.99789,-0.0028599,0,0,0,0,0,0,0,0
0,0,0,0,0,0,0,0,1.006,0.95634,0.15211,-1,0.055791,0.0006857,-0.00011553,1,0,0,1.1217,999,999,999,1.352,0.61172,0.74276,0.61615,0.24815,1.3634e-06,9999,1,-1,517.58,3.6133,0.24001,0,0,0,0,0,0,0,0,1,0.87357,0.87116,-0.90449,0,0,0,0,0,10,0.24815,1.3634e-06,9999,-1,517.58,3.6133,0.24001,0.87357,0.87116,-0.90449,-6,0.020013,1.006,-1,0.94891,-0.73976,1,0.0006857,0.00013929,0,0,0,0,0,0,0,1
0,0,0,0,0,0,0,0,0.44512,1.2923,0.37503,-1,-0.59596,5.3381e-06,0,0,0,0,0.42291,999,999,999,0.80906,0.3439,0,0,0,0,0,0,0,0,0,0,0,0,0,0,0,0,0,0,0,0,0,0,0,0,0,0,0,0,0,0,0,0,0,0,0,0,0,0,0,0,0,0,0,0,0,0,0,0,0,0,0,0,0,0,0
0,0,0,0,0,0,0,0,0.61577,0.16298,0.40544,1,-0.99676,-0.00037932,-0.00022917,2,1,0.49742,0.76099,999,999,999,0.52418,0.65695,0.80373,0,0,0,0,0,0,0,0,0,0,0,0,0,0,0,0,0,0,0,0,0,0,0,0,0,0,0,0,0,0,0,0,0,0,0,0,0,0,0.021965,0.54654,1,0.55867,0,0,0,0,0,0,0,0,0,0,0,0
0,0,0,0,0.7342,1.1498,0.9011,-1,0.84039,0.91693,-0.11209,1,0.90844,-0.00021963,0.00020584,3,1,0.49653,1.391,0.59776,0.97102,-0.55881,0.7777,0.76943,0.70324,0.96299,0.10585,3.8629e-07,9999,1,-1,820.31,7.4219,0.13777,0,0,0,0,0,0,0,0,1,0.59776,0.97102,-0.99194,0,0,0,0,0,10,0.14711,6.6269e-07,9999,-1,483.4,4.4922,0.25277,0.84039,0.6744,-0.74428,-4,0.014196,0.84039,1,0.6744,0.47535,1,0.90844,0.84685,0,0,0,0,0,0,0,1
0,0,0,0,0,0,0,0,0.81692,1.0841,-0.82664,1,-0.99922,0.00016178,-4.0884e-06,1,0,0,0.90671,999,999,999,0.36027,0.84831,0.32353,0.91868,0.099436,1.2331e-06,9999,0,1,0,28.906,0.067849,0,0,0,0,0,0,0,0,1,999,999,999,0,0,0,0,0,0,0,0,0,0,0,0,0,0,0,0,0,0.002968,0.81692,1,0.96483,0.9205,-1,-0.99922,-0.7827,0,0,0,0,0,0,0,0
0,0,0,0,0,0,0,0,1.9332,0.39601,-0.62357,1,0.14129,3.5613e-05,-6.2872e-07,0,0,0,2.019,0.55372,-0.79798,-0.80668,2.2921,0.52722,0.24401,0.99849,0.20386,5.8459e-07,9999,1,-1,595.7,4.5898,0.23125,0,0,0,0,0,0,0,0,1,1.9332,0.99945,-0.99619,0,0,0,0,0,10,0.20386,5.8459e-07,9999,-1,595.7,4.5898,0.23125,1.9332,0.99945,-0.99619,-2,0.0022759,1.9332,1,0.99945,-0.99619,1,0.14129,0.73508,0,0,0,0,0,0,0,1
0.61819,0,-0.55936,1,0,0,0,0,0.87806,0,-0.92265,1,-0.89683,-0.31205,0.21488,1,0,0,0.99376,999,999,999,0.36698,1.3902,0.76423,0,0,0,0,0,0,0,0,0,0,0,0,0,0,0,0,0,0,0,0,0,0,0,0,0,0,0,0,0,0,0,0,0,0,0,0,0,0,0.019361,0.87806,1,0.92264,0,0,0,0,0.61819,0,-0.55936,1,1,0.0070685,0.55937,0
0,0,0,0,0.88985,0.38982,-0.69439,1,0.73351,0.23108,0.42847,1,0.022945,0.00063085,-0.00028342,2,1,0.49317,1.3794,0.88985,-0.64816,-0.87107,0.9748,0.80494,0.46895,0.074196,0.075625,1.2859e-06,9999,1,1,0,2.7588,0.048872,0,0,0,0,0,0,0,0,1,999,999,999,0,0,0,0,0,0,0,0,0,0,0,0,0,0,0,0,0,0.0035821,0.88985,1,0.64816,0.51655,-1,-0.00027442,-0.57418,0,0,0,0,0,0,0,1
0,0,0,0,0,0,0,0,0.34532,1.3496,-0.86178,-1,0.067425,-0.00047693,-0.00012851,5,1,0.49874,0.82348,999,999,999,0.6984,0.26989,0.80348,0,0,0,0,0,0,0,0,0,0,0,0,0,0,0,0,0,0,0,0,0,0,0,0,0,0,0,0,0,0,0,0,0,0,0,0,0,0,0.040534,0.65582,-1,0.96005,0,0,0,0,0,0,0,0,0,0,0,0
0.32332,0.70538,0.9073,1,0,0,0,0,0.62701,0.38635,0.17428,-1,-0.99618,0.0013349,-0.00017715,0,0,0,1.3223,-0.62701,0.60565,-0.76397,0.57419,1.0104,0.97454,0,0,0,0,0,0,0,0,0,0,0,0,0,0,0,0,0,0,0,0,0,0,0,0,0,0,0,0,0,0,0,0,0,0,0,0,0,0,0.02215,1.0783,1,0.47642,0,0,0,0,0.32332,0.70538,0.9073,1,1,0.057461,0.65955,0
0,0,0,0,0,0,0,0,0.46702,0.29502,0.81517,1,0.74822,-0.00027832,3.6941e-05,1,0,0,0.90653,999,999,999,0.097917,0.9022,0.53743,0.96444,0.17313,6.9879e-07,9999,1,1,532.23,4.834,0.26123,0,0,0,0,0,0,0,0,1,999,999,999,0,0,0,0,0,10,0.24934,0.74822,9999,1,0,68.75,0.097917,0.72867,0.92593,-0.41688,0,0.016186,0.72867,-1,0.92593,0.95577,-1,-0.00027832,-0.74879,0,0,0,0,0,0,0,0
0,0,0,0,0,0,0,0,0.41907,0.52523,0.94338,1,-0.99291,0.00019154,6.7131e-05,1,0,0,0.67883,999,999,999,0.63135,0.21792,0.5901,0.60212,0.12266,3.3487e-07,9999,1,1,2500,16.797,0.092213,0,0,0,0,0,0,0,0,1,999,999,999,0,0,0,0,0,0,0,0,0,0,0,0,0,0,0,0,0,0,0,0,0,0.52468,-1,-0.99291,-0.38673,0,0,0,0,0,0,0,0
0,0,0,0,0,0,0,0,1.1595,0.30195,0.26141,1,-0.95835,0.14658,0.0005307,0,0,0,1.782,999,999,999,2.0609,1.0838,0.29802,0,0,0,0,0,0,0,0,0,0,0,0,0,0,0,0,0,0,0,0,0,0,0,0,0,0,0,0,0,0,0,0,0,0,0,0,0,0,0.0022312,1.4939,-1,0.91228,0,0,0,0,0,0,0,0,0,0,0,0
0,0,0,0,0,0,0,0,0.88818,0.52382,-0.99917,1,0.90536,0.0002481,0,0,0,0,0.93765,0.88818,-0.98779,-0.94479,0.65916,0.89083,0,0,0,0,0,0,0,0,0,0,0,0,0,0,0,0,0,0,0,0,0,0,0,0,0,0,0,0,0,0,0,0,0,0,0,0,0,0,0,0.033521,0.88818,1,0.98779,0,0,0,0,0,0,0,0,0,0,0,0
0.41369,2.5794,-0.9027,-1,0,0,0,0,1.4533,0,0.58976,-1,-0.030564,-0.00034027,0.0001052,1,0,0,1.7855,-0.79992,-0.56843,-0.15302,1.6276,0.75174,0.70392,0,0,0,0,0,0,0,0,0,0,0,0,0,0,0,0,0,0,0,0,0,0,0,0,0,0,0,0,0,0,0,0,0,0,0,0,0,0,0.025882,1.4533,-1,0.68939,0,0,0,0,0.41369,2.5794,-0.9027,-1,1,0.044174,0.98263,1
0,0,0,0,0,0,0,0,1.2224,1.2391,0.5162,1,0.9464,0.92527,-0.0001036,0,0,0,1.5018,999,999,999,1.722,0.33578,0.85455,0,0,0,0,0,0,0,0,0,0,0,0,0,0,0,0,0,0,0,0,0,0,0,0,0,0,0,0,0,0,0,0,0,0,0,0,0,0,0.011869,1.2224,1,0.97638,0,0,0,0,0,0,0,0,0,0,0,1
0,0,0,0,0,0,0,0,0.34909,1.0114,-0.14186,1,-1.0401e-06,5.2822e-07,4.7082e-07,1,0,0,0.36886,999,999,999,0.31575,0.21203,0.18777,0,0,0,0,0,0,0,0,0,0,0,0,0,0,0,0,0,0,0,0,0,0,0,0,0,0,0,0,0,0,0,0,0,0,0,0,0,0,0,0,0,0,0,0,0,0,0,0,0,0,0,0,0,1
0,0,0,0,1.6072,0,-0.43338,1,1.2668,0.21489,-0.0087678,-1,-0.46455,0.030123,0,1,0,0,1.3956,999,999,999,2.1213,1.2947,0,0,0,0,0,0,0,0,0,0,0,0,0,0,0,0,0,0,0,0,0,0,0,0,0,0,0,0,0,0,0,0,0,0,0,0,0,0,0,0.019836,1.6072,1,0.98378,0,0,0,0,0,0,0,0,0,0,0,1
0,0,0,0,0,0,0,0,0.56026,0.44943,-0.56097,-1,-1.9021e-05,5.8655e-07,0,0,0,0,0.47538,999,999,999,0.45383,0.23186,0,0,0,0,0,0,0,0,0,0,0,0,0,0,0,0,0,0,0,0,0,0,0,0,0,0,0,0,0,0,0,0,0,0,0,0,0,0,0,0.01165,0.56026,-1,0.89704,0,0,0,0,0,0,0,0,0,0,0,0
0,0,0,0,0,0,0,0,0.45641,0.12451,-0.11693,1,-0.015742,-0.00059177,0.00012112,4,1,0.50313,0.98392,999,999,999,1.5052,0.33984,0.85959,0,0,0,0,0,0,0,0,0,0,0,0,0,0,0,0,0,0,0,0,0,0,0,0,0,0,0,0,0,0,0,0,0,0,0,0,0,0,0.037218,0.70285,1,0.90432,0,0,0,0,0,0,0,0,0,0,0,1
0.31611,2.1832,-0.53188,1,0,0,0,0,1.0016,1.2928,-0.88456,1,0.0033159,-3.478e-05,2.8518e-05,0,0,0,1.2663,999,999,999,1.2919,0.52841,0.50079,0,0,0,0,0,0,0,0,0,0,0,0,0,0,0,0,0,0,0,0,0,0,0,0,0,0,0,0,0,0,0,0,0,0,0,0,0,0,0.014326,1.0016,1,0.49146,0,0,0,0,0.31611,2.1832,-0.53188,1,1,0.087207,0.45511,0
0,0,0,0,0,0,0,0,0.70033,0.55985,0.43883,-1,-0.96433,-0.021736,5.0541e-06,3,1,0.49971,0.97664,999,999,999,1.0295,0.95001,0.45905,0.7361,0.07357,3.5134e-07,9999,0,1,1601.6,9.8633,0.10868,1,0,0.28569,0.5884,-2.3141,0.28689,0.084,0.46956,1,0.70033,0.74961,-0.19321,0,0,0,0,0,10,0.07357,3.5134e-07,9999,1,1601.6,9.8633,0.10868,0.70033,0.74961,-0.19321,2,0.015439,0.70033,-1,0.74961,0.87235,-1,-0.96433,-0.73019,0,0,0,0,0,0,0,0
0,0,0,0,0,0,0,0,0.4435,1.389,-0.56589,-1,-0.99954,-0.0023558,6.5626e-06,0,0,0,0.86802,999,999,999,0.41971,0.74312,0.36003,0.59865,0.13251,3.49e-07,9999,1,1,1308.6,10.254,0.10646,0,0,0,0,0,0,0,0,1,0.71826,0.76385,-0.054179,0,0,0,0,0,10,0.13251,3.49e-07,9999,1,1308.6,10.254,0.10646,0.71826,0.76385,-0.054179,2,0.036416,0.71826,-1,0.76385,0.85574,-1,-0.99954,-0.30084,0,0,0,0,0,0,0,0
0,0,0,0,0,0,0,0,0.8346,0.23845,-0.72458,-1,-0.96328,-0.27781,3.5713e-05,0,0,0,1.1935,-0.67713,0.47261,-0.25517,0.92277,0.85244,0.53231,0.64603,0.15698,4.1331e-07,9999,1,1,791.02,5.1758,0.15626,0,0,0,0,0,0,0,0,1,0.8346,0.96126,-0.6129,0,0,0,0,0,10,0.15698,4.1331e-07,9999,1,791.02,5.1758,0.15626,0.8346,0.96126,-0.6129,0,0.045429,0.8346,-1,0.96126,-0.6129,-1,-0.96328,-0.1498,0,0,0,0,0,0,0,0
0,0,0,0,1.6347,0.076044,0.40361,1,1.0435,1.7672,-0.73158,-1,-0.26239,0.018061,5.6931e-05,0,0,0,1.9623,999,999,999,1.1645,1.6003,0.62066,0,0,0,0,0,0,0,0,0,0,0,0,0,0,0,0,0,0,0,0,0,0,0,0,0,0,0,0,0,0,0,0,0,0,0,0,0,0,0.00025535,1.6347,1,0.97755,0,0,0,0,0,0,0,0,0,0,0,1
0,0,0,0,0,0,0,0,0.89358,0.78412,-0.66888,1,0.00025185,4.9913e-05,-4.4926e-05,0,0,0,1.0011,999,999,999,0.7838,0.59094,0.55981,0,0,0,0,0,0,0,0,0,0,0,0,0,0,0,0,0,0,0,0,0,0,0,0,0,0,0,0,0,0,0,0,0,0,0,0,0,0,0.026733,0.89358,1,0.96242,0,0,0,0,0,0,0,0,0,0,0,1
1.1203,0,0.10434,1,0,0,0,0,0.78857,0,-0.45005,-1,-0.00062577,0.00019387,3.2521e-05,0,0,0,1.325,999,999,999,0.74311,0.62149,1.678,0,0,0,0,0,0,0,0,0,0,0,0,0,0,0,0,0,0,0,0,0,0,0,0,0,0,0,0,0,0,0,0,0,0,0,0,0,0,0.02028,1.1203,1,0.89337,0,0,0,0,0,0,0,0,0,0,0,0
0,0,0,0,0,0,0,0,0.85899,1.4456,-0.098434,-1,-0.95942,0.0003472,-8.5895e-06,2,1,0.49845,0.95161,999,999,999,1.1762,0.89613,0.38174,0,0,0,0,0,0,0,0,0,0,0,0,0,0,0,0,0,0,0,0,0,0,0,0,0,0,0,0,0,0,0,0,0,0,0,0,0,0,0.014327,0.85899,-1,0.97652,0,0,0,0,0,0,0,0,0,0,0,0
0,0,0,0,0,0,0,0,0.53743,0.82657,0.96988,-1,-1,-7.5757e-05,-1.6416e-05,1,0,0,0.69284,-0.53743,0.95633,-0.43881,0.1598,0.71278,0.43974,0,0,0,0,0,0,0,0,0,0,0,0,0,0,0,0,0,0,0,0,0,0,0,0,0,0,0,0,0,0,0,0,0,0,0,0,0,0,0.022667,0.53743,-1,0.95633,0,0,0,0,0,0,0,0,0,0,0,0
1.6061,0.076476,0.57387,-1,0,0,0,0,1.6032,0,-0.71636,1,-0.087487,0.0016541,-7.7826e-05,3,1,0.49292,2.7503,-1.6061,-0.92962,-0.67646,2.2707,1.7926,0.51045,0,0,0,0,0,0,0,0,0,0,0,0,0,0,0,0,0,0,0,0,0,0,0,0,0,0,0,0,0,0,0,0,0,0,0,0,0,0,0.00012865,1.6061,-1,0.92962,0,0,0,0,0,0,0,0,0,0,0,0
0.48544,1.1077,0.76949,1,0,0,0,0,0.73905,1.4872,-0.86043,-1,0.0003213,-7.0331e-05,-3.2739e-05,2,0,0,1.0928,999,999,999,0.59361,0.67956,0.51923,0.8751,0.14841,5.725e-07,9999,0,-1,556.64,4.4922,0.22744,0,0,0,0,0,0,0,0,1,999,999,999,0,0,0,0,0,0,0,0,0,0,0,0,0,0,0,0,0,0.0021033,0.73905,-1,0.894,0.70406,1,3.1859e-05,0.57696,0.48544,1.1077,0.76949,1,1,0.014044,0.65671,0
0,0,0,0,0,0,0,0,0.98192,0.25474,-0.92327,-1,-0.27538,-0.050677,-4.558e-05,2,1,0.49963,1.1307,-0.98192,0.86727,-0.58664,0.65929,1.1228,0.57311,0,0,0,0,0,0,0,0,0,0,0,0,0,0,0,0,0,0,0,0,0,0,0,0,0,0,0,0,0,0,0,0,0,0,0,0,0,0,0.0035546,0.98192,-1,0.86727,0,0,0,0,0,0,0,0,0,0,0,1
0,0,0,0,0,0,0,0,0.77273,0.39494,-0.67031,1,-0.94048,0.020606,-8.1412e-07,0,0,0,0.78214,999,999,999,0.52214,1.1311,0.28385,0.62395,0.1696,8.1412e-07,9999,1,-1,742.19,3.9062,0.28385,0,0,0,0,0,0,0,0,1,999,999,999,0,0,0,0,0,0,0,0,0,0,0,0,0,0,0,0,0,0.017636,0.77273,1,0.92447,0.85646,1,0.020606,0.071202,0,0,0,0,0,0,0,0
0,0,0,0,0,0,0,0,0.70737,0.88792,-0.68253,1,-0.82142,-0.020887,6.4324e-05,0,0,0,1.2322,-0.65735,0.54623,-0.43523,0.89423,1.0369,0.61935,0.24459,0.22356,6.4175e-07,9999,1,-1,561.52,4.9805,0.24747,0,0,0,0,0,0,0,0,1,0.70737,0.7728,-0.15525,0,0,0,0,0,10,0.22356,6.4175e-07,9999,-1,561.52,4.9805,0.24747,0.70737,0.7728,-0.15525,-4,0.029974,0.70737,1,0.7728,-0.15525,1,6.4324e-05,0.00031734,0,0,0,0,0,0,0,0
0,0,0,0,0,0,0,0,0.33845,1.1187,0.4808,1,2.7738e-06,2.0565e-06,-6.9379e-07,1,0,0,0.47601,999,999,999,0.29434,0.27177,0.26011,0.93544,0.24651,2.7738e-06,9999,0,1,590.82,3.3691,0.29434,0,0,0,0,0,0,0,0,1,999,999,999,0,0,0,0,0,0,0,0,0,0,0,0,0,0,0,0,0,0,0,0,0,0.49762,1,2.0565e-06,0.0010103,0,0,0,0,0,0,0,0
0,0,0,0,0,0,0,0,0.57988,0.80921,-0.92656,-1,-1.517e-05,-3.0337e-06,7.1022e-07,0,1,0.49989,0.52121,999,999,999,0.43207,0.30106,0.26376,0.9377,0.16321,7.1022e-07,9999,1,1,551.76,3.3203,0.26376,0,0,0,0,0,0,0,0,1,0.57988,0.88289,-0.6656,0,0,0,0,0,10,0.16321,7.1022e-07,9999,1,551.76,3.3203,0.26376,0.57988,0.88289,-0.6656,2,0.0080178,0.57988,-1,0.88289,-0.58766,-1,-3.0337e-06,-0.69002,0,0,0,0,0,0,0,0
0,0,0,0,1.1408,0.25795,-0.01588,1,1.1586,0.42735,-0.35812,-1,1,-0.011412,0.0054561,0,0,0,1.6103,1.1408,0.96829,-0.16005,0.19513,1.1585,1.4214,0.88029,0.16217,4.3241e-07,9999,0,-1,800.78,5.2246,0.16775,0,0,0,0,0,0,0,0,1,1.1408,0.96829,-0.76141,0,0,0,0,0,10,0.16142,3.8014e-07,9999,-1,986.33,9.082,0.13313,1.1408,0.96829,-0.78488,-0,0.0038585,1.1586,-1,0.98085,0.66713,1,1,0.49945,0,0,0,0,0,0,0,1
0,0,0,0,0,0,0,0,1.6663,0.50955,0.0019346,1,0.064986,-4.7017e-05,1.9621e-05,1,0,0,1.6276,999,999,999,1.6056,0.57387,0.45775,0.4935,0.24106,1.2624e-06,9999,0,1,0,9.7656,0.13009,0,0,0,0,0,0,0,0,1,999,999,999,0,0,0,0,0,0,0,0,0,0,0,0,0,0,0,0,0,0.0077125,1.6663,1,0.98943,-0.72545,-1,-4.7017e-05,-0.00016159,0,0,0,0,0,0,0,0
0,0,0,0,0.64815,2.1448,-0.22068,-1,0.31338,2.0008,-0.75549,-1,0.32385,0.049388,-0.0039565,0,0,0,0.76503,999,999,999,0.86364,1.0454,1.0356,0,0,0,0,0,0,0,0,0,0,0,0,0,0,0,0,0,0,0,0,0,0,0,0,0,0,0,0,0,0,0,0,0,0,0,0,0,0,0.0042019,0.67774,1,0.92443,0,0,0,0,0,0,0,0,0,0,0,1
0,0,0,0,0,0,0,0,1.2202,0.39269,-0.93379,-1,-0.016593,-0.00014944,1.9299e-05,0,0,0,0.91222,-1.2202,-0.96957,-0.79247,0.93086,0.79525,0.4543,0.97758,0.20492,1.2502e-06,9999,1,-1,0,8.3008,0.12558,0,0,0,0,0,0,0,0,1,999,999,999,0,0,0,0,0,0,0,0,0,0,0,0,0,0,0,0,0,0.021453,1.2202,-1,0.96957,0.75661,1,1.9299e-05,0.58412,0,0,0,0,0,0,0,0
0,0,0,0,0,0,0,0,0.66749,1.0695,-0.43319,-1,-0.00105,0.00011608,-1.2473e-05,0,0,0,0.93271,999,999,999,0.89858,0.7307,0.4139,0.92446,0.23853,2.3598e-06,9999,1,1,473.63,3.418,0.39879,0,0,0,0,0,0,0,0,1,999,999,999,0,0,0,0,0,0,0,0,0,0,0,0,0,0,0,0,0,0.010282,0.66749,-1,0.77368,0.76753,-1,-0.00105,-0.03019,0,0,0,0,0,0,0,1
0,0,0,0,0,0,0,0,0.45076,1.4673,-0.99997,-1,0.0012535,-0.00017881,5.7726e-07,0,0,0,0.47097,999,999,999,0.7149,0.71241,0.22896,0.18796,0.17936,5.7726e-07,9999,1,1,532.23,4.248,0.22896,0,0,0,0,0,0,0,0,1,999,999,999,0,0,0,0,0,0,0,0,0,0,0,0,0,0,0,0,0,0,0,0,0,0.69227,-1,-0.00017881,-0.0069184,0,0,0,0,0,0,0,0
0.5176,1.834,-0.31473,-1,0,0,0,0,1.0225,1.475,-0.11898,1,0.089357,-0.086103,0.0051971,0,0,0,1.3693,0.54178,-0.96603,-0.86629,0.68145,0.84812,1.3509,0,0,0,0,0,0,0,0,0,0,0,0,0,0,0,0,0,0,0,0,0,0,0,0,0,0,0,0,0,0,0,0,0,0,0,0,0,0,0.0058623,1.0225,1,0.95829,0,0,0,0,0.5176,1.834,-0.31473,-1,2,0.0041156,0.88576,0
0,0,0,0,0,0,0,0,0.92727,1.2363,0.74193,1,0.14629,0.0008242,7.0747e-05,5,2,0.49931,0.93587,0.66097,-0.61514,-0.63203,1.3281,0.40551,0.63283,0.96394,0.18539,1.3611e-06,9999,0,1,0,7.4219,0.15499,0,0,0,0,0,0,0,0,1,999,999,999,0,0,0,0,0,0,0,0,0,0,0,0,0,0,0,0,0,0.080826,0.66097,1,0.61514,-0.45627,-1,-8.1234e-06,-0.67686,0,0,0,0,0,0,0,0
0,0,0,0,0,0,0,0,1.7424,0.21229,-0.035833,-1,0.0036325,-0.001808,0,0,0,0,0.88794,999,999,999,0.73641,1.14,0,0,0,0,0,0,0,0,0,0,0,0,0,0,0,0,0,0,0,0,0,0,0,0,0,0,0,0,0,0,0,0,0,0,0,0,0,0,0,0.008355,1.7424,-1,0.9783,0,0,0,0,0,0,0,0,0,0,0,0
0,0,0,0,1.6368,0.24679,-0.59788,1,0.61263,1.3772,-0.25815,1,0.94826,0.015746,-0.00022222,0,0,0,1.3678,1.6368,0.99106,-0.61843,0.78035,2.5458,0.73182,0,0,0,0,0,0,0,0,0,0,0,0,0,0,0,0,0,0,0,0,0,0,0,0,0,0,0,0,0,0,0,0,0,0,0,0,0,0,0.014453,1.6368,1,0.99106,0,0,0,0,0,0,0,0,0,0,0,1
0,0,0,0,0,0,0,0,1.4975,0.22466,-0.92139,-1,-0.061896,4.4871e-07,0,0,0,0,1.2539,999,999,999,1.2531,0.17669,0,0.21315,0.11106,4.4871e-07,9999,1,1,634.77,5.8594,0.17669,0,0,0,0,0,0,0,0,1,1.4975,0.98136,-0.34592,0,0,0,0,0,10,0.11106,4.4871e-07,9999,1,634.77,5.8594,0.17669,1.4975,0.98136,-0.34592,2,0.016668,1.4975,-1,0.98136,-0.34592,-1,-0.061896,-0.33473,0,0,0,0,0,0,0,0
0,0,0,0,0.78346,0.95802,0.54854,-1,0.53393,1.6774,-0.65505,1,0.01347,-0.0020056,2.2588e-06,0,0,0,0.79176,999,999,999,0.84928,0.70242,0.23769,0.95867,0.13823,2.2588e-06,9999,1,1,0,3.9551,0.23769,0,0,0,0,0,0,0,0,1,0.78346,0.99273,-0.95195,0,0,0,0,0,10,0.13823,2.2588e-06,9999,1,0,3.9551,0.23769,0.78346,0.99273,-0.95195,2,0.0062536,0.78346,-1,0.99273,-0.95195,-1,-0.0020056,-0.81909,0,0,0,0,0,0,0,0
0,0,0,0,0,0,0,0,0.53418,0.88526,0.12091,-1,0.94606,-0.0016189,-0.00017499,2,2,0.49877,1.1717,999,999,999,0.44951,0.8461,0.17032,0.94288,0.14947,0.00017499,9999,0,-1,634.77,0,0.17032,1,0,-4.1818,0.91869,0.50249,0.15629,0.0033464,0.051037,1,0.57762,0.99814,-0.95507,0,0,0,0,0,10,0.17389,4.7515e-07,9999,1,654.3,5.7129,0.18981,0.72841,0.81015,-0.51149,9,0.005579,0.72841,-1,0.81015,-0.68154,1,0.94606,0.75665,0,0,0,0,0,0,0,0
0,0,0,0,0,0,0,0,1.4757,0,-0.86874,1,-0.83881,0.018303,0.0011734,1,0,0,1.1987,999,999,999,0.19583,1.1609,0.42665,0.60161,0.2235,4.969e-07,9999,0,-1,610.35,4.2969,0.1995,0,0,0,0,0,0,0,0,1,999,999,999,0,0,0,0,0,0,0,0,0,0,0,0,0,0,0,0,0,0.010882,1.4757,1,0.94527,0.80071,1,1.9689e-05,0.00099072,0,0,0,0,0,0,0,0
0,0,0,0,0,0,0,0,0.54817,0.8725,-0.77278,-1,7.847e-06,-1.2263e-06,-3.4867e-07,0,0,0,0.43448,999,999,999,0.37436,0.33487,0.10615,0.6439,0.085324,3.4536e-07,9999,1,1,1084,15.039,0.10293,0,0,0,0,0,0,0,0,1,999,999,999,0,0,0,0,0,0,0,0,0,0,0,0,0,0,0,0,0,0.040287,0.54817,-1,0.81117,0.58555,-1,-1.2263e-06,-0.67135,0,0,0,0,0,0,0,0
0,0,0,0,0,0,0,0,0.46098,0.91427,0.85036,-1,-0.98698,-0.0048748,9.9904e-05,0,0,0,1.0206,999,999,999,0.72761,0.57015,0.75353,0.47911,0.19047,4.3394e-07,9999,1,-1,693.36,5.0781,0.16862,0,0,0,0,0,0,0,0,1,0.67943,0.88425,-0.78252,0,0,0,0,0,10,0.19047,4.3394e-07,9999,-1,693.36,5.0781,0.16862,0.67943,0.88425,-0.78252,-4,0.0024675,0.71333,-1,0.7174,-0.32359,-1,-0.98698,-0.0015233,0,0,0,0,0,0,0,0
0,0,0,0,0,0,0,0,0.46348,1.0061,-0.019214,1,0.94616,-0.001274,0,1,0,0,0.50003,999,999,999,0.52829,0.44812,0,0,0,0,0,0,0,0,0,0,0,0,0,0,0,0,0,0,0,0,0,0,0,0,0,0,0,0,0,0,0,0,0,0,0,0,0,0,0,0,0,0,0,0,0,0,0,0,0,0,0,0,0,0,1
0,0,0,0,0,0,0,0,0.51832,0.99707,-0.96807,-1,0.99997,0.32467,-1.4692e-05,1,1,0.50087,0.60389,999,999,999,0.32481,1.146,0.42903,0,0,0,0,0,0,0,0,0,0,0,0,0,0,0,0,0,0,0,0,0,0,0,0,0,0,0,0,0,0,0,0,0,0,0,0,0,0,0.01276,0.51832,-1,0.69599,0,0,0,0,0,0,0,0,0,0,0,1
0,0,0,0,0,0,0,0,0.40002,2.3144,-0.93741,1,0.00021358,4.717e-05,-4.1431e-05,1,0,0,0.67471,999,999,999,0.24606,0.57966,0.55593,0.44493,0.1365,4.1996e-07,9999,1,1,712.89,5.957,0.1604,0,0,0,0,0,0,0,0,1,0.58079,0.24867,-0.79337,0,0,0,0,0,10,0.1365,4.1996e-07,9999,1,712.89,5.957,0.1604,0.58079,0.24867,-0.79337,5,0.0054976,0.58079,-1,0.24867,-0.23244,-1,-2.248e-06,-0.19899,0,0,0,0,0,0,0,0
0,0,0,0,0,0,0,0,0.28104,0.47254,0.29362,-1,0.69561,0.16448,0.0065523,1,0,0,1.1807,0.63437,-0.88821,-0.40475,0.8559,0.85084,0.62319,0,0,0,0,0,0,0,0,0,0,0,0,0,0,0,0,0,0,0,0,0,0,0,0,0,0,0,0,0,0,0,0,0,0,0,0,0,0,0.0053315,0.68982,-1,0.91204,0,0,0,0,0,0,0,0,0,0,0,1
0,0,0,0,0,0,0,0,0.88966,0.70684,-0.91432,1,0.95706,-6.9757e-05,-5.2791e-05,1,1,0.49528,1.249,999,999,999,1.0677,0.66567,0.60186,0.6758,0.19995,7.3564e-07,9999,0,1,498.05,4.1992,0.26912,0,1,0,0,0,0,0,0,1,999,999,999,0,0,0,0,0,0,0,0,0,0,0,0,0,0,0,0,0,0.015346,0.88966,1,0.79579,0.63581,-1,-5.2791e-05,-0.012587,0,0,0,0,0,0,0,0
0,0,0,0,0,0,0,0,1.733,0.50866,-0.69814,-1,-0.94258,0.24087,-0.043268,0,0,0,1.0206,-1.733,-0.96766,-0.7068,1.0081,1.5163,1.0781,0,0,0,0,0,0,0,0,0,0,0,0,0,0,0,0,0,0,0,0,0,0,0,0,0,0,0,0,0,0,0,0,0,0,0,0,0,0,0.0066821,1.733,-1,0.96766,0,0,0,0,0,0,0,0,0,0,0,0
0.51537,0.086008,0.74081,1,0.80103,0.29263,-0.99846,-1,0,0,0,0,-0.04764,7.1478e-06,0,0,0,0,0.85993,999,999,999,1.014,0.36683,0,0,0,0,0,0,0,0,0,0,0,0,0,0,0,0,0,0,0,0,0,0,0,0,0,0,0,0,0,0,0,0,0,0,0,0,0,0,0,0.0013213,0.80103,-1,0.95493,0,0,0,0,0.51537,0.086008,0.74081,1,1,0.018772,0.92081,1
0,0,0,0,0,0,0,0,0.52285,0.65132,-0.79544,1,0.82781,5.4669e-06,-1.3251e-06,1,0,0,0.47014,999,999,999,0.19975,0.34574,0.34335,0,0,0,0,0,0,0,0,0,0,0,0,0,0,0,0,0,0,0,0,0,0,0,0,0,0,0,0,0,0,0,0,0,0,0,0,0,0,0.0056902,0.52285,1,0.72943,0,0,0,0,0,0,0,0,0,0,0,0
0,0,0,0,0,0,0,0,0.6796,0.36652,-0.59241,1,0.9871,0.011796,1.2759e-06,3,0,0,0.72877,0.6796,0.83678,-0.41352,0.6951,0.91549,0.051708,0.57499,0.11891,1.2759e-06,9999,0,1,0,5.2246,0.051708,0,0,0,0,0,0,0,0,1,999,999,999,0,0,0,0,0,0,0,0,0,0,0,0,0,0,0,0,0,0.0011554,0.6796,1,0.83678,0,0,0,0,0,0,0,0,0,0,0,1
0,0,0,0,0,0,0,0,0.8184,0.78567,0.91682,-1,0.9763,-0.94648,0.026097,0,0,0,1.3963,999,999,999,0.8972,1.1466,0.57905,0,0,0,0,0,0,0,0,0,0,0,0,0,0,0,0,0,0,0,0,0,0,0,0,0,0,0,0,0,0,0,0,0,0,0,0,0,0,0.015783,0.8184,-1,0.95942,0,0,0,0,0,0,0,0,0,0,0,1
1.2061,0.95563,0.21435,1,0,0,0,0,1.2028,1.0621,-0.5993,-1,0.0088126,-0.003269,-4.1339e-05,0,0,0,1.7728,999,999,999,1.2915,1.2542,0.55567,0,0,0,0,0,0,0,0,0,0,0,0,0,0,0,0,0,0,0,0,0,0,0,0,0,0,0,0,0,0,0,0,0,0,0,0,0,0,0.012303,1.2061,1,0.89187,0,0,0,0,0,0,0,0,0,0,0,1
0,0,0,0,0,0,0,0,0.83966,1.548,-0.98246,1,0.062319,0.00041372,-5.8139e-05,2,0,0,1.0421,0.83966,-0.93254,-0.846,0.86163,0.41454,0.61962,0.25051,0.092927,3.6951e-07,9999,1,-1,1210.9,7.6172,0.12466,0,0,0,0,0,0,0,0,1,0.83966,0.93254,-0.054321,0,0,0,0,0,10,0.092927,3.6951e-07,9999,-1,1210.9,7.6172,0.12466,0.83966,0.93254,-0.054321,-4,0.013046,0.83966,1,0.93254,0.38854,1,0.062319,0.46793,0,0,0,0,0,0,0,0
0,0,0,0,0,0,0,0,1.4486,0.48613,-0.22013,-1,-0.10516,0.00010692,-1.2202e-06,0,0,0,1.5678,999,999,999,1.9198,0.754,0.10971,0.89184,0.08985,1.2202e-06,9999,1,-1,0,10.254,0.10971,0,0,0,0,0,0,0,0,1,0.85406,0.56676,-0.2845,0,0,0,0,0,10,0.08985,1.2202e-06,9999,-1,0,10.254,0.10971,0.85406,0.56676,-0.2845,-2,0.025128,1.4486,-1,0.98519,-0.2845,1,0.00010692,0.7605,0,0,0,0,0,0,0,1
0,0,0,0,2.011,0.20352,0.29006,1,1.1012,1.7365,-0.66174,-1,0.25148,-0.0012485,4.1562e-05,0,0,0,2.1829,999,999,999,2.5874,0.82563,0.55653,0,0,0,0,0,0,0,0,0,0,0,0,0,0,0,0,0,0,0,0,0,0,0,0,0,0,0,0,0,0,0,0,0,0,0,0,0,0,0.002976,2.011,1,0.99871,0,0,0,0,0,0,0,0,0,0,0,1
1.1458,0,-0.44675,1,0,0,0,0,0.74327,0,-0.64708,-1,0.086929,-0.074371,0,0,0,0,0.81581,999,999,999,0.73635,1.0531,0,0,0,0,0,0,0,0,0,0,0,0,0,0,0,0,0,0,0,0,0,0,0,0,0,0,0,0,0,0,0,0,0,0,0,0,0,0,0,0.01983,1.1458,1,0.72578,0,0,0,0,0,0,0,0,0,0,0,1
0,0,0,0,0,0,0,0,0.30644,0.17419,-0.24487,-1,-5.1356e-06,6.8735e-07,0,0,0,0,0.38396,999,999,999,0.34092,0.25864,0,0,0,0,0,0,0,0,0,0,0,0,0,0,0,0,0,0,0,0,0,0,0,0,0,0,0,0,0,0,0,0,0,0,0,0,0,0,0,0,0,0,0,0,0,0,0,0,0,0,0,0,0,0,0
0,0,0,0,0,0,0,0,0.82938,1.7919,-0.98703,1,-0.99214,0.86046,0.50673,0,0,0,1.3509,999,999,999,0.63415,0.95225,1.3543,0.79227,0.11124,5.0545e-07,9999,1,-1,712.89,5.127,0.20308,0,0,0,0,0,0,0,0,1,0.72211,0.82204,-0.53667,0,0,0,0,0,10,0.11124,5.0545e-07,9999,-1,712.89,5.127,0.20308,0.72211,0.82204,-0.53667,-2,0.0048362,0.82938,1,0.66158,0.50828,1,0.50673,0.63073,0,0,0,0,0,0,0,1
0.595,0.48246,-0.014568,1,0,0,0,0,1.0796,0.075301,-0.72772,1,0.046164,0.00057677,-1.9116e-05,0,0,0,1.2317,0.595,0.64107,-0.62972,1.0877,0.50359,0.45517,0.90537,0.14704,3.7442e-07,9999,1,-1,1025.4,7.8125,0.12865,1,0,-3.4459,1.3752,0.91642,0.19766,0.014723,0.010847,1,0.595,0.64107,-0.35157,0,0,0,0,0,10,0.14704,3.7442e-07,9999,-1,1025.4,7.8125,0.12865,0.595,0.64107,-0.35157,-2,0.0020514,1.0796,1,0.96879,0.94861,1,0.046164,0.6608,0.595,0.48246,-0.014568,1,1,0.0039439,0.64107,1
0,0,0,0,0,0,0,0,0.69956,0.064281,-0.62492,1,0.0080699,4.1748e-05,-4.2576e-06,0,0,0,0.6229,999,999,999,0.43121,0.55718,0.3266,0,0,0,0,0,0,0,0,0,0,0,0,0,0,0,0,0,0,0,0,0,0,0,0,0,0,0,0,0,0,0,0,0,0,0,0,0,0,0.033552,0.69956,1,0.61269,0,0,0,0,0,0,0,0,0,0,0,1
0,0,0,0,0,0,0,0,1.1219,1.3177,-0.92847,1,0.87307,0.0022549,0.0018533,1,0,0,1.3212,0.67036,0.7772,-0.92121,1.0018,0.7249,1.0215,0.22426,0.076509,1.217e-06,9999,1,-1,0,18.359,0.078411,0,0,0,0,0,0,0,0,1,0.67036,0.7772,-0.43026,0,0,0,0,0,10,0.076509,1.217e-06,9999,-1,0,18.359,0.078411,0.67036,0.7772,-0.43026,-4,0.018265,1.1219,1,0.94225,0.052844,1,0.87307,0.55597,0,0,0,0,0,0,0,1
0,0,0,0,1.6705,0.46289,0.10824,-1,1.2154,1.1921,-0.16523,1,-0.1299,0.061683,-0.0029272,1,1,0.4997,1.9578,-0.61552,0.89892,-0.86437,1.5658,1.6821,0.98138,0.96074,0.18395,0.00018236,9999,0,1,571.29,0,0.19933,0,0,0,0,0,0,0,0,1,0.61552,0.89892,-0.76421,0,0,0,0,0,10,0.18395,0.00018236,9999,1,571.29,0,0.19933,0.61552,0.89892,-0.76421,6,0.0071049,1.6705,-1,0.99614,0.98137,-1,-0.1299,-0.67009,0,0,0,0,0,0,0,0
0,0,0,0,0.97442,1.0064,-0.45992,1,0.65985,1.2518,0.74517,-1,0.00087982,-7.4424e-05,-2.6388e-06,2,0,0,1.1669,999,999,999,1.0164,0.67394,0.25515,0.84087,0.13434,3.3642e-07,9999,1,1,654.3,2.8809,0.093849,1,0,0.55367,0.3454,-1.259,0.21481,0.0016151,0.003448,1,999,999,999,0,0,0,0,0,10,0.16702,3.5856e-07,9999,-1,625,3.5645,0.11527,0.97442,0.79799,-0.52964,-21,0.0046071,0.97442,1,0.79799,0.60774,-1,-2.6388e-06,-0.58373,0,0,0,0,0,0,0,0
0.98432,0,-1,1,0,0,0,0,0,0,0,0,0.092613,0.054976,0,1,0,0,0.8548,999,999,999,0.8549,1.0325,0,0,0,0,0,0,0,0,0,0,0,0,0,0,0,0,0,0,0,0,0,0,0,0,0,0,0,0,0,0,0,0,0,0,0,0,0,0,0,0.0094888,0.98432,1,1,0,0,0,0,0.98432,0,-1,1,1,0.0094888,1,1
0,0,0,0,0,0,0,0,0.77446,1.3108,-0.020924,1,4.4665e-05,2.6843e-05,-2.6265e-05,1,0,0,0.78406,999,999,999,0.56869,0.49361,0.49092,0,0,0,0,0,0,0,0,0,0,0,0,0,0,0,0,0,0,0,0,0,0,0,0,0,0,0,0,0,0,0,0,0,0,0,0,0,0,0.0063626,0.77446,1,0.86854,0,0,0,0,0,0,0,0,0,0,0,1
0.807,0,0.42921,-1,0,0,0,0,1.3381,0.075432,-0.8173,1,-0.84848,-0.097565,0.034284,0,0,0,1.6095,-0.807,0.87105,-0.36111,0.97003,1.1801,1.516,0,0,0,0,0,0,0,0,0,0,0,0,0,0,0,0,0,0,0,0,0,0,0,0,0,0,0,0,0,0,0,0,0,0,0,0,0,0,0.0027337,1.3381,1,0.96487,0,0,0,0,0.807,0,0.42921,-1,1,0.017944,0.87105,0
0,0,0,0,0,0,0,0,1.4281,1.2212,-0.97014,1,0.15987,-3.6619e-05,1.365e-05,1,0,0,1.2549,999,999,999,2.2111,0.53607,0.42213,0,0,0,0,0,0,0,0,0,0,0,0,0,0,0,0,0,0,0,0,0,0,0,0,0,0,0,0,0,0,0,0,0,0,0,0,0,0,0.0074069,1.4281,1,0.98765,0,0,0,0,0,0,0,0,0,0,0,0
0,0,0,0,0,0,0,0,1.1986,0.81786,0.35841,-1,0.11762,-0.063304,0,0,0,0,1.3316,999,999,999,0.91743,1.1504,0,0,0,0,0,0,0,0,0,0,0,0,0,0,0,0,0,0,0,0,0,0,0,0,0,0,0,0,0,0,0,0,0,0,0,0,0,0,0,0.012128,1.1986,-1,0.8862,0,0,0,0,0,0,0,0,0,0,0,1
0,0,0,0,0,0,0,0,0.72308,1.5847,-0.76539,1,0.99763,0.0026933,-2.2986e-05,2,1,0.50039,0.88854,0.72308,0.92926,-0.33311,0.39599,0.71026,0.46256,0.71656,0.18692,7.8185e-07,9999,1,1,551.76,4.4922,0.27809,0,0,0,0,0,0,0,0,1,999,999,999,0,0,0,0,0,0,0,0,0,0,0,0,0,0,0,0,0,0.0028883,0.72308,1,0.92926,0.37024,-1,-2.2986e-05,-0.046718,0,0,0,0,0,0,0,1
0,0,0,0,0,0,0,0,0.98718,1.3534,-0.9724,-1,0.0066336,-0.00064032,0.00061896,2,1,0.50016,0.9155,999,999,999,0.50621,0.4608,0.49269,0,0,0,0,0,0,0,0,0,0,0,0,0,0,0,0,0,0,0,0,0,0,0,0,0,0,0,0,0,0,0,0,0,0,0,0,0,0,0.026805,0.98718,-1,0.935,0,0,0,0,0,0,0,0,0,0,0,0
0,0,0,0,0,0,0,0,1.1634,1.3266,-0.96734,1,-0.19656,0.18421,0.025708,0,0,0,1.3334,999,999,999,1.0891,1.0073,1.4196,0,0,0,0,0,0,0,0,0,0,0,0,0,0,0,0,0,0,0,0,0,0,0,0,0,0,0,0,0,0,0,0,0,0,0,0,0,0,0.024975,1.1634,1,0.99866,0,0,0,0,0,0,0,0,0,0,0,0
0,0,0,0,0.73125,1.7071,-0.45039,1,0.5789,1.1962,0.40709,1,0.048121,0.00024569,9.4347e-05,1,0,0,1.0462,999,999,999,1.1828,0.69094,0.75145,0.361,0.24968,6.05e-07,9999,1,-1,595.7,4.541,0.23737,0,0,0,0,0,0,0,0,1,999,999,999,0,0,0,0,0,0,0,0,0,0,0,0,0,0,0,0,0,0.048144,0.73125,1,0.7718,0.17899,1,0.00024569,8.3981e-05,0,0,0,0,0,0,0,0
0,0,0,0,1.2048,0.47103,-0.5717,1,0.98012,0.84162,-0.82104,-1,-0.96323,0.0019251,-0.00046751,0,0,0,1.566,-0.69181,0.92522,-0.73799,0.83391,1.6493,0.94499,0.96038,0.15202,5.0588e-07,9999,1,1,683.59,4.9316,0.20325,0,0,0,0,0,0,0,0,1,0.69181,0.92522,-0.83973,0,0,0,0,0,10,0.15202,5.0588e-07,9999,1,683.59,4.9316,0.20325,0.69181,0.92522,-0.83973,2,0.0011155,1.2048,1,0.81305,0.33979,-1,-0.96323,-0.80095,0,0,0,0,0,0,0,0
0,0,0,0,0,0,0,0,0.63855,1.1038,-0.84285,-1,0.99878,-0.96563,-7.9023e-05,0,0,0,1.1279,999,999,999,0.48088,0.90463,0.71073,0.96933,0.17812,4.448e-07,9999,1,1,742.19,4.9805,0.17462,0,0,0,0,0,0,0,0,1,999,999,999,0,0,0,0,0,0,0,0,0,0,0,0,0,0,0,0,0,0.0068564,0.63855,-1,0.88439,0.7464,-1,-0.96563,-0.74621,0,0,0,0,0,0,0,0
0.67316,0.063014,-0.55363,1,0,0,0,0,1.2666,0.57095,-0.95073,-1,-0.048535,0.0096014,0,0,0,0,1.3301,999,999,999,1.3092,1.0267,0,0,0,0,0,0,0,0,0,0,0,0,0,0,0,0,0,0,0,0,0,0,0,0,0,0,0,0,0,0,0,0,0,0,0,0,0,0,0,0.0071042,1.2666,-1,0.66966,0,0,0,0,0.67316,0.063014,-0.55363,1,1,0.019879,0.89527,1
0,0,0,0,0,0,0,0,1.2702,0.043626,-0.54226,-1,-0.964,1.224e-06,-3.8555e-07,1,0,0,1.269,999,999,999,1.5286,0.073109,0.13723,0.85635,0.14597,3.8555e-07,9999,1,-1,927.73,9.4727,0.13723,0,0,0,0,0,0,0,0,1,999,999,999,0,0,0,0,0,0,0,0,0,0,0,0,0,0,0,0,0,0.031122,1.2702,-1,0.97366,0.12228,-1,-0.964,-0.10842,0,0,0,0,0,0,0,1
1.0288,1.5363,-0.9172,1,0,0,0,0,0.40766,0,0.86449,1,0.99944,0.066081,-0.00022676,0,0,0,1.429,1.0288,0.82908,-0.9423,0.432,1.2172,0.94458,0,0,0,0,0,0,0,0,0,0,0,0,0,0,0,0,0,0,0,0,0,0,0,0,0,0,0,0,0,0,0,0,0,0,0,0,0,0,0.0022069,1.2787,-1,0.76564,0,0,0,0,0,0,0,0,0,0,0,1
0,0,0,0,1.9692,0.071329,-0.84114,-1,0.81677,0.53135,0.44792,1,0.0097086,-0.004196,-4.953e-06,0,0,0,1.602,999,999,999,1.1787,1.4971,0.33814,0,0,0,0,0,0,0,0,0,0,0,0,0,0,0,0,0,0,0,0,0,0,0,0,0,0,0,0,0,0,0,0,0,0,0,0,0,0,0.0035668,1.9692,-1,0.97472,0,0,0,0,0,0,0,0,0,0,0,0
0,0,0,0,0,0,0,0,1.0167,0.59631,0.24308,1,-0.97247,0.00043726,-0.00011518,1,0,0,1.2101,999,999,999,0.57167,0.97188,0.76218,0.77103,0.052613,1.2169e-06,9999,0,1,0,12.891,0.10689,0,0,0,0,0,0,0,0,1,999,999,999,0,0,0,0,0,10,0.24236,4.5498e-06,9999,-1,458.98,4.0527,0.33165,1.0167,0.9278,-0.64221,-0,7.4635e-05,1.0167,1,0.9278,0.4364,-1,-0.97247,-0.7676,0,0,0,0,0,0,0,0
1.1145,0.62277,0.23371,1,0,0,0,0,0.66644,0.92267,-0.34386,-1,0.0010715,-5.2413e-05,-1.8703e-06,0,0,0,1.2038,999,999,999,1.5622,0.60154,0.2134,0.30678,0.0989,1.3316e-06,9999,1,1,0,8.1055,0.14885,0,0,0,0,0,0,0,0,1,0.66644,0.9764,-0.48645,0,0,0,0,0,10,0.15081,1.8703e-06,9999,-1,0,4.3945,0.2134,1.1145,0.9437,-0.24203,-4,0.013177,1.1145,1,0.9437,0.51943,1,1.3316e-06,0.13701,0,0,0,0,0,0,0,0
0,0,0,0,0,0,0,0,0.92505,1.1137,-0.87133,-1,0.97309,0.86543,-0.093522,1,0,0,0.95926,999,999,999,0.96012,0.22521,1.4181,0.060065,0.093558,1.2288e-06,9999,0,-1,0,3.418,0.070169,0,0,0,0,0,0,0,0,1,0.67507,0.56657,-0.78848,0,0,0,0,0,10,0.093558,1.2288e-06,9999,-1,0,3.418,0.070169,0.67507,0.56657,-0.78848,-21,0.026821,0.92505,-1,0.92764,0.44893,1,0.86543,0.45496,0,0,0,0,0,0,0,1
0,0,0,0,0,0,0,0,0.38238,0.91179,0.85476,-1,-1.7872e-05,3.3614e-06,-5.8648e-07,0,0,0,0.4021,999,999,999,0.44824,0.30877,0.23184,0,0,0,0,0,0,0,0,0,0,0,0,0,0,0,0,0,0,0,0,0,0,0,0,0,0,0,0,0,0,0,0,0,0,0,0,0,0,0,0,0,0,0,0,0,0,0,0,0,0,0,0,0,1
1.8574,0,-0.92297,-1,0,0,0,0,0.19246,1.0646,-0.034406,-1,-0.00019446,-6.6417e-07,3.5705e-07,0,0,0,1.0057,999,999,999,2.9929,0.25313,0.11391,0.93049,0.19172,3.5705e-07,9999,1,1,1142.6,10.645,0.11391,0,0,0,0,0,0,0,0,1,1.8574,0.98679,-0.93567,0,0,0,0,0,10,0.19172,3.5705e-07,9999,1,1142.6,10.645,0.11391,1.8574,0.98679,-0.93567,2,0.017001,1.8574,-1,0.98679,-0.93567,-1,-0.00019446,-0.43483,0,0,0,0,0,0,0,0
0,0,0,0,0,0,0,0,1.43,0.32158,-0.84133,-1,0.043575,-0.0090733,0,0,0,0,1.5392,999,999,999,1.4487,1.0206,0,0,0,0,0,0,0,0,0,0,0,0,0,0,0,0,0,0,0,0,0,0,0,0,0,0,0,0,0,0,0,0,0,0,0,0,0,0,0,0.0038889,1.43,-1,0.87256,0,0,0,0,0,0,0,0,0,0,0,0
0,0,0,0,0,0,0,0,0.79835,0.52384,-0.972,1,0.21905,0,0,0,0,0,0.68697,999,999,999,1.1482,0,0,0,0,0,0,0,0,0,0,0,0,0,0,0,0,0,0,0,0,0,0,0,0,0,0,0,0,0,0,0,0,0,0,0,0,0,0,0,0,0.0090471,0.79835,1,0.94501,0,0,0,0,0,0,0,0,0,0,0,0
0,0,0,0,0,0,0,0,0.61392,0.82226,-0.40023,1,-0.11983,-0.00017602,0.00013427,1,0,0,1.1693,999,999,999,0.96858,0.13456,0.79796,0.9812,0.15764,4.4627e-07,9999,0,-1,693.36,5.5176,0.1754,0,0,0,0,0,0,0,0,1,0.61392,0.92793,-0.8391,0,0,0,0,0,10,0.15764,4.4627e-07,9999,-1,693.36,5.5176,0.1754,0.61392,0.92793,-0.8391,-0,0.0021028,0.6826,-1,0.8979,0.94034,1,9.3192e-06,0.8491,0,0,0,0,0,0,0,1
1.2344,0.99847,-0.19815,-1,0,0,0,0,0.52689,0.31478,-0.37633,-1,-0.4409,-3.5678e-05,1.1521e-05,0,0,0,1.4217,-1.2344,0.96099,-0.9152,0.74836,1.7827,0.40682,0,0,0,0,0,0,0,0,0,0,0,0,0,0,0,0,0,0,0,0,0,0,0,0,0,0,0,0,0,0,0,0,0,0,0,0,0,0,0.0043986,1.2344,-1,0.96099,0,0,0,0,0,0,0,0,0,0,0,0
0,0,0,0,0,0,0,0,1.3158,0.93665,-0.8938,1,0.00025515,5.8965e-05,-1.0476e-05,0,0,0,1.2179,0.72326,-0.64239,-0.54799,2.0077,0.62717,0.40827,0,0,0,0,0,0,0,0,0,0,0,0,0,0,0,0,0,0,0,0,0,0,0,0,0,0,0,0,0,0,0,0,0,0,0,0,0,0,0.063354,1.3158,1,0.99309,0,0,0,0,0,0,0,0,0,0,0,1
0,0,0,0,0,0,0,0,0.45645,0.5941,-0.80036,-1,-0.9567,-0.00062958,3.0716e-06,0,0,0,0.7097,999,999,999,0.58871,0.47885,0.2707,0.87321,0.16032,3.0716e-06,9999,1,1,0,4.4922,0.2707,0,0,0,0,0,0,0,0,1,999,999,999,0,0,0,0,0,0,0,0,0,0,0,0,0,0,0,0,0,0,0,0,0,0.51162,-1,-0.9567,-0.49254,0,0,0,0,0,0,0,0
0,0,0,0,0,0,0,0,1.1569,1.2397,-0.86178,1,0.98898,-0.00027999,-3.6346e-05,0,0,0,0.73266,999,999,999,0.72236,0.2926,0.53499,0.86802,0.13865,2.417e-06,9999,1,1,0,5.6641,0.24551,0,0,0,0,0,0,0,0,1,999,999,999,0,0,0,0,0,0,0,0,0,0,0,0,0,0,0,0,0,0.022265,1.1569,1,0.76856,0.59645,-1,-3.6346e-05,-0.61205,0,0,0,0,0,0,0,1
0,0,0,0,0,0,0,0,1.1724,0.48156,0.27305,-1,-0.00016769,0,0,0,0,0,0.84229,999,999,999,0.88903,0,0,0,0,0,0,0,0,0,0,0,0,0,0,0,0,0,0,0,0,0,0,0,0,0,0,0,0,0,0,0,0,0,0,0,0,0,0,0,0,0.00075957,1.1724,-1,0.84368,0,0,0,0,0,0,0,0,0,0,0,1
0,0,0,0,0,0,0,0,0.32598,0.78451,-0.86325,-1,-2.1355e-05,3.1161e-06,0,0,0,0,0.37822,999,999,999,0.46616,0.30308,0,0.64722,0.24553,3.1161e-06,9999,1,1,605.47,3.6621,0.30308,0,0,0,0,0,0,0,0,1,999,999,999,0,0,0,0,0,0,0,0,0,0,0,0,0,0,0,0,0,0,0,0,0,0.31674,-1,-2.1355e-05,-0.00020273,0,0,0,0,0,0,0,0
0,0,0,0,0,0,0,0,1.0313,0.18538,-0.25566,1,-0.016737,0.0022782,5.2439e-05,2,1,0.49202,1.9036,999,999,999,1.7842,1.2402,0.60149,0,0,0,0,0,0,0,0,0,0,0,0,0,0,0,0,0,0,0,0,0,0,0,0,0,0,0,0,0,0,0,0,0,0,0,0,0,0,0.001692,1.563,-1,0.71446,0,0,0,0,0,0,0,0,0,0,0,1
0,0,0,0,0,0,0,0,0.92788,0.44027,-0.89911,1,0.95925,-0.14261,-0.00048579,1,0,0,0.92472,999,999,999,0.79467,1.1131,0.7678,0,0,0,0,0,0,0,0,0,0,0,0,0,0,0,0,0,0,0,0,0,0,0,0,0,0,0,0,0,0,0,0,0,0,0,0,0,0,0.0030543,0.92788,1,0.91802,0,0,0,0,0,0,0,0,0,0,0,0
0,0,0,0,1.5654,0,0.29718,1,1.1906,0.85063,-0.58311,-1,0.99826,0.09212,-0.043256,0,0,0,1.929,1.5654,-0.94649,-0.72212,0.5021,1.5127,1.3188,0,0,0,0,0,0,0,0,0,0,0,0,0,0,0,0,0,0,0,0,0,0,0,0,0,0,0,0,0,0,0,0,0,0,0,0,0,0,0.0076756,1.5654,1,0.94649,0,0,0,0,0,0,0,0,0,0,0,1
0,0,0,0,1.3635,0,-0.39895,1,1.2407,0.32958,-0.50112,-1,-0.048571,0.021318,2.3617e-05,3,0,0,1.596,999,999,999,1.4485,1.0216,0.47833,0,0,0,0,0,0,0,0,0,0,0,0,0,0,0,0,0,0,0,0,0,0,0,0,0,0,0,0,0,0,0,0,0,0,0,0,0,0,0.018095,1.3635,1,0.85936,0,0,0,0,0,0,0,0,0,0,0,1
0,0,0,0,1.033,0.74575,0.90209,-1,0.53,2.0244,-0.95094,1,-0.00017205,-9.0608e-05,8.2218e-05,0,0,0,1.1323,-0.56941,0.97528,-0.9907,0.7749,0.87768,0.72918,0,0,0,0,0,0,0,0,0,0,0,0,0,0,0,0,0,0,0,0,0,0,0,0,0,0,0,0,0,0,0,0,0,0,0,0,0,0,0.0027998,1.033,-1,0.97186,0,0,0,0,0,0,0,0,0,0,0,1
0,0,0,0,1.4612,0.20143,-0.89981,1,0.56483,0.20143,0.16683,1,0.99974,0.058931,-4.1718e-07,1,0,0,1.4657,1.4612,0.99251,-0.56782,0.38482,1.9005,0.15869,0.93859,0.14525,4.1718e-07,9999,0,-1,839.84,5.8105,0.15869,0,0,0,0,0,0,0,0,1,1.4612,0.99251,-0.97361,0,0,0,0,0,10,0.14525,4.1718e-07,9999,-1,839.84,5.8105,0.15869,1.4612,0.99251,-0.97361,-0,0.020589,1.4612,1,0.99251,0.40463,1,0.99974,0.75586,0,0,0,0,0,0,0,1
0,0,0,0,0,0,0,0,0.60547,0,0.76617,1,-0.00020394,9.2651e-05,6.7931e-05,0,0,0,1.4536,999,999,999,0.96238,0.71977,0.56769,0.88108,0.13447,3.9158e-07,9999,1,-1,839.84,7.3242,0.14163,1,0,2.0825,-3.6949,1.5544,0.027611,0.1189,0.032909,1,0.60547,0.69162,-0.90337,0,0,0,0,0,10,0.13447,3.9158e-07,9999,-1,839.84,7.3242,0.14163,0.60547,0.69162,-0.90337,-0,0.012228,0.9911,-1,0.67403,0.96602,1,5.1857e-06,0.65541,0,0,0,0,0,0,0,1
0,0,0,0,1.1548,1.4256,-0.78548,-1,0.52722,0.8881,-0.95367,1,-0.065912,0.05314,-0.035623,2,0,0,0.87586,-1.1548,0.98958,-0.028405,0.49204,0.6443,1.8565,0,0,0,0,0,0,0,0,0,0,0,0,0,0,0,0,0,0,0,0,0,0,0,0,0,0,0,0,0,0,0,0,0,0,0,0,0,0,0.022035,1.1548,-1,0.98958,0,0,0,0,0,0,0,0,0,0,0,0
0,0,0,0,0,0,0,0,1.1043,0.37812,0.73361,-1,-0.95635,-0.14996,1.5834e-05,0,0,0,1.2628,-1.1043,0.96977,-0.89153,0.89052,1.7571,0.43621,0,0,0,0,0,0,0,0,0,0,0,0,0,0,0,0,0,0,0,0,0,0,0,0,0,0,0,0,0,0,0,0,0,0,0,0,0,0,0.017573,1.1043,-1,0.96977,0,0,0,0,0,0,0,0,0,0,0,0
0,0,0,0,0,0,0,0,1.2027,0.22509,-0.62808,-1,-0.95541,7.6164e-05,-1.1128e-06,0,0,0,1.3813,-0.519,-0.49601,-0.25017,1.3687,0.7097,0.32377,0,0,0,0,0,0,0,0,0,0,0,0,0,0,0,0,0,0,0,0,0,0,0,0,0,0,0,0,0,0,0,0,0,0,0,0,0,0,0.0012947,1.2027,-1,0.96312,0,0,0,0,0,0,0,0,0,0,0,1
0,0,0,0,0,0,0,0,0.74092,1.3097,-0.78455,1,2.1889e-05,-1.206e-05,4.9907e-06,0,0,0,0.60018,999,999,999,0.46975,0.41088,0.33872,0.22352,0.10087,4.1127e-07,9999,1,1,336.91,8.2031,0.15496,0,0,0,0,0,0,0,0,1,999,999,999,0,0,0,0,0,10,0.22386,1.3424e-06,9999,-1,546.88,3.5645,0.34473,0.74092,0.58737,-0.34175,-4,0.015451,0.74092,1,0.58737,0.34593,-1,-1.206e-05,-0.41294,0,0,0,0,0,0,0,1
0.58461,1.8688,0.14724,1,0,0,0,0,0.66888,1.8877,-0.94378,-1,-0.92908,-0.49155,0.00020013,0,0,0,0.94185,999,999,999,0.89984,1.2072,0.47416,0.43603,0.23537,1.8964e-06,9999,1,1,507.81,3.6621,0.37914,0,0,0,0,0,0,0,0,1,999,999,999,0,0,0,0,0,0,0,0,0,0,0,0,0,0,0,0,0,0.0092173,0.70787,-1,0.68456,0.13641,-1,-0.92908,-0.00021763,0.58461,1.8688,0.14724,1,1,0.003263,0.83073,0
0,0,0,0,0.80486,0.72314,-0.40126,1,0.59928,1.0363,-0.95249,1,-0.99998,0.99591,0.10486,0,0,0,0.91856,999,999,999,0.2555,0.56708,1.2558,0.55016,0.22889,2.3545e-06,9999,1,1,527.34,3.8574,0.28201,0,0,0,0,0,0,0,0,1,999,999,999,0,0,0,0,0,0,0,0,0,0,0,0,0,0,0,0,0,0.0048019,0.80486,1,0.44225,-0.80494,-1,-0.99998,-0.00048917,0,0,0,0,0,0,0,1
0,0,0,0,0,0,0,0,0.91562,0.50266,0.13382,-1,-0.031544,0.00017517,0,1,0,0,0.70739,999,999,999,1.4028,0.17178,0,0.87871,0.21186,0.00017517,9999,0,1,712.89,0,0.17178,0,0,0,0,0,0,0,0,1,0.91562,0.87036,-0.97535,0,0,0,0,0,10,0.21186,0.00017517,9999,1,712.89,0,0.17178,0.91562,0.87036,-0.97535,0,0.00043254,0.91562,-1,0.87036,-0.97535,-1,-0.031544,-0.074256,0,0,0,0,0,0,0,0
0,0,0,0,0,0,0,0,0.50674,0.16271,-0.87032,-1,0.49717,-0.00098177,-8.3866e-05,2,1,0.4939,0.40838,999,999,999,0.58513,0.84234,0.76416,0,0,0,0,0,0,0,0,0,0,0,0,0,0,0,0,0,0,0,0,0,0,0,0,0,0,0,0,0,0,0,0,0,0,0,0,0,0,0.025058,0.50674,-1,0.79092,0,0,0,0,0,0,0,0,0,0,0,0
0,0,0,0,0,0,0,0,1.02,0.67171,-0.69207,-1,-0.094753,7.6374e-05,-3.8308e-05,0,0,0,1.2063,999,999,999,1.1944,0.63641,0.44088,0.84881,0.16929,3.4284e-07,9999,1,1,1289.1,9.8633,0.10044,0,0,0,0,0,0,0,0,1,999,999,999,0,0,0,0,0,0,0,0,0,0,0,0,0,0,0,0,0,0.016607,1.02,-1,0.73325,0.38158,-1,-0.094753,-0.34757,0,0,0,0,0,0,0,0
0.91458,0.08657,-0.23562,-1,0,0,0,0,1.0541,0.49741,-0.53677,1,-0.097865,0.009415,-1.1843e-06,0,0,0,1.3586,999,999,999,1.1932,1.3551,0.22876,0,0,0,0,0,0,0,0,0,0,0,0,0,0,0,0,0,0,0,0,0,0,0,0,0,0,0,0,0,0,0,0,0,0,0,0,0,0,0.0068621,1.0541,1,0.78172,0,0,0,0,0.91458,0.08657,-0.23562,-1,1,0.0049079,0.95169,0
0,0,0,0,0,0,0,0,0.87611,0.36216,-0.78071,-1,0.9994,-0.00043159,0,0,0,0,0.95554,999,999,999,0.43535,1.129,0,0,0,0,0,0,0,0,0,0,0,0,0,0,0,0,0,0,0,0,0,0,0,0,0,0,0,0,0,0,0,0,0,0,0,0,0,0,0,0.019396,0.87611,-1,0.75757,0,0,0,0,0,0,0,0,0,0,0,1
1.3354,0.19172,-0.93415,-1,0,0,0,0,0.41714,0.72514,-0.10943,-1,-0.12046,0.00017431,-7.812e-06,1,0,0,1.0337,999,999,999,1.0156,0.14941,0.374,0.55053,0.078029,3.9315e-07,9999,1,1,1992.2,7.2266,0.14275,0,0,0,0,0,0,0,0,1,1.3354,0.97541,-0.41594,0,0,0,0,0,10,0.078029,3.9315e-07,9999,1,1992.2,7.2266,0.14275,1.3354,0.97541,-0.41594,0,0.00039289,1.3354,-1,0.97541,-0.41594,-1,-0.12046,-0.67056,0,0,0,0,0,0,0,0
0,0,0,0,0,0,0,0,1.0444,0.15115,-0.57567,-1,0.99941,0.00023207,-0.00014512,0,0,0,1.2228,999,999,999,0.43449,0.62022,0.99185,0,0,0,0,0,0,0,0,0,0,0,0,0,0,0,0,0,0,0,0,0,0,0,0,0,0,0,0,0,0,0,0,0,0,0,0,0,0,0.0050519,1.0444,-1,0.98315,0,0,0,0,0,0,0,0,0,0,0,1
0,0,0,0,0,0,0,0,0.44198,0.58956,-0.99172,-1,-0.016809,-7.9135e-06,1.4761e-06,0,0,0,0.51604,999,999,999,0.7128,0.37484,0.35467,0.97342,0.1125,4.0136e-07,9999,1,1,800.78,6.3477,0.14845,0,0,0,0,0,0,0,0,1,999,999,999,0,0,0,0,0,0,0,0,0,0,0,0,0,0,0,0,0,0,0,0,0,-0.56811,-1,-0.016809,-0.86357,0,0,0,0,0,0,0,1
0,0,0,0,0,0,0,0,0.59082,0.99533,-0.60608,1,-0.97573,1.5736e-06,0,0,0,0,0.60964,999,999,999,0.8729,0.36114,0,0,0,0,0,0,0,0,0,0,0,0,0,0,0,0,0,0,0,0,0,0,0,0,0,0,0,0,0,0,0,0,0,0,0,0,0,0,0,0.045871,0.59082,1,0.38864,0,0,0,0,0,0,0,0,0,0,0,1
0,0,0,0,0,0,0,0,1.1535,0,0.30592,-1,0.99996,-0.030238,0.020042,2,1,0.49678,1.3991,999,999,999,0.28632,0.21394,0.77046,0,0,0,0,0,0,0,0,0,0,0,0,0,0,0,0,0,0,0,0,0,0,0,0,0,0,0,0,0,0,0,0,0,0,0,0,0,0,0.0059627,1.1535,-1,0.92973,0,0,0,0,0,0,0,0,0,0,0,1
0,0,0,0,0,0,0,0,0.4692,1.6228,-0.96927,-1,0.0069704,-6.5891e-05,8.3409e-06,1,0,0,0.59308,999,999,999,0.45688,0.6567,0.4941,0.44675,0.1173,3.365e-07,9999,1,-1,1855.5,14.062,0.093933,0,0,0,0,0,0,0,0,1,999,999,999,0,0,0,0,0,0,0,0,0,0,0,0,0,0,0,0,0,0,0,0,0,0.026597,1,6.5638e-06,0.3432,0,0,0,0,0,0,0,1
0,0,0,0,0,0,0,0,1.2329,0.18632,0.72507,-1,-0.035037,0.028893,-0.00028332,0,0,0,2.1743,999,999,999,1.2574,1.8954,0.5167,0,0,0,0,0,0,0,0,0,0,0,0,0,0,0,0,0,0,0,0,0,0,0,0,0,0,0,0,0,0,0,0,0,0,0,0,0,0,0.029028,1.5941,1,0.99871,0,0,0,0,0,0,0,0,0,0,0,0
0,0,0,0,0,0,0,0,2.1654,0,-0.98593,-1,-0.2731,-0.0070683,3.8196e-05,0,0,0,1.5774,-2.1654,-0.99852,-0.52442,0.93342,1.5793,0.5427,0,0,0,0,0,0,0,0,0,0,0,0,0,0,0,0,0,0,0,0,0,0,0,0,0,0,0,0,0,0,0,0,0,0,0,0,0,0,0.00050834,2.1654,-1,0.99852,0,0,0,0,0,0,0,0,0,0,0,0
0,0,0,0,0,0,0,0,1.0161,0.99002,-0.26919,-1,-0.04065,-0.00012755,-8.9967e-05,1,0,0,1.3254,-1.0161,-0.47506,-0.48262,1.0735,0.78016,0.84706,0.51316,0.23261,3.8916e-07,9999,1,1,957.03,6.8359,0.13988,0,0,0,0,0,0,0,0,1,0.73272,0.89679,-0.83982,0,0,0,0,0,10,0.23261,3.8916e-07,9999,1,957.03,6.8359,0.13988,0.73272,0.89679,-0.83982,6,0.007884,0.73272,-1,0.89679,0.37348,-1,-8.9967e-05,-0.00031918,0,0,0,0,0,0,0,1
0,0,0,0,0,0,0,0,0.65203,0.88375,0.74854,-1,0.99852,-0.92893,-0.0011045,0,0,0,0.98261,0.562,-0.65686,-0.40874,0.38898,0.3502,0.82649,0.081739,0.14721,2.2499e-06,9999,1,1,0,5.0293,0.23722,0,0,0,0,0,0,0,0,1,0.54936,0.7664,-0.17557,0,0,0,0,0,10,0.20738,0.92893,9999,-1,0,12.012,0.3502,0.562,0.65686,-0.67337,-22,0.017682,0.65203,-1,0.71047,0.9323,1,0.99852,0.0013283,0,0,0,0,0,0,0,0
0,0,0,0,0,0,0,0,2.1635,0.10138,-0.70981,1,0.96335,-0.050836,-4.6332e-07,0,0,0,2.7536,999,999,999,2.2046,1.8374,0.18414,0.99832,0.12555,4.6332e-07,9999,1,-1,473.63,4.6875,0.18414,0,0,0,0,0,0,0,0,1,2.1635,0.99715,-0.99979,0,0,0,0,0,10,0.12555,4.6332e-07,9999,-1,473.63,4.6875,0.18414,2.1635,0.99715,-0.99979,-2,0.00040992,2.1635,1,0.99715,-0.99979,1,0.96335,0.90527,0,0,0,0,0,0,0,1
0,0,0,0,0,0,0,0,0.66413,1.2197,-0.98445,1,0.85843,0.038375,0.0011117,0,0,0,1.2665,0.73559,0.95334,-0.63644,0.65903,1.0463,0.95902,0,0,0,0,0,0,0,0,0,0,0,0,0,0,0,0,0,0,0,0,0,0,0,0,0,0,0,0,0,0,0,0,0,0,0,0,0,0,0.012769,0.73559,1,0.95334,0,0,0,0,0,0,0,0,0,0,0,0
0,0,0,0,0,0,0,0,0.62565,1.1201,-0.58816,-1,0.99605,-7.8006e-05,-3.9485e-06,2,1,0.50291,0.93712,999,999,999,0.57081,0.709,0.3209,0.91968,0.12161,3.7585e-07,9999,0,-1,673.83,3.9551,0.12978,0,0,0,0,0,0,0,0,1,999,999,999,0,0,0,0,0,10,0.24838,2.2279e-06,9999,1,507.81,3.0762,0.39375,0.62565,0.94592,-0.71367,9,0.010215,0.62565,-1,0.94592,0.88283,1,0.99605,0.75548,0,0,0,0,0,0,0,1
0,0,0,0,0,0,0,0,0.59868,0.64413,0.56884,-1,-0.99964,-0.95542,-1.536e-05,0,0,0,0.808,-0.59868,0.78042,-0.8386,0.40711,0.96267,0.53515,0.54839,0.19882,1.0361e-06,9999,1,1,507.81,3.7109,0.31527,0,0,0,0,0,0,0,0,1,0.59868,0.78042,-0.029401,0,0,0,0,0,10,0.19882,1.0361e-06,9999,1,507.81,3.7109,0.31527,0.59868,0.78042,-0.029401,5,0.017281,0.59868,-1,0.78042,-0.029401,-1,-0.95542,-0.006211,0,0,0,0,0,0,0,0
0.90828,0.57904,-0.61079,-1,0,0,0,0,1.6266,0.57904,-0.89983,1,-0.0003932,8.6591e-05,-1.9996e-05,0,0,0,1.6512,999,999,999,0.63458,2.2339,0.45992,0.92531,0.16933,6.5163e-07,9999,1,1,546.88,4.2969,0.25001,0,0,0,0,0,0,0,0,1,999,999,999,0,0,0,0,0,0,0,0,0,0,0,0,0,0,0,0,0,0.007968,1.6266,1,0.89688,0.25093,-1,-0.0003932,-0.60747,0.90828,0.57904,-0.61079,-1,1,0.0084131,0.57872,0
0,0,0,0,0,0,0,0,1.0253,1.159,0.68243,1,-0.99932,0.99408,-0.97338,1,0,0,1.2781,-0.56422,0.95721,-0.96476,0.36337,0.5927,0.86647,0.49203,0.064141,1.2292e-06,9999,0,-1,0,12.305,0.1157,0,0,0,0,0,0,0,0,1,0.56642,0.91014,-0.091584,0,0,0,0,0,10,0.064141,1.2292e-06,9999,-1,0,12.305,0.1157,0.56642,0.91014,-0.091584,-0,0.0074932,1.0253,1,0.98479,-0.091584,1,0.99408,0.71293,0,0,0,0,0,0,0,0
0,0,0,0,0,0,0,0,0.86433,0.049669,0.0088826,1,0.73331,0.34502,-1.4045e-06,1,1,0.49665,0.82474,0.86433,0.90436,-0.62215,0.62911,1.2677,0.34952,0.54624,0.061599,1.2503e-06,9999,0,-1,0,8.9844,0.12558,0,1,0,0,0,0,0,0,1,1.0914,0.86945,-0.14706,0,0,0,0,0,10,0.061599,1.2503e-06,9999,-1,0,8.9844,0.12558,1.0914,0.86945,-0.14706,-9,0.040031,1.0914,1,0.86945,0.57766,1,0.34502,0.7475,0,0,0,0,0,0,0,1
0,0,0,0,0,0,0,0,1.3812,0,0.11324,1,0.93593,0.049667,-0.017856,0,0,0,1.8495,1.3812,-0.99297,-0.89223,0.3949,1.4856,1.6812,0.87033,0.1633,0.93593,9999,1,1,0,9.1797,0.3949,0,0,0,0,0,0,0,0,1,999,999,999,0,0,0,0,0,0,0,0,0,0,0,0,0,0,0,0,0,0.0031491,1.3812,1,0.99297,0.79277,-1,-0.017856,-0.00018085,0,0,0,0,0,0,0,1
0,0,0,0,0,0,0,0,0.37326,0.099173,-0.10639,1,1.6261e-05,5.4246e-06,-4.3057e-07,1,1,0.49964,0.35362,999,999,999,0.5367,0.34514,0.16669,0,0,0,0,0,0,0,0,0,0,0,0,0,0,0,0,0,0,0,0,0,0,0,0,0,0,0,0,0,0,0,0,0,0,0,0,0,0,0,0,0,0,0,0,0,0,0,0,0,0,0,0,0,0
0,0,0,0,0,0,0,0,1.0471,0.58238,-0.92269,-1,-0.030986,0.0049853,4.7793e-06,1,0,0,0.96526,999,999,999,1.4748,0.22587,0.3354,0,0,0,0,0,0,0,0,0,0,0,0,0,0,0,0,0,0,0,0,0,0,0,0,0,0,0,0,0,0,0,0,0,0,0,0,0,0,0.023719,1.0471,-1,0.97111,0,0,0,0,0,0,0,0,0,0,0,1
0,0,0,0,0,0,0,0,0.57607,0.97641,0.27602,1,-0.99574,0.99522,0.00043775,0,0,0,0.78338,999,999,999,0.58488,0.42995,0.75346,0.22437,0.2001,6.1677e-07,9999,1,-1,556.64,4.4434,0.24073,0,0,0,0,0,0,0,0,1,999,999,999,0,0,0,0,0,0,0,0,0,0,0,0,0,0,0,0,0,0.001047,0.57607,1,0.88909,-0.36031,1,0.99522,0.0015649,0,0,0,0,0,0,0,0
0,0,0,0,0,0,0,0,1.5143,0.62772,-0.61275,-1,-0.30842,-0.073634,-0.001003,0,0,0,1.4534,-1.5143,-0.95864,-0.97435,1.16,1.0021,1.0667,0.28993,0.16192,5.4531e-07,9999,1,1,620.12,4.7852,0.21827,0,0,0,0,0,0,0,0,1,0.96497,0.58187,-0.17348,0,0,0,0,0,10,0.16192,5.4531e-07,9999,1,620.12,4.7852,0.21827,0.96497,0.58187,-0.17348,0,0.0162,1.5143,-1,0.95864,0.30605,-1,-0.001003,-0.039702,0,0,0,0,0,0,0,0
0.33068,1.8346,-0.68795,1,0,0,0,0,0.3558,1.3158,-0.9759,-1,-0.99956,-0.00018089,8.1987e-06,2,0,0,0.72575,999,999,999,0.4185,0.11547,0.37794,0.75638,0.12004,1.811e-06,9999,0,-1,0,4.834,0.20878,0,0,0,0,0,0,0,0,1,999,999,999,0,0,0,0,0,0,0,0,0,0,0,0,0,0,0,0,0,0,0,0,0,-0.045325,-1,-0.99956,-0.49376,0.33068,1.8346,-0.68795,1,1,0.041091,0.92628,1
0,0,0,0,0,0,0,0,1.7123,0.8037,-0.98648,-1,-0.038005,0.001985,-0.00051585,0,0,0,1.8665,-0.59391,0.64851,-0.58667,1.8534,0.57864,0.83379,0.082163,0.16544,3.4297e-07,9999,1,1,1347.7,12.5,0.10057,0,0,0,0,0,0,0,0,1,1.7123,0.94352,-0.23154,0,0,0,0,0,10,0.16544,3.4297e-07,9999,1,1347.7,12.5,0.10057,1.7123,0.94352,-0.23154,6,0.004885,1.7123,-1,0.94352,0.14141,-1,-0.00051585,-0.012744,0,0,0,0,0,0,0,0
0,0,0,0,0,0,0,0,0.26786,0.10663,-0.34795,-1,0.5917,-5.7358e-07,0,0,0,0,0.79136,999,999,999,0.94328,0.22779,0,0,0,0,0,0,0,0,0,0,0,0,0,0,0,0,0,0,0,0,0,0,0,0,0,0,0,0,0,0,0,0,0,0,0,0,0,0,0,0.029403,0.75142,1,0.96544,0,0,0,0,0,0,0,0,0,0,0,0
0,0,0,0,0,0,0,0,0.23917,0.19393,0.559,1,0.00049747,-0.00020138,-6.8317e-05,2,1,0.49258,0.78773,999,999,999,0.28112,0.9058,0.62988,0.33195,0.13464,1.2168e-06,9999,0,1,0,24.609,0.078608,0,0,0,0,0,0,0,0,1,0.64859,0.72335,-0.68368,0,0,0,0,0,10,0.13464,1.2168e-06,9999,1,0,24.609,0.078608,0.64859,0.72335,-0.68368,4,0,0,0,0,0.3241,-1,-4.2339e-06,-0.18413,0,0,0,0,0,0,0,1
0,0,0,0,0,0,0,0,0.50475,0.08385,0.10559,1,0.99998,-0.50898,0.13234,1,0,0,0.47977,999,999,999,0.26062,1.1771,0.74735,0,0,0,0,0,0,0,0,0,0,0,0,0,0,0,0,0,0,0,0,0,0,0,0,0,0,0,0,0,0,0,0,0,0,0,0,0,0,0.030939,0.50475,1,0.42973,0,0,0,0,0,0,0,0,0,0,0,0
0,0,0,0,0,0,0,0,1.5392,0.37513,-0.9243,1,0.95416,0.00011174,-4.0589e-06,0,0,0,1.1748,0.61816,0.73122,-0.58438,1.0712,0.76528,0.4427,0.10547,0.22248,3.0671e-06,9999,1,1,507.81,3.418,0.30189,0,0,0,0,0,0,0,0,1,999,999,999,0,0,0,0,0,0,0,0,0,0,0,0,0,0,0,0,0,0.010332,1.5392,1,0.945,0.062673,-1,-4.0589e-06,-0.00024466,0,0,0,0,0,0,0,1
0.46529,0.79327,0.47396,1,0,0,0,0,1.891,0.58507,-0.94976,-1,-0.00014041,4.5746e-05,-1.3967e-05,0,0,0,2.0057,999,999,999,2.1113,0.56904,0.42427,0,0,0,0,0,0,0,0,0,0,0,0,0,0,0,0,0,0,0,0,0,0,0,0,0,0,0,0,0,0,0,0,0,0,0,0,0,0,0.01925,1.891,-1,0.9736,0,0,0,0,0.46529,0.79327,0.47396,1,1,0.01269,0.52391,0
0,0,0,0,1.4929,0.3868,-0.62892,-1,0.41005,0.36085,0.46077,1,-0.17705,7.6247e-06,0,0,0,0,1.1927,999,999,999,2.2462,0.37203,0,0,0,0,0,0,0,0,0,0,0,0,0,0,0,0,0,0,0,0,0,0,0,0,0,0,0,0,0,0,0,0,0,0,0,0,0,0,0,0.01627,1.4929,-1,0.89708,0,0,0,0,0,0,0,0,0,0,0,0
0,0,0,0,0,0,0,0,0.86855,1.2037,-0.74218,-1,0.99876,-0.9706,-0.92729,0,0,0,1.2046,0.55323,0.84596,-0.94546,0.4817,0.44543,1.0873,0,0,0,0,0,0,0,0,0,0,0,0,0,0,0,0,0,0,0,0,0,0,0,0,0,0,0,0,0,0,0,0,0,0,0,0,0,0,0.0054045,0.86855,-1,0.59855,0,0,0,0,0,0,0,0,0,0,0,0
0,0,0,0,0,0,0,0,0.32772,1.1367,-0.63201,-1,0.00018663,-5.9539e-05,4.4345e-05,0,0,0,0.87276,999,999,999,0.85709,0.63261,0.56803,0,0,0,0,0,0,0,0,0,0,0,0,0,0,0,0,0,0,0,0,0,0,0,0,0,0,0,0,0,0,0,0,0,0,0,0,0,0,0.012415,0.56721,1,0.62233,0,0,0,0,0,0,0,0,0,0,0,1
0,0,0,0,0,0,0,0,1.1366,0.10821,-0.75383,-1,-0.94648,4.251e-05,0,0,0,0,1.2433,999,999,999,1.4734,0.5605,0,0,0,0,0,0,0,0,0,0,0,0,0,0,0,0,0,0,0,0,0,0,0,0,0,0,0,0,0,0,0,0,0,0,0,0,0,0,0,0.011272,1.1366,-1,0.97103,0,0,0,0,0,0,0,0,0,0,0,0
0,0,0,0,0,0,0,0,1.2497,0.18469,-0.12575,-1,0.99999,-0.032228,0,0,0,0,1.1832,999,999,999,0.22357,1.1765,0,0,0,0,0,0,0,0,0,0,0,0,0,0,0,0,0,0,0,0,0,0,0,0,0,0,0,0,0,0,0,0,0,0,0,0,0,0,0,0.002657,1.2497,-1,0.84314,0,0,0,0,0,0,0,0,0,0,0,1
0,0,0,0,0,0,0,0,0.96507,0.56789,-0.62156,-1,-0.0063316,5.9732e-05,-5.9879e-06,1,0,0,1.2,999,999,999,1.0121,0.62214,0.35282,0.49798,0.12778,3.8572e-07,9999,0,1,185.55,2.9297,0.13735,0,0,0,0,0,0,0,0,1,999,999,999,0,0,0,0,0,0,0,0,0,0,0,0,0,0,0,0,0,0.0061508,0.96507,-1,0.98047,0.56342,-1,-0.0063316,-0.28114,0,0,0,0,0,0,0,0
0,0,0,0,0,0,0,0,1.3759,0.30391,-0.89283,1,0.72599,-0.00012921,-4.8982e-05,1,1,0.50103,1.1205,999,999,999,2.3069,0.79559,0.55084,0,0,0,0,0,0,0,0,0,0,0,0,0,0,0,0,0,0,0,0,0,0,0,0,0,0,0,0,0,0,0,0,0,0,0,0,0,0,0.090377,1.3759,1,0.99611,0,0,0,0,0,0,0,0,0,0,0,0
0,0,0,0,0,0,0,0,1.0065,0.21849,0.88343,-1,-0.97825,0.0063585,7.7451e-07,2,1,0.49872,0.83739,999,999,999,0.83165,0.77935,0.27673,0.97443,0.16057,7.7451e-07,9999,0,1,546.88,5.5664,0.27673,0,0,0,0,0,0,0,0,1,1.0065,0.99654,-0.96336,0,0,0,0,0,10,0.16057,7.7451e-07,9999,1,546.88,5.5664,0.27673,1.0065,0.99654,-0.96336,2,0.0060944,1.0065,-1,0.99654,-0.96336,-1,-0.97825,-0.82416,0,0,0,0,0,0,0,0
0,0,0,0,0,0,0,0,1.7854,0.40235,-0.63819,-1,-0.49677,-0.00036585,1.3055e-06,0,0,0,2.1414,-1.7854,0.97044,-0.87345,1.1594,2.0166,0.34174,0.90424,0.18169,5.6821e-07,9999,1,1,585.94,3.8086,0.22605,0,0,0,0,0,0,0,0,1,1.7854,0.97044,-0.93676,0,0,0,0,0,10,0.24016,1.3055e-06,9999,1,761.72,3.2715,0.34174,1.2782,0.95912,-0.71586,8,0.014527,1.7854,-1,0.97044,0.75521,-1,-0.49677,-0.41483,0,0,0,0,0,0,0,0
0,0,0,0,1.0346,0,0.2534,-1,1.3732,0.82497,-0.93749,-1,-0.094942,-0.0086967,5.8655e-07,0,0,0,1.6105,-1.0346,-0.86897,-0.56385,1.8261,1.4295,0.23186,0,0,0,0,0,0,0,0,0,0,0,0,0,0,0,0,0,0,0,0,0,0,0,0,0,0,0,0,0,0,0,0,0,0,0,0,0,0,0.0061372,1.3732,-1,0.89646,0,0,0,0,0,0,0,0,0,0,0,0
0,0,0,0,0,0,0,0,1.0396,0.32316,-0.63622,1,0.98457,0.10156,-4.1098e-07,1,0,0,1.1519,1.0396,0.82513,-0.55532,0.47531,1.1739,0.15478,0.58778,0.16851,3.5581e-07,9999,0,-1,957.03,6.1523,0.1128,0,0,0,0,0,0,0,0,1,1.0396,0.82513,-0.029386,0,0,0,0,0,10,0.16851,3.5581e-07,9999,-1,957.03,6.1523,0.1128,1.0396,0.82513,-0.029386,-8,0.004893,1.0396,1,0.82513,0.83321,1,0.98457,0.064042,0,0,0,0,0,0,0,1
0,0,0,0,0,0,0,0,0.85993,0.55565,-0.54532,1,0.81463,-0.00023502,-1.0947e-06,1,1,0.50222,0.85081,999,999,999,1.1878,0.26481,0.32187,0,0,0,0,0,0,0,0,0,0,0,0,0,0,0,0,0,0,0,0,0,0,0,0,0,0,0,0,0,0,0,0,0,0,0,0,0,0,0.00010162,0.85993,1,0.7224,0,0,0,0,0,0,0,0,0,0,0,1
0,0,0,0,0,0,0,0,0.79677,0.91974,-0.074332,1,0.98442,-0.84519,-6.7067e-05,2,1,0.49766,0.88814,999,999,999,0.78227,0.2025,0.64942,0.25534,0.059057,1.2486e-06,9999,1,-1,0,8.7891,0.12493,0,0,0,0,0,0,0,0,1,999,999,999,0,0,0,0,0,10,0.19919,0.84519,9999,-1,0,26.562,0.2025,0.79677,0.89147,-0.10375,-22,0.011559,0.79677,1,0.89147,0.27279,1,0.98442,0.63159,0,0,0,0,0,0,0,1
0,0,0,0,0,0,0,0,1.3402,0.40524,-0.78453,-1,-0.0091405,0.0086348,0.00063928,3,0,0,1.0812,999,999,999,1.0756,0.60586,0.38993,0.9447,0.15447,6.8835e-07,9999,1,1,502.93,4.1016,0.25887,0,0,0,0,0,0,0,0,1,1.3402,0.86918,-0.77434,0,0,0,0,0,10,0.15447,6.8835e-07,9999,1,502.93,4.1016,0.25887,1.3402,0.86918,-0.77434,2,0.0033719,1.3402,-1,0.86918,-0.77434,-1,-0.0091405,-0.7477,0,0,0,0,0,0,0,0
0,0,0,0,0,0,0,0,0.75027,0.67016,-0.47744,1,0.00021715,-6.8619e-05,1.6568e-05,0,0,0,0.98826,999,999,999,0.95003,0.62933,0.44065,0,0,0,0,0,0,0,0,0,0,0,0,0,0,0,0,0,0,0,0,0,0,0,0,0,0,0,0,0,0,0,0,0,0,0,0,0,0,0.012859,0.75027,1,0.84309,0,0,0,0,0,0,0,0,0,0,0,0
0,0,0,0,0,0,0,0,1.1888,1.3164,-0.9263,-1,0.0011303,-0.00052551,-0.00014335,1,0,0,1.2136,999,999,999,0.83929,0.94705,0.95662,0,0,0,0,0,0,0,0,0,0,0,0,0,0,0,0,0,0,0,0,0,0,0,0,0,0,0,0,0,0,0,0,0,0,0,0,0,0,0.0087755,1.1888,-1,0.88663,0,0,0,0,0,0,0,0,0,0,0,0
0,0,0,0,1.8795,0.39057,-0.71829,1,1.2288,0.75598,-0.10875,-1,0.35987,-0.098918,0.084972,0,0,0,1.7959,1.8795,-0.96616,-0.95988,0.91699,1.7885,1.4869,0,0,0,0,0,0,0,0,0,0,0,0,0,0,0,0,0,0,0,0,0,0,0,0,0,0,0,0,0,0,0,0,0,0,0,0,0,0,0.0052623,1.8795,1,0.96616,0,0,0,0,0,0,0,0,0,0,0,1
0,0,0,0,0,0,0,0,0.46346,0.73746,0.242,1,0.99992,-0.0098448,-0.0096908,3,0,0,1.0794,0.70071,-0.98698,-0.29807,0.31306,0.50036,0.50252,0.68364,0.21765,2.0951e-06,9999,1,-1,590.82,5.4199,0.27319,0,0,0,0,0,0,0,0,1,0.70071,0.98698,-0.79081,0,0,0,0,0,10,0.21783,0.99992,9999,1,1484.4,12.305,0.31306,0.55554,0.58891,-0.0032081,3,0.0020913,0.70071,1,0.98698,-0.3018,1,0.99992,0.0030304,0,0,0,0,0,0,0,0
0,0,0,0,0,0,0,0,0.64567,0.29477,0.51549,-1,-0.99864,0.0050475,-0.00040108,1,0,0,0.84049,-0.64567,0.89397,-0.92975,0.41646,0.83749,0.70834,0.97975,0.14525,4.2088e-07,9999,1,1,917.97,6.2012,0.16096,0,0,0,0,0,0,0,0,1,0.64567,0.89397,-0.92242,0,0,0,0,0,10,0.21939,0.00023316,9999,1,600.59,0,0.26338,0.64567,0.89397,-0.26444,6,0.018591,0.64567,-1,0.89397,0.85838,-1,-0.99864,-0.86093,0,0,0,0,0,0,0,0
0,0,0,0,0,0,0,0,1.1208,1.0176,-0.91077,1,0.075977,-0.00031907,-0.00023311,1,0,0,1.1204,999,999,999,1.5137,0.31023,0.36548,0.91638,0.091796,3.6212e-07,9999,1,1,683.59,10.449,0.1184,0,0,0,0,0,0,0,0,1,999,999,999,0,0,0,0,0,10,0.18628,6.1708e-05,9999,-1,5000,9.082,0.12907,1.1208,0.92335,-0.87919,-4,0.001332,1.1208,1,0.92335,0.96941,-1,-0.00023311,-0.78487,0,0,0,0,0,0,0,0
0,0,0,0,0,0,0,0,0.6437,0.66783,-0.41243,-1,-0.040544,-2.4308e-05,3.213e-06,1,0,0,0.56872,-0.6437,-0.69066,-0.37605,0.87345,0.48169,0.30521,0.76874,0.13087,5.184e-07,9999,1,1,581.05,4.2969,0.20827,0,0,0,0,0,0,0,0,1,0.6437,0.69066,-0.094543,0,0,0,0,0,10,0.13087,5.184e-07,9999,1,581.05,4.2969,0.20827,0.6437,0.69066,-0.094543,5,0.0047618,0.6437,-1,0.69066,0.069805,-1,-0.040544,-0.49949,0,0,0,0,0,0,0,0
0,0,0,0,0.48921,0.11001,-0.18126,1,0.26698,0.30628,0.0043125,-1,-1,-0.015229,0.0092234,3,0,0,0.40344,999,999,999,0.18521,0.83969,0.77712,0.47387,0.12855,3.8083e-07,9999,1,1,1181.6,6.0059,0.13366,0,0,0,0,0,0,0,0,1,999,999,999,0,0,0,0,0,0,0,0,0,0,0,0,0,0,0,0,0,0,0,0,0,0.42069,-1,-1,-0.26606,0,0,0,0,0,0,0,0
0,0,0,0,0,0,0,0,1.3276,0,0.020006,-1,-0.98317,-0.077613,0.00010911,0,0,0,1.5179,-1.3276,-0.91379,-0.84922,0.47857,1.2876,0.84332,0,0,0,0,0,0,0,0,0,0,0,0,0,0,0,0,0,0,0,0,0,0,0,0,0,0,0,0,0,0,0,0,0,0,0,0,0,0,0.001734,1.3276,-1,0.91379,0,0,0,0,0,0,0,0,0,0,0,0
0,0,0,0,0,0,0,0,1.1646,0,-0.99126,-1,-0.07353,0.00052438,2.9323e-05,0,0,0,1.363,999,999,999,1.1827,0.76973,0.50482,0,0,0,0,0,0,0,0,0,0,0,0,0,0,0,0,0,0,0,0,0,0,0,0,0,0,0,0,0,0,0,0,0,0,0,0,0,0,0.013839,1.1646,-1,0.99126,0,0,0,0,0,0,0,0,0,0,0,0
0,0,0,0,0,0,0,0,1.537,0.11006,-0.098146,1,-0.9601,0.015,0,0,0,0,1.5749,999,999,999,1.3224,1.292,0,0,0,0,0,0,0,0,0,0,0,0,0,0,0,0,0,0,0,0,0,0,0,0,0,0,0,0,0,0,0,0,0,0,0,0,0,0,0,0.020935,1.537,1,0.98738,0,0,0,0,0,0,0,0,0,0,0,0
0,0,0,0,0,0,0,0,0.74284,0.68077,-0.97874,-1,-0.99999,-2.1118e-05,1.3074e-05,1,0,0,0.58295,999,999,999,0.21415,0.4658,0.41817,0,0,0,0,0,0,0,0,0,0,0,0,0,0,0,0,0,0,0,0,0,0,0,0,0,0,0,0,0,0,0,0,0,0,0,0,0,0,0.025168,0.74284,-1,0.97934,0,0,0,0,0,0,0,0,0,0,0,1
0,0,0,0,0,0,0,0,2.1321,0,-0.50889,1,0.029883,-8.2731e-05,-6.5972e-05,0,0,0,1.469,999,999,999,3.4622,0.72706,0.64424,0,0,0,0,0,0,0,0,0,0,0,0,0,0,0,0,0,0,0,0,0,0,0,0,0,0,0,0,0,0,0,0,0,0,0,0,0,0,0.021645,2.1321,1,0.99369,0,0,0,0,0,0,0,0,0,0,0,1
0.64396,1.262,-0.8705,1,0,0,0,0,0.96031,0.29191,0.10794,-1,-0.96983,-0.57321,0.386,0,0,0,1.1246,-0.96031,-0.89385,-0.87297,0.81389,0.82353,1.0172,0.84654,0.12988,4.6442e-07,9999,1,1,76.904,7.8125,0.18468,0,0,0,0,0,0,0,0,1,0.96031,0.89385,-0.87596,0,0,0,0,0,10,0.12988,4.6442e-07,9999,1,76.904,7.8125,0.18468,0.96031,0.89385,-0.87596,2,0.0021477,0.96031,-1,0.89385,0.83515,-1,-0.96983,-0.61416,0.64396,1.262,-0.8705,1,1,0.0037539,0.26577,0
0,0,0,0,0,0,0,0,0.40592,0.77059,0.59034,1,0.99997,0.36006,-0.0048031,1,0,0,0.68592,999,999,999,0.27407,1.1471,0.73176,0,0,0,0,0,0,0,0,0,0,0,0,0,0,0,0,0,0,0,0,0,0,0,0,0,0,0,0,0,0,0,0,0,0,0,0,0,0,0.010009,0.52953,-1,0.80504,0,0,0,0,0,0,0,0,0,0,0,1
0,0,0,0,0,0,0,0,1.5954,0,-0.71934,1,0.95757,0.93379,-1.3903e-06,1,1,0.49485,1.7777,1.5954,0.99536,-0.70713,1.2714,2.0991,0.34845,0.23894,0.19168,1.23e-06,9999,1,1,0,6.25,0.11615,0,0,0,0,0,0,0,0,1,999,999,999,0,0,0,0,0,10,0.22681,7.3129e-07,9999,-1,507.81,3.8574,0.26822,1.5954,0.99536,-0.70631,-5,0.009243,1.5954,1,0.99536,0.26186,1,0.95757,0.0016003,0,0,0,0,0,0,0,1
0,0,0,0,0,0,0,0,1.1915,1.238,-0.80936,1,0.071882,0.033878,0.00069602,1,0,0,1.6767,999,999,999,1.1706,0.47724,1.0583,0.96352,0.086569,1.2302e-06,9999,1,-1,0,11.816,0.11623,0,0,0,0,0,0,0,0,1,1.1915,0.7034,-0.55422,0,0,0,0,0,10,0.086569,1.2302e-06,9999,-1,0,11.816,0.11623,1.1915,0.7034,-0.55422,-2,0.0020248,1.1915,1,0.7034,-0.55422,1,0.071882,0.84797,0,0,0,0,0,0,0,1
0,0,0,0,1.974,0.27233,-0.96371,1,1.1156,0.32589,0.88013,1,0.97003,0.00017942,1.4242e-06,2,0,0,1.4437,1.974,0.99063,-0.96425,0.8527,3.1539,0.16609,0.57498,0.18261,5.8592e-07,9999,1,-1,551.76,3.9062,0.23166,0,0,0,0,0,0,0,0,1,1.974,0.99063,-0.49391,0,0,0,0,0,10,0.18261,5.8592e-07,9999,-1,551.76,3.9062,0.23166,1.974,0.99063,-0.49391,-0,0.0031735,1.974,1,0.99063,0.60841,1,0.97003,0.024419,0,0,0,0,0,0,0,1
0,0,0,0,0,0,0,0,1.0571,0.17571,0.61328,1,0.86336,-0.80217,-0.00010515,0,0,0,1.2278,0.69402,-0.99929,-0.96552,1.6326,0.75634,0.42573,0.88197,0.10674,1.3537e-06,9999,1,-1,0,6.4453,0.15352,0,0,0,0,0,0,0,0,1,0.69402,0.99929,-0.87981,0,0,0,0,0,10,0.10674,1.3537e-06,9999,-1,0,6.4453,0.15352,0.69402,0.99929,-0.87981,-2,0.032301,1.0571,1,0.96388,0.72595,1,0.86336,0.72862,0,0,0,0,0,0,0,1
0,0,0,0,0,0,0,0,1.7672,0.53383,-0.41821,-1,-0.00032532,-0.00022274,4.6123e-07,0,0,0,2.45,-1.8344,-0.99688,-0.87354,2.3918,1.9093,0.1831,0.86793,0.24911,4.6123e-07,9999,1,1,673.83,5.5176,0.1831,0,0,0,0,0,0,0,0,1,1.7672,0.87239,-0.79627,0,0,0,0,0,10,0.24911,4.6123e-07,9999,1,673.83,5.5176,0.1831,1.7672,0.87239,-0.79627,6,0.0036837,1.8344,-1,0.99688,0.82737,-1,-0.00022274,-0.0027688,0,0,0,0,0,0,0,1
0,0,0,0,0,0,0,0,0.62204,0.25402,-0.79397,-1,-0.00043232,-5.7742e-05,5.0833e-05,4,2,0.50113,0.61495,999,999,999,0.64888,0.54469,0.59438,0.83145,0.14833,1.2136e-06,9999,1,1,0,12.109,0.10345,0,0,0,0,0,0,0,0,1,999,999,999,0,0,0,0,0,0,0,0,0,0,0,0,0,0,0,0,0,0.0073935,0.62204,-1,0.93761,0.86608,-1,-1.2681e-05,-0.47964,0,0,0,0,0,0,0,0
0,0,0,0,0,0,0,0,1.1604,0,-0.99268,1,0.95692,-1.2208e-06,0,1,0,0,1.0541,999,999,999,1.0574,0.07535,0,0.93507,0.114,1.2208e-06,9999,0,-1,0,20.117,0.07535,0,0,0,0,0,0,0,0,1,999,999,999,0,0,0,0,0,0,0,0,0,0,0,0,0,0,0,0,0,0.0014087,1.1604,1,0.99268,0.8892,1,0.95692,0.79607,0,0,0,0,0,0,0,1
0,0,0,0,0,0,0,0,0.52524,2.2492,-0.90714,-1,0.00029729,-7.8559e-05,3.8921e-05,2,2,0.49792,0.91249,0.53457,-0.77366,-0.10343,0.30094,0.73219,0.5457,0.78549,0.17683,4.3373e-07,9999,0,1,771.48,4.1992,0.1685,0,1,0,0,0,0,0,0,1,999,999,999,0,0,0,0,0,0,0,0,0,0,0,0,0,0,0,0,0,0.013231,0.53457,1,0.77366,0.77057,1,3.8921e-05,0.0021766,0,0,0,0,0,0,0,0
0,0,0,0,0,0,0,0,0.89912,0,-0.89661,1,0.03788,-0.00018732,-5.25e-05,2,0,0,0.73853,999,999,999,1.4122,0.80829,0.60165,0,0,0,0,0,0,0,0,0,0,0,0,0,0,0,0,0,0,0,0,0,0,0,0,0,0,0,0,0,0,0,0,0,0,0,0,0,0,0.003161,0.89912,1,0.89785,0,0,0,0,0,0,0,0,0,0,0,0
0,0,0,0,0,0,0,0,0.56264,0,-0.96584,1,7.0829e-05,0,0,0,1,0.50277,0.56309,999,999,999,0.67753,0,0,0,0,0,0,0,0,0,0,0,0,0,0,0,0,0,0,0,0,0,0,0,0,0,0,0,0,0,0,0,0,0,0,0,0,0,0,0,0,0.014503,0.56264,1,0.96584,0,0,0,0,0,0,0,0,0,0,0,0
0,0,0,0,0,0,0,0,1.4944,0.084558,-0.93344,-1,-3.0566e-05,-3.0257e-05,1.1151e-05,2,1,0.49815,1.6087,999,999,999,1.8854,0.50895,0.40395,0,0,0,0,0,0,0,0,0,0,0,0,0,0,0,0,0,0,0,0,0,0,0,0,0,0,0,0,0,0,0,0,0,0,0,0,0,0,0.015209,1.4944,-1,0.98398,0,0,0,0,0,0,0,0,0,0,0,0
0,0,0,0,0,0,0,0,1.9055,0,-0.99516,1,0.12263,-0.007306,-4.8997e-06,1,0,0,1.9298,999,999,999,2.1163,0.266,0.33731,0,0,0,0,0,0,0,0,0,0,0,0,0,0,0,0,0,0,0,0,0,0,0,0,0,0,0,0,0,0,0,0,0,0,0,0,0,0,0.0055768,1.9055,1,0.99759,0,0,0,0,0,0,0,0,0,0,0,1
0,0,0,0,0,0,0,0,0.60781,0.77819,-0.25912,-1,-0.12712,-9.4736e-05,3.1568e-05,1,0,0,1.0005,999,999,999,1.0005,0.78006,0.51468,0,0,0,0,0,0,0,0,0,0,0,0,0,0,0,0,0,0,0,0,0,0,0,0,0,0,0,0,0,0,0,0,0,0,0,0,0,0,0.026974,0.60347,-1,0.89503,0,0,0,0,0,0,0,0,0,0,0,0
0,0,0,0,0,0,0,0,0.3636,1.193,0.20704,-1,-1.457e-05,4.5709e-06,0,1,0,0,0.36062,999,999,999,0.42824,0.332,0,0,0,0,0,0,0,0,0,0,0,0,0,0,0,0,0,0,0,0,0,0,0,0,0,0,0,0,0,0,0,0,0,0,0,0,0,0,0,0,0,0,0,0,0,0,0,0,0,0,0,0,0,0,0
0,0,0,0,1.2295,1.0632,0.8261,1,1.8462,0.56595,-0.8511,-1,0.082577,-0.00017447,-8.6031e-05,1,0,0,1.8664,999,999,999,1.0553,0.14693,2.7141,0.96875,0.13108,3.3775e-07,9999,1,1,1679.7,11.328,0.095238,0,0,0,0,0,0,0,0,1,1.8462,0.99943,-0.97509,0,0,0,0,0,10,0.13108,3.3775e-07,9999,1,1679.7,11.328,0.095238,1.8462,0.99943,-0.97509,2,0.006952,1.8462,-1,0.99943,0.31885,-1,-1.2124e-06,-0.84802,0,0,0,0,0,0,0,0
0,0,0,0,0,0,0,0,0.69805,0.53144,0.65146,-1,0.25831,-7.7376e-05,-3.3998e-07,0,0,0,0.85051,999,999,999,1.4401,0.68052,0.097545,0.3054,0.1459,3.3998e-07,9999,1,-1,415.04,11.035,0.097545,0,0,0,0,0,0,0,0,1,0.90387,0.72827,-0.39354,0,0,0,0,0,10,0.1459,3.3998e-07,9999,-1,415.04,11.035,0.097545,0.90387,0.72827,-0.39354,-0,0.018624,0.90387,1,0.72827,-0.39354,1,0.25831,0.107,0,0,0,0,0,0,0,1
0.36858,0.65701,-0.95406,1,0.94142,0.57315,-0.77437,-1,0.40102,0.2324,0.23041,1,0.00023635,-8.99e-05,1.3507e-05,0,0,0,1.0318,999,999,999,0.82088,0.76189,0.42116,0,0,0,0,0,0,0,0,0,0,0,0,0,0,0,0,0,0,0,0,0,0,0,0,0,0,0,0,0,0,0,0,0,0,0,0,0,0,0.021653,0.94142,-1,0.7738,0,0,0,0,0.36858,0.65701,-0.95406,1,1,0.015157,0.99998,0
0,0,0,0,1.6272,0.59346,0.10414,1,0,0,0,0,0.033202,-0.019294,0,0,0,0,2.1953,999,999,999,1.8391,1.6285,0,0,0,0,0,0,0,0,0,0,0,0,0,0,0,0,0,0,0,0,0,0,0,0,0,0,0,0,0,0,0,0,0,0,0,0,0,0,0,0.0024825,1.6272,1,0.99088,0,0,0,0,0,0,0,0,0,0,0,0
0,0,0,0,0,0,0,0,0.82814,1.0936,-0.66588,-1,-0.010178,1.2098e-06,0,0,0,0,0.82823,999,999,999,1.0454,0.09666,0,0.45849,0.15341,1.2098e-06,9999,1,1,0,22.852,0.09666,0,0,0,0,0,0,0,0,1,0.82814,0.78236,-0.33871,0,0,0,0,0,10,0.15341,1.2098e-06,9999,1,0,22.852,0.09666,0.82814,0.78236,-0.33871,5,0.0074575,0.82814,-1,0.78236,-0.33871,-1,-0.010178,-0.099714,0,0,0,0,0,0,0,0
0,0,0,0,0,0,0,0,0.91257,0.91967,-0.5038,1,-0.027936,-0.022371,0.019724,1,0,0,2.255,999,999,999,1.6701,0.98466,1.4886,0.65879,0.11044,1.3039e-06,9999,0,-1,0,1.3794,0.044252,0,0,0,0,0,0,0,0,1,0.97078,0.92006,-0.85662,0,0,0,0,0,10,0.11044,1.3039e-06,9999,-1,0,1.3794,0.044252,0.97078,0.92006,-0.85662,-5,0.020528,1.631,-1,0.96542,0.006788,1,0.015575,0.53066,0,0,0,0,0,0,0,1
2.2253,0.21027,-0.95261,1,0,0,0,0,0,0,0,0,-0.002962,4.9023e-05,0,0,0,0,2.0117,999,999,999,0.77445,1.875,0,0,0,0,0,0,0,0,0,0,0,0,0,0,0,0,0,0,0,0,0,0,0,0,0,0,0,0,0,0,0,0,0,0,0,0,0,0,0,0.019262,2.2253,1,0.94649,0,0,0,0,0.77342,0.18962,0.33892,-1,2,0.032344,0.83028,1
0,0,0,0,0,0,0,0,0.80044,0.056921,-0.7822,-1,-0.93157,-0.051919,0.00024082,3,1,0.49195,0.86369,999,999,999,1.1917,1.1609,0.83868,0.89962,0.089558,4.051e-07,9999,1,-1,722.66,4.834,0.15095,0,0,0,0,0,0,0,0,1,999,999,999,0,0,0,0,0,0,0,0,0,0,0,0,0,0,0,0,0,0.030514,0.80044,-1,0.9603,0.92454,1,0.00024082,0.76825,0,0,0,0,0,0,0,1
0,0,0,0,0,0,0,0,1.0582,0.32639,0.73389,-1,-0.98302,-0.0023135,3.5906e-05,0,0,0,0.88873,-1.0582,-0.96898,-0.58768,0.47959,0.79841,0.53294,0,0,0,0,0,0,0,0,0,0,0,0,0,0,0,0,0,0,0,0,0,0,0,0,0,0,0,0,0,0,0,0,0,0,0,0,0,0,0.0030236,1.0582,-1,0.96898,0,0,0,0,0,0,0,0,0,0,0,1
0,0,0,0,0,0,0,0,0.55537,0.81513,0.10184,1,-0.99168,0.00029557,-0.00017644,2,2,0.50008,0.62612,999,999,999,0.62117,0.76332,0.17931,0,0,0,0,0,0,0,0,0,0,0,0,0,0,0,0,0,0,0,0,0,0,0,0,0,0,0,0,0,0,0,0,0,0,0,0,0,0,0.015562,0.55537,1,0.98655,0,0,0,0,0,0,0,0,0,0,0,0
0.90507,1.4752,-0.89348,1,0,0,0,0,0.83594,0.77678,0.60943,-1,-0.99999,0.61048,-0.16083,1,0,0,1.1217,-0.83594,0.8443,-0.89767,0.21532,1.0598,1.3184,0,0,0,0,0,0,0,0,0,0,0,0,0,0,0,0,0,0,0,0,0,0,0,0,0,0,0,0,0,0,0,0,0,0,0,0,0,0,0.018462,0.90507,1,0.92207,0,0,0,0,0.90507,1.4752,-0.89348,1,1,0.018462,0.92207,0
0,0,0,0,0,0,0,0,0.97759,0.67472,-0.25198,-1,0.80731,-0.73206,-0.00015182,1,0,0,1.2036,999,999,999,0.16453,1.2468,0.6821,0.71654,0.087642,1.248e-06,9999,0,1,0,7.9102,0.12466,0,0,0,0,0,0,0,0,1,0.97759,0.95817,-0.66334,0,0,0,0,0,10,0.087642,1.248e-06,9999,1,0,7.9102,0.12466,0.97759,0.95817,-0.66334,5,0.021426,0.97759,-1,0.95817,-0.66334,-1,-0.73206,-0.6837,0,0,0,0,0,0,0,1
0,0,0,0,0.76249,0.2265,-0.6037,-1,1.0933,0.54534,-0.95436,-1,-0.027093,-0.00045744,0.0001754,2,0,0,1.3677,999,999,999,1.3042,0.9575,0.13842,0.69456,0.16633,0.0001754,9999,0,1,859.38,0,0.13842,0,0,0,0,0,0,0,0,1,999,999,999,0,0,0,0,0,0,0,0,0,0,0,0,0,0,0,0,0,0.0056523,1.0933,-1,0.89336,0.77477,-1,-0.027093,-0.12741,0,0,0,0,0,0,0,0
0.64807,1.1474,-0.3989,1,0,0,0,0,0.50365,0.63205,-0.0024466,-1,-0.99971,0.095164,-6.9904e-05,3,1,0.49925,1.009,-0.57105,0.68366,-0.69144,0.33074,0.97007,0.68008,0,0,0,0,0,0,0,0,0,0,0,0,0,0,0,0,0,0,0,0,0,0,0,0,0,0,0,0,0,0,0,0,0,0,0,0,0,0,0.020051,0.50365,-1,0.76971,0,0,0,0,0.64807,1.1474,-0.3989,1,1,0.023654,0.52388,1
0,0,0,0,0,0,0,0,0.70802,0.35075,-0.61995,-1,-0.021693,1.3438e-06,-1.2144e-06,1,0,0,0.57518,999,999,999,1.0637,0.15149,0.10436,0.77156,0.086067,1.2144e-06,9999,0,-1,0,12.207,0.10436,0,0,0,0,0,0,0,0,1,999,999,999,0,0,0,0,0,10,0.23033,1.3438e-06,9999,1,0,6.7383,0.15149,0.70802,0.74259,-0.84796,6,0.0018355,0.70802,-1,0.74259,-0.35393,1,1.3438e-06,0.70329,0,0,0,0,0,0,0,0
0,0,0,0,0,0,0,0,0.74945,0.19041,-0.79272,-1,-0.99953,0.998,-0.28584,1,0,0,0.68819,-0.74945,0.59562,-0.38734,0.35182,0.51728,1.2101,0,0,0,0,0,0,0,0,0,0,0,0,0,0,0,0,0,0,0,0,0,0,0,0,0,0,0,0,0,0,0,0,0,0,0,0,0,0,0,0,0,0,0,0,0,0,0,0,0,0,0,0,0,1
0,0,0,0,0,0,0,0,0.58027,0.40573,0.86134,-1,-0.092281,-0.0014996,-0.00019057,2,0,0,0.80354,-0.75161,-0.72678,-0.56604,0.91469,0.46284,0.21627,0.46597,0.069998,1.2365e-06,9999,1,-1,0,9.5703,0.11956,0,0,0,0,0,0,0,0,1,0.90138,0.94666,-0.29658,0,0,0,0,0,10,0.069998,1.2365e-06,9999,-1,0,9.5703,0.11956,0.90138,0.94666,-0.29658,-4,0.015403,0.90138,1,0.94666,-0.29658,1,7.451e-05,0.66909,0,0,0,0,0,0,0,1
0,0,0,0,0,0,0,0,0.86402,0.33053,0.13139,1,0.015256,-0.00064661,0.00029862,0,1,0.49738,1.2641,0.81782,-0.51465,-0.087103,1.2365,0.44433,0.94794,0.83951,0.2274,5.8309e-07,9999,0,-1,561.52,3.3203,0.23079,0,0,0,0,0,0,0,0,1,0.86402,0.87614,-0.5557,0,0,0,0,0,10,0.17691,4.4692e-07,9999,-1,644.53,5.0781,0.17575,0.86402,0.87614,-0.63118,-6,0.010178,0.86402,1,0.87614,0.87434,1,0.00029862,0.01048,0,0,0,0,0,0,0,0
0,0,0,0,0.53747,0.99381,-0.44005,1,0.53951,0.79837,-0.0049859,1,0.97681,-0.931,0.090026,1,0,0,1.535,0.53951,-0.90855,-0.52721,0.8882,0.96946,0.85922,0,0,0,0,0,0,0,0,0,0,0,0,0,0,0,0,0,0,0,0,0,0,0,0,0,0,0,0,0,0,0,0,0,0,0,0,0,0,0.0017603,0.75795,1,0.82255,0,0,0,0,0,0,0,0,0,0,0,1
0,0,0,0,0,0,0,0,0.53671,0.83577,-0.082247,1,0.00012246,-4.5893e-05,-5.5441e-06,3,1,0.49711,0.68607,999,999,999,0.74279,0.57427,0.34683,0.56683,0.17197,4.4454e-07,9999,1,1,683.59,4.9316,0.17448,0,0,0,0,0,0,0,0,1,999,999,999,0,0,0,0,0,0,0,0,0,0,0,0,0,0,0,0,0,0.0082501,0.53671,1,0.38646,-0.38748,-1,-4.5893e-05,-0.047802,0,0,0,0,0,0,0,1
0,0,0,0,0,0,0,0,0.5294,0.67729,-0.32443,1,1.0099e-05,1.213e-06,3.3861e-07,1,0,0,0.50398,999,999,999,0.50697,0.10269,0.096133,0.27739,0.18282,3.3861e-07,9999,1,1,1777.3,14.062,0.096133,0,0,0,0,0,0,0,0,1,999,999,999,0,0,0,0,0,0,0,0,0,0,0,0,0,0,0,0,0,0.011564,0.5294,1,0.86673,0,0,0,0,0,0,0,0,0,0,0,1
0,0,0,0,0.78817,0.11246,-0.02194,-1,1.5428,0.11246,-0.74886,1,-0.11149,-0.034621,0.028635,0,0,0,1.4419,-0.78817,0.53489,-0.12259,0.82531,1.1267,1.1565,0,0,0,0,0,0,0,0,0,0,0,0,0,0,0,0,0,0,0,0,0,0,0,0,0,0,0,0,0,0,0,0,0,0,0,0,0,0,0.010211,1.5428,1,0.84031,0,0,0,0,0,0,0,0,0,0,0,0
0,0,0,0,0,0,0,0,1.8648,0.64401,0.47129,1,-1,0.00014919,-7.282e-05,2,0,0,1.1334,999,999,999,0.1675,3.0536,0.68472,0.31326,0.15916,7.2752e-07,9999,1,-1,493.16,4.5898,0.26744,0,0,0,0,0,0,0,0,1,999,999,999,0,0,0,0,0,0,0,0,0,0,0,0,0,0,0,0,0,0.045713,1.008,-1,0.99796,0.36641,1,0.00014919,0.05128,0,0,0,0,0,0,0,1
0,0,0,0,0,0,0,0,1.6752,0.34644,-0.49741,-1,-0.049347,2.9038e-05,-1.2346e-06,1,0,0,1.7216,999,999,999,1.7311,0.50301,0.11857,0.99486,0.086911,1.2346e-06,9999,0,-1,0,9.7656,0.11857,0,0,0,0,0,0,0,0,1,0.5952,0.73047,-0.67321,0,0,0,0,0,10,0.086911,1.2346e-06,9999,-1,0,9.7656,0.11857,0.5952,0.73047,-0.67321,-2,0.012732,1.6752,-1,0.98743,-0.67321,1,2.9038e-05,0.89328,0,0,0,0,0,0,0,1
0,0,0,0,0,0,0,0,0.64158,0.27198,0.1415,-1,-0.011859,0.00017413,-3.2177e-05,1,0,0,0.72968,999,999,999,1.0033,0.15523,0.36936,0.444,0.20972,0.00017413,9999,0,1,761.72,0,0.15523,0,0,0,0,0,0,0,0,1,0.64158,0.73727,-0.26802,0,0,0,0,0,10,0.20972,0.00017413,9999,1,761.72,0,0.15523,0.64158,0.73727,-0.26802,4,0.0068296,0.66187,1,0.93301,0.3597,-1,-3.2177e-05,-0.001658,0,0,0,0,0,0,0,0
0,0,0,0,0,0,0,0,1.0172,0.91997,-0.70928,1,0.99323,0.97903,-0.81127,0,0,0,1.1986,999,999,999,0.62222,0.97589,0.69825,0,0,0,0,0,0,0,0,0,0,0,0,0,0,0,0,0,0,0,0,0,0,0,0,0,0,0,0,0,0,0,0,0,0,0,0,0,0,0.0067764,1.0172,1,0.71673,0,0,0,0,0,0,0,0,0,0,0,1
0.29438,0.36624,-0.5495,1,0,0,0,0,0.47954,0.36624,-0.91664,1,-0.00063108,2.0132e-05,-1.5073e-05,2,0,0,0.76478,999,999,999,0.37752,0.46064,0.43146,0.27474,0.19195,3.4872e-07,9999,1,1,566.41,3.0273,0.10619,0,0,0,0,0,0,0,0,1,999,999,999,0,0,0,0,0,0,0,0,0,0,0,0,0,0,0,0,0,0,0,0,0,0.70281,-1,-0.00063108,-0.003727,0.29438,0.36624,-0.5495,1,1,0.032079,0.30678,1
0,0,0,0,0,0,0,0,1.3182,0.23772,-0.32994,-1,-0.44902,-0.030255,0.001609,2,0,0,1.5329,-1.3182,0.968,-0.35402,1.229,1.6232,0.81372,0.10517,0.22149,4.4991e-07,9999,1,1,644.53,4.9805,0.17732,0,0,0,0,0,0,0,0,1,999,999,999,0,0,0,0,0,0,0,0,0,0,0,0,0,0,0,0,0,0.0076675,1.3182,-1,0.968,0.72841,-1,-3.1141e-05,-0.00025754,0,0,0,0,0,0,0,0
0.67761,0.16107,0.27765,-1,0,0,0,0,1.65,0.043282,-0.87431,1,-0.045287,0.034998,-0.00094935,1,1,0.50329,1.7171,-0.67761,0.72375,-0.008534,1.2447,1.7225,0.56284,0,0,0,0,0,0,0,0,0,0,0,0,0,0,0,0,0,0,0,0,0,0,0,0,0,0,0,0,0,0,0,0,0,0,0,0,0,0,0.0091319,1.65,1,0.99888,0,0,0,0,0.67761,0.16107,0.27765,-1,1,0.024858,0.72375,1
0,0,0,0,0,0,0,0,0.44879,0.52736,-0.96739,-1,0.78062,0.0053318,-0.0029562,2,0,0,0.43441,999,999,999,0.13788,0.59449,0.70138,0.91152,0.19357,0.78062,9999,0,1,0,45.312,0.13788,0,0,0,0,0,0,0,0,1,999,999,999,0,0,0,0,0,0,0,0,0,0,0,0,0,0,0,0,0,0,0,0,0,0.99341,-1,-3.0672e-06,-0.00012484,0,0,0,0,0,0,0,1
0,0,0,0,0,0,0,0,0.98338,0.27248,-0.41623,-1,-0.90932,0.00027225,2.1353e-05,0,1,0.50153,1.0495,999,999,999,0.88444,0.79587,0.46701,0.09489,0.16049,3.9362e-07,9999,1,-1,800.78,9.082,0.14309,0,1,0,0,0,0,0,0,1,999,999,999,0,0,0,0,0,0,0,0,0,0,0,0,0,0,0,0,0,0.0027276,0.98338,-1,0.81782,0.14254,1,0.00027225,0.019902,0,0,0,0,0,0,0,0
1.7548,0.52075,-0.96099,-1,0,0,0,0,0,0,0,0,0.00087619,-8.8305e-05,0,1,1,0.5035,1.2197,999,999,999,0.3424,2.7253,0,0,0,0,0,0,0,0,0,0,0,0,0,0,0,0,0,0,0,0,0,0,0,0,0,0,0,0,0,0,0,0,0,0,0,0,0,0,0,0.0086546,1.7548,-1,0.89284,0,0,0,0,0,0,0,0,0,0,0,0
0,0,0,0,0,0,0,0,1.5454,0.55197,0.52299,1,0.11252,0.012502,-0.0099863,0,0,0,1.6797,1.5454,-0.98889,-0.99767,0.94043,1.5465,0.69835,0.29045,0.092067,1.3182e-06,9999,1,-1,0,6.3477,0.14581,0,0,0,0,0,0,0,0,1,1.5454,0.98889,-0.14839,0,0,0,0,0,10,0.092067,1.3182e-06,9999,-1,0,6.3477,0.14581,1.5454,0.98889,-0.14839,-6,0.0033028,1.5454,1,0.98889,0.08063,1,0.11252,0.47782,0,0,0,0,0,0,0,1
0,0,0,0,0,0,0,0,0.93728,1.7464,-0.98572,1,0.60394,0.0039249,-6.5101e-06,1,0,0,0.90797,999,999,999,1.5142,0.5953,0.3594,0.60909,0.2049,7.954e-07,9999,0,1,473.63,3.2715,0.28056,0,0,0,0,0,0,0,0,1,999,999,999,0,0,0,0,0,0,0,0,0,0,0,0,0,0,0,0,0,0.0018047,0.93728,1,0.53823,0.61266,-1,-6.5101e-06,-0.0051653,0,0,0,0,0,0,0,1
0,0,0,0,0,0,0,0,1.0344,0.41859,-0.49654,1,0.97674,-0.91509,0.00036896,4,0,0,1.1725,999,999,999,0.27398,0.76753,0.84215,0.88582,0.16593,5.0351e-07,9999,0,1,634.77,4.4922,0.20228,0,0,0,0,0,0,0,0,1,999,999,999,0,0,0,0,0,0,0,0,0,0,0,0,0,0,0,0,0,0.0042395,1.0344,1,0.79002,-0.70578,-1,-0.91509,-0.4875,0,0,0,0,0,0,0,1
0,0,0,0,0,0,0,0,0.82349,1.5323,0.81833,-1,-0.00034998,7.2557e-06,-1.1605e-06,0,0,0,0.89208,999,999,999,1.0641,0.36803,0.32865,0.82989,0.24008,1.1605e-06,9999,1,-1,468.75,3.1738,0.32865,0,0,0,0,0,0,0,0,1,999,999,999,0,0,0,0,0,0,0,0,0,0,0,0,0,0,0,0,0,0.01281,0.82349,-1,0.81518,0.22647,1,7.2557e-06,0.002827,0,0,0,0,0,0,0,0
0,0,0,0,0,0,0,0,0.48774,0.97606,0.1149,1,0.89729,0.00020366,8.2776e-05,2,0,0,0.98105,999,999,999,0.26991,0.41692,0.6796,0.63617,0.057969,1.2097e-06,9999,0,-1,0,17.773,0.096128,0,0,0,0,0,0,0,0,1,0.61536,0.71975,-0.070933,0,0,0,0,0,10,0.057969,1.2097e-06,9999,-1,0,17.773,0.096128,0.61536,0.71975,-0.070933,-2,0.0087259,0.61536,1,0.71975,0.056501,1,0.89729,0.77377,0,0,0,0,0,0,0,1
0,0,0,0,0,0,0,0,0.69922,1.4817,-0.79086,1,-0.00055883,-0.00054573,0.00035883,4,1,0.49977,1.2293,999,999,999,0.31704,0.30888,1.0019,0.93372,0.16579,3.9661e-07,9999,0,1,908.2,6.4453,0.14519,0,0,0,0,0,0,0,0,1,999,999,999,0,0,0,0,0,0,0,0,0,0,0,0,0,0,0,0,0,0.032494,0.77264,1,0.99389,0.98065,-1,-0.00055883,-0.66199,0,0,0,0,0,0,0,0
0,0,0,0,0,0,0,0,0.92164,0.57084,-0.85669,-1,-0.51093,-0.0062128,2.324e-05,1,0,0,1.2812,999,999,999,1.0589,1.2499,0.36245,0,0,0,0,0,0,0,0,0,0,0,0,0,0,0,0,0,0,0,0,0,0,0,0,0,0,0,0,0,0,0,0,0,0,0,0,0,0,0.020041,0.92164,-1,0.75132,0,0,0,0,0,0,0,0,0,0,0,0
0,0,0,0,0,0,0,0,1.4335,0.51106,-0.96104,1,0.13959,-0.00074487,0.00064369,0,0,0,0.86308,999,999,999,0.88227,0.86272,0.45314,0,0,0,0,0,0,0,0,0,0,0,0,0,0,0,0,0,0,0,0,0,0,0,0,0,0,0,0,0,0,0,0,0,0,0,0,0,0,0.061451,1.4335,1,0.94195,0,0,0,0,0,0,0,0,0,0,0,0
0,0,0,0,0,0,0,0,1.0502,1.0008,-0.43708,1,0.83038,-0.00028833,6.5362e-06,2,0,0,1.3745,999,999,999,1.2798,1.1356,0.3728,0,0,0,0,0,0,0,0,0,0,0,0,0,0,0,0,0,0,0,0,0,0,0,0,0,0,0,0,0,0,0,0,0,0,0,0,0,0,0.0033612,1.0502,1,0.73762,0,0,0,0,0,0,0,0,0,0,0,1
0,0,0,0,0,0,0,0,0.55497,2.1049,-0.97438,1,-0.15353,-0.00020926,8.2463e-05,0,0,0,1.0919,999,999,999,1.1848,0.80122,0.75933,0,0,0,0,0,0,0,0,0,0,0,0,0,0,0,0,0,0,0,0,0,0,0,0,0,0,0,0,0,0,0,0,0,0,0,0,0,0,0.032734,0.88844,-1,0.37309,0,0,0,0,0,0,0,0,0,0,0,0
0.43803,0.66607,-0.0033902,-1,0,0,0,0,1.8766,0.60094,-0.79329,1,0.044513,-2.8281e-05,0,0,0,0,0.73532,999,999,999,1.1536,0.47571,0,0,0,0,0,0,0,0,0,0,0,0,0,0,0,0,0,0,0,0,0,0,0,0,0,0,0,0,0,0,0,0,0,0,0,0,0,0,0,0.025644,1.8766,1,0.97438,0,0,0,0,0.43803,0.66607,-0.0033902,-1,1,0.017091,0.34072,1
0,0,0,0,0,0,0,0,0.47136,1.1122,-0.56338,-1,-5.9392e-05,6.3241e-06,0,0,0,0,0.51064,999,999,999,0.61455,0.35711,0,0,0,0,0,0,0,0,0,0,0,0,0,0,0,0,0,0,0,0,0,0,0,0,0,0,0,0,0,0,0,0,0,0,0,0,0,0,0,0,0,0,0,0,0,0,0,0,0,0,0,0,0,0,1
0.72573,0.77549,0.5073,-1,0,0,0,0,1.0148,0.97513,-0.6531,1,-0.99872,-0.76886,0.028407,1,0,0,1.2619,-0.72573,-0.79121,-0.24265,0.48429,0.12512,1.4618,0.18384,0.052072,1.2106e-06,9999,1,-1,0,3.2227,0.098727,0,0,0,0,0,0,0,0,1,1.0148,0.72394,-0.41933,0,0,0,0,0,10,0.21302,0.76886,9999,-1,0,61.719,0.12512,1.0148,0.72394,-0.22736,-22,0.021961,1.0148,1,0.72394,0.40468,1,1.3095e-05,0.65261,0.72573,0.77549,0.5073,-1,1,0.00062931,0.79121,0
0,0,0,0,1.236,0,-0.99042,1,0,0,0,0,0.0038454,0,0,0,0,0,1.0635,999,999,999,1.0636,0,0,0,0,0,0,0,0,0,0,0,0,0,0,0,0,0,0,0,0,0,0,0,0,0,0,0,0,0,0,0,0,0,0,0,0,0,0,0,0,0.0089603,1.236,1,0.98828,0,0,0,0,0,0,0,0,0,0,0,1
0,0,0,0,0,0,0,0,1.7601,0.1142,-0.93744,-1,-0.99952,-0.75711,0.00018223,0,0,0,1.247,999,999,999,0.37299,2.7777,0.19902,0.2694,0.21386,0.99952,9999,1,-1,2402.3,10.449,0.37299,0,0,0,0,0,0,0,0,1,999,999,999,0,0,0,0,0,0,0,0,0,0,0,0,0,0,0,0,0,0.013135,1.7601,-1,0.99538,-0.16972,1,0.00018223,1.6455e-05,0,0,0,0,0,0,0,0
0,0,0,0,0,0,0,0,1.557,0,0.3823,1,0.27075,-0.11653,0.00027595,1,0,0,1.4891,1.557,-0.97414,-0.20958,1.2286,2.4592,1.1671,0,0,0,0,0,0,0,0,0,0,0,0,0,0,0,0,0,0,0,0,0,0,0,0,0,0,0,0,0,0,0,0,0,0,0,0,0,0,0.018098,1.557,1,0.97414,0,0,0,0,0,0,0,0,0,0,0,1
0,0,0,0,0,0,0,0,0.6738,0.35419,0.76185,-1,-0.023442,0.00043494,-0.00021074,3,1,0.49682,0.52,999,999,999,1.0729,0.7147,0.24311,0.73192,0.17748,5.4165e-07,9999,1,-1,551.76,4.248,0.21696,0,0,0,0,0,0,0,0,1,999,999,999,0,0,0,0,0,0,0,0,0,0,0,0,0,0,0,0,0,0.066919,0.6738,-1,0.92899,0.011487,1,2.9217e-05,0.094489,0,0,0,0,0,0,0,0
0,0,0,0,0,0,0,0,1.1178,1.0974,-0.92726,-1,-0.99997,0.98962,-0.011423,1,1,0.49744,1.294,-1.1178,0.90493,-0.87353,0.29825,0.45948,1.5051,0.71889,0.16544,5.3753e-07,9999,0,1,634.77,3.9062,0.21548,0,0,0,0,0,0,0,0,1,999,999,999,0,0,0,0,0,10,0.24815,2.0063e-06,9999,-1,498.05,3.7109,0.26989,0.51688,0.8974,-0.82337,-6,0.021098,1.1178,-1,0.90493,0.88386,1,0.98962,0.00071823,0,0,0,0,0,0,0,1
0,0,0,0,0,0,0,0,0.66136,0.09868,-0.99221,1,3.9103e-05,-1.4234e-05,2.7246e-06,0,0,0,0.74502,999,999,999,0.54646,0.42604,0.29299,0,0,0,0,0,0,0,0,0,0,0,0,0,0,0,0,0,0,0,0,0,0,0,0,0,0,0,0,0,0,0,0,0,0,0,0,0,0,0.013385,0.66136,1,0.90453,0,0,0,0,0,0,0,0,0,0,0,0
1.835,0.20416,-0.88613,1,0,0,0,0,0.50182,0.94042,0.85896,-1,0.0007302,-5.738e-05,0,0,0,0,1.596,999,999,999,1.527,0.61378,0,0,0,0,0,0,0,0,0,0,0,0,0,0,0,0,0,0,0,0,0,0,0,0,0,0,0,0,0,0,0,0,0,0,0,0,0,0,0,0.007421,1.835,1,0.96761,0,0,0,0,0,0,0,0,0,0,0,1
0,0,0,0,0,0,0,0,0.80231,1.2862,-0.82886,1,0.041248,-3.4096e-05,2.7302e-05,1,0,0,1.0789,999,999,999,1.0069,0.5255,0.49571,0.42442,0.22776,4.6696e-06,9999,1,-1,473.63,3.8086,0.33363,0,0,0,0,0,0,0,0,1,0.80231,0.86499,-0.063722,0,0,0,0,0,10,0.22776,4.6696e-06,9999,-1,473.63,3.8086,0.33363,0.80231,0.86499,-0.063722,-5,0.0055569,0.75491,-1,0.62874,-0.063722,1,0.041248,0.00036955,0,0,0,0,0,0,0,1
0,0,0,0,0,0,0,0,1.9616,0.94209,-0.86667,-1,-0.99982,-0.045863,-0.00017937,0,0,0,2.0212,-1.9616,0.98519,-0.42675,0.37228,2.8335,0.76781,0,0,0,0,0,0,0,0,0,0,0,0,0,0,0,0,0,0,0,0,0,0,0,0,0,0,0,0,0,0,0,0,0,0,0,0,0,0,0.0045412,1.9616,-1,0.98519,0,0,0,0,0,0,0,0,0,0,0,0
0,0,0,0,0,0,0,0,1.0611,0.53446,-0.59924,-1,-0.55281,-0.04205,0.0066385,1,0,0,1.2095,999,999,999,0.81217,1.2398,0.9598,0,0,0,0,0,0,0,0,0,0,0,0,0,0,0,0,0,0,0,0,0,0,0,0,0,0,0,0,0,0,0,0,0,0,0,0,0,0,0.0030355,1.0611,-1,0.85667,0,0,0,0,0,0,0,0,0,0,0,1
0,0,0,0,0,0,0,0,0.18514,0.078547,0.49093,-1,-0.56682,1.2476e-05,-3.7882e-06,1,0,0,0.78962,999,999,999,1.5357,0.39331,0.31777,0.41937,0.18514,4.2532e-07,9999,1,-1,664.06,6.0059,0.16362,0,0,0,0,0,0,0,0,1,999,999,999,0,0,0,0,0,0,0,0,0,0,0,0,0,0,0,0,0,0.0024821,0.9489,-1,0.94328,0.90521,1,1.4543e-06,0.011437,0,0,0,0,0,0,0,1
0,0,0,0,0,0,0,0,0.69078,0.75397,-0.28376,-1,-0.00017432,-5.7712e-05,-3.6996e-05,2,0,0,0.87286,-0.69078,0.39726,-0.40057,0.1628,0.61491,0.53771,0.6465,0.041898,1.2111e-06,9999,0,1,0,14.453,0.085658,0,0,0,0,0,0,0,0,1,0.69078,0.39726,-0.81687,0,0,0,0,0,10,0.091508,1.2244e-06,9999,1,0,4.6387,0.072826,0.69078,0.39726,-0.26623,11,0.013408,0.54197,-1,0.98865,0.86825,-1,-3.6996e-05,-0.76803,0,0,0,0,0,0,0,1
1.9618,0.34484,-0.98985,-1,0,0,0,0,0,0,0,0,0.00021913,-0.00017293,0,1,0,0,1.7667,999,999,999,0.25146,1.7709,0,0,0,0,0,0,0,0,0,0,0,0,0,0,0,0,0,0,0,0,0,0,0,0,0,0,0,0,0,0,0,0,0,0,0,0,0,0,0,0.017786,1.9618,-1,0.9994,0,0,0,0,0,0,0,0,0,0,0,0
0.42584,1.4128,-0.17715,-1,0,0,0,0,0.82297,0.66984,-0.58576,1,-0.018003,0.0066823,0.0014224,0,0,0,1.1782,999,999,999,0.98302,0.75962,0.8315,0,0,0,0,0,0,0,0,0,0,0,0,0,0,0,0,0,0,0,0,0,0,0,0,0,0,0,0,0,0,0,0,0,0,0,0,0,0,0.0027871,0.82297,1,0.89602,0,0,0,0,0.42584,1.4128,-0.17715,-1,1,0.034141,0.89098,1
1.6163,0.13085,-0.86142,1,0,0,0,0,0.81426,0.46503,-0.69007,-1,0.010701,-7.8436e-05,4.5911e-05,4,0,0,1.7238,1.6163,0.94672,-0.91877,0.95512,0.659,2.037,0.52152,0.13527,3.4764e-07,9999,1,-1,1699.2,13.281,0.10516,0,0,0,0,0,0,0,0,1,1.6163,0.94672,-0.7629,0,0,0,0,0,10,0.13527,3.4764e-07,9999,-1,1699.2,13.281,0.10516,1.6163,0.94672,-0.7629,-2,0.006938,1.6163,1,0.94672,0.6606,1,1.2503e-06,0.23341,0,0,0,0,0,0,0,1
0,0,0,0,0,0,0,0,0.64794,1.6377,-0.94954,-1,-0.95897,-0.00010014,5.0562e-05,1,0,0,0.82228,999,999,999,0.37675,0.62366,0.59372,0.55568,0.095782,4.2092e-07,9999,1,1,610.35,3.8086,0.16098,0,0,0,0,0,0,0,0,1,999,999,999,0,0,0,0,0,10,0.13031,5.1833e-07,9999,-1,615.23,4.3945,0.20824,0.59973,0.45455,-0.69287,-6,0.01255,0.59973,1,0.45455,0.041777,-1,-0.95897,-0.56294,0,0,0,0,0,0,0,0
1.9551,0.16396,-0.99761,-1,0,0,0,0,0,0,0,0,-0.015057,0,0,0,1,0.49461,1.2613,999,999,999,1.4031,0,0,0,0,0,0,0,0,0,0,0,0,0,0,0,0,0,0,0,0,0,0,0,0,0,0,0,0,0,0,0,0,0,0,0,0,0,0,0,0,0.0021257,1.9551,-1,0.99641,0,0,0,0,0,0,0,0,0,0,0,0
0,0,0,0,0,0,0,0,0.63297,0.88537,-0.73686,1,-6.1641e-05,1.9643e-05,1.7469e-05,0,0,0,0.86028,999,999,999,0.63323,0.45751,0.44593,0.21637,0.10693,4.2081e-07,9999,1,-1,781.25,7.3242,0.16091,0,0,0,0,0,0,0,0,1,999,999,999,0,0,0,0,0,0,0,0,0,0,0,0,0,0,0,0,0,0.0050592,0.63297,1,0.70327,0.1799,1,1.9643e-05,0.36743,0,0,0,0,0,0,0,1
0,0,0,0,0,0,0,0,1.751,1.0411,-0.55148,-1,-0.96056,0.036213,-0.00020134,0,0,0,2.0809,-0.78882,-0.97826,-0.87001,2.51,1.3665,0.8869,0,0,0,0,0,0,0,0,0,0,0,0,0,0,0,0,0,0,0,0,0,0,0,0,0,0,0,0,0,0,0,0,0,0,0,0,0,0,0.002819,1.751,-1,0.89982,0,0,0,0,0,0,0,0,0,0,0,0
0.47646,2.3972,0.56904,-1,0,0,0,0,1.1552,0.74191,0.5591,1,0.90882,0.024404,-0.00069865,0,0,0,1.5468,1.1552,0.91071,-0.20032,0.41841,1.2927,0.57889,0,0,0,0,0,0,0,0,0,0,0,0,0,0,0,0,0,0,0,0,0,0,0,0,0,0,0,0,0,0,0,0,0,0,0,0,0,0,0.0041853,1.1552,1,0.91071,0,0,0,0,0.47646,2.3972,0.56904,-1,1,0.012029,0.81761,1
0,0,0,0,0,0,0,0,0.89974,0.69862,0.2094,-1,-0.95997,-0.0096673,-0.00018359,3,0,0,0.90469,999,999,999,0.74376,4.79,0.20235,0,0,0,0,0,0,0,0,0,0,0,0,0,0,0,0,0,0,0,0,0,0,0,0,0,0,0,0,0,0,0,0,0,0,0,0,0,0,0.003022,0.89974,-1,0.97148,0,0,0,0,0,0,0,0,0,0,0,0
0,0,0,0,0,0,0,0,0.9177,0.58371,-0.46973,-1,-0.96731,-1.2497e-05,3.1291e-06,0,0,0,0.91031,999,999,999,1.4365,0.41407,0.42236,0.54694,0.16826,7.5066e-07,9999,1,1,537.11,4.834,0.27214,0,0,0,0,0,0,0,0,1,0.9177,0.90806,-0.23202,0,0,0,0,0,10,0.16826,7.5066e-07,9999,1,537.11,4.834,0.27214,0.9177,0.90806,-0.23202,5,0.0024027,0.9177,-1,0.90806,-0.23202,-1,-0.96731,-0.055686,0,0,0,0,0,0,0,0
0,0,0,0,0,0,0,0,0.85996,0.96408,0.64246,1,-0.99526,-0.12608,0.081927,1,0,0,1.2372,999,999,999,0.57743,0.64585,0.99204,0.89674,0.083587,1.4195e-06,9999,0,1,0,6.9336,0.16534,0,0,0,0,0,0,0,0,1,0.86082,0.38224,-0.74851,0,0,0,0,0,10,0.083587,1.4195e-06,9999,1,0,6.9336,0.16534,0.86082,0.38224,-0.74851,2,0.0039766,0.85996,1,0.97595,-0.74851,-1,-0.99526,-0.77003,0,0,0,0,0,0,0,0
0,0,0,0,0,0,0,0,0.92807,0,-0.8776,1,0.0086086,-0.00045495,0,0,0,0,0.84198,999,999,999,1.2916,0.59103,0,0,0,0,0,0,0,0,0,0,0,0,0,0,0,0,0,0,0,0,0,0,0,0,0,0,0,0,0,0,0,0,0,0,0,0,0,0,0,0.0016343,0.92807,1,0.93226,0,0,0,0,0,0,0,0,0,0,0,1
0.65898,0.54132,0.6112,-1,0,0,0,0,1.2593,0.21586,-0.90703,1,0.5561,-0.061557,0,0,0,0,1.3023,999,999,999,1.7443,0.90744,0,0,0,0,0,0,0,0,0,0,0,0,0,0,0,0,0,0,0,0,0,0,0,0,0,0,0,0,0,0,0,0,0,0,0,0,0,0,0,0.0048341,1.2593,1,0.94731,0,0,0,0,0.65898,0.54132,0.6112,-1,1,0.019615,0.84166,1
0,0,0,0,0,0,0,0,0.63102,0.90962,0.66033,1,0.0013057,-0.00056694,-3.1736e-06,2,0,0,0.67786,999,999,999,0.87013,0.54337,0.30445,0.16689,0.10785,1.2995e-06,9999,0,1,0,4.4434,0.045314,0,0,0,0,0,0,0,0,1,999,999,999,0,0,0,0,0,10,0.22002,3.8109e-07,9999,-1,917.97,8.3008,0.13386,0.63102,0.79541,-0.81385,-0,0.01184,0.63102,1,0.79541,0.93655,1,1.2995e-06,0.00077997,0,0,0,0,0,0,0,0
1.7257,0.16308,-0.76138,-1,0,0,0,0,0.62257,0.6794,0.47784,1,-0.99824,-5.7566e-05,4.2293e-05,0,0,0,1.7492,-1.7257,0.95336,-0.822,0.427,2.2759,0.55919,0.89993,0.22022,0.99824,9999,1,-1,908.2,7.3242,0.427,0,0,0,0,0,0,0,0,1,999,999,999,0,0,0,0,0,0,0,0,0,0,0,0,0,0,0,0,0,0.010368,1.7257,-1,0.95336,0.53756,1,4.2293e-05,6.6159e-06,0,0,0,0,0,0,0,0
0.79986,0.44791,-0.78415,1,0,0,0,0,0.62294,0.44791,0.3001,-1,0.090822,-0.00069156,-0.00021636,2,0,0,1.068,999,999,999,0.77819,0.61245,0.24883,0.35915,0.19329,3.7157e-07,9999,0,1,576.17,12.207,0.12635,0,0,0,0,0,0,0,0,1,999,999,999,0,0,0,0,0,0,0,0,0,0,0,0,0,0,0,0,0,0.019277,0.79986,1,0.97305,0.7817,-1,-2.865e-06,-0.0047511,0.79986,0.44791,-0.78415,1,1,0.019277,0.97305,1
0,0,0,0,0,0,0,0,0.50398,1.0039,-0.77048,-1,0.00063354,-0.00017888,-0.00013385,2,0,0,0.74554,999,999,999,0.96554,0.18921,0.70128,0,0,0,0,0,0,0,0,0,0,0,0,0,0,0,0,0,0,0,0,0,0,0,0,0,0,0,0,0,0,0,0,0,0,0,0,0,0,0.01097,0.67132,1,0.68625,0,0,0,0,0,0,0,0,0,0,0,1
0,0,0,0,0,0,0,0,1.0116,0.37925,-0.11641,-1,-0.9849,0.97218,0.010705,1,0,0,0.84954,999,999,999,0.62567,0.56577,0.80118,0,0,0,0,0,0,0,0,0,0,0,0,0,0,0,0,0,0,0,0,0,0,0,0,0,0,0,0,0,0,0,0,0,0,0,0,0,0,0.003225,1.0116,-1,0.88223,0,0,0,0,0,0,0,0,0,0,0,1
0,0,0,0,0,0,0,0,0.1806,1.678,-0.69238,1,-0.0001908,1.1336e-05,2.8006e-06,0,0,0,0.72925,999,999,999,0.71999,0.40539,0.4133,0.61519,0.1806,6.7441e-07,9999,1,1,693.36,4.5898,0.2556,0,0,0,0,0,0,0,0,1,999,999,999,0,0,0,0,0,0,0,0,0,0,0,0,0,0,0,0,0,0,0,0,0,0.78517,-1,-0.0001908,-0.034338,0,0,0,0,0,0,0,1
1.3115,0.4357,-0.96738,-1,0,0,0,0,0.14597,0.63087,-0.60912,1,-0.042458,3.6675e-07,0,0,0,0,1.1341,999,999,999,1.1287,0.12235,0,0.79894,0.14597,3.6675e-07,9999,1,1,1064.5,9.4727,0.12235,0,0,0,0,0,0,0,0,1,999,999,999,0,0,0,0,0,0,0,0,0,0,0,0,0,0,0,0,0,0.0041673,1.3115,-1,0.98264,0.76732,-1,-0.042458,-0.43541,0,0,0,0,0,0,0,0
1.2959,0.36109,-0.45804,-1,0,0,0,0,0.45421,1.0017,-0.15945,1,-4.8551e-05,7.7938e-07,3.6718e-07,1,0,0,1.0249,999,999,999,1.9215,0.27764,0.12271,0.30618,0.20447,3.6718e-07,9999,0,1,1035.2,5.2246,0.12271,0,0,0,0,0,0,0,0,1,1.2959,0.97907,-0.12173,0,0,0,0,0,10,0.20447,3.6718e-07,9999,1,1035.2,5.2246,0.12271,1.2959,0.97907,-0.12173,5,0.0089112,1.2959,-1,0.97907,-0.12173,-1,-4.8551e-05,-0.0015498,0,0,0,0,0,0,0,0
0,0,0,0,0,0,0,0,0.57105,0.31671,0.9451,1,0.99647,-0.97129,-0.017587,1,1,0.50017,1.2681,0.57105,-0.96725,-0.76544,0.55832,1.3964,1.4325,0,0,0,0,0,0,0,0,0,0,0,0,0,0,0,0,0,0,0,0,0,0,0,0,0,0,0,0,0,0,0,0,0,0,0,0,0,0,0.0097525,0.97196,-1,0.90366,0,0,0,0,0,0,0,0,0,0,0,1
0,0,0,0,0,0,0,0,0.12995,1.7014,-0.72489,-1,0.99675,-3.1375e-06,-1.2299e-06,1,0,0,0.58,999,999,999,0.55967,0.30359,0.1161,0.36276,0.061104,1.2299e-06,9999,0,-1,0,11.621,0.1161,0,0,0,0,0,0,0,0,1,999,999,999,0,0,0,0,0,0,0,0,0,0,0,0,0,0,0,0,0,0,0,0,0,-0.094503,1,0.99675,0.65728,0,0,0,0,0,0,0,1
0,0,0,0,0,0,0,0,1.2392,0.15367,-0.9614,1,0.9589,-0.0019984,0,0,0,0,0.95244,999,999,999,1.9327,0.48925,0,0,0,0,0,0,0,0,0,0,0,0,0,0,0,0,0,0,0,0,0,0,0,0,0,0,0,0,0,0,0,0,0,0,0,0,0,0,0,0.0019827,1.2392,1,0.93949,0,0,0,0,0,0,0,0,0,0,0,1
0,0,0,0,0,0,0,0,1.2786,0,-0.95704,1,0.96306,-0.00013724,-3.843e-07,0,0,0,1.2558,999,999,999,1.2319,0.34267,0.13629,0.95483,0.14015,3.843e-07,9999,1,-1,996.09,6.0547,0.13629,0,0,0,0,0,0,0,0,1,999,999,999,0,0,0,0,0,0,0,0,0,0,0,0,0,0,0,0,0,0.026395,1.2786,1,0.97427,0.99712,1,0.96306,0.80734,0,0,0,0,0,0,0,1
1.6743,0.76787,-0.81783,-1,0,0,0,0,0.68887,0.16886,0.96667,-1,-0.080086,0.044226,-0.0006206,0,0,0,1.6651,-0.68887,0.98833,-0.66328,1.1747,1.6307,0.90943,0,0,0,0,0,0,0,0,0,0,0,0,0,0,0,0,0,0,0,0,0,0,0,0,0,0,0,0,0,0,0,0,0,0,0,0,0,0,0.0017182,1.6743,-1,0.76431,0,0,0,0,0,0,0,0,0,0,0,0
0,0,0,0,0,0,0,0,0.84022,0.37807,-0.91031,1,0.96234,-0.55798,-1.863e-05,0,0,0,0.84754,999,999,999,1.2971,0.86115,0.4525,0,0,0,0,0,0,0,0,0,0,0,0,0,0,0,0,0,0,0,0,0,0,0,0,0,0,0,0,0,0,0,0,0,0,0,0,0,0,0.0038016,0.84022,1,0.97678,0,0,0,0,0,0,0,0,0,0,0,0
0,0,0,0,0,0,0,0,0.78758,1.3893,-0.66982,1,0.00038525,-3.2621e-05,-6.6453e-07,0,0,0,0.93017,999,999,999,0.81984,0.51922,0.25322,0.95498,0.11925,4.0612e-07,9999,1,1,878.91,6.2012,0.15163,0,0,0,0,0,0,0,0,1,999,999,999,0,0,0,0,0,10,0.18055,6.6453e-07,9999,-1,561.52,4.6387,0.25322,0.78758,0.88005,-0.7147,-0,0.0046563,0.78758,1,0.88005,-0.09204,-1,-3.2621e-05,-0.82811,0,0,0,0,0,0,0,0
0.52538,0.93594,0.96768,1,0,0,0,0,0.89463,2.1648,-0.86787,-1,-0.9456,0.77614,0.00061471,2,0,0,0.87406,999,999,999,0.71864,0.84122,0.35934,0.97438,0.21743,3.3965e-06,9999,0,1,517.58,3.4668,0.30955,0,0,0,0,0,0,0,0,1,0.89463,0.83171,-0.81427,0,0,0,0,0,10,0.21743,3.3965e-06,9999,1,517.58,3.4668,0.30955,0.89463,0.83171,-0.81427,5,0.013759,0.89463,-1,0.83171,-0.81427,-1,-0.9456,-0.39808,0.52538,0.93594,0.96768,1,1,0.10378,0.92946,1
0,0,0,0,0,0,0,0,1.219,0.68322,-0.10945,1,0.93531,-0.00081346,-0.00010427,3,1,0.50453,1.4063,999,999,999,1.262,0.40755,0.6652,0.94794,0.15161,4.2821e-07,9999,1,-1,664.06,3.125,0.16532,1,1,2.4683,1.0527,0.31485,0.094279,0.0092416,0.021397,1,1.219,0.98842,-0.88866,0,0,0,0,0,10,0.15161,4.2821e-07,9999,-1,664.06,3.125,0.16532,1.219,0.98842,-0.88866,-11,0.0083715,1.219,1,0.98842,0.63859,1,0.93531,0.60174,0,0,0,0,0,0,0,1
0,0,0,0,0,0,0,0,0.45188,0.86772,-0.49357,1,0.99996,0.98447,-0.01222,3,0,0,0.94061,999,999,999,0.28262,0.57293,0.60571,0.85644,0.14924,4.3947e-07,9999,1,1,673.83,6.543,0.17171,0,0,0,0,0,0,0,0,1,999,999,999,0,0,0,0,0,0,0,0,0,0,0,0,0,0,0,0,0,0.046021,0.51051,-1,0.46724,0.85427,-1,-1.0722e-05,-0.52764,0,0,0,0,0,0,0,1
0,0,0,0,0,0,0,0,1.4413,0.61375,0.26993,1,0.17795,-9.0318e-05,8.2551e-06,0,0,0,1.194,0.8107,-0.80466,-0.36565,2.162,0.79694,0.49373,0,0,0,0,0,0,0,0,0,0,0,0,0,0,0,0,0,0,0,0,0,0,0,0,0,0,0,0,0,0,0,0,0,0,0,0,0,0,0.0094402,1.4413,1,0.82046,0,0,0,0,0,0,0,0,0,0,0,1
0,0,0,0,0,0,0,0,0.73467,0.65885,-0.99516,1,0.00017223,-0.00012752,-3.2844e-05,0,1,0.4989,1.0483,999,999,999,0.94873,0.77623,0.52018,0,0,0,0,0,0,0,0,0,0,0,0,0,0,0,0,0,0,0,0,0,0,0,0,0,0,0,0,0,0,0,0,0,0,0,0,0,0,0.017517,0.73467,1,0.89763,0,0,0,0,0,0,0,0,0,0,0,1
0,0,0,0,0,0,0,0,1.3794,0.3984,-0.7458,1,0.024785,-0.0065965,0.00029369,4,1,0.49647,1.465,0.5483,-0.94006,-0.88957,1.3179,0.61744,0.59566,0.26264,0.24884,3.8892e-07,9999,0,-1,869.14,9.5703,0.1397,0,0,0,0,0,0,0,0,1,999,999,999,0,0,0,0,0,0,0,0,0,0,0,0,0,0,0,0,0,0.033999,1.3794,1,0.86422,0.22278,1,1.2268e-05,8.4473e-05,0,0,0,0,0,0,0,1
1.9013,0.055106,-0.15675,1,0,0,0,0,0.15905,0.39801,0.69202,1,0.82188,-0.035558,0.00019945,0,0,0,2.0865,1.9013,-0.97973,-0.82885,1.1559,0.61088,1.8136,0.94864,0.15213,5.3195e-07,9999,1,-1,556.64,5.0293,0.21343,0,0,0,0,0,0,0,0,1,1.9013,0.97973,-0.9386,0,0,0,0,0,10,0.15905,6.6309e-07,9999,1,620.12,3.5156,0.25287,0.67306,0.79929,-0.36029,0,0.0027701,1.9013,1,0.97973,0.96076,1,0.82188,0.76645,0,0,0,0,0,0,0,1
0,0,0,0,1.0334,0.095045,-0.89845,1,0.29689,0.095045,-0.90256,1,0.047892,7.8513e-06,0,0,0,0,1.0289,999,999,999,1.3879,0.37402,0,0,0,0,0,0,0,0,0,0,0,0,0,0,0,0,0,0,0,0,0,0,0,0,0,0,0,0,0,0,0,0,0,0,0,0,0,0,0,0.0095471,1.0334,1,0.9657,0,0,0,0,0,0,0,0,0,0,0,1
0,0,0,0,0,0,0,0,0.26383,0.98641,-0.95904,1,0.34496,-2.3514e-05,8.7265e-06,2,1,0.49774,1.0688,999,999,999,1.0739,0.55831,0.38308,0.86973,0.23461,6.0662e-07,9999,1,-1,561.52,4.0039,0.23784,0,0,0,0,0,0,0,0,1,0.80866,0.92772,-0.73971,0,0,0,0,0,10,0.23461,6.0662e-07,9999,-1,561.52,4.0039,0.23784,0.80866,0.92772,-0.73971,-4,0.011204,0.80866,1,0.92772,0.91488,1,8.7265e-06,0.01043,0,0,0,0,0,0,0,1
0,0,0,0,0,0,0,0,0.56018,0,-0.1149,1,-0.75821,0.00029139,-5.5432e-05,1,0,0,0.80738,-0.60093,0.76926,-0.10149,2.0528,0.67076,0.61412,0,0,0,0,0,0,0,0,0,0,0,0,0,0,0,0,0,0,0,0,0,0,0,0,0,0,0,0,0,0,0,0,0,0,0,0,0,0,0.0010579,0.60093,-1,0.76926,0,0,0,0,0,0,0,0,0,0,0,0
0,0,0,0,0,0,0,0,0.70254,0,0.74279,-1,-0.94544,0.77918,0.046355,1,1,0.49247,1.0299,-0.63141,-0.90042,-0.75811,1.0992,0.13637,1.0195,0,0,0,0,0,0,0,0,0,0,0,0,0,0,0,0,0,0,0,0,0,0,0,0,0,0,0,0,0,0,0,0,0,0,0,0,0,0,0.0035981,0.70254,-1,0.96613,0,0,0,0,0,0,0,0,0,0,0,0
0,0,0,0,0,0,0,0,1.6834,0.76444,-0.9913,1,0.00025071,-5.8842e-05,0,0,0,0,1.5107,999,999,999,2.448,0.62925,0,0,0,0,0,0,0,0,0,0,0,0,0,0,0,0,0,0,0,0,0,0,0,0,0,0,0,0,0,0,0,0,0,0,0,0,0,0,0,0.0060591,1.6834,1,0.83681,0,0,0,0,0,0,0,0,0,0,0,1
0,0,0,0,0.6327,0.16672,0.29333,1,1.0517,0.81259,-0.70253,-1,-0.52287,-0.39581,0.0002637,0,0,0,1.3993,999,999,999,1.5232,0.63964,0.6492,0,0,0,0,0,0,0,0,0,0,0,0,0,0,0,0,0,0,0,0,0,0,0,0,0,0,0,0,0,0,0,0,0,0,0,0,0,0,0.005537,1.0517,-1,0.86325,0,0,0,0,0,0,0,0,0,0,0,0
0,0,0,0,0,0,0,0,0.80659,1.8619,-0.92746,1,-0.93079,0.00011435,5.7792e-07,0,0,0,1.2297,999,999,999,1.2546,0.78005,0.22917,0,0,0,0,0,0,0,0,0,0,0,0,0,0,0,0,0,0,0,0,0,0,0,0,0,0,0,0,0,0,0,0,0,0,0,0,0,0,0.013111,0.96613,-1,0.8788,0,0,0,0,0,0,0,0,0,0,0,0
0,0,0,0,0,0,0,0,0.72102,0.36464,0.010271,1,0.96313,-0.81906,-0.012897,0,0,0,1.1506,0.54415,0.71188,-0.24452,1.0205,0.67897,1.2839,0.71876,0.17492,2.3528e-06,9999,1,-1,0,4.6875,0.24245,0,0,0,0,0,0,0,0,1,0.72102,0.69834,-0.6224,0,0,0,0,0,10,0.17492,2.3528e-06,9999,-1,0,4.6875,0.24245,0.72102,0.69834,-0.6224,-0,0.01304,0.8749,-1,0.8357,-0.6224,1,0.96313,0.097688,0,0,0,0,0,0,0,1
0,0,0,0,0,0,0,0,0.9304,0.70565,0.022066,-1,0.85417,-0.030792,0.00011683,0,0,0,1.0491,999,999,999,0.61577,1.4053,0.34197,0,0,0,0,0,0,0,0,0,0,0,0,0,0,0,0,0,0,0,0,0,0,0,0,0,0,0,0,0,0,0,0,0,0,0,0,0,0,0.02282,0.9304,-1,0.88666,0,0,0,0,0,0,0,0,0,0,0,0
0,0,0,0,0,0,0,0,1.2209,1.2903,-0.92214,-1,-0.0075154,-0.0010609,0.00010054,1,1,0.49642,1.4865,-0.53502,0.79995,-0.61721,1.6007,0.78914,0.70218,0.95915,0.17413,4.8805e-07,9999,1,1,615.23,5.8594,0.19567,0,0,0,0,0,0,0,0,1,1.2209,0.89913,-0.98553,0,0,0,0,0,10,0.2471,5.198e-07,9999,1,610.35,4.3945,0.20881,1.2209,0.89913,-0.19816,6,0.0069404,1.2209,-1,0.89913,0.78314,-1,-1.0985e-06,-0.72188,0,0,0,0,0,0,0,0
0,0,0,0,0,0,0,0,0.73166,1.0395,-0.41252,1,-0.99406,0.00040519,5.779e-05,0,0,0,1.122,999,999,999,0.54882,0.77608,0.62252,0,0,0,0,0,0,0,0,0,0,0,0,0,0,0,0,0,0,0,0,0,0,0,0,0,0,0,0,0,0,0,0,0,0,0,0,0,0,0.0052793,0.73166,1,0.96556,0,0,0,0,0,0,0,0,0,0,0,0
0,0,0,0,0,0,0,0,0.18701,0.95654,-0.6199,1,0.99571,1.6819e-05,1.5305e-05,2,0,0,0.73895,0.52128,-0.77098,-0.28392,0.43886,0.44214,0.43292,0.89124,0.18849,1.0294e-06,9999,1,-1,561.52,3.2715,0.31448,0,0,0,0,0,0,0,0,1,0.52128,0.77098,-0.64107,0,0,0,0,0,10,0.18849,1.0294e-06,9999,-1,561.52,3.2715,0.31448,0.52128,0.77098,-0.64107,-0,0.020577,0.52128,1,0.77098,0.91232,1,0.99571,0.29471,0,0,0,0,0,0,0,1
0,0,0,0,0,0,0,0,0.72619,1.1465,-0.89032,-1,0.00076395,-3.4169e-05,-3.6318e-06,0,0,0,0.83759,999,999,999,0.71004,0.52528,0.31459,0.72636,0.22314,4.2192e-07,9999,1,1,849.61,5.5664,0.16159,0,0,0,0,0,0,0,0,1,999,999,999,0,0,0,0,0,0,0,0,0,0,0,0,0,0,0,0,0,0.0079324,0.60818,1,0.97732,0.1307,-1,-3.4169e-05,-0.0028771,0,0,0,0,0,0,0,0
0.73235,0.42235,0.53645,-1,0,0,0,0,0.08902,1.6393,0.46575,1,-0.35566,3.6841e-07,0,0,0,0,0.64731,999,999,999,1.0241,0.12374,0,0.97253,0.08902,3.6841e-07,9999,1,1,610.35,3.8086,0.12374,0,0,0,0,0,0,0,0,1,999,999,999,0,0,0,0,0,0,0,0,0,0,0,0,0,0,0,0,0,0.0035424,0.73235,-1,0.58295,0.40497,-1,-0.35566,-0.86132,0.73235,0.42235,0.53645,-1,1,0.0035424,0.58295,1
0,0,0,0,0,0,0,0,0.59357,0.61282,-0.29766,-1,0.99999,-0.00085903,0.00057076,3,1,0.50302,1.0889,999,999,999,0.21419,0.41254,0.60901,0,0,0,0,0,0,0,0,0,0,0,0,0,0,0,0,0,0,0,0,0,0,0,0,0,0,0,0,0,0,0,0,0,0,0,0,0,0,0.017864,0.59357,-1,0.93541,0,0,0,0,0,0,0,0,0,0,0,1
0,0,0,0,0,0,0,0,1.9476,0.86341,0.92386,1,0.99546,0.09748,-2.5507e-05,0,0,0,1.9753,999,999,999,0.57003,2.4028,0.48739,0.28175,0.21322,3.6268e-07,9999,1,-1,104.98,7.0312,0.11888,0,0,0,0,0,0,0,0,1,999,999,999,0,0,0,0,0,0,0,0,0,0,0,0,0,0,0,0,0,0.0075987,1.9476,1,0.98163,-0.15231,1,0.99546,0.00072239,0,0,0,0,0,0,0,1
0.82561,0.068711,-0.164,1,0,0,0,0,0.50956,0.55798,-0.98446,-1,0.13969,0.00017499,-3.7606e-05,1,0,0,1.0497,999,999,999,0.95067,0.17034,0.54025,0,0,0,0,0,0,0,0,0,0,0,0,0,0,0,0,0,0,0,0,0,0,0,0,0,0,0,0,0,0,0,0,0,0,0,0,0,0,0.015579,0.82561,1,0.91446,0,0,0,0,0.82561,0.068711,-0.164,1,1,0.015579,0.91446,1
0,0,0,0,0,0,0,0,0.9028,0.81595,-0.97996,1,-0.96939,0.019776,-4.9273e-05,1,0,0,1.1371,999,999,999,0.80689,1.3558,0.58506,0.96242,0.099094,3.4644e-07,9999,0,1,957.03,12.402,0.10399,0,0,0,0,0,0,0,0,1,0.64995,0.40646,-0.48592,0,0,0,0,0,10,0.099094,3.4644e-07,9999,1,957.03,12.402,0.10399,0.64995,0.40646,-0.48592,2,0.021446,0.9028,1,0.84833,0.36313,-1,-0.96939,-0.84663,0,0,0,0,0,0,0,0
0,0,0,0,0,0,0,0,0.92212,1.8566,-0.95499,-1,-0.58111,0.00018294,7.406e-06,1,1,0.49349,0.78282,999,999,999,1.4648,0.20078,0.36968,0.38991,0.18071,5.1256e-07,9999,1,-1,537.11,5.0781,0.20596,0,1,0,0,0,0,0,0,1,999,999,999,0,0,0,0,0,0,0,0,0,0,0,0,0,0,0,0,0,0.017068,0.92212,-1,0.90217,0.77732,1,7.406e-06,0.014535,0,0,0,0,0,0,0,0
0,0,0,0,1.062,0,-0.55536,1,0.34218,0.6052,0.37881,1,0.014839,2.1432e-05,-1.6705e-05,0,0,0,1.1372,999,999,999,1.1507,0.46741,0.44146,0,0,0,0,0,0,0,0,0,0,0,0,0,0,0,0,0,0,0,0,0,0,0,0,0,0,0,0,0,0,0,0,0,0,0,0,0,0,0.0047162,1.062,1,0.97819,0,0,0,0,0,0,0,0,0,0,0,0
0,0,0,0,0,0,0,0,1.8257,0.46875,-0.4247,-1,0.011236,-0.00021393,-3.8915e-05,0,0,0,2.1377,999,999,999,1.2151,2.1408,0.5456,0.4236,0.22941,4.0333e-07,9999,1,1,839.84,6.7383,0.14977,0,0,0,0,0,0,0,0,1,0.59644,0.73096,-0.20201,0,0,0,0,0,10,0.22941,4.0333e-07,9999,1,839.84,6.7383,0.14977,0.59644,0.73096,-0.20201,0,2.9535e-05,1.8257,-1,0.99481,0.41879,-1,-0.00021393,-0.00032619,0,0,0,0,0,0,0,0
0,0,0,0,0,0,0,0,0.57096,1.017,-0.60212,-1,-0.96697,0.92509,6.8294e-05,1,1,0.50014,0.89548,999,999,999,0.93594,0.89325,0.6356,0,0,0,0,0,0,0,0,0,0,0,0,0,0,0,0,0,0,0,0,0,0,0,0,0,0,0,0,0,0,0,0,0,0,0,0,0,0,0.018707,0.5889,1,0.5081,0,0,0,0,0,0,0,0,0,0,0,0
0,0,0,0,0,0,0,0,1.0479,0,-0.71983,-1,0.10941,-0.0001752,-3.6564e-07,0,0,0,1.1038,999,999,999,0.69134,0.91356,0.12142,0.98381,0.11918,3.6564e-07,9999,1,-1,1201.2,7.4219,0.12142,0,0,0,0,0,0,0,0,1,999,999,999,0,0,0,0,0,0,0,0,0,0,0,0,0,0,0,0,0,0.00046072,1.0479,-1,0.74095,0.80279,1,0.10941,0.8809,0,0,0,0,0,0,0,1
0,0,0,0,1.9294,0,-0.82216,1,0.98437,1.2754,-0.39532,1,0.9518,0.00017675,-5.7593e-07,0,0,0,1.6414,1.9294,0.98258,-0.19006,1.469,2.9622,0.22854,0.97147,0.12898,3.6935e-07,9999,1,-1,1035.2,13.281,0.12452,0,0,0,0,0,0,0,0,1,1.9294,0.98258,-0.91401,0,0,0,0,0,10,0.12898,3.6935e-07,9999,-1,1035.2,13.281,0.12452,1.9294,0.98258,-0.91401,-2,0.00775,1.9294,1,0.98258,0.54158,1,0.9518,0.85483,0,0,0,0,0,0,0,1
1.8724,0.80185,-0.85885,-1,0,0,0,0,1.449,0.08443,0.46487,1,-0.99757,0.087123,-5.4795e-05,0,0,0,2.221,999,999,999,0.50383,1.1959,2.2394,0,0,0,0,0,0,0,0,0,0,0,0,0,0,0,0,0,0,0,0,0,0,0,0,0,0,0,0,0,0,0,0,0,0,0,0,0,0,0.024291,1.8724,-1,0.97538,0,0,0,0,0,0,0,0,0,0,0,0
0,0,0,0,0,0,0,0,0.63825,0.36516,0.98167,-1,-0.97009,-0.00060485,-8.0641e-05,2,0,0,1.0378,-0.63825,0.98769,-0.21623,0.566,0.71408,0.71868,0.65566,0.21907,8.253e-06,9999,0,1,0,3.8086,0.35303,0,0,0,0,0,0,0,0,1,0.61737,0.92547,-0.3825,0,0,0,0,0,10,0.21907,8.253e-06,9999,1,0,3.8086,0.35303,0.61737,0.92547,-0.3825,6,0.01137,0.73186,1,0.63438,-0.21823,-1,-0.97009,-0.0021066,0,0,0,0,0,0,0,1
0,0,0,0,0,0,0,0,0.52444,0.4052,0.38417,1,0.98478,9.1765e-05,-1.9148e-05,0,0,0,0.78187,999,999,999,0.65382,0.65733,0.45534,0.97426,0.18547,6.7455e-07,9999,0,-1,473.63,3.9551,0.25564,0,0,0,0,0,0,0,0,1,999,999,999,0,0,0,0,0,10,0.17438,5.9953e-07,9999,-1,585.94,3.8574,0.23577,0.52444,0.9645,-0.94403,-6,0.0067377,0.52444,1,0.9645,0.96247,1,0.98478,0.7292,0,0,0,0,0,0,0,1
0,0,0,0,0,0,0,0,0.86612,0.90427,-0.94253,-1,-0.2846,0.00054087,0.00053644,1,1,0.50383,0.93992,999,999,999,0.7454,0.30595,0.30331,0.9869,0.15136,3.9193e-07,9999,1,-1,839.84,9.082,0.14188,0,1,0,0,0,0,0,0,1,999,999,999,0,0,0,0,0,0,0,0,0,0,0,0,0,0,0,0,0,0.013645,0.86612,-1,0.96067,0.62012,1,0.00054087,0.87166,0,0,0,0,0,0,0,1
0,0,0,0,1.926,0.74982,-0.89416,-1,1.0282,0.82137,-0.35919,1,0.061413,-0.024114,2.8771e-05,0,0,0,1.5762,999,999,999,1.4857,1.3775,0.47848,0,0,0,0,0,0,0,0,0,0,0,0,0,0,0,0,0,0,0,0,0,0,0,0,0,0,0,0,0,0,0,0,0,0,0,0,0,0,0.004972,1.926,-1,0.81849,0,0,0,0,0,0,0,0,0,0,0,0
0,0,0,0,0,0,0,0,1.6907,0.3154,-0.973,1,-0.015703,7.2473e-05,-1.2102e-06,2,0,0,1.1664,999,999,999,0.82056,2.6363,0.097693,0.93071,0.15264,1.2102e-06,9999,0,-1,0,13.867,0.097693,0,0,0,0,0,0,0,0,1,1.6907,0.99317,-0.92005,0,0,0,0,0,10,0.15264,1.2102e-06,9999,-1,0,13.867,0.097693,1.6907,0.99317,-0.92005,-2,0.015577,1.6907,1,0.99317,-0.92005,1,7.2473e-05,0.71083,0,0,0,0,0,0,0,1
0,0,0,0,0,0,0,0,1.2535,0.72798,0.09503,1,0.934,-0.0029945,1.5955e-05,1,0,0,1.4001,999,999,999,1.5045,1.0723,0.43695,0.97497,0.059173,1.2237e-06,9999,1,-1,0,19.727,0.11223,0,0,0,0,0,0,0,0,1,999,999,999,0,0,0,0,0,0,0,0,0,0,0,0,0,0,0,0,0,0.020545,1.2535,1,0.98511,0.98962,1,0.934,0.85676,0,0,0,0,0,0,0,1
1.17,0.85483,-0.86853,-1,0,0,0,0,0.73572,0.8355,-0.64423,-1,-0.9218,-0.27162,8.0172e-06,0,0,0,1.0383,999,999,999,0.81062,0.77553,0.37611,0,0,0,0,0,0,0,0,0,0,0,0,0,0,0,0,0,0,0,0,0,0,0,0,0,0,0,0,0,0,0,0,0,0,0,0,0,0,0.00067048,1.17,-1,0.73409,0,0,0,0,0,0,0,0,0,0,0,0
0,0,0,0,0,0,0,0,0.4333,0.67109,0.53236,1,-0.99552,7.1176e-06,-3.0282e-06,0,0,0,0.62787,999,999,999,0.42759,0.36654,0.30093,0.70564,0.20323,4.0413e-07,9999,1,-1,800.78,6.543,0.1503,0,0,0,0,0,0,0,0,1,999,999,999,0,0,0,0,0,0,0,0,0,0,0,0,0,0,0,0,0,0,0,0,0,-0.24041,1,7.1176e-06,0.012691,0,0,0,0,0,0,0,0
0,0,0,0,0,0,0,0,1.012,0.65102,0.83107,1,-0.99945,0.69141,2.6644e-05,0,0,0,0.86051,999,999,999,0.43122,1.6692,0.49591,0,0,0,0,0,0,0,0,0,0,0,0,0,0,0,0,0,0,0,0,0,0,0,0,0,0,0,0,0,0,0,0,0,0,0,0,0,0,0.011006,1.012,1,0.96633,0,0,0,0,0,0,0,0,0,0,0,0
0,0,0,0,0,0,0,0,1.679,0.72274,-0.53979,-1,-0.99526,0.020724,-9.1898e-05,1,0,0,1.4169,-1.679,0.99434,-0.88929,0.59537,0.89915,2.5387,0.99959,0.17472,3.824e-07,9999,0,1,761.72,7.6172,0.13486,0,0,0,0,0,0,0,0,1,1.679,0.99434,-0.99364,0,0,0,0,0,10,0.17472,3.824e-07,9999,1,761.72,7.6172,0.13486,1.679,0.99434,-0.99364,2,0.0028385,1.679,-1,0.99434,0.89607,-1,-0.99526,-0.87001,0,0,0,0,0,0,0,0
0.57257,1.5077,-0.84942,-1,0,0,0,0,0.41315,1.0433,0.21122,1,-0.097549,-4.5678e-05,2.6331e-06,0,0,0,0.67529,999,999,999,0.68225,0.47199,0.29043,0.96868,0.10463,3.6985e-07,9999,1,-1,908.2,7.3242,0.12493,0,0,0,0,0,0,0,0,1,999,999,999,0,0,0,0,0,0,0,0,0,0,0,0,0,0,0,0,0,0.011945,0.57257,-1,0.96224,0.2458,1,2.6331e-06,0.85631,0.57257,1.5077,-0.84942,-1,1,0.011945,0.96224,1
0,0,0,0,0,0,0,0,0.47992,1.3475,-0.81303,-1,-0.9735,0.94533,-0.0003056,1,0,0,0.87401,-0.6177,0.80162,-0.9741,0.46818,0.45237,0.9195,0,0,0,0,0,0,0,0,0,0,0,0,0,0,0,0,0,0,0,0,0,0,0,0,0,0,0,0,0,0,0,0,0,0,0,0,0,0,0.022978,0.6177,-1,0.80162,0,0,0,0,0,0,0,0,0,0,0,0
0,0,0,0,0,0,0,0,0.89269,1.6074,-0.98352,-1,0.020259,-0.00076843,8.0768e-05,2,0,0,1.2941,0.5045,-0.99213,-0.94953,1.266,0.69427,0.73014,0,0,0,0,0,0,0,0,0,0,0,0,0,0,0,0,0,0,0,0,0,0,0,0,0,0,0,0,0,0,0,0,0,0,0,0,0,0,0.010517,0.89269,-1,0.98796,0,0,0,0,0,0,0,0,0,0,0,0
0.50564,1.4962,0.7069,1,0,0,0,0,0.98628,1.0219,-0.85068,1,0.9882,-0.96046,0.0082242,2,1,0.49712,1.3919,999,999,999,0.54796,1.3548,1.254,0,0,0,0,0,0,0,0,0,0,0,0,0,0,0,0,0,0,0,0,0,0,0,0,0,0,0,0,0,0,0,0,0,0,0,0,0,0,0.0071942,0.98628,1,0.76945,0,0,0,0,0.50564,1.4962,0.7069,1,1,0.02385,0.69664,1
0,0,0,0,0,0,0,0,1.0774,1.7611,-0.83774,1,-0.99956,0.82732,-0.65623,0,0,0,0.92509,-0.67087,0.52655,-0.88849,0.34973,0.69606,0.9821,0,0,0,0,0,0,0,0,0,0,0,0,0,0,0,0,0,0,0,0,0,0,0,0,0,0,0,0,0,0,0,0,0,0,0,0,0,0,0.024261,1.0774,1,0.96113,0,0,0,0,0,0,0,0,0,0,0,0
0,0,0,0,0,0,0,0,0.80602,0.36821,-0.5029,-1,-0.0023787,-0.00018362,-8.9971e-05,0,0,0,1.0765,999,999,999,0.86255,0.2024,0.71344,0.895,0.16629,0.00018362,9999,0,-1,576.17,0,0.2024,0,0,0,0,0,0,0,0,1,999,999,999,0,0,0,0,0,10,0.12598,3.5171e-07,9999,1,1308.6,9.1797,0.10902,0.80602,0.86355,-0.65959,0,0.0083207,0.80602,-1,0.86355,-0.42734,1,3.0774e-06,0.51535,0,0,0,0,0,0,0,1
0,0,0,0,0,0,0,0,0.84602,0.59842,-0.63572,-1,-0.013588,-0.0014645,2.7073e-05,1,0,0,0.9491,999,999,999,0.79177,0.4607,0.49466,0.20887,0.21683,3.5915e-07,9999,1,-1,3398.4,10.059,0.12571,0,0,0,0,0,0,0,0,1,999,999,999,0,0,0,0,0,0,0,0,0,0,0,0,0,0,0,0,0,0.0023312,0.84602,-1,0.96773,0.3444,1,2.7073e-05,0.00044309,0,0,0,0,0,0,0,0
0,0,0,0,0,0,0,0,2.126,0.40009,-0.59633,1,0.8709,0.50762,-0.0011216,0,0,0,2.1038,2.126,0.98933,-0.60876,1.096,3.2545,0.77459,0,0,0,0,0,0,0,0,0,0,0,0,0,0,0,0,0,0,0,0,0,0,0,0,0,0,0,0,0,0,0,0,0,0,0,0,0,0,0.0032168,2.126,1,0.98933,0,0,0,0,0,0,0,0,0,0,0,1
0,0,0,0,0,0,0,0,0.51985,0.73662,-0.77395,-1,0.92556,-6.3856e-05,1.2501e-05,1,1,0.49734,0.80513,999,999,999,0.54268,0.65236,0.4138,0.98243,0.14613,5.6708e-07,9999,0,1,585.94,5.6641,0.22568,0,1,0,0,0,0,0,0,1,999,999,999,0,0,0,0,0,0,0,0,0,0,0,0,0,0,0,0,0,0.024146,0.51985,-1,0.97418,0.92624,-1,-6.3856e-05,-0.86629,0,0,0,0,0,0,0,0
0,0,0,0,0,0,0,0,1.1659,1.0925,-0.93241,1,-0.96818,0.0018958,8.8061e-07,1,0,0,0.76382,999,999,999,0.67897,0.77194,0.29459,0,0,0,0,0,0,0,0,0,0,0,0,0,0,0,0,0,0,0,0,0,0,0,0,0,0,0,0,0,0,0,0,0,0,0,0,0,0,0.043196,1.1659,1,0.96846,0,0,0,0,0,0,0,0,0,0,0,1
0,0,0,0,1.2618,1.2202,-0.8836,-1,1.87,0,0.9938,-1,0.96655,-0.077015,-0.04627,0,0,0,2.3354,999,999,999,1.1654,1.1578,2.0246,0,0,0,0,0,0,0,0,0,0,0,0,0,0,0,0,0,0,0,0,0,0,0,0,0,0,0,0,0,0,0,0,0,0,0,0,0,0,0.0053577,1.87,-1,0.9999,0,0,0,0,0,0,0,0,0,0,0,1
0,0,0,0,0,0,0,0,1.0243,0.1388,-0.94893,-1,-0.010046,0.0027796,0,0,0,0,1.1142,999,999,999,1.0167,0.82401,0,0,0,0,0,0,0,0,0,0,0,0,0,0,0,0,0,0,0,0,0,0,0,0,0,0,0,0,0,0,0,0,0,0,0,0,0,0,0,0.00087704,1.0243,-1,0.83897,0,0,0,0,0,0,0,0,0,0,0,0
0,0,0,0,0,0,0,0,0.83781,1.2746,-0.66018,-1,-0.0010841,0.00062852,-0.00017957,2,0,0,1.1054,999,999,999,0.43361,0.33436,1.0962,0.6441,0.13474,5.0984e-07,9999,1,1,620.12,5.3223,0.20486,0,0,0,0,0,0,0,0,1,999,999,999,0,0,0,0,0,0,0,0,0,0,0,0,0,0,0,0,0,0.015162,0.83781,-1,0.94799,0.64393,1,1.208e-05,0.028895,0,0,0,0,0,0,0,1
0,0,0,0,0,0,0,0,1.4094,0.9995,-0.80233,-1,-0.058746,7.0065e-06,-6.9096e-06,1,0,0,1.4677,999,999,999,1.6932,0.36523,0.36404,0.91532,0.18614,4.9641e-07,9999,1,1,585.94,3.4668,0.19929,0,0,0,0,0,0,0,0,1,1.4094,0.95497,-0.96796,0,0,0,0,0,10,0.18614,4.9641e-07,9999,1,585.94,3.4668,0.19929,1.4094,0.95497,-0.96796,6,0.011032,1.4094,-1,0.95497,0.78572,-1,-6.9096e-06,-0.41857,0,0,0,0,0,0,0,1
0,0,0,0,1.593,0.085993,-0.7571,1,0.63718,0.75668,0.36902,-1,0.052635,-0.0092368,-2.2621e-05,1,0,0,1.7114,999,999,999,1.7366,0.88298,0.42366,0.47635,0.23543,2.0846e-06,9999,1,1,473.63,3.9551,0.38781,0,0,0,0,0,0,0,0,1,999,999,999,0,0,0,0,0,0,0,0,0,0,0,0,0,0,0,0,0,0.00075968,1.593,1,0.94803,0.70357,-1,-0.0092368,-0.00023469,0,0,0,0,0,0,0,1
0,0,0,0,0,0,0,0,1.1471,1.392,-0.6208,1,0.020807,0.0029468,-5.2639e-06,2,0,0,1.2543,999,999,999,1.0093,0.92041,0.34282,0.99767,0.14068,5.3286e-07,9999,0,-1,615.23,4.9316,0.21377,0,0,0,0,0,0,0,0,1,1.1471,0.72446,-0.72826,0,0,0,0,0,10,0.14068,5.3286e-07,9999,-1,615.23,4.9316,0.21377,1.1471,0.72446,-0.72826,-0,0.0037488,1.1471,1,0.72446,0.57216,1,0.0029468,0.90125,0,0,0,0,0,0,0,1
0,0,0,0,0,0,0,0,2.2983,0.038687,-0.98788,1,0.21234,0,0,0,0,0,2.217,999,999,999,2.2829,0,0,0,0,0,0,0,0,0,0,0,0,0,0,0,0,0,0,0,0,0,0,0,0,0,0,0,0,0,0,0,0,0,0,0,0,0,0,0,0,0.010724,2.2983,1,0.99876,0,0,0,0,0,0,0,0,0,0,0,1
0.89731,0.16834,0.32112,-1,0,0,0,0,2.0182,0.63379,-0.98246,1,0.057879,-0.00028773,0,1,0,0,2.1431,999,999,999,2.3021,0.69203,0,0,0,0,0,0,0,0,0,0,0,0,0,0,0,0,0,0,0,0,0,0,0,0,0,0,0,0,0,0,0,0,0,0,0,0,0,0,0,0.0043149,0.89731,-1,0.62211,0,0,0,0,0.89731,0.16834,0.32112,-1,1,0.0043149,0.62211,0
0,0,0,0,0,0,0,0,0.66372,0.21357,-0.71164,-1,-0.0066094,-0.00089641,0,1,0,0,0.55852,999,999,999,0.61863,0.97855,0,0,0,0,0,0,0,0,0,0,0,0,0,0,0,0,0,0,0,0,0,0,0,0,0,0,0,0,0,0,0,0,0,0,0,0,0,0,0,0.012474,0.66372,-1,0.76436,0,0,0,0,0,0,0,0,0,0,0,1
0,0,0,0,0,0,0,0,1.6645,0.50583,0.62989,1,0.72852,0.0032326,0.00052763,1,0,0,1.4149,1.2706,-0.99416,-0.97254,2.6463,0.88495,0.29814,0.83578,0.20087,1.0842e-06,9999,1,-1,483.4,4.4434,0.32072,0,0,0,0,0,0,0,0,1,1.2706,0.99416,-0.78967,0,0,0,0,0,10,0.20087,1.0842e-06,9999,-1,483.4,4.4434,0.32072,1.2706,0.99416,-0.78967,-2,0.014473,1.6645,1,0.9877,0.90998,1,0.72852,0.074517,0,0,0,0,0,0,0,1
0,0,0,0,0,0,0,0,1.2102,0.44425,-0.56866,-1,-0.0060639,1.9966e-06,0,0,0,0,1.2336,999,999,999,1.3547,0.26953,0,0,0,0,0,0,0,0,0,0,0,0,0,0,0,0,0,0,0,0,0,0,0,0,0,0,0,0,0,0,0,0,0,0,0,0,0,0,0,0.025828,1.2102,-1,0.93326,0,0,0,0,0,0,0,0,0,0,0,0
0,0,0,0,0,0,0,0,0.19761,0.16777,0.47216,1,-0.0011817,-0.0010585,2.3385e-05,1,0,0,0.70678,999,999,999,0.95213,0.94772,0.47721,0.82071,0.093102,1.2216e-06,9999,0,-1,0,32.031,0.074701,0,0,0,0,0,0,0,0,1,999,999,999,0,0,0,0,0,10,0.19761,5.8195e-07,9999,1,605.47,4.0039,0.23043,0.63697,0.89211,-0.79171,8,0.012201,0.63697,-1,0.89211,0.43743,1,2.3385e-05,0.70524,0,0,0,0,0,0,0,0
0,0,0,0,0,0,0,0,1.1682,0.25666,-0.7529,1,0.012915,-0.00060302,-2.2501e-05,3,1,0.49508,1.275,999,999,999,1.2638,0.5102,0.47283,0.49544,0.2486,1.2892e-06,9999,0,1,0,6.25,0.13839,0,0,0,0,0,0,0,0,1,999,999,999,0,0,0,0,0,0,0,0,0,0,0,0,0,0,0,0,0,0.029478,1.1682,1,0.91085,0.95329,-1,-1.2988e-06,-9.6942e-05,0,0,0,0,0,0,0,1
0,0,0,0,0,0,0,0,0.20666,0.1387,0.76229,1,-0.00016649,6.0574e-05,-1.2748e-05,0,0,0,0.72795,999,999,999,0.82027,0.59507,0.41587,0.88522,0.20666,4.6006e-07,9999,1,1,600.59,8.1055,0.18252,0,0,0,0,0,0,0,0,1,0.57632,0.89417,-0.99359,0,0,0,0,0,10,0.20666,4.6006e-07,9999,1,600.59,8.1055,0.18252,0.57632,0.89417,-0.99359,0,0.020388,0.57632,-1,0.89417,0.25231,-1,-1.2748e-05,-0.11611,0,0,0,0,0,0,0,0
0,0,0,0,0,0,0,0,1.2294,0.75995,-0.063164,1,0.96804,0.82502,-0.00042987,0,0,0,1.1047,999,999,999,1.9177,0.8326,0.345,0.66313,0.2065,0.00042987,9999,1,-1,449.22,0,0.345,0,0,0,0,0,0,0,0,1,999,999,999,0,0,0,0,0,0,0,0,0,0,0,0,0,0,0,0,0,0.0047997,1.2294,1,0.85576,0.18086,1,0.96804,0.0066047,0,0,0,0,0,0,0,1
0,0,0,0,0,0,0,0,0.80191,0.65131,-0.61769,1,0.96363,-0.00053545,0.00017419,2,0,0,0.97021,999,999,999,0.98932,0.30272,0.15992,0.78833,0.15512,0.00017419,9999,1,1,810.55,0,0.15992,0,0,0,0,0,0,0,0,1,999,999,999,0,0,0,0,0,0,0,0,0,0,0,0,0,0,0,0,0,0.0048026,0.80191,1,0.9432,0.6107,-1,-0.00053545,-0.34028,0,0,0,0,0,0,0,1
0,0,0,0,0,0,0,0,0.95715,0,-0.77626,1,0.99654,0.00034796,5.5958e-05,1,0,0,0.62085,999,999,999,0.56586,0.32098,0.59985,0,0,0,0,0,0,0,0,0,0,0,0,0,0,0,0,0,0,0,0,0,0,0,0,0,0,0,0,0,0,0,0,0,0,0,0,0,0,0.0022135,0.95715,1,0.93377,0,0,0,0,0,0,0,0,0,0,0,1
0,0,0,0,0,0,0,0,0.34895,0.18225,-0.35139,1,0.00076024,1.5227e-05,-1.2715e-05,1,1,0.49837,0.8635,999,999,999,0.66265,0.43243,0.41564,0.80781,0.21437,5.6738e-07,9999,0,-1,561.52,4.9805,0.22578,0,1,0,0,0,0,0,0,1,999,999,999,0,0,0,0,0,0,0,0,0,0,0,0,0,0,0,0,0,0.020436,0.54804,-1,0.52696,0.48968,1,0.00076024,0.018211,0,0,0,0,0,0,0,0
0,0,0,0,0,0,0,0,0.43591,0,-0.22106,1,6.8252e-05,5.5276e-05,3.4315e-05,1,1,0.49194,0.86596,999,999,999,0.64084,0.60978,0.52641,0.93685,0.13838,4.4516e-07,9999,1,1,644.53,5.8594,0.17481,0,0,0,0,0,0,0,0,1,999,999,999,0,0,0,0,0,10,0.13955,5.9935e-07,9999,-1,561.52,4.0039,0.23572,0.62324,0.90028,-0.72165,-9,0.0084056,0.62324,1,0.90028,0.63338,-1,-2.2572e-06,-0.76682,0,0,0,0,0,0,0,0
0,0,0,0,0,0,0,0,0.84229,0.98794,-0.30603,1,0.74003,-0.00027453,-3.7882e-05,2,0,0,1.1113,0.54079,-0.90211,-0.91557,1.1005,0.28976,0.54118,0.41956,0.058612,1.2141e-06,9999,1,-1,0,5.0293,0.081393,0,0,0,0,0,0,0,0,1,0.84229,0.98759,-0.30389,0,0,0,0,0,10,0.058612,1.2141e-06,9999,-1,0,5.0293,0.081393,0.84229,0.98759,-0.30389,-21,0.0087515,0.84229,1,0.98759,-0.30389,1,0.74003,0.69916,0,0,0,0,0,0,0,1
0,0,0,0,0,0,0,0,0.56611,0.74942,-0.77135,-1,-0.97512,3.1888e-05,-2.3118e-06,1,0,0,0.63916,999,999,999,0.91568,0.51606,0.24041,0.96492,0.13688,5.8252e-07,9999,1,1,742.19,4.541,0.23061,0,0,0,0,0,0,0,0,1,999,999,999,0,0,0,0,0,0,0,0,0,0,0,0,0,0,0,0,0,0.097503,0.56611,-1,0.98769,0.97916,-1,-0.97512,-0.83498,0,0,0,0,0,0,0,0
0,0,0,0,0,0,0,0,0.86557,1.6199,-0.23948,-1,-0.96782,-0.0061122,3.446e-05,0,0,0,1.1259,999,999,999,0.84713,0.53223,0.52706,0,0,0,0,0,0,0,0,0,0,0,0,0,0,0,0,0,0,0,0,0,0,0,0,0,0,0,0,0,0,0,0,0,0,0,0,0,0,0.0071536,0.86557,-1,0.9883,0,0,0,0,0,0,0,0,0,0,0,0
0,0,0,0,0,0,0,0,0.68111,0.52042,-0.46995,1,0.030596,-0.0080157,0.0063341,1,0,0,1.0298,999,999,999,1.039,0.9861,0.94871,0,0,0,0,0,0,0,0,0,0,0,0,0,0,0,0,0,0,0,0,0,0,0,0,0,0,0,0,0,0,0,0,0,0,0,0,0,0,0.028123,0.65315,1,0.93181,0,0,0,0,0,0,0,0,0,0,0,1
0,0,0,0,0,0,0,0,0.73409,0,0.14214,-1,-0.031469,2.2188e-05,0,0,0,0,0.73106,999,999,999,1.0988,0.47126,0,0,0,0,0,0,0,0,0,0,0,0,0,0,0,0,0,0,0,0,0,0,0,0,0,0,0,0,0,0,0,0,0,0,0,0,0,0,0,0.0083889,0.73409,-1,0.91759,0,0,0,0,0,0,0,0,0,0,0,0
0,0,0,0,0,0,0,0,0.2365,0.67493,-0.030297,-1,0.99986,-0.92431,0,0,0,0,0.35471,999,999,999,0.33077,0.33243,0,0.92941,0.2365,0.92431,9999,1,-1,0,13.086,0.33243,0,0,0,0,0,0,0,0,1,999,999,999,0,0,0,0,0,0,0,0,0,0,0,0,0,0,0,0,0,0,0,0,0,-0.80742,1,0.99986,6.9473e-06,0,0,0,0,0,0,0,0
0,0,0,0,0,0,0,0,0.96464,0.37164,-0.67473,1,0.97899,0.0059743,-2.4545e-05,0,0,0,1.0585,999,999,999,0.91431,0.96626,0.48282,0.52233,0.15926,4.9016e-07,9999,1,-1,600.59,6.0059,0.19659,0,0,0,0,0,0,0,0,1,999,999,999,0,0,0,0,0,0,0,0,0,0,0,0,0,0,0,0,0,0.0099599,0.96464,1,0.80673,0.73335,1,0.97899,0.085493,0,0,0,0,0,0,0,1
0,0,0,0,0,0,0,0,0.16606,0.21377,-0.081626,-1,0.98043,-4.9569e-07,0,0,0,0,0.60577,999,999,999,0.65193,0.19898,0,0.91605,0.16606,4.9569e-07,9999,1,-1,654.3,4.9316,0.19898,0,0,0,0,0,0,0,0,1,999,999,999,0,0,0,0,0,0,0,0,0,0,0,0,0,0,0,0,0,0.017991,0.601,1,0.74534,0.52661,1,0.98043,0.59326,0,0,0,0,0,0,0,0
0,0,0,0,0,0,0,0,0.99357,0.67134,0.6632,1,0.99785,0.82847,0.021764,1,0,0,1.1632,0.99357,0.97591,-0.88101,0.52544,0.18533,1.4,0.45764,0.13423,0.82847,9999,0,1,0,26.953,0.18533,0,0,0,0,0,0,0,0,1,999,999,999,0,0,0,0,0,0,0,0,0,0,0,0,0,0,0,0,0,0.0077992,0.99357,1,0.97591,0.95721,-1,-4.7311e-06,-0.00034787,0,0,0,0,0,0,0,1
0,0,0,0,0,0,0,0,0.9927,1.0057,-0.85787,-1,0.53625,-0.097519,-8.9264e-05,2,1,0.50391,0.84538,999,999,999,0.96346,0.68534,0.72289,0.79137,0.19741,5.2838e-07,9999,1,1,595.7,4.4922,0.21209,0,0,0,0,0,0,0,0,1,0.9927,0.91027,-0.49915,0,0,0,0,0,10,0.19741,5.2838e-07,9999,1,595.7,4.4922,0.21209,0.9927,0.91027,-0.49915,5,0.023935,0.55172,1,0.90387,-0.49915,-1,-8.9264e-05,-0.051346,0,0,0,0,0,0,0,0
0,0,0,0,0,0,0,0,1.7225,0,-0.42086,1,0.9998,0.00049855,-0.00045934,1,0,0,1.1178,1.7225,0.90981,-0.58904,0.37192,2.7944,0.89831,0.73017,0.10795,1.2168e-06,9999,0,-1,0,24.023,0.10684,0,0,0,0,0,0,0,0,1,1.7225,0.90981,-0.82175,0,0,0,0,0,10,0.10795,1.2168e-06,9999,-1,0,24.023,0.10684,1.7225,0.90981,-0.82175,-2,0.047272,1.7225,1,0.90981,0.45657,1,0.9998,0.5996,0,0,0,0,0,0,0,1
0,0,0,0,0,0,0,0,1.4078,1.1571,-0.92547,1,0.96662,0.053865,-0.016827,1,0,0,1.618,0.89739,0.9218,-0.52468,1.0281,1.0045,1.1544,0.96635,0.12051,4.8392e-07,9999,1,-1,571.29,5.2734,0.19382,0,0,0,0,0,0,0,0,1,1.4078,0.81274,-0.91962,0,0,0,0,0,10,0.12051,4.8392e-07,9999,-1,571.29,5.2734,0.19382,1.4078,0.81274,-0.91962,-2,0.016796,1.4078,1,0.81274,-0.91962,1,0.96662,0.84884,0,0,0,0,0,0,0,1
0,0,0,0,0,0,0,0,1.0288,0,-0.8222,-1,-0.7448,0.0023128,-0.00059879,3,1,0.49714,1.0917,999,999,999,1.6063,0.74166,0.51444,0.66844,0.13785,4.8014e-07,9999,1,1,742.19,5.0293,0.19211,0,0,0,0,0,0,0,0,1,999,999,999,0,0,0,0,0,0,0,0,0,0,0,0,0,0,0,0,0,7.145e-05,1.0288,-1,0.88867,0.84116,-1,-0.7448,-0.32003,0,0,0,0,0,0,0,0
0,0,0,0,0,0,0,0,0.77095,0.94474,0.83368,1,0.96792,-0.0001763,-7.4319e-05,2,0,0,1.1343,0.64443,-0.96937,-0.89229,0.94198,0.17862,0.7034,0.7891,0.15314,1.755e-06,9999,0,-1,0,5.7617,0.2041,0,0,0,0,0,0,0,0,1,0.64443,0.96937,-0.8221,0,0,0,0,0,10,0.15314,1.755e-06,9999,-1,0,5.7617,0.2041,0.64443,0.96937,-0.8221,-0,0.0056824,0.77095,1,0.96411,0.83558,1,0.96792,0.35891,0,0,0,0,0,0,0,0
0,0,0,0,0,0,0,0,1.2398,1.1911,-0.72954,1,0.047473,0.047362,-8.0337e-05,1,2,0.49937,1.8915,1.1718,0.99788,-0.94294,1.523,1.4588,0.66785,0.60218,0.14866,6.4513e-07,9999,1,1,654.3,4.1504,0.24835,0,0,0,0,0,0,0,0,1,999,999,999,0,0,0,0,0,10,0.20685,2.999e-06,9999,-1,0,3.6133,0.26833,1.1718,0.99788,-0.48339,-4,0.00057747,1.2398,1,0.96197,0.70734,1,0.047362,0.037156,0,0,0,0,0,0,0,0
0,0,0,0,0,0,0,0,0.44672,0.75615,-0.80002,1,-0.0075787,0.00017432,3.8594e-06,3,0,0,0.41431,999,999,999,1.0259,0.14908,0.31917,0.47238,0.081537,4.0416e-07,9999,0,-1,976.56,6.7383,0.15032,0,0,0,0,0,0,0,0,1,999,999,999,0,0,0,0,0,0,0,0,0,0,0,0,0,0,0,0,0,0,0,0,0,0.29929,1,0.00017432,0.60707,0,0,0,0,0,0,0,0
0,0,0,0,0,0,0,0,1.2049,1.4031,-0.78139,1,-0.96654,0.020928,0.00068781,0,0,0,1.2188,999,999,999,0.76752,1.8117,0.65554,0.86364,0.22198,1.5491e-06,9999,0,-1,566.41,3.6133,0.35957,0,0,0,0,0,0,0,0,1,999,999,999,0,0,0,0,0,10,0.20245,1.8248e-06,9999,1,0,3.9062,0.20989,1.1539,0.86672,-0.11392,0,0.0057791,1.2049,1,0.89366,-0.11392,-1,-0.96654,-0.0025193,0,0,0,0,0,0,0,0
1.3215,0.22541,-0.59603,1,0,0,0,0,0.61091,0.46828,-0.19116,1,0.96161,-0.011051,0.0033111,1,0,0,1.0379,1.3215,-0.96328,-0.48115,0.79744,0.65383,0.92575,0,0,0,0,0,0,0,0,0,0,0,0,0,0,0,0,0,0,0,0,0,0,0,0,0,0,0,0,0,0,0,0,0,0,0,0,0,0,0.0056484,1.3215,1,0.96328,0,0,0,0,0,0,0,0,0,0,0,1
0,0,0,0,0,0,0,0,1.4561,0.28113,-0.83968,1,-0.97286,0.73508,1.664e-05,0,0,0,1.5243,999,999,999,0.8263,1.9389,0.5407,0.65918,0.10729,4.5097e-07,9999,1,1,405.27,6.4453,0.17788,0,0,0,0,0,0,0,0,1,999,999,999,0,0,0,0,0,10,0.16826,3.7533e-07,9999,-1,1015.6,7.6172,0.12937,1.4561,0.95486,-0.85086,-2,0.0067461,1.4561,1,0.95486,0.93764,-1,-0.97286,-0.55272,0,0,0,0,0,0,0,1
0,0,0,0,0,0,0,0,0.80426,1.8297,0.21127,-1,-0.80805,3.0748e-05,-2.3795e-05,0,0,0,1.0351,999,999,999,0.8753,0.50602,0.47921,0,0,0,0,0,0,0,0,0,0,0,0,0,0,0,0,0,0,0,0,0,0,0,0,0,0,0,0,0,0,0,0,0,0,0,0,0,0,0.014333,0.80426,-1,0.88365,0,0,0,0,0,0,0,0,0,0,0,0
0,0,0,0,0,0,0,0,0.92314,0.23294,0.1674,-1,-0.71777,0.00025555,-3.2956e-06,3,0,0,1.0079,999,999,999,0.92648,0.72965,0.30728,0.9107,0.076191,1.261e-06,9999,0,-1,0,9.2773,0.1296,0,0,0,0,0,0,0,0,1,999,999,999,0,0,0,0,0,0,0,0,0,0,0,0,0,0,0,0,0,0.00046472,0.92314,-1,0.92529,0.38104,1,0.00025555,0.78659,0,0,0,0,0,0,0,1
0,0,0,0,0,0,0,0,1.2702,1.4155,-0.97766,-1,-0.97293,-0.92465,0.030205,0,0,0,1.7571,-1.2702,0.84808,-0.95473,0.87225,1.1788,1.6052,0.86547,0.14305,4.433e-07,9999,1,1,732.42,5.2734,0.1738,1,0,2.956,2.9715,2.7973,0.067508,0.057846,0.069513,1,1.2702,0.84808,-0.53786,0,0,0,0,0,10,0.14435,1.526e-06,9999,-1,0,5.6641,0.18044,1.1933,0.89607,-0.83557,-4,0.00043713,1.2702,-1,0.84808,0.72605,-1,-0.97293,-0.58462,0,0,0,0,0,0,0,0
0,0,0,0,0,0,0,0,0.32022,1.6373,-0.98672,1,-0.00049432,2.7753e-05,4.968e-07,1,0,0,0.85517,999,999,999,0.69867,0.49758,0.19946,0.28204,0.079875,3.8903e-07,9999,0,-1,732.42,5.7617,0.13978,0,0,0,0,0,0,0,0,1,999,999,999,0,0,0,0,0,0,0,0,0,0,0,0,0,0,0,0,0,0.013061,0.71061,-1,0.73731,0.44745,1,2.7753e-05,0.54393,0,0,0,0,0,0,0,1
0,0,0,0,0,0,0,0,0.75985,1.0622,-0.9565,-1,1,-0.074406,-0.007666,0,0,0,1.0566,999,999,999,0.17332,0.89556,0.82533,0.69089,0.11451,1.2227e-06,9999,1,1,0,19.727,0.073972,0,0,0,0,0,0,0,0,1,0.75985,0.87632,-0.25791,0,0,0,0,0,10,0.11451,1.2227e-06,9999,1,0,19.727,0.073972,0.75985,0.87632,-0.25791,4,0.0035203,0.75985,-1,0.87632,-0.25791,-1,-0.074406,-0.52888,0,0,0,0,0,0,0,0
0.2348,2.8917,-0.70272,1,0,0,0,0,0.88224,1.89,-0.84459,-1,-0.98409,0.96808,-0.0037147,1,1,0.49711,1.3607,-0.88224,-0.94925,-0.97016,0.77112,0.83135,1.0392,0.9917,0.19697,1.539e-06,9999,0,1,0,5.9082,0.18204,0,0,0,0,0,0,0,0,1,0.78175,0.97483,-0.96985,0,0,0,0,0,10,0.19697,1.539e-06,9999,1,0,5.9082,0.18204,0.78175,0.97483,-0.96985,4,0.017526,0.88224,-1,0.94925,-0.97123,-1,-0.98409,-0.74697,0.2348,2.8917,-0.70272,1,1,0.11793,0.5576,1
1.7665,0.11605,-0.43832,1,0,0,0,0,0.82193,1.5565,-0.92516,1,0.99772,0.00075516,-8.6499e-06,0,0,0,1.6464,999,999,999,0.4379,1.5949,0.38235,0.66587,0.15727,4.6435e-07,9999,1,-1,732.42,5.1758,0.18464,0,0,0,0,0,0,0,0,1,1.7665,0.95974,-0.84729,0,0,0,0,0,10,0.15727,4.6435e-07,9999,-1,732.42,5.1758,0.18464,1.7665,0.95974,-0.84729,-0,0.0083698,1.7665,1,0.95974,0.36282,1,0.99772,0.16302,0,0,0,0,0,0,0,1
0,0,0,0,0,0,0,0,0.51571,0.31669,0.38726,-1,0.99959,-0.97822,0.00049534,1,0,0,0.89968,999,999,999,0.36881,0.70402,0.60022,0.84116,0.24661,3.0811e-06,9999,0,1,644.53,4.3457,0.30223,0,0,0,0,0,0,0,0,1,999,999,999,0,0,0,0,0,10,0.23465,0.99959,9999,1,1201.2,9.9609,0.36881,0.51571,0.74872,-0.13395,22,0.0070949,0.51571,-1,0.74872,0.54669,-1,-0.97822,-2.9158e-06,0,0,0,0,0,0,0,1
0,0,0,0,0.92759,0,0.27099,1,1.3736,0,-0.97145,-1,0.94044,-0.055105,0.0012437,1,0,0,1.7214,0.92759,0.95508,-0.60884,0.74879,1.3739,1.2821,0,0,0,0,0,0,0,0,0,0,0,0,0,0,0,0,0,0,0,0,0,0,0,0,0,0,0,0,0,0,0,0,0,0,0,0,0,0,0.0034464,1.3736,-1,0.71991,0,0,0,0,0,0,0,0,0,0,0,1
0,0,0,0,0,0,0,0,0.69628,0.24963,-0.82315,-1,0.0012736,-0.00075787,-0.00058662,1,1,0.49476,0.9306,999,999,999,0.77478,0.80757,0.54983,0.26394,0.20697,1.3524e-06,9999,0,1,473.63,3.5645,0.34553,0,0,0,0,0,0,0,0,1,999,999,999,0,0,0,0,0,0,0,0,0,0,0,0,0,0,0,0,0,0.0064088,0.69628,-1,0.9397,0.035978,-1,-0.00075787,-0.0010825,0,0,0,0,0,0,0,0
0,0,0,0,0,0,0,0,0.59896,1.3269,-0.55112,-1,-4.0731e-05,3.8684e-05,8.5513e-06,1,0,0,0.7867,999,999,999,0.55316,0.543,0.38141,0.92896,0.16446,5.4202e-07,9999,1,1,620.12,4.0527,0.2171,0,0,0,0,0,0,0,0,1,0.59896,0.7022,-0.42363,0,0,0,0,0,10,0.16446,5.4202e-07,9999,1,620.12,4.0527,0.2171,0.59896,0.7022,-0.42363,4,0.0070545,0.59896,-1,0.7022,0.78566,-1,-1.5672e-06,-0.6513,0,0,0,0,0,0,0,0
0,0,0,0,0,0,0,0,0.25296,1.0723,-0.91573,-1,-0.0043508,7.4591e-05,6.9104e-05,2,0,0,0.82286,999,999,999,0.5694,0.70047,0.67706,0,0,0,0,0,0,0,0,0,0,0,0,0,0,0,0,0,0,0,0,0,0,0,0,0,0,0,0,0,0,0,0,0,0,0,0,0,0,0.0069758,0.55608,1,0.87533,0,0,0,0,0,0,0,0,0,0,0,0
0,0,0,0,0,0,0,0,0.62122,0.063691,0.23362,1,-0.066284,6.017e-05,0,0,0,0,0.85629,999,999,999,1.212,0.63347,0,0,0,0,0,0,0,0,0,0,0,0,0,0,0,0,0,0,0,0,0,0,0,0,0,0,0,0,0,0,0,0,0,0,0,0,0,0,0,0.0094286,0.79499,-1,0.94156,0,0,0,0,0,0,0,0,0,0,0,1
0,0,0,0,0,0,0,0,0.76536,1.2838,-0.34858,-1,-0.33805,0.14622,0.00032836,1,0,0,0.89353,999,999,999,1.2013,1.121,0.31386,0.86403,0.2283,4.2128e-07,9999,1,1,1025.4,7.9102,0.1612,0,0,0,0,0,0,0,0,1,0.76536,0.72507,-0.27978,0,0,0,0,0,10,0.2283,4.2128e-07,9999,1,1025.4,7.9102,0.1612,0.76536,0.72507,-0.27978,4,0.015325,0.76536,-1,0.72507,0.7007,1,0.00032836,0.0023742,0,0,0,0,0,0,0,1
0,0,0,0,0,0,0,0,1.5748,0,-0.23392,1,0.9665,0.91112,0,0,0,0,1.7461,1.3535,-0.88961,-0.71598,1.9946,0.90422,0,0,0,0,0,0,0,0,0,0,0,0,0,0,0,0,0,0,0,0,0,0,0,0,0,0,0,0,0,0,0,0,0,0,0,0,0,0,0,0.026234,1.5748,1,0.94616,0,0,0,0,0,0,0,0,0,0,0,1
0,0,0,0,0,0,0,0,0.74556,0.44552,0.38221,1,-0.0001871,0.00013316,5.3995e-05,0,0,0,1.0043,999,999,999,0.20988,0.81469,0.60834,0.88815,0.14094,5.5884e-07,9999,0,-1,546.88,4.4434,0.22294,0,0,0,0,0,0,0,0,1,0.74717,0.90406,-0.95061,0,0,0,0,0,10,0.14094,5.5884e-07,9999,-1,546.88,4.4434,0.22294,0.74717,0.90406,-0.95061,-2,0.0024889,0.74717,1,0.90406,0.72699,1,0.00013316,0.64449,0,0,0,0,0,0,0,1
0,0,0,0,0,0,0,0,0.53214,0.7068,0.95988,-1,0.15009,-0.020465,3.8691e-05,0,0,0,1.0456,0.81398,-0.49133,-0.30901,1.0145,0.71594,0.54457,0,0,0,0,0,0,0,0,0,0,0,0,0,0,0,0,0,0,0,0,0,0,0,0,0,0,0,0,0,0,0,0,0,0,0,0,0,0,0.007144,0.81398,1,0.49133,0,0,0,0,0,0,0,0,0,0,0,0
0,0,0,0,0,0,0,0,0.48062,0.36266,0.48211,-1,-0.98164,-8.1328e-05,3.9275e-05,1,1,0.49698,0.94632,-0.81807,-0.94711,-0.73058,0.72227,0.70925,0.54602,0,0,0,0,0,0,0,0,0,0,0,0,0,0,0,0,0,0,0,0,0,0,0,0,0,0,0,0,0,0,0,0,0,0,0,0,0,0,0.050356,0.81807,-1,0.94711,0,0,0,0,0,0,0,0,0,0,0,1
0,0,0,0,0,0,0,0,0.96064,1.3669,-0.9683,1,0.0045961,-1.7399e-06,0,0,0,0,0.97554,999,999,999,1.0293,0.36744,0,0,0,0,0,0,0,0,0,0,0,0,0,0,0,0,0,0,0,0,0,0,0,0,0,0,0,0,0,0,0,0,0,0,0,0,0,0,0,0.023095,0.96064,1,0.92297,0,0,0,0,0,0,0,0,0,0,0,0
1.7883,0.17882,-0.79772,1,0,0,0,0,0.59296,1.0749,-0.27762,-1,-0.013613,-0.00017474,0.000103,1,0,0,1.7792,999,999,999,0.93014,0.1681,0.67179,0.99926,0.14624,0.00017474,9999,0,-1,712.89,0,0.1681,0,0,0,0,0,0,0,0,1,1.7883,0.9655,-0.97478,0,0,0,0,0,10,0.14624,0.00017474,9999,-1,712.89,0,0.1681,1.7883,0.9655,-0.97478,-2,0.0059409,1.7883,1,0.9655,0.93407,1,0.000103,0.90183,0,0,0,0,0,0,0,1
0,0,0,0,0,0,0,0,1.6033,0.44111,-0.073177,-1,0.060952,-0.012988,-0.004862,1,0,0,1.6161,999,999,999,1.361,0.77863,1.2602,0.44134,0.10857,3.6798e-07,9999,0,-1,800.78,6.0059,0.12339,0,0,0,0,0,0,0,0,1,1.0353,0.97141,-0.40292,0,0,0,0,0,10,0.10857,3.6798e-07,9999,-1,800.78,6.0059,0.12339,1.0353,0.97141,-0.40292,-11,0.00098032,1.6033,-1,0.97416,0.96878,1,0.00017495,0.40727,0,0,0,0,0,0,0,1
0,0,0,0,0,0,0,0,0.1439,0.12483,0.26083,1,0.11333,3.2926e-05,-1.9624e-05,5,1,0.50052,0.66894,0.57993,0.83395,-0.75959,1.0787,0.52052,0.45793,0.95716,0.1439,4.5525e-07,9999,1,1,683.59,7.2266,0.18009,0,0,0,0,0,0,0,0,1,999,999,999,0,0,0,0,0,0,0,0,0,0,0,0,0,0,0,0,0,0,0,0,0,-0.67895,1,0.11333,0.77321,0,0,0,0,0,0,0,1
0,0,0,0,0,0,0,0,1.3732,0.94223,-0.95292,-1,-0.014118,-1.3856e-06,6.8305e-07,1,0,0,1.371,999,999,999,1.6755,0.15957,0.25764,0.96039,0.11598,3.6048e-07,9999,1,1,1220.7,9.5703,0.11697,0,0,0,0,0,0,0,0,1,1.3732,0.99997,-0.96022,0,0,0,0,0,10,0.11598,3.6048e-07,9999,1,1220.7,9.5703,0.11697,1.3732,0.99997,-0.96022,2,0.015272,1.3732,-1,0.99997,-0.33179,-1,-1.3856e-06,-0.83966,0,0,0,0,0,0,0,0
0,0,0,0,0,0,0,0,0.50753,1.5494,-0.58332,-1,-0.93563,-0.0012736,0.00017424,3,0,0,0.74391,999,999,999,0.39171,0.62531,0.15083,0.76148,0.12366,3.4536e-07,9999,0,-1,249.02,3.9551,0.10293,1,0,-2.2523,2.7064,-0.028904,0.084748,0.13483,0.037152,1,999,999,999,0,0,0,0,0,10,0.16665,0.00017424,9999,1,761.72,0,0.15083,0.50753,0.68827,-0.93998,0,0.030907,0.50753,-1,0.68827,-0.57265,-1,-0.93563,-0.10188,0,0,0,0,0,0,0,1
0,0,0,0,0,0,0,0,0.77274,0.89107,-0.50899,-1,0.78078,0.27338,-0.043684,2,0,0,0.9188,0.61419,-0.69982,-0.60848,0.13804,0.85969,1.0994,0.75542,0.2173,1.1508e-06,9999,0,-1,4960.9,28.516,0.32768,0,0,0,0,0,0,0,0,1,0.61419,0.69982,-0.55037,0,0,0,0,0,10,0.2173,1.1508e-06,9999,-1,4960.9,28.516,0.32768,0.61419,0.69982,-0.55037,-0,0.0071361,0.77274,-1,0.86818,-0.23728,1,0.78078,0.0068236,0,0,0,0,0,0,0,1
0,0,0,0,1.7697,0.36313,0.15988,1,0.85721,2.02,-0.65309,-1,-0.93748,0.0022422,9.5992e-05,0,0,0,1.9385,999,999,999,0.92731,1.6453,0.68438,0.65368,0.23544,1.4607e-06,9999,1,-1,498.05,3.7109,0.35359,0,0,0,0,0,0,0,0,1,0.57744,0.16845,-0.4176,0,0,0,0,0,10,0.23544,1.4607e-06,9999,-1,498.05,3.7109,0.35359,0.57744,0.16845,-0.4176,-6,3.8566e-05,1.7697,1,0.98383,0.50759,1,0.0022422,0.00049244,0,0,0,0,0,0,0,1
0,0,0,0,1.1114,0.17255,-0.45281,-1,0.52364,0.3354,0.15543,1,0.015576,-0.0021762,3.7118e-07,1,0,0,0.86654,999,999,999,0.86798,0.85727,0.12603,0,0,0,0,0,0,0,0,0,0,0,0,0,0,0,0,0,0,0,0,0,0,0,0,0,0,0,0,0,0,0,0,0,0,0,0,0,0,0.018365,1.1114,-1,0.96795,0,0,0,0,0,0,0,0,0,0,0,0
0,0,0,0,0,0,0,0,0.31743,1.4408,-0.79375,1,-0.039802,1.6376e-05,1.352e-05,1,0,0,0.6536,999,999,999,1.0042,0.4395,0.521,0,0,0,0,0,0,0,0,0,0,0,0,0,0,0,0,0,0,0,0,0,0,0,0,0,0,0,0,0,0,0,0,0,0,0,0,0,0,0,0,0,0,0,0,0,0,0,0,0,0,0,0,0,0
0,0,0,0,0,0,0,0,2.0746,0,-0.9888,1,0.06075,-0.010953,0,0,0,0,1.8217,999,999,999,1.7636,0.80786,0,0,0,0,0,0,0,0,0,0,0,0,0,0,0,0,0,0,0,0,0,0,0,0,0,0,0,0,0,0,0,0,0,0,0,0,0,0,0,0.0077385,2.0746,1,0.99574,0,0,0,0,0,0,0,0,0,0,0,1
0,0,0,0,0,0,0,0,0.81374,0.90195,-0.38772,1,-0.9629,0.78611,0.054985,0,0,0,1.0394,999,999,999,0.9909,0.78193,1.0215,0,0,0,0,0,0,0,0,0,0,0,0,0,0,0,0,0,0,0,0,0,0,0,0,0,0,0,0,0,0,0,0,0,0,0,0,0,0,0.023467,0.81374,1,0.91352,0,0,0,0,0,0,0,0,0,0,0,0
0,0,0,0,0.8533,0.13396,0.58235,-1,1.3489,0.64132,-0.9204,-1,-0.94969,-0.18076,0.0015068,1,0,0,1.5218,-0.8533,0.91301,-0.73551,1.0543,0.95913,0.81437,0.13989,0.1506,3.8669e-07,9999,0,1,742.19,3.5156,0.13807,0,0,0,0,0,0,0,0,1,999,999,999,0,0,0,0,0,0,0,0,0,0,0,0,0,0,0,0,0,0.021075,1.3489,-1,0.93079,0.2399,-1,-0.94969,-0.049364,0,0,0,0,0,0,0,0
0,0,0,0,0,0,0,0,0.78421,0.7431,-0.27715,-1,-0.03154,-4.5595e-05,0,0,0,0,0.86635,-0.64958,-0.98734,-0.96443,1.1603,0.5732,0,0,0,0,0,0,0,0,0,0,0,0,0,0,0,0,0,0,0,0,0,0,0,0,0,0,0,0,0,0,0,0,0,0,0,0,0,0,0,0.010635,0.78421,-1,0.94343,0,0,0,0,0,0,0,0,0,0,0,1
1.6163,0.13423,-0.65457,1,1.2023,0.098529,-0.072925,-1,0,0,0,0,-0.4079,0.00027531,0,0,0,0,1.7636,999,999,999,1.9027,1.7127,0,0,0,0,0,0,0,0,0,0,0,0,0,0,0,0,0,0,0,0,0,0,0,0,0,0,0,0,0,0,0,0,0,0,0,0,0,0,0,0.022227,1.6163,1,0.95631,0,0,0,0,0,0,0,0,0,0,0,1
0,0,0,0,0,0,0,0,1.0905,0.21284,-0.96341,1,0.78403,4.3211e-05,3.3643e-07,1,0,0,0.68461,999,999,999,0.71043,0.56337,0.093857,0.9987,0.16069,3.3643e-07,9999,0,1,161.13,4.9316,0.093857,0,0,0,0,0,0,0,0,1,999,999,999,0,0,0,0,0,0,0,0,0,0,0,0,0,0,0,0,0,0.01567,1.0905,1,0.96036,0,0,0,0,0,0,0,0,0,0,0,1
0,0,0,0,0,0,0,0,0.34409,1.4609,-0.59713,-1,-0.99995,-0.00040655,-0.00017016,0,0,0,1.0346,-0.50925,0.76714,-0.80194,0.31079,0.7728,0.3849,0,0,0,0,0,0,0,0,0,0,0,0,0,0,0,0,0,0,0,0,0,0,0,0,0,0,0,0,0,0,0,0,0,0,0,0,0,0,0.022323,0.50925,-1,0.76714,0,0,0,0,0,0,0,0,0,0,0,0
0,0,0,0,0,0,0,0,1.5111,1.0817,0.47395,1,0.042772,-3.387e-05,-5.5624e-07,0,0,0,1.6054,999,999,999,1.626,0.52453,0.22206,0.83053,0.22898,5.5624e-07,9999,1,-1,590.82,5.0293,0.22206,0,0,0,0,0,0,0,0,1,1.5111,0.95686,-0.88598,0,0,0,0,0,10,0.22898,5.5624e-07,9999,-1,590.82,5.0293,0.22206,1.5111,0.95686,-0.88598,-6,0.00023315,1.5111,1,0.95686,-0.88598,1,0.042772,0.0077373,0,0,0,0,0,0,0,0
0,0,0,0,0,0,0,0,0.27489,1.1135,0.63296,-1,1,0.00016125,-1.3481e-05,0,0,0,0.60408,0.55601,0.90682,-0.86377,0.18925,0.81342,0.42099,0.72934,0.15126,3.9283e-07,9999,1,1,908.2,7.2266,0.14252,0,0,0,0,0,0,0,0,1,999,999,999,0,0,0,0,0,0,0,0,0,0,0,0,0,0,0,0,0,0.0086635,0.55601,1,0.90682,-0.88832,-1,-1.3481e-05,-0.28016,0,0,0,0,0,0,0,1
0,0,0,0,0,0,0,0,0.23255,0.14585,0.58897,-1,-0.00018771,-2.0149e-05,1.6101e-05,2,0,0,0.77304,-0.54741,-0.75008,-0.16129,0.21107,0.46073,0.43783,0.7552,0.23255,0.00018771,9999,0,-1,625,0,0.21107,0,0,0,0,0,0,0,0,1,999,999,999,0,0,0,0,0,0,0,0,0,0,0,0,0,0,0,0,0,0.0035373,0.54181,-1,0.7934,-0.81807,1,1.2813e-05,0.0017425,0,0,0,0,0,0,0,0
0,0,0,0,0.80401,1.1295,-0.033596,-1,0.76807,1.4915,-0.68997,1,-0.16862,0.013101,-0.00028292,0,0,0,1.2018,-0.80401,0.79913,-0.84256,0.60121,1.0722,0.783,0,0,0,0,0,0,0,0,0,0,0,0,0,0,0,0,0,0,0,0,0,0,0,0,0,0,0,0,0,0,0,0,0,0,0,0,0,0,0.0015434,0.80401,-1,0.79913,0,0,0,0,0,0,0,0,0,0,0,0
0.22243,0.94586,0.62174,-1,0,0,0,0,0.77389,1.1683,-0.96713,1,0.871,6.5047e-05,-1.553e-05,1,0,0,0.84035,0.77389,-0.83715,-0.79833,0.54628,0.65823,0.43433,0.92013,0.22243,1.0761e-06,9999,1,-1,625,4.9316,0.31983,0,0,0,0,0,0,0,0,1,0.77389,0.83715,-0.60134,0,0,0,0,0,10,0.22243,1.0761e-06,9999,-1,625,4.9316,0.31983,0.77389,0.83715,-0.60134,-8,0.0082075,0.77389,1,0.83715,0.95807,1,0.871,0.089191,0.22243,0.94586,0.62174,-1,1,0.030727,0.92013,1
0,0,0,0,0,0,0,0,0.39928,0.86035,-0.72413,1,-0.00068925,3.0074e-06,1.3845e-06,1,0,0,0.56287,999,999,999,0.51284,0.2686,0.34802,0,0,0,0,0,0,0,0,0,0,0,0,0,0,0,0,0,0,0,0,0,0,0,0,0,0,0,0,0,0,0,0,0,0,0,0,0,0,0.010565,0.60286,-1,0.75642,0,0,0,0,0,0,0,0,0,0,0,1
0,0,0,0,0,0,0,0,1.1769,0.867,0.46789,1,-0.97439,0.021706,-0.019003,1,0,0,1.671,-0.78116,-0.99633,-0.78335,0.74674,1.3975,0.77349,0.9815,0.10935,3.5402e-07,9999,0,-1,1269.5,9.5703,0.11117,0,0,0,0,0,0,0,0,1,1.1769,0.55827,-0.58479,0,0,0,0,0,10,0.10935,3.5402e-07,9999,-1,1269.5,9.5703,0.11117,1.1769,0.55827,-0.58479,-4,0.020737,1.1769,1,0.55827,-0.58479,1,0.021706,0.87733,0,0,0,0,0,0,0,0
1.5918,0.099848,-0.22903,-1,0,0,0,0,0.53285,1.2713,-0.49753,1,0.00030857,-8.895e-05,-4.0266e-06,1,0,0,1.6622,999,999,999,0.62157,1.6331,0.29581,0.98062,0.23084,4.0266e-06,9999,0,-1,0,4.8828,0.29581,0,0,0,0,0,0,0,0,1,999,999,999,0,0,0,0,0,0,0,0,0,0,0,0,0,0,0,0,0,0.010786,1.5918,-1,0.97392,0.75531,1,0.00030857,0.25665,0,0,0,0,0,0,0,0
0,0,0,0,0,0,0,0,0.73563,1.2438,-0.29398,1,-0.98593,0.77263,7.3685e-05,1,0,0,0.96543,999,999,999,0.69962,0.62468,0.58394,0,0,0,0,0,0,0,0,0,0,0,0,0,0,0,0,0,0,0,0,0,0,0,0,0,0,0,0,0,0,0,0,0,0,0,0,0,0,0.01845,0.72072,-1,0.73119,0,0,0,0,0,0,0,0,0,0,0,0
0.38107,1.8451,0.50441,1,0,0,0,0,0.44769,1.2372,-0.26045,-1,5.3819e-05,-3.807e-05,6.6581e-06,0,0,0,0.67584,999,999,999,0.48446,0.54212,0.36118,0,0,0,0,0,0,0,0,0,0,0,0,0,0,0,0,0,0,0,0,0,0,0,0,0,0,0,0,0,0,0,0,0,0,0,0,0,0,0,0,0,0,0,0,0,0,0.38107,1.8451,0.50441,1,1,0.028282,0.89906,0
0,0,0,0,0,0,0,0,0.76245,1.1944,-0.17098,1,-0.98936,0.19439,6.2592e-05,1,0,0,1.0002,999,999,999,0.46047,1.2165,0.62307,0.22548,0.079617,1.2125e-06,9999,0,-1,0,11.426,0.10196,0,0,0,0,0,0,0,0,1,0.76245,0.6668,-0.5799,0,0,0,0,0,10,0.13874,1.2207e-06,9999,-1,0,27.344,0.075397,0.76245,0.6668,-0.39137,-0,0.055556,0.76245,1,0.6668,-0.5799,1,0.19439,0.5408,0,0,0,0,0,0,0,0
0,0,0,0,0,0,0,0,0.89428,0.91626,-0.83753,-1,-0.95412,-0.91789,0.22746,1,0,0,1.0067,-0.89428,-0.85078,-0.28665,0.39743,0.65181,0.54378,0.77702,0.11931,1.3765e-06,9999,1,-1,0,5.4199,0.15792,0,0,0,0,0,0,0,0,1,0.555,0.88594,-0.76809,0,0,0,0,0,10,0.11931,1.3765e-06,9999,-1,0,5.4199,0.15792,0.555,0.88594,-0.76809,-5,0.0039531,0.89428,-1,0.85078,0.56289,1,0.22746,0.57908,0,0,0,0,0,0,0,0
0,0,0,0,0,0,0,0,0.38028,0,-0.019279,1,0.0065993,3.2735e-05,1.2264e-06,3,1,0.50242,0.25222,999,999,999,0.62424,0.51962,0.071586,0.33055,0.20272,4.0093e-07,9999,1,1,927.73,6.7383,0.14815,0,0,0,0,0,0,0,0,1,999,999,999,0,0,0,0,0,0,0,0,0,0,0,0,0,0,0,0,0,0,0,0,0,0,0,0,0,0,0,0,0,0,0,0,1
0,0,0,0,0,0,0,0,0.92596,0.3701,-0.63247,-1,-0.44836,0.040075,-0.00035314,1,0,0,0.68878,999,999,999,1.4643,0.9526,0.64711,0.52135,0.23361,4.2954e-07,9999,1,-1,683.59,5.957,0.16609,0,0,0,0,0,0,0,0,1,0.58038,0.91062,-0.77315,0,0,0,0,0,10,0.23361,4.2954e-07,9999,-1,683.59,5.957,0.16609,0.58038,0.91062,-0.77315,-6,0.00078236,0.92596,-1,0.91697,-0.77315,1,0.040075,0.00030235,0,0,0,0,0,0,0,1
0.57456,1.73,0.15889,1,0,0,0,0,0.81706,1.2144,-0.61995,1,-0.26072,0.062425,0.00018107,2,1,0.50168,1.3008,999,999,999,1.1917,0.54001,0.68547,0.58478,0.16105,0.00017563,9999,0,-1,664.06,0,0.13691,1,1,-2.3913,5.1177,-0.1305,0.14473,0.27949,0.064471,1,0.81706,0.74686,-0.40502,0,0,0,0,0,10,0.16105,0.00017563,9999,-1,664.06,0,0.13691,0.81706,0.74686,-0.40502,-11,0.011746,0.82794,-1,0.87806,0.96022,1,0.062425,0.094902,0.57456,1.73,0.15889,1,1,0.12453,0.78794,0
0,0,0,0,0,0,0,0,0.32697,2.0021,-0.78391,1,0.95485,-0.00064907,0.00064602,2,0,0,0.74295,999,999,999,0.4134,0.42145,0.40527,0.78123,0.15954,3.4806e-07,9999,0,1,28.381,16.406,0.10555,0,0,0,0,0,0,0,0,1,999,999,999,0,0,0,0,0,0,0,0,0,0,0,0,0,0,0,0,0,0,0,0,0,0.035426,1,0.95485,0.0020297,0,0,0,0,0,0,0,1
0,0,0,0,0,0,0,0,1.598,0.6072,-0.8628,1,0.22209,-0.11941,0,0,0,0,1.9209,999,999,999,1.857,1.2311,0,0,0,0,0,0,0,0,0,0,0,0,0,0,0,0,0,0,0,0,0,0,0,0,0,0,0,0,0,0,0,0,0,0,0,0,0,0,0,0.0046427,1.598,1,0.91517,0,0,0,0,0,0,0,0,0,0,0,1
0,0,0,0,0,0,0,0,0.4137,0.96416,-0.45728,-1,0.99769,-7.1653e-05,3.014e-05,0,0,0,1.1017,0.52149,-0.60667,-0.93307,0.43393,0.82658,0.50762,0.91351,0.199,5.2273e-07,9999,0,-1,634.77,5.0781,0.20994,0,0,0,0,0,0,0,0,1,0.52149,0.60667,-0.43182,0,0,0,0,0,10,0.199,5.2273e-07,9999,-1,634.77,5.0781,0.20994,0.52149,0.60667,-0.43182,-22,0.0041747,0.68976,-1,0.99121,0.54389,1,0.99769,0.2723,0,0,0,0,0,0,0,0
0.77701,1.5025,0.010467,1,0,0,0,0,0.71579,0.99521,-0.61413,-1,-0.23246,0.0013951,0.00051458,1,0,0,1.1828,-0.51627,-0.86767,-0.16849,1.169,0.17215,0.5952,0.78831,0.11993,0.0013951,9999,0,1,3554.7,6.0059,0.17215,0,0,0,0,0,0,0,0,1,0.51627,0.86767,-0.9034,0,0,0,0,0,10,0.11993,0.0013951,9999,1,3554.7,6.0059,0.17215,0.51627,0.86767,-0.9034,4,0.010495,0.77701,1,0.3853,0.055449,-1,-0.23246,-0.58658,0.77701,1.5025,0.010467,1,2,0.010495,0.3853,0
1.3218,0,-0.9252,1,0,0,0,0,0,0,0,0,0.00026395,0,0,0,0,0,1.1542,999,999,999,1.1543,0,0,0,0,0,0,0,0,0,0,0,0,0,0,0,0,0,0,0,0,0,0,0,0,0,0,0,0,0,0,0,0,0,0,0,0,0,0,0,0,0.013002,1.3218,1,0.93929,0,0,0,0,0,0,0,0,0,0,0,1
0,0,0,0,0,0,0,0,0.45758,0.37991,-0.96371,1,-0.18598,0.045074,-1.0043e-05,2,1,0.49925,0.51456,-0.56185,-0.87022,-0.57199,1.3694,1.0646,0.3949,0.86644,0.19101,1.0337e-06,9999,1,1,468.75,3.6621,0.315,0,0,0,0,0,0,0,0,1,0.56185,0.87022,-0.51958,0,0,0,0,0,10,0.19101,1.0337e-06,9999,1,468.75,3.6621,0.315,0.56185,0.87022,-0.51958,5,0.0034394,0.56185,-1,0.87022,0.94006,-1,-0.18598,-0.19494,0,0,0,0,0,0,0,1
0,0,0,0,0,0,0,0,2.1311,0.37908,-0.68781,1,0.91896,-0.077719,0.0064842,0,0,0,1.8125,2.1311,-0.98207,-0.96427,0.88859,2.1281,1.5483,0,0,0,0,0,0,0,0,0,0,0,0,0,0,0,0,0,0,0,0,0,0,0,0,0,0,0,0,0,0,0,0,0,0,0,0,0,0,0.00017717,2.1311,1,0.98207,0,0,0,0,0,0,0,0,0,0,0,1
0,0,0,0,0,0,0,0,0.51313,0.14992,0.5322,1,0.99376,-0.99204,-0.0045033,2,0,0,0.7914,0.51313,0.92258,-0.77767,0.43985,0.63923,0.57347,0.17909,0.057771,1.2302e-06,9999,0,1,0,10.645,0.11623,0,0,0,0,0,0,0,0,1,999,999,999,0,0,0,0,0,0,0,0,0,0,0,0,0,0,0,0,0,0.011666,0.50982,1,0.50548,-0.056186,-1,-0.99204,-0.63399,0,0,0,0,0,0,0,0
0,0,0,0,0,0,0,0,0.78533,0.83486,0.61689,-1,-0.97651,0.63875,-0.0003829,0,0,0,1.1448,-0.78533,0.98564,-0.89685,0.86093,0.95129,0.91661,0,0,0,0,0,0,0,0,0,0,0,0,0,0,0,0,0,0,0,0,0,0,0,0,0,0,0,0,0,0,0,0,0,0,0,0,0,0,0.0047503,0.78533,-1,0.98564,0,0,0,0,0,0,0,0,0,0,0,1
0,0,0,0,0,0,0,0,1.0414,0.12584,-0.80735,-1,0.99994,0.96286,-0.00039542,1,0,0,0.93764,999,999,999,0.29824,0.75043,0.7559,0,0,0,0,0,0,0,0,0,0,0,0,0,0,0,0,0,0,0,0,0,0,0,0,0,0,0,0,0,0,0,0,0,0,0,0,0,0,0.0060866,1.0414,-1,0.98678,0,0,0,0,0,0,0,0,0,0,0,1
0,0,0,0,0,0,0,0,1.2614,0,-0.23742,-1,0.071834,-0.056819,-5.3639e-07,0,0,0,1.6123,999,999,999,1.3436,1.337,0.21506,0.90078,0.15554,4.5598e-07,9999,1,1,712.89,4.5898,0.18046,0,0,0,0,0,0,0,0,1,1.2614,0.85054,-0.54658,0,0,0,0,0,10,0.15554,4.5598e-07,9999,1,712.89,4.5898,0.18046,1.2614,0.85054,-0.54658,2,0.020247,1.2614,-1,0.85054,-0.54658,-1,-0.056819,-0.60617,0,0,0,0,0,0,0,0
0,0,0,0,0,0,0,0,1.142,0,-0.98585,1,0.37501,0.027898,0,1,0,0,1.0663,1.142,-0.98585,-0.0448,0.80085,1.0831,0,0,0,0,0,0,0,0,0,0,0,0,0,0,0,0,0,0,0,0,0,0,0,0,0,0,0,0,0,0,0,0,0,0,0,0,0,0,0,0.010287,1.142,1,0.98585,0,0,0,0,0,0,0,0,0,0,0,1
0,0,0,0,0,0,0,0,0.8492,1.6495,-0.084393,1,0.97916,-4.1696e-05,0,0,0,0,0.80356,999,999,999,0.72818,0.55715,0,0,0,0,0,0,0,0,0,0,0,0,0,0,0,0,0,0,0,0,0,0,0,0,0,0,0,0,0,0,0,0,0,0,0,0,0,0,0,0.016428,0.8492,1,0.92581,0,0,0,0,0,0,0,0,0,0,0,1
0,0,0,0,1.8504,0.068254,-0.50816,1,0,0,0,0,0.11589,-0.053037,0,0,0,0,2.1323,999,999,999,1.4601,1.6333,0,0,0,0,0,0,0,0,0,0,0,0,0,0,0,0,0,0,0,0,0,0,0,0,0,0,0,0,0,0,0,0,0,0,0,0,0,0,0,0.0055488,1.8504,1,0.90733,0,0,0,0,0,0,0,0,0,0,0,0
0,0,0,0,0,0,0,0,0.90474,1.1155,0.092153,1,0.93684,-0.87003,0.019665,1,0,0,1.3045,999,999,999,0.45756,0.23081,1.4079,0.30821,0.20067,0.93684,9999,1,1,0,8.8867,0.45756,0,0,0,0,0,0,0,0,1,999,999,999,0,0,0,0,0,0,0,0,0,0,0,0,0,0,0,0,0,0.012433,0.90474,1,0.77583,-0.95083,-1,-0.87003,-1.8353e-05,0,0,0,0,0,0,0,1
0,0,0,0,0,0,0,0,1.5422,0.26269,-0.95949,-1,-0.96489,0.11245,-0.085183,0,0,0,1.4295,-1.5422,-0.70199,-0.22598,1.4292,1.5414,0.94769,0.54388,0.22255,6.3301e-07,9999,1,-1,566.41,3.2227,0.24517,0,0,0,0,0,0,0,0,1,999,999,999,0,0,0,0,0,0,0,0,0,0,0,0,0,0,0,0,0,0.074345,1.5422,-1,0.70199,0.63832,1,0.11245,0.00081172,0,0,0,0,0,0,0,0
0,0,0,0,0,0,0,0,0.13004,0.13839,-0.23549,-1,0.9988,3.5531e-06,-5.668e-07,2,0,0,0.44157,999,999,999,0.37926,0.31294,0.22559,0.89701,0.13004,3.5078e-07,9999,1,-1,1464.8,9.9609,0.10814,0,0,0,0,0,0,0,0,1,999,999,999,0,0,0,0,0,0,0,0,0,0,0,0,0,0,0,0,0,0,0,0,0,-0.53626,1,0.9988,0.70041,0,0,0,0,0,0,0,0
0,0,0,0,0,0,0,0,1.8715,0.21735,-0.43436,1,0.73344,0.011439,0.00064789,2,0,0,2.113,0.72123,0.69662,-0.6231,2.0442,1.0374,0.43889,0,0,0,0,0,0,0,0,0,0,0,0,0,0,0,0,0,0,0,0,0,0,0,0,0,0,0,0,0,0,0,0,0,0,0,0,0,0,0.0044737,1.8715,1,0.99212,0,0,0,0,0,0,0,0,0,0,0,1
0,0,0,0,0,0,0,0,1.5923,1.2826,-0.89019,1,-0.99802,0.017489,-0.00054367,1,0,0,1.848,999,999,999,0.51677,1.7336,0.56417,0.93733,0.11918,4.4692e-07,9999,1,1,703.12,6.3477,0.17575,0,0,0,0,0,0,0,0,1,999,999,999,0,0,0,0,0,0,0,0,0,0,0,0,0,0,0,0,0,0.0051151,1.5923,1,0.99347,0.89023,-1,-0.99802,-0.79537,0,0,0,0,0,0,0,0
0,0,0,0,0,0,0,0,0.86786,0.30626,-0.17494,1,-0.060184,0.0024704,0.00011379,0,0,0,1.3224,999,999,999,1.0592,0.9331,0.86519,0,0,0,0,0,0,0,0,0,0,0,0,0,0,0,0,0,0,0,0,0,0,0,0,0,0,0,0,0,0,0,0,0,0,0,0,0,0,0.014852,0.86786,1,0.71102,0,0,0,0,0,0,0,0,0,0,0,0
0,0,0,0,0,0,0,0,1.1053,1.4797,-0.92505,-1,0.94619,-0.74739,-6.2355e-07,1,0,0,1.4656,999,999,999,1.5004,1.8551,0.24261,0.349,0.15909,3.5906e-07,9999,0,1,1123,9.668,0.11571,0,0,0,0,0,0,0,0,1,1.1053,0.75972,-0.32315,0,0,0,0,0,10,0.15909,3.5906e-07,9999,1,1123,9.668,0.11571,1.1053,0.75972,-0.32315,0,0.0035601,1.3388,1,0.95729,0.21157,1,0.94619,0.011468,0,0,0,0,0,0,0,0
0,0,0,0,1.9772,0.11865,-0.93027,1,0.66989,0.082872,-0.037836,-1,-0.0040369,0.00031959,0,0,0,0,1.9213,999,999,999,0.96003,2.7256,0,0,0,0,0,0,0,0,0,0,0,0,0,0,0,0,0,0,0,0,0,0,0,0,0,0,0,0,0,0,0,0,0,0,0,0,0,0,0,0.005708,1.9772,1,0.97098,0,0,0,0,0,0,0,0,0,0,0,1
0,0,0,0,0,0,0,0,0.54838,0.40476,-0.82536,1,1.9679e-05,-9.9164e-06,0,0,0,0,0.5033,999,999,999,0.45822,0.39097,0,0,0,0,0,0,0,0,0,0,0,0,0,0,0,0,0,0,0,0,0,0,0,0,0,0,0,0,0,0,0,0,0,0,0,0,0,0,0,0.017982,0.54838,1,0.58863,0,0,0,0,0,0,0,0,0,0,0,0
0,0,0,0,0,0,0,0,0.6562,1.3444,-0.53683,-1,-0.0082498,-4.1536e-05,2.7004e-05,3,1,0.49789,0.9371,-0.58829,-0.52591,-0.44525,0.96373,0.55648,0.49434,0.76114,0.11776,3.9393e-07,9999,0,1,800.78,5.8594,0.1433,0,0,0,0,0,0,0,0,1,0.6562,0.94113,-0.78048,0,0,0,0,0,10,0.1971,1.2121e-06,9999,1,0,10.938,0.10137,0.6562,0.94113,-0.78604,4,0.013276,0.6562,-1,0.94113,0.37932,-1,-1.1399e-06,-0.57194,0,0,0,0,0,0,0,1
0,0,0,0,0,0,0,0,0.85346,0.70577,0.11816,-1,-0.019524,0.0034387,-1.6216e-05,1,0,0,1.1852,999,999,999,0.85015,0.69944,0.43854,0.72098,0.19896,8.0011e-07,9999,1,-1,507.81,5.7129,0.2814,0,0,0,0,0,0,0,0,1,0.65324,0.88717,-0.94736,0,0,0,0,0,10,0.24502,4.4596e-07,9999,1,664.06,4.8828,0.17523,0.85346,0.83133,-0.17377,0,0.0078359,0.85346,-1,0.83133,0.40998,-1,-1.6216e-05,-0.00025071,0,0,0,0,0,0,0,0
0.55097,1.462,-0.34415,1,0,0,0,0,1.1022,0.21918,0.50295,-1,0.33352,-0.001013,0.00010688,0,0,0,1.7572,999,999,999,0.69246,1.3794,1.6012,0,0,0,0,0,0,0,0,0,0,0,0,0,0,0,0,0,0,0,0,0,0,0,0,0,0,0,0,0,0,0,0,0,0,0,0,0,0,0.018329,1.2575,1,0.88029,0,0,0,0,0.55097,1.462,-0.34415,1,1,0.00046141,0.40024,1
0,0,0,0,0,0,0,0,0.55179,0.079378,-0.64256,1,-0.017082,0.0088945,-0.0010793,1,0,0,0.81693,999,999,999,0.90672,0.7417,0.86191,0,0,0,0,0,0,0,0,0,0,0,0,0,0,0,0,0,0,0,0,0,0,0,0,0,0,0,0,0,0,0,0,0,0,0,0,0,0,0.043776,0.55179,1,0.60538,0,0,0,0,0,0,0,0,0,0,0,1
0,0,0,0,0,0,0,0,1.1972,0.5215,-0.84912,1,0.093713,0.011315,-8.7569e-05,1,0,0,0.90348,1.1972,-0.73902,-0.056231,0.87467,0.73226,0.75496,0.095768,0.12683,4.7805e-07,9999,1,-1,644.53,5.2246,0.19115,0,0,0,0,0,0,0,0,1,1.1972,0.73902,-0.57196,0,0,0,0,0,10,0.12683,4.7805e-07,9999,-1,644.53,5.2246,0.19115,1.1972,0.73902,-0.57196,-0,0.011319,0.64873,1,0.71387,0.14617,1,1.3884e-05,0.17007,0,0,0,0,0,0,0,1
0,0,0,0,0,0,0,0,1.0229,0.29707,0.84805,-1,0.97111,-0.070037,8.5038e-06,1,1,0.49284,1.107,0.5785,-0.68025,-0.043755,0.82297,1.5631,0.38095,0.99672,0.19743,5.6528e-06,9999,1,-1,0,3.8574,0.32411,0,0,0,0,0,0,0,0,1,0.64231,0.66283,-0.61586,0,0,0,0,0,10,0.19743,5.6528e-06,9999,-1,0,3.8574,0.32411,0.64231,0.66283,-0.61586,-0,0.0016974,1.0229,-1,0.99258,-0.61586,1,0.97111,0.77095,0,0,0,0,0,0,0,1
0,0,0,0,0,0,0,0,0.60401,0,-0.5556,1,0.00020938,0,0,0,0,0,0.49181,999,999,999,0.88594,0,0,0,0,0,0,0,0,0,0,0,0,0,0,0,0,0,0,0,0,0,0,0,0,0,0,0,0,0,0,0,0,0,0,0,0,0,0,0,0,0.0083177,0.60401,1,0.85849,0,0,0,0,0,0,0,0,0,0,0,0
0,0,0,0,0,0,0,0,1.2398,0.17286,-0.97098,1,0.00056454,-0.00010865,0,0,0,0,1.2877,999,999,999,1.1815,0.59042,0,0,0,0,0,0,0,0,0,0,0,0,0,0,0,0,0,0,0,0,0,0,0,0,0,0,0,0,0,0,0,0,0,0,0,0,0,0,0,0.0072804,1.2398,1,0.97149,0,0,0,0,0,0,0,0,0,0,0,1
0,0,0,0,0,0,0,0,0.74547,0.96863,0.074688,-1,-0.49169,-0.00058983,3.6926e-07,0,0,0,0.84751,999,999,999,0.94258,0.52304,0.12445,0.89859,0.18435,3.6926e-07,9999,1,1,820.31,11.523,0.12445,0,0,0,0,0,0,0,0,1,0.74547,0.84825,-0.53085,0,0,0,0,0,10,0.18435,3.6926e-07,9999,1,820.31,11.523,0.12445,0.74547,0.84825,-0.53085,2,0.0008398,0.74547,-1,0.84825,-0.53085,-1,-0.49169,-0.36502,0,0,0,0,0,0,0,0
0,0,0,0,0,0,0,0,0.77109,1.1089,-0.17948,-1,-0.9648,0.00048703,-1.2098e-06,1,0,0,0.83311,999,999,999,0.88432,0.27539,0.088805,0.71552,0.072216,1.2098e-06,9999,0,-1,0,22.461,0.088805,0,0,0,0,0,0,0,0,1,999,999,999,0,0,0,0,0,0,0,0,0,0,0,0,0,0,0,0,0,0.026807,0.77109,-1,0.9984,0.73848,-1,-0.9648,-0.45587,0,0,0,0,0,0,0,0
0,0,0,0,0,0,0,0,0.5399,0.63199,0.010902,1,-0.97533,0.95175,0.00036003,1,1,0.49876,0.96854,999,999,999,0.54,0.75578,0.32504,0.95433,0.088328,3.9803e-07,9999,1,-1,947.27,6.9336,0.14617,0,1,0,0,0,0,0,0,1,0.5399,0.70531,-0.70479,0,0,0,0,0,10,0.088328,3.9803e-07,9999,-1,947.27,6.9336,0.14617,0.5399,0.70531,-0.70479,-2,0.0029142,0.71894,1,0.86305,0.67283,1,0.95175,0.83506,0,0,0,0,0,0,0,1
2.0754,0.046876,-0.80706,-1,0,0,0,0,0.81923,0.046876,0.81044,1,0.0050225,-8.0847e-05,2.4781e-05,0,0,0,2.2432,999,999,999,1.0377,2.1127,0.48395,0,0,0,0,0,0,0,0,0,0,0,0,0,0,0,0,0,0,0,0,0,0,0,0,0,0,0,0,0,0,0,0,0,0,0,0,0,0,0.0017867,2.0754,-1,0.93995,0,0,0,0,0,0,0,0,0,0,0,0
0.77768,0,0.36442,1,0,0,0,0,1.1591,0,-0.75591,-1,0.10338,-0.00027262,0,0,0,0,1.0297,999,999,999,1.1249,0.84951,0,0,0,0,0,0,0,0,0,0,0,0,0,0,0,0,0,0,0,0,0,0,0,0,0,0,0,0,0,0,0,0,0,0,0,0,0,0,0,0.0073085,1.1591,-1,0.98659,0,0,0,0,0.77768,0,0.36442,1,1,0.0032288,0.94454,0
0,0,0,0,0,0,0,0,0.73886,0,0.2915,-1,0.19914,0.1061,-0.0064787,0,0,0,1.2472,999,999,999,0.69706,1.1647,0.4724,0.92258,0.23871,2.3486e-06,9999,1,1,571.29,7.2266,0.28139,0,0,0,0,0,0,0,0,1,0.73886,0.96389,-0.85666,0,0,0,0,0,10,0.23871,2.3486e-06,9999,1,571.29,7.2266,0.28139,0.73886,0.96389,-0.85666,0,0.016901,0.8611,1,0.84551,-0.00092651,-1,-0.0064787,-0.0282,0,0,0,0,0,0,0,1
0,0,0,0,1.6713,0.073084,-0.7885,1,0,0,0,0,0.0043347,0,0,0,0,0,1.6291,999,999,999,1.7141,0,0,0,0,0,0,0,0,0,0,0,0,0,0,0,0,0,0,0,0,0,0,0,0,0,0,0,0,0,0,0,0,0,0,0,0,0,0,0,0,0.0058834,1.6713,1,0.95183,0,0,0,0,0,0,0,0,0,0,0,1
0,0,0,0,0,0,0,0,0.53516,0.69904,0.79237,1,0.0063802,3.038e-05,0,0,0,0,0.55317,999,999,999,0.85223,0.50949,0,0,0,0,0,0,0,0,0,0,0,0,0,0,0,0,0,0,0,0,0,0,0,0,0,0,0,0,0,0,0,0,0,0,0,0,0,0,0,0.01052,0.53516,1,0.91734,0,0,0,0,0,0,0,0,0,0,0,0
0,0,0,0,0,0,0,0,2.4711,0,-0.80294,-1,-0.0015142,0.00072328,0,0,0,0,2.0492,999,999,999,1.8655,1.2378,0,0,0,0,0,0,0,0,0,0,0,0,0,0,0,0,0,0,0,0,0,0,0,0,0,0,0,0,0,0,0,0,0,0,0,0,0,0,0,0.009332,2.4711,-1,0.98951,0,0,0,0,0,0,0,0,0,0,0,0
0,0,0,0,0,0,0,0,1.1487,0.19374,0.29132,-1,-0.054645,0.00075666,1.4789e-06,3,0,0,1.2093,999,999,999,1.1289,0.58548,0.17422,0,0,0,0,0,0,0,0,0,0,0,0,0,0,0,0,0,0,0,0,0,0,0,0,0,0,0,0,0,0,0,0,0,0,0,0,0,0,0.003103,1.1487,-1,0.96998,0,0,0,0,0,0,0,0,0,0,0,1
0,0,0,0,0,0,0,0,0.77534,0.69845,-0.78982,1,0.001286,-4.8104e-06,-1.3138e-06,1,0,0,0.86319,999,999,999,0.92987,0.3359,0.041915,0.64605,0.080072,1.3138e-06,9999,0,-1,0,3.3691,0.041915,1,0,-0.12969,0.50913,-1.64,0.064499,0.048039,0.017012,1,0.77534,0.80149,-0.062878,0,0,0,0,0,10,0.080072,1.3138e-06,9999,-1,0,3.3691,0.041915,0.77534,0.80149,-0.062878,-21,0.010571,0.77534,1,0.80149,-0.062878,1,0.001286,0.69611,0,0,0,0,0,0,0,1
0,0,0,0,0,0,0,0,1.4231,0.17543,-0.82248,-1,-0.94118,-2.4945e-05,1.0739e-05,0,0,0,1.1808,999,999,999,1.0957,0.48463,0.40067,0,0,0,0,0,0,0,0,0,0,0,0,0,0,0,0,0,0,0,0,0,0,0,0,0,0,0,0,0,0,0,0,0,0,0,0,0,0,0.013119,1.4231,-1,0.90863,0,0,0,0,0,0,0,0,0,0,0,0
0,0,0,0,0,0,0,0,0.80545,0.92487,-0.44849,1,0.066519,-3.1801e-06,8.0105e-07,0,0,0,0.81789,999,999,999,0.72207,0.3046,0.28156,0.86035,0.14576,4.0714e-07,9999,1,-1,820.31,5.5176,0.15229,0,0,0,0,0,0,0,0,1,0.80545,0.7937,-0.38373,0,0,0,0,0,10,0.14576,4.0714e-07,9999,-1,820.31,5.5176,0.15229,0.80545,0.7937,-0.38373,-0,0.019967,0.80545,1,0.7937,-0.38373,1,0.066519,0.55823,0,0,0,0,0,0,0,0
0,0,0,0,0,0,0,0,0.83166,2.02,-0.69114,1,0.013111,0.00020526,1.5952e-05,0,0,0,1.1842,0.60504,0.90103,-0.81527,1.1221,0.77095,0.43693,0.94159,0.23157,5.3042e-07,9999,1,-1,605.47,4.3457,0.21286,0,0,0,0,0,0,0,0,1,0.60504,0.90103,-0.70319,0,0,0,0,0,10,0.23726,1.0107e-06,9999,-1,683.59,4.6387,0.21577,0.83166,0.55878,-0.4083,-6,0.015718,0.83166,1,0.55878,0.95656,1,1.5952e-05,0.083396,0,0,0,0,0,0,0,0
0,0,0,0,0,0,0,0,0.35068,0.42212,0.3215,1,1.1263e-05,-1.3516e-06,-6.3938e-07,2,1,0.49717,0.50424,999,999,999,0.40482,0.15311,0.24685,0.90046,0.10264,1.3516e-06,9999,1,-1,0,7.9102,0.15311,0,0,0,0,0,0,0,0,1,999,999,999,0,0,0,0,0,0,0,0,0,0,0,0,0,0,0,0,0,0,0,0,0,0.75924,1,1.1263e-05,0.75652,0,0,0,0,0,0,0,1
0,0,0,0,0,0,0,0,0.55912,1.7007,-0.6122,-1,0.99352,-0.88754,0.0013431,2,0,0,0.94574,999,999,999,0.63494,0.68501,0.63717,0,0,0,0,0,0,0,0,0,0,0,0,0,0,0,0,0,0,0,0,0,0,0,0,0,0,0,0,0,0,0,0,0,0,0,0,0,0,0.01096,0.54637,-1,0.97375,0,0,0,0,0,0,0,0,0,0,0,1
1.6872,0.62759,-0.94339,-1,0,0,0,0,1.0079,0.064393,0.56579,1,0.025734,-6.7674e-05,5.7625e-07,0,0,0,1.9049,999,999,999,1.4266,1.8188,0.22864,0,0,0,0,0,0,0,0,0,0,0,0,0,0,0,0,0,0,0,0,0,0,0,0,0,0,0,0,0,0,0,0,0,0,0,0,0,0,0.021677,1.6872,-1,0.9487,0,0,0,0,0,0,0,0,0,0,0,0
0,0,0,0,0,0,0,0,1.6455,0.28832,-0.92351,1,0.99046,0.010456,3.6639e-07,1,0,0,1.5879,1.6455,-0.93126,-0.54217,0.65596,1.4384,0.12205,0.40113,0.1308,3.3374e-07,9999,0,-1,3046.9,7.9102,0.091004,0,0,0,0,0,0,0,0,1,999,999,999,0,0,0,0,0,0,0,0,0,0,0,0,0,0,0,0,0,0.012555,1.6455,1,0.93126,0.10249,1,0.99046,0.22848,0,0,0,0,0,0,0,1
0,0,0,0,0,0,0,0,0.50351,0.22548,-0.18487,-1,-0.98069,-6.2299e-06,1.2871e-06,0,0,0,0.57583,999,999,999,0.4851,0.35593,0.13779,0.79239,0.10798,1.2871e-06,9999,1,1,0,7.3242,0.13779,0,0,0,0,0,0,0,0,1,0.50351,0.49801,-0.80608,0,0,0,0,0,10,0.10798,1.2871e-06,9999,1,0,7.3242,0.13779,0.50351,0.49801,-0.80608,0,0.0085535,0.50351,-1,0.49801,-0.80608,-1,-0.98069,-0.64368,0,0,0,0,0,0,0,1
0,0,0,0,0,0,0,0,0.75374,0.13128,-0.96405,1,0.99926,-6.0647e-07,-4.4638e-07,1,0,0,0.36192,999,999,999,0.39282,0.2378,0.17546,0,0,0,0,0,0,0,0,0,0,0,0,0,0,0,0,0,0,0,0,0,0,0,0,0,0,0,0,0,0,0,0,0,0,0,0,0,0,0.026054,0.75374,1,0.59609,0,0,0,0,0,0,0,0,0,0,0,1
0,0,0,0,0,0,0,0,0.54556,0.62533,0.80335,-1,0.10262,-0.00016121,-9.1729e-05,2,0,0,1.1339,999,999,999,1.3148,0.66377,0.73594,0,0,0,0,0,0,0,0,0,0,0,0,0,0,0,0,0,0,0,0,0,0,0,0,0,0,0,0,0,0,0,0,0,0,0,0,0,0,0.015401,0.95569,1,0.8059,0,0,0,0,0,0,0,0,0,0,0,1
0,0,0,0,0,0,0,0,0.58558,1.3395,-0.9836,1,0.0020561,0.00052899,-2.0662e-05,0,0,0,0.82737,0.58558,0.84539,-0.14064,0.82622,0.87416,0.46343,0.33821,0.20366,3.9952e-07,9999,1,-1,830.08,6.2012,0.14719,0,0,0,0,0,0,0,0,1,0.58558,0.84539,-0.10634,0,0,0,0,0,10,0.20366,3.9952e-07,9999,-1,830.08,6.2012,0.14719,0.58558,0.84539,-0.10634,-5,0.010287,0.5326,1,0.34357,0.13107,-1,-1.6168e-05,-0.0014565,0,0,0,0,0,0,0,0
0,0,0,0,0,0,0,0,0.79181,0.9982,-0.76487,1,0.00011154,-2.9731e-05,-2.8637e-06,0,0,0,0.98607,999,999,999,0.8203,0.50663,0.41514,0,0,0,0,0,0,0,0,0,0,0,0,0,0,0,0,0,0,0,0,0,0,0,0,0,0,0,0,0,0,0,0,0,0,0,0,0,0,0.0085247,0.79181,1,0.90081,0,0,0,0,0,0,0,0,0,0,0,1
0,0,0,0,1.3733,0.1671,-0.73268,1,0.67155,0.63039,0.49099,1,0.016402,4.504e-05,-3.6964e-05,0,0,0,1.5391,0.67155,-0.83705,-0.81547,1.6626,0.57091,0.53522,0.93524,0.16526,4.142e-07,9999,1,1,600.59,3.7598,0.15682,0,0,0,0,0,0,0,0,1,999,999,999,0,0,0,0,0,0,0,0,0,0,0,0,0,0,0,0,0,0.0045939,1.3733,1,0.96899,0.32422,-1,-3.6964e-05,-0.67061,0,0,0,0,0,0,0,1
0,0,0,0,0,0,0,0,1.2749,0,-0.48706,-1,-0.015043,3.2589e-05,-1.9436e-06,1,0,0,1.1336,999,999,999,1.0117,0.51881,0.26748,0.15118,0.11758,1.2165e-06,9999,0,1,4882.8,18.75,0.078944,0,0,0,0,0,0,0,0,1,999,999,999,0,0,0,0,0,0,0,0,0,0,0,0,0,0,0,0,0,0.01415,1.2749,-1,0.82184,0.80577,1,3.2589e-05,0.022146,0,0,0,0,0,0,0,0
0,0,0,0,0,0,0,0,1.0213,0.39683,-0.76248,1,0.18464,-3.1616e-05,-3.8293e-06,1,0,0,0.74425,999,999,999,1.6417,0.51488,0.29136,0.90232,0.22238,1.5324e-06,9999,0,-1,537.11,3.125,0.35848,0,0,0,0,0,0,0,0,1,999,999,999,0,0,0,0,0,0,0,0,0,0,0,0,0,0,0,0,0,0,0,0,0,0.8793,1,0.18464,0.058802,0,0,0,0,0,0,0,1
0,0,0,0,0,0,0,0,0.96582,0.58846,-0.98495,1,7.7306e-05,-4.2584e-05,-1.8375e-05,2,0,0,0.96703,999,999,999,0.72447,0.55985,0.45108,0.85465,0.18787,7.631e-07,9999,0,1,541.99,3.8086,0.27456,0,0,0,0,0,0,0,0,1,0.5313,0.78647,-0.83522,0,0,0,0,0,10,0.18787,7.631e-07,9999,1,541.99,3.8086,0.27456,0.5313,0.78647,-0.83522,0,0.023312,0.96582,1,0.80482,0.23336,1,7.7306e-05,0.10464,0,0,0,0,0,0,0,0
0,0,0,0,0,0,0,0,0.53331,0.35909,-0.10597,1,-0.00054393,0.00047786,-4.3745e-05,3,1,0.49864,0.77821,999,999,999,0.30779,0.61362,0.46796,0.81375,0.14342,3.7813e-07,9999,0,1,1035.2,8.6914,0.13157,0,0,0,0,0,0,0,0,1,999,999,999,0,0,0,0,0,10,0.20512,1.3028e-06,9999,-1,478.52,3.5156,0.2364,0.53331,0.48985,-0.32896,-4,7.6092e-05,0.53331,1,0.48985,0.91236,-1,-1.5228e-05,-0.48094,0,0,0,0,0,0,0,0
0,0,0,0,0,0,0,0,0.48746,0,-0.84613,-1,-0.87045,-2.1742e-05,0,1,0,0,0.48619,999,999,999,0.23132,0.469,0,0,0,0,0,0,0,0,0,0,0,0,0,0,0,0,0,0,0,0,0,0,0,0,0,0,0,0,0,0,0,0,0,0,0,0,0,0,0,0,0,0,0,0,0,0,0,0,0,0,0,0,0,0,1
0,0,0,0,0,0,0,0,0.64932,1.1612,-0.83592,-1,0.95438,0.022865,-0.0010646,2,1,0.49954,1.0125,0.52249,-0.91118,-0.76609,1.3032,1.7044,0.94563,0.35106,0.19309,8.915e-07,9999,1,-1,537.11,3.5156,0.29623,0,1,0,0,0,0,0,0,1,999,999,999,0,0,0,0,0,0,0,0,0,0,0,0,0,0,0,0,0,0.063159,0.84702,1,0.89125,0.61647,1,0.95438,0.0046749,0,0,0,0,0,0,0,1
1.848,0.074593,-0.91983,-1,0,0,0,0,0.86401,0.15752,0.77085,1,0.0024898,-7.4695e-05,0,0,0,0,2.0117,999,999,999,1.1425,2.0924,0,0,0,0,0,0,0,0,0,0,0,0,0,0,0,0,0,0,0,0,0,0,0,0,0,0,0,0,0,0,0,0,0,0,0,0,0,0,0,0.0053284,1.848,-1,0.9956,0,0,0,0,0,0,0,0,0,0,0,0
0,0,0,0,1.0119,0,-0.4245,-1,0.58951,0,-0.36506,-1,-0.00011806,-6.7884e-05,3.2785e-05,2,0,0,1.1196,-0.58951,-0.95214,-0.64128,0.83636,0.59146,0.51984,0.49552,0.12709,3.1628e-07,9999,0,-1,732.42,3.8574,0.070739,0,0,0,0,0,0,0,0,1,999,999,999,0,0,0,0,0,0,0,0,0,0,0,0,0,0,0,0,0,0.010612,1.0119,-1,0.68023,0.73504,1,1.2147e-06,0.28551,0,0,0,0,0,0,0,1
2.2153,0.12618,-0.32161,1,0,0,0,0,0.92456,1.2825,0.0044107,1,0.95869,-0.12635,6.6987e-05,0,0,0,2.5351,2.2153,0.98561,-0.8906,1.1166,0.87582,2.8035,0.97211,0.13124,4.0652e-07,9999,1,-1,722.66,6.4453,0.15189,0,0,0,0,0,0,0,0,1,2.2153,0.98561,-0.99762,0,0,0,0,0,10,0.13124,4.0652e-07,9999,-1,722.66,6.4453,0.15189,2.2153,0.98561,-0.99762,-2,0.0025193,2.2153,1,0.98561,0.87784,1,0.95869,0.85487,0,0,0,0,0,0,0,1
0,0,0,0,0,0,0,0,0.26861,1.7588,-0.92603,-1,0.99909,6.8788e-05,-9.2366e-06,1,0,0,0.67141,999,999,999,0.45921,0.652,0.38778,0,0,0,0,0,0,0,0,0,0,0,0,0,0,0,0,0,0,0,0,0,0,0,0,0,0,0,0,0,0,0,0,0,0,0,0,0,0,0.026531,0.50461,1,0.79918,0,0,0,0,0,0,0,0,0,0,0,0
0,0,0,0,0,0,0,0,0.53877,0.66932,0.87317,1,0.011706,0.00082571,9.4083e-07,1,0,0,0.72804,0.53877,0.8949,-0.4284,0.9852,0.70467,0.30325,0.089165,0.11781,4.214e-07,9999,0,-1,207.52,4.6387,0.16127,1,0,0.03115,2.9759,3.2754,1.9684e-05,0.10198,0.11537,1,0.53877,0.8949,-0.42841,0,0,0,0,0,10,0.11781,4.214e-07,9999,-1,207.52,4.6387,0.16127,0.53877,0.8949,-0.42841,-6,0.0038263,0.53877,1,0.8949,0.45978,1,0.011706,0.24439,0,0,0,0,0,0,0,0
0,0,0,0,0,0,0,0,1.3176,0.69313,-0.27498,1,0.89222,0.019577,0.0033152,0,0,0,1.739,1.3176,-0.95348,-0.8584,0.82969,1.595,1.1457,0,0,0,0,0,0,0,0,0,0,0,0,0,0,0,0,0,0,0,0,0,0,0,0,0,0,0,0,0,0,0,0,0,0,0,0,0,0,0.0095347,1.3176,1,0.95348,0,0,0,0,0,0,0,0,0,0,0,1
0,0,0,0,0,0,0,0,1.0859,0.32451,-0.65355,1,0.00050625,0,0,0,0,0,0.88368,999,999,999,0.88936,0,0,0,0,0,0,0,0,0,0,0,0,0,0,0,0,0,0,0,0,0,0,0,0,0,0,0,0,0,0,0,0,0,0,0,0,0,0,0,0,0.0051944,1.0859,1,0.69032,0,0,0,0,0,0,0,0,0,0,0,1
0,0,0,0,0,0,0,0,1.1834,0.17318,-0.92715,-1,0.9823,-0.1493,-0.00014168,2,1,0.49613,1.0072,999,999,999,0.74042,0.49722,0.92321,0,0,0,0,0,0,0,0,0,0,0,0,0,0,0,0,0,0,0,0,0,0,0,0,0,0,0,0,0,0,0,0,0,0,0,0,0,0,0.014779,1.1834,-1,0.99778,0,0,0,0,0,0,0,0,0,0,0,1
0,0,0,0,0,0,0,0,1.744,0.44935,-0.24218,-1,-0.96698,0,0,0,0,0,1.7392,999,999,999,2.0294,0,0,0,0,0,0,0,0,0,0,0,0,0,0,0,0,0,0,0,0,0,0,0,0,0,0,0,0,0,0,0,0,0,0,0,0,0,0,0,0,0.026379,1.744,-1,0.98553,0,0,0,0,0,0,0,0,0,0,0,0
0,0,0,0,0,0,0,0,0.95249,1.0487,0.87907,1,-0.023767,0.00018625,0.00015897,0,0,0,1.3022,999,999,999,1.3371,0.63504,0.85785,0,0,0,0,0,0,0,0,0,0,0,0,0,0,0,0,0,0,0,0,0,0,0,0,0,0,0,0,0,0,0,0,0,0,0,0,0,0,0.0068091,0.95249,1,0.98148,0,0,0,0,0,0,0,0,0,0,0,1
0,0,0,0,0,0,0,0,0.37762,0.47979,0.70652,-1,0.84044,-0.40488,9.6742e-05,0,0,0,0.89858,999,999,999,0.58265,0.70042,0.66978,0,0,0,0,0,0,0,0,0,0,0,0,0,0,0,0,0,0,0,0,0,0,0,0,0,0,0,0,0,0,0,0,0,0,0,0,0,0,0.0023417,0.56628,-1,0.92579,0,0,0,0,0,0,0,0,0,0,0,1
0,0,0,0,0,0,0,0,0.23181,1.6927,-0.83373,-1,-0.99992,7.9207e-06,5.2083e-06,1,0,0,0.62947,999,999,999,0.31118,0.49088,0.342,0.82479,0.17336,4.4434e-07,9999,1,-1,800.78,5.3223,0.17437,0,0,0,0,0,0,0,0,1,999,999,999,0,0,0,0,0,0,0,0,0,0,0,0,0,0,0,0,0,0,0,0,0,-0.028573,-1,-0.99992,-0.12249,0,0,0,0,0,0,0,1
0,0,0,0,1.0723,0.50388,-0.19767,-1,1.283,0.42461,-0.29918,-1,0.98004,-0.67337,-0.065077,0,0,0,1.406,999,999,999,0.75851,2.0806,0.94766,0,0,0,0,0,0,0,0,0,0,0,0,0,0,0,0,0,0,0,0,0,0,0,0,0,0,0,0,0,0,0,0,0,0,0,0,0,0,0.051973,1.283,-1,0.94681,0,0,0,0,0,0,0,0,0,0,0,0
0,0,0,0,0,0,0,0,0.45147,0.17965,0.96259,1,0.99831,-0.0034528,1.4239e-05,2,1,0.49718,1.0455,999,999,999,0.50408,1.0744,0.53039,0,0,0,0,0,0,0,0,0,0,0,0,0,0,0,0,0,0,0,0,0,0,0,0,0,0,0,0,0,0,0,0,0,0,0,0,0,0,0.00042112,0.75199,-1,0.83138,0,0,0,0,0,0,0,0,0,0,0,0
0,0,0,0,0,0,0,0,0.44102,1.5861,-0.78666,-1,-0.93577,0.79553,-1.1102e-05,2,0,0,0.7374,999,999,999,0.47101,0.15296,0.38764,0.72078,0.09469,3.4894e-07,9999,0,1,1953.1,10.156,0.1064,0,0,0,0,0,0,0,0,1,999,999,999,0,0,0,0,0,0,0,0,0,0,0,0,0,0,0,0,0,0,0,0,0,-0.37441,-1,-0.93577,-0.65716,0,0,0,0,0,0,0,0
0,0,0,0,0,0,0,0,1.0715,1.5472,-0.36248,1,0.83846,0.013209,-2.3709e-05,0,0,0,0.82129,999,999,999,0.67837,0.76169,0.4788,0.54677,0.11288,3.771e-07,9999,1,-1,869.14,7.6172,0.13076,1,0,-2.9494,-0.37331,0.82817,0.13576,0.0083912,0.04378,1,999,999,999,0,0,0,0,0,10,0.22243,1.984e-06,9999,-1,493.16,5.127,0.26904,1.0715,0.85184,-0.21748,-5,0.072547,1.0715,1,0.85184,0.14178,1,0.83846,0.42732,0,0,0,0,0,0,0,1
0.44063,1.343,-0.16481,-1,0,0,0,0,0.57167,0.95046,-0.68417,1,0.96013,0.098986,-0.052969,1,0,0,1.2818,0.71606,0.60823,-0.2545,0.79439,1.0486,1.2321,0,0,0,0,0,0,0,0,0,0,0,0,0,0,0,0,0,0,0,0,0,0,0,0,0,0,0,0,0,0,0,0,0,0,0,0,0,0,0.01129,0.82637,-1,0.95923,0,0,0,0,0.44063,1.343,-0.16481,-1,1,0.084273,0.40707,1
0,0,0,0,0,0,0,0,2.1541,0.17429,-0.9644,-1,0.16656,-0.044602,-1.1604e-05,2,0,0,1.8949,999,999,999,1.0233,1.8202,0.40745,0,0,0,0,0,0,0,0,0,0,0,0,0,0,0,0,0,0,0,0,0,0,0,0,0,0,0,0,0,0,0,0,0,0,0,0,0,0,0.0022036,2.1541,-1,0.99868,0,0,0,0,0,0,0,0,0,0,0,0
0,0,0,0,1.1319,0,0.44941,1,0.47193,0.16039,-0.21166,-1,0.046661,-0.040064,-3.803e-05,0,0,0,1.4098,999,999,999,1.1703,1.3405,0.54201,0,0,0,0,0,0,0,0,0,0,0,0,0,0,0,0,0,0,0,0,0,0,0,0,0,0,0,0,0,0,0,0,0,0,0,0,0,0,0.002223,1.1319,1,0.99242,0,0,0,0,0,0,0,0,0,0,0,1
1.861,0,-0.80041,1,0,0,0,0,0.9951,0.19126,0.58039,1,0.93438,6.5934e-05,-1.7245e-05,0,0,0,1.7293,1.861,0.89862,-0.78472,1.0611,2.8289,0.46982,0.4647,0.13077,1.2222e-06,9999,1,-1,0,12.109,0.11118,0,0,0,0,0,0,0,0,1,1.861,0.89862,-0.54072,0,0,0,0,0,10,0.13077,1.2222e-06,9999,-1,0,12.109,0.11118,1.861,0.89862,-0.54072,-2,0.016497,1.861,1,0.89862,0.62168,1,0.93438,0.24624,0,0,0,0,0,0,0,1
0,0,0,0,0,0,0,0,1.2049,0.32004,-0.96708,-1,-0.17601,-0.00024102,6.1412e-07,0,1,0.50103,1.0671,999,999,999,1.6901,0.26923,0.23998,0.72318,0.14308,6.1412e-07,9999,1,1,541.99,5.3223,0.23998,0,0,0,0,0,0,0,0,1,1.2049,0.83468,-0.41476,0,0,0,0,0,10,0.14308,6.1412e-07,9999,1,541.99,5.3223,0.23998,1.2049,0.83468,-0.41476,6,0.02089,1.2049,-1,0.83468,-0.41476,-1,-0.17601,-0.34166,0,0,0,0,0,0,0,1
0,0,0,0,0.71513,0.75332,0.2218,-1,1.7784,0.28492,-0.84367,1,0.96032,-0.0055493,-3.7384e-07,2,0,0,1.3289,999,999,999,1.2831,1.0766,0.12818,0.99569,0.16404,3.7384e-07,9999,0,-1,1103.5,8.4961,0.12818,0,0,0,0,0,0,0,0,1,999,999,999,0,0,0,0,0,10,0.15243,3.5944e-07,9999,1,1308.6,10.156,0.11605,0.71513,0.81534,-0.012709,9,0.00031134,1.7784,1,0.96972,0.95223,1,0.96032,0.87794,0,0,0,0,0,0,0,1
0,0,0,0,0,0,0,0,0.97542,0.16205,-0.39723,-1,-0.014953,0.00030987,1.6349e-05,0,0,0,1.2244,999,999,999,1.008,0.60602,0.43934,0.64307,0.23454,6.4049e-07,9999,1,-1,483.4,5.127,0.24714,0,0,0,0,0,0,0,0,1,0.61145,0.68302,-0.029062,0,0,0,0,0,10,0.23454,6.4049e-07,9999,-1,483.4,5.127,0.24714,0.61145,0.68302,-0.029062,-0,0.0032358,0.97542,-1,0.96157,0.89621,1,1.6349e-05,0.00049386,0,0,0,0,0,0,0,0
0,0,0,0,0,0,0,0,0.41853,0.45892,0.57264,-1,-0.97564,0.00025225,-5.0487e-05,0,0,0,0.94567,999,999,999,0.59264,0.87453,0.54243,0,0,0,0,0,0,0,0,0,0,0,0,0,0,0,0,0,0,0,0,0,0,0,0,0,0,0,0,0,0,0,0,0,0,0,0,0,0,0.010962,0.60434,1,0.92543,0,0,0,0,0,0,0,0,0,0,0,0
0,0,0,0,0,0,0,0,0.6038,0.10747,0.62905,-1,-0.97881,0.00010899,-5.3146e-06,0,1,0.50267,0.90588,999,999,999,0.86439,0.87339,0.34356,0,0,0,0,0,0,0,0,0,0,0,0,0,0,0,0,0,0,0,0,0,0,0,0,0,0,0,0,0,0,0,0,0,0,0,0,0,0,0.02369,0.64952,1,0.3541,0,0,0,0,0,0,0,0,0,0,0,0
1.0222,0.77041,0.32394,1,0,0,0,0,0.77354,0.69732,-0.7394,-1,0.99916,0.0052855,0.00017421,4,0,0,1.1934,1.0222,0.77947,-0.74178,0.4566,1.3646,0.16046,0.68016,0.19394,0.00017421,9999,0,1,634.77,0,0.16046,1,0,-3.478,-0.86388,0.80283,0.21982,0.013882,0.023426,1,999,999,999,0,0,0,0,0,10,0.24974,9.9727e-07,9999,-1,742.19,4.4434,0.21466,1.0222,0.77947,-0.28225,-0,0.0082229,1.0222,1,0.77947,0.72211,1,0.99916,0.00028881,0,0,0,0,0,0,0,1
0,0,0,0,0,0,0,0,1.4325,0.11941,0.67149,-1,-0.95538,-0.81498,2.6432e-05,0,0,0,1.6773,-0.83431,0.92073,-0.81031,1.4084,0.97596,0.48486,0.94432,0.16514,5.2496e-07,9999,1,1,673.83,4.7852,0.2108,0,0,0,0,0,0,0,0,1,1.4325,0.97257,-0.84295,0,0,0,0,0,10,0.16514,5.2496e-07,9999,1,673.83,4.7852,0.2108,1.4325,0.97257,-0.84295,2,0.0020976,1.4325,-1,0.97257,0.99565,-1,-0.81498,-0.7056,0,0,0,0,0,0,0,0
0,0,0,0,0,0,0,0,0.70595,1.0382,0.22546,-1,-0.926,-0.76784,0.21823,2,0,0,0.87274,-0.70595,0.89518,-0.95949,0.33843,1.0868,0.78156,0.99583,0.14067,0.00017539,9999,0,-1,683.59,0,0.1733,0,0,0,0,0,0,0,0,1,0.54543,0.93053,-0.89323,0,0,0,0,0,10,0.14067,0.00017539,9999,-1,683.59,0,0.1733,0.54543,0.93053,-0.89323,-11,0.02843,0.70595,-1,0.89518,-0.89323,1,0.21823,0.8977,0,0,0,0,0,0,0,1
0,0,0,0,0,0,0,0,0.60689,0.9328,0.0093974,1,0.011641,-4.1199e-07,0,0,0,0,0.47322,999,999,999,0.9207,0.15542,0,0.92152,0.12237,4.1199e-07,9999,1,-1,761.72,5.9082,0.15542,0,0,0,0,0,0,0,0,1,999,999,999,0,0,0,0,0,0,0,0,0,0,0,0,0,0,0,0,0,0.003911,0.60689,1,0.58857,0.36884,1,0.011641,0.76239,0,0,0,0,0,0,0,1
0,0,0,0,1.015,0.12206,0.21709,1,0.81356,0.36099,-0.072385,-1,0.71716,0.34467,-0.00054185,0,0,0,1.4363,1.015,0.78391,-0.14839,1.0664,1.5213,0.81363,0.80232,0.10028,3.9598e-07,9999,1,-1,712.89,4.541,0.14474,0,0,0,0,0,0,0,0,1,1.015,0.78391,-0.27557,0,0,0,0,0,10,0.10028,3.9598e-07,9999,-1,712.89,4.541,0.14474,1.015,0.78391,-0.27557,-0,0.0058016,1.015,1,0.78391,-0.27557,1,0.34467,0.67635,0,0,0,0,0,0,0,1
0,0,0,0,0,0,0,0,1.5466,0.85059,-0.497,1,0.99999,0.83675,-0.014386,0,0,0,1.812,999,999,999,0.20473,2.1087,1.064,0,0,0,0,0,0,0,0,0,0,0,0,0,0,0,0,0,0,0,0,0,0,0,0,0,0,0,0,0,0,0,0,0,0,0,0,0,0,0.012278,1.5466,1,0.79773,0,0,0,0,0,0,0,0,0,0,0,1
0,0,0,0,0,0,0,0,1.3576,1.1055,-0.88766,1,-0.066057,-8.0851e-05,3.986e-05,0,0,0,1.5571,999,999,999,1.0608,0.72893,2.0739,0,0,0,0,0,0,0,0,0,0,0,0,0,0,0,0,0,0,0,0,0,0,0,0,0,0,0,0,0,0,0,0,0,0,0,0,0,0,0.0019911,1.3576,1,0.99635,0,0,0,0,0,0,0,0,0,0,0,1
0,0,0,0,0,0,0,0,1.5343,0.47993,0.23444,1,0.96353,-0.62617,-0.036865,0,0,0,2.1322,999,999,999,1.7166,0.9079,1.5336,0.2024,0.14821,3.9711e-07,9999,1,1,839.84,7.1289,0.14553,0,0,0,0,0,0,0,0,1,999,999,999,0,0,0,0,0,0,0,0,0,0,0,0,0,0,0,0,0,0.017038,1.5343,1,0.96036,0.509,-1,-0.62617,-0.071417,0,0,0,0,0,0,0,0
0,0,0,0,0,0,0,0,0.60652,2.079,-0.96398,-1,0.98158,-0.0075195,-1.575e-05,1,0,0,0.81207,999,999,999,0.70185,0.64493,0.43569,0.49796,0.23993,4.3848e-07,9999,1,1,751.95,5.1758,0.17116,0,0,0,0,0,0,0,0,1,999,999,999,0,0,0,0,0,0,0,0,0,0,0,0,0,0,0,0,0,0.01086,0.60652,-1,0.31076,0.48563,-1,-1.575e-05,-0.00017675,0,0,0,0,0,0,0,1
0,0,0,0,0,0,0,0,0.89902,0.7509,-0.93343,-1,-0.020765,-0.0081641,0.00017986,1,0,0,1.2529,-0.89902,-0.92685,-0.65824,1.0606,0.98095,0.19239,0.9898,0.13054,0.00017986,9999,1,1,581.05,0,0.19239,0,0,0,0,0,0,0,0,1,0.89902,0.92685,-0.91697,0,0,0,0,0,10,0.13054,0.00017986,9999,1,581.05,0,0.19239,0.89902,0.92685,-0.91697,2,0.0056691,0.89902,-1,0.92685,0.89373,-1,-0.020765,-0.88965,0,0,0,0,0,0,0,0
0,0,0,0,0,0,0,0,0.61749,0.10756,-0.84478,-1,3.975e-05,-3.6279e-05,0,0,0,0,0.57964,999,999,999,0.54878,0.48352,0,0,0,0,0,0,0,0,0,0,0,0,0,0,0,0,0,0,0,0,0,0,0,0,0,0,0,0,0,0,0,0,0,0,0,0,0,0,0,0.040756,0.61749,-1,0.85798,0,0,0,0,0,0,0,0,0,0,0,1
0,0,0,0,0,0,0,0,1.1498,0.93999,-0.75315,1,0.9699,0.9693,-6.1173e-05,1,0,0,1.3306,1.1498,0.99476,-0.91687,0.61006,1.5817,0.63659,0.97986,0.11274,4.6395e-07,9999,1,-1,722.66,4.834,0.18445,0,0,0,0,0,0,0,0,1,0.83099,0.94832,-0.91,0,0,0,0,0,10,0.11274,4.6395e-07,9999,-1,722.66,4.834,0.18445,0.83099,0.94832,-0.91,-2,0.0069406,1.1498,1,0.99476,0.96853,1,0.9693,0.87455,0,0,0,0,0,0,0,1
0,0,0,0,1.3573,0.047851,-0.71868,1,0.84054,0.60547,-0.16794,1,0.95243,-0.0014801,0.00028369,0,0,0,1.5609,1.3573,0.91667,-0.5138,0.9842,0.55999,1.8064,0.11591,0.071338,1.3101e-06,9999,1,-1,0,9.2773,0.14385,0,0,0,0,0,0,0,0,1,999,999,999,0,0,0,0,0,0,0,0,0,0,0,0,0,0,0,0,0,0.004317,1.3573,1,0.91667,0.70928,1,0.95243,0.58888,0,0,0,0,0,0,0,1
0,0,0,0,1.0876,0.96219,-0.5011,1,0.5161,0,0.33618,1,0.084564,0.023973,0.00011664,0,0,0,1.548,1.0876,-0.76816,-0.35996,1.4507,1.4902,0.73404,0.85623,0.11463,4.7316e-07,9999,1,-1,595.7,5.4199,0.18888,0,0,0,0,0,0,0,0,1,1.0876,0.76816,-0.41546,0,0,0,0,0,10,0.11463,4.7316e-07,9999,-1,595.7,5.4199,0.18888,1.0876,0.76816,-0.41546,-2,0.0034578,1.1255,1,0.72093,0.95108,1,0.084564,0.68131,0,0,0,0,0,0,0,1
0,0,0,0,0,0,0,0,0.87071,0.2941,-0.76476,-1,-0.96236,-4.6817e-06,4.6938e-07,0,0,0,0.72856,999,999,999,1.4125,0.33383,0.18708,0,0,0,0,0,0,0,0,0,0,0,0,0,0,0,0,0,0,0,0,0,0,0,0,0,0,0,0,0,0,0,0,0,0,0,0,0,0,0.00026922,0.87071,-1,0.89395,0,0,0,0,0,0,0,0,0,0,0,0
0,0,0,0,0,0,0,0,0.78928,0.81202,-0.83507,-1,-0.9999,-0.068386,0.00026118,2,0,0,0.89663,-0.78928,0.92538,-0.59957,0.30142,1.2419,0.59049,0,0,0,0,0,0,0,0,0,0,0,0,0,0,0,0,0,0,0,0,0,0,0,0,0,0,0,0,0,0,0,0,0,0,0,0,0,0,0.019711,0.82843,1,0.90872,0,0,0,0,0,0,0,0,0,0,0,0
0,0,0,0,0,0,0,0,0.85795,1.0067,-0.01619,1,0.029126,0.022755,-0.00051327,1,0,0,1.1114,0.85795,0.98525,-0.45538,0.60912,0.99884,0.28993,0,0,0,0,0,0,0,0,0,0,0,0,0,0,0,0,0,0,0,0,0,0,0,0,0,0,0,0,0,0,0,0,0,0,0,0,0,0,0.0081842,0.85795,1,0.98525,0,0,0,0,0,0,0,0,0,0,0,1
0,0,0,0,0,0,0,0,0.67061,0.89979,-0.91242,-1,-0.00070029,-7.9197e-05,-5.3898e-05,3,1,0.49731,0.8639,999,999,999,0.46009,0.68057,0.60793,0.61337,0.11037,3.4364e-07,9999,1,1,1660.2,12.5,0.10123,0,0,0,0,0,0,0,0,1,999,999,999,0,0,0,0,0,0,0,0,0,0,0,0,0,0,0,0,0,0.0024559,0.67061,-1,0.72857,0.90361,-1,-0.00070029,-0.49549,0,0,0,0,0,0,0,1
1.4863,0.28548,-0.46282,-1,1.4698,0,-0.30562,1,0.42252,0,-0.31902,1,0.99718,0.34953,-0.09983,0,0,0,1.8773,999,999,999,0.5452,1.6136,1.135,0.97301,0.13259,3.7009e-07,9999,1,-1,1093.8,7.5195,0.12513,0,0,0,0,0,0,0,0,1,1.4698,0.89605,-0.85406,0,0,0,0,0,10,0.13259,3.7009e-07,9999,-1,1093.8,7.5195,0.12513,1.4698,0.89605,-0.85406,-2,0.023106,1.4863,-1,0.91488,-0.85406,1,0.34953,0.85592,0,0,0,0,0,0,0,1
0,0,0,0,0,0,0,0,1.546,0.45766,-0.88026,1,0.64195,-0.16127,0,0,0,0,0.74015,999,999,999,0.93926,1.0911,0,0,0,0,0,0,0,0,0,0,0,0,0,0,0,0,0,0,0,0,0,0,0,0,0,0,0,0,0,0,0,0,0,0,0,0,0,0,0,0.001751,1.546,1,0.98379,0,0,0,0,0,0,0,0,0,0,0,1
0,0,0,0,0,0,0,0,1.0587,1.3773,-0.7758,1,0.011539,-0.001226,8.8293e-06,0,0,0,1.0646,999,999,999,1.4675,0.88788,0.38406,0,0,0,0,0,0,0,0,0,0,0,0,0,0,0,0,0,0,0,0,0,0,0,0,0,0,0,0,0,0,0,0,0,0,0,0,0,0,0.0010854,1.0587,1,0.99586,0,0,0,0,0,0,0,0,0,0,0,0
0,0,0,0,1.4676,0.080024,0.70171,-1,1.2755,0.55362,-0.56963,-1,-0.056792,-0.03425,-1.2446e-06,2,0,0,1.6972,-1.4676,-0.98043,-0.94367,1.6916,1.1945,0.062545,0.98822,0.16552,6.467e-07,9999,1,1,512.7,4.541,0.24875,0,0,0,0,0,0,0,0,1,1.4676,0.98043,-0.96245,0,0,0,0,0,10,0.21623,9.7869e-07,9999,1,458.98,4.3945,0.30825,1.4676,0.98043,-0.72093,5,0.031441,1.4676,-1,0.98043,0.94056,-1,-0.056792,-0.85509,0,0,0,0,0,0,0,0
0,0,0,0,0,0,0,0,1.8688,0.079391,-0.99791,-1,-0.00062844,-0.00047848,3.9171e-06,1,0,0,1.7313,-1.8688,0.99923,-0.66433,0.37416,2.6056,0.43999,0,0,0,0,0,0,0,0,0,0,0,0,0,0,0,0,0,0,0,0,0,0,0,0,0,0,0,0,0,0,0,0,0,0,0,0,0,0,0.00015176,1.8688,-1,0.99923,0,0,0,0,0,0,0,0,0,0,0,1
0,0,0,0,0,0,0,0,0.78008,0.97425,-0.59709,1,-0.99991,0.00011351,7.0366e-05,0,0,0,0.9191,999,999,999,0.37009,0.63972,0.6189,0.34835,0.17571,4.0175e-07,9999,1,-1,771.48,5.9082,0.14871,0,0,0,0,0,0,0,0,1,999,999,999,0,0,0,0,0,0,0,0,0,0,0,0,0,0,0,0,0,0.007418,0.78008,1,0.62027,0.90136,1,0.00011351,0.0036144,0,0,0,0,0,0,0,0
0,0,0,0,0,0,0,0,0.12761,1.8074,-0.15565,1,2.6162e-06,-1.7502e-06,1.5614e-06,1,0,0,0.41942,999,999,999,0.28994,0.25946,0.18472,0.54724,0.07133,3.8574e-07,9999,0,-1,1386.7,6.1523,0.13737,0,0,0,0,0,0,0,0,1,999,999,999,0,0,0,0,0,0,0,0,0,0,0,0,0,0,0,0,0,0,0,0,0,-0.18774,1,2.6162e-06,0.70384,0,0,0,0,0,0,0,0
0,0,0,0,0,0,0,0,0.89418,0.7009,-0.92546,-1,-0.071934,-0.00017616,0,1,0,0,0.83853,999,999,999,1.2222,0.17788,0,0,0,0,0,0,0,0,0,0,0,0,0,0,0,0,0,0,0,0,0,0,0,0,0,0,0,0,0,0,0,0,0,0,0,0,0,0,0,0.022115,0.89418,-1,0.94946,0,0,0,0,0,0,0,0,0,0,0,1
0,0,0,0,0,0,0,0,0.36406,1.3215,-0.71107,-1,0.95472,0.0001052,-1.1223e-05,0,0,0,1.1414,0.56131,-0.93332,-0.76297,0.80406,0.72488,0.40451,0.62641,0.17765,3.5381e-07,9999,1,1,1445.3,8.2031,0.11097,0,0,0,0,0,0,0,0,1,999,999,999,0,0,0,0,0,0,0,0,0,0,0,0,0,0,0,0,0,0.0002778,0.92283,1,0.58237,0.95893,-1,-1.1065e-05,-0.044362,0,0,0,0,0,0,0,1
1.6903,0.62175,-0.96002,1,0,0,0,0,0.48233,0.45288,0.29202,-1,0.95413,-7.1387e-05,6.3412e-05,0,0,0,1.6383,999,999,999,0.6099,0.48747,2.4357,0,0,0,0,0,0,0,0,0,0,0,0,0,0,0,0,0,0,0,0,0,0,0,0,0,0,0,0,0,0,0,0,0,0,0,0,0,0,0.012154,1.6903,1,0.96567,0,0,0,0,0,0,0,0,0,0,0,1
0,0,0,0,0,0,0,0,0.44412,0.36435,0.18588,-1,-0.99811,0.0040179,2.7667e-06,1,0,0,0.55353,999,999,999,0.5111,0.56022,0.26013,0.19777,0.11911,1.2142e-06,9999,1,-1,0,20.312,0.081303,0,0,0,0,0,0,0,0,1,999,999,999,0,0,0,0,0,0,0,0,0,0,0,0,0,0,0,0,0,0,0,0,0,-0.078619,-1,-0.99811,-0.015409,0,0,0,0,0,0,0,0
0,0,0,0,0,0,0,0,0.93592,0,-0.95476,-1,-0.053701,1.3674e-06,9.3116e-07,0,0,0,0.70285,999,999,999,1.4455,0.1562,0.30192,0.55702,0.09157,1.3674e-06,9999,1,1,0,3.125,0.1562,0,0,0,0,0,0,0,0,1,999,999,999,0,0,0,0,0,0,0,0,0,0,0,0,0,0,0,0,0,0.0028202,0.93592,-1,0.95486,0.54253,-1,-0.053701,-0.59236,0,0,0,0,0,0,0,0
0,0,0,0,0.52836,1.1905,-0.18288,1,0.76482,1.6001,-0.84024,1,0.25475,0.00036173,-4.5737e-05,2,1,0.49894,0.9262,999,999,999,1.2242,0.78713,0.57358,0.34942,0.17222,3.8788e-07,9999,1,1,917.97,9.1797,0.13895,0,0,0,0,0,0,0,0,1,999,999,999,0,0,0,0,0,10,0.1879,3.7785e-07,9999,-1,1240.2,8.7891,0.13135,0.76482,0.46254,-0.93931,-6,0.030136,0.52836,1,0.39001,0.51986,-1,-3.0855e-05,-0.023746,0,0,0,0,0,0,0,1
0,0,0,0,0,0,0,0,0.73361,0.92852,0.48728,1,0.06704,-0.0093994,-0.00013719,0,0,0,1.1003,0.73361,0.63538,-0.37694,1.1557,0.8432,0.85999,0.99608,0.13033,4.4774e-07,9999,1,1,654.3,7.7148,0.17618,0,0,0,0,0,0,0,0,1,0.60276,0.47978,-0.40941,0,0,0,0,0,10,0.13033,4.4774e-07,9999,1,654.3,7.7148,0.17618,0.60276,0.47978,-0.40941,6,0.015131,0.73361,1,0.63538,0.85091,-1,-0.00013719,-0.90101,0,0,0,0,0,0,0,0
0,0,0,0,0,0,0,0,0.66678,0.40809,-0.88371,1,-0.000118,3.6811e-05,4.6815e-07,1,0,0,0.61635,999,999,999,0.32225,0.53682,0.18649,0.49486,0.1235,4.6815e-07,9999,0,1,581.05,5.7129,0.18649,0,0,0,0,0,0,0,0,1,999,999,999,0,0,0,0,0,0,0,0,0,0,0,0,0,0,0,0,0,0.0088518,0.66678,1,0.94161,0.097599,-1,-0.000118,-0.31352,0,0,0,0,0,0,0,1
0,0,0,0,0,0,0,0,0.53121,0.65933,0.50222,-1,-6.105e-05,-2.6021e-05,3.723e-07,0,0,0,0.62541,-0.53121,-0.90364,-0.56321,0.63918,0.4898,0.12694,0.41373,0.095847,3.723e-07,9999,1,1,1025.4,8.0078,0.12694,0,0,0,0,0,0,0,0,1,0.53121,0.90364,-0.48146,0,0,0,0,0,10,0.095847,3.723e-07,9999,1,1025.4,8.0078,0.12694,0.53121,0.90364,-0.48146,5,0.053684,0.53121,-1,0.90364,-0.45288,-1,-6.105e-05,-0.48644,0,0,0,0,0,0,0,1
0,0,0,0,0,0,0,0,0.9018,0,-0.46434,1,0.92461,-5.8647e-06,-1.0764e-06,2,1,0.50047,0.89537,999,999,999,0.91811,0.46978,0.31986,0,0,0,0,0,0,0,0,0,0,0,0,0,0,0,0,0,0,0,0,0,0,0,0,0,0,0,0,0,0,0,0,0,0,0,0,0,0,0.0029839,0.9018,1,0.98847,0,0,0,0,0,0,0,0,0,0,0,1
0,0,0,0,0,0,0,0,0.90186,0.5519,0.013031,1,0.03494,-0.00016908,-5.6732e-05,0,0,0,1.1776,999,999,999,0.8842,0.93598,0.61306,0.63974,0.1181,1.861e-06,9999,1,1,0,5.7617,0.2127,0,0,0,0,0,0,0,0,1,999,999,999,0,0,0,0,0,0,0,0,0,0,0,0,0,0,0,0,0,0.015665,0.90186,1,0.68311,0.92029,-1,-0.00016908,-0.45668,0,0,0,0,0,0,0,1
0,0,0,0,0,0,0,0,0.80412,1.1255,-0.65666,-1,0.012968,-0.0075874,0.0005256,2,0,0,1.3247,0.5494,0.69794,-0.48242,0.73938,1.1419,1.0256,0.43298,0.11127,3.6862e-07,9999,0,-1,1074.2,9.668,0.12392,0,0,0,0,0,0,0,0,1,0.92387,0.82644,-0.42788,0,0,0,0,0,10,0.11127,3.6862e-07,9999,-1,1074.2,9.668,0.12392,0.92387,0.82644,-0.42788,-2,0.0083628,0.92387,1,0.82644,-0.23806,1,0.0005256,0.38413,0,0,0,0,0,0,0,1
0.43267,0,0.050337,1,0,0,0,0,0.90153,0.43267,-0.92994,-1,0.01935,-0.00010061,0,0,0,0,0.86169,999,999,999,0.6027,0.76963,0,0,0,0,0,0,0,0,0,0,0,0,0,0,0,0,0,0,0,0,0,0,0,0,0,0,0,0,0,0,0,0,0,0,0,0,0,0,0,0.0099978,0.90153,-1,0.82803,0,0,0,0,0.43267,0,0.050337,1,1,0.0022842,0.42336,0
0,0,0,0,0,0,0,0,1.1083,0.25424,-0.018545,1,0.13238,0.0016351,-0.00041744,1,0,0,1.3531,0.82862,0.97588,-0.96042,0.94979,1.0773,0.52055,0.95403,0.088356,1.2985e-06,9999,0,-1,0,8.1055,0.1409,0,0,0,0,0,0,0,0,1,1.1083,0.98129,-0.93017,0,0,0,0,0,10,0.088356,1.2985e-06,9999,-1,0,8.1055,0.1409,1.1083,0.98129,-0.93017,-6,0.0026762,1.1083,1,0.98129,-0.93017,1,0.13238,0.83463,0,0,0,0,0,0,0,0
0,0,0,0,0,0,0,0,1.6984,0,-0.97157,-1,0.99622,0.9746,-0.96738,0,0,0,1.8764,999,999,999,0.52204,0.82004,1.9814,0.27683,0.15164,3.4511e-07,9999,1,-1,1269.5,12.207,0.10269,0,0,0,0,0,0,0,0,1,999,999,999,0,0,0,0,0,0,0,0,0,0,0,0,0,0,0,0,0,0.015358,1.6984,-1,0.82578,0.96324,1,0.99622,0.072839,0,0,0,0,0,0,0,1
1.8748,0.18352,-0.94126,1,0,0,0,0,0.31963,0.8382,0.70684,-1,0.00019531,2.5785e-06,-2.5215e-06,0,0,0,1.3046,999,999,999,2.9367,0.28885,0.28717,0,0,0,0,0,0,0,0,0,0,0,0,0,0,0,0,0,0,0,0,0,0,0,0,0,0,0,0,0,0,0,0,0,0,0,0,0,0,0.030459,1.8748,1,0.95565,0,0,0,0,0,0,0,0,0,0,0,1
0,0,0,0,0,0,0,0,1.2561,0.58713,-0.99191,-1,-0.0020941,2.9581e-05,1.0918e-05,0,0,0,1.1981,999,999,999,1.086,0.50597,0.40211,0,0,0,0,0,0,0,0,0,0,0,0,0,0,0,0,0,0,0,0,0,0,0,0,0,0,0,0,0,0,0,0,0,0,0,0,0,0,0.0036288,1.2561,-1,0.94389,0,0,0,0,0,0,0,0,0,0,0,1
0,0,0,0,1.7493,0,0.87788,-1,1.9524,0.62622,-0.93237,1,-0.9824,-0.042872,0.0001199,1,0,0,2.5111,999,999,999,0.25457,1.8267,2.6507,0.82169,0.19416,5.9843e-07,9999,1,1,502.93,4.2969,0.23544,0,0,0,0,0,0,0,0,1,1.7493,0.99641,-0.81331,0,0,0,0,0,10,0.19416,5.9843e-07,9999,1,502.93,4.2969,0.23544,1.7493,0.99641,-0.81331,5,0.0063238,1.9524,1,0.98575,-0.50543,-1,-0.9824,-0.092666,0,0,0,0,0,0,0,0
0,0,0,0,0,0,0,0,0.8157,0.98244,0.35324,1,0.12973,0.017231,-0.00015293,0,0,0,1.2257,0.8157,-0.46009,-0.75365,1.0349,0.87626,0.7594,0,0,0,0,0,0,0,0,0,0,0,0,0,0,0,0,0,0,0,0,0,0,0,0,0,0,0,0,0,0,0,0,0,0,0,0,0,0,0.0086285,0.8157,1,0.46009,0,0,0,0,0,0,0,0,0,0,0,1
0,0,0,0,0,0,0,0,0.27714,0.50675,-0.18692,-1,-0.0102,-9.5297e-05,4.0899e-05,1,0,0,0.87643,999,999,999,0.68353,0.76063,0.55366,0.076166,0.10201,1.5329e-06,9999,1,1,0,5.6641,0.18129,0,0,0,0,0,0,0,0,1,0.6179,0.95547,-0.20219,0,0,0,0,0,10,0.10201,1.5329e-06,9999,1,0,5.6641,0.18129,0.6179,0.95547,-0.20219,0,0.021605,0.6179,-1,0.95547,0.23197,-1,-0.0102,-0.38517,0,0,0,0,0,0,0,1
0,0,0,0,0,0,0,0,0.69014,0.49765,-0.19576,1,-0.038863,0.005744,-1.1007e-05,0,0,0,1.4285,999,999,999,1.8197,0.99685,0.40281,0,0,0,0,0,0,0,0,0,0,0,0,0,0,0,0,0,0,0,0,0,0,0,0,0,0,0,0,0,0,0,0,0,0,0,0,0,0,0.0076388,1.3238,-1,0.97307,0,0,0,0,0,0,0,0,0,0,0,0
0,0,0,0,0,0,0,0,0.25682,0.12821,-0.31301,-1,0.00023334,-3.3973e-06,3.8268e-07,1,1,0.49851,0.32223,999,999,999,0.26352,0.30957,0.13507,0.8132,0.18673,3.8268e-07,9999,1,1,927.73,8.0078,0.13507,0,0,0,0,0,0,0,0,1,999,999,999,0,0,0,0,0,0,0,0,0,0,0,0,0,0,0,0,0,0,0,0,0,0.66941,-1,-3.3973e-06,-0.12632,0,0,0,0,0,0,0,0
0,0,0,0,0,0,0,0,1.139,0.34241,-0.65983,-1,-0.019252,0,0,0,0,0,1.0714,999,999,999,1.0894,0,0,0,0,0,0,0,0,0,0,0,0,0,0,0,0,0,0,0,0,0,0,0,0,0,0,0,0,0,0,0,0,0,0,0,0,0,0,0,0,0.01806,1.139,-1,0.76492,0,0,0,0,0,0,0,0,0,0,0,0
0,0,0,0,0,0,0,0,0.56856,0.38349,0.24415,1,0.016191,-0.0060466,-2.2623e-05,0,0,0,1.7475,0.56856,-0.62816,-0.64144,1.3951,1.8864,0.47343,0.70569,0.21416,1.2978e-06,9999,1,1,483.4,2.9297,0.3411,0,0,0,0,0,0,0,0,1,1.3111,0.83738,-0.26368,0,0,0,0,0,10,0.21416,1.2978e-06,9999,1,483.4,2.9297,0.3411,1.3111,0.83738,-0.26368,9,0.027187,1.3111,-1,0.83738,0.29646,-1,-2.2623e-05,-0.0050831,0,0,0,0,0,0,0,1
0,0,0,0,0,0,0,0,0.42098,0.47352,0.87283,1,0.00070324,-0.00017686,4.9919e-05,2,0,0,0.67307,999,999,999,2.7116,0.13027,0.61425,0,0,0,0,0,0,0,0,0,0,0,0,0,0,0,0,0,0,0,0,0,0,0,0,0,0,0,0,0,0,0,0,0,0,0,0,0,0,0,0,0,0,0,0,0,0,0,0,0,0,0,0,0,1
0,0,0,0,0,0,0,0,1.3295,1.1326,-0.74329,-1,0.9771,-0.93901,0.19618,0,0,0,1.5574,0.84761,0.8941,-0.75429,0.89828,1.0012,1.3204,0,0,0,0,0,0,0,0,0,0,0,0,0,0,0,0,0,0,0,0,0,0,0,0,0,0,0,0,0,0,0,0,0,0,0,0,0,0,0.010371,1.3295,-1,0.83961,0,0,0,0,0,0,0,0,0,0,0,0
0,0,0,0,0,0,0,0,0.55641,1.0581,-0.50007,-1,-0.0012375,2.2658e-05,-1.14e-05,0,0,0,0.73333,999,999,999,0.43157,0.47362,0.40589,0.65321,0.18885,4.1118e-07,9999,1,1,781.25,4.9316,0.15491,0,0,0,0,0,0,0,0,1,999,999,999,0,0,0,0,0,0,0,0,0,0,0,0,0,0,0,0,0,0.021154,0.63784,1,0.72136,0.28531,-1,-0.0012375,-0.024527,0,0,0,0,0,0,0,0
0,0,0,0,0,0,0,0,0.41894,0.45138,0.27919,1,-0.00062472,-0.0002298,0.00017427,1,0,0,0.81448,-0.69093,-0.92405,-0.8744,0.48548,0.6202,0.15007,0,0,0,0,0,0,0,0,0,0,0,0,0,0,0,0,0,0,0,0,0,0,0,0,0,0,0,0,0,0,0,0,0,0,0,0,0,0,0.0046091,0.69093,-1,0.92405,0,0,0,0,0,0,0,0,0,0,0,1
0,0,0,0,0,0,0,0,0.99562,1.4246,0.14232,-1,-0.94976,0.0013278,0.00014889,1,0,0,1.5797,-0.65796,0.84542,-0.9576,1.2365,0.93458,0.81938,0.57634,0.12101,1.9803e-06,9999,0,-1,0,4.3945,0.22121,0,0,0,0,0,0,0,0,1,0.97314,0.82839,-0.62334,0,0,0,0,0,10,0.12101,1.9803e-06,9999,-1,0,4.3945,0.22121,0.97314,0.82839,-0.62334,-0,0.00020532,0.99562,-1,0.89551,0.87029,-1,-0.94976,-0.001525,0,0,0,0,0,0,0,0
0,0,0,0,1.9786,0.50441,-0.3714,-1,0.16092,1.0193,-0.077619,1,-0.082979,-0.062373,1.9661e-05,0,0,0,1.9963,-1.5653,0.96432,-0.80356,1.4059,2.0778,0.45752,0.98367,0.16092,6.1647e-07,9999,1,1,473.63,4.9316,0.24064,0,0,0,0,0,0,0,0,1,1.9786,0.92097,-0.87861,0,0,0,0,0,10,0.16092,6.1647e-07,9999,1,473.63,4.9316,0.24064,1.9786,0.92097,-0.87861,2,0.0005849,1.9786,-1,0.92097,0.93864,-1,-0.062373,-0.85046,0,0,0,0,0,0,0,0
0,0,0,0,0,0,0,0,1.1241,1.2485,-0.976,-1,0.0017288,-9.9705e-05,-1.926e-05,1,0,0,0.73332,999,999,999,0.4757,0.75614,0.55001,0.53126,0.17923,4.1613e-07,9999,1,1,791.02,6.8359,0.15803,0,0,0,0,0,0,0,0,1,999,999,999,0,0,0,0,0,0,0,0,0,0,0,0,0,0,0,0,0,0.0068542,1.1241,-1,0.98633,0.94961,-1,-5.608e-06,-0.0021255,0,0,0,0,0,0,0,1
0,0,0,0,0,0,0,0,1.5,0.24932,-0.86627,1,0.63982,-5.0124e-05,1.3524e-06,1,0,0,1.1234,999,999,999,2.402,0.59035,0.23937,0.85773,0.19492,3.9171e-07,9999,0,-1,590.82,5.5176,0.14172,0,0,0,0,0,0,0,0,1,1.5,0.90227,-0.98644,0,0,0,0,0,10,0.19492,3.9171e-07,9999,-1,590.82,5.5176,0.14172,1.5,0.90227,-0.98644,-2,0.028148,1.5,1,0.90227,0.55858,1,1.3524e-06,0.14376,0,0,0,0,0,0,0,1
0,0,0,0,0,0,0,0,0.88741,0.32108,-0.11821,-1,0.99653,-0.96635,-3.2866e-06,0,0,0,0.99618,999,999,999,0.56221,0.81111,0.30708,0.57927,0.12877,4.7432e-07,9999,1,1,693.36,5.0781,0.18942,0,0,0,0,0,0,0,0,1,999,999,999,0,0,0,0,0,0,0,0,0,0,0,0,0,0,0,0,0,0.014825,0.88741,-1,0.94934,0.30407,-1,-0.96635,-0.31778,0,0,0,0,0,0,0,1
0,0,0,0,0,0,0,0,1.766,0.3701,-0.96167,1,0.11514,-1.9522e-05,-1.2776e-06,1,0,0,1.7856,999,999,999,2.1648,0.45738,0.13501,0.53255,0.072548,1.2776e-06,9999,0,-1,0,8.9844,0.13501,0,0,0,0,0,0,0,0,1,1.766,0.95328,-0.49591,0,0,0,0,0,10,0.072548,1.2776e-06,9999,-1,0,8.9844,0.13501,1.766,0.95328,-0.49591,-2,0.0077111,1.766,1,0.95328,-0.49591,1,0.11514,0.69104,0,0,0,0,0,0,0,1
0,0,0,0,0.52249,0.31387,0.94451,1,0.45629,0.84694,-0.96589,1,0.00010053,2.8566e-05,2.0611e-05,0,0,0,0.88701,999,999,999,0.75571,0.4726,0.46317,0.79605,0.11411,3.6789e-07,9999,1,-1,1123,9.7656,0.12331,0,0,0,0,0,0,0,0,1,0.52249,0.96699,-0.65205,0,0,0,0,0,10,0.11411,3.6789e-07,9999,-1,1123,9.7656,0.12331,0.52249,0.96699,-0.65205,-4,0.023707,0.52249,1,0.96699,0.86325,1,2.0611e-05,0.62202,0,0,0,0,0,0,0,0
0,0,0,0,0,0,0,0,0.89089,0.47298,-0.76775,-1,-0.054696,-1.2812e-05,5.8646e-07,0,0,0,0.90577,999,999,999,1.2332,0.41467,0.23183,0.77502,0.18945,5.8646e-07,9999,1,1,722.66,3.4668,0.23183,0,0,0,0,0,0,0,0,1,0.89089,0.90037,-0.83566,0,0,0,0,0,10,0.18945,5.8646e-07,9999,1,722.66,3.4668,0.23183,0.89089,0.90037,-0.83566,5,0.007443,0.89089,-1,0.90037,0.069411,-1,-1.2812e-05,-0.070962,0,0,0,0,0,0,0,1
0,0,0,0,0,0,0,0,0.23168,0,-0.68722,-1,-0.00060979,-2.1481e-06,0,1,0,0,0.23038,999,999,999,0.35475,0.27508,0,0.97167,0.23168,2.1481e-06,9999,1,-1,541.99,3.2715,0.27508,0,0,0,0,0,0,0,0,1,999,999,999,0,0,0,0,0,0,0,0,0,0,0,0,0,0,0,0,0,0,0,0,0,0,0,0,0,0,0,0,0,0,0,0,1
0,0,0,0,1.3004,0.6881,-0.9172,1,0.40991,1.1301,0.81007,1,0.055339,0.00019017,9.8387e-05,3,0,0,1.3147,999,999,999,1.2789,0.21558,0.64893,0.46995,0.13419,4.6882e-07,9999,0,-1,532.23,4.541,0.18681,0,0,0,0,0,0,0,0,1,999,999,999,0,0,0,0,0,10,0.18383,5.5046e-07,9999,-1,839.84,4.3457,0.22007,1.3004,0.93965,-0.43615,-8,0.0097644,1.3004,1,0.93965,0.39084,1,0.00019017,0.22262,0,0,0,0,0,0,0,1
0.66482,1.7881,-0.26988,-1,0.56487,1.6499,0.61059,1,1.05,2.0735,-0.93431,1,-0.98922,-0.12878,0.00090803,0,1,0.50327,1.1821,999,999,999,0.46098,0.76751,0.81982,0.632,0.12625,3.3933e-07,9999,1,-1,478.52,3.2227,0.096876,1,1,0.60221,-1.0988,-1.4297,0.049664,0.20692,0.0070796,1,999,999,999,0,0,0,0,0,0,0,0,0,0,0,0,0,0,0,0,0,0.016945,1.05,1,0.65655,0.97628,1,1.4598e-06,0.38234,0.66482,1.7881,-0.26988,-1,1,0.013322,0.97092,0
0,0,0,0,0,0,0,0,0.2087,0.79755,-0.96501,-1,0.94411,-2.7212e-06,-5.3147e-07,1,0,0,0.59144,999,999,999,1.0061,0.2584,0.21325,0.97961,0.2087,5.3147e-07,9999,1,-1,517.58,4.541,0.21325,0,0,0,0,0,0,0,0,1,999,999,999,0,0,0,0,0,0,0,0,0,0,0,0,0,0,0,0,0,0.038604,0.64612,1,0.6403,0.47367,1,0.94411,0.5547,0,0,0,0,0,0,0,1
0,0,0,0,0,0,0,0,0.66189,0.36527,0.61039,-1,-0.00049321,3.6784e-06,-7.6825e-07,0,0,0,0.66402,999,999,999,0.98408,0.31555,0.27555,0.27713,0.15362,4.0795e-07,9999,1,1,830.08,6.25,0.15282,0,0,0,0,0,0,0,0,1,999,999,999,0,0,0,0,0,0,0,0,0,0,0,0,0,0,0,0,0,0.013181,0.66189,-1,0.95727,0.49218,-1,-0.00049321,-0.064783,0,0,0,0,0,0,0,0
0,0,0,0,0,0,0,0,0.68367,1.2143,0.98546,1,0.99983,0.94901,-0.00062466,1,0,0,0.92176,0.68367,0.9201,-0.99947,0.37075,1.0665,0.48557,0.97011,0.24216,1.9217e-06,9999,0,1,517.58,4.6387,0.26662,0,0,0,0,0,0,0,0,1,999,999,999,0,0,0,0,0,10,0.24081,6.1472e-07,9999,-1,634.77,4.7852,0.24015,0.68367,0.9201,-0.90767,-5,0.0080143,0.68367,1,0.9201,0.89438,1,0.99983,0.0012144,0,0,0,0,0,0,0,1
0,0,0,0,0,0,0,0,0.69388,0.066662,-0.055979,-1,-0.96758,0.96743,-0.12471,0,0,0,1.1101,-0.69388,0.71815,-0.11448,0.57694,0.77228,1.0894,0.83934,0.16319,1.4225e-06,9999,1,-1,0,4.3945,0.16583,0,0,0,0,0,0,0,0,1,0.6801,0.96256,-0.69487,0,0,0,0,0,10,0.16319,1.4225e-06,9999,-1,0,4.3945,0.16583,0.6801,0.96256,-0.69487,-6,0.0063852,0.80912,-1,0.5239,-0.69487,1,0.96743,0.37798,0,0,0,0,0,0,0,1
0,0,0,0,0,0,0,0,0.67854,1.5089,0.67901,-1,-0.01352,-4.8439e-05,3.3967e-05,1,0,0,0.8127,999,999,999,0.86285,0.61214,0.52496,0.81588,0.17677,4.2303e-07,9999,1,-1,761.72,7.3242,0.16226,0,0,0,0,0,0,0,0,1,999,999,999,0,0,0,0,0,0,0,0,0,0,0,0,0,0,0,0,0,0.0043165,0.67854,-1,0.95808,0.72672,1,3.3967e-05,0.20548,0,0,0,0,0,0,0,1
0,0,0,0,0,0,0,0,0.98693,0.06124,0.57408,-1,-0.027967,-0.0005282,0.00010582,0,0,0,1.2862,-0.69465,-0.5216,-0.47846,1.1481,0.90594,0.75308,0,0,0,0,0,0,0,0,0,0,0,0,0,0,0,0,0,0,0,0,0,0,0,0,0,0,0,0,0,0,0,0,0,0,0,0,0,0,0.0052568,0.98693,-1,0.96079,0,0,0,0,0,0,0,0,0,0,0,0
0,0,0,0,1.9285,0,-0.9715,-1,0.55379,0.94575,0.18346,1,-0.24303,-0.022357,0.00020064,1,0,0,1.8904,-1.9285,-0.99426,-0.79369,0.83147,1.8262,0.42539,0,0,0,0,0,0,0,0,0,0,0,0,0,0,0,0,0,0,0,0,0,0,0,0,0,0,0,0,0,0,0,0,0,0,0,0,0,0,0.010266,1.9285,-1,0.99426,0,0,0,0,0,0,0,0,0,0,0,0
0,0,0,0,0,0,0,0,0.92826,1.197,-0.67351,1,0.094386,0.00040036,-0.00012823,1,0,0,1.2541,999,999,999,1.0264,0.71502,0.726,0.44835,0.24032,6.6488e-06,9999,1,-1,449.22,4.9805,0.36106,0,0,0,0,0,0,0,0,1,0.92826,0.97905,-0.27468,0,0,0,0,0,10,0.24032,6.6488e-06,9999,-1,449.22,4.9805,0.36106,0.92826,0.97905,-0.27468,-4,0.0033183,0.92826,1,0.97905,0.32853,1,0.00040036,0.00015771,0,0,0,0,0,0,0,0
0,0,0,0,0,0,0,0,1.164,0.4626,-0.70711,-1,-0.3986,-0.017014,-1.2237e-05,1,0,0,1.2173,-0.5712,-0.9292,-0.85967,1.5333,0.86626,0.41218,0.87977,0.14983,3.9701e-07,9999,1,1,791.02,7.7148,0.14546,0,0,0,0,0,0,0,0,1,1.164,0.98065,-0.8234,0,0,0,0,0,10,0.2268,4.4703e-07,9999,1,888.67,6.543,0.17581,1.164,0.98065,-0.86993,0,0.0184,1.164,-1,0.98065,-0.8234,-1,-0.3986,-0.58043,0,0,0,0,0,0,0,1
0,0,0,0,0,0,0,0,0.76053,0.91066,-0.9819,1,0.99936,0.56321,0.036204,0,0,0,1.2695,0.82493,0.80056,-0.11049,0.43948,0.6819,0.99203,0.21549,0.21861,5.061e-07,9999,1,-1,664.06,4.6875,0.20334,0,0,0,0,0,0,0,0,1,0.68148,0.79989,-0.26136,0,0,0,0,0,10,0.21861,5.061e-07,9999,-1,664.06,4.6875,0.20334,0.68148,0.79989,-0.26136,-5,0.01788,0.82493,1,0.80056,0.54569,1,0.99936,0.00040215,0,0,0,0,0,0,0,1
0,0,0,0,0,0,0,0,2.0655,0.27758,-0.99309,-1,-0.96189,-0.00027064,-6.6828e-07,0,0,0,2.236,-2.0655,0.99924,-0.96585,1.0454,2.4752,0.25413,0.918,0.23994,6.6828e-07,9999,1,-1,556.64,4.1016,0.25413,0,0,0,0,0,0,0,0,1,999,999,999,0,0,0,0,0,0,0,0,0,0,0,0,0,0,0,0,0,0.0056835,2.0655,-1,0.99924,0,0,0,0,0,0,0,0,0,0,0,1
0,0,0,0,0,0,0,0,0.87756,0.83986,-0.79216,-1,-0.99151,-0.97583,-0.070675,0,0,0,1.1541,-0.64625,0.83897,-0.46533,0.45045,0.62656,1.218,0.54867,0.18638,3.9765e-07,9999,1,1,849.61,7.0312,0.14591,0,0,0,0,0,0,0,0,1,0.87756,0.66038,-0.57573,0,0,0,0,0,10,0.18638,3.9765e-07,9999,1,849.61,7.0312,0.14591,0.87756,0.66038,-0.57573,0,0.026492,0.87756,-1,0.66038,-0.28764,-1,-0.99151,-0.016543,0,0,0,0,0,0,0,0
1.3726,0.27668,-0.6626,-1,0,0,0,0,0.54094,0.7289,-0.17645,-1,-0.057358,4.5827e-05,-3.7236e-05,0,0,0,1.3787,-0.54094,0.80963,-0.61911,1.2149,0.56511,0.53871,0.7483,0.047488,1.2094e-06,9999,1,1,0,16.797,0.090886,0,0,0,0,0,0,0,0,1,1.3726,0.95523,-0.60406,0,0,0,0,0,10,0.047488,1.2094e-06,9999,1,0,16.797,0.090886,1.3726,0.95523,-0.60406,2,0.0082658,1.3726,-1,0.95523,0.94857,-1,-3.7236e-05,-0.77861,0,0,0,0,0,0,0,0
0,0,0,0,0,0,0,0,0.34541,0.074401,-0.28904,1,3.2292e-05,1.6317e-05,-8.0229e-06,2,0,0,0.44066,999,999,999,0.58428,0.53436,0.37617,0.68577,0.13854,1.2518e-06,9999,0,-1,0,22.266,0.05972,0,0,0,0,0,0,0,0,1,999,999,999,0,0,0,0,0,0,0,0,0,0,0,0,0,0,0,0,0,0.0056508,0.54354,-1,0.84998,-0.39228,1,1.6317e-05,0.3335,0,0,0,0,0,0,0,0
0,0,0,0,0,0,0,0,0.23913,1.0359,-0.66209,1,0.99999,-0.93674,-5.0966e-05,2,0,0,0.62238,999,999,999,0.20374,0.41174,0.5946,0.71058,0.23913,1.4064e-06,9999,1,1,576.17,3.9062,0.24246,0,0,0,0,0,0,0,0,1,999,999,999,0,0,0,0,0,0,0,0,0,0,0,0,0,0,0,0,0,0,0,0,0,0.0025321,1,0.99999,1.6277e-05,0,0,0,0,0,0,0,0
0,0,0,0,0,0,0,0,0.57017,0.83591,-0.63166,-1,-7.8161e-05,1.1542e-05,6.837e-06,2,0,0,0.78199,999,999,999,0.73033,0.40697,0.36328,0.78844,0.098373,1.432e-06,9999,0,-1,0,5.6152,0.16733,0,0,0,0,0,0,0,0,1,999,999,999,0,0,0,0,0,10,0.15117,4.0233e-07,9999,1,820.31,7.0312,0.1491,0.57017,0.95631,-0.064634,4,0.029587,0.57017,-1,0.95631,0.92713,1,6.837e-06,0.076732,0,0,0,0,0,0,0,0
0,0,0,0,0,0,0,0,2.0683,0.18629,-0.64097,1,0.28105,-0.0027803,7.1691e-05,1,0,0,2.2885,2.0683,-0.94434,-0.57818,1.1819,1.1863,2.2514,0,0,0,0,0,0,0,0,0,0,0,0,0,0,0,0,0,0,0,0,0,0,0,0,0,0,0,0,0,0,0,0,0,0,0,0,0,0,0.013952,2.0683,1,0.94434,0,0,0,0,0,0,0,0,0,0,0,1
0,0,0,0,1.4454,0,-0.35297,1,0.93095,0.3422,-0.020385,1,0.33869,-0.15839,0.046825,1,0,0,1.3139,0.93095,0.96271,-0.90215,1.0915,0.56438,1.3578,0.95902,0.16653,3.1181e-06,9999,1,-1,0,5.4688,0.27217,0,0,0,0,0,0,0,0,1,1.4454,0.97074,-0.99432,0,0,0,0,0,10,0.16653,3.1181e-06,9999,-1,0,5.4688,0.27217,1.4454,0.97074,-0.99432,-2,0.0094649,1.4454,1,0.97074,-0.99432,1,0.33869,0.75483,0,0,0,0,0,0,0,1
0,0,0,0,0.69991,0.73876,0.88336,1,0.72545,0.90041,0.98099,1,-0.99976,-0.0068071,0.00035812,0,0,0,1.3845,999,999,999,0.38493,1.151,0.98906,0.23375,0.13268,4.749e-07,9999,1,-1,522.46,4.2969,0.18969,0,0,0,0,0,0,0,0,1,0.69991,0.95596,-0.054583,0,0,0,0,0,10,0.13268,4.749e-07,9999,-1,522.46,4.2969,0.18969,0.69991,0.95596,-0.054583,-0,0.0091586,0.98981,-1,0.77452,0.32412,1,0.00035812,0.17084,0,0,0,0,0,0,0,0
0,0,0,0,0,0,0,0,0.35044,0.28783,-0.5659,-1,-1.9234e-05,-8.0883e-06,1.2968e-06,1,0,0,0.55573,999,999,999,0.44943,0.37683,0.14045,0.20555,0.074419,1.2968e-06,9999,0,1,0,7.4219,0.14045,0,0,0,0,0,0,0,0,1,999,999,999,0,0,0,0,0,0,0,0,0,0,0,0,0,0,0,0,0,0,0,0,0,0.66939,-1,-8.0883e-06,-0.56586,0,0,0,0,0,0,0,0
0.27883,0.90074,-0.58207,-1,0,0,0,0,0.62629,0,-0.655,1,0.89596,-0.46192,0.00032928,0,0,0,1.4781,0.71682,-0.88277,-0.5789,0.97958,1.5902,0.96764,0.86478,0.22101,2.2507e-06,9999,1,1,498.05,4.541,0.27861,1,0,-1.5445,-0.95471,-1.1379,0.067839,0.042842,0.068333,1,1.1552,0.93616,-0.64341,0,0,0,0,0,10,0.22101,2.2507e-06,9999,1,498.05,4.541,0.27861,1.1552,0.93616,-0.64341,6,0.010396,1.1552,-1,0.93616,0.99811,-1,-3.5393e-05,-0.029083,0.27883,0.90074,-0.58207,-1,1,0.0068767,0.46119,1
0,0,0,0,0,0,0,0,1.4638,0.35894,0.32179,-1,-4.8317e-05,1.9349e-06,0,0,0,0,1.2924,999,999,999,2.0501,0.2181,0,0,0,0,0,0,0,0,0,0,0,0,0,0,0,0,0,0,0,0,0,0,0,0,0,0,0,0,0,0,0,0,0,0,0,0,0,0,0,0.003456,1.4638,-1,0.87889,0,0,0,0,0,0,0,0,0,0,0,0
0,0,0,0,0,0,0,0,0.81461,1.163,-0.97298,-1,-0.00019908,4.9844e-05,-2.576e-05,0,0,0,0.9649,999,999,999,0.96025,0.58781,0.48858,0.99813,0.078995,3.7587e-07,9999,1,1,1601.6,6.9336,0.12979,0,0,0,0,0,0,0,0,1,0.81461,0.94511,-0.94731,0,0,0,0,0,10,0.078995,3.7587e-07,9999,1,1601.6,6.9336,0.12979,0.81461,0.94511,-0.94731,2,9.4632e-05,0.81461,-1,0.94511,-0.7592,-1,-2.576e-05,-0.89505,0,0,0,0,0,0,0,0
0,0,0,0,0,0,0,0,0.78281,0.40498,-0.96811,1,0.048254,-0.0011564,2.079e-05,1,0,0,0.84635,999,999,999,1.201,1.0203,0.4641,0.53346,0.13262,1.6114e-06,9999,1,-1,0,6.25,0.19031,0,0,0,0,0,0,0,0,1,999,999,999,0,0,0,0,0,10,0.14327,4.102e-07,9999,1,800.78,6.7383,0.15428,0.65202,0.4309,-0.76511,6,0.0079761,0.78281,1,0.93892,0.7333,1,2.079e-05,0.25921,0,0,0,0,0,0,0,1
1.4355,0.49154,-0.54395,1,0,0,0,0,0.47131,0,0.90759,1,0.087991,0.0049059,3.9563e-05,0,0,0,1.3519,0.88161,0.56613,-0.2023,1.0208,1.1296,0.54836,0.66696,0.17239,7.7139e-07,9999,1,-1,473.63,4.3945,0.27614,0,0,0,0,0,0,0,0,1,1.4355,0.92107,-0.37592,0,0,0,0,0,10,0.17239,7.7139e-07,9999,-1,473.63,4.3945,0.27614,1.4355,0.92107,-0.37592,-5,0.0064978,1.4355,1,0.92107,0.91674,1,0.0049059,0.077836,0,0,0,0,0,0,0,1
0,0,0,0,1.086,0.18745,0.28983,-1,0.68642,0.70841,-0.73584,1,-0.042901,-0.029396,4.7838e-05,0,0,0,1.3936,-1.086,0.85992,-0.11687,0.68947,1.3967,0.57956,0.39769,0.12514,4.724e-07,9999,1,1,712.89,4.9316,0.18852,0,0,0,0,0,0,0,0,1,1.086,0.85992,-0.038821,0,0,0,0,0,10,0.12514,4.724e-07,9999,1,712.89,4.9316,0.18852,1.086,0.85992,-0.038821,0,0.0095962,1.086,-1,0.85992,-0.038821,-1,-0.029396,-0.26945,0,0,0,0,0,0,0,0
0,0,0,0,0,0,0,0,0.79596,0.36145,0.91713,-1,-0.35189,-0.32223,0.00031403,0,0,0,1.5013,-0.79596,0.4837,-0.63265,0.81551,1.2779,1.2333,0,0,0,0,0,0,0,0,0,0,0,0,0,0,0,0,0,0,0,0,0,0,0,0,0,0,0,0,0,0,0,0,0,0,0,0,0,0,0.0063567,1.1337,1,0.878,0,0,0,0,0,0,0,0,0,0,0,0
0,0,0,0,0,0,0,0,1.0455,0.61746,0.98905,-1,-0.96337,0.90298,0.85503,2,0,0,1.1759,999,999,999,0.85911,1.0184,0.2132,0.75205,0.084308,1.2291e-06,9999,0,-1,0,3.418,0.11565,0,0,0,0,0,0,0,0,1,999,999,999,0,0,0,0,0,10,0.12702,0.85503,9999,1,0,32.031,0.2132,1.0455,0.97521,-0.19706,22,0.0044853,1.0455,-1,0.97521,0.484,1,0.85503,0.70339,0,0,0,0,0,0,0,1
0,0,0,0,0,0,0,0,1.1053,0.46697,-0.32608,-1,1,0.99149,-0.015047,0,0,0,1.3139,999,999,999,0.18652,0.63905,1.4688,0,0,0,0,0,0,0,0,0,0,0,0,0,0,0,0,0,0,0,0,0,0,0,0,0,0,0,0,0,0,0,0,0,0,0,0,0,0,0.010086,1.1053,-1,0.99925,0,0,0,0,0,0,0,0,0,0,0,1
0,0,0,0,0.72955,0.062434,0.80302,1,1.0203,0.6241,-0.99671,-1,-0.033331,0.00010154,0,0,0,0,1.1843,999,999,999,1.4146,0.85182,0,0,0,0,0,0,0,0,0,0,0,0,0,0,0,0,0,0,0,0,0,0,0,0,0,0,0,0,0,0,0,0,0,0,0,0,0,0,0,0.010239,1.0203,-1,0.95638,0,0,0,0,0,0,0,0,0,0,0,1
0,0,0,0,0,0,0,0,1.1277,0.31218,-0.33114,-1,0.99996,0.97112,-0.018934,0,0,0,1.3209,0.68514,0.55008,-0.33275,0.28817,0.69394,1.6538,0.31046,0.11847,4.3194e-07,9999,1,-1,810.55,7.0312,0.16748,0,0,0,0,0,0,0,0,1,999,999,999,0,0,0,0,0,0,0,0,0,0,0,0,0,0,0,0,0,0.014083,1.1277,-1,0.64764,0.50114,1,0.97112,0.29861,0,0,0,0,0,0,0,1
0,0,0,0,0,0,0,0,0.29845,1.789,-0.80654,1,0.0307,-3.3298e-05,-1.7649e-05,0,0,0,0.8319,0.73319,-0.68055,-0.90585,0.92444,0.52212,0.44696,0.96576,0.15864,6.3509e-07,9999,1,-1,502.93,4.6387,0.24572,0,0,0,0,0,0,0,0,1,0.73319,0.68055,-0.56017,0,0,0,0,0,10,0.15864,6.3509e-07,9999,-1,502.93,4.6387,0.24572,0.73319,0.68055,-0.56017,-0,0.0064051,0.73319,1,0.68055,0.84367,1,0.0307,0.802,0,0,0,0,0,0,0,0
0,0,0,0,0,0,0,0,0.70104,1.1971,0.89088,1,0.017952,0.00077417,4.0303e-05,1,0,0,0.97428,0.71203,-0.95698,-0.99145,1.0985,0.60072,0.55141,0.052101,0.18394,1.2115e-06,9999,0,-1,0,11.816,0.10042,0,0,0,0,0,0,0,0,1,0.70104,0.92056,-0.42862,0,0,0,0,0,10,0.18394,1.2115e-06,9999,-1,0,11.816,0.10042,0.70104,0.92056,-0.42862,-0,0.004576,0.70104,1,0.92056,0.33962,1,4.0303e-05,0.0025646,0,0,0,0,0,0,0,1
0,0,0,0,0,0,0,0,1.5805,0.050654,-0.98734,1,0.065769,0.00031636,-6.0706e-07,1,0,0,1.4726,999,999,999,2.1576,0.75829,0.23797,0.70544,0.16184,6.0706e-07,9999,1,-1,483.4,4.1992,0.23797,0,0,0,0,0,0,0,0,1,1.5805,0.99288,-0.70551,0,0,0,0,0,10,0.16184,6.0706e-07,9999,-1,483.4,4.1992,0.23797,1.5805,0.99288,-0.70551,-6,0.014014,1.5805,1,0.99288,0.29429,1,0.00031636,0.16725,0,0,0,0,0,0,0,0
0,0,0,0,0,0,0,0,1.0884,0.93119,-0.75223,1,-0.96773,0.00096948,0.00050227,0,0,0,1.4481,-0.56637,-0.91579,-0.9537,1.0882,1.2332,0.36924,0,0,0,0,0,0,0,0,0,0,0,0,0,0,0,0,0,0,0,0,0,0,0,0,0,0,0,0,0,0,0,0,0,0,0,0,0,0,0.010878,1.0884,1,0.92809,0,0,0,0,0,0,0,0,0,0,0,0
0,0,0,0,0,0,0,0,0.71647,1.2761,-0.87407,1,0.97257,-0.95759,0.76278,1,0,0,1.1901,999,999,999,0.97021,1.133,0.118,0.79765,0.09289,1.2444e-06,9999,1,-1,0,6.2012,0.12315,0,0,0,0,0,0,0,0,1,0.71647,0.97585,-0.90201,0,0,0,0,0,10,0.09289,1.2444e-06,9999,-1,0,6.2012,0.12315,0.71647,0.97585,-0.90201,-8,0.0235,0.71647,1,0.97585,0.1746,1,0.76278,0.69456,0,0,0,0,0,0,0,1
0,0,0,0,0,0,0,0,0.95324,1.5142,-0.94288,1,0.99157,0.0023035,-0.0018793,1,0,0,1.5339,0.95324,0.99396,-0.87216,0.62937,1.1308,0.85789,0.97404,0.15065,4.005e-07,9999,1,-1,810.55,7.0312,0.14786,0,0,0,0,0,0,0,0,1,0.95324,0.99396,-0.94962,0,0,0,0,0,10,0.15065,4.005e-07,9999,-1,810.55,7.0312,0.14786,0.95324,0.99396,-0.94962,-2,0.0016014,0.95324,1,0.99396,0.9809,1,0.99157,0.84063,0,0,0,0,0,0,0,1
0,0,0,0,0,0,0,0,0.93098,1.0143,-0.38492,1,0.029494,-1.8081e-05,8.965e-06,0,0,0,0.94063,999,999,999,1.364,0.44943,0.38533,0.44403,0.09162,1.4296e-06,9999,1,-1,0,4.4434,0.16696,0,0,0,0,0,0,0,0,1,0.93098,0.96872,-0.26745,0,0,0,0,0,10,0.09162,1.4296e-06,9999,-1,0,4.4434,0.16696,0.93098,0.96872,-0.26745,-6,0.0010994,0.93098,1,0.96872,0.14378,1,7.785e-06,0.52777,0,0,0,0,0,0,0,1
0.87488,0,-0.72796,-1,0,0,0,0,0.53905,0.59567,-0.57945,-1,-0.0075252,-6.9382e-05,6.1146e-07,1,0,0,0.88488,999,999,999,1.3013,0.65708,0.23923,0.52933,0.24135,4.75e-07,9999,1,1,585.94,5.127,0.18974,0,0,0,0,0,0,0,0,1,0.87488,0.89097,-0.84312,0,0,0,0,0,10,0.24135,4.75e-07,9999,1,585.94,5.127,0.18974,0.87488,0.89097,-0.84312,6,0.022309,0.87488,-1,0.89097,0.28108,-1,-6.9382e-05,-0.00017133,0.87488,0,-0.72796,-1,1,0.022309,0.89097,1
0,0,0,0,0,0,0,0,0.46001,0.14338,-0.26558,1,-0.96753,-0.00028447,-2.5049e-05,2,1,0.49303,0.94714,999,999,999,0.43039,0.78101,0.48447,0,0,0,0,0,0,0,0,0,0,0,0,0,0,0,0,0,0,0,0,0,0,0,0,0,0,0,0,0,0,0,0,0,0,0,0,0,0,0,0,0,0,0,0,0,0,0,0,0,0,0,0,0,0
0,0,0,0,0,0,0,0,2.0591,0.27563,-0.33721,1,0.18999,-0.043927,0,0,0,0,2.0319,999,999,999,2.9101,1.2749,0,0,0,0,0,0,0,0,0,0,0,0,0,0,0,0,0,0,0,0,0,0,0,0,0,0,0,0,0,0,0,0,0,0,0,0,0,0,0,0.0014844,2.0591,1,0.98524,0,0,0,0,0,0,0,0,0,0,0,1
0,0,0,0,0,0,0,0,1.7204,0.27705,0.0029178,-1,-0.77976,0.000635,-0.00037729,0,0,0,1.283,-0.71659,0.87774,-0.87929,1.1868,0.6979,1.0346,0.91333,0.12752,1.2237e-06,9999,1,1,0,3.8574,0.11224,0,0,0,0,0,0,0,0,1,0.71659,0.87774,-0.98704,0,0,0,0,0,10,0.12752,1.2237e-06,9999,1,0,3.8574,0.11224,0.71659,0.87774,-0.98704,21,0.016617,1.7204,-1,0.99998,0.91392,-1,-0.77976,-0.73782,0,0,0,0,0,0,0,0
0,0,0,0,0,0,0,0,0.42123,0.33536,0.15889,-1,-0.047231,-0.00015414,2.4258e-05,1,1,0.49531,0.70374,999,999,999,1.6021,0.36675,0.46438,0,0,0,0,0,0,0,0,0,0,0,0,0,0,0,0,0,0,0,0,0,0,0,0,0,0,0,0,0,0,0,0,0,0,0,0,0,0,0,0,0,0,0,0,0,0,0,0,0,0,0,0,0,1
1.5837,0.20215,-0.88213,1,0,0,0,0,0.87272,0.5572,0.69176,1,0.66013,0.030301,-0.00017453,2,0,0,1.0946,1.5837,-0.97065,-0.94912,1.4616,1.0917,0.16586,0,0,0,0,0,0,0,0,0,0,0,0,0,0,0,0,0,0,0,0,0,0,0,0,0,0,0,0,0,0,0,0,0,0,0,0,0,0,0.0028142,1.5837,1,0.97065,0,0,0,0,0,0,0,0,0,0,0,1
0,0,0,0,0,0,0,0,0.87286,1.3173,0.95526,-1,0.99922,0.00017521,-6.118e-05,3,0,0,1.0016,999,999,999,0.39494,0.17207,0.63896,0.50457,0.13489,0.00017521,9999,0,1,507.81,0,0.17207,0,0,0,0,0,0,0,0,1,999,999,999,0,0,0,0,0,10,0.21059,5.7842e-06,9999,1,0,5.0293,0.32594,0.87286,0.95549,-0.43387,5,0.0045616,0.87286,-1,0.95549,-0.39863,1,0.99922,0.078988,0,0,0,0,0,0,0,1
0,0,0,0,0,0,0,0,1.4589,0.24595,-0.80653,1,0.96727,0.052367,-1.3702e-05,1,1,0.49885,1.4906,999,999,999,1.8822,1.3396,0.42249,0,0,0,0,0,0,0,0,0,0,0,0,0,0,0,0,0,0,0,0,0,0,0,0,0,0,0,0,0,0,0,0,0,0,0,0,0,0,0.0016441,1.4589,1,0.93153,0,0,0,0,0,0,0,0,0,0,0,1
0,0,0,0,0,0,0,0,0.6708,0.11343,-0.97145,-1,0.99992,-0.90662,-4.0079e-07,1,0,0,0.59206,999,999,999,0.29496,0.55999,0.14806,0.43229,0.16353,4.0079e-07,9999,1,-1,810.55,6.1035,0.14806,0,0,0,0,0,0,0,0,1,999,999,999,0,0,0,0,0,0,0,0,0,0,0,0,0,0,0,0,0,0.024851,0.6708,-1,0.93327,0.25788,1,0.99992,0.053956,0,0,0,0,0,0,0,1
0,0,0,0,0,0,0,0,1.5802,0.13081,-0.031406,-1,-0.014239,5.4898e-05,1.4206e-05,0,0,0,1.7181,999,999,999,1.888,0.61204,0.42586,0.2449,0.22734,1.2509e-06,9999,1,1,0,8.5938,0.12584,0,0,0,0,0,0,0,0,1,1.5802,0.99124,-0.23052,0,0,0,0,0,10,0.22734,1.2509e-06,9999,1,0,8.5938,0.12584,1.5802,0.99124,-0.23052,0,0.014474,1.5802,-1,0.99124,-0.23052,-1,-0.014239,-0.00025161,0,0,0,0,0,0,0,0
0,0,0,0,0,0,0,0,0.93372,1.069,-0.18657,1,0.014693,-6.3932e-05,7.2023e-07,0,0,0,1.0368,999,999,999,1.2617,0.65288,0.26591,0.90623,0.16312,6.0327e-07,9999,1,-1,566.41,5.4688,0.23687,0,0,0,0,0,0,0,0,1,999,999,999,0,0,0,0,0,0,0,0,0,0,0,0,0,0,0,0,0,0.022082,0.93372,1,0.97485,0.84228,1,0.014693,0.57736,0,0,0,0,0,0,0,1
0,0,0,0,0,0,0,0,0.7422,0.2785,0.58546,-1,-0.84966,-0.00037411,8.6566e-06,0,0,0,1.089,999,999,999,1.1518,0.80864,0.38242,0.90358,0.18117,4.5805e-07,9999,1,1,654.3,4.1504,0.18151,0,0,0,0,0,0,0,0,1,999,999,999,0,0,0,0,0,0,0,0,0,0,0,0,0,0,0,0,0,0.0047961,1.1468,-1,0.63496,0.56439,-1,-0.84966,-0.41722,0,0,0,0,0,0,0,0
0,0,0,0,0,0,0,0,1.4619,0.34903,-0.91146,-1,-0.028016,5.2345e-05,0,0,0,0,1.0802,999,999,999,1.096,0.53098,0,0,0,0,0,0,0,0,0,0,0,0,0,0,0,0,0,0,0,0,0,0,0,0,0,0,0,0,0,0,0,0,0,0,0,0,0,0,0,0.00072592,1.4619,-1,0.98795,0,0,0,0,0,0,0,0,0,0,0,0
0,0,0,0,0,0,0,0,0.42772,0.45584,0.82904,1,6.0867e-05,0,0,0,0,0,0.35645,999,999,999,0.6386,0,0,0,0,0,0,0,0,0,0,0,0,0,0,0,0,0,0,0,0,0,0,0,0,0,0,0,0,0,0,0,0,0,0,0,0,0,0,0,0,0,0,0,0,0,0,0,0,0,0,0,0,0,0,0,0
0,0,0,0,0,0,0,0,1.0502,1.6461,-0.83612,-1,-0.97555,-0.94947,0.03806,1,0,0,1.3663,999,999,999,0.76653,0.887,1.4482,0,0,0,0,0,0,0,0,0,0,0,0,0,0,0,0,0,0,0,0,0,0,0,0,0,0,0,0,0,0,0,0,0,0,0,0,0,0,0.0065241,1.0502,-1,0.96232,0,0,0,0,0,0,0,0,0,0,0,0
0.58101,0.53003,-0.92407,-1,0,0,0,0,0.8043,0.40612,-0.9359,1,-0.0092412,0.0031646,0,0,0,0,0.80622,999,999,999,0.75739,1.2254,0,0,0,0,0,0,0,0,0,0,0,0,0,0,0,0,0,0,0,0,0,0,0,0,0,0,0,0,0,0,0,0,0,0,0,0,0,0,0,0.033524,0.8043,1,0.94846,0,0,0,0,0.58101,0.53003,-0.92407,-1,1,0.0027366,0.93191,0
0.67816,1.0005,-0.89923,-1,0,0,0,0,0.38423,0.59172,0.99606,-1,-0.027834,3.7418e-06,-9.5564e-07,0,0,0,0.65594,999,999,999,1.0319,0.31684,0.30409,0,0,0,0,0,0,0,0,0,0,0,0,0,0,0,0,0,0,0,0,0,0,0,0,0,0,0,0,0,0,0,0,0,0,0,0,0,0,0.010579,0.67816,-1,0.96296,0,0,0,0,0.67816,1.0005,-0.89923,-1,1,0.010579,0.96296,0
2.0361,0.038471,-0.97502,-1,0,0,0,0,0.55786,0.23653,0.68156,1,-0.003624,0.0007326,5.7545e-07,0,0,0,1.3633,999,999,999,1.4449,0.7625,0.22838,0.96958,0.14053,5.7545e-07,9999,1,1,590.82,5.6641,0.22838,0,0,0,0,0,0,0,0,1,2.0361,0.99241,-0.9396,0,0,0,0,0,10,0.14053,5.7545e-07,9999,1,590.82,5.6641,0.22838,2.0361,0.99241,-0.9396,2,0.0089925,2.0361,-1,0.99241,-0.9396,-1,-0.003624,-0.84196,0,0,0,0,0,0,0,0
0,0,0,0,0,0,0,0,1.8469,0,-0.77432,-1,0.97369,-0.95828,-0.29426,1,0,0,1.905,999,999,999,0.71086,2.6092,1.0072,0,0,0,0,0,0,0,0,0,0,0,0,0,0,0,0,0,0,0,0,0,0,0,0,0,0,0,0,0,0,0,0,0,0,0,0,0,0,0.011348,1.8469,-1,0.99991,0,0,0,0,0,0,0,0,0,0,0,1
0,0,0,0,0,0,0,0,1.6072,1.2463,-0.17018,1,-0.97182,0.96776,0.95837,0,0,0,1.3985,999,999,999,0.74527,0.67889,1.2015,0,0,0,0,0,0,0,0,0,0,0,0,0,0,0,0,0,0,0,0,0,0,0,0,0,0,0,0,0,0,0,0,0,0,0,0,0,0,0.0076108,1.6072,1,0.89036,0,0,0,0,0,0,0,0,0,0,0,1
0,0,0,0,0,0,0,0,0.99622,0.23212,0.53239,1,0.74073,0.026647,-2.0029e-06,1,0,0,1.4483,1.3061,-0.86722,-0.62397,1.6338,1.3606,0.22271,0,0,0,0,0,0,0,0,0,0,0,0,0,0,0,0,0,0,0,0,0,0,0,0,0,0,0,0,0,0,0,0,0,0,0,0,0,0,0.0029573,1.3061,1,0.86722,0,0,0,0,0,0,0,0,0,0,0,1
0,0,0,0,0,0,0,0,0.74002,1.3588,-0.78332,1,-0.96409,0.055338,-2.5324e-05,2,0,0,1.0282,999,999,999,0.84664,0.92714,0.48651,0.91748,0.10591,3.9782e-07,9999,0,-1,703.12,6.9336,0.14602,0,0,0,0,0,0,0,0,1,999,999,999,0,0,0,0,0,10,0.19276,3.5755e-07,9999,1,266.11,11.816,0.11437,0.5756,0.99802,-0.68217,5,0.0055996,0.74002,1,0.96817,0.9866,1,0.055338,0.77567,0,0,0,0,0,0,0,0
0,0,0,0,0,0,0,0,0.5242,0.4048,0.45289,1,0.00024655,-5.4179e-05,4.911e-05,0,0,0,0.91499,999,999,999,0.71722,0.60784,0.58674,0.81741,0.23825,5.3567e-07,9999,1,-1,615.23,5.2246,0.2148,0,0,0,0,0,0,0,0,1,999,999,999,0,0,0,0,0,0,0,0,0,0,0,0,0,0,0,0,0,0.012084,0.53996,-1,0.60952,0.65121,1,0.00024655,0.0026622,0,0,0,0,0,0,0,0
0,0,0,0,0,0,0,0,0.58491,0.28462,0.020621,1,-0.17786,-1.8154e-05,1.6862e-05,0,0,0,0.90866,999,999,999,1.1501,0.40634,0.44239,0,0,0,0,0,0,0,0,0,0,0,0,0,0,0,0,0,0,0,0,0,0,0,0,0,0,0,0,0,0,0,0,0,0,0,0,0,0,0.017907,0.84052,-1,0.60909,0,0,0,0,0,0,0,0,0,0,0,0
0,0,0,0,0,0,0,0,0.43707,0.55634,-0.14695,-1,0.99984,-1.9317e-06,0,0,0,0,0.47501,999,999,999,0.3661,0.33637,0,0,0,0,0,0,0,0,0,0,0,0,0,0,0,0,0,0,0,0,0,0,0,0,0,0,0,0,0,0,0,0,0,0,0,0,0,0,0,0,0,0,0,0,0,0,0,0,0,0,0,0,0,0,1
0,0,0,0,0,0,0,0,1.4848,0.5956,-0.15985,1,0.79155,5.9307e-05,-4.0472e-07,1,0,0,1.5081,0.51939,0.90315,-0.89457,1.4628,0.62902,0.1507,0.9439,0.099323,4.0472e-07,9999,0,-1,1171.9,6.1523,0.1507,0,0,0,0,0,0,0,0,1,0.51939,0.90315,-0.95248,0,0,0,0,0,10,0.099323,4.0472e-07,9999,-1,1171.9,6.1523,0.1507,0.51939,0.90315,-0.95248,-2,0.0093566,1.4848,1,0.95635,0.85312,1,0.79155,0.81828,0,0,0,0,0,0,0,1
0,0,0,0,0,0,0,0,0.52989,0.44655,-0.97563,1,0.96511,1.6435e-05,-4.3072e-07,1,0,0,0.62118,999,999,999,0.82276,0.43986,0.16678,0.40963,0.13745,4.3072e-07,9999,0,-1,703.12,2.8809,0.16678,0,0,0,0,0,0,0,0,1,0.52989,0.99128,-0.29901,0,0,0,0,0,10,0.13745,4.3072e-07,9999,-1,703.12,2.8809,0.16678,0.52989,0.99128,-0.29901,-8,0.0065809,0.52989,1,0.99128,-0.29901,1,0.96511,0.18364,0,0,0,0,0,0,0,1
0,0,0,0,0,0,0,0,0.6612,0.28564,-0.67595,1,0.99141,0.98459,7.2474e-05,1,0,0,0.98295,999,999,999,0.62205,0.7916,0.68231,0.30315,0.2473,4.0381e-07,9999,1,-1,722.66,6.0059,0.15009,0,0,0,0,0,0,0,0,1,0.65668,0.52471,-0.09939,0,0,0,0,0,10,0.2473,4.0381e-07,9999,-1,722.66,6.0059,0.15009,0.65668,0.52471,-0.09939,-0,0.02732,0.6612,1,0.96969,-0.09939,1,0.99141,9.2363e-05,0,0,0,0,0,0,0,1
0,0,0,0,0,0,0,0,0.84885,0.74261,-0.94217,1,0.8074,0.0029496,1.6264e-05,2,0,0,0.91378,999,999,999,0.16462,0.70371,0.43882,0.9906,0.20787,1.3153e-06,9999,1,1,463.87,4.6875,0.34255,0,0,0,0,0,0,0,0,1,999,999,999,0,0,0,0,0,0,0,0,0,0,0,0,0,0,0,0,0,0.0044902,0.84885,1,0.97069,0.77301,-1,-9.5142e-06,-0.64533,0,0,0,0,0,0,0,1
0,0,0,0,0,0,0,0,1.4451,0.84775,0.26873,1,-0.97168,0.01334,0.00105,2,0,0,1.5069,999,999,999,1.0091,1.2761,0.96672,0.062871,0.11594,3.9802e-07,9999,0,-1,722.66,4.3945,0.14616,0,0,0,0,0,0,0,0,1,999,999,999,0,0,0,0,0,0,0,0,0,0,0,0,0,0,0,0,0,0.0010485,1.4451,1,0.87697,0.37885,1,0.00105,0.25273,0,0,0,0,0,0,0,1
0,0,0,0,0,0,0,0,0.54876,0.049421,0.8885,-1,-0.96957,-7.0749e-05,2.22e-05,0,0,0,1.0957,-0.54876,0.95642,-0.73714,0.7991,0.68331,0.47132,0.99306,0.12474,3.7742e-07,9999,1,1,1142.6,8.2031,0.13101,0,0,0,0,0,0,0,0,1,0.54876,0.95642,-0.98411,0,0,0,0,0,10,0.12474,3.7742e-07,9999,1,1142.6,8.2031,0.13101,0.54876,0.95642,-0.98411,2,0.0082591,0.76428,-1,0.79133,0.7801,-1,-0.96957,-0.89644,0,0,0,0,0,0,0,0
1.833,0,-0.91516,-1,0,0,0,0,0.6124,0.35219,-0.14784,1,-0.00018559,0.00010729,2.5632e-05,1,0,0,1.276,999,999,999,2.8838,0.83269,0.48798,0,0,0,0,0,0,0,0,0,0,0,0,0,0,0,0,0,0,0,0,0,0,0,0,0,0,0,0,0,0,0,0,0,0,0,0,0,0,0.016961,1.833,-1,0.96032,0,0,0,0,0,0,0,0,0,0,0,0
0,0,0,0,0,0,0,0,0.1975,0.80973,-0.90781,1,0.93729,7.2856e-05,0,0,0,0,0.53916,999,999,999,0.44794,0.68824,0,0.968,0.1975,0.93729,9999,1,1,0,9.1797,0.44794,0,0,0,0,0,0,0,0,1,999,999,999,0,0,0,0,0,0,0,0,0,0,0,0,0,0,0,0,0,0.0066677,0.53511,1,0.74475,0,0,0,0,0,0,0,0,0,0,0,1
1.2436,0.077483,-0.94375,-1,0,0,0,0,0.30673,0.20941,-0.30518,1,-0.0089813,2.0311e-06,0,0,1,0.49823,1.2831,999,999,999,1.3956,0.27083,0,0,0,0,0,0,0,0,0,0,0,0,0,0,0,0,0,0,0,0,0,0,0,0,0,0,0,0,0,0,0,0,0,0,0,0,0,0,0,0.00066154,1.2436,-1,0.92724,0,0,0,0,0,0,0,0,0,0,0,0
0,0,0,0,0,0,0,0,0.73384,0.12536,0.2113,-1,-0.95933,0.49104,0.027724,6,1,0.50102,0.99535,999,999,999,1.0776,1.6374,0.706,0.65926,0.12152,4.0981e-07,9999,1,-1,478.52,5.8594,0.15403,0,0,0,0,0,0,0,0,1,999,999,999,0,0,0,0,0,10,0.13287,5.3695e-07,9999,1,488.28,4.3945,0.21527,0.73384,0.93499,-0.41418,5,0.0092946,0.88648,1,0.91602,-0.061635,1,0.49104,0.4473,0,0,0,0,0,0,0,0
0,0,0,0,0,0,0,0,0.60328,2.0982,-0.90303,1,0.006597,0.00017965,4.534e-05,3,1,0.49207,0.83968,999,999,999,0.91883,0.19174,0.48685,0.99308,0.21899,1.8963e-06,9999,0,-1,0,4.4922,0.21534,0,1,0,0,0,0,0,0,1,999,999,999,0,0,0,0,0,10,0.10534,1.212e-06,9999,-1,0,16.602,0.10127,0.60328,0.49157,-0.89634,-4,0.002856,0.58107,1,0.9636,0.94916,1,4.534e-05,0.52706,0,0,0,0,0,0,0,0
0,0,0,0,0,0,0,0,0.81275,0.97324,-0.48831,-1,-0.02119,-1.9969e-06,7.2852e-07,1,0,0,0.63525,999,999,999,1.2674,0.3839,0.26765,0.82899,0.23239,1.9969e-06,9999,0,-1,405.27,2.5879,0.3839,0,0,0,0,0,0,0,0,1,999,999,999,0,0,0,0,0,10,0.23987,7.2852e-07,9999,1,517.58,4.248,0.26765,0.81275,0.8175,-0.74969,4,0.00028,0.81275,-1,0.8175,-0.69948,-1,-1.9969e-06,-0.0001305,0,0,0,0,0,0,0,0
0.45481,0.84295,-0.89645,-1,0,0,0,0,0.62077,0.35202,0.595,-1,-0.031336,-0.0010653,3.5677e-07,1,0,0,0.6267,-0.62077,-0.9641,-0.87699,0.70963,0.53819,0.11366,0.99281,0.15244,3.5677e-07,9999,1,1,1181.6,9.375,0.11366,0,0,0,0,0,0,0,0,1,999,999,999,0,0,0,0,0,0,0,0,0,0,0,0,0,0,0,0,0,0.01062,0.62077,-1,0.9641,0.94832,-1,-0.0010653,-0.88422,0.45481,0.84295,-0.89645,-1,1,0.14155,0.96716,0
0.79948,0,-0.35654,-1,0,0,0,0,1.2326,0,-0.79547,1,0.058993,-0.00039183,-3.1142e-06,1,1,0.49759,1.3411,999,999,999,1.385,0.57127,0.30303,0,0,0,0,0,0,0,0,0,0,0,0,0,0,0,0,0,0,0,0,0,0,0,0,0,0,0,0,0,0,0,0,0,0,0,0,0,0,0.0086638,1.2326,1,0.88509,0,0,0,0,0.79948,0,-0.35654,-1,1,0.0112,0.69653,0
0,0,0,0,0,0,0,0,0.63826,2.0583,-0.99154,1,0.98566,0.00023087,1.3251e-06,1,0,0,0.71175,999,999,999,0.73008,0.26157,0.14739,0.15117,0.22726,0.00023087,9999,0,1,488.28,0,0.26157,0,0,0,0,0,0,0,0,1,999,999,999,0,0,0,0,0,0,0,0,0,0,0,0,0,0,0,0,0,0.011881,0.63826,1,0.97009,0,0,0,0,0,0,0,0,0,0,0,1
0,0,0,0,0,0,0,0,0.9603,1.5477,-0.94909,1,0.97459,0.94983,1.1115e-05,0,0,0,1.1565,999,999,999,0.57225,1.1845,0.40367,0.59135,0.17927,7.3203e-07,9999,1,-1,610.35,4.0039,0.26837,0,0,0,0,0,0,0,0,1,999,999,999,0,0,0,0,0,0,0,0,0,0,0,0,0,0,0,0,0,0.0031709,0.9603,1,0.87033,0.70325,1,0.97459,0.033198,0,0,0,0,0,0,0,1
0,0,0,0,1.7185,0.14126,-0.96194,1,0.62105,0.21697,0.78192,1,-0.93202,0.014124,-0.00064912,3,1,0.49953,1.6349,999,999,999,0.3505,2.3497,0.42233,0,0,0,0,0,0,0,0,0,0,0,0,0,0,0,0,0,0,0,0,0,0,0,0,0,0,0,0,0,0,0,0,0,0,0,0,0,0,0.0048502,1.7185,1,0.97404,0,0,0,0,0,0,0,0,0,0,0,1
0,0,0,0,0,0,0,0,1.0263,0.61548,-0.75685,1,0.05383,0.00064421,-1.2558e-06,1,0,0,1.1043,999,999,999,1.1197,0.45178,0.1277,0.92034,0.066484,1.2558e-06,9999,1,-1,0,9.668,0.1277,0,0,0,0,0,0,0,0,1,999,999,999,0,0,0,0,0,10,0.18022,4.8204e-07,9999,-1,610.35,4.541,0.19298,1.0263,0.89435,-0.94567,-6,0.0077669,1.0263,1,0.89435,0.89219,1,0.05383,0.79803,0,0,0,0,0,0,0,0
0,0,0,0,0,0,0,0,0.57786,0.61581,0.0069388,1,8.2453e-05,-4.2676e-07,0,1,0,0,0.57526,999,999,999,0.74418,0.16447,0,0.51245,0.17451,4.2676e-07,9999,0,-1,581.05,4.6387,0.16447,0,0,0,0,0,0,0,0,1,0.57786,0.58828,-0.11295,0,0,0,0,0,10,0.17451,4.2676e-07,9999,-1,581.05,4.6387,0.16447,0.57786,0.58828,-0.11295,-5,0.00070785,0.57786,1,0.58828,-0.11295,1,8.2453e-05,0.033516,0,0,0,0,0,0,0,1
0,0,0,0,1.8184,0,-0.81333,-1,1.1195,0.32951,0.17966,-1,-0.047238,0.00018701,-6.5531e-05,2,0,0,1.7485,-1.8184,0.97193,-0.69819,1.3214,0.76634,2.7601,0,0,0,0,0,0,0,0,0,0,0,0,0,0,0,0,0,0,0,0,0,0,0,0,0,0,0,0,0,0,0,0,0,0,0,0,0,0,0.01166,1.8184,-1,0.97193,0,0,0,0,0,0,0,0,0,0,0,1
0,0,0,0,1.1253,0.27625,-0.96492,-1,0.2384,0.15825,0.23544,1,-0.1264,1.0676e-06,0,0,0,0,1.1214,999,999,999,1.1593,0.31888,0,0.49121,0.2384,1.0676e-06,9999,1,1,722.66,3.2715,0.31888,0,0,0,0,0,0,0,0,1,1.1253,0.90878,-0.11904,0,0,0,0,0,10,0.2384,1.0676e-06,9999,1,722.66,3.2715,0.31888,1.1253,0.90878,-0.11904,1,0.0006738,1.1253,-1,0.90878,-0.11904,-1,-0.1264,-0.00019471,0,0,0,0,0,0,0,1
0,0,0,0,0,0,0,0,1.787,0.55283,-0.7011,1,0.99445,0.94781,-0.0029377,1,0,0,1.5675,999,999,999,0.43548,1.2564,1.2314,0.74143,0.17936,4.5984e-06,9999,1,1,0,2.3438,0.30723,0,0,0,0,0,0,0,0,1,999,999,999,0,0,0,0,0,10,0.24879,0.99445,9999,1,1025.4,8.5938,0.43548,1.0056,0.89495,-0.88618,3,0.041605,1.787,1,0.92264,0.55798,-1,-0.0029377,-0.092335,0,0,0,0,0,0,0,1
0,0,0,0,0,0,0,0,0.78425,1.1686,-0.58238,1,0.035867,-0.00026697,1.2532e-05,0,0,0,0.87263,999,999,999,0.61709,0.65496,0.41433,0,0,0,0,0,0,0,0,0,0,0,0,0,0,0,0,0,0,0,0,0,0,0,0,0,0,0,0,0,0,0,0,0,0,0,0,0,0,0.0093024,0.78425,1,0.94994,0,0,0,0,0,0,0,0,0,0,0,1
0,0,0,0,0,0,0,0,1.2152,0.60497,-0.39956,1,0.94491,0.0010793,-0.0002385,0,0,0,1.2712,1.2152,-0.99832,-0.99281,1.1389,1.0141,0.86087,0,0,0,0,0,0,0,0,0,0,0,0,0,0,0,0,0,0,0,0,0,0,0,0,0,0,0,0,0,0,0,0,0,0,0,0,0,0,0.0049763,1.2152,1,0.99832,0,0,0,0,0,0,0,0,0,0,0,1
0,0,0,0,0,0,0,0,0.34578,0.4519,0.98522,-1,0.0087018,-1.5865e-06,0,0,0,0,0.60799,999,999,999,0.96184,0.25187,0,0,0,0,0,0,0,0,0,0,0,0,0,0,0,0,0,0,0,0,0,0,0,0,0,0,0,0,0,0,0,0,0,0,0,0,0,0,0,0.0031212,0.66861,1,0.63847,0,0,0,0,0,0,0,0,0,0,0,0
0,0,0,0,0,0,0,0,0.55845,0,0.56533,-1,0.035001,0.0048665,-1.0595e-05,2,1,0.4951,1.0263,999,999,999,1.1842,0.85367,0.3995,0.45091,0.17712,9.6748e-07,9999,1,1,537.11,3.9062,0.3068,0,0,0,0,0,0,0,0,1,0.55845,0.86633,-0.83439,0,0,0,0,0,10,0.17712,9.6748e-07,9999,1,537.11,3.9062,0.3068,0.55845,0.86633,-0.83439,5,0.0046179,0.55845,-1,0.86633,0.5574,1,0.035001,0.0064035,0,0,0,0,0,0,0,1
0,0,0,0,0,0,0,0,1.1277,0.29522,0.18232,1,0.067506,0.02411,6.42e-05,0,0,0,1.8296,1.3145,0.93603,-0.89606,1.4075,1.3803,0.6491,0,0,0,0,0,0,0,0,0,0,0,0,0,0,0,0,0,0,0,0,0,0,0,0,0,0,0,0,0,0,0,0,0,0,0,0,0,0,0.0036455,1.3145,1,0.93603,0,0,0,0,0,0,0,0,0,0,0,1
0,0,0,0,0,0,0,0,0.55593,0.5391,0.72449,1,0.94799,-0.00055806,-0.00024654,1,0,0,0.77162,999,999,999,0.90171,0.55082,0.27305,0.45043,0.20204,0.00024654,9999,1,-1,546.88,0,0.27305,0,0,0,0,0,0,0,0,1,999,999,999,0,0,0,0,0,0,0,0,0,0,0,0,0,0,0,0,0,0.024165,0.55593,1,0.94764,0.20811,1,0.94799,0.0032246,0,0,0,0,0,0,0,1
0,0,0,0,0,0,0,0,1.5675,0.38288,-0.26045,1,0.28386,0.00018368,-4.1981e-05,2,0,0,1.7557,999,999,999,1.719,0.20255,0.55719,0.99153,0.15895,0.00018368,9999,1,1,664.06,0,0.20255,0,0,0,0,0,0,0,0,1,999,999,999,0,0,0,0,0,0,0,0,0,0,0,0,0,0,0,0,0,0.0046155,1.5675,1,0.98718,0.74745,-1,-2.3658e-05,-0.87413,0,0,0,0,0,0,0,0
0,0,0,0,0,0,0,0,1.5186,0,-0.74169,-1,-0.017485,-0.00074314,-1.9138e-05,3,1,0.49618,1.2894,-0.69642,0.66932,-0.42365,1.1099,0.73109,0.45529,0,0,0,0,0,0,0,0,0,0,0,0,0,0,0,0,0,0,0,0,0,0,0,0,0,0,0,0,0,0,0,0,0,0,0,0,0,0,0.00043582,1.5186,-1,0.95529,0,0,0,0,0,0,0,0,0,0,0,0
0,0,0,0,0,0,0,0,0.82731,0.32858,0.0075219,1,0.10028,-0.0058698,3.0513e-05,2,0,0,1.0212,0.53981,-0.96251,-0.86956,1.281,0.56767,0.51256,0,0,0,0,0,0,0,0,0,0,0,0,0,0,0,0,0,0,0,0,0,0,0,0,0,0,0,0,0,0,0,0,0,0,0,0,0,0,0.0074091,0.53981,1,0.96251,0,0,0,0,0,0,0,0,0,0,0,0
0,0,0,0,0,0,0,0,0.39101,1.0455,-0.78121,1,0.80811,0.00017531,8.0819e-07,2,0,0,0.48972,999,999,999,0.16531,0.39041,0.28282,0.95765,0.17024,3.96e-07,9999,1,-1,878.91,6.543,0.14476,0,0,0,0,0,0,0,0,1,999,999,999,0,0,0,0,0,0,0,0,0,0,0,0,0,0,0,0,0,0,0,0,0,0.53298,1,0.80811,0.73424,0,0,0,0,0,0,0,0
0,0,0,0,0,0,0,0,1.5686,1.0522,-0.84677,-1,-0.42946,0.00018552,5.9767e-05,1,0,0,1.144,999,999,999,2.5738,0.68477,0.63354,0.19803,0.15047,4.3093e-07,9999,1,-1,742.19,4.6387,0.1669,0,0,0,0,0,0,0,0,1,999,999,999,0,0,0,0,0,0,0,0,0,0,0,0,0,0,0,0,0,0.0043943,0.71941,1,0.86435,0.61348,1,5.9767e-05,0.061203,0,0,0,0,0,0,0,0
0,0,0,0,0,0,0,0,0.80242,0.57005,0.49491,-1,0.0017243,-0.0016592,-0.0015575,2,0,0,1.1395,999,999,999,0.6574,1.0067,0.73042,0,0,0,0,0,0,0,0,0,0,0,0,0,0,0,0,0,0,0,0,0,0,0,0,0,0,0,0,0,0,0,0,0,0,0,0,0,0,0.0087398,0.80242,-1,0.41808,0,0,0,0,0,0,0,0,0,0,0,1
0,0,0,0,0,0,0,0,0.55277,1.0967,-0.97098,1,0.98344,0.15949,-9.8398e-05,2,1,0.49467,0.961,999,999,999,0.77182,0.90905,0.74908,0.077894,0.069225,1.3085e-06,9999,0,-1,0,4.9316,0.14345,0,1,0,0,0,0,0,0,1,0.50596,0.84531,-0.46613,0,0,0,0,0,10,0.069225,1.3085e-06,9999,-1,0,4.9316,0.14345,0.50596,0.84531,-0.46613,-0,0.013657,0.70519,-1,0.69042,0.19773,1,0.15949,0.60541,0,0,0,0,0,0,0,1
0,0,0,0,0,0,0,0,0.79703,1.6097,-0.57591,-1,-0.0034241,-0.00012553,4.8514e-05,0,0,0,1.1576,-0.79703,-0.98849,-0.68758,0.96704,0.74923,0.58511,0.95764,0.23132,9.1431e-07,9999,0,-1,522.46,3.8086,0.29955,0,0,0,0,0,0,0,0,1,999,999,999,0,0,0,0,0,10,0.20043,1.3176e-06,9999,1,0,8.5938,0.14566,0.76421,0.73762,-0.4466,6,0.0098394,0.79703,-1,0.98849,0.83167,1,4.8514e-05,0.1333,0,0,0,0,0,0,0,1
0,0,0,0,0,0,0,0,1.2157,0.10594,-0.16199,-1,0.038848,-0.0005465,-0.00014329,1,0,0,1.8166,999,999,999,1.3756,1.1112,0.76219,0.97502,0.17389,4.7902e-07,9999,1,-1,703.12,4.9316,0.1916,0,0,0,0,0,0,0,0,1,999,999,999,0,0,0,0,0,0,0,0,0,0,0,0,0,0,0,0,0,0.0056625,1.4178,1,0.70481,0.71087,1,0.038848,0.78793,0,0,0,0,0,0,0,1
0,0,0,0,0,0,0,0,0.67225,0.61164,-0.30436,1,7.3483e-05,-5.0047e-05,4.0269e-05,0,0,0,0.94029,999,999,999,0.7002,0.59155,0.55127,0,0,0,0,0,0,0,0,0,0,0,0,0,0,0,0,0,0,0,0,0,0,0,0,0,0,0,0,0,0,0,0,0,0,0,0,0,0,0.0011102,0.67225,1,0.689,0,0,0,0,0,0,0,0,0,0,0,1
0,0,0,0,0,0,0,0,0.31411,0,-0.0066066,-1,-0.99751,0.89717,0.00059857,1,0,0,0.56189,999,999,999,0.40677,0.26971,0.51465,0.96677,0.2177,4.6072e-07,9999,0,-1,683.59,4.1992,0.18285,0,0,0,0,0,0,0,0,1,999,999,999,0,0,0,0,0,0,0,0,0,0,0,0,0,0,0,0,0,0,0,0,0,0.34954,1,0.89717,0.33906,0,0,0,0,0,0,0,0
0,0,0,0,0,0,0,0,0.5467,0.94986,-0.67967,-1,-0.00075013,-0.00014536,9.9511e-07,0,0,0,0.68848,999,999,999,0.63584,0.35481,0.31032,0.74409,0.23047,9.9511e-07,9999,1,1,541.99,4.1504,0.31032,0,0,0,0,0,0,0,0,1,0.5467,0.84053,-0.95157,0,0,0,0,0,10,0.23047,9.9511e-07,9999,1,541.99,4.1504,0.31032,0.5467,0.84053,-0.95157,0,0.013454,0.5467,-1,0.84053,0.32923,-1,-0.00014536,-0.0018335,0,0,0,0,0,0,0,0
0,0,0,0,0,0,0,0,0.74676,0.6854,-0.059292,1,0.0054635,0.00063217,0.00058313,2,1,0.50107,0.96235,999,999,999,1.0073,0.47501,0.72855,0,0,0,0,0,0,0,0,0,0,0,0,0,0,0,0,0,0,0,0,0,0,0,0,0,0,0,0,0,0,0,0,0,0,0,0,0,0,0.0417,0.74676,1,0.88792,0,0,0,0,0,0,0,0,0,0,0,1
0,0,0,0,0,0,0,0,0.93673,0.64454,-0.99147,-1,-0.010708,0.0006492,8.7409e-06,1,0,0,0.93908,999,999,999,1.2636,0.431,0.38322,0.8359,0.22261,6.4248e-07,9999,1,1,532.23,4.3457,0.24766,0,0,0,0,0,0,0,0,1,999,999,999,0,0,0,0,0,0,0,0,0,0,0,0,0,0,0,0,0,0.032886,0.93673,-1,0.95523,0.86162,-1,-0.010708,-0.014744,0,0,0,0,0,0,0,1
0,0,0,0,0,0,0,0,0.40059,0.057958,-0.38297,-1,0.056595,-0.012931,0.0048477,3,2,0.49739,0.3908,999,999,999,1.5015,0.77309,0.58242,0,0,0,0,0,0,0,0,0,0,0,0,0,0,0,0,0,0,0,0,0,0,0,0,0,0,0,0,0,0,0,0,0,0,0,0,0,0,0,0,0,0,0,0,0,0,0,0,0,0,0,0,0,0
0.77844,1.5021,0.36161,-1,0,0,0,0,2.0535,0.14777,-0.72388,1,0.75089,-0.094971,0,0,0,0,2.1856,999,999,999,2.3036,1.0668,0,0,0,0,0,0,0,0,0,0,0,0,0,0,0,0,0,0,0,0,0,0,0,0,0,0,0,0,0,0,0,0,0,0,0,0,0,0,0,0.0040796,2.0535,1,0.99285,0,0,0,0,0.77844,1.5021,0.36161,-1,1,0.00048391,0.57723,1
0,0,0,0,0,0,0,0,0.90429,0,-0.60014,1,-0.42767,5.0948e-05,0,0,0,0,0.65024,999,999,999,1.1816,0.59007,0,0,0,0,0,0,0,0,0,0,0,0,0,0,0,0,0,0,0,0,0,0,0,0,0,0,0,0,0,0,0,0,0,0,0,0,0,0,0,0.021697,0.90429,1,0.9109,0,0,0,0,0,0,0,0,0,0,0,1
0.5557,0.51286,-0.094425,1,0,0,0,0,1.0896,0.39594,-0.38117,-1,0.14217,-0.00042167,-8.9908e-05,1,1,0.49578,1.1938,999,999,999,0.74088,0.81853,0.76063,0,0,0,0,0,0,0,0,0,0,0,0,0,0,0,0,0,0,0,0,0,0,0,0,0,0,0,0,0,0,0,0,0,0,0,0,0,0,0.025946,0.82704,-1,0.60623,0,0,0,0,0.5557,0.51286,-0.094425,1,1,0.03982,0.9989,1
0.79169,0.38878,-0.68128,1,0,0,0,0,0.3861,0.11356,-0.23585,1,0.18679,-7.7304e-05,7.4809e-07,0,0,0,0.805,999,999,999,1.2822,0.66615,0.27163,0,0,0,0,0,0,0,0,0,0,0,0,0,0,0,0,0,0,0,0,0,0,0,0,0,0,0,0,0,0,0,0,0,0,0,0,0,0,0.0061323,0.79169,1,0.49926,0,0,0,0,0.79169,0.38878,-0.68128,1,1,0.0061323,0.49926,1
0,0,0,0,0,0,0,0,0.68507,0.12939,-0.96917,1,0.023809,-0.00016611,0,0,0,0,0.87742,999,999,999,0.90393,0.84912,0,0,0,0,0,0,0,0,0,0,0,0,0,0,0,0,0,0,0,0,0,0,0,0,0,0,0,0,0,0,0,0,0,0,0,0,0,0,0,0.010087,0.68507,1,0.9722,0,0,0,0,0,0,0,0,0,0,0,0
0,0,0,0,0,0,0,0,1.9718,0.21891,-0.68246,1,0.18797,-0.0018199,0,0,0,0,1.9373,999,999,999,1.4368,2.2492,0,0,0,0,0,0,0,0,0,0,0,0,0,0,0,0,0,0,0,0,0,0,0,0,0,0,0,0,0,0,0,0,0,0,0,0,0,0,0,0.0020641,1.9718,1,0.97366,0,0,0,0,0,0,0,0,0,0,0,0
0,0,0,0,0,0,0,0,0.80455,0.31859,-0.56885,-1,-0.093415,0.013963,-0.00053824,1,0,0,1.3108,-0.5625,-0.95954,-0.9212,1.1252,1.3733,0.56688,0.8261,0.21365,3.3763e-06,9999,0,1,502.93,4.248,0.3091,0,0,0,0,0,0,0,0,1,0.80455,0.9234,-0.64213,0,0,0,0,0,10,0.21365,3.3763e-06,9999,1,502.93,4.248,0.3091,0.80455,0.9234,-0.64213,6,0.0009846,0.98824,1,0.9157,0.88838,-1,-5.9404e-05,-0.02577,0,0,0,0,0,0,0,0
0.45352,1.2268,-0.88802,1,0,0,0,0,0.56362,0.9976,-0.72023,-1,-0.0003575,-0.00029101,-0.00023943,4,0,0,0.85224,999,999,999,0.32421,0.82047,0.26808,0.86674,0.17918,0.00023943,9999,1,-1,541.99,0,0.26808,0,0,0,0,0,0,0,0,1,999,999,999,0,0,0,0,0,10,0.13587,3.4649e-07,9999,1,1523.4,12.012,0.10404,0.56362,0.57549,-0.94512,4,0.0075178,0.56362,-1,0.57549,0.70407,1,2.3879e-06,0.14948,0.45352,1.2268,-0.88802,1,1,0.020706,0.80691,0
0,0,0,0,0,0,0,0,0.53989,0.63341,-0.38248,1,0.00011258,-2.0113e-05,-4.4177e-06,0,0,0,0.66729,999,999,999,0.78054,0.46054,0.32941,0.98377,0.1653,4.4997e-07,9999,0,-1,703.12,4.6875,0.17736,0,0,0,0,0,0,0,0,1,0.53989,0.76711,-0.86275,0,0,0,0,0,10,0.1653,4.4997e-07,9999,-1,703.12,4.6875,0.17736,0.53989,0.76711,-0.86275,-4,0.00020845,0.53989,1,0.76711,-0.86275,1,0.00011258,0.84235,0,0,0,0,0,0,0,0
0,0,0,0,0,0,0,0,1.2828,0.61727,-0.641,1,0.96917,0.00017699,-4.0627e-05,2,0,0,1.4358,999,999,999,1.5213,0.12962,0.55274,0.68859,0.1041,1.2938e-06,9999,0,-1,0,7.4219,0.13964,0,0,0,0,0,0,0,0,1,999,999,999,0,0,0,0,0,0,0,0,0,0,0,0,0,0,0,0,0,0.01301,1.2828,1,0.97919,0.73895,1,0.96917,0.59313,0,0,0,0,0,0,0,1
0,0,0,0,0,0,0,0,0.56708,0.9956,-0.79802,1,0.0023166,-0.00025892,0.00010511,1,1,0.49327,0.92927,0.55193,-0.82908,-0.25372,0.84148,0.28094,0.72149,0,0,0,0,0,0,0,0,0,0,0,0,0,0,0,0,0,0,0,0,0,0,0,0,0,0,0,0,0,0,0,0,0,0,0,0,0,0,0.0022576,0.55193,1,0.82908,0,0,0,0,0,0,0,0,0,0,0,0
0,0,0,0,1.6474,0.13946,-0.89143,1,0.94877,0.56507,0.25527,-1,0.003464,-0.00043742,-1.0422e-05,0,0,0,1.4952,999,999,999,2.5756,0.93331,0.39807,0,0,0,0,0,0,0,0,0,0,0,0,0,0,0,0,0,0,0,0,0,0,0,0,0,0,0,0,0,0,0,0,0,0,0,0,0,0,6.0885e-05,1.6474,1,0.98701,0,0,0,0,0,0,0,0,0,0,0,1
0,0,0,0,0,0,0,0,1.2468,0.55662,-0.91553,-1,-0.005652,-0.0013177,-0.00037883,2,1,0.49116,1.4,-0.73593,0.99738,-0.99485,1.2255,0.95875,0.21557,0.94122,0.11395,3.8884e-07,9999,0,1,693.36,6.9336,0.13965,0,0,0,0,0,0,0,0,1,0.73593,0.99738,-0.9344,0,0,0,0,0,10,0.06975,1.2093e-06,9999,1,0,19.727,0.091099,1.2468,0.99807,-0.49229,4,0.007449,1.2468,-1,0.99807,0.96038,-1,-0.005652,-0.8067,0,0,0,0,0,0,0,0
0,0,0,0,0,0,0,0,0.64064,1.6413,-0.29781,-1,-8.2902e-05,-4.7605e-05,3.1192e-05,0,0,0,1.0367,-0.5116,0.63842,-0.92744,0.73826,0.58138,0.51304,0.92791,0.13648,4.0233e-07,9999,1,1,751.95,6.7383,0.1491,0,0,0,0,0,0,0,0,1,0.64064,0.87909,-0.76946,0,0,0,0,0,10,0.1598,5.2755e-07,9999,1,654.3,4.541,0.21178,0.64064,0.87909,-0.88765,4,0.00060637,0.64064,-1,0.87909,0.82073,-1,-1.2599e-05,-0.74973,0,0,0,0,0,0,0,1
0,0,0,0,0,0,0,0,0.97827,0.48378,-0.60629,1,0.93574,0.0001484,-5.9737e-05,0,0,0,1.1711,999,999,999,0.91025,0.6582,0.57404,0,0,0,0,0,0,0,0,0,0,0,0,0,0,0,0,0,0,0,0,0,0,0,0,0,0,0,0,0,0,0,0,0,0,0,0,0,0,0.0040925,0.88438,1,0.80605,0,0,0,0,0,0,0,0,0,0,0,1
0,0,0,0,0,0,0,0,0.26365,0.17619,-0.08784,1,0.0016702,-0.00097705,0.00061563,2,0,0,1.0025,999,999,999,0.97041,0.83195,0.36024,0.61261,0.14617,6.5749e-07,9999,0,1,620.12,3.9062,0.25148,0,0,0,0,0,0,0,0,1,0.59414,0.91385,-0.25509,0,0,0,0,0,10,0.14617,6.5749e-07,9999,1,620.12,3.9062,0.25148,0.59414,0.91385,-0.25509,4,0.0036917,0.72739,1,0.93014,0.51799,-1,-1.5411e-05,-0.20214,0,0,0,0,0,0,0,0
0,0,0,0,0,0,0,0,0.41972,0.7278,0.50338,-1,0.00015655,-6.3359e-05,-3.9196e-05,2,0,0,0.89964,999,999,999,0.80434,0.633,0.54663,0.74655,0.21081,9.0278e-07,9999,1,-1,458.98,4.248,0.29788,0,0,0,0,0,0,0,0,1,0.64729,0.97994,-0.86404,0,0,0,0,0,10,0.21081,9.0278e-07,9999,-1,458.98,4.248,0.29788,0.64729,0.97994,-0.86404,-0,0.0029072,0.64729,1,0.97994,0.39597,-1,-6.3359e-05,-0.0014347,0,0,0,0,0,0,0,1
0.98879,0.64103,-0.67345,-1,0,0,0,0,0.61866,0.51799,0.49914,1,0.72379,0.31185,-0.065246,2,0,0,1.3871,0.61866,0.8557,-0.32613,1.074,1.3708,0.89419,0.93155,0.064971,1.2162e-06,9999,0,-1,0,10.742,0.1063,0,0,0,0,0,0,0,0,1,0.61866,0.8557,-0.7586,0,0,0,0,0,10,0.064971,1.2162e-06,9999,-1,0,10.742,0.1063,0.61866,0.8557,-0.7586,-2,0.010853,0.98879,-1,0.85359,-0.65861,1,0.31185,0.80868,0.98879,0.64103,-0.67345,-1,1,0.010853,0.85359,1
0.61347,2.2009,0.38823,-1,0.57693,0.9374,-0.80128,1,1.051,0.76179,-0.5445,1,0.99267,-0.0097728,0.00025536,0,0,0,1.1466,0.5235,0.99306,-0.67955,0.65394,0.80429,0.75185,0,0,0,0,0,0,0,0,0,0,0,0,0,0,0,0,0,0,0,0,0,0,0,0,0,0,0,0,0,0,0,0,0,0,0,0,0,0,0.00068919,1.051,1,0.75993,0,0,0,0,0.61347,2.2009,0.38823,-1,1,0.015654,0.64787,1
0.39423,1.3934,0.10859,-1,0,0,0,0,0.94789,1.3711,-0.48707,-1,-0.0013469,0.00027706,0.00013364,0,0,0,1.2021,999,999,999,0.94109,0.97967,0.68214,0,0,0,0,0,0,0,0,0,0,0,0,0,0,0,0,0,0,0,0,0,0,0,0,0,0,0,0,0,0,0,0,0,0,0,0,0,0,0.0092028,0.94789,-1,0.92824,0,0,0,0,0.39423,1.3934,0.10859,-1,1,0.072654,0.90153,0
0,0,0,0,0,0,0,0,0.49598,1.3563,-0.34584,1,0.00011019,6.5168e-05,-9.5952e-06,0,0,0,0.67279,999,999,999,0.67039,0.3578,0.39103,0,0,0,0,0,0,0,0,0,0,0,0,0,0,0,0,0,0,0,0,0,0,0,0,0,0,0,0,0,0,0,0,0,0,0,0,0,0,0.011664,0.55089,1,0.8802,0,0,0,0,0,0,0,0,0,0,0,1
0,0,0,0,0,0,0,0,0.75291,0.75971,-0.90609,-1,-0.40484,-0.00017621,-1.1556e-05,2,0,0,0.47491,-0.75291,-0.77843,-0.79127,1.415,0.13355,0.51429,0.68906,0.21716,1.233e-06,9999,1,1,541.99,3.9062,0.232,0,0,0,0,0,0,0,0,1,0.75291,0.77843,-0.3151,0,0,0,0,0,10,0.21716,1.233e-06,9999,1,541.99,3.9062,0.232,0.75291,0.77843,-0.3151,0,0.0088118,0.75291,-1,0.77843,0.17418,-1,-0.40484,-0.0033284,0,0,0,0,0,0,0,1
0,0,0,0,0,0,0,0,0.83688,0.33727,0.0088085,1,0.019672,0.00025546,0,1,0,0,0.63329,999,999,999,1.2718,0.27882,0,0.24989,0.16169,0.00025546,9999,0,1,541.99,0,0.27882,0,0,0,0,0,0,0,0,1,999,999,999,0,0,0,0,0,0,0,0,0,0,0,0,0,0,0,0,0,0.0011017,0.83688,1,0.97006,0,0,0,0,0,0,0,0,0,0,0,0
0,0,0,0,0.58904,0.7539,-0.39807,-1,0.9108,0.57527,0.6378,-1,-0.051173,-9.8245e-05,7.2386e-05,0,0,0,1.2126,-0.58904,0.99218,-0.86904,1.1959,0.72478,0.69489,0,0,0,0,0,0,0,0,0,0,0,0,0,0,0,0,0,0,0,0,0,0,0,0,0,0,0,0,0,0,0,0,0,0,0,0,0,0,0.0072944,0.9108,-1,0.91278,0,0,0,0,0,0,0,0,0,0,0,1
0,0,0,0,0,0,0,0,0.92117,0.91862,-0.49949,-1,-0.00045253,0.00026227,-9.9328e-05,0,0,0,1.2704,-0.56406,0.45753,-0.14879,0.98246,0.88455,0.86167,0,0,0,0,0,0,0,0,0,0,0,0,0,0,0,0,0,0,0,0,0,0,0,0,0,0,0,0,0,0,0,0,0,0,0,0,0,0,0.0065144,0.92117,-1,0.93343,0,0,0,0,0,0,0,0,0,0,0,1
0.71784,0,-0.3739,1,0,0,0,0,0.91509,0,-0.94837,-1,0.99961,0.11694,-0.059602,0,0,0,1.2054,0.71784,0.48832,-0.48913,0.41172,0.82068,0.94249,0.9365,0.17655,4.895e-07,9999,1,-1,512.7,4.8828,0.1963,0,0,0,0,0,0,0,0,1,0.71784,0.48832,-0.15807,0,0,0,0,0,10,0.17655,4.895e-07,9999,-1,512.7,4.8828,0.1963,0.71784,0.48832,-0.15807,-8,0.01131,0.91509,-1,0.83996,0.92489,1,0.99961,0.60501,0.71784,0,-0.3739,1,1,0.011786,0.48832,1
0,0,0,0,0,0,0,0,1.116,0.52949,-0.67739,-1,-0.30691,-0.0057278,0.00061794,1,1,0.49671,1.2325,-0.63735,-0.51691,-0.60477,1.4996,0.56499,0.4939,0,0,0,0,0,0,0,0,0,0,0,0,0,0,0,0,0,0,0,0,0,0,0,0,0,0,0,0,0,0,0,0,0,0,0,0,0,0,0.026586,0.63735,-1,0.51691,0,0,0,0,0,0,0,0,0,0,0,0
1.5548,0.099783,-0.93068,1,0,0,0,0,0,0,0,0,0.00028846,0,0,0,0,0,1.5154,999,999,999,1.911,0,0,0,0,0,0,0,0,0,0,0,0,0,0,0,0,0,0,0,0,0,0,0,0,0,0,0,0,0,0,0,0,0,0,0,0,0,0,0,0,0.00035599,1.5548,1,0.91909,0,0,0,0,0,0,0,0,0,0,0,1
0,0,0,0,0,0,0,0,0.24927,1.6362,-0.6502,1,0.99836,-0.9814,-1.8418e-05,1,0,0,0.6694,999,999,999,0.424,0.67853,0.45132,0.32959,0.13795,1.2101e-06,9999,0,-1,0,24.609,0.087882,0,0,0,0,0,0,0,0,1,999,999,999,0,0,0,0,0,0,0,0,0,0,0,0,0,0,0,0,0,0,0,0,0,-0.61353,1,0.99836,0.16104,0,0,0,0,0,0,0,1
0.73626,1.0702,0.539,-1,0,0,0,0,1.0377,0.59168,-0.30099,1,0.99997,-0.11612,-0.047936,0,0,0,1.0769,999,999,999,0.26496,1.5267,1.1122,0,0,0,0,0,0,0,0,0,0,0,0,0,0,0,0,0,0,0,0,0,0,0,0,0,0,0,0,0,0,0,0,0,0,0,0,0,0,0.0058614,1.0377,1,0.99635,0,0,0,0,0.73626,1.0702,0.539,-1,1,0.0085111,0.63777,1
2.1097,0.068552,-0.94851,1,0,0,0,0,1.208,0.16668,0.84273,-1,-0.00067374,0.00017482,-1.213e-06,1,0,0,1.5314,999,999,999,0.90252,3.3737,0.082756,0.83224,0.091119,1.213e-06,9999,0,-1,0,17.578,0.082756,0,0,0,0,0,0,0,0,1,2.1097,0.99731,-0.84195,0,0,0,0,0,10,0.091119,1.213e-06,9999,-1,0,17.578,0.082756,2.1097,0.99731,-0.84195,-2,0.0070924,2.1097,1,0.99731,-0.84195,1,0.00017482,0.71554,0,0,0,0,0,0,0,1
0,0,0,0,0,0,0,0,1.1321,0.31179,0.264,-1,0.96117,-0.063318,1.9593e-06,0,0,0,1.4156,999,999,999,1.3013,1.4047,0.21979,0.8204,0.22411,1.9593e-06,9999,1,1,0,3.6621,0.21979,0,0,0,0,0,0,0,0,1,1.1321,0.95497,-0.9509,0,0,0,0,0,10,0.22411,1.9593e-06,9999,1,0,3.6621,0.21979,1.1321,0.95497,-0.9509,11,0.0035317,1.1321,-1,0.95497,-0.9509,-1,-0.063318,-0.009881,0,0,0,0,0,0,0,1
0,0,0,0,0,0,0,0,0.84054,0.78005,0.29574,1,-0.20615,0.15971,-0.00029825,1,0,0,1.2864,999,999,999,1.4458,1.0371,0.79526,0.80445,0.20463,6.0401e-07,9999,0,-1,541.99,4.541,0.23708,0,0,0,0,0,0,0,0,1,999,999,999,0,0,0,0,0,10,0.18936,6.8639e-07,9999,1,551.76,3.7109,0.25842,0.89658,0.35073,-0.32106,6,0.013494,0.84054,1,0.8956,0.91725,1,0.15971,0.036751,0,0,0,0,0,0,0,1
0,0,0,0,1.1198,0.87789,-0.21854,1,0.53089,0.84766,-0.76454,-1,0.82318,0.020688,-0.00076428,1,0,0,1.4934,1.1198,-0.93295,-0.75654,0.96921,1.0775,0.86921,0.42704,0.16326,3.537e-06,9999,0,-1,0,4.5898,0.28413,0,0,0,0,0,0,0,0,1,1.1198,0.93295,-0.18831,0,0,0,0,0,10,0.16326,3.537e-06,9999,-1,0,4.5898,0.28413,1.1198,0.93295,-0.18831,-0,0.0087475,1.1198,1,0.93295,0.77752,1,0.82318,0.05414,0,0,0,0,0,0,0,1
0,0,0,0,0,0,0,0,0.32359,1.2418,-0.73976,1,0.00050416,-0.00038521,-1.7983e-05,1,0,0,0.74365,999,999,999,0.28483,0.68707,0.29243,0.9201,0.083489,1.2111e-06,9999,1,-1,0,12.695,0.099655,0,0,0,0,0,0,0,0,1,999,999,999,0,0,0,0,0,0,0,0,0,0,0,0,0,0,0,0,0,0.015279,0.57807,-1,0.94901,0.35673,1,0.00050416,0.7931,0,0,0,0,0,0,0,1
0,0,0,0,0,0,0,0,0.81075,2.0515,-0.89421,-1,-0.00057542,3.5869e-05,1.6013e-05,3,0,0,0.77768,999,999,999,0.55703,0.53295,0.4373,0.49474,0.23874,1.3955e-06,9999,0,-1,0,1.6846,0.16133,0,0,0,0,0,0,0,0,1,999,999,999,0,0,0,0,0,0,0,0,0,0,0,0,0,0,0,0,0,0.0023907,0.81075,-1,0.94259,-0.013999,1,3.5869e-05,0.00019144,0,0,0,0,0,0,0,1
0,0,0,0,0,0,0,0,0.87108,0.66629,-0.53715,1,0.063146,-6.0766e-06,-1.7966e-06,1,0,0,0.82816,999,999,999,1.3049,0.35398,0.26147,0.8029,0.070503,1.2282e-06,9999,1,-1,0,26.172,0.07052,0,0,0,0,0,0,0,0,1,0.87108,0.85582,-0.38438,0,0,0,0,0,10,0.070503,1.2282e-06,9999,-1,0,26.172,0.07052,0.87108,0.85582,-0.38438,-0,0.027552,0.87108,1,0.85582,-0.38438,1,0.063146,0.74144,0,0,0,0,0,0,0,1
0,0,0,0,0,0,0,0,1.2078,0,-0.20179,-1,-0.99998,-0.047273,-0.00024062,1,0,0,1.2568,-1.2078,0.93157,-0.81154,0.26381,1.6767,0.26894,0.81585,0.1473,3.25e-07,9999,0,1,3593.8,17.578,0.081249,0,0,0,0,0,0,0,0,1,1.2078,0.93157,-0.82968,0,0,0,0,0,10,0.1473,3.25e-07,9999,1,3593.8,17.578,0.081249,1.2078,0.93157,-0.82968,6,0.0056199,1.2078,-1,0.93157,0.88342,-1,-0.99998,-0.45635,0,0,0,0,0,0,0,0
0,0,0,0,0,0,0,0,1.1274,1.833,-0.50641,1,0.99826,0.032407,-4.7708e-05,0,0,0,1.074,999,999,999,0.39446,1.7065,0.58192,0.43331,0.086753,1.3615e-06,9999,1,1,0,7.3242,0.15507,1,0,0.81082,-2.4235,4.736,0.011201,0.28126,0.90395,1,0.5989,0.85073,-0.1867,0,0,0,0,0,10,0.086753,1.3615e-06,9999,1,0,7.3242,0.15507,0.5989,0.85073,-0.1867,0,0.017637,1.1274,1,0.73938,-0.80645,1,0.99826,0.086815,0,0,0,0,0,0,0,1
0,0,0,0,0,0,0,0,0.65899,1.2877,-0.45557,-1,-4.4057e-05,-2.8714e-05,1.408e-05,1,0,0,0.90132,999,999,999,0.56626,0.5021,0.42502,0.9282,0.10447,3.5352e-07,9999,0,1,3359.4,16.211,0.1107,0,0,0,0,0,0,0,0,1,999,999,999,0,0,0,0,0,0,0,0,0,0,0,0,0,0,0,0,0,0.008287,0.65899,-1,0.98256,0.97847,-1,-4.4057e-05,-0.79242,0,0,0,0,0,0,0,1
0,0,0,0,0,0,0,0,1.1664,0.88344,0.87175,1,-0.9865,0.055416,0.013501,0,0,0,1.4842,-0.70293,-0.78308,-0.849,0.76153,0.93857,1.4551,0.69966,0.15272,1.2093e-06,9999,1,-1,0,16.211,0.093225,0,0,0,0,0,0,0,0,1,1.1664,0.83146,-0.20996,0,0,0,0,0,10,0.15272,1.2093e-06,9999,-1,0,16.211,0.093225,1.1664,0.83146,-0.20996,-4,0.0069125,1.1664,1,0.83146,-0.20996,1,0.013501,0.23059,0,0,0,0,0,0,0,0
0.25487,1.5441,-0.56666,1,0,0,0,0,0.92607,0.113,0.85636,1,0.9992,0.96854,-0.18218,2,0,0,0.9074,0.92607,0.99809,-0.94081,0.45354,1.419,0.86775,0.9149,0.088555,1.2241e-06,9999,1,-1,0,4.3457,0.073004,1,0,-0.023555,0.61608,-1.5608,0.1664,0.48793,0.12479,1,0.92607,0.99809,-0.93312,0,0,0,0,0,10,0.088555,1.2241e-06,9999,-1,0,4.3457,0.073004,0.92607,0.99809,-0.93312,-21,0.019554,0.92607,1,0.99809,0.86554,1,0.9992,0.78503,0.25487,1.5441,-0.56666,1,1,0.039849,0.78083,1
0,0,0,0,0,0,0,0,0.91957,0.95002,-0.83779,-1,-0.66816,-0.0024142,0.00024574,1,0,0,0.7209,999,999,999,1.5056,0.67108,0.27251,0.44212,0.12607,3.5055e-07,9999,1,1,1347.7,10.059,0.10792,0,0,0,0,0,0,0,0,1,999,999,999,0,0,0,0,0,0,0,0,0,0,0,0,0,0,0,0,0,0,0,0,0,0.11311,-1,-0.66816,-0.27468,0,0,0,0,0,0,0,1
0,0,0,0,0,0,0,0,0.87146,0.49707,-0.98545,1,0.99493,-2.3518e-05,-1.2121e-06,1,0,0,0.70193,999,999,999,0.57771,0.47693,0.084,0.70088,0.082536,1.2121e-06,9999,0,-1,0,20.312,0.084,0,0,0,0,0,0,0,0,1,999,999,999,0,0,0,0,0,0,0,0,0,0,0,0,0,0,0,0,0,0.0069144,0.87146,1,0.93632,0.8925,1,0.99493,0.6987,0,0,0,0,0,0,0,1
0.91017,0.55008,0.47617,1,0,0,0,0,1.5432,0.95943,-0.94498,-1,-0.18356,0.12774,0,0,0,0,1.6834,999,999,999,2.1248,1.0791,0,0,0,0,0,0,0,0,0,0,0,0,0,0,0,0,0,0,0,0,0,0,0,0,0,0,0,0,0,0,0,0,0,0,0,0,0,0,0,0.011536,1.5432,-1,0.95675,0,0,0,0,0.91017,0.55008,0.47617,1,1,0.055211,0.83791,0
1.5381,0,-0.86118,-1,0,0,0,0,0.58382,0.41763,-0.47308,1,-0.0019992,3.2554e-05,0,0,0,0,1.6415,999,999,999,1.7419,0.53025,0,0,0,0,0,0,0,0,0,0,0,0,0,0,0,0,0,0,0,0,0,0,0,0,0,0,0,0,0,0,0,0,0,0,0,0,0,0,0,0.00091472,1.5381,-1,0.90873,0,0,0,0,0,0,0,0,0,0,0,0
0.39148,0.51202,0.31137,1,0,0,0,0,1.1796,0.76597,-0.50062,-1,0.99962,0.53002,-0.052108,2,0,0,1.3468,0.82107,0.76538,-0.52459,0.41213,0.71287,1.0178,0,0,0,0,0,0,0,0,0,0,0,0,0,0,0,0,0,0,0,0,0,0,0,0,0,0,0,0,0,0,0,0,0,0,0,0,0,0,0.0069482,1.1796,-1,0.92808,0,0,0,0,0.39148,0.51202,0.31137,1,1,0.11327,0.93146,1
0,0,0,0,0,0,0,0,2.0935,0.18778,0.6821,-1,-0.73919,-0.10852,0.00053537,1,0,0,2.052,-2.0935,-0.99261,-0.95785,2.1497,1.7204,1.0392,0,0,0,0,0,0,0,0,0,0,0,0,0,0,0,0,0,0,0,0,0,0,0,0,0,0,0,0,0,0,0,0,0,0,0,0,0,0,0.0025209,2.0935,-1,0.99261,0,0,0,0,0,0,0,0,0,0,0,0
0,0,0,0,0,0,0,0,0.48808,0.09531,0.49215,1,0.9879,0.014993,-3.0543e-05,0,0,0,0.87654,0.52219,0.8369,-0.3109,0.63952,0.84492,0.51021,0,0,0,0,0,0,0,0,0,0,0,0,0,0,0,0,0,0,0,0,0,0,0,0,0,0,0,0,0,0,0,0,0,0,0,0,0,0,0.0058074,0.52219,1,0.8369,0,0,0,0,0,0,0,0,0,0,0,1
0,0,0,0,0,0,0,0,0.87831,0.64728,-0.14368,1,0.0043625,-0.00065772,-3.7563e-05,1,0,0,1.0081,999,999,999,1.176,0.89536,0.53694,0.93609,0.1687,5.8847e-07,9999,0,-1,590.82,4.0039,0.23245,0,0,0,0,0,0,0,0,1,0.87831,0.6947,-0.61952,0,0,0,0,0,10,0.14867,3.2993e-07,9999,1,410.16,4.5898,0.086837,0.6125,0.96797,-0.91425,21,0.012137,0.87831,1,0.6947,0.72816,1,1.1622e-06,0.65494,0,0,0,0,0,0,0,1
0,0,0,0,0,0,0,0,0.80809,1.5753,-0.54248,-1,-0.82572,-0.00099742,0.00015255,0,0,0,1.4072,-0.80809,-0.89731,-0.30383,0.80337,0.58481,0.71535,0.89582,0.18115,8.176e-07,9999,1,1,517.58,3.5645,0.28444,0,0,0,0,0,0,0,0,1,0.80809,0.89731,-0.95423,0,0,0,0,0,10,0.18115,8.176e-07,9999,1,517.58,3.5645,0.28444,0.80809,0.89731,-0.95423,5,0.0044669,0.88065,1,0.98178,0.34352,-1,-0.82572,-0.38626,0,0,0,0,0,0,0,0
0,0,0,0,0,0,0,0,0.84879,0.71733,-0.84721,1,0.0070226,0.0019815,8.3062e-05,0,0,0,1.3408,0.63025,-0.79556,-0.91991,1.1765,0.83007,0.70231,0,0,0,0,0,0,0,0,0,0,0,0,0,0,0,0,0,0,0,0,0,0,0,0,0,0,0,0,0,0,0,0,0,0,0,0,0,0,0.0051001,0.84879,1,0.74286,0,0,0,0,0,0,0,0,0,0,0,0
0.40569,2.1528,-0.8381,1,0,0,0,0,1.069,1.5726,0.65194,-1,-0.061846,0.00062119,0.00031452,1,0,0,1.2527,999,999,999,1.055,0.78293,0.5872,0,0,0,0,0,0,0,0,0,0,0,0,0,0,0,0,0,0,0,0,0,0,0,0,0,0,0,0,0,0,0,0,0,0,0,0,0,0,0.004897,1.069,-1,0.78618,0,0,0,0,0.40569,2.1528,-0.8381,1,1,0.081574,0.69022,0
0,0,0,0,0,0,0,0,0.46123,0.56195,-0.76536,1,0.96113,7.0929e-05,6.9376e-05,1,0,0,0.69512,999,999,999,0.83653,0.66322,0.66013,0.89122,0.12174,1.4867e-06,9999,1,1,0,6.7383,0.1753,0,0,0,0,0,0,0,0,1,999,999,999,0,0,0,0,0,0,0,0,0,0,0,0,0,0,0,0,0,0,0,0,0,0.55515,1,0.96113,0.26039,0,0,0,0,0,0,0,0
0,0,0,0,0,0,0,0,0.48961,0.68267,0.75731,-1,-0.99572,-4.4295e-06,4.2896e-07,0,0,0,0.56412,999,999,999,0.55824,0.32961,0.16576,0.62964,0.19137,4.2896e-07,9999,1,1,561.52,6.4453,0.16576,0,0,0,0,0,0,0,0,1,999,999,999,0,0,0,0,0,0,0,0,0,0,0,0,0,0,0,0,0,0,0,0,0,-0.15368,-1,-0.99572,-0.017372,0,0,0,0,0,0,0,0
0,0,0,0,0,0,0,0,0.87222,1.034,-0.8976,1,0.012094,0.0025896,-1.315e-05,0,0,0,1.1663,999,999,999,1.2445,0.91331,0.4187,0.81236,0.17753,9.2846e-07,9999,1,1,473.63,3.2715,0.30154,0,0,0,0,0,0,0,0,1,999,999,999,0,0,0,0,0,0,0,0,0,0,0,0,0,0,0,0,0,0.015456,0.87222,1,0.918,0.34426,-1,-1.315e-05,-0.00038803,0,0,0,0,0,0,0,1
0,0,0,0,0,0,0,0,1.6925,0.98518,-0.83385,-1,-0.97025,-0.039862,-0.01467,3,1,0.49884,2.014,-1.6925,0.94186,-0.9185,0.84262,1.8735,0.81981,0.14832,0.10656,1.3031e-06,9999,0,-1,0,2.8809,0.044432,0,0,0,0,0,0,0,0,1,999,999,999,0,0,0,0,0,10,0.16241,3.306e-06,9999,1,0,6.3477,0.2778,0.83351,0.99418,-0.59909,0,0.0098858,1.6925,-1,0.94186,-0.59909,-1,-0.97025,-0.11265,0,0,0,0,0,0,0,0
0,0,0,0,0,0,0,0,0.68839,0.12762,-0.70166,-1,-0.14669,0.00020167,0,0,0,0,0.63578,999,999,999,1.0758,0.64915,0,0,0,0,0,0,0,0,0,0,0,0,0,0,0,0,0,0,0,0,0,0,0,0,0,0,0,0,0,0,0,0,0,0,0,0,0,0,0,0.0081141,0.68839,-1,0.61623,0,0,0,0,0,0,0,0,0,0,0,0
0,0,0,0,0,0,0,0,1.4591,1.2048,0.23992,1,0.8565,0.46438,-0.00017415,2,1,0.5044,1.3582,0.84856,0.98074,-0.86779,1.231,1.4017,0.15361,0.95165,0.18951,1.2193e-06,9999,0,-1,0,12.891,0.10902,0,1,0,0,0,0,0,0,1,0.84856,0.98074,-0.95934,0,0,0,0,0,10,0.18951,1.2193e-06,9999,-1,0,12.891,0.10902,0.84856,0.98074,-0.95934,-2,0.019003,1.4591,1,0.94776,-0.95934,1,0.46438,0.57526,0,0,0,0,0,0,0,1
0,0,0,0,0,0,0,0,0.70353,0.03744,-0.79912,-1,-0.0010048,9.2589e-06,-3.795e-06,2,0,0,0.49433,999,999,999,0.42675,0.38802,0.3179,0,0,0,0,0,0,0,0,0,0,0,0,0,0,0,0,0,0,0,0,0,0,0,0,0,0,0,0,0,0,0,0,0,0,0,0,0,0,0.012168,0.51681,1,0.89828,0,0,0,0,0,0,0,0,0,0,0,0
0,0,0,0,0,0,0,0,0.42484,0.18743,0.26383,1,-0.037379,3.0648e-06,-1.5318e-06,0,0,0,0.87234,999,999,999,0.94865,0.42068,0.24914,0.63502,0.21846,1.5318e-06,9999,1,-1,610.35,3.7598,0.24914,0,0,0,0,0,0,0,0,1,999,999,999,0,0,0,0,0,0,0,0,0,0,0,0,0,0,0,0,0,0.0059771,0.74245,-1,0.44352,-0.58904,1,3.0648e-06,0.0019056,0,0,0,0,0,0,0,1
0,0,0,0,0,0,0,0,0.95507,0.20665,0.05626,1,0.96442,0.93326,-0.044529,1,1,0.49479,1.2485,0.97707,-0.84982,-0.42388,1.5127,0.96078,1.0368,0,0,0,0,0,0,0,0,0,0,0,0,0,0,0,0,0,0,0,0,0,0,0,0,0,0,0,0,0,0,0,0,0,0,0,0,0,0,0.013546,0.97707,1,0.84982,0,0,0,0,0,0,0,0,0,0,0,1
0,0,0,0,1.5676,0,-0.97536,1,0.83313,0,-0.94779,-1,-0.069942,0.00011035,0,0,1,0.49936,1.741,999,999,999,1.1633,1.7691,0,0,0,0,0,0,0,0,0,0,0,0,0,0,0,0,0,0,0,0,0,0,0,0,0,0,0,0,0,0,0,0,0,0,0,0,0,0,0,0.020702,1.5676,1,0.97536,0,0,0,0,0,0,0,0,0,0,0,1
0,0,0,0,0,0,0,0,0.70705,0.17447,-0.44773,1,-0.95594,-0.00033615,0.00012023,1,0,0,0.8926,999,999,999,0.83119,0.73028,0.77169,0,0,0,0,0,0,0,0,0,0,0,0,0,0,0,0,0,0,0,0,0,0,0,0,0,0,0,0,0,0,0,0,0,0,0,0,0,0,0.0035176,0.70705,1,0.84557,0,0,0,0,0,0,0,0,0,0,0,1
0,0,0,0,0,0,0,0,0.77805,1.7789,-0.87415,1,0.99822,0.046231,-0.00082318,0,0,0,1.1113,999,999,999,0.50842,1.1046,0.63909,0.74874,0.22011,4.5502e-06,9999,0,-1,478.52,3.5645,0.33165,0,0,0,0,0,0,0,0,1,0.77805,0.81534,-0.31207,0,0,0,0,0,10,0.22011,4.5502e-06,9999,-1,478.52,3.5645,0.33165,0.77805,0.81534,-0.31207,-6,0.0035205,0.77805,1,0.81534,-0.86866,1,0.99822,0.0049076,0,0,0,0,0,0,0,1
0,0,0,0,0,0,0,0,0.49657,1.2982,-0.72933,-1,0.99993,0.00028366,0.00022636,2,1,0.50329,0.6092,999,999,999,0.30556,0.78584,0.25787,0.75036,0.15429,0.00022636,9999,0,1,620.12,0,0.25787,0,0,0,0,0,0,0,0,1,999,999,999,0,0,0,0,0,0,0,0,0,0,0,0,0,0,0,0,0,0,0,0,0,0.16034,1,0.99993,0.002072,0,0,0,0,0,0,0,1
0,0,0,0,0,0,0,0,0.71843,0.89592,0.205,-1,-0.97933,-0.96445,0.056656,0,0,0,1.4471,-0.85534,-0.90527,-0.79404,0.79319,0.71837,1.1504,0.69749,0.18015,5.055e-07,9999,1,1,644.53,5.3711,0.2031,0,0,0,0,0,0,0,0,1,0.72685,0.80812,-0.77374,0,0,0,0,0,10,0.18015,5.055e-07,9999,1,644.53,5.3711,0.2031,0.72685,0.80812,-0.77374,6,0.00059536,0.85534,-1,0.90527,-0.34813,-1,-0.96445,-0.061224,0,0,0,0,0,0,0,0
0,0,0,0,0,0,0,0,0.35374,0.25858,-0.22356,-1,0.00010758,5.1145e-05,-1.2539e-05,0,0,0,0.84225,999,999,999,0.78799,0.59623,0.41437,0.89103,0.23261,3.6146e-06,9999,1,1,449.22,4.4922,0.31423,0,0,0,0,0,0,0,0,1,999,999,999,0,0,0,0,0,0,0,0,0,0,0,0,0,0,0,0,0,0.012264,0.58978,1,0.68663,0.85174,-1,-1.2539e-05,-0.020286,0,0,0,0,0,0,0,0
0,0,0,0,0,0,0,0,1.0334,1.9159,-0.85813,-1,-0.089457,0.00013084,-8.336e-05,0,0,0,1.1124,-0.73219,-0.73847,-0.84704,1.608,0.33268,0.7205,0,0,0,0,0,0,0,0,0,0,0,0,0,0,0,0,0,0,0,0,0,0,0,0,0,0,0,0,0,0,0,0,0,0,0,0,0,0,0.00056146,1.0334,-1,0.93883,0,0,0,0,0,0,0,0,0,0,0,0
0,0,0,0,0,0,0,0,0.37716,0.88377,0.021212,1,2.46e-05,-5.0532e-06,-4.6307e-07,2,0,0,0.45962,999,999,999,0.56224,0.33968,0.18402,0.94548,0.20097,4.6307e-07,9999,0,-1,595.7,6.6406,0.18402,0,0,0,0,0,0,0,0,1,999,999,999,0,0,0,0,0,0,0,0,0,0,0,0,0,0,0,0,0,0,0,0,0,0.051492,1,2.46e-05,0.41441,0,0,0,0,0,0,0,0
0,0,0,0,0,0,0,0,1.0292,2.1459,-0.46811,1,-0.11359,0.056686,-3.7651e-06,0,0,0,1.0472,999,999,999,0.95255,1.4491,0.43694,0.5501,0.19683,4.1484e-07,9999,1,1,703.12,6.9336,0.15723,0,0,0,0,0,0,0,0,1,999,999,999,0,0,0,0,0,0,0,0,0,0,0,0,0,0,0,0,0,0.0011346,1.0292,1,0.96148,0.076669,-1,-0.11359,-0.0073612,0,0,0,0,0,0,0,1
0,0,0,0,0,0,0,0,1.9135,0.24445,-0.24049,-1,-0.9584,0.0016383,0.00015888,0,0,0,2.2081,-0.57359,0.88566,-0.84322,2.0505,0.98915,0.85651,0.8972,0.20069,7.4336e-07,9999,1,1,590.82,2.9785,0.27068,0,0,0,0,0,0,0,0,1,0.57359,0.88566,-0.66547,0,0,0,0,0,10,0.20069,7.4336e-07,9999,1,590.82,2.9785,0.27068,0.57359,0.88566,-0.66547,4,0.011971,1.9135,-1,0.9924,0.87883,-1,-0.9584,-0.19537,0,0,0,0,0,0,0,1
0,0,0,0,0,0,0,0,1.659,0.58747,-0.8471,-1,-0.051504,-0.00078241,-0.0002489,2,0,0,1.4109,-0.64024,0.87327,-0.88697,1.24,0.87069,0.85648,1,0.20922,1.3325e-06,9999,0,1,473.63,4.248,0.34395,0,0,0,0,0,0,0,0,1,1.659,0.99859,-0.99861,0,0,0,0,0,10,0.20922,1.3325e-06,9999,1,473.63,4.248,0.34395,1.659,0.99859,-0.99861,2,0.011874,1.659,-1,0.99859,0.86314,-1,-0.00078241,-0.69758,0,0,0,0,0,0,0,0
0.53474,0.54878,-0.40697,1,0,0,0,0,0.43523,0.1606,0.60695,1,0.00062493,0.0004868,-3.6765e-05,0,0,0,0.89128,999,999,999,0.6863,0.60697,0.53674,0,0,0,0,0,0,0,0,0,0,0,0,0,0,0,0,0,0,0,0,0,0,0,0,0,0,0,0,0,0,0,0,0,0,0,0,0,0,0.030275,0.53474,1,0.6168,0,0,0,0,0.53474,0.54878,-0.40697,1,1,0.030275,0.6168,0
0,0,0,0,0,0,0,0,0.43578,1.1079,0.095048,-1,0.99957,-1.279e-05,0,0,0,0,0.55542,999,999,999,0.3832,0.41617,0,0,0,0,0,0,0,0,0,0,0,0,0,0,0,0,0,0,0,0,0,0,0,0,0,0,0,0,0,0,0,0,0,0,0,0,0,0,0,0,0,0,0,0,0,0,0,0,0,0,0,0,0,0,1
0.93495,1.05,-0.90019,-1,0,0,0,0,0.92821,0.22084,0.029237,1,0.11316,-0.083725,-0.055814,0,0,0,1.2204,999,999,999,1.4547,1.1267,1.1089,0.065819,0.14784,5.2937e-07,9999,1,1,581.05,5.2246,0.21246,0,0,0,0,0,0,0,0,1,0.93495,0.96191,-0.1077,0,0,0,0,0,10,0.14784,5.2937e-07,9999,1,581.05,5.2246,0.21246,0.93495,0.96191,-0.1077,0,0.0048941,0.93495,-1,0.96191,0.49013,-1,-0.083725,-0.044902,0.93495,1.05,-0.90019,-1,1,0.0048941,0.96191,0
0,0,0,0,0,0,0,0,2.029,0.088283,-0.47688,1,7.7126e-05,-4.6307e-05,1.2343e-06,2,0,0,1.8587,999,999,999,2.8893,0.57612,0.11846,0,0,0,0,0,0,0,0,0,0,0,0,0,0,0,0,0,0,0,0,0,0,0,0,0,0,0,0,0,0,0,0,0,0,0,0,0,0,0.0049526,2.029,1,0.9834,0,0,0,0,0,0,0,0,0,0,0,1
1.5865,0.14468,-0.98855,1,0,0,0,0,0.4284,0.08754,0.34097,-1,-0.00064469,5.3891e-05,-2.2487e-05,1,0,0,1.3481,999,999,999,0.40145,2.3116,0.47275,0,0,0,0,0,0,0,0,0,0,0,0,0,0,0,0,0,0,0,0,0,0,0,0,0,0,0,0,0,0,0,0,0,0,0,0,0,0,0.0036788,1.5865,1,0.9679,0,0,0,0,0,0,0,0,0,0,0,1
0.76481,0.74415,0.53388,1,0,0,0,0,0.39708,1.2378,-0.49477,-1,-0.82103,0.81464,-0.017342,2,0,0,1.1411,999,999,999,0.73746,0.85529,0.87028,0.75502,0.21297,3.7652e-07,9999,1,-1,908.2,8.2031,0.13031,1,0,1.3506,2.7979,1.7222,0.06031,0.049099,0.04198,1,0.82731,0.33171,-0.1229,0,0,0,0,0,10,0.21297,3.7652e-07,9999,-1,908.2,8.2031,0.13031,0.82731,0.33171,-0.1229,-4,0.0048069,0.76481,1,0.9702,0.96595,1,1.2925e-06,0.0098294,0.76481,0.74415,0.53388,1,1,0.0048069,0.9702,1
0,0,0,0,0,0,0,0,1.3465,0.75947,0.31616,1,0.02676,-5.3763e-07,0,1,0,0,1.1143,999,999,999,1.1127,0.21551,0,0.040705,0.1411,5.3763e-07,9999,0,-1,444.34,4.4922,0.21551,0,0,0,0,0,0,0,0,1,1.3465,0.98352,-0.13517,0,0,0,0,0,10,0.1411,5.3763e-07,9999,-1,444.34,4.4922,0.21551,1.3465,0.98352,-0.13517,-0,0.021008,1.3465,1,0.98352,-0.13517,1,0.02676,0.064799,0,0,0,0,0,0,0,0
0,0,0,0,0,0,0,0,0.71263,1.2916,-0.96779,-1,-0.64481,0.00064644,-0.00063215,2,0,0,1.0318,999,999,999,0.86969,0.44497,0.37895,0,0,0,0,0,0,0,0,0,0,0,0,0,0,0,0,0,0,0,0,0,0,0,0,0,0,0,0,0,0,0,0,0,0,0,0,0,0,0.0088345,0.71263,-1,0.55114,0,0,0,0,0,0,0,0,0,0,0,0
0,0,0,0,0,0,0,0,1.2671,0,-0.26113,1,0.021708,-8.1439e-05,0,0,0,0,1.3589,999,999,999,1.7114,0.75027,0,0,0,0,0,0,0,0,0,0,0,0,0,0,0,0,0,0,0,0,0,0,0,0,0,0,0,0,0,0,0,0,0,0,0,0,0,0,0,0.00068262,1.2671,1,0.6303,0,0,0,0,0,0,0,0,0,0,0,1
0.51517,0,-0.97516,-1,0,0,0,0,0.077159,0.15997,-0.017976,-1,-0.22897,-1.2235e-06,4.0872e-07,2,0,0,0.51037,999,999,999,0.49854,0.073421,0.15332,0.93265,0.10151,4.0872e-07,9999,1,1,761.72,5.127,0.15332,0,0,0,0,0,0,0,0,1,999,999,999,0,0,0,0,0,10,0.078175,3.4656e-07,9999,1,87.891,3.5645,0.1041,0.51517,0.96781,-0.51154,11,0.0064709,0.51517,-1,0.96781,0.87691,-1,-0.22897,-0.80076,0.51517,0,-0.97516,-1,1,0.0064709,0.96781,0
0,0,0,0,0,0,0,0,1.9892,0.18391,0.52953,1,0.8435,0.039034,-0.00014221,0,0,0,1.7635,1.9892,-0.99856,-0.37194,0.98923,1.5694,0.64103,0.9894,0.2085,1.2843e-06,9999,1,-1,429.69,4.5898,0.33996,0,0,0,0,0,0,0,0,1,1.9892,0.99856,-0.98876,0,0,0,0,0,10,0.2085,1.2843e-06,9999,-1,429.69,4.5898,0.33996,1.9892,0.99856,-0.98876,-2,0.0038026,1.9892,1,0.99856,0.46681,1,0.8435,0.62975,0,0,0,0,0,0,0,1
0,0,0,0,0.71533,0.17179,0.13475,-1,0.67062,0.10282,-0.6845,1,-0.00043269,0.00014564,4.3731e-07,1,0,0,0.89088,999,999,999,1.0238,0.67397,0.17052,0,0,0,0,0,0,0,0,0,0,0,0,0,0,0,0,0,0,0,0,0,0,0,0,0,0,0,0,0,0,0,0,0,0,0,0,0,0,0.0063677,0.71533,-1,0.84449,0,0,0,0,0,0,0,0,0,0,0,0
0,0,0,0,0,0,0,0,0.47372,0.24535,0.15091,-1,-0.99993,0.0089063,8.3744e-05,2,0,0,0.76633,999,999,999,0.29302,0.67565,0.75519,0,0,0,0,0,0,0,0,0,0,0,0,0,0,0,0,0,0,0,0,0,0,0,0,0,0,0,0,0,0,0,0,0,0,0,0,0,0,0.0057796,0.61598,1,0.69241,0,0,0,0,0,0,0,0,0,0,0,1
0,0,0,0,0,0,0,0,0.45771,0.40345,0.089118,1,0.00010833,-1.174e-05,6.1987e-06,0,0,0,0.64463,999,999,999,0.39903,0.40848,0.35554,0.42566,0.1977,4.4542e-06,9999,1,-1,0,4.3457,0.30454,0,0,0,0,0,0,0,0,1,999,999,999,0,0,0,0,0,0,0,0,0,0,0,0,0,0,0,0,0,0,0,0,0,-0.17238,1,0.00010833,0.0042417,0,0,0,0,0,0,0,0
0,0,0,0,0,0,0,0,1.384,0.62903,-0.58769,-1,-0.020198,-9.5241e-06,3.5459e-06,1,0,0,1.4294,999,999,999,1.5108,0.3904,0.31279,0.1956,0.082237,3.7658e-07,9999,0,1,1162.1,10.742,0.13036,0,0,0,0,0,0,0,0,1,1.384,0.91028,-0.56268,0,0,0,0,0,10,0.082237,3.7658e-07,9999,1,1162.1,10.742,0.13036,1.384,0.91028,-0.56268,2,0.0029721,1.384,-1,0.91028,0.58702,-1,-9.5241e-06,-0.52731,0,0,0,0,0,0,0,0
0.41051,0.098372,-0.56955,1,0,0,0,0,0.77008,0.063835,-0.85097,-1,-0.99999,0.00034493,-3.6777e-05,0,0,0,0.67892,999,999,999,0.22832,0.575,0.53677,0.40721,0.18512,1.2098e-06,9999,1,1,0,15.234,0.096563,0,0,0,0,0,0,0,0,1,999,999,999,0,0,0,0,0,0,0,0,0,0,0,0,0,0,0,0,0,0.074404,0.77008,-1,0.90222,0.752,-1,-0.99999,-0.010978,0.41051,0.098372,-0.56955,1,1,0.0055872,0.49685,0
0,0,0,0,0,0,0,0,0.4022,0.12228,0.55643,-1,-0.98388,0.24447,-4.52e-05,2,0,0,0.64725,999,999,999,0.71389,0.9722,0.57134,0,0,0,0,0,0,0,0,0,0,0,0,0,0,0,0,0,0,0,0,0,0,0,0,0,0,0,0,0,0,0,0,0,0,0,0,0,0,0.014673,0.5421,-1,0.84397,0,0,0,0,0,0,0,0,0,0,0,1
0,0,0,0,0,0,0,0,0.96318,1.5872,-0.80909,1,-0.32402,0.0070081,2.6084e-05,1,0,0,1.1335,999,999,999,0.99381,0.95434,0.4901,0.40921,0.05779,1.2226e-06,9999,1,1,0,10.547,0.11152,0,0,0,0,0,0,0,0,1,0.63033,0.65257,-0.20939,0,0,0,0,0,10,0.05779,1.2226e-06,9999,1,0,10.547,0.11152,0.63033,0.65257,-0.20939,0,0.0010628,0.96318,1,0.52282,-0.20939,-1,-0.32402,-0.69706,0,0,0,0,0,0,0,0
0,0,0,0,0,0,0,0,1.4668,0.19423,0.32148,1,-0.13924,0.02867,-6.4697e-05,1,0,0,1.57,999,999,999,1.3065,1.4436,0.65227,0,0,0,0,0,0,0,0,0,0,0,0,0,0,0,0,0,0,0,0,0,0,0,0,0,0,0,0,0,0,0,0,0,0,0,0,0,0,0.0047432,1.4668,1,0.98046,0,0,0,0,0,0,0,0,0,0,0,0
0,0,0,0,0,0,0,0,0.88938,1.5086,-0.87658,-1,-0.012642,4.0612e-06,1.2286e-06,2,0,0,0.77008,999,999,999,1.3097,0.32302,0.070254,0.93466,0.092128,1.2286e-06,9999,0,1,0,32.031,0.070254,1,0,1.3766,1.5072,-1.9522,0.52286,0.15997,0.12763,1,0.88938,0.99294,-0.89693,0,0,0,0,0,10,0.092128,1.2286e-06,9999,1,0,32.031,0.070254,0.88938,0.99294,-0.89693,4,0.014623,0.88938,-1,0.99294,0.86639,1,1.2286e-06,0.65095,0,0,0,0,0,0,0,1
0,0,0,0,0,0,0,0,0.89247,0.84128,-0.95651,-1,-0.054572,-0.028894,-0.00069977,1,0,0,0.92683,999,999,999,0.76059,0.59818,0.39358,0.37279,0.096967,4.4868e-07,9999,0,-1,634.77,5.6152,0.17668,0,0,0,0,0,0,0,0,1,0.70993,0.76911,-0.20256,0,0,0,0,0,10,0.096967,4.4868e-07,9999,-1,634.77,5.6152,0.17668,0.70993,0.76911,-0.20256,-4,0.047062,0.89247,-1,0.96143,-0.0049318,1,9.5269e-05,0.46519,0,0,0,0,0,0,0,0
0,0,0,0,0,0,0,0,0.25814,2.0236,-0.90249,-1,0.97621,-0.017891,-5.3729e-05,0,0,0,0.88863,999,999,999,0.81458,0.63177,0.59142,0.5457,0.16268,4.4317e-07,9999,1,-1,664.06,4.3945,0.17374,0,0,0,0,0,0,0,0,1,999,999,999,0,0,0,0,0,10,0.2157,2.6575e-06,9999,1,517.58,3.7598,0.29112,0.5634,0.4225,-0.75894,0,0.049187,0.55561,1,0.65329,0.15357,1,0.97621,0.076212,0,0,0,0,0,0,0,1
0,0,0,0,0,0,0,0,0.32498,0.14584,-0.28077,-1,0.99725,-0.92214,-2.0579e-05,1,0,0,0.54907,999,999,999,0.54212,0.64853,0.46016,0,0,0,0,0,0,0,0,0,0,0,0,0,0,0,0,0,0,0,0,0,0,0,0,0,0,0,0,0,0,0,0,0,0,0,0,0,0,0,0,0,0,0,0,0,0,0,0,0,0,0,0,0,1
0,0,0,0,0,0,0,0,1.2988,0.68836,-0.077018,-1,-0.0072748,6.1417e-05,-1.4456e-05,0,0,0,0.95371,999,999,999,2.0681,0.63677,0.42749,0,0,0,0,0,0,0,0,0,0,0,0,0,0,0,0,0,0,0,0,0,0,0,0,0,0,0,0,0,0,0,0,0,0,0,0,0,0,0.044054,1.2988,-1,0.99603,0,0,0,0,0,0,0,0,0,0,0,0
1.7795,0,0.0087559,1,0.95888,0.33751,0.64279,1,1.4304,1.1786,-0.77956,-1,-0.9277,0.0033494,-0.00043832,2,1,0.49871,2.1694,999,999,999,1.048,1.4165,0.85644,0,0,0,0,0,0,0,0,0,0,0,0,0,0,0,0,0,0,0,0,0,0,0,0,0,0,0,0,0,0,0,0,0,0,0,0,0,0,0.0039829,1.7795,1,0.99401,0,0,0,0,0,0,0,0,0,0,0,1
0,0,0,0,0,0,0,0,0.92627,1.5681,-0.9669,-1,-0.99995,-0.00075129,1.2386e-05,0,0,0,0.8784,999,999,999,0.31276,0.79161,0.39756,0,0,0,0,0,0,0,0,0,0,0,0,0,0,0,0,0,0,0,0,0,0,0,0,0,0,0,0,0,0,0,0,0,0,0,0,0,0,0.0074389,0.92627,-1,0.86092,0,0,0,0,0,0,0,0,0,0,0,0
0,0,0,0,1.5228,0.14415,-0.99842,1,0.60681,0,-0.35937,-1,0.0002816,-2.516e-05,0,0,0,0,1.5096,999,999,999,2.0595,0.48575,0,0,0,0,0,0,0,0,0,0,0,0,0,0,0,0,0,0,0,0,0,0,0,0,0,0,0,0,0,0,0,0,0,0,0,0,0,0,0,0.0043436,1.5228,1,0.83296,0,0,0,0,0,0,0,0,0,0,0,1
0,0,0,0,0,0,0,0,0.85197,0.44253,-0.5917,1,5.4129e-05,0,0,0,0,0,0.54681,999,999,999,0.60725,0,0,0,0,0,0,0,0,0,0,0,0,0,0,0,0,0,0,0,0,0,0,0,0,0,0,0,0,0,0,0,0,0,0,0,0,0,0,0,0,0.014963,0.85197,1,0.81662,0,0,0,0,0,0,0,0,0,0,0,0
0,0,0,0,0,0,0,0,0.74468,0.79137,-0.22073,1,0.00071366,-9.4141e-06,4.0543e-07,0,0,0,0.77345,999,999,999,0.9054,0.50218,0.15117,0.84373,0.10612,4.0543e-07,9999,1,1,1025.4,5.6641,0.15117,0,0,0,0,0,0,0,0,1,999,999,999,0,0,0,0,0,0,0,0,0,0,0,0,0,0,0,0,0,0.0096003,0.74468,1,0.98163,0.77016,-1,-9.4141e-06,-0.69085,0,0,0,0,0,0,0,1
0,0,0,0,0,0,0,0,1.9185,0.32874,-0.8393,1,0.95714,-0.007076,0.00024169,0,0,0,1.9798,0.70167,0.60624,-0.59485,1.7196,1.2057,0.81348,0,0,0,0,0,0,0,0,0,0,0,0,0,0,0,0,0,0,0,0,0,0,0,0,0,0,0,0,0,0,0,0,0,0,0,0,0,0,0.009708,1.9185,1,0.99021,0,0,0,0,0,0,0,0,0,0,0,1
0,0,0,0,0,0,0,0,0.64074,0.25261,-0.9401,-1,5.3763e-05,-2.1835e-05,-1.9943e-05,2,1,0.49727,0.8884,999,999,999,0.6044,0.46944,0.45963,0.81028,0.063492,1.246e-06,9999,1,1,0,7.6172,0.12386,0,0,0,0,0,0,0,0,1,0.64074,0.76899,-0.35812,0,0,0,0,0,10,0.063492,1.246e-06,9999,1,0,7.6172,0.12386,0.64074,0.76899,-0.35812,2,0.0024837,0.64074,-1,0.76899,0.60715,-1,-1.9943e-05,-0.75212,0,0,0,0,0,0,0,0
0,0,0,0,1.0125,0,-0.21734,-1,0.59605,0,-0.94909,1,-0.98652,0.0020688,-0.0011181,2,1,0.49784,1.0502,-1.0125,0.94481,-0.56398,0.46864,0.89877,1.5071,0.44644,0.15984,0.00023012,9999,0,-1,498.05,0,0.26097,0,1,0,0,0,0,0,0,1,999,999,999,0,0,0,0,0,10,0.18262,4.7363e-07,9999,1,683.59,5.8594,0.1891,1.0125,0.94481,-0.4218,0,0.0064185,1.0125,-1,0.94481,0.61911,-1,-0.98652,-0.0044122,0,0,0,0,0,0,0,0
0,0,0,0,2.1239,0,-0.94967,-1,0.42177,0.53291,0.0093889,-1,-0.070089,-0.017628,-5.92e-06,1,0,0,2.0337,-2.1239,0.97989,-0.99188,0.74918,2.8348,0.35193,0.90705,0.12508,4.2063e-07,9999,1,1,644.53,3.5156,0.1608,0,0,0,0,0,0,0,0,1,2.1239,0.97989,-0.9467,0,0,0,0,0,10,0.12508,4.2063e-07,9999,1,644.53,3.5156,0.1608,2.1239,0.97989,-0.9467,5,0.018997,2.1239,-1,0.97989,0.9671,-1,-0.070089,-0.73109,0,0,0,0,0,0,0,0
0.28038,0.091307,-0.37463,1,0,0,0,0,0.26289,0.091307,-0.33236,1,0.00025629,2.8792e-05,2.3821e-06,0,0,0,0.65272,0.74992,-0.68578,-0.16705,0.27934,0.50245,0.28289,0.65034,0.19813,5.4519e-07,9999,1,-1,664.06,3.5645,0.21823,0,0,0,0,0,0,0,0,1,999,999,999,0,0,0,0,0,0,0,0,0,0,0,0,0,0,0,0,0,0.014094,0.74992,1,0.68578,0.17559,1,2.8792e-05,0.011888,0.28038,0.091307,-0.37463,1,1,0.0040579,0.81166,0
0,0,0,0,0,0,0,0,0.79142,0.40167,-0.78312,1,0.43448,-3.7815e-06,0,0,0,0,0.50896,999,999,999,1.2642,0.42381,0,0,0,0,0,0,0,0,0,0,0,0,0,0,0,0,0,0,0,0,0,0,0,0,0,0,0,0,0,0,0,0,0,0,0,0,0,0,0,0.014014,0.79142,1,0.36164,0,0,0,0,0,0,0,0,0,0,0,1
0,0,0,0,0,0,0,0,0.92466,0.34492,-0.14088,-1,-0.9671,-0.055001,3.5938e-06,1,0,0,1.2462,-0.92466,0.96393,-0.18045,1.3195,1.2295,0.3138,0.96299,0.060025,1.2112e-06,9999,0,1,0,24.805,0.085559,0,0,0,0,0,0,0,0,1,0.92466,0.96393,-0.85656,0,0,0,0,0,10,0.060025,1.2112e-06,9999,1,0,24.805,0.085559,0.92466,0.96393,-0.85656,0,0.013225,0.92466,-1,0.96393,0.56128,-1,-0.9671,-0.84236,0,0,0,0,0,0,0,0
0.72441,0.16031,-0.43407,-1,0,0,0,0,0.663,0.20477,-0.93165,1,-0.039215,8.8094e-05,-5.8741e-06,0,0,0,1.0147,999,999,999,0.95629,0.77533,0.35132,0.41594,0.095647,3.5652e-07,9999,1,1,439.45,4.6387,0.11344,0,0,0,0,0,0,0,0,1,0.72441,0.83449,-0.14173,0,0,0,0,0,10,0.095647,3.5652e-07,9999,1,439.45,4.6387,0.11344,0.72441,0.83449,-0.14173,2,0.0047886,0.663,1,0.68398,0.78091,-1,-5.8741e-06,-0.48864,0.72441,0.16031,-0.43407,-1,1,0.077778,0.83449,0
0,0,0,0,0,0,0,0,1.9512,0,-0.96384,-1,-0.92779,0.032211,-5.4956e-06,2,1,0.49651,2.0778,999,999,999,2.3918,1.0145,0.34615,0,0,0,0,0,0,0,0,0,0,0,0,0,0,0,0,0,0,0,0,0,0,0,0,0,0,0,0,0,0,0,0,0,0,0,0,0,0,0.018368,1.9512,-1,0.99499,0,0,0,0,0,0,0,0,0,0,0,0
1.0592,0.357,-0.20185,-1,1.457,0,-0.39748,1,0,0,0,0,0.010431,-0.0074923,0.00058208,2,1,0.50022,1.153,999,999,999,2.2314,0.83758,0.33269,0,0,0,0,0,0,0,0,0,0,0,0,0,0,0,0,0,0,0,0,0,0,0,0,0,0,0,0,0,0,0,0,0,0,0,0,0,0,0.0071312,1.457,1,0.95961,0,0,0,0,0,0,0,0,0,0,0,0
0,0,0,0,0,0,0,0,0.80637,0.058555,-0.11986,-1,-0.97839,-0.97241,0.0048039,1,0,0,1.3722,999,999,999,0.76023,0.87247,0.5813,0,0,0,0,0,0,0,0,0,0,0,0,0,0,0,0,0,0,0,0,0,0,0,0,0,0,0,0,0,0,0,0,0,0,0,0,0,0,0.01695,0.96515,1,0.81426,0,0,0,0,0,0,0,0,0,0,0,0
0,0,0,0,0,0,0,0,0.21903,0.7982,-0.12227,1,2.0267e-06,1.4131e-06,1.3768e-06,0,0,0,0.35829,999,999,999,0.27066,0.35016,0.34742,0.71348,0.11901,3.7867e-07,9999,1,-1,722.66,8.2031,0.13199,0,0,0,0,0,0,0,0,1,999,999,999,0,0,0,0,0,0,0,0,0,0,0,0,0,0,0,0,0,0,0,0,0,0.14436,1,1.3768e-06,0.51865,0,0,0,0,0,0,0,0
0,0,0,0,0,0,0,0,1.0388,0.61987,-0.90182,-1,-0.060808,-1.7254e-05,5.8092e-06,0,0,0,0.87879,999,999,999,1.619,0.44468,0.35046,0,0,0,0,0,0,0,0,0,0,0,0,0,0,0,0,0,0,0,0,0,0,0,0,0,0,0,0,0,0,0,0,0,0,0,0,0,0,0.022473,1.0388,-1,0.95901,0,0,0,0,0,0,0,0,0,0,0,0
0,0,0,0,1.7329,0.43952,-0.88703,-1,0.98015,0.15196,0.14512,-1,-0.039178,-0.035925,1.2132e-05,1,0,0,1.9234,-0.98015,0.83569,-0.57491,1.7196,0.98599,0.51966,0.96635,0.060107,1.2177e-06,9999,0,1,0,14.648,0.10767,0,0,0,0,0,0,0,0,1,1.7329,0.92722,-0.8403,0,0,0,0,0,10,0.060107,1.2177e-06,9999,1,0,14.648,0.10767,1.7329,0.92722,-0.8403,2,0.0011067,1.7329,-1,0.92722,0.91401,-1,-0.035925,-0.84642,0,0,0,0,0,0,0,0
0,0,0,0,0,0,0,0,0.94219,0.67302,0.65468,1,0.9475,6.214e-06,-3.1535e-06,2,1,0.50057,1.0226,0.52893,-0.89858,-0.7504,1.2558,0.35573,0.30397,0.63226,0.19961,7.9528e-07,9999,0,-1,478.52,3.8086,0.28054,0,1,0,0,0,0,0,0,1,0.94219,0.93168,-0.83318,0,0,0,0,0,10,0.19961,7.9528e-07,9999,-1,478.52,3.8086,0.28054,0.94219,0.93168,-0.83318,-9,0.0017416,0.94219,1,0.93168,0.12654,1,0.9475,9.2495e-05,0,0,0,0,0,0,0,1
0,0,0,0,0,0,0,0,0.69873,0.44818,0.054006,-1,0.00015511,-0.00013807,5.9244e-05,3,1,0.49817,1.1436,0.58356,0.64145,-0.40784,0.5797,0.86689,0.63122,0.42849,0.077942,1.3399e-06,9999,0,-1,0,5.8105,0.15067,0,0,0,0,0,0,0,0,1,0.58356,0.64145,-0.90856,0,0,0,0,0,10,0.077942,1.3399e-06,9999,-1,0,5.8105,0.15067,0.58356,0.64145,-0.90856,-2,0.02426,0.69873,-1,0.77745,0.79285,1,3.9145e-05,0.60421,0,0,0,0,0,0,0,1
0,0,0,0,1.2622,0.043575,-0.32795,1,0.98487,0.88844,-0.76859,-1,-0.72064,0.0017728,-6.1843e-05,1,1,0.49919,1.3833,999,999,999,1.64,1.5818,0.62922,0,0,0,0,0,0,0,0,0,0,0,0,0,0,0,0,0,0,0,0,0,0,0,0,0,0,0,0,0,0,0,0,0,0,0,0,0,0,0.0050463,1.2622,1,0.91301,0,0,0,0,0,0,0,0,0,0,0,0
0,0,0,0,0,0,0,0,0.84639,1.2225,0.16796,-1,0.93742,-0.042383,-0.00053652,1,0,0,0.88189,999,999,999,0.41983,1.3087,0.57619,0.21926,0.15458,6.4601e-07,9999,1,1,571.29,4.9316,0.24858,0,0,0,0,0,0,0,0,1,0.86737,0.91737,-0.28867,0,0,0,0,0,10,0.19427,0.93742,9999,1,0,9.082,0.41983,0.86737,0.91737,-0.074709,22,0.00084754,0.84639,-1,0.91486,-0.9634,1,0.93742,0.00017611,0,0,0,0,0,0,0,0
0.47994,1.9192,-0.89937,1,0,0,0,0,1.5749,0.66972,0.86361,-1,0.00055088,-0.00032897,-5.9242e-05,0,0,0,1.7869,999,999,999,0.55374,0.95007,0.62492,0,0,0,0,0,0,0,0,0,0,0,0,0,0,0,0,0,0,0,0,0,0,0,0,0,0,0,0,0,0,0,0,0,0,0,0,0,0,0.0029659,1.5749,-1,0.98544,0,0,0,0,0.47994,1.9192,-0.89937,1,1,0.060053,0.90961,0
1.7789,0.509,-0.65663,1,0.98372,0.84697,0.21482,1,0.16945,1.8363,-0.45036,-1,0.057998,0.00058652,-2.6778e-06,0,0,0,1.9434,1.7789,-0.96157,-0.70239,1.4654,1.798,0.29169,0.93199,0.089633,3.6669e-07,9999,1,-1,986.33,6.3477,0.12231,0,0,0,0,0,0,0,0,1,1.7789,0.96157,-0.79973,0,0,0,0,0,10,0.089633,3.6669e-07,9999,-1,986.33,6.3477,0.12231,1.7789,0.96157,-0.79973,-0,0.00070588,1.7789,1,0.96157,0.71676,1,0.057998,0.80493,0,0,0,0,0,0,0,1
0,0,0,0,0,0,0,0,2.1066,0.22456,0.042468,-1,-0.75742,0.070146,0,0,0,0,2.4903,999,999,999,2.7225,1.5765,0,0,0,0,0,0,0,0,0,0,0,0,0,0,0,0,0,0,0,0,0,0,0,0,0,0,0,0,0,0,0,0,0,0,0,0,0,0,0,0.011619,2.1066,-1,0.98847,0,0,0,0,0,0,0,0,0,0,0,1
0,0,0,0,0,0,0,0,0.88768,0.85722,0.62595,-1,-0.95504,-0.019827,0.0049179,2,0,0,1.4316,-0.67928,-0.94148,-0.87243,0.94457,1.095,0.98749,0,0,0,0,0,0,0,0,0,0,0,0,0,0,0,0,0,0,0,0,0,0,0,0,0,0,0,0,0,0,0,0,0,0,0,0,0,0,0.013241,0.88768,-1,0.69367,0,0,0,0,0,0,0,0,0,0,0,0
0,0,0,0,0,0,0,0,1.0536,1.2561,-0.54224,-1,0.14182,0.056448,-0.00018178,2,1,0.50269,1.0753,0.51382,0.67632,-0.042588,0.96432,1.4375,0.19784,0.53238,0.17985,0.00018178,9999,0,-1,605.47,0,0.19784,0,0,0,0,0,0,0,0,1,0.6147,0.65286,-0.019548,0,0,0,0,0,10,0.17985,0.00018178,9999,-1,605.47,0,0.19784,0.6147,0.65286,-0.019548,-6,0.01192,1.0536,-1,0.8022,0.66837,1,0.056448,0.02487,0,0,0,0,0,0,0,1
0,0,0,0,0,0,0,0,0.81993,0.88616,-0.97955,-1,-0.10865,4.7928e-05,3.6486e-05,0,1,0.4978,0.9309,-0.50626,0.32729,-0.29393,1.2147,0.58284,0.53546,0,0,0,0,0,0,0,0,0,0,0,0,0,0,0,0,0,0,0,0,0,0,0,0,0,0,0,0,0,0,0,0,0,0,0,0,0,0,0.011926,0.81993,-1,0.64429,0,0,0,0,0,0,0,0,0,0,0,1
0,0,0,0,0,0,0,0,1.2519,0.53613,-0.57491,-1,-0.016078,4.9635e-05,4.0811e-05,1,1,0.49971,1.466,999,999,999,1.4621,0.58872,0.5535,0.76352,0.1216,4.2009e-07,9999,1,-1,888.67,7.0312,0.16048,0,0,0,0,0,0,0,0,1,0.82248,0.84195,-0.37319,0,0,0,0,0,10,0.1216,4.2009e-07,9999,-1,888.67,7.0312,0.16048,0.82248,0.84195,-0.37319,-5,0.0057748,1.2519,-1,0.7893,-0.14088,1,4.0811e-05,0.55237,0,0,0,0,0,0,0,0
0,0,0,0,0,0,0,0,0.96211,0.14629,-0.81091,1,0.99998,5.7861e-05,-3.5804e-05,3,1,0.49809,0.66519,999,999,999,0.24242,0.60322,0.53272,0.30534,0.20957,4.6707e-07,9999,0,-1,595.7,5.6152,0.18597,0,0,0,0,0,0,0,0,1,999,999,999,0,0,0,0,0,0,0,0,0,0,0,0,0,0,0,0,0,0.0062134,0.96211,1,0.89669,0.24302,1,0.99998,0.0010351,0,0,0,0,0,0,0,1
0,0,0,0,0,0,0,0,1.0721,0.39852,-0.85624,1,-0.97832,0.96315,-0.00022488,1,1,0.49943,1.1408,999,999,999,0.55477,1.0748,0.74057,0.9426,0.15406,5.1348e-07,9999,0,-1,644.53,4.3457,0.20632,0,0,0,0,0,0,0,0,1,1.0721,0.97857,-0.979,0,0,0,0,0,10,0.15406,5.1348e-07,9999,-1,644.53,4.3457,0.20632,1.0721,0.97857,-0.979,-14,0.0018341,1.0721,1,0.97857,0.82402,1,0.96315,0.41181,0,0,0,0,0,0,0,0
0,0,0,0,0,0,0,0,1.7412,0.46651,-0.93105,1,0.96668,3.3392e-05,-2.9014e-05,1,0,0,1.8613,999,999,999,1.8247,0.52247,0.49518,0,0,0,0,0,0,0,0,0,0,0,0,0,0,0,0,0,0,0,0,0,0,0,0,0,0,0,0,0,0,0,0,0,0,0,0,0,0,0.0040271,1.7412,1,0.84664,0,0,0,0,0,0,0,0,0,0,0,1
0,0,0,0,0,0,0,0,0.15656,1.1819,-0.9141,1,-0.048198,-2.6446e-06,3.901e-07,2,0,0,0.24932,999,999,999,1.2342,0.25538,0.14056,0.94938,0.15656,3.901e-07,9999,1,1,878.91,6.1035,0.14056,0,0,0,0,0,0,0,0,1,999,999,999,0,0,0,0,0,0,0,0,0,0,0,0,0,0,0,0,0,0,0,0,0,-0.72986,-1,-0.048198,-0.75595,0,0,0,0,0,0,0,1
0,0,0,0,0,0,0,0,1.1105,0.81206,-0.68721,-1,-0.048579,-0.00015684,3.7043e-05,0,0,0,1.1273,-0.5426,-0.6853,-0.38247,1.646,0.50895,0.5379,0,0,0,0,0,0,0,0,0,0,0,0,0,0,0,0,0,0,0,0,0,0,0,0,0,0,0,0,0,0,0,0,0,0,0,0,0,0,0.0046522,1.1105,-1,0.85505,0,0,0,0,0,0,0,0,0,0,0,0
0,0,0,0,0,0,0,0,1.4978,1.0182,-0.70806,1,-0.99964,0.26205,0.056276,0,0,0,1.9107,-0.51314,0.25831,-0.30783,0.33854,1.5107,1.1923,0,0,0,0,0,0,0,0,0,0,0,0,0,0,0,0,0,0,0,0,0,0,0,0,0,0,0,0,0,0,0,0,0,0,0,0,0,0,0.0013885,1.4978,1,0.99131,0,0,0,0,0,0,0,0,0,0,0,0
0,0,0,0,0,0,0,0,0.57858,1.2408,-0.97379,-1,0.98438,-4.7443e-05,2.3313e-05,1,0,0,0.79936,999,999,999,0.74504,0.57815,0.56229,0.54548,0.063199,1.2443e-06,9999,0,-1,0,10.449,0.1231,1,0,0.016078,-0.14795,-0.48415,0.042637,0.26883,1.2029,1,999,999,999,0,0,0,0,0,10,0.1516,7.0007e-07,9999,1,546.88,3.7598,0.26152,0.57858,0.60292,-0.26811,4,0.010858,0.50061,1,0.68601,0.94509,1,0.98438,0.7405,0,0,0,0,0,0,0,1
0,0,0,0,0,0,0,0,0.28693,1.4576,-0.98448,-1,-0.99936,0.00054615,-1.5214e-06,1,0,0,0.49403,999,999,999,0.43968,0.56054,0.17985,0.20083,0.091732,1.2764e-06,9999,1,1,0,41.406,0.051576,0,0,0,0,0,0,0,0,1,999,999,999,0,0,0,0,0,0,0,0,0,0,0,0,0,0,0,0,0,0,0,0,0,0.66083,-1,-0.99936,-0.4722,0,0,0,0,0,0,0,0
0,0,0,0,0,0,0,0,0.83301,0.083274,-0.31405,1,-0.88965,0.00014951,0.00010306,3,0,0,0.68478,999,999,999,0.25763,0.6499,0.73496,0,0,0,0,0,0,0,0,0,0,0,0,0,0,0,0,0,0,0,0,0,0,0,0,0,0,0,0,0,0,0,0,0,0,0,0,0,0,0.0052518,0.83301,1,0.90931,0,0,0,0,0,0,0,0,0,0,0,0
0,0,0,0,0,0,0,0,0.17758,1.3955,-0.62921,1,-0.99995,-0.97546,0.00052147,4,0,0,0.602,999,999,999,0.29448,0.49532,0.29459,0.8012,0.062134,1.215e-06,9999,0,-1,0,3.5645,0.10502,1,0,-0.36896,1.8697,-3.3492,0.024906,0.46305,0.67417,1,999,999,999,0,0,0,0,0,0,0,0,0,0,0,0,0,0,0,0,0,0,0,0,0,0.93274,1,0.00052147,0.7533,0,0,0,0,0,0,0,0
0,0,0,0,0,0,0,0,1.2468,0,0.37958,-1,0.99643,-0.0017818,0.00026719,0,0,0,1.5682,0.62154,-0.78864,-0.30182,0.56772,1.8189,0.74852,0,0,0,0,0,0,0,0,0,0,0,0,0,0,0,0,0,0,0,0,0,0,0,0,0,0,0,0,0,0,0,0,0,0,0,0,0,0,0.0034697,1.2468,-1,0.92215,0,0,0,0,0,0,0,0,0,0,0,1
0,0,0,0,0,0,0,0,1.1058,0.79032,-0.25437,1,0.95882,0.942,-0.82139,0,0,0,1.6041,0.71638,-0.98594,-0.32047,1.1648,0.63252,0.17831,0,0,0,0,0,0,0,0,0,0,0,0,0,0,0,0,0,0,0,0,0,0,0,0,0,0,0,0,0,0,0,0,0,0,0,0,0,0,0.0064026,1.1058,1,0.40405,0,0,0,0,0,0,0,0,0,0,0,1
0,0,0,0,0,0,0,0,0.73525,0.27568,0.76774,1,0.060516,6.1478e-05,-5.3399e-05,1,0,0,0.88276,0.73525,-0.79683,-0.92592,1.3154,0.62417,0.60534,0,0,0,0,0,0,0,0,0,0,0,0,0,0,0,0,0,0,0,0,0,0,0,0,0,0,0,0,0,0,0,0,0,0,0,0,0,0,0.0144,0.83539,1,0.94068,0,0,0,0,0,0,0,0,0,0,0,1
0.81021,1.5247,-0.13449,1,0,0,0,0,0.68897,1.6319,-0.55705,-1,-0.11837,0.10772,0.0036605,1,0,0,1.1365,999,999,999,1.0427,1.2694,0.84217,0,0,0,0,0,0,0,0,0,0,0,0,0,0,0,0,0,0,0,0,0,0,0,0,0,0,0,0,0,0,0,0,0,0,0,0,0,0,0.010209,0.83454,1,0.79377,0,0,0,0,0.81021,1.5247,-0.13449,1,2,0.010806,0.97064,1
0,0,0,0,0,0,0,0,0.84524,0.97762,-0.85082,1,0.97822,0.93285,1.2685e-05,0,0,0,1.1487,999,999,999,0.76358,0.88325,0.41542,0.59756,0.18871,5.3041e-07,9999,1,-1,590.82,5.0781,0.21285,0,0,0,0,0,0,0,0,1,0.84524,0.98512,-0.59058,0,0,0,0,0,10,0.18871,5.3041e-07,9999,-1,590.82,5.0781,0.21285,0.84524,0.98512,-0.59058,-6,0.001889,0.84524,1,0.98512,0.47859,1,0.97822,0.017541,0,0,0,0,0,0,0,1
0,0,0,0,1.4675,0,-0.86667,-1,0.43113,0.38738,0.90165,1,-0.0011744,6.5617e-06,4.6047e-06,1,0,0,1.0709,999,999,999,2.2903,0.36002,0.33256,0,0,0,0,0,0,0,0,0,0,0,0,0,0,0,0,0,0,0,0,0,0,0,0,0,0,0,0,0,0,0,0,0,0,0,0,0,0,0.015471,1.4675,-1,0.98623,0,0,0,0,0,0,0,0,0,0,0,0
0.67195,1.4539,-0.86148,1,0,0,0,0,0.82706,1.2386,0.098288,-1,0.1907,-0.0022061,0,0,0,0,1.0236,999,999,999,0.83252,0.80099,0,0,0,0,0,0,0,0,0,0,0,0,0,0,0,0,0,0,0,0,0,0,0,0,0,0,0,0,0,0,0,0,0,0,0,0,0,0,0,0.00061229,0.82706,-1,0.33337,0,0,0,0,0.67195,1.4539,-0.86148,1,1,0.01125,0.98027,0
1.0265,0,-0.92263,1,0,0,0,0,0.44272,0,0.012711,-1,0.38534,0.21583,-2.5681e-05,1,0,0,0.75844,1.0265,-0.93635,-0.80992,0.92619,0.68716,0.48821,0,0,0,0,0,0,0,0,0,0,0,0,0,0,0,0,0,0,0,0,0,0,0,0,0,0,0,0,0,0,0,0,0,0,0,0,0,0,0.008382,1.0265,1,0.93635,0,0,0,0,0,0,0,0,0,0,0,1
0,0,0,0,0.96795,1.5246,-0.19688,1,0.65787,2.1971,-0.63819,1,-0.92197,0.39768,0.00037706,0,0,0,1.006,999,999,999,0.64032,1.5277,0.91853,0.99926,0.17736,8.8471e-07,9999,1,-1,644.53,6.25,0.29513,1,0,-1.148,0.71511,-4.4998,0.25909,0.016115,1.4311,1,999,999,999,0,0,0,0,0,0,0,0,0,0,0,0,0,0,0,0,0,0.023062,0.96795,1,0.98679,0.99102,1,0.39768,0.86311,0,0,0,0,0,0,0,0
0,0,0,0,0,0,0,0,0.87554,0.46582,-0.81336,-1,-0.21727,0.0013645,0.00013428,0,0,0,0.86725,-0.50088,-0.70382,-0.92782,1.3664,0.61497,0.33814,0,0,0,0,0,0,0,0,0,0,0,0,0,0,0,0,0,0,0,0,0,0,0,0,0,0,0,0,0,0,0,0,0,0,0,0,0,0,0.013523,0.87554,-1,0.85695,0,0,0,0,0,0,0,0,0,0,0,0
0,0,0,0,0,0,0,0,1.2821,0.20733,0.11651,-1,0.99998,-0.10955,-0.0050259,1,0,0,1.6766,999,999,999,0.26752,1.2759,1.3392,0.12115,0.22203,1.6609e-06,9999,1,1,546.88,3.7598,0.25542,0,0,0,0,0,0,0,0,1,1.2821,0.97959,-0.2904,0,0,0,0,0,10,0.22203,1.6609e-06,9999,1,546.88,3.7598,0.25542,1.2821,0.97959,-0.2904,0,0.0029873,1.2821,-1,0.97959,0.35396,-1,-6.7905e-05,-0.00016,0,0,0,0,0,0,0,1
0.29175,1.0686,0.44655,-1,1.0964,0.5471,-0.93276,1,0.51807,0.82376,0.77322,1,0.0037033,0.0007798,0.0002009,2,0,0,1.1105,1.0964,0.96043,-0.87459,0.45836,1.5661,0.2316,0.42785,0.08526,1.3882e-06,9999,0,1,0,3.8086,0.16005,0,0,0,0,0,0,0,0,1,999,999,999,0,0,0,0,0,0,0,0,0,0,0,0,0,0,0,0,0,0.0003949,1.0964,1,0.96043,-0.29787,-1,-3.5098e-05,-0.56044,0.29175,1.0686,0.44655,-1,1,0.0064544,0.7445,0
0,0,0,0,0,0,0,0,0.88341,1.2433,-0.99346,1,0.076947,-5.9653e-06,-4.3044e-07,0,0,0,0.6922,999,999,999,1.3478,0.35253,0.16662,0.96946,0.19765,4.3044e-07,9999,1,-1,703.12,7.9102,0.16662,0,0,0,0,0,0,0,0,1,0.88341,0.90748,-0.96875,0,0,0,0,0,10,0.19765,4.3044e-07,9999,-1,703.12,7.9102,0.16662,0.88341,0.90748,-0.96875,-2,0.010176,0.88341,1,0.90748,-0.96875,1,0.076947,0.60576,0,0,0,0,0,0,0,1
0,0,0,0,0,0,0,0,1.0315,0.13684,-0.57751,-1,-0.00027722,0,0,0,0,0,0.68791,999,999,999,0.75221,0,0,0,0,0,0,0,0,0,0,0,0,0,0,0,0,0,0,0,0,0,0,0,0,0,0,0,0,0,0,0,0,0,0,0,0,0,0,0,0,0.0012818,1.0315,-1,0.75893,0,0,0,0,0,0,0,0,0,0,0,0
0,0,0,0,0.82436,0,-0.33614,-1,0.61773,0.11821,0.65702,1,-0.037121,0.00031078,1.2492e-05,2,1,0.49313,0.91297,999,999,999,1.1697,0.89524,0.41403,0,0,0,0,0,0,0,0,0,0,0,0,0,0,0,0,0,0,0,0,0,0,0,0,0,0,0,0,0,0,0,0,0,0,0,0,0,0,0.0098433,0.82436,-1,0.73466,0,0,0,0,0,0,0,0,0,0,0,0
0,0,0,0,0,0,0,0,0.73314,0.45005,-0.37684,1,-0.00013434,8.9156e-05,4.6017e-05,0,0,0,1.0766,999,999,999,0.69945,0.76481,0.5748,0.5585,0.18757,1.0555e-06,9999,1,-1,517.58,3.8574,0.31752,0,0,0,0,0,0,0,0,1,0.73314,0.9312,-0.44577,0,0,0,0,0,10,0.18757,1.0555e-06,9999,-1,517.58,3.8574,0.31752,0.73314,0.9312,-0.44577,-0,0.011128,0.91229,-1,0.80851,0.7393,1,4.6017e-05,0.015785,0,0,0,0,0,0,0,1
0,0,0,0,0,0,0,0,1.2174,0.54025,-0.062475,-1,0.98305,-0.68325,0,0,0,0,1.1201,999,999,999,0.74245,1.9421,0,0,0,0,0,0,0,0,0,0,0,0,0,0,0,0,0,0,0,0,0,0,0,0,0,0,0,0,0,0,0,0,0,0,0,0,0,0,0,0.00091873,1.2174,-1,0.77354,0,0,0,0,0,0,0,0,0,0,0,1
0,0,0,0,0,0,0,0,1.812,0.33269,0.15489,-1,-0.0015252,0.00013753,-5.6505e-05,0,1,0.49844,1.9509,999,999,999,2.3349,0.86322,0.61633,0,0,0,0,0,0,0,0,0,0,0,0,0,0,0,0,0,0,0,0,0,0,0,0,0,0,0,0,0,0,0,0,0,0,0,0,0,0,0.0086944,1.812,-1,0.9847,0,0,0,0,0,0,0,0,0,0,0,1
0,0,0,0,0,0,0,0,0.70776,0.51199,-0.38935,-1,-0.00050762,1.6993e-05,0,0,0,0,0.70895,999,999,999,1.0538,0.44315,0,0,0,0,0,0,0,0,0,0,0,0,0,0,0,0,0,0,0,0,0,0,0,0,0,0,0,0,0,0,0,0,0,0,0,0,0,0,0,0.0081142,0.70776,-1,0.75649,0,0,0,0,0,0,0,0,0,0,0,1
0,0,0,0,0,0,0,0,1.529,0.67181,-0.92502,1,0.97006,-9.6095e-05,2.6978e-05,0,0,0,1.637,999,999,999,1.8296,0.7563,0.4942,0.70779,0.16377,2.6992e-06,9999,1,-1,0,3.7109,0.25755,0,0,0,0,0,0,0,0,1,1.529,0.96463,-0.5697,0,0,0,0,0,10,0.16377,2.6992e-06,9999,-1,0,3.7109,0.25755,1.529,0.96463,-0.5697,-5,0.0027223,1.529,1,0.96463,-0.5697,1,0.97006,0.15606,0,0,0,0,0,0,0,1
0,0,0,0,0,0,0,0,0.70232,0.808,0.38344,-1,-0.00017876,-7.3378e-05,5.4887e-06,1,0,0,0.90176,999,999,999,0.83548,0.67688,0.34605,0.96622,0.15156,5.6561e-07,9999,0,-1,537.11,5.2734,0.22519,0,0,0,0,0,0,0,0,1,999,999,999,0,0,0,0,0,10,0.12581,4.6764e-07,9999,1,742.19,4.6387,0.18624,0.70232,0.99594,-0.84765,4,0.022403,0.70232,-1,0.99594,0.48457,1,1.6771e-06,0.81824,0,0,0,0,0,0,0,1
0,0,0,0,0,0,0,0,1.0497,0.083596,-0.43579,1,-0.029343,0.00085232,0.00018439,3,0,0,1.2569,999,999,999,0.62952,1.312,0.20418,0.99741,0.090332,1.2688e-06,9999,0,-1,0,7.6172,0.13222,0,0,0,0,0,0,0,0,1,1.0497,0.9586,-0.95912,0,0,0,0,0,10,0.090332,1.2688e-06,9999,-1,0,7.6172,0.13222,1.0497,0.9586,-0.95912,-0,0.010424,1.0497,1,0.9586,0.65512,1,0.00018439,0.89803,0,0,0,0,0,0,0,1
0,0,0,0,0,0,0,0,0.95792,1.1795,-0.53261,-1,0.017549,0.0053528,-0.0004273,0,0,0,1.6648,0.89128,-0.97902,-0.75456,0.92655,0.90232,1.0373,0,0,0,0,0,0,0,0,0,0,0,0,0,0,0,0,0,0,0,0,0,0,0,0,0,0,0,0,0,0,0,0,0,0,0,0,0,0,0.016265,0.95792,-1,0.81155,0,0,0,0,0,0,0,0,0,0,0,1
0,0,0,0,0,0,0,0,1.2727,0.85879,-0.90295,-1,0.0015486,-0.00016991,4.468e-05,0,0,0,1.5564,0.50544,-0.54806,-0.88483,0.99054,1.7586,0.56875,0.53468,0.19628,3.6269e-07,9999,1,1,869.14,10.254,0.11889,0,0,0,0,0,0,0,0,1,1.2727,0.8252,-0.83171,0,0,0,0,0,10,0.19628,3.6269e-07,9999,1,869.14,10.254,0.11889,1.2727,0.8252,-0.83171,5,0.0036345,1.2727,-1,0.8252,0.29722,-1,-1.9168e-06,-0.0071931,0,0,0,0,0,0,0,0
0,0,0,0,0,0,0,0,0.34751,0.12142,0.91021,-1,-0.048718,-0.0020335,0.0010689,3,0,0,0.93616,999,999,999,0.65675,1.0614,0.68823,0,0,0,0,0,0,0,0,0,0,0,0,0,0,0,0,0,0,0,0,0,0,0,0,0,0,0,0,0,0,0,0,0,0,0,0,0,0,0.059024,0.5557,1,0.75615,0,0,0,0,0,0,0,0,0,0,0,1
0,0,0,0,0,0,0,0,0.60973,0.44013,0.34721,1,0.97393,-0.95149,0.0045594,1,0,0,1.4199,999,999,999,0.8231,1.0409,0.57495,0.96764,0.15519,5.4903e-07,9999,1,1,537.11,3.6621,0.21957,0,0,0,0,0,0,0,0,1,1.0978,0.83046,-0.72892,0,0,0,0,0,10,0.15519,5.4903e-07,9999,1,537.11,3.6621,0.21957,1.0978,0.83046,-0.72892,5,0.0056951,1.0978,-1,0.83046,-0.72892,-1,-0.95149,-0.81532,0,0,0,0,0,0,0,0
0,0,0,0,0,0,0,0,0.73128,1.6389,-0.83715,-1,-0.00026516,6.3332e-05,1.2742e-06,2,0,0,0.81895,999,999,999,0.70866,0.63081,0.052208,0.82076,0.083556,3.5739e-07,9999,1,-1,2617.2,6.8359,0.11422,0,0,0,0,0,0,0,0,1,999,999,999,0,0,0,0,0,0,0,0,0,0,0,0,0,0,0,0,0,0.022956,0.73128,-1,0.88264,0.9577,-1,-0.00026516,-0.52203,0,0,0,0,0,0,0,0
0,0,0,0,0,0,0,0,0.32815,0.90342,-0.6667,1,0.020719,-5.9985e-05,1.0263e-05,3,0,0,0.60956,999,999,999,0.82417,0.59585,0.27085,0.95087,0.11092,1.473e-06,9999,1,-1,0,5.957,0.1734,1,0,-0.85996,1.7023,1.079,0.099869,0.15296,0.40528,1,999,999,999,0,0,0,0,0,0,0,0,0,0,0,0,0,0,0,0,0,0.0036749,0.57821,1,0.88947,0.97876,1,0.020719,0.82504,0,0,0,0,0,0,0,1
0,0,0,0,0,0,0,0,0.33699,1.4923,-0.79941,1,-0.14828,0.00013079,3.364e-05,1,0,0,1.1077,999,999,999,0.74809,0.87713,0.52358,0.99843,0.17576,7.7757e-07,9999,1,-1,581.05,3.8574,0.2773,0,0,0,0,0,0,0,0,1,0.88239,0.89648,-0.89386,0,0,0,0,0,10,0.17576,7.7757e-07,9999,-1,581.05,3.8574,0.2773,0.88239,0.89648,-0.89386,-2,0.0092334,0.88239,1,0.89648,0.10849,1,3.364e-05,0.86425,0,0,0,0,0,0,0,1
0,0,0,0,0,0,0,0,0.89846,0,0.85479,-1,-0.99242,-0.11445,0.00089482,0,0,0,0.80497,-0.89846,-0.9853,-0.42416,0.64496,1.0427,0.77275,0,0,0,0,0,0,0,0,0,0,0,0,0,0,0,0,0,0,0,0,0,0,0,0,0,0,0,0,0,0,0,0,0,0,0,0,0,0,0.014439,0.89846,-1,0.9853,0,0,0,0,0,0,0,0,0,0,0,0
0,0,0,0,0,0,0,0,0.57826,0.48213,-0.83638,-1,0.9997,-9.7015e-05,-1.5031e-06,0,0,0,0.60308,999,999,999,0.39765,0.8452,0.17749,0.6769,0.092676,1.5031e-06,9999,1,-1,0,5.4688,0.17749,0,0,0,0,0,0,0,0,1,999,999,999,0,0,0,0,0,0,0,0,0,0,0,0,0,0,0,0,0,0.015499,0.57826,-1,0.77119,-0.16504,1,0.9997,0.64817,0,0,0,0,0,0,0,1
0,0,0,0,0,0,0,0,1.1178,1.4051,-0.3696,-1,0.96048,-0.55629,-0.05123,2,0,0,1.3376,999,999,999,1.1355,0.95487,1.2926,0.71961,0.1012,4.1144e-07,9999,1,-1,966.8,7.5195,0.15508,0,0,0,0,0,0,0,0,1,999,999,999,0,0,0,0,0,10,0.17518,4.394e-07,9999,1,703.12,5.3223,0.17167,1.1178,0.83972,-0.93945,4,0.013849,1.1178,-1,0.83972,0.78362,1,0.96048,0.62712,0,0,0,0,0,0,0,0
0,0,0,0,0,0,0,0,1.2098,1.5373,-0.92053,-1,-0.97227,-0.96662,0.94697,2,0,0,1.1423,-1.2098,-0.93368,-0.80923,0.93971,0.89451,0.322,0.73353,0.18341,4.7336e-07,9999,1,-1,751.95,4.0039,0.18897,0,0,0,0,0,0,0,0,1,999,999,999,0,0,0,0,0,0,0,0,0,0,0,0,0,0,0,0,0,0.014124,1.2098,-1,0.93368,-0.84896,1,0.94697,0.068003,0,0,0,0,0,0,0,0
0,0,0,0,0.84185,0,-0.86828,-1,0.56759,0,-0.57268,1,-0.030353,0.018471,-0.00036768,1,1,0.49977,0.89973,999,999,999,1.2675,0.78857,0.76163,0,0,0,0,0,0,0,0,0,0,0,0,0,0,0,0,0,0,0,0,0,0,0,0,0,0,0,0,0,0,0,0,0,0,0,0,0,0,0.016053,0.84185,-1,0.86827,0,0,0,0,0,0,0,0,0,0,0,0
0,0,0,0,1.3021,0.077997,-0.006294,1,0.97911,0.077997,-0.60072,-1,-0.14384,-0.034857,0.0079235,0,0,0,1.4132,999,999,999,1.5215,1.3138,1.0458,0,0,0,0,0,0,0,0,0,0,0,0,0,0,0,0,0,0,0,0,0,0,0,0,0,0,0,0,0,0,0,0,0,0,0,0,0,0,0.002603,1.3021,1,0.88188,0,0,0,0,0,0,0,0,0,0,0,1
0,0,0,0,0,0,0,0,0.23208,1.5903,-0.93719,-1,-0.99404,0.9852,-0.85437,2,1,0.50028,0.85565,999,999,999,0.18489,0.61638,0.21246,0.24271,0.19995,4.7553e-07,9999,1,-1,800.78,4.4922,0.18998,0,0,0,0,0,0,0,0,1,999,999,999,0,0,0,0,0,0,0,0,0,0,0,0,0,0,0,0,0,0,0,0,0,0.35027,1,0.9852,0.00028678,0,0,0,0,0,0,0,1
0,0,0,0,0,0,0,0,0.48547,1.7121,-0.85878,1,0.091535,-2.5697e-05,-2.2564e-05,1,0,0,0.87073,999,999,999,1.1603,0.48829,0.47314,0.73413,0.14475,6.5134e-07,9999,1,-1,541.99,3.6133,0.24994,0,0,0,0,0,0,0,0,1,999,999,999,0,0,0,0,0,0,0,0,0,0,0,0,0,0,0,0,0,0.012069,0.7285,1,0.56565,0.1423,1,0.091535,0.34252,0,0,0,0,0,0,0,1
0,0,0,0,0,0,0,0,0.79375,0.35679,-0.25263,-1,-0.14506,0.1378,-0.0029055,1,0,0,1.4647,-0.79375,0.70284,-0.41835,1.0911,1.616,1.1148,0,0,0,0,0,0,0,0,0,0,0,0,0,0,0,0,0,0,0,0,0,0,0,0,0,0,0,0,0,0,0,0,0,0,0,0,0,0,0.0071259,1.1681,1,0.741,0,0,0,0,0,0,0,0,0,0,0,1
0,0,0,0,0,0,0,0,0.59438,0.95292,-0.9136,-1,-4.7574e-05,1.9495e-05,4.331e-06,0,0,0,0.79015,999,999,999,0.58115,0.45723,0.3279,0.98896,0.20339,5.569e-07,9999,0,-1,551.76,3.8574,0.22228,0,0,0,0,0,0,0,0,1,999,999,999,0,0,0,0,0,0,0,0,0,0,0,0,0,0,0,0,0,0.0087976,0.59438,-1,0.97653,0.65765,1,4.331e-06,0.67857,0,0,0,0,0,0,0,0
1.6669,0,-0.79303,1,0,0,0,0,0.96243,0.16398,0.0925,1,0.08291,0.022339,-0.00061016,1,0,0,1.4485,1.6669,-0.95157,-0.67867,1.3865,1.2585,0.35509,0.48815,0.086074,1.2137e-06,9999,1,-1,0,14.648,0.10355,0,0,0,0,0,0,0,0,1,1.6669,0.95157,-0.31013,0,0,0,0,0,10,0.086074,1.2137e-06,9999,-1,0,14.648,0.10355,1.6669,0.95157,-0.31013,-2,0.021188,1.6669,1,0.95157,0.62433,1,0.08291,0.58775,0,0,0,0,0,0,0,1
0,0,0,0,0,0,0,0,0.74097,0.42958,0.34015,1,0.025028,-0.014308,-0.0094495,2,1,0.4947,1.153,0.50084,0.858,-0.50508,1.0425,0.73934,0.72436,0.18135,0.23851,2.8029e-06,9999,1,-1,478.52,3.9551,0.29512,0,0,0,0,0,0,0,0,1,0.50084,0.858,-0.55927,0,0,0,0,0,10,0.23851,2.8029e-06,9999,-1,478.52,3.9551,0.29512,0.50084,0.858,-0.55927,-6,0.014261,0.74097,1,0.80191,0.14905,1,0.025028,0.00012573,0,0,0,0,0,0,0,0
0,0,0,0,0,0,0,0,0.72397,0.76063,0.15727,1,-0.94926,-0.072084,0.0036946,2,0,0,1.2363,999,999,999,0.74612,0.83779,1.0247,0.38457,0.12649,1.2253e-06,9999,0,-1,0,40.234,0.072251,0,0,0,0,0,0,0,0,1,0.72397,0.93088,-0.68016,0,0,0,0,0,10,0.12649,1.2253e-06,9999,-1,0,40.234,0.072251,0.72397,0.93088,-0.68016,-0,0.01302,0.9212,-1,0.93853,-0.7689,-1,-0.94926,-0.057179,0,0,0,0,0,0,0,0
0,0,0,0,1.7112,0.68415,-0.6883,-1,1.5247,0,0.22031,1,0.036917,-0.00063985,0,0,1,0.5006,2.0336,999,999,999,1.2358,2.2239,0,0,0,0,0,0,0,0,0,0,0,0,0,0,0,0,0,0,0,0,0,0,0,0,0,0,0,0,0,0,0,0,0,0,0,0,0,0,0,0.0094746,1.7112,-1,0.98518,0,0,0,0,0,0,0,0,0,0,0,0
0,0,0,0,0,0,0,0,2.1848,0.2318,0.6616,-1,-0.14079,2.4601e-06,1.2364e-06,0,0,0,2.1932,999,999,999,2.6563,0.28532,0.23222,0.98977,0.22065,1.2364e-06,9999,0,1,527.34,5.2734,0.23222,0,0,0,0,0,0,0,0,1,2.1848,0.99769,-0.9811,0,0,0,0,0,10,0.22065,1.2364e-06,9999,1,527.34,5.2734,0.23222,2.1848,0.99769,-0.9811,2,0.015219,2.1848,-1,0.99769,-0.9811,-1,-0.14079,-0.47536,0,0,0,0,0,0,0,0
0,0,0,0,0,0,0,0,0.40658,0,-0.031251,-1,1.3758e-05,-4.7819e-06,1.328e-06,1,0,0,0.4392,999,999,999,0.42287,0.33544,0.038768,0.23125,0.095406,1.328e-06,9999,0,1,0,1.6846,0.038768,0,0,0,0,0,0,0,0,1,999,999,999,0,0,0,0,0,0,0,0,0,0,0,0,0,0,0,0,0,0.0024841,0.68466,1,0.79903,0.75989,-1,-1.3253e-06,-0.45063,0,0,0,0,0,0,0,1
0,0,0,0,0,0,0,0,0.35625,0.61551,0.22417,-1,0.0010054,-9.7756e-06,-7.6626e-06,0,0,0,0.60515,999,999,999,0.40651,0.3926,0.37243,0,0,0,0,0,0,0,0,0,0,0,0,0,0,0,0,0,0,0,0,0,0,0,0,0,0,0,0,0,0,0,0,0,0,0,0,0,0,0,0,0,0,0,0,0,0,0,0,0,0,0,0,0,0
0,0,0,0,0,0,0,0,0.75107,1.4567,-0.38465,-1,0.99008,0.010467,-0.00015041,0,0,0,1.0617,999,999,999,0.61227,0.767,0.53803,0,0,0,0,0,0,0,0,0,0,0,0,0,0,0,0,0,0,0,0,0,0,0,0,0,0,0,0,0,0,0,0,0,0,0,0,0,0,0.0076146,0.75107,-1,0.71474,0,0,0,0,0,0,0,0,0,0,0,1
0,0,0,0,0,0,0,0,1.4486,0.10988,-0.53071,-1,-0.94531,-0.065826,0.022194,0,0,0,1.167,-1.4486,-0.90194,-0.93299,1.2654,0.93438,0.79296,0,0,0,0,0,0,0,0,0,0,0,0,0,0,0,0,0,0,0,0,0,0,0,0,0,0,0,0,0,0,0,0,0,0,0,0,0,0,0.015848,1.4486,-1,0.90194,0,0,0,0,0,0,0,0,0,0,0,0
0,0,0,0,0,0,0,0,0.96847,0.77824,-0.71118,-1,0.99045,-0.14284,-0.027462,2,1,0.50244,1.1674,999,999,999,0.65777,0.58416,1.4077,0.88031,0.060948,1.2335e-06,9999,1,1,0,1.3794,0.11801,0,1,0,0,0,0,0,0,1,0.52352,0.93604,-0.71506,0,0,0,0,0,10,0.060948,1.2335e-06,9999,1,0,1.3794,0.11801,0.52352,0.93604,-0.71506,0,0.039619,0.96847,-1,0.98917,-0.43284,-1,-0.14284,-0.77274,0,0,0,0,0,0,0,1
0,0,0,0,0,0,0,0,0.65445,0.4052,0.40734,1,0.24148,-0.00029718,4.0306e-05,1,0,0,0.87992,0.73553,-0.93839,-0.45497,0.8923,0.47576,0.54657,0.91692,0.1178,1.2093e-06,9999,1,-1,0,11.719,0.092242,0,0,0,0,0,0,0,0,1,0.65445,0.72268,-0.38748,0,0,0,0,0,10,0.1178,1.2093e-06,9999,-1,0,11.719,0.092242,0.65445,0.72268,-0.38748,-6,0.0005928,0.73553,1,0.93839,0.21716,1,0.24148,0.71567,0,0,0,0,0,0,0,0
0,0,0,0,1.9363,0,-0.85181,-1,0.54926,0.16859,0.95179,1,0.0019474,-0.0018772,0.00013959,1,0,0,1.1564,0.54926,0.62472,-0.20945,0.88837,1.2506,0.76326,0,0,0,0,0,0,0,0,0,0,0,0,0,0,0,0,0,0,0,0,0,0,0,0,0,0,0,0,0,0,0,0,0,0,0,0,0,0,0.014736,1.9363,-1,0.96806,0,0,0,0,0,0,0,0,0,0,0,0
0.56137,0,-0.33573,-1,1.3851,0,-0.049246,-1,0.47089,0,-0.11958,1,-0.1058,0.056888,-0.0026752,1,0,0,1.6436,-1.3851,-0.90917,-0.72437,0.56148,1.0298,1.8391,0,0,0,0,0,0,0,0,0,0,0,0,0,0,0,0,0,0,0,0,0,0,0,0,0,0,0,0,0,0,0,0,0,0,0,0,0,0,0.013256,1.3851,-1,0.90917,0,0,0,0,0.56137,0,-0.33573,-1,1,0.12295,0.81342,0
1.0921,0.27247,-0.33545,1,0,0,0,0,0.5965,0.1835,-0.20012,1,0.12178,0.026637,-1.9663e-06,0,0,0,1.0144,1.0921,-0.94587,-0.74312,0.95565,0.87766,0.3627,0.6258,0.23401,4.3597e-07,9999,1,-1,703.12,4.8828,0.16977,0,0,0,0,0,0,0,0,1,0.5965,0.87676,-0.47049,0,0,0,0,0,10,0.23401,4.3597e-07,9999,-1,703.12,4.8828,0.16977,0.5965,0.87676,-0.47049,-5,0.0088827,1.0921,1,0.94587,0.82749,1,0.026637,0.00046227,0,0,0,0,0,0,0,1
0,0,0,0,0,0,0,0,0.4821,0.84367,-0.83685,-1,-0.00058415,2.6625e-06,2.1568e-06,0,0,0,0.49541,999,999,999,0.31966,0.29126,0.27538,0.97148,0.20695,9.455e-07,9999,1,1,537.11,4.0527,0.30388,0,0,0,0,0,0,0,0,1,999,999,999,0,0,0,0,0,0,0,0,0,0,0,0,0,0,0,0,0,0,0,0,0,-0.64543,-1,-0.00058415,-0.51599,0,0,0,0,0,0,0,1
0.85811,0.16052,-0.85044,1,0,0,0,0,0,0,0,0,0.0016703,0,0,0,0,0,0.84925,999,999,999,1.0521,0,0,0,0,0,0,0,0,0,0,0,0,0,0,0,0,0,0,0,0,0,0,0,0,0,0,0,0,0,0,0,0,0,0,0,0,0,0,0,0,0.0035284,0.85811,1,0.85,0,0,0,0,0.85811,0.16052,-0.85044,1,1,0.0035284,0.85,1
0,0,0,0,0,0,0,0,0.5922,0.89768,-0.77534,1,0.99424,-0.90929,0.11181,2,0,0,1.1502,0.73438,0.72931,-0.73492,0.62299,0.58816,0.99079,0.12835,0.16098,1.2125e-06,9999,1,-1,0,10.156,0.10204,0,0,0,0,0,0,0,0,1,0.73438,0.72931,-0.55645,0,0,0,0,0,10,0.16098,1.2125e-06,9999,-1,0,10.156,0.10204,0.73438,0.72931,-0.55645,-4,0.011033,0.72908,1,0.67776,0.020713,1,0.99424,0.022265,0,0,0,0,0,0,0,0
0,0,0,0,0.85932,0.091459,0.61901,-1,2.2319,0.39308,-0.96112,1,0.24838,-0.0050618,-0.0046738,1,1,0.49974,2.1249,999,999,999,3.1763,0.92181,1.0271,0,0,0,0,0,0,0,0,0,0,0,0,0,0,0,0,0,0,0,0,0,0,0,0,0,0,0,0,0,0,0,0,0,0,0,0,0,0,0.0031718,2.2319,1,0.9913,0,0,0,0,0,0,0,0,0,0,0,1
0,0,0,0,0,0,0,0,0.9169,0.82435,-0.57404,1,0.90986,0.001426,-0.0004488,3,0,0,1.496,1.1446,-0.81961,-0.53906,1.3269,0.98634,0.636,0.86241,0.12036,1.211e-06,9999,0,-1,0,19.141,0.099543,0,0,0,0,0,0,0,0,1,0.9169,0.92402,-0.96797,0,0,0,0,0,10,0.12036,1.211e-06,9999,-1,0,19.141,0.099543,0.9169,0.92402,-0.96797,-0,0.0011783,1.1446,1,0.81961,-0.96797,1,0.90986,0.67249,0,0,0,0,0,0,0,1
0,0,0,0,0,0,0,0,0.52697,1.8111,-0.96514,-1,0.93222,-0.00023831,-3.5305e-05,2,0,0,1.0228,999,999,999,0.36667,0.72392,0.53061,0.6164,0.087534,1.4166e-06,9999,0,1,0,6.1523,0.16487,0,0,0,0,0,0,0,0,1,0.53997,0.30814,-0.48135,0,0,0,0,0,10,0.087534,1.4166e-06,9999,1,0,6.1523,0.16487,0.53997,0.30814,-0.48135,0,0.017554,0.53997,-1,0.30814,0.89219,-1,-4.1515e-06,-0.64878,0,0,0,0,0,0,0,1
0,0,0,0,0,0,0,0,0.36277,0.18631,-0.1807,-1,-1.4649e-05,-1.0964e-05,-8.4783e-06,1,1,0.4974,0.49806,999,999,999,0.42875,0.40247,0.3807,0.78973,0.089195,1.3311e-06,9999,1,1,0,7.1289,0.14875,0,0,0,0,0,0,0,0,1,0.64497,0.78757,-0.67078,0,0,0,0,0,10,0.089195,1.3311e-06,9999,1,0,7.1289,0.14875,0.64497,0.78757,-0.67078,2,0.0082072,0.64497,-1,0.78757,0.69956,-1,-1.0964e-05,-0.70088,0,0,0,0,0,0,0,0
0,0,0,0,0,0,0,0,0.50476,0.10825,0.26156,1,-0.002155,1.963e-05,0,0,0,0,0.52726,999,999,999,0.67178,0.45789,0,0,0,0,0,0,0,0,0,0,0,0,0,0,0,0,0,0,0,0,0,0,0,0,0,0,0,0,0,0,0,0,0,0,0,0,0,0,0,0.019408,0.50476,1,0.86936,0,0,0,0,0,0,0,0,0,0,0,0
0,0,0,0,0,0,0,0,1.1105,1.4915,-0.035139,-1,0.96379,0.88904,-0.7748,1,0,0,1.509,0.65785,0.91848,-0.46347,0.86548,1.0138,1.5251,0.94997,0.10679,3.3075e-07,9999,1,-1,3164.1,19.922,0.087738,0,0,0,0,0,0,0,0,1,0.65785,0.91848,-0.77444,0,0,0,0,0,10,0.10679,3.3075e-07,9999,-1,3164.1,19.922,0.087738,0.65785,0.91848,-0.77444,-2,0.010107,1.1105,-1,0.86493,0.72863,1,0.96379,0.8252,0,0,0,0,0,0,0,1
0,0,0,0,0,0,0,0,0.40567,0.75039,-0.68193,1,0.0013638,0.0011873,-1.2667e-06,2,0,0,0.60538,999,999,999,0.41875,0.43269,0.054553,0.77055,0.070697,1.2667e-06,9999,0,-1,0,3.5156,0.054553,1,0,1.9724,0.70859,-0.315,0.13388,0.008207,0.037217,1,999,999,999,0,0,0,0,0,0,0,0,0,0,0,0,0,0,0,0,0,0,0,0,0,0.78745,1,0.0013638,0.73818,0,0,0,0,0,0,0,0
0,0,0,0,0,0,0,0,0.3909,0.20868,0.31078,-1,0.01295,9.4971e-05,-7.1182e-06,2,1,0.4967,0.53963,999,999,999,0.75384,0.68204,0.36703,0,0,0,0,0,0,0,0,0,0,0,0,0,0,0,0,0,0,0,0,0,0,0,0,0,0,0,0,0,0,0,0,0,0,0,0,0,0,0,0,0,0,0,0,0,0,0,0,0,0,0,0,0,1
0,0,0,0,0,0,0,0,0.43776,0.57799,-0.8398,-1,0.276,-3.2595e-05,-2.2853e-05,2,1,0.49192,0.87751,999,999,999,0.66901,0.5191,0.4745,0,0,0,0,0,0,0,0,0,0,0,0,0,0,0,0,0,0,0,0,0,0,0,0,0,0,0,0,0,0,0,0,0,0,0,0,0,0,0.013086,0.52127,-1,0.52117,0,0,0,0,0,0,0,0,0,0,0,1
1.4884,0.98962,-0.92832,-1,0,0,0,0,0.6218,0.12194,0.10509,-1,-0.98978,0.094298,-5.6897e-05,0,0,0,1.6837,999,999,999,0.4791,0.8812,2.0374,0,0,0,0,0,0,0,0,0,0,0,0,0,0,0,0,0,0,0,0,0,0,0,0,0,0,0,0,0,0,0,0,0,0,0,0,0,0,0.0023006,1.4884,-1,0.76329,0,0,0,0,0,0,0,0,0,0,0,0
0,0,0,0,0,0,0,0,0.99944,1.1859,-0.79896,1,-0.98629,0.95092,-5.5721e-05,0,0,0,1.2901,999,999,999,0.64755,1.0453,0.59882,0,0,0,0,0,0,0,0,0,0,0,0,0,0,0,0,0,0,0,0,0,0,0,0,0,0,0,0,0,0,0,0,0,0,0,0,0,0,0.0049302,0.99944,1,0.85942,0,0,0,0,0,0,0,0,0,0,0,0
0,0,0,0,1.8783,0.049752,-0.86377,-1,0.81307,0,0.84449,1,-0.98303,0.13719,-0.011045,0,0,0,1.8097,999,999,999,0.68554,1.3163,1.6292,0,0,0,0,0,0,0,0,0,0,0,0,0,0,0,0,0,0,0,0,0,0,0,0,0,0,0,0,0,0,0,0,0,0,0,0,0,0,0.0164,1.8783,-1,0.89346,0,0,0,0,0,0,0,0,0,0,0,0
0,0,0,0,0.62339,1.0561,0.078041,1,0.45779,1.2098,-0.40887,-1,-0.00027751,6.8581e-05,-3.4899e-05,0,0,0,1.0926,999,999,999,0.65631,0.65884,0.52869,0,0,0,0,0,0,0,0,0,0,0,0,0,0,0,0,0,0,0,0,0,0,0,0,0,0,0,0,0,0,0,0,0,0,0,0,0,0,0.0068189,0.62339,1,0.96522,0,0,0,0,0,0,0,0,0,0,0,0
0,0,0,0,0,0,0,0,0.4957,0.69998,-0.47268,1,-0.94717,0.00075524,-5.1128e-05,0,0,0,1.0381,-0.54781,-0.9956,-0.99374,1.1048,0.78341,0.59619,0.90782,0.096892,3.9383e-07,9999,1,1,305.18,4.9316,0.14323,0,0,0,0,0,0,0,0,1,0.54781,0.9956,-0.8741,0,0,0,0,0,10,0.096892,3.9383e-07,9999,1,305.18,4.9316,0.14323,0.54781,0.9956,-0.8741,2,0.013822,0.8462,-1,0.9997,0.90782,-1,-0.94717,-0.77115,0,0,0,0,0,0,0,0
0.84764,0,0.25035,-1,0,0,0,0,1.0566,0,-0.60361,1,-0.94916,-0.053659,0.031812,0,0,0,1.5009,-0.84764,0.78554,-0.52872,0.43811,0.9409,1.043,0,0,0,0,0,0,0,0,0,0,0,0,0,0,0,0,0,0,0,0,0,0,0,0,0,0,0,0,0,0,0,0,0,0,0,0,0,0,0.0056271,1.0566,1,0.95924,0,0,0,0,0.84764,0,0.25035,-1,1,0.0056967,0.78554,0
1.8297,0,-0.75253,-1,0,0,0,0,1.1771,0.19006,0.38168,1,-0.99861,0.024471,-0.00012504,0,0,0,2.0899,-1.8297,-0.91078,-0.14398,0.49026,1.562,1.6974,0.87016,0.12901,4.3238e-07,9999,1,1,791.02,5.4688,0.16773,0,0,0,0,0,0,0,0,1,1.8297,0.91078,-0.76389,0,0,0,0,0,10,0.12901,4.3238e-07,9999,1,791.02,5.4688,0.16773,1.8297,0.91078,-0.76389,2,0.01484,1.8297,-1,0.91078,-0.032332,-1,-0.99861,-0.65566,0,0,0,0,0,0,0,0
0,0,0,0,0,0,0,0,1.4035,1.2008,-0.66321,-1,-0.99713,-0.030644,0.030372,0,0,0,1.6103,-1.4035,0.87245,-0.99325,0.54286,2.184,1.1584,0,0,0,0,0,0,0,0,0,0,0,0,0,0,0,0,0,0,0,0,0,0,0,0,0,0,0,0,0,0,0,0,0,0,0,0,0,0,0.0059347,1.4035,-1,0.87245,0,0,0,0,0,0,0,0,0,0,0,0
0,0,0,0,0,0,0,0,0.59931,0.4492,-0.45577,-1,-0.00042456,9.3872e-06,-3.7113e-07,0,0,0,0.62344,999,999,999,0.88794,0.38918,0.12599,0.71754,0.17768,3.7113e-07,9999,1,-1,1015.6,7.9102,0.12599,0,0,0,0,0,0,0,0,1,999,999,999,0,0,0,0,0,0,0,0,0,0,0,0,0,0,0,0,0,0.016198,0.59931,-1,0.90349,0.3998,1,9.3872e-06,0.083068,0,0,0,0,0,0,0,1
0,0,0,0,0,0,0,0,0.70169,0.45028,0.20558,-1,0.99103,-0.00074354,4.5776e-05,0,0,0,1.0269,999,999,999,0.67698,0.83123,0.57322,0,0,0,0,0,0,0,0,0,0,0,0,0,0,0,0,0,0,0,0,0,0,0,0,0,0,0,0,0,0,0,0,0,0,0,0,0,0,0.020202,1.0046,1,0.85915,0,0,0,0,0,0,0,0,0,0,0,1
0,0,0,0,0,0,0,0,0.10135,1.3447,-0.94862,-1,-0.99953,0.98079,8.4708e-05,0,0,0,1.0934,999,999,999,0.35132,0.54307,0.87045,0.2145,0.10135,3.7754e-07,9999,1,-1,1562.5,6.3477,0.13111,0,0,0,0,0,0,0,0,1,999,999,999,0,0,0,0,0,10,0.22462,5.4435e-07,9999,-1,581.05,4.248,0.21793,0.65775,0.92784,-0.20986,-6,0.0018141,0.65775,1,0.92784,0.25989,1,0.98079,0.40846,0,0,0,0,0,0,0,0
1.9269,0.038726,-0.90372,-1,0,0,0,0,0.66403,0.07356,0.97689,-1,-0.99796,-7.6037e-05,-6.7767e-05,0,0,0,2.0591,-1.9269,0.99177,-0.038133,0.51878,2.4064,0.66889,0,0,0,0,0,0,0,0,0,0,0,0,0,0,0,0,0,0,0,0,0,0,0,0,0,0,0,0,0,0,0,0,0,0,0,0,0,0,0.0016901,1.9269,-1,0.99177,0,0,0,0,0,0,0,0,0,0,0,0
0,0,0,0,0,0,0,0,1.3353,1.3847,0.43042,-1,0.04013,-0.00068634,-1.9294e-05,0,0,0,1.4776,0.56214,-0.77919,-0.94933,1.3038,2.009,0.45614,0.19413,0.17023,1.2097e-06,9999,1,1,0,27.344,0.089384,0,0,0,0,0,0,0,0,1,1.3353,0.66275,-0.58258,0,0,0,0,0,10,0.17023,1.2097e-06,9999,1,0,27.344,0.089384,1.3353,0.66275,-0.58258,0,0.012128,1.3353,-1,0.66275,0.70117,-1,-1.9294e-05,-0.014692,0,0,0,0,0,0,0,1
0,0,0,0,0,0,0,0,1.3412,0.11212,-0.77587,-1,0.077072,-0.029236,1.1875e-05,0,0,0,1.5065,999,999,999,1.1227,1.547,0.4095,0,0,0,0,0,0,0,0,0,0,0,0,0,0,0,0,0,0,0,0,0,0,0,0,0,0,0,0,0,0,0,0,0,0,0,0,0,0,0.0022201,1.3412,-1,0.8598,0,0,0,0,0,0,0,0,0,0,0,0
0,0,0,0,0.74039,1.0316,-0.74128,1,0.92016,0.49254,0.71788,-1,-0.40175,0.00040393,-4.5546e-05,3,1,0.49735,1.2469,999,999,999,1.2149,0.81058,0.57281,0.28375,0.19113,4.2599e-07,9999,1,1,732.42,5.4199,0.16402,0,0,0,0,0,0,0,0,1,0.92016,0.94278,-0.17623,0,0,0,0,0,10,0.19113,4.2599e-07,9999,1,732.42,5.4199,0.16402,0.92016,0.94278,-0.17623,0,0.00045772,0.92016,-1,0.94278,-0.17623,-1,-0.40175,-0.0041433,0,0,0,0,0,0,0,0
0,0,0,0,0,0,0,0,0.63498,0,-0.18311,-1,-3.2399e-05,1.7633e-05,6.1947e-07,1,1,0.49739,0.5983,999,999,999,0.51826,0.44688,0.24148,0.62066,0.19539,5.6205e-07,9999,1,-1,595.7,5.0781,0.22401,0,0,0,0,0,0,0,0,1,999,999,999,0,0,0,0,0,0,0,0,0,0,0,0,0,0,0,0,0,0.02751,0.63498,-1,0.98503,0.62643,-1,-3.2399e-05,-0.00010715,0,0,0,0,0,0,0,1
0,0,0,0,0,0,0,0,1.2719,0.98407,-0.94726,-1,0.025747,-0.010284,-3.9092e-07,0,0,0,1.4427,999,999,999,0.97826,1.433,0.14116,0.99206,0.15082,3.9092e-07,9999,1,-1,888.67,6.3477,0.14116,0,0,0,0,0,0,0,0,1,0.72295,0.8426,-0.87787,0,0,0,0,0,10,0.15082,3.9092e-07,9999,-1,888.67,6.3477,0.14116,0.72295,0.8426,-0.87787,-0,0.011446,1.2719,-1,0.93452,-0.87787,1,0.025747,0.88396,0,0,0,0,0,0,0,1
0,0,0,0,0,0,0,0,0.7021,0.54217,0.82687,1,-0.00011645,9.1448e-05,-1.6393e-06,1,0,0,1.0572,999,999,999,0.7941,0.7304,0.19322,0.92828,0.13318,5.7601e-07,9999,0,-1,605.47,3.6621,0.22856,0,0,0,0,0,0,0,0,1,0.7021,0.98603,-0.869,0,0,0,0,0,10,0.12378,1.6393e-06,9999,-1,0,4.834,0.19322,0.7021,0.98603,-0.48871,-6,0.0055586,0.80101,-1,0.79692,-0.869,1,9.1448e-05,0.75739,0,0,0,0,0,0,0,0
0,0,0,0,0,0,0,0,0.85505,1.2068,-0.79679,1,0.96195,-0.003387,-7.5916e-05,4,1,0.49936,1.147,999,999,999,1.1523,0.54149,0.64722,0.19444,0.092257,1.2093e-06,9999,0,-1,0,15.039,0.093445,0,0,0,0,0,0,0,0,1,999,999,999,0,0,0,0,0,0,0,0,0,0,0,0,0,0,0,0,0,0.0020784,0.85505,1,0.85539,0.65317,1,0.96195,0.46863,0,0,0,0,0,0,0,0
0,0,0,0,0,0,0,0,0.83889,1.4236,0.60672,1,0.91092,-0.099529,0.00017295,1,1,0.49687,1.2444,0.83889,-0.97375,-0.78234,0.70831,1.2646,0.82732,0.94398,0.16443,6.0152e-07,9999,1,-1,581.05,4.2969,0.23635,0,0,0,0,0,0,0,0,1,0.83889,0.97375,-0.99403,0,0,0,0,0,10,0.16443,6.0152e-07,9999,-1,581.05,4.2969,0.23635,0.83889,0.97375,-0.99403,-9,0.0051821,0.83889,1,0.97375,0.71048,1,0.91092,0.70756,0,0,0,0,0,0,0,0
0,0,0,0,0,0,0,0,0.75864,2.0864,-0.91976,1,-0.99939,0.020676,6.1431e-05,0,0,0,1.1377,999,999,999,0.46722,0.98362,0.63662,0,0,0,0,0,0,0,0,0,0,0,0,0,0,0,0,0,0,0,0,0,0,0,0,0,0,0,0,0,0,0,0,0,0,0,0,0,0,0.003033,0.75864,1,0.8712,0,0,0,0,0,0,0,0,0,0,0,0
0,0,0,0,0,0,0,0,1.2597,0.03667,-0.54689,1,0.96161,-0.00523,0.0013217,1,0,0,1.446,0.80371,0.88741,-0.86968,1.2583,0.592,0.8234,0.67496,0.1321,5.913e-07,9999,1,-1,839.84,4.6875,0.23331,0,0,0,0,0,0,0,0,1,1.2597,0.97781,-0.58651,0,0,0,0,0,10,0.1321,5.913e-07,9999,-1,839.84,4.6875,0.23331,1.2597,0.97781,-0.58651,-6,0.0011472,1.2597,1,0.97781,-0.58651,1,0.96161,0.37611,0,0,0,0,0,0,0,1
0,0,0,0,0,0,0,0,1.0267,0.1906,-0.3344,-1,-0.84264,-0.10277,0.0086548,1,0,0,1.1635,-1.0267,0.5117,-0.49109,0.62304,1.3323,0.6664,0.99387,0.12385,3.6751e-07,9999,1,1,1015.6,9.375,0.12299,0,0,0,0,0,0,0,0,1,1.0267,0.5117,-0.53208,0,0,0,0,0,10,0.12385,3.6751e-07,9999,1,1015.6,9.375,0.12299,1.0267,0.5117,-0.53208,2,0.0088172,1.0267,-1,0.5117,0.91511,-1,-0.84264,-0.8979,0,0,0,0,0,0,0,0
0.77399,0.070579,0.65472,-1,0,0,0,0,0.72459,0.84457,-0.98003,1,-0.97264,0.00016904,-5.9797e-05,0,0,0,1.0297,-0.77399,-0.9195,-0.83528,0.94913,0.94496,0.53057,0,0,0,0,0,0,0,0,0,0,0,0,0,0,0,0,0,0,0,0,0,0,0,0,0,0,0,0,0,0,0,0,0,0,0,0,0,0,0.012504,0.77399,-1,0.9195,0,0,0,0,0.77399,0.070579,0.65472,-1,1,0.012504,0.9195,0
0,0,0,0,0,0,0,0,0.73893,0.44389,-0.29843,-1,-0.99958,0.016677,5.5872e-05,1,0,0,0.8768,999,999,999,0.41156,0.92586,0.61642,0.90233,0.17686,9.4259e-07,9999,0,1,625,4.6387,0.30348,0,0,0,0,0,0,0,0,1,0.73893,0.517,-0.80958,0,0,0,0,0,10,0.17686,9.4259e-07,9999,1,625,4.6387,0.30348,0.73893,0.517,-0.80958,5,0.0014741,0.68742,1,0.93904,-0.80958,-1,-0.99958,-0.45327,0,0,0,0,0,0,0,0
0,0,0,0,0,0,0,0,0.79929,1.4129,-0.15219,1,0.12843,3.5898e-05,-1.858e-05,1,0,0,1.0391,0.50632,-0.88051,-0.69291,1.2182,0.53312,0.54678,0.94217,0.098536,1.429e-06,9999,0,1,0,4.1504,0.16686,0,0,0,0,0,0,0,0,1,0.66013,0.85461,-0.6329,0,0,0,0,0,10,0.098536,1.429e-06,9999,1,0,4.1504,0.16686,0.66013,0.85461,-0.6329,11,0.017962,0.79929,1,0.9505,0.75744,1,3.5898e-05,0.10182,0,0,0,0,0,0,0,0
0,0,0,0,0,0,0,0,0.4243,0.49382,0.71946,-1,-0.31702,-8.8648e-05,6.3224e-05,2,1,0.49446,0.41558,999,999,999,0.81936,0.65348,0.62746,0,0,0,0,0,0,0,0,0,0,0,0,0,0,0,0,0,0,0,0,0,0,0,0,0,0,0,0,0,0,0,0,0,0,0,0,0,0,0,0,0,0,0,0,0,0,0,0,0,0,0,0,0,1
0,0,0,0,0,0,0,0,0.24656,0.76673,-0.75995,-1,7.0713e-07,-5.9766e-07,5.4222e-07,0,0,0,0.40568,999,999,999,0.26308,0.23522,0.21717,0.67161,0.24656,5.9766e-07,9999,1,-1,541.99,4.3945,0.23522,0,0,0,0,0,0,0,0,1,999,999,999,0,0,0,0,0,0,0,0,0,0,0,0,0,0,0,0,0,0,0,0,0,0,0,0,0,0,0,0,0,0,0,0,1
0,0,0,0,0,0,0,0,0.61287,0,-0.41713,1,0.98505,-0.022704,0.0047296,1,0,0,0.92759,0.61287,-0.66453,-0.46365,0.76695,0.62876,0.92518,0,0,0,0,0,0,0,0,0,0,0,0,0,0,0,0,0,0,0,0,0,0,0,0,0,0,0,0,0,0,0,0,0,0,0,0,0,0,0.0032967,0.68718,-1,0.73103,0,0,0,0,0,0,0,0,0,0,0,0
0,0,0,0,0,0,0,0,0.81236,0.52215,-0.47144,-1,-0.73921,-0.23535,7.86e-07,0,0,0,0.98429,-0.54016,-0.48921,-0.71219,1.0537,0.75736,0.27886,0.73832,0.1396,4.0617e-07,9999,1,-1,810.55,5.957,0.15165,0,0,0,0,0,0,0,0,1,999,999,999,0,0,0,0,0,0,0,0,0,0,0,0,0,0,0,0,0,0.013953,0.81236,-1,0.8799,0,0,0,0,0,0,0,0,0,0,0,0
0,0,0,0,0,0,0,0,0.26631,0.23204,0.090418,1,-0.018169,-5.456e-06,-2.5008e-06,5,2,0.50371,0.31215,999,999,999,0.6443,0.34559,0.28655,0.65414,0.099074,1.3168e-06,9999,0,1,0,2.5146,0.041223,0,0,0,0,0,0,0,0,1,999,999,999,0,0,0,0,0,0,0,0,0,0,0,0,0,0,0,0,0,0,0,0,0,0.98903,-1,-1.3269e-06,-0.60174,0,0,0,0,0,0,0,0
0,0,0,0,0,0,0,0,0.69793,0.2334,0.42814,1,0.95122,-5.828e-05,-1.3206e-05,1,0,0,1.0156,999,999,999,0.98112,0.6262,0.41909,0.32272,0.18707,9.9539e-07,9999,0,1,483.4,3.3691,0.31036,0,0,0,0,0,0,0,0,1,0.8158,0.30288,-0.72722,0,0,0,0,0,10,0.18707,9.9539e-07,9999,1,483.4,3.3691,0.31036,0.8158,0.30288,-0.72722,9,0.0074682,0.8158,-1,0.30288,-0.29072,-1,-1.3206e-05,-0.0067986,0,0,0,0,0,0,0,1
0,0,0,0,1.1328,0.067831,-0.92759,1,0,0,0,0,8.1732e-05,0,0,0,1,0.49921,0.95024,999,999,999,1.6385,0,0,0,0,0,0,0,0,0,0,0,0,0,0,0,0,0,0,0,0,0,0,0,0,0,0,0,0,0,0,0,0,0,0,0,0,0,0,0,0,0.0012514,1.1328,1,0.95781,0,0,0,0,0,0,0,0,0,0,0,1
0,0,0,0,0,0,0,0,0.83206,1.5205,-0.81946,-1,-0.11692,-0.067428,-4.3411e-05,0,0,0,1.0076,-0.81683,-0.84669,-0.96665,1.3585,0.97188,0.56361,0,0,0,0,0,0,0,0,0,0,0,0,0,0,0,0,0,0,0,0,0,0,0,0,0,0,0,0,0,0,0,0,0,0,0,0,0,0,0.00072704,0.81683,-1,0.84669,0,0,0,0,0,0,0,0,0,0,0,0
0,0,0,0,0,0,0,0,0.89228,1.3646,-0.37083,1,-0.31267,-0.060684,0.00019225,0,0,0,1.3856,999,999,999,1.4757,1.3403,0.88674,0.94429,0.24854,4.9821e-07,9999,1,-1,722.66,2.7832,0.20006,0,0,0,0,0,0,0,0,1,999,999,999,0,0,0,0,0,0,0,0,0,0,0,0,0,0,0,0,0,0.0045625,0.93932,-1,0.78347,0.50448,1,0.00019225,0.02455,0,0,0,0,0,0,0,0
0,0,0,0,0,0,0,0,0.86024,1.2557,-0.66404,1,0.98587,0.0007837,0.0007239,1,0,0,1.2207,0.86024,-0.8979,-0.37704,0.74216,0.71213,0.59248,0.38517,0.23792,5.3581e-07,9999,1,-1,522.46,3.8574,0.21485,0,0,0,0,0,0,0,0,1,0.86024,0.8979,-0.21828,0,0,0,0,0,10,0.23792,5.3581e-07,9999,-1,522.46,3.8574,0.21485,0.86024,0.8979,-0.21828,-0,0.0022659,0.86024,1,0.8979,-0.049662,1,0.98587,0.0001691,0,0,0,0,0,0,0,0
0,0,0,0,0,0,0,0,1.3607,0.68357,-0.84584,-1,-0.96734,-5.547e-05,2.2611e-05,0,0,0,1.2115,999,999,999,2.0662,0.56559,0.47336,0,0,0,0,0,0,0,0,0,0,0,0,0,0,0,0,0,0,0,0,0,0,0,0,0,0,0,0,0,0,0,0,0,0,0,0,0,0,0.0014686,1.3607,-1,0.67072,0,0,0,0,0,0,0,0,0,0,0,0
0,0,0,0,0,0,0,0,0.98877,0.08533,-0.62424,1,-0.99819,0.0079506,-2.1664e-05,0,0,0,1.1223,999,999,999,0.50948,1.2773,0.46861,0,0,0,0,0,0,0,0,0,0,0,0,0,0,0,0,0,0,0,0,0,0,0,0,0,0,0,0,0,0,0,0,0,0,0,0,0,0,0.013247,0.98877,1,0.95547,0,0,0,0,0,0,0,0,0,0,0,0
0,0,0,0,0,0,0,0,0.76178,0.78934,-0.42,1,0.00079965,0.00017634,3.068e-05,3,1,0.49812,0.83921,999,999,999,0.6787,0.17885,0.51081,0.95926,0.20351,5.3412e-07,9999,0,1,620.12,4.1504,0.21423,0,0,0,0,0,0,0,0,1,999,999,999,0,0,0,0,0,10,0.18641,5.5348e-07,9999,-1,512.7,5.2246,0.22111,0.76178,0.85248,-0.23062,-9,0.0070504,0.76178,1,0.85248,0.80231,1,3.068e-05,0.018404,0,0,0,0,0,0,0,1
0,0,0,0,0,0,0,0,1.2562,0.46623,-0.56642,1,0.58666,-0.44645,0.12742,1,0,0,1.2464,1.2562,-0.91195,-0.90378,1.4102,1.207,1.0478,0,0,0,0,0,0,0,0,0,0,0,0,0,0,0,0,0,0,0,0,0,0,0,0,0,0,0,0,0,0,0,0,0,0,0,0,0,0,0.0066745,1.2562,1,0.91195,0,0,0,0,0,0,0,0,0,0,0,1
0,0,0,0,0,0,0,0,1.743,0,-0.34232,-1,1,0.96187,-0.40171,1,0,0,1.6996,999,999,999,0.18487,0.91251,2.5855,0,0,0,0,0,0,0,0,0,0,0,0,0,0,0,0,0,0,0,0,0,0,0,0,0,0,0,0,0,0,0,0,0,0,0,0,0,0,0.0079672,1.743,-1,0.95997,0,0,0,0,0,0,0,0,0,0,0,1
0,0,0,0,0,0,0,0,0.64944,0.40301,0.70719,-1,0.99892,-0.96367,-0.027936,2,0,0,1.1581,999,999,999,0.47276,0.87145,0.98566,0.89284,0.064128,1.2358e-06,9999,0,1,0,6.7383,0.11918,0,0,0,0,0,0,0,0,1,0.82708,0.96095,-0.92962,0,0,0,0,0,10,0.064128,1.2358e-06,9999,1,0,6.7383,0.11918,0.82708,0.96095,-0.92962,0,0.0047771,0.82708,-1,0.96095,0.99806,-1,-0.96367,-0.77808,0,0,0,0,0,0,0,0
0,0,0,0,0,0,0,0,1.171,0.95017,-0.9308,-1,-0.94771,-0.00011758,5.4818e-05,0,0,0,1.4559,-0.52437,-0.87064,-0.79479,1.6492,0.7188,0.61046,0.98029,0.13831,5.5296e-07,9999,1,1,620.12,4.7852,0.22093,0,0,0,0,0,0,0,0,1,0.52437,0.87064,-0.90779,0,0,0,0,0,10,0.13831,5.5296e-07,9999,1,620.12,4.7852,0.22093,0.52437,0.87064,-0.90779,5,0.0013821,1.171,-1,0.77443,0.88178,-1,-0.94771,-0.86759,0,0,0,0,0,0,0,0
0,0,0,0,0,0,0,0,0.77852,0.78412,-0.48779,1,0.98187,0.025249,0.012049,0,0,0,0.94377,0.77852,-0.82066,-0.14312,0.83195,1.015,1.1134,0.50264,0.1862,3.7987e-07,9999,1,-1,859.38,8.6914,0.13292,0,0,0,0,0,0,0,0,1,0.77852,0.82066,-0.76119,0,0,0,0,0,10,0.1862,3.7987e-07,9999,-1,859.38,8.6914,0.13292,0.77852,0.82066,-0.76119,-5,0.012099,0.77852,1,0.82066,-0.532,1,0.98187,0.014035,0,0,0,0,0,0,0,1
0,0,0,0,0,0,0,0,1.0617,1.6408,-0.84279,1,0.99994,-0.99921,0.037269,0,0,0,1.2644,1.0617,0.90524,-0.86898,0.32023,0.45235,1.3787,0,0,0,0,0,0,0,0,0,0,0,0,0,0,0,0,0,0,0,0,0,0,0,0,0,0,0,0,0,0,0,0,0,0,0,0,0,0,0.016309,1.0617,1,0.90524,0,0,0,0,0,0,0,0,0,0,0,0
0,0,0,0,0,0,0,0,0.62372,0.09216,0.40054,1,-0.0023449,6.1744e-05,1.7296e-06,1,0,0,0.70477,999,999,999,0.504,0.63009,0.25855,0.79355,0.15645,1.2603e-06,9999,0,-1,0,7.8125,0.12934,0,0,0,0,0,0,0,0,1,0.62372,0.79998,-0.53085,0,0,0,0,0,10,0.15645,1.2603e-06,9999,-1,0,7.8125,0.12934,0.62372,0.79998,-0.53085,-4,0.020961,0.62372,1,0.79998,0.93282,1,1.7296e-06,0.3386,0,0,0,0,0,0,0,0
0,0,0,0,0,0,0,0,0.56679,0.49256,0.44016,-1,-0.99985,-0.92867,-6.3383e-05,0,0,0,0.792,999,999,999,0.3333,0.33153,0.64867,0.92291,0.072219,1.2102e-06,9999,1,1,0,17.578,0.097754,0,0,0,0,0,0,0,0,1,0.56679,0.96102,-0.86265,0,0,0,0,0,10,0.072219,1.2102e-06,9999,1,0,17.578,0.097754,0.56679,0.96102,-0.86265,6,0.0026409,0.56679,-1,0.96102,0.77455,-1,-0.92867,-0.79931,0,0,0,0,0,0,0,0
0,0,0,0,0,0,0,0,1.0826,1.2222,-0.51846,-1,-0.036027,0.00068984,1.66e-05,0,0,0,1.1838,-0.55315,-0.44789,-0.69596,1.5183,0.57627,0.54054,0,0,0,0,0,0,0,0,0,0,0,0,0,0,0,0,0,0,0,0,0,0,0,0,0,0,0,0,0,0,0,0,0,0,0,0,0,0,0.012377,1.0826,-1,0.85333,0,0,0,0,0,0,0,0,0,0,0,0
0,0,0,0,1.523,0,-0.80821,1,0.58275,0.54751,0.27612,1,0.22946,0.048523,-1.6137e-06,0,0,0,1.5595,1.523,-0.99763,-0.73331,0.94314,1.5528,0.36364,0,0,0,0,0,0,0,0,0,0,0,0,0,0,0,0,0,0,0,0,0,0,0,0,0,0,0,0,0,0,0,0,0,0,0,0,0,0,0.0049124,1.523,1,0.99763,0,0,0,0,0,0,0,0,0,0,0,1
1.8445,0.2729,-0.78778,1,0,0,0,0,0.99249,0.99978,0.97319,1,0.97957,-0.62359,-0.00070878,0,0,0,2.2785,1.8445,0.92914,-0.625,0.83509,0.98616,1.2189,0,0,0,0,0,0,0,0,0,0,0,0,0,0,0,0,0,0,0,0,0,0,0,0,0,0,0,0,0,0,0,0,0,0,0,0,0,0,0.0035651,1.8445,1,0.92914,0,0,0,0,0,0,0,0,0,0,0,1
0,0,0,0,0,0,0,0,1.0814,1.2818,-0.97964,1,0.042457,2.641e-05,-1.2381e-06,1,0,0,1.0918,999,999,999,1.5011,0.49161,0.12031,0,0,0,0,0,0,0,0,0,0,0,0,0,0,0,0,0,0,0,0,0,0,0,0,0,0,0,0,0,0,0,0,0,0,0,0,0,0,0.0030516,1.0814,1,0.98844,0,0,0,0,0,0,0,0,0,0,0,0
0,0,0,0,0,0,0,0,0.3842,0.41866,0.83274,-1,0.024705,-0.00033201,4.6275e-05,1,0,0,0.90565,0.68494,-0.96512,-0.98102,0.83303,0.50139,0.5758,0.21804,0.19614,3.8856e-07,9999,1,-1,791.02,6.543,0.13944,0,0,0,0,0,0,0,0,1,0.51097,0.65102,-0.56358,0,0,0,0,0,10,0.19614,3.8856e-07,9999,-1,791.02,6.543,0.13944,0.51097,0.65102,-0.56358,-0,0.015402,0.68494,1,0.96512,0.31247,1,2.8794e-05,0.0020739,0,0,0,0,0,0,0,1
0,0,0,0,1.9835,0.038959,-0.60539,1,0.76552,1.2661,0.71676,-1,-0.00062952,0.0002015,0.00011889,2,1,0.50283,1.3741,999,999,999,0.47893,3.1818,0.76839,0.98925,0.17678,3.7112e-07,9999,1,-1,1025.4,10.547,0.12598,0,0,0,0,0,0,0,0,1,1.9835,0.99573,-0.97357,0,0,0,0,0,10,0.24471,1.9053e-06,9999,-1,0,4.7363,0.21599,1.9835,0.99573,-0.6831,-5,0.0066848,1.9835,1,0.99573,0.74576,1,2.7978e-06,0.83117,0,0,0,0,0,0,0,1
0,0,0,0,0,0,0,0,0.3607,0.87734,-0.055887,1,-0.91607,2.7265e-05,-1.572e-05,0,0,0,0.51657,999,999,999,0.30837,0.49535,0.53687,0.82528,0.19234,0.91607,9999,1,-1,0,19.922,0.30837,0,0,0,0,0,0,0,0,1,999,999,999,0,0,0,0,0,0,0,0,0,0,0,0,0,0,0,0,0,0,0,0,0,-0.26086,1,2.7265e-05,1.8354e-05,0,0,0,0,0,0,0,0
0,0,0,0,0,0,0,0,1.1689,0.77638,-0.79273,-1,0.96194,-0.92705,0.025591,0,0,0,1.5051,999,999,999,0.67944,1.0888,1.5827,0.9219,0.18485,3.7742e-07,9999,1,1,1103.5,7.7148,0.13102,0,0,0,0,0,0,0,0,1,999,999,999,0,0,0,0,0,0,0,0,0,0,0,0,0,0,0,0,0,0.0027064,1.1689,-1,0.93345,0.88522,-1,-0.92705,-0.46274,0,0,0,0,0,0,0,1
1.7832,0.25026,0.081053,1,0,0,0,0,0.18039,0.77965,-0.53337,-1,0.00025301,-6.5316e-05,6.0405e-05,0,0,0,1.9732,1.7832,-0.98447,-0.60887,0.93377,0.65914,1.9919,0.94284,0.18039,6.1622e-07,9999,1,-1,498.05,4.1992,0.24057,0,0,0,0,0,0,0,0,1,1.7832,0.98447,-0.87642,0,0,0,0,0,10,0.18039,6.1622e-07,9999,-1,498.05,4.1992,0.24057,1.7832,0.98447,-0.87642,-2,0.019221,1.7832,1,0.98447,0.87506,1,0.00025301,0.60612,0,0,0,0,0,0,0,1
0,0,0,0,0,0,0,0,0.68632,0.20667,0.15196,1,0.99376,0.86575,-0.48859,1,0,0,1.0459,999,999,999,0.62864,0.59246,1.2125,0.90418,0.092195,0.0007297,9999,0,-1,4023.4,6.6406,0.15339,0,0,0,0,0,0,0,0,1,0.68632,0.76203,-0.4226,0,0,0,0,0,10,0.092195,0.0007297,9999,-1,4023.4,6.6406,0.15339,0.68632,0.76203,-0.4226,-2,0.0010587,0.8013,-1,0.97304,-0.4226,1,0.99376,0.77067,0,0,0,0,0,0,0,1
0.5008,1.0541,-0.85197,1,0,0,0,0,0.99401,1.0541,-0.97748,-1,-0.00010441,4.1277e-05,6.2357e-06,1,0,0,0.82093,999,999,999,0.647,0.55543,0.47413,0.85941,0.056786,1.2116e-06,9999,0,-1,0,17.773,0.084886,0,0,0,0,0,0,0,0,1,999,999,999,0,0,0,0,0,0,0,0,0,0,0,0,0,0,0,0,0,0.011524,0.99401,-1,0.90696,0.95721,1,6.2357e-06,0.76725,0.5008,1.0541,-0.85197,1,1,0.0073001,0.94293,0
0.77833,0.48963,-0.060755,1,0,0,0,0,0.34686,0,0.51707,-1,0.088248,-7.4074e-07,6.2882e-07,0,0,0,0.75161,999,999,999,1.1133,0.27015,0.24404,0.98059,0.17363,6.2882e-07,9999,1,1,546.88,6.1035,0.24404,0,0,0,0,0,0,0,0,1,999,999,999,0,0,0,0,0,0,0,0,0,0,0,0,0,0,0,0,0,0.012165,0.77833,1,0.77834,0,0,0,0,0.77833,0.48963,-0.060755,1,1,0.012165,0.77834,0
0,0,0,0,0,0,0,0,0.7849,0.5267,-0.17378,-1,-0.0013955,-3.1672e-05,5.0774e-07,0,0,0,0.83044,999,999,999,1.1067,0.51513,0.20401,0,0,0,0,0,0,0,0,0,0,0,0,0,0,0,0,0,0,0,0,0,0,0,0,0,0,0,0,0,0,0,0,0,0,0,0,0,0,0.0040939,0.7849,-1,0.77231,0,0,0,0,0,0,0,0,0,0,0,1
0,0,0,0,0,0,0,0,1.4427,0.83963,-0.76857,-1,-0.033192,7.0606e-05,2.3436e-05,2,1,0.5011,1.1571,999,999,999,2.2908,0.66085,0.47745,0.93208,0.23412,1.8802e-06,9999,0,-1,0,4.2969,0.21414,0,1,0,0,0,0,0,0,1,999,999,999,0,0,0,0,0,0,0,0,0,0,0,0,0,0,0,0,0,0.0025821,1.4427,-1,0.94665,0.69981,1,7.0606e-05,0.052961,0,0,0,0,0,0,0,0
0,0,0,0,0,0,0,0,0.77641,2.0909,-0.99316,-1,1,0.0075971,0.00032964,2,0,0,1.2731,0.62513,0.99555,-0.50569,0.12943,0.79519,0.84776,0.98618,0.19527,8.4994e-07,9999,0,-1,556.64,3.8574,0.28981,1,0,0.14796,0.61544,0.025781,0.0067802,0.11628,0.13181,1,0.5688,0.59381,-0.45681,0,0,0,0,0,10,0.060808,1.2717e-06,9999,1,0,4.0527,0.052977,0.77641,0.94967,-0.33758,11,0.0027788,0.77641,-1,0.94967,-0.24639,1,1,0.69669,0,0,0,0,0,0,0,1
0,0,0,0,0,0,0,0,0.38266,0.34213,-0.17396,-1,-2.0416e-05,-1.9353e-05,1.4427e-05,3,2,0.49494,0.66143,999,999,999,0.46214,0.55052,0.42731,0.90122,0.20482,1.0619e-06,9999,0,-1,527.34,3.5156,0.31824,0,0,0,0,0,0,0,0,1,999,999,999,0,0,0,0,0,0,0,0,0,0,0,0,0,0,0,0,0,0,0,0,0,0.35576,1,2.1401e-06,0.0072579,0,0,0,0,0,0,0,0
0,0,0,0,0,0,0,0,0.87916,0.26725,-0.51018,-1,-0.97807,-3.5713e-05,2.5859e-05,0,0,0,0.73738,999,999,999,0.48229,0.53169,0.48904,0.60576,0.1529,4.9365e-07,9999,1,1,625,5.5664,0.19811,0,0,0,0,0,0,0,0,1,0.87916,0.85414,-0.35211,0,0,0,0,0,10,0.16098,4.9516e-07,9999,1,625,4.4434,0.19876,0.568,0.44275,-0.57188,5,0.010577,0.87916,-1,0.85414,-0.35211,-1,-0.97807,-0.15081,0,0,0,0,0,0,0,0
0,0,0,0,0,0,0,0,1.0252,0.45971,-0.81466,-1,-0.0001858,6.012e-05,-2.1424e-05,0,0,0,1.0085,999,999,999,0.73583,0.63486,0.46726,0,0,0,0,0,0,0,0,0,0,0,0,0,0,0,0,0,0,0,0,0,0,0,0,0,0,0,0,0,0,0,0,0,0,0,0,0,0,0.0049664,1.0252,-1,0.69914,0,0,0,0,0,0,0,0,0,0,0,1
0,0,0,0,0,0,0,0,0.57473,0.16155,0.54726,1,0.0044258,-1.0761e-06,0,0,0,0,0.59158,999,999,999,0.73067,0.31983,0,0.36557,0.21517,1.0761e-06,9999,1,-1,537.11,3.7598,0.31983,0,0,0,0,0,0,0,0,1,0.57473,0.87133,-0.70498,0,0,0,0,0,10,0.21517,1.0761e-06,9999,-1,537.11,3.7598,0.31983,0.57473,0.87133,-0.70498,-5,0.008495,0.57473,1,0.87133,-0.70498,1,0.0044258,0.00082313,0,0,0,0,0,0,0,1
0,0,0,0,0,0,0,0,1.6569,0,0.017352,-1,-0.044657,5.272e-06,0,0,0,0,1.6538,999,999,999,1.9682,0.34294,0,0.42953,0.24803,5.272e-06,9999,1,1,493.16,3.3203,0.34294,0,0,0,0,0,0,0,0,1,1.6569,0.93259,-0.12338,0,0,0,0,0,10,0.24803,5.272e-06,9999,1,493.16,3.3203,0.34294,1.6569,0.93259,-0.12338,8,0.015352,1.6569,-1,0.93259,-0.12338,-1,-0.044657,-9.4762e-05,0,0,0,0,0,0,0,0
0,0,0,0,0,0,0,0,0.35428,0.37191,0.44272,1,-0.015263,0.00060252,-0.00017438,3,1,0.49571,0.85611,999,999,999,0.43965,0.34843,0.14812,0.8447,0.070841,1.2122e-06,9999,1,1,0,14.648,0.10152,0,0,0,0,0,0,0,0,1,999,999,999,0,0,0,0,0,0,0,0,0,0,0,0,0,0,0,0,0,0.016229,0.63123,1,0.65323,0.18148,-1,-0.00017438,-0.75057,0,0,0,0,0,0,0,0
0.38227,0.91149,0.67313,-1,0,0,0,0,0.69707,0.65656,-0.86075,-1,-7.3594e-05,-5.5031e-05,8.3063e-06,0,0,0,0.70946,-0.69707,0.75877,-0.93725,0.59691,0.612,0.37901,0.91191,0.13983,5.5089e-07,9999,1,1,541.99,4.834,0.22022,0,0,0,0,0,0,0,0,1,999,999,999,0,0,0,0,0,0,0,0,0,0,0,0,0,0,0,0,0,0.012686,0.69707,-1,0.75877,0.42558,-1,-5.5031e-05,-0.70338,0.38227,0.91149,0.67313,-1,1,0.086003,0.51087,0
0.56153,0.68941,0.6535,-1,0,0,0,0,1.0325,0.60372,-0.95579,1,0.011795,-0.0077523,4.218e-07,0,0,0,1.0919,999,999,999,1.4553,0.64275,0.16151,0.88018,0.17811,4.218e-07,9999,1,1,673.83,7.4219,0.16151,0,0,0,0,0,0,0,0,1,999,999,999,0,0,0,0,0,0,0,0,0,0,0,0,0,0,0,0,0,0.0055726,1.0325,1,0.95397,0.80146,-1,-0.0077523,-0.35906,0.56153,0.68941,0.6535,-1,1,0.016332,0.83666,1
0,0,0,0,0,0,0,0,0.93142,1.3826,-0.83052,-1,-0.26525,-5.8285e-05,-1.0224e-05,2,1,0.50264,0.77897,999,999,999,1.4758,0.62494,0.39643,0.84026,0.15919,3.9567e-07,9999,1,1,898.44,6.543,0.14453,0,0,0,0,0,0,0,0,1,0.93142,0.91027,-0.66441,0,0,0,0,0,10,0.2441,5.6612e-07,9999,1,566.41,3.7109,0.22536,0.93142,0.91027,-0.54929,5,0.0021437,0.93142,-1,0.91027,-0.66441,-1,-0.26525,-0.41448,0,0,0,0,0,0,0,0
0.87792,0.65482,-0.9815,-1,0,0,0,0,0.32497,0.30115,0.54028,1,-0.15356,5.6148e-06,0,0,0,0,0.6139,999,999,999,1.3987,0.34781,0,0,0,0,0,0,0,0,0,0,0,0,0,0,0,0,0,0,0,0,0,0,0,0,0,0,0,0,0,0,0,0,0,0,0,0,0,0,0,0.0097643,0.87792,-1,0.99079,0,0,0,0,0.87792,0.65482,-0.9815,-1,1,0.0097643,0.99079,0
0,0,0,0,0,0,0,0,0.55256,0.43148,0.040916,1,0.99842,-0.98103,-0.10677,1,0,0,1.2776,0.52312,-0.92509,-0.79774,0.48163,0.91471,1.3237,0,0,0,0,0,0,0,0,0,0,0,0,0,0,0,0,0,0,0,0,0,0,0,0,0,0,0,0,0,0,0,0,0,0,0,0,0,0,0.014296,0.86701,-1,0.95628,0,0,0,0,0,0,0,0,0,0,0,1
0,0,0,0,0,0,0,0,0.81398,0.60377,0.76342,1,0.96156,-0.37628,-5.609e-07,1,0,0,1.0284,999,999,999,1.1827,0.67886,0.22363,0.24729,0.13212,5.609e-07,9999,0,-1,742.19,5.4688,0.22363,0,0,0,0,0,0,0,0,1,999,999,999,0,0,0,0,0,10,0.24945,4.8533e-07,9999,1,673.83,5.3223,0.19446,0.71683,0.89272,-0.49743,5,0.0064381,0.81398,1,0.49551,0.71757,1,0.96156,0.17884,0,0,0,0,0,0,0,1
0,0,0,0,0,0,0,0,1.1201,0.70757,0.1209,1,0.1932,-0.0061588,0.00018141,1,0,0,0.90355,999,999,999,1.7912,0.47417,0.19685,0.89941,0.22653,0.00018141,9999,1,1,634.77,0,0.19685,0,0,0,0,0,0,0,0,1,999,999,999,0,0,0,0,0,0,0,0,0,0,0,0,0,0,0,0,0,0.0094364,1.1201,1,0.96761,0.93051,-1,-0.0061588,-0.035232,0,0,0,0,0,0,0,0
0,0,0,0,0,0,0,0,1.8311,0.1619,-0.93753,1,0.019336,0.00038412,-0.00017371,0,0,0,1.1297,999,999,999,1.2333,0.6131,0.85782,0,0,0,0,0,0,0,0,0,0,0,0,0,0,0,0,0,0,0,0,0,0,0,0,0,0,0,0,0,0,0,0,0,0,0,0,0,0,0.0085332,1.8311,1,0.99845,0,0,0,0,0,0,0,0,0,0,0,1
0,0,0,0,0,0,0,0,1.4651,0.56999,0.46951,1,-0.00019861,5.9253e-05,6.0897e-06,0,0,0,1.6091,999,999,999,0.74836,1.9454,0.35414,0.42147,0.18328,8.6783e-07,9999,1,1,512.7,4.1504,0.29263,0,0,0,0,0,0,0,0,1,999,999,999,0,0,0,0,0,0,0,0,0,0,0,0,0,0,0,0,0,0.00092088,1.4651,1,0.99938,0.53326,1,5.9253e-05,0.00030098,0,0,0,0,0,0,0,0
0.83277,0.71728,-0.93296,1,0,0,0,0,0.33364,0.26403,0.7757,-1,0.10405,-1.3717e-05,0,0,0,0,0.86274,999,999,999,1.0131,0.52182,0,0,0,0,0,0,0,0,0,0,0,0,0,0,0,0,0,0,0,0,0,0,0,0,0,0,0,0,0,0,0,0,0,0,0,0,0,0,0,0.02244,0.83277,1,0.97372,0,0,0,0,0.83277,0.71728,-0.93296,1,1,0.02244,0.97372,1
0,0,0,0,0,0,0,0,0.78866,0.68409,0.050314,1,0.99892,-0.88685,0.00016069,0,0,0,1.077,0.78866,0.77274,-0.88338,0.47277,0.25344,0.97858,0,0,0,0,0,0,0,0,0,0,0,0,0,0,0,0,0,0,0,0,0,0,0,0,0,0,0,0,0,0,0,0,0,0,0,0,0,0,0.0023593,0.78866,1,0.77274,0,0,0,0,0,0,0,0,0,0,0,1
0,0,0,0,0,0,0,0,0.66871,0.053302,-0.97865,-1,-0.94808,0.93123,2.1265e-05,3,0,0,0.72624,999,999,999,1.0302,0.50701,0.46668,0.20782,0.16486,4.1165e-07,9999,1,-1,615.23,4.541,0.15521,0,0,0,0,0,0,0,0,1,999,999,999,0,0,0,0,0,0,0,0,0,0,0,0,0,0,0,0,0,0.01075,0.66871,-1,0.97146,0.67151,-1,-0.94808,-2.8113e-06,0,0,0,0,0,0,0,0
0,0,0,0,0,0,0,0,0.88872,0,0.14653,1,-0.99949,0.82253,0.053186,0,0,0,1.2386,-0.81328,-0.98309,-0.41405,0.42674,0.17944,1.3284,0,0,0,0,0,0,0,0,0,0,0,0,0,0,0,0,0,0,0,0,0,0,0,0,0,0,0,0,0,0,0,0,0,0,0,0,0,0,0.0083425,0.88872,1,0.79239,0,0,0,0,0,0,0,0,0,0,0,0
0,0,0,0,0,0,0,0,1.019,0.49786,-0.78648,1,0.89765,-4.3443e-06,2.5632e-06,2,1,0.50103,1.132,999,999,999,1.3179,0.44783,0.28841,0.758,0.072215,1.2383e-06,9999,1,-1,0,12.5,0.12039,0,0,0,0,0,0,0,0,1,1.019,0.87165,-0.95151,0,0,0,0,0,10,0.072215,1.2383e-06,9999,-1,0,12.5,0.12039,1.019,0.87165,-0.95151,-2,0.0060967,1.019,1,0.87165,0.86286,1,0.89765,0.64335,0,0,0,0,0,0,0,1
0,0,0,0,0,0,0,0,0.46809,0.63766,-0.9964,-1,-8.986e-06,1.327e-06,-6.1646e-07,0,1,0.49728,0.57985,999,999,999,0.38552,0.3435,0.24064,0.89589,0.24709,5.1449e-07,9999,1,1,517.58,4.4922,0.20673,0,0,0,0,0,0,0,0,1,999,999,999,0,0,0,0,0,0,0,0,0,0,0,0,0,0,0,0,0,0,0,0,0,0.58213,-1,-8.986e-06,-0.0066251,0,0,0,0,0,0,0,1
0,0,0,0,0,0,0,0,0.34213,1.3823,0.016362,1,4.756e-06,-4.3769e-06,0,0,0,0,0.42043,999,999,999,0.33503,0.3287,0,0,0,0,0,0,0,0,0,0,0,0,0,0,0,0,0,0,0,0,0,0,0,0,0,0,0,0,0,0,0,0,0,0,0,0,0,0,0,0,0,0,0,0,0,0,0,0,0,0,0,0,0,0,0
0,0,0,0,0,0,0,0,1.0795,0.48145,-0.89,-1,0.9789,-0.0002617,-4.1787e-05,0,0,0,1.2415,999,999,999,0.73496,0.82895,0.55745,0.28991,0.1654,3.401e-07,9999,1,-1,937.5,15.82,0.097666,0,0,0,0,0,0,0,0,1,999,999,999,0,0,0,0,0,0,0,0,0,0,0,0,0,0,0,0,0,0.002342,1.0795,-1,0.74498,0.04706,1,0.9789,0.031244,0,0,0,0,0,0,0,1
0,0,0,0,0,0,0,0,0.79863,1.1327,0.28823,-1,-0.00047156,-0.00032499,1.0376e-05,2,0,0,1.0747,-0.79863,0.82974,-0.027432,0.86232,0.99758,0.3977,0.86448,0.11636,4.697e-07,9999,0,-1,292.97,6.8359,0.18723,0,0,0,0,0,0,0,0,1,0.52032,0.66925,-0.86202,0,0,0,0,0,10,0.13353,2.2227e-06,9999,1,0,5.957,0.23576,0.79863,0.82974,-0.2403,4,0.0014111,0.79863,-1,0.82974,-0.11134,1,2.2227e-06,0.68663,0,0,0,0,0,0,0,1
0,0,0,0,0,0,0,0,0.51024,0.4598,-0.095988,1,-0.00016265,1.2479e-05,-7.142e-06,0,1,0.49744,0.87925,999,999,999,0.82608,0.41394,0.36677,0,0,0,0,0,0,0,0,0,0,0,0,0,0,0,0,0,0,0,0,0,0,0,0,0,0,0,0,0,0,0,0,0,0,0,0,0,0,0.017089,0.51024,1,0.65958,0,0,0,0,0,0,0,0,0,0,0,1
0,0,0,0,0.74315,0.73998,-0.65077,-1,0.11819,1.3831,-0.99585,1,-0.012429,-5.662e-05,-1.281e-05,0,0,0,0.94043,999,999,999,0.85025,0.45856,0.41631,0.26431,0.11819,1.215e-06,9999,1,1,0,29.688,0.080383,0,0,0,0,0,0,0,0,1,999,999,999,0,0,0,0,0,0,0,0,0,0,0,0,0,0,0,0,0,0.0077802,0.74315,-1,0.75171,0.57926,-1,-0.012429,-0.29005,0,0,0,0,0,0,0,1
0,0,0,0,0,0,0,0,0.64381,0,-0.38264,-1,-0.00028406,-5.3157e-05,3.4799e-07,0,0,0,0.88979,-0.64381,0.49231,-0.39047,0.81315,0.60453,0.10549,0.63872,0.11978,3.4799e-07,9999,1,1,1523.4,10.645,0.10549,0,0,0,0,0,0,0,0,1,999,999,999,0,0,0,0,0,0,0,0,0,0,0,0,0,0,0,0,0,0.00048357,0.65753,-1,0.96134,0.63377,-1,-0.00028406,-0.44226,0,0,0,0,0,0,0,0
0.74253,0.11983,0.53973,-1,0,0,0,0,1.0506,1.4102,-0.4829,1,-0.99661,-0.31355,0.050518,0,0,0,1.4076,999,999,999,0.45523,1.0026,1.1297,0.78636,0.23751,0.99661,9999,1,-1,888.67,8.7891,0.45523,0,0,0,0,0,0,0,0,1,0.61054,0.62058,-0.019433,0,0,0,0,0,10,0.23751,0.99661,9999,-1,888.67,8.7891,0.45523,0.61054,0.62058,-0.019433,-22,0.010492,1.0506,1,0.67298,0.87286,1,0.050518,2.8562e-06,0.74253,0.11983,0.53973,-1,2,0.018305,0.70216,0
0,0,0,0,0,0,0,0,0.25762,1.4114,-0.46595,1,0.99074,-0.086089,9.63e-05,3,1,0.49401,0.98769,0.65292,0.97624,-0.98656,0.44495,0.69083,0.72066,0.19371,0.16444,6.5331e-07,9999,1,-1,742.19,3.9062,0.25043,0,1,0,0,0,0,0,0,1,999,999,999,0,0,0,0,0,0,0,0,0,0,0,0,0,0,0,0,0,0.0019444,0.65292,1,0.97624,-0.073088,1,0.99074,0.022825,0,0,0,0,0,0,0,0
0,0,0,0,0,0,0,0,0.70629,0.89912,0.16117,-1,-0.0061224,-0.00078085,0.00015742,1,0,0,1.1984,999,999,999,0.50138,0.76385,0.86781,0.98616,0.14622,4.0973e-07,9999,1,1,742.19,8.5938,0.15398,0,0,0,0,0,0,0,0,1,0.70629,0.76772,-0.74462,0,0,0,0,0,10,0.14622,4.0973e-07,9999,1,742.19,8.5938,0.15398,0.70629,0.76772,-0.74462,4,0.014216,0.75044,1,0.96923,-0.35566,-1,-0.0061224,-0.87462,0,0,0,0,0,0,0,0
0,0,0,0,0,0,0,0,0.45784,1.2772,-0.20016,-1,0.27039,-0.00024736,6.192e-05,1,0,0,0.68644,999,999,999,1.2963,0.2736,0.63105,0,0,0,0,0,0,0,0,0,0,0,0,0,0,0,0,0,0,0,0,0,0,0,0,0,0,0,0,0,0,0,0,0,0,0,0,0,0,0.049051,0.7903,1,0.80551,0,0,0,0,0,0,0,0,0,0,0,1
0,0,0,0,0,0,0,0,0.3436,0.41109,0.90732,1,-4.0299e-05,2.9535e-05,-8.8186e-07,2,1,0.50294,0.49401,999,999,999,0.46271,0.50207,0.29478,0.56862,0.16005,6.7977e-07,9999,1,-1,527.34,4.1016,0.25687,0,0,0,0,0,0,0,0,1,999,999,999,0,0,0,0,0,0,0,0,0,0,0,0,0,0,0,0,0,0,0,0,0,0.63281,1,2.9535e-05,0.094365,0,0,0,0,0,0,0,1
0,0,0,0,0.55859,0.27702,-0.71539,-1,0.2393,0,-0.17017,-1,-0.00026453,-3.0512e-06,6.1337e-07,0,0,0,0.58601,999,999,999,0.73972,0.3015,0.23977,0.66218,0.13882,6.1337e-07,9999,1,1,532.23,5.3711,0.23977,0,0,0,0,0,0,0,0,1,999,999,999,0,0,0,0,0,0,0,0,0,0,0,0,0,0,0,0,0,0.02058,0.55859,-1,0.7154,0.56735,-1,-0.00026453,-0.30504,0,0,0,0,0,0,0,0
1.741,0.2199,-0.25604,1,0,0,0,0,1.5805,0,0.079085,-1,-0.98898,-0.25075,6.3392e-05,0,0,0,2.3899,999,999,999,0.6692,2.003,1.8824,0.68834,0.16993,5.0235e-07,9999,1,1,595.7,5.0293,0.20179,0,0,0,0,0,0,0,0,1,1.5805,0.9962,-0.70726,0,0,0,0,0,10,0.16993,5.0235e-07,9999,1,595.7,5.0293,0.20179,1.5805,0.9962,-0.70726,2,0.01972,1.741,1,0.97916,0.43157,-1,-0.98898,-0.10223,0,0,0,0,0,0,0,0
0,0,0,0,0,0,0,0,1.0475,0.59803,-0.64707,1,-0.99489,0.59957,0.035305,4,1,0.49827,1.2266,999,999,999,0.60059,0.78314,1.0994,0.98454,0.10296,4.3147e-07,9999,0,1,703.12,8.1055,0.16721,0,0,0,0,0,0,0,0,1,999,999,999,0,0,0,0,0,10,0.081196,1.2258e-06,9999,-1,0,35.938,0.071918,1.0475,0.95841,-0.089698,-0,0.0018207,1.0475,1,0.95841,-0.089698,1,0.59957,0.53315,0,0,0,0,0,0,0,1
0,0,0,0,0,0,0,0,1.5424,0.65597,0.2279,1,0.9634,0.010076,-0.00018733,1,0,0,1.739,0.72754,-0.74826,-0.83843,1.7888,1.024,0.21034,0,0,0,0,0,0,0,0,0,0,0,0,0,0,0,0,0,0,0,0,0,0,0,0,0,0,0,0,0,0,0,0,0,0,0,0,0,0,0.0098755,1.5424,1,0.98848,0,0,0,0,0,0,0,0,0,0,0,1
0,0,0,0,0,0,0,0,1.609,0.19379,-0.97759,-1,-0.0092765,3.6208e-05,-4.0753e-07,2,0,0,1.3146,999,999,999,1.3099,0.53441,0.15255,0.38668,0.15209,4.0602e-07,9999,1,1,742.19,5.3711,0.15156,0,0,0,0,0,0,0,0,1,999,999,999,0,0,0,0,0,0,0,0,0,0,0,0,0,0,0,0,0,0.0018921,1.609,-1,0.89835,0.022769,1,3.6208e-05,0.015275,0,0,0,0,0,0,0,0
0,0,0,0,0,0,0,0,0.45768,0.58573,-0.22416,-1,-0.00021532,-2.8342e-05,6.7182e-06,0,0,0,0.81771,999,999,999,0.71078,0.50038,0.36189,0.40396,0.20434,1.1989e-06,9999,1,-1,468.75,3.7109,0.33234,0,0,0,0,0,0,0,0,1,999,999,999,0,0,0,0,0,10,0.2419,6.7182e-06,9999,1,449.22,3.6621,0.36189,0.62279,0.72441,-0.043831,0,0.0094161,0.62279,-1,0.72441,0.23883,1,6.7182e-06,0.0022583,0,0,0,0,0,0,0,1
0,0,0,0,0,0,0,0,0.55692,0.43953,-0.94066,-1,-0.0018367,5.4077e-05,0,0,0,0,0.6105,999,999,999,0.87944,0.60817,0,0,0,0,0,0,0,0,0,0,0,0,0,0,0,0,0,0,0,0,0,0,0,0,0,0,0,0,0,0,0,0,0,0,0,0,0,0,0,0.020027,0.55692,-1,0.83349,0,0,0,0,0,0,0,0,0,0,0,1
0,0,0,0,0,0,0,0,1.2752,0.75407,0.080296,-1,-0.0014478,7.8212e-05,3.014e-05,0,0,0,1.4879,999,999,999,1.7343,0.71854,0.50844,0,0,0,0,0,0,0,0,0,0,0,0,0,0,0,0,0,0,0,0,0,0,0,0,0,0,0,0,0,0,0,0,0,0,0,0,0,0,0.004649,1.2752,-1,0.90417,0,0,0,0,0,0,0,0,0,0,0,1
0,0,0,0,1.914,0.61507,-0.74444,-1,0.99012,0.94598,0.27925,-1,-0.91473,-0.15319,0.00017439,1,0,0,2.1466,-1.914,-0.98942,-0.79243,1.4301,2.1671,0.16395,0.086899,0.14612,1.516e-06,9999,1,1,0,4.5898,0.17917,0,0,0,0,0,0,0,0,1,1.914,0.98942,-0.16089,0,0,0,0,0,10,0.14612,1.516e-06,9999,1,0,4.5898,0.17917,1.914,0.98942,-0.16089,0,0.0072074,1.914,-1,0.98942,-0.32004,-1,-0.91473,-0.054805,0,0,0,0,0,0,0,0
0,0,0,0,0,0,0,0,0.83367,0.7782,0.4192,-1,-0.0020974,-0.00011538,3.1313e-06,0,0,0,0.9427,999,999,999,0.80561,0.71746,0.30344,0,0,0,0,0,0,0,0,0,0,0,0,0,0,0,0,0,0,0,0,0,0,0,0,0,0,0,0,0,0,0,0,0,0,0,0,0,0,0.0082033,0.83367,-1,0.85966,0,0,0,0,0,0,0,0,0,0,0,1
0,0,0,0,0,0,0,0,0.22782,0.26109,0.22887,1,0.00033183,-3.8707e-06,6.9205e-07,0,0,0,0.53196,999,999,999,0.70969,0.31939,0.25971,0.61273,0.12034,4.7345e-07,9999,1,-1,1543,4.9805,0.19029,0,0,0,0,0,0,0,0,1,999,999,999,0,0,0,0,0,0,0,0,0,0,0,0,0,0,0,0,0,0,0,0,0,-0.28446,1,0.00033183,0.41493,0,0,0,0,0,0,0,1
0,0,0,0,0.78246,0.28517,0.042578,-1,0.51556,1.0812,-0.95658,1,-0.99774,0.96279,-0.35246,1,0,0,0.8617,-0.78246,0.96884,-0.51275,0.52381,0.46483,1.2256,0.59702,0.16911,2.0332e-06,9999,0,-1,0,2.0996,0.22467,0,0,0,0,0,0,0,0,1,0.51556,0.44771,-0.52956,0,0,0,0,0,10,0.16911,2.0332e-06,9999,-1,0,2.0996,0.22467,0.51556,0.44771,-0.52956,-22,0.0076439,0.78246,-1,0.96884,-0.52956,1,0.96279,0.064377,0,0,0,0,0,0,0,0
0,0,0,0,0,0,0,0,0.85066,0.6765,-0.0038328,1,0.01423,3.3209e-07,0,0,0,0,0.82742,999,999,999,1.115,0.089212,0,0.88365,0.092195,3.3209e-07,9999,1,1,2265.6,13.867,0.089212,0,0,0,0,0,0,0,0,1,999,999,999,0,0,0,0,0,0,0,0,0,0,0,0,0,0,0,0,0,0.0056755,0.85066,1,0.89152,0,0,0,0,0,0,0,0,0,0,0,0
0,0,0,0,0,0,0,0,0.55092,0.97756,-0.95388,1,-0.004609,-0.00019939,5.2066e-05,1,1,0.49899,1.2001,999,999,999,0.48921,0.85381,0.5859,0,0,0,0,0,0,0,0,0,0,0,0,0,0,0,0,0,0,0,0,0,0,0,0,0,0,0,0,0,0,0,0,0,0,0,0,0,0,0.01268,0.76259,-1,0.58994,0,0,0,0,0,0,0,0,0,0,0,0
0.98327,0.28246,0.15636,-1,1.034,1.0887,-0.87845,1,0.50648,1.7222,-0.58072,1,0.25516,-0.060959,-0.00050867,2,0,0,1.3729,999,999,999,1.5989,0.99362,0.54592,0.77192,0.12435,3.4801e-07,9999,0,1,1386.7,12.891,0.10551,0,0,0,0,0,0,0,0,1,0.98327,0.87572,-0.39403,0,0,0,0,0,10,0.12435,3.4801e-07,9999,1,1386.7,12.891,0.10551,0.98327,0.87572,-0.39403,4,0.026968,0.98327,-1,0.87572,0.6916,-1,-0.00050867,-0.54518,0.98327,0.28246,0.15636,-1,1,0.026968,0.87572,1
0,0,0,0,0,0,0,0,1.0613,1.2239,0.24358,-1,-0.885,0.00020643,0.0001061,0,0,0,1.3074,999,999,999,0.85673,0.93273,0.82605,0.43535,0.15533,6.2868e-07,9999,1,1,483.4,4.4434,0.244,0,0,0,0,0,0,0,0,1,1.0613,0.68,-0.64642,0,0,0,0,0,10,0.15533,6.2868e-07,9999,1,483.4,4.4434,0.244,1.0613,0.68,-0.64642,0,0.014999,1.0613,-1,0.68,-0.64642,-1,-0.885,-0.086343,0,0,0,0,0,0,0,0
0,0,0,0,0,0,0,0,0.57461,1.1821,-0.94161,-1,-0.43429,0.065258,1.5132e-05,2,0,0,0.60924,999,999,999,0.92,0.51519,0.43184,0,0,0,0,0,0,0,0,0,0,0,0,0,0,0,0,0,0,0,0,0,0,0,0,0,0,0,0,0,0,0,0,0,0,0,0,0,0,0,0,0,0,0,0,0,0,0,0,0,0,0,0,0,1
0,0,0,0,0.51338,0.30043,-0.93993,1,0.69499,0.30043,-0.98951,-1,0.98634,-0.19285,0.00015023,0,0,0,0.92519,999,999,999,0.7809,0.96079,0.79863,0,0,0,0,0,0,0,0,0,0,0,0,0,0,0,0,0,0,0,0,0,0,0,0,0,0,0,0,0,0,0,0,0,0,0,0,0,0,0.012381,0.69499,-1,0.98389,0,0,0,0,0,0,0,0,0,0,0,1
0,0,0,0,0,0,0,0,0.96268,0.90591,0.27457,1,0.90339,-0.00051179,1.2647e-05,2,0,0,0.93078,0.60735,-0.2526,-0.1298,1.4817,0.68478,0.41515,0.8507,0.11706,1.2411e-06,9999,0,-1,0,7.8125,0.12171,0,0,0,0,0,0,0,0,1,0.96268,0.99216,-0.90026,0,0,0,0,0,10,0.11706,1.2411e-06,9999,-1,0,7.8125,0.12171,0.96268,0.99216,-0.90026,-2,0.0049566,0.96268,1,0.99216,-0.90026,1,0.90339,0.66765,0,0,0,0,0,0,0,1
0,0,0,0,0,0,0,0,0.71507,0.60166,-0.80482,1,0.33978,-9.9628e-07,0,0,0,0,0.52974,999,999,999,1.1392,0.30682,0,0,0,0,0,0,0,0,0,0,0,0,0,0,0,0,0,0,0,0,0,0,0,0,0,0,0,0,0,0,0,0,0,0,0,0,0,0,0,0.062379,0.71507,1,0.56507,0,0,0,0,0,0,0,0,0,0,0,1
0,0,0,0,0,0,0,0,1.0553,0.13905,-0.38483,1,0.00015744,-7.4728e-06,0,0,0,0,1.1015,999,999,999,1.2489,0.37041,0,0,0,0,0,0,0,0,0,0,0,0,0,0,0,0,0,0,0,0,0,0,0,0,0,0,0,0,0,0,0,0,0,0,0,0,0,0,0,0.0099042,1.0553,1,0.98196,0,0,0,0,0,0,0,0,0,0,0,0
0,0,0,0,0,0,0,0,0.33697,1.1679,-0.5092,1,-4.6165e-05,2.2039e-05,-3.5116e-06,0,0,0,0.49707,999,999,999,0.57404,0.47033,0.31205,0.80794,0.21874,3.5116e-06,9999,1,-1,502.93,3.6133,0.31205,0,0,0,0,0,0,0,0,1,999,999,999,0,0,0,0,0,0,0,0,0,0,0,0,0,0,0,0,0,0,0,0,0,-0.67188,1,2.2039e-05,0.012727,0,0,0,0,0,0,0,0
0,0,0,0,0,0,0,0,1.0998,0.78068,-0.36736,-1,-0.01635,4.5128e-05,8.9555e-07,0,0,0,1.235,999,999,999,1.3459,0.57127,0.29683,0.80889,0.13678,4.7448e-07,9999,1,1,673.83,4.541,0.1895,0,0,0,0,0,0,0,0,1,1.0998,0.98446,-0.69587,0,0,0,0,0,10,0.18563,4.0546e-07,9999,-1,576.17,4.1504,0.15118,0.50734,0.98372,-0.67287,-0,0.0076597,1.0998,-1,0.98446,-0.69587,-1,-0.01635,-0.51775,0,0,0,0,0,0,0,0
0,0,0,0,0,0,0,0,0.80471,1.2039,-0.99334,1,-0.051759,0.0074327,-0.00084898,2,0,0,1.2054,-0.81012,0.58818,-0.13731,1.3787,0.85693,1.1427,0,0,0,0,0,0,0,0,0,0,0,0,0,0,0,0,0,0,0,0,0,0,0,0,0,0,0,0,0,0,0,0,0,0,0,0,0,0,0.010204,0.80471,1,0.95318,0,0,0,0,0,0,0,0,0,0,0,0
0,0,0,0,0,0,0,0,1.4217,0.27073,-0.73561,-1,-0.001676,5.5136e-07,0,0,0,0,1.0191,999,999,999,1.0725,0.22038,0,0.91884,0.15463,5.5136e-07,9999,1,1,537.11,5.5664,0.22038,0,0,0,0,0,0,0,0,1,1.4217,0.89361,-0.71563,0,0,0,0,0,10,0.15463,5.5136e-07,9999,1,537.11,5.5664,0.22038,1.4217,0.89361,-0.71563,2,0.0074785,1.4217,-1,0.89361,-0.71563,-1,-0.001676,-0.66616,0,0,0,0,0,0,0,0
0,0,0,0,0,0,0,0,1.3166,0.63364,-0.5373,1,0.0035661,-0.00014567,3.3982e-05,0,0,0,1.5419,0.53694,-0.9561,-0.95396,1.7093,0.77557,0.52372,0.48297,0.17289,3.7258e-07,9999,1,1,966.8,7.5195,0.12716,0,0,0,0,0,0,0,0,1,999,999,999,0,0,0,0,0,10,0.23414,1.8944e-06,9999,-1,493.16,3.4668,0.37903,0.53694,0.9561,-0.45527,-4,0.011134,1.3166,1,0.99699,0.62657,-1,-0.00014567,-0.034099,0,0,0,0,0,0,0,1
0,0,0,0,0,0,0,0,1.3202,0.17777,-0.94129,1,0.19474,9.86e-05,-2.0518e-06,1,0,0,1.0445,999,999,999,0.83282,2.0084,0.2716,0.80765,0.11011,3.4203e-07,9999,0,-1,1718.8,12.305,0.099622,0,0,0,0,0,0,0,0,1,1.3202,0.98894,-0.74878,0,0,0,0,0,10,0.11011,3.4203e-07,9999,-1,1718.8,12.305,0.099622,1.3202,0.98894,-0.74878,-6,0.0098478,1.3202,1,0.98894,-0.92372,1,0.19474,0.64782,0,0,0,0,0,0,0,1
0,0,0,0,0,0,0,0,0.81567,1.127,-0.64128,-1,0.99989,-0.58238,-0.42759,1,0,0,1.2662,0.51782,0.40275,-0.56158,0.29677,1.5513,1.0277,0.49992,0.11365,3.5291e-07,9999,1,-1,1289.1,10.84,0.11014,0,0,0,0,0,0,0,0,1,999,999,999,0,0,0,0,0,10,0.19671,1.2377e-06,9999,1,0,9.8633,0.12012,0.94909,0.59177,-0.97055,5,0.014213,0.94909,-1,0.59177,0.38208,1,0.99989,0.39408,0,0,0,0,0,0,0,1
0,0,0,0,0,0,0,0,1.1765,1.0277,-0.97621,1,0.74909,8.3641e-05,-7.3155e-05,1,0,0,1.1024,0.60487,-0.71557,-0.10669,1.9566,0.76054,0.69633,0,0,0,0,0,0,0,0,0,0,0,0,0,0,0,0,0,0,0,0,0,0,0,0,0,0,0,0,0,0,0,0,0,0,0,0,0,0,0.03582,0.7029,-1,0.52583,0,0,0,0,0,0,0,0,0,0,0,1
1.3077,0.8034,-0.68031,-1,0,0,0,0,1.176,0.36711,-0.030662,1,0.042827,0.00015278,-8.2068e-05,1,1,0.49824,1.7901,999,999,999,1.6533,0.8901,1.7547,0,0,0,0,0,0,0,0,0,0,0,0,0,0,0,0,0,0,0,0,0,0,0,0,0,0,0,0,0,0,0,0,0,0,0,0,0,0,0.023892,1.3077,-1,0.78958,0,0,0,0,0,0,0,0,0,0,0,0
0,0,0,0,0,0,0,0,0.68533,0,-0.58868,-1,-0.0051661,-0.0033751,0.00028966,0,0,0,1.0252,999,999,999,0.58683,0.67781,0.7589,0.81149,0.15245,6.2877e-07,9999,1,1,507.81,4.1504,0.24403,0,0,0,0,0,0,0,0,1,0.68533,0.98087,-0.87407,0,0,0,0,0,10,0.15245,6.2877e-07,9999,1,507.81,4.1504,0.24403,0.68533,0.98087,-0.87407,0,0.011341,0.68533,-1,0.98087,0.89049,-1,-0.0033751,-0.40721,0,0,0,0,0,0,0,0
0,0,0,0,0,0,0,0,0.84517,1.1154,-0.68888,1,-0.99951,0.014695,-0.00017441,2,0,0,1.1127,999,999,999,0.3528,1.1494,0.16427,0.040491,0.079297,1.3559e-06,9999,0,-1,0,5.5176,0.15397,0,0,0,0,0,0,0,0,1,999,999,999,0,0,0,0,0,10,0.24824,4.0421e-06,9999,-1,483.4,3.0762,0.32267,0.84517,0.97073,-0.83735,-0,0.0026943,0.84517,1,0.97073,0.42451,-1,-0.99951,-0.0058004,0,0,0,0,0,0,0,0
0,0,0,0,0.67106,1.0718,-0.38992,-1,0.56323,0.78386,0.92854,1,-0.00070975,0.00012952,-2.8997e-05,0,0,0,0.9913,999,999,999,0.81541,0.77609,0.50337,0,0,0,0,0,0,0,0,0,0,0,0,0,0,0,0,0,0,0,0,0,0,0,0,0,0,0,0,0,0,0,0,0,0,0,0,0,0,0.00665,0.67106,-1,0.89266,0,0,0,0,0,0,0,0,0,0,0,1
0,0,0,0,1.2921,0.29341,-0.7639,1,0.7883,0.83173,-0.79656,1,0.7727,9.7427e-05,-1.2564e-05,0,0,0,1.4205,999,999,999,0.83266,1.8329,0.41455,0,0,0,0,0,0,0,0,0,0,0,0,0,0,0,0,0,0,0,0,0,0,0,0,0,0,0,0,0,0,0,0,0,0,0,0,0,0,0.0015034,1.2921,1,0.882,0,0,0,0,0,0,0,0,0,0,0,1
0,0,0,0,0,0,0,0,1.2755,0.32026,0.34779,1,0.96248,-0.017819,0.000577,0,0,0,1.8028,1.2755,0.97752,-0.58436,1.5681,1.0641,1.5634,0,0,0,0,0,0,0,0,0,0,0,0,0,0,0,0,0,0,0,0,0,0,0,0,0,0,0,0,0,0,0,0,0,0,0,0,0,0,0.0020978,1.2755,1,0.97752,0,0,0,0,0,0,0,0,0,0,0,1
0,0,0,0,0,0,0,0,1.4169,0,0.055864,-1,-0.96305,0.017127,0.00020094,1,1,0.50134,1.5959,999,999,999,1.9749,0.79045,0.86753,0,0,0,0,0,0,0,0,0,0,0,0,0,0,0,0,0,0,0,0,0,0,0,0,0,0,0,0,0,0,0,0,0,0,0,0,0,0,0.060322,1.4169,-1,0.93139,0,0,0,0,0,0,0,0,0,0,0,1
0,0,0,0,0,0,0,0,0.61701,0.31562,-0.58581,-1,-0.0001344,-3.0759e-05,2.0452e-05,3,1,0.49685,0.78434,999,999,999,0.67704,0.51115,0.46232,0.9871,0.082933,3.6914e-07,9999,1,-1,1269.5,10.254,0.12435,0,0,0,0,0,0,0,0,1,999,999,999,0,0,0,0,0,10,0.067873,3.7273e-07,9999,1,1171.9,5.3711,0.12728,0.75835,0.49193,-0.49723,0,0.00015505,0.75835,-1,0.49193,0.7349,-1,-1.4533e-05,-0.79374,0,0,0,0,0,0,0,0
0,0,0,0,0,0,0,0,0.50584,0.4266,-0.84438,-1,0.99998,-6.5809e-06,-5.2447e-07,0,0,0,0.46231,999,999,999,0.25142,0.36025,0.21061,0,0,0,0,0,0,0,0,0,0,0,0,0,0,0,0,0,0,0,0,0,0,0,0,0,0,0,0,0,0,0,0,0,0,0,0,0,0,0.02287,0.50584,-1,0.77226,0,0,0,0,0,0,0,0,0,0,0,1
0,0,0,0,0,0,0,0,0.78799,0.86844,0.54839,1,0.9999,-0.80689,0.046981,1,0,0,1.2304,0.69024,0.91448,-0.41557,0.31965,0.16412,1.1359,0.74301,0.2437,0.9999,9999,1,1,1699.2,13.281,0.31965,0,0,0,0,0,0,0,0,1,0.61217,0.87782,-0.91347,0,0,0,0,0,10,0.2437,0.9999,9999,1,1699.2,13.281,0.31965,0.61217,0.87782,-0.91347,22,0.032867,0.78799,1,0.8364,0.70311,-1,-0.80689,-2.5789e-06,0,0,0,0,0,0,0,1
0.35848,1.8044,0.92279,-1,0,0,0,0,0.35945,2.1629,-0.90175,-1,-0.01063,-3.1457e-06,2.1314e-06,2,1,0.49476,0.52665,999,999,999,0.54952,0.30379,0.23065,0.94001,0.15886,7.2045e-07,9999,0,1,654.3,3.8574,0.26595,1,0,0.038698,0.17343,-1.8651,0.032406,0.14905,0.71,1,999,999,999,0,0,0,0,0,0,0,0,0,0,0,0,0,0,0,0,0,0,0,0,0,0.99821,-1,-0.01063,-0.71704,0.35848,1.8044,0.92279,-1,1,0.00092929,0.91927,1
0,0,0,0,0,0,0,0,0.19071,1.7049,-0.57371,1,9.1663e-07,4.4761e-07,3.8107e-07,0,0,0,0.25249,999,999,999,0.29988,0.17611,0.13385,0.41672,0.11412,3.3421e-07,9999,1,-1,3281.2,15.43,0.0915,0,0,0,0,0,0,0,0,1,999,999,999,0,0,0,0,0,0,0,0,0,0,0,0,0,0,0,0,0,0,0,0,0,0,0,0,0,0,0,0,0,0,0,0,1
0.44937,1.0264,0.75237,-1,0,0,0,0,1.3143,0.56146,-0.67694,-1,-0.92497,0.19633,-0.077021,1,0,0,1.5029,999,999,999,1.2379,0.69773,0.66254,0,0,0,0,0,0,0,0,0,0,0,0,0,0,0,0,0,0,0,0,0,0,0,0,0,0,0,0,0,0,0,0,0,0,0,0,0,0,0.003496,1.3143,-1,0.96279,0,0,0,0,0.44937,1.0264,0.75237,-1,1,0.11698,0.96176,0
0.84717,0.46884,0.068562,1,1.5032,0,-0.89469,-1,0.44759,0,0.6156,-1,0.21519,-0.00026544,-6.9971e-06,1,0,0,1.7505,999,999,999,0.94991,1.8926,0.36513,0,0,0,0,0,0,0,0,0,0,0,0,0,0,0,0,0,0,0,0,0,0,0,0,0,0,0,0,0,0,0,0,0,0,0,0,0,0,0.0032564,1.5032,-1,0.97768,0,0,0,0,0.84717,0.46884,0.068562,1,1,0.0049116,0.62502,0
0,0,0,0,0,0,0,0,0.97608,1.4291,-0.94754,-1,-0.072434,1.302e-06,0,0,0,0,0.95043,999,999,999,0.9714,0.34145,0,0.29373,0.20403,1.302e-06,9999,1,1,454.1,3.7598,0.34145,0,0,0,0,0,0,0,0,1,0.97608,0.99535,-0.26416,0,0,0,0,0,10,0.20403,1.302e-06,9999,1,454.1,3.7598,0.34145,0.97608,0.99535,-0.26416,6,0.017559,0.97608,-1,0.99535,-0.26416,-1,-0.072434,-0.0015275,0,0,0,0,0,0,0,1
1.732,0.56581,-0.31957,1,0,0,0,0,1.4867,0.7821,0.24082,1,0.96796,5.2605e-05,-3.5896e-06,0,0,0,2.2043,1.732,0.9937,-0.94823,1.5689,2.3058,0.31371,0.098519,0.13239,4.7082e-07,9999,1,-1,625,5.5176,0.18777,0,0,0,0,0,0,0,0,1,999,999,999,0,0,0,0,0,0,0,0,0,0,0,0,0,0,0,0,0,0.021374,1.732,1,0.9937,0.094592,1,0.96796,0.13008,0,0,0,0,0,0,0,1
0,0,0,0,0,0,0,0,1.7906,0.16537,-0.388,1,0.0065785,4.502e-05,-7.1116e-06,2,0,0,1.2544,0.50228,-0.6466,-0.55517,2.8798,0.57083,0.36643,0.89953,0.088699,1.4421e-06,9999,0,1,0,6.7383,0.16889,0,0,0,0,0,0,0,0,1,0.57396,0.89215,-0.63139,0,0,0,0,0,10,0.088699,1.4421e-06,9999,1,0,6.7383,0.16889,0.57396,0.89215,-0.63139,4,0.0060934,0.57396,-1,0.89215,-0.63139,-1,-7.1116e-06,-0.76884,0,0,0,0,0,0,0,0
0,0,0,0,0,0,0,0,0.34459,0.32536,-0.50693,1,1.6599e-05,0,0,0,0,0,0.3433,999,999,999,0.44083,0,0,0,0,0,0,0,0,0,0,0,0,0,0,0,0,0,0,0,0,0,0,0,0,0,0,0,0,0,0,0,0,0,0,0,0,0,0,0,0,0,0,0,0,0,0,0,0,0,0,0,0,0,0,0,0
0,0,0,0,0,0,0,0,0.61223,0.72773,0.2895,-1,-0.0032678,3.8745e-05,1.811e-05,1,1,0.49783,0.79647,-0.55094,-0.55785,-0.90257,0.95716,0.5449,0.44741,0.13216,0.17155,6.1159e-07,9999,1,-1,512.7,5.8105,0.23926,0,0,0,0,0,0,0,0,1,999,999,999,0,0,0,0,0,0,0,0,0,0,0,0,0,0,0,0,0,0.052607,0.55094,-1,0.55785,0.62794,1,1.811e-05,0.0099289,0,0,0,0,0,0,0,0
1.9162,0,0.44413,1,0,0,0,0,1.0953,0.139,0.24141,-1,0.10419,-0.023531,-0.018093,2,1,0.49317,2.3241,1.9162,-0.99443,-0.74168,1.5982,0.85035,0.94019,0,0,0,0,0,0,0,0,0,0,0,0,0,0,0,0,0,0,0,0,0,0,0,0,0,0,0,0,0,0,0,0,0,0,0,0,0,0,0.016039,1.9162,1,0.99443,0,0,0,0,0,0,0,0,0,0,0,1
0,0,0,0,0,0,0,0,0.81258,0.79863,0.64698,1,0.94197,0.0091139,-0.00060223,0,0,0,1.0477,0.70097,0.89939,-0.86067,0.77049,1.0554,0.721,0,0,0,0,0,0,0,0,0,0,0,0,0,0,0,0,0,0,0,0,0,0,0,0,0,0,0,0,0,0,0,0,0,0,0,0,0,0,0.0027675,0.81258,1,0.98593,0,0,0,0,0,0,0,0,0,0,0,1
0,0,0,0,1.3766,0.19786,0.45431,1,0.75189,0.49522,-0.58001,-1,0.011875,-0.0010274,6.9386e-05,0,0,0,1.4557,999,999,999,1.1781,0.83545,0.6387,0.97599,0.1244,1.9239e-06,9999,1,-1,0,5.7617,0.21732,0,0,0,0,0,0,0,0,1,1.3766,0.94939,-0.97559,0,0,0,0,0,10,0.1244,1.9239e-06,9999,-1,0,5.7617,0.21732,1.3766,0.94939,-0.97559,-2,0.0002264,1.3766,1,0.94939,0.8902,1,6.9386e-05,0.86561,0,0,0,0,0,0,0,1
0,0,0,0,0,0,0,0,1.6937,0.69897,-0.7669,-1,-0.30364,0.072494,0.00033201,0,0,0,1.0133,999,999,999,1.0402,1.2717,1.2132,0,0,0,0,0,0,0,0,0,0,0,0,0,0,0,0,0,0,0,0,0,0,0,0,0,0,0,0,0,0,0,0,0,0,0,0,0,0,0.057467,1.6937,-1,0.99465,0,0,0,0,0,0,0,0,0,0,0,0
0,0,0,0,0,0,0,0,0.12218,1.1761,-0.82274,-1,-0.00017841,-4.7494e-05,1.0579e-05,3,1,0.49753,0.82517,999,999,999,0.75786,0.48685,0.51057,0.8455,0.049584,3.514e-07,9999,1,-1,1484.4,9.668,0.10873,0,0,0,0,0,0,0,0,1,999,999,999,0,0,0,0,0,10,0.16513,3.9989e-07,9999,1,849.61,5.6152,0.14744,0.5036,0.52931,-0.97689,4,0.014818,0.5036,-1,0.52931,0.64315,1,2.0051e-06,0.76924,0,0,0,0,0,0,0,1
0,0,0,0,0,0,0,0,0.86986,0.68774,-0.8187,1,0.042927,-3.1521e-05,1.2117e-05,2,0,0,1.0153,999,999,999,1.1374,0.51331,0.4113,0.93924,0.23883,1.0146e-06,9999,0,1,654.3,3.9551,0.2161,0,0,0,0,0,0,0,0,1,999,999,999,0,0,0,0,0,0,0,0,0,0,0,0,0,0,0,0,0,0.013851,0.86986,1,0.71745,0.96633,-1,-1.65e-06,-0.045513,0,0,0,0,0,0,0,0
0,0,0,0,0,0,0,0,0.26383,0.040273,0.74688,-1,-0.94934,-2.8449e-06,-4.9466e-07,1,0,0,0.35651,999,999,999,0.43636,0.263,0.19854,0.68292,0.12615,4.9466e-07,9999,1,-1,781.25,4.7852,0.19854,0,0,0,0,0,0,0,0,1,999,999,999,0,0,0,0,0,0,0,0,0,0,0,0,0,0,0,0,0,0,0,0,0,0,0,0,0,0,0,0,0,0,0,0,0
0,0,0,0,0,0,0,0,0.61072,2.1041,-0.90996,1,0.98643,0.00015514,-4.4074e-05,0,0,0,1.0464,0.69983,-0.89685,-0.23008,0.69203,0.81393,0.56675,0.53692,0.091757,1.3101e-06,9999,1,-1,0,8.0078,0.14384,0,0,0,0,0,0,0,0,1,999,999,999,0,0,0,0,0,0,0,0,0,0,0,0,0,0,0,0,0,0.012693,0.69983,1,0.89685,0.40358,1,0.98643,0.57904,0,0,0,0,0,0,0,1
0,0,0,0,0,0,0,0,0.64663,0.19533,-0.25176,1,0.96847,-0.82499,0.046848,2,0,0,1.2205,0.83642,0.87191,-0.86133,0.74614,0.18187,1.2211,0.60992,0.24507,1.3125e-06,9999,1,1,0,2.0264,0.14445,0,0,0,0,0,0,0,0,1,999,999,999,0,0,0,0,0,0,0,0,0,0,0,0,0,0,0,0,0,0.0067855,0.83642,1,0.87191,0.9147,-1,-0.82499,-0.00017149,0,0,0,0,0,0,0,1
0.90065,0,-0.79471,1,0,0,0,0,1.0771,0,-0.9517,1,0.59987,0.016357,-2.4811e-06,1,0,0,1.0896,999,999,999,1.7325,1.2825,0.40311,0,0,0,0,0,0,0,0,0,0,0,0,0,0,0,0,0,0,0,0,0,0,0,0,0,0,0,0,0,0,0,0,0,0,0,0,0,0,0.038975,1.0771,1,0.9517,0,0,0,0,0.90065,0,-0.79471,1,1,0.01414,0.79471,0
0,0,0,0,0,0,0,0,0.56128,0.64918,-0.24834,1,0.00093818,6.818e-05,-6.0778e-05,0,0,0,0.83069,999,999,999,0.42055,0.67294,0.59045,0.63557,0.10549,3.6159e-07,9999,1,-1,1113.3,7.5195,0.11794,0,0,0,0,0,0,0,0,1,999,999,999,0,0,0,0,0,0,0,0,0,0,0,0,0,0,0,0,0,0.0058899,0.56128,1,0.30601,0.35277,1,6.818e-05,0.54798,0,0,0,0,0,0,0,1
0,0,0,0,0,0,0,0,0.44764,0.46548,0.59155,-1,0.00014256,-0.00012395,2.4239e-05,0,0,0,0.81374,999,999,999,0.87797,0.3243,0.48136,0,0,0,0,0,0,0,0,0,0,0,0,0,0,0,0,0,0,0,0,0,0,0,0,0,0,0,0,0,0,0,0,0,0,0,0,0,0,0.0083965,0.6161,1,0.52055,0,0,0,0,0,0,0,0,0,0,0,0
0,0,0,0,0,0,0,0,0.64379,0.80114,0.64788,-1,0.028017,-0.00058661,-9.3096e-05,0,0,0,0.95341,999,999,999,0.6278,0.33597,0.82048,0,0,0,0,0,0,0,0,0,0,0,0,0,0,0,0,0,0,0,0,0,0,0,0,0,0,0,0,0,0,0,0,0,0,0,0,0,0,0.0090941,0.64379,-1,0.96682,0,0,0,0,0,0,0,0,0,0,0,0
0,0,0,0,0,0,0,0,0.46536,0.27574,-0.72028,-1,-5.5257e-05,1.4388e-06,0,0,0,0,0.48342,999,999,999,0.60311,0.35204,0,0.38622,0.22368,1.4388e-06,9999,1,1,463.87,4.6387,0.35204,0,0,0,0,0,0,0,0,1,999,999,999,0,0,0,0,0,0,0,0,0,0,0,0,0,0,0,0,0,0,0,0,0,-0.20703,-1,-5.5257e-05,-0.00045618,0,0,0,0,0,0,0,0
0,0,0,0,0,0,0,0,0.40578,0.21604,-0.86929,1,0.99989,0.99747,0.91295,0,0,0,1.2537,0.5413,-0.81211,-0.45963,0.34508,0.53628,0.94711,0.22795,0.1649,3.6122e-06,9999,1,-1,0,4.248,0.28607,0,0,0,0,0,0,0,0,1,1.0876,0.8176,-0.33294,0,0,0,0,0,10,0.1649,3.6122e-06,9999,-1,0,4.248,0.28607,1.0876,0.8176,-0.33294,-5,0.022748,1.0876,1,0.8176,0.27938,1,0.99747,0.025458,0,0,0,0,0,0,0,1
0,0,0,0,0,0,0,0,1.4549,1.0361,-0.96232,1,0.18657,-0.0020617,8.4706e-05,1,1,0.49665,1.5934,999,999,999,2.0548,1.0574,0.73119,0.98064,0.10835,3.7805e-07,9999,0,-1,830.08,7.4219,0.13151,0,0,0,0,0,0,0,0,1,1.4549,0.99099,-0.94662,0,0,0,0,0,10,0.10835,3.7805e-07,9999,-1,830.08,7.4219,0.13151,1.4549,0.99099,-0.94662,-2,0.0090982,1.4549,1,0.99099,-0.94662,1,0.18657,0.87589,0,0,0,0,0,0,0,1
0,0,0,0,1.9214,0.35965,-0.95707,1,0.73944,1.4142,0.91844,1,0.25738,0.018356,-1.1334e-05,0,0,0,1.0681,1.9214,-0.98051,-0.80884,1.1861,1.2657,0.40538,0,0,0,0,0,0,0,0,0,0,0,0,0,0,0,0,0,0,0,0,0,0,0,0,0,0,0,0,0,0,0,0,0,0,0,0,0,0,0.00054284,1.9214,1,0.98051,0,0,0,0,0,0,0,0,0,0,0,1
0,0,0,0,1.4437,0.77547,-0.86418,-1,0.59802,0,0.19002,-1,-0.99985,0.062742,-0.04767,0,0,0,1.7269,999,999,999,0.36356,1.3077,1.6247,0,0,0,0,0,0,0,0,0,0,0,0,0,0,0,0,0,0,0,0,0,0,0,0,0,0,0,0,0,0,0,0,0,0,0,0,0,0,0.002329,1.4437,-1,0.68136,0,0,0,0,0,0,0,0,0,0,0,0
0,0,0,0,0,0,0,0,0.83485,0.2387,-0.71938,1,8.5074e-05,2.6595e-05,-4.2534e-07,0,0,0,0.72743,999,999,999,0.60355,0.49246,0.16363,0.95054,0.11576,4.2534e-07,9999,1,-1,791.02,6.2012,0.16363,0,0,0,0,0,0,0,0,1,999,999,999,0,0,0,0,0,0,0,0,0,0,0,0,0,0,0,0,0,0.0035543,0.83485,1,0.70983,0.54816,1,8.5074e-05,0.822,0,0,0,0,0,0,0,0
0.69929,1.899,-0.71217,1,0,0,0,0,0.69952,1.7042,0.19364,1,0.99229,-0.98358,0.0077302,2,0,0,0.90989,999,999,999,0.65756,0.25036,1.0077,0.23093,0.082246,1.3141e-06,9999,1,1,0,8.0078,0.14482,0,0,0,0,0,0,0,0,1,999,999,999,0,0,0,0,0,0,0,0,0,0,0,0,0,0,0,0,0,0.016259,0.69952,1,0.93529,-0.52507,-1,-0.98358,-0.52747,0.69929,1.899,-0.71217,1,1,0.034762,0.71949,0
1.9982,0.1425,-0.76624,1,0,0,0,0,0.13699,1.2028,0.49381,-1,5.7237e-05,-1.2298e-06,-4.249e-07,1,0,0,2.0218,999,999,999,2.3073,0.069612,0.16337,0.95963,0.13699,4.249e-07,9999,1,-1,634.77,4.8828,0.16337,0,0,0,0,0,0,0,0,1,1.9982,0.96063,-0.91039,0,0,0,0,0,10,0.13699,4.249e-07,9999,-1,634.77,4.8828,0.16337,1.9982,0.96063,-0.91039,-2,0.00012116,1.9982,1,0.96063,-0.91039,1,5.7237e-05,0.82282,0,0,0,0,0,0,0,1
0.82568,0.094412,-0.84783,-1,0,0,0,0,0.61703,0.044243,-0.71725,1,0.9989,-0.00024446,5.4448e-05,0,0,0,0.89,999,999,999,0.49511,0.58071,0.58267,0,0,0,0,0,0,0,0,0,0,0,0,0,0,0,0,0,0,0,0,0,0,0,0,0,0,0,0,0,0,0,0,0,0,0,0,0,0,0.025197,0.82568,-1,0.84436,0,0,0,0,0.82568,0.094412,-0.84783,-1,1,0.025197,0.84436,1
0,0,0,0,0,0,0,0,0.80679,0.97385,-0.94095,1,0.93625,3.175e-05,-6.1108e-07,1,0,0,0.82256,999,999,999,0.84815,0.51546,0.23912,0.93259,0.19424,5.1322e-07,9999,0,1,615.23,4.2969,0.20622,0,0,0,0,0,0,0,0,1,999,999,999,0,0,0,0,0,0,0,0,0,0,0,0,0,0,0,0,0,0.00032728,0.80679,1,0.93989,0.42764,1,0.93625,0.31533,0,0,0,0,0,0,0,1
0,0,0,0,0,0,0,0,1.4493,1.3819,-0.84828,1,-0.98354,-0.55321,0.022932,1,1,0.4983,2.2975,-1.6763,0.96549,-0.9651,0.67686,2.344,1.6641,0,0,0,0,0,0,0,0,0,0,0,0,0,0,0,0,0,0,0,0,0,0,0,0,0,0,0,0,0,0,0,0,0,0,0,0,0,0,0.0079279,1.6763,-1,0.96549,0,0,0,0,0,0,0,0,0,0,0,0
0,0,0,0,0,0,0,0,1.0759,0.80327,-0.91715,-1,-0.46498,0.087349,0.029672,1,0,0,0.57187,999,999,999,0.61323,0.95155,0.85847,0.53607,0.056679,1.225e-06,9999,0,-1,0,21.68,0.072437,0,0,0,0,0,0,0,0,1,0.59009,0.9908,-0.42896,0,0,0,0,0,10,0.056679,1.225e-06,9999,-1,0,21.68,0.072437,0.59009,0.9908,-0.42896,-4,0.034462,1.0759,-1,0.92175,-0.42896,1,0.087349,0.76394,0,0,0,0,0,0,0,1
0,0,0,0,0,0,0,0,0.87413,1.738,0.12441,-1,-0.99922,0.90909,0.002323,1,0,0,1.2581,-0.87413,-0.67194,-0.26286,0.45129,0.29224,0.68573,0.06506,0.0596,1.2921e-06,9999,0,1,0,4.7852,0.047214,1,0,2.126,-0.67841,-4.1769,0.08918,0.074106,0.10853,1,0.51667,0.53156,-0.089359,0,0,0,0,0,10,0.0596,1.2921e-06,9999,1,0,4.7852,0.047214,0.51667,0.53156,-0.089359,0,0.0026305,0.87413,-1,0.67194,-0.089359,-1,-0.99922,-0.64809,0,0,0,0,0,0,0,1
0,0,0,0,0,0,0,0,0.4498,0.16637,-0.12228,-1,-9.7619e-05,-4.0945e-06,-3.6926e-06,1,0,0,0.6121,999,999,999,0.79986,0.32364,0.31584,0.25831,0.24867,3.3078e-06,9999,1,1,502.93,2.7832,0.30756,0,0,0,0,0,0,0,0,1,0.51265,0.30531,-0.40109,0,0,0,0,0,10,0.24867,3.3078e-06,9999,1,502.93,2.7832,0.30756,0.51265,0.30531,-0.40109,6,0,0,0,0,0.3153,-1,-4.0945e-06,-8.4949e-05,0,0,0,0,0,0,0,1
0,0,0,0,0,0,0,0,1.3077,0.78926,-0.41746,1,0.80986,0.0033003,-0.0010051,0,0,0,1.8166,1.3077,0.95409,-0.68533,0.74429,1.6977,1.1642,0,0,0,0,0,0,0,0,0,0,0,0,0,0,0,0,0,0,0,0,0,0,0,0,0,0,0,0,0,0,0,0,0,0,0,0,0,0,0.0020635,1.3077,1,0.95409,0,0,0,0,0,0,0,0,0,0,0,1
0,0,0,0,0,0,0,0,0.20368,0.14525,0.38441,1,-0.99937,2.5976e-06,6.4965e-07,0,0,0,0.3955,999,999,999,0.38637,0.40701,0.24951,0.55292,0.20368,6.4965e-07,9999,0,1,507.81,4.3457,0.24951,0,0,0,0,0,0,0,0,1,999,999,999,0,0,0,0,0,0,0,0,0,0,0,0,0,0,0,0,0,0.02242,0.63705,1,0.96554,-0.95983,-1,-0.99937,-0.0042331,0,0,0,0,0,0,0,0
0,0,0,0,0,0,0,0,0.43472,0.44882,0.34385,-1,-0.99715,0.79114,-0.0025444,0,0,0,0.70479,999,999,999,0.41148,0.75617,0.67817,0,0,0,0,0,0,0,0,0,0,0,0,0,0,0,0,0,0,0,0,0,0,0,0,0,0,0,0,0,0,0,0,0,0,0,0,0,0,0.0082287,0.68548,-1,0.83894,0,0,0,0,0,0,0,0,0,0,0,0
0,0,0,0,0,0,0,0,1.2402,0.51404,-0.97141,1,0.021525,0,0,0,0,0,1.1886,999,999,999,1.2311,0,0,0,0,0,0,0,0,0,0,0,0,0,0,0,0,0,0,0,0,0,0,0,0,0,0,0,0,0,0,0,0,0,0,0,0,0,0,0,0,0.0071713,1.2402,1,0.98309,0,0,0,0,0,0,0,0,0,0,0,0
0,0,0,0,0,0,0,0,0.42012,1.495,-0.95308,-1,-2.9691e-05,3.842e-06,-2.052e-06,1,1,0.49648,0.64636,999,999,999,0.50645,0.31883,0.27161,0.9854,0.18711,5.2567e-07,9999,1,1,605.47,4.248,0.21107,0,0,0,0,0,0,0,0,1,999,999,999,0,0,0,0,0,0,0,0,0,0,0,0,0,0,0,0,0,0,0,0,0,0.81145,-1,-2.052e-06,-0.77392,0,0,0,0,0,0,0,1
0,0,0,0,0,0,0,0,0.89286,1.5131,0.34599,-1,0.0054069,-8.9498e-05,-5.6498e-06,2,1,0.50214,0.8452,999,999,999,0.23459,0.7729,0.3483,0.92251,0.1311,3.466e-07,9999,1,1,712.89,3.418,0.10414,0,0,0,0,0,0,0,0,1,999,999,999,0,0,0,0,0,10,0.058803,1.2352e-06,9999,1,0,8.7891,0.11888,0.55304,0.51289,-0.62433,9,0.00068401,0.89286,-1,0.92607,0.93715,-1,-8.9498e-05,-0.74909,0,0,0,0,0,0,0,0
0.43529,0.14303,0.41179,-1,0,0,0,0,0.74974,0,-0.74979,1,0.75717,-0.12022,2.7845e-05,2,0,0,0.52849,0.74974,-0.98521,-0.72119,2.1253,0.64977,0.49797,0,0,0,0,0,0,0,0,0,0,0,0,0,0,0,0,0,0,0,0,0,0,0,0,0,0,0,0,0,0,0,0,0,0,0,0,0,0,0.001318,0.74974,1,0.98521,0,0,0,0,0.43529,0.14303,0.41179,-1,1,0.17848,0.96441,1
0,0,0,0,0,0,0,0,0.62096,0,-0.8667,1,2.6158e-05,3.465e-07,0,1,0,0,0.48874,999,999,999,0.49044,0.10405,0,0.63656,0.10533,3.465e-07,9999,0,1,537.11,3.3691,0.10405,0,0,0,0,0,0,0,0,1,999,999,999,0,0,0,0,0,0,0,0,0,0,0,0,0,0,0,0,0,0.0074251,0.62096,1,0.8667,0,0,0,0,0,0,0,0,0,0,0,1
0,0,0,0,1.3945,0.28145,-0.952,1,0.57075,0.31268,0.62659,-1,-0.0024213,-0.00064984,7.6364e-05,1,0,0,1.2908,999,999,999,0.68736,0.41872,2.0144,0.3947,0.19715,1.1475e-06,9999,1,1,483.4,3.8086,0.32735,0,0,0,0,0,0,0,0,1,999,999,999,0,0,0,0,0,0,0,0,0,0,0,0,0,0,0,0,0,0.0073074,1.3945,1,0.99146,0.029265,-1,-0.0024213,-0.0039594,0,0,0,0,0,0,0,1
0.31962,1.1848,-0.52647,-1,0,0,0,0,0.93611,0.76732,0.26544,1,0.97815,0.017936,-0.00014576,0,0,0,1.0222,0.52457,0.25982,-0.62046,0.68298,0.85137,0.92032,0,0,0,0,0,0,0,0,0,0,0,0,0,0,0,0,0,0,0,0,0,0,0,0,0,0,0,0,0,0,0,0,0,0,0,0,0,0,0.033117,0.93611,1,0.59495,0,0,0,0,0.31962,1.1848,-0.52647,-1,1,0.0040652,0.65382,1
0,0,0,0,0,0,0,0,0.57133,1.0468,-0.58746,1,4.206e-05,1.9561e-06,1.3124e-06,0,0,0,0.69075,999,999,999,0.5544,0.38198,0.34231,0.95788,0.24218,1.9561e-06,9999,1,1,458.98,4.7852,0.38198,0,0,0,0,0,0,0,0,1,999,999,999,0,0,0,0,0,0,0,0,0,0,0,0,0,0,0,0,0,0.023637,0.57133,1,0.72201,0,0,0,0,0,0,0,0,0,0,0,0
0,0,0,0,0,0,0,0,0.26902,0.24643,0.54761,1,0.99979,-4.332e-06,-3.4576e-06,0,0,0,0.52333,999,999,999,0.34647,0.32792,0.31089,0,0,0,0,0,0,0,0,0,0,0,0,0,0,0,0,0,0,0,0,0,0,0,0,0,0,0,0,0,0,0,0,0,0,0,0,0,0,0,0,0,0,0,0,0,0,0,0,0,0,0,0,0,1
0,0,0,0,0,0,0,0,0.73584,0.99431,0.59945,-1,-0.87728,0.80208,0.13595,0,0,0,1.1268,999,999,999,0.95237,0.64968,1.1654,0,0,0,0,0,0,0,0,0,0,0,0,0,0,0,0,0,0,0,0,0,0,0,0,0,0,0,0,0,0,0,0,0,0,0,0,0,0,0.025172,0.79675,1,0.67383,0,0,0,0,0,0,0,0,0,0,0,0
0,0,0,0,0,0,0,0,1.7646,0.48068,-0.999,-1,-0.94572,0.077764,-0.060535,4,0,0,1.9295,999,999,999,2.1933,0.92072,0.5552,0.87566,0.091449,4.0748e-07,9999,1,1,703.12,6.3477,0.15252,0,0,0,0,0,0,0,0,1,1.7646,0.98477,-0.78148,0,0,0,0,0,10,0.091449,4.0748e-07,9999,1,703.12,6.3477,0.15252,1.7646,0.98477,-0.78148,2,0.0057333,1.7646,-1,0.98477,-0.78148,-1,-0.94572,-0.74453,0,0,0,0,0,0,0,0
0,0,0,0,0,0,0,0,0.66357,1.4219,-0.92385,-1,-7.9625e-05,1.2174e-05,5.5531e-07,0,0,0,0.79346,999,999,999,0.73852,0.41172,0.22174,0.8721,0.1734,5.5531e-07,9999,0,1,571.29,4.1504,0.22174,0,0,0,0,0,0,0,0,1,0.66357,0.88671,-0.99951,0,0,0,0,0,10,0.1734,5.5531e-07,9999,1,571.29,4.1504,0.22174,0.66357,0.88671,-0.99951,0,0.012981,0.66357,-1,0.88671,-0.99951,-1,-7.9625e-05,-0.37727,0,0,0,0,0,0,0,1
0,0,0,0,0,0,0,0,0.83008,0.58362,-0.71917,1,0.33083,0.0023691,-0.00032692,1,0,0,0.61808,0.83008,-0.7681,-0.78058,0.87642,0.50542,0.79979,0,0,0,0,0,0,0,0,0,0,0,0,0,0,0,0,0,0,0,0,0,0,0,0,0,0,0,0,0,0,0,0,0,0,0,0,0,0,0.010275,0.83008,1,0.7681,0,0,0,0,0,0,0,0,0,0,0,0
0,0,0,0,0,0,0,0,0.40497,0.89001,0.72141,-1,0.99775,-0.98871,-0.92917,0,0,0,0.89767,0.53846,-0.78653,-0.5305,0.52717,0.71392,0.51827,0.72302,0.18101,1.3556e-06,9999,1,1,0,6.543,0.1539,0,0,0,0,0,0,0,0,1,999,999,999,0,0,0,0,0,0,0,0,0,0,0,0,0,0,0,0,0,0.016137,0.53846,1,0.78653,-0.39382,-1,-0.92917,-0.071644,0,0,0,0,0,0,0,0
0,0,0,0,1.2781,0,-0.93552,-1,0.49954,0.18114,0.30987,1,0.046569,-0.00071636,6.167e-06,1,1,0.49941,1.2871,999,999,999,1.4023,1.6515,0.35513,0,0,0,0,0,0,0,0,0,0,0,0,0,0,0,0,0,0,0,0,0,0,0,0,0,0,0,0,0,0,0,0,0,0,0,0,0,0,0.0384,1.2781,-1,0.98467,0,0,0,0,0,0,0,0,0,0,0,0
0,0,0,0,0,0,0,0,1.2287,1.7041,-0.3505,-1,-0.1146,5.1681e-05,1.5201e-05,1,0,0,1.2257,999,999,999,1.7684,0.59847,0.43227,0.46387,0.076898,1.3452e-06,9999,0,-1,0,8.0078,0.15178,0,0,0,0,0,0,0,0,1,999,999,999,0,0,0,0,0,0,0,0,0,0,0,0,0,0,0,0,0,0.001272,1.2287,-1,0.96459,0.65274,1,5.1681e-05,0.62971,0,0,0,0,0,0,0,0
0,0,0,0,0,0,0,0,0.52006,1.4584,-0.65413,1,-0.96823,8.9972e-05,5.6623e-05,1,0,0,1.2591,999,999,999,1.003,0.74906,0.61964,0.077261,0.15989,3.6026e-07,9999,0,1,1347.7,8.4961,0.11678,0,0,0,0,0,0,0,0,1,999,999,999,0,0,0,0,0,10,0.24639,5.6668e-07,9999,1,463.87,4.1016,0.22555,0.75564,0.99379,-0.70735,6,0.013248,0.78455,1,0.89299,0.060617,-1,-0.96823,-0.019253,0,0,0,0,0,0,0,0
0,0,0,0,0,0,0,0,0.38804,0.27854,-0.30067,-1,3.9023e-06,3.2296e-06,-2.5915e-06,1,0,0,0.58132,999,999,999,0.34184,0.30576,0.40681,0,0,0,0,0,0,0,0,0,0,0,0,0,0,0,0,0,0,0,0,0,0,0,0,0,0,0,0,0,0,0,0,0,0,0,0,0,0,0,0,0,0,0,0,0,0,0,0,0,0,0,0,0,0
0,0,0,0,1.7399,0.8701,0.5579,1,1.598,1.1789,-0.86668,-1,0.023184,-0.0045324,-0.00017417,1,0,0,2.3829,0.60043,-0.84504,-0.89191,2.3526,1.8927,0.15254,0.91977,0.090415,1.2101e-06,9999,0,-1,0,2.6367,0.087794,0,0,0,0,0,0,0,0,1,1.7399,0.97672,-0.98219,0,0,0,0,0,10,0.090415,1.2101e-06,9999,-1,0,2.6367,0.087794,1.7399,0.97672,-0.98219,-21,0.0025014,1.7399,1,0.97672,0.9142,1,5.3606e-05,0.78963,0,0,0,0,0,0,0,1
0,0,0,0,0,0,0,0,2.2613,0.090442,-0.93244,-1,-0.016925,5.4338e-05,0,0,0,0,1.4918,999,999,999,1.605,0.60979,0,0,0,0,0,0,0,0,0,0,0,0,0,0,0,0,0,0,0,0,0,0,0,0,0,0,0,0,0,0,0,0,0,0,0,0,0,0,0,0.0031799,2.2613,-1,0.98466,0,0,0,0,0,0,0,0,0,0,0,0
0,0,0,0,0,0,0,0,0.64776,0.42353,0.096336,1,0.18137,0.012797,-1.2897e-06,0,0,0,0.59011,999,999,999,1.0061,0.65408,0.34042,0.86012,0.2363,5.8668e-07,9999,0,-1,590.82,5.127,0.2319,0,0,0,0,0,0,0,0,1,0.64776,0.96293,-0.84605,0,0,0,0,0,10,0.2363,5.8668e-07,9999,-1,590.82,5.127,0.2319,0.64776,0.96293,-0.84605,-0,0.0013067,0.64776,1,0.96293,0.30002,1,0.012797,0.00051642,0,0,0,0,0,0,0,0
0.56505,1.1959,-0.036689,-1,0,0,0,0,0.97436,1.6655,0.5221,1,0.052331,-0.00018111,-2.6541e-05,1,0,0,1.1787,999,999,999,1.2498,0.75907,0.44764,0,0,0,0,0,0,0,0,0,0,0,0,0,0,0,0,0,0,0,0,0,0,0,0,0,0,0,0,0,0,0,0,0,0,0,0,0,0,0.095282,0.56505,-1,0.55334,0,0,0,0,0.56505,1.1959,-0.036689,-1,1,0.095282,0.55334,1
0,0,0,0,0,0,0,0,1.072,0.52006,-0.5313,1,0.002874,-4.1674e-07,0,1,0,0,0.54683,999,999,999,0.70621,0.15842,0,0,0,0,0,0,0,0,0,0,0,0,0,0,0,0,0,0,0,0,0,0,0,0,0,0,0,0,0,0,0,0,0,0,0,0,0,0,0,0.049578,1.072,1,0.89484,0,0,0,0,0,0,0,0,0,0,0,1
2.0089,0,-0.88997,-1,0,0,0,0,0.9536,0,-0.27773,1,0.082504,-6.038e-05,0,0,1,0.49778,2.1339,999,999,999,1.3662,2.4203,0,0,0,0,0,0,0,0,0,0,0,0,0,0,0,0,0,0,0,0,0,0,0,0,0,0,0,0,0,0,0,0,0,0,0,0,0,0,0,0.0064447,2.0089,-1,0.91959,0,0,0,0,0,0,0,0,0,0,0,0
0,0,0,0,0,0,0,0,0.97179,0.66306,-0.24109,-1,-0.99784,-0.93309,0.0028917,0,0,0,1.4799,999,999,999,0.52344,1.0845,0.93672,0.95905,0.060302,1.2361e-06,9999,1,1,0,7.6172,0.11932,0,0,0,0,0,0,0,0,1,0.97179,0.78574,-0.92204,0,0,0,0,0,10,0.060302,1.2361e-06,9999,1,0,7.6172,0.11932,0.97179,0.78574,-0.92204,2,0.0085426,1.1301,1,0.62061,-0.92204,-1,-0.93309,-0.83779,0,0,0,0,0,0,0,0
0,0,0,0,1.6972,0.82279,-0.91391,-1,0.69645,1.2806,-0.89146,1,-0.088143,-0.00051645,0.00014765,0,0,0,1.3546,-1.6972,0.98456,-0.51351,0.86301,2.6519,0.83961,0.23013,0.13268,4.0706e-07,9999,1,-1,781.25,7.5195,0.15224,0,0,0,0,0,0,0,0,1,999,999,999,0,0,0,0,0,0,0,0,0,0,0,0,0,0,0,0,0,0.001945,1.6972,-1,0.98456,0.35824,1,0.00014765,0.16977,0,0,0,0,0,0,0,0
0,0,0,0,0,0,0,0,0.7753,0.34791,-0.79223,1,3.2089e-05,-1.1615e-05,0,0,0,0,0.64448,999,999,999,0.58418,0.40754,0,0,0,0,0,0,0,0,0,0,0,0,0,0,0,0,0,0,0,0,0,0,0,0,0,0,0,0,0,0,0,0,0,0,0,0,0,0,0,0.011189,0.7753,1,0.95054,0,0,0,0,0,0,0,0,0,0,0,0
0,0,0,0,0,0,0,0,1.2515,0.16807,-0.23567,1,0.0022023,2.9333e-05,-1.2727e-05,1,0,0,1.3283,0.63832,-0.80475,-0.28108,1.0599,0.50487,0.41572,0.8674,0.1861,5.28e-07,9999,1,-1,517.58,5.6641,0.21195,0,0,0,0,0,0,0,0,1,1.2515,0.7885,-0.534,0,0,0,0,0,10,0.1861,5.28e-07,9999,-1,517.58,5.6641,0.21195,1.2515,0.7885,-0.534,-0,0.013675,1.2515,1,0.7885,0.93289,1,4.4454e-06,0.24185,0,0,0,0,0,0,0,1
0,0,0,0,0,0,0,0,0.62729,1.0711,-0.96429,1,-0.96795,-0.96084,-0.0019024,2,0,0,0.88711,999,999,999,0.81132,0.75037,0.48466,0,0,0,0,0,0,0,0,0,0,0,0,0,0,0,0,0,0,0,0,0,0,0,0,0,0,0,0,0,0,0,0,0,0,0,0,0,0,0.0029626,0.60881,-1,0.88666,0,0,0,0,0,0,0,0,0,0,0,0
0,0,0,0,0,0,0,0,0.74022,1.4128,-0.75811,-1,-0.98995,6.5117e-05,-6.2643e-05,0,0,0,1.0633,999,999,999,0.65539,0.64179,0.64415,0,0,0,0,0,0,0,0,0,0,0,0,0,0,0,0,0,0,0,0,0,0,0,0,0,0,0,0,0,0,0,0,0,0,0,0,0,0,0.010118,0.74616,-1,0.87306,0,0,0,0,0,0,0,0,0,0,0,1
0,0,0,0,1.144,0,-0.99537,-1,0,0,0,0,0.51508,-0.030993,0,1,0,0,0.79695,999,999,999,1.3848,1.7794,0,0,0,0,0,0,0,0,0,0,0,0,0,0,0,0,0,0,0,0,0,0,0,0,0,0,0,0,0,0,0,0,0,0,0,0,0,0,0,0.0054404,1.144,-1,0.99542,0,0,0,0,0,0,0,0,0,0,0,1
1.7676,0.24944,-0.85008,-1,0,0,0,0,0.43035,0.92042,0.090535,1,-6.2452e-05,3.4468e-06,0,0,0,0,1.4735,999,999,999,2.5674,0.31065,0,0,0,0,0,0,0,0,0,0,0,0,0,0,0,0,0,0,0,0,0,0,0,0,0,0,0,0,0,0,0,0,0,0,0,0,0,0,0,0.01444,1.7676,-1,0.9713,0,0,0,0,0,0,0,0,0,0,0,0
0,0,0,0,0,0,0,0,1.6811,0.78055,-0.49741,-1,-0.013592,0.00011163,3.509e-05,0,0,0,1.1782,999,999,999,1.1356,0.68916,0.52953,0.57843,0.10109,3.3818e-07,9999,1,-1,1543,12.109,0.095685,0,0,0,0,0,0,0,0,1,0.59931,0.67105,-0.38266,0,0,0,0,0,10,0.10109,3.3818e-07,9999,-1,1543,12.109,0.095685,0.59931,0.67105,-0.38266,-6,0.0028976,1.6811,-1,0.98557,0.56085,1,3.509e-05,0.53988,0,0,0,0,0,0,0,0
0,0,0,0,0,0,0,0,1.8145,1.0436,-0.49989,1,-0.99636,-0.18851,0.055165,0,0,0,2.2326,-1.2583,0.99996,-0.96402,0.53245,1.5986,1.8618,0,0,0,0,0,0,0,0,0,0,0,0,0,0,0,0,0,0,0,0,0,0,0,0,0,0,0,0,0,0,0,0,0,0,0,0,0,0,0.017003,1.8145,1,0.9999,0,0,0,0,0,0,0,0,0,0,0,0
0,0,0,0,0,0,0,0,0.29838,0.086632,-0.5006,1,-0.0019238,0.00018218,-3.8818e-05,7,1,0.50066,0.63355,-0.51519,-0.67215,-0.95314,0.70002,0.19887,0.53098,0.91871,0.17257,1.2669e-06,9999,0,1,0,10.254,0.13161,0,0,0,0,0,0,0,0,1,999,999,999,0,0,0,0,0,0,0,0,0,0,0,0,0,0,0,0,0,0.012892,0.51519,-1,0.67215,0.60998,-1,-3.8818e-05,-0.55712,0,0,0,0,0,0,0,0
0,0,0,0,0,0,0,0,1.0352,1.9349,-0.78657,1,0.99996,-0.82046,0.00016185,0,0,0,0.99748,999,999,999,0.28763,0.46742,0.62528,0.081191,0.16422,0.99996,9999,1,1,2109.4,17.188,0.28763,0,0,0,0,0,0,0,0,1,999,999,999,0,0,0,0,0,0,0,0,0,0,0,0,0,0,0,0,0,0.015097,1.0352,1,0.8539,-0.10956,-1,-0.82046,-4.0085e-05,0,0,0,0,0,0,0,0
0,0,0,0,0,0,0,0,0.3808,0.99067,-0.60723,-1,0.0047948,-4.4809e-05,1.8736e-05,1,0,0,0.77221,0.58884,-0.97229,-0.19713,0.22163,0.5636,0.45308,0.41413,0.23935,0.0047948,9999,0,1,9375,39.062,0.22163,0,0,0,0,0,0,0,0,1,999,999,999,0,0,0,0,0,0,0,0,0,0,0,0,0,0,0,0,0,0.017113,0.58884,1,0.97229,0.037765,-1,-1.0459e-05,-0.00015479,0,0,0,0,0,0,0,0
0,0,0,0,1.07,0,-0.19371,1,0.60994,0,0.26167,1,-0.34312,0.14649,0.00028569,0,0,0,1.8954,999,999,999,1.9371,1.0306,0.86326,0.97235,0.096644,1.4749e-06,9999,1,-1,0,6.7383,0.17367,0,0,0,0,0,0,0,0,1,1.07,0.7527,-0.61066,0,0,0,0,0,10,0.096644,1.4749e-06,9999,-1,0,6.7383,0.17367,1.07,0.7527,-0.61066,-2,0.012677,1.5479,-1,0.6831,-0.61066,1,0.14649,0.86199,0,0,0,0,0,0,0,1
0,0,0,0,0,0,0,0,1.0095,0.2076,-0.93204,-1,-0.96648,-6.1342e-06,5.2323e-07,0,0,0,0.93938,-0.51404,-0.53698,-0.42844,1.4822,0.35472,0.21014,0.48221,0.17307,5.2323e-07,9999,1,1,595.7,4.7363,0.21014,0,0,0,0,0,0,0,0,1,1.0095,0.98998,-0.55369,0,0,0,0,0,10,0.17307,5.2323e-07,9999,1,595.7,4.7363,0.21014,1.0095,0.98998,-0.55369,0,0.01318,1.0095,-1,0.98998,-0.55369,-1,-0.96648,-0.033608,0,0,0,0,0,0,0,0
0.73317,0.85766,-0.44635,1,0,0,0,0,0.90312,1.6843,-0.67035,1,0.042552,0.00071062,-6.6202e-05,0,1,0.49794,1.1126,999,999,999,1.3974,0.87639,0.66133,0,0,0,0,0,0,0,0,0,0,0,0,0,0,0,0,0,0,0,0,0,0,0,0,0,0,0,0,0,0,0,0,0,0,0,0,0,0,0.017299,0.90312,1,0.76095,0,0,0,0,0.73317,0.85766,-0.44635,1,1,0.030917,0.74958,0
0,0,0,0,0,0,0,0,1.5677,0.48863,0.050236,1,0.96207,0.011326,5.3425e-05,0,0,0,1.9439,1.5677,-0.94789,-0.93161,1.4153,1.7279,0.60582,0.87651,0.24366,2.0287e-06,9999,1,-1,429.69,3.7598,0.38535,0,0,0,0,0,0,0,0,1,1.5677,0.94789,-0.78234,0,0,0,0,0,10,0.24366,2.0287e-06,9999,-1,429.69,3.7598,0.38535,1.5677,0.94789,-0.78234,-6,0.0046368,1.5677,1,0.94789,0.78712,1,0.96207,0.0055055,0,0,0,0,0,0,0,1
0,0,0,0,0,0,0,0,0.34509,0.43006,0.039402,1,-0.00050022,7.6156e-07,0,0,0,0,0.69067,999,999,999,0.98155,0.27427,0,0,0,0,0,0,0,0,0,0,0,0,0,0,0,0,0,0,0,0,0,0,0,0,0,0,0,0,0,0,0,0,0,0,0,0,0,0,0,0.002341,0.70098,-1,0.80079,0,0,0,0,0,0,0,0,0,0,0,1
0,0,0,0,0,0,0,0,1.2702,1.4845,-0.75804,1,-0.99779,0.0034342,-0.0019435,0,0,0,1.0472,-0.56413,0.81108,-0.89056,0.52552,0.88588,0.91033,0,0,0,0,0,0,0,0,0,0,0,0,0,0,0,0,0,0,0,0,0,0,0,0,0,0,0,0,0,0,0,0,0,0,0,0,0,0,0.0042625,1.2702,1,0.96436,0,0,0,0,0,0,0,0,0,0,0,0
0,0,0,0,0,0,0,0,1.3283,0.4874,-0.33195,1,0.042001,-0.0054229,-0.0039325,0,0,0,1.7299,0.75307,0.84742,-0.8482,1.2864,0.54148,1.0185,0.56566,0.11994,3.5051e-07,9999,1,-1,1191.4,11.523,0.10789,0,0,0,0,0,0,0,0,1,1.3283,0.88404,-0.57012,0,0,0,0,0,10,0.11994,3.5051e-07,9999,-1,1191.4,11.523,0.10789,1.3283,0.88404,-0.57012,-0,0.004617,1.3283,1,0.88404,0.90586,1,9.3985e-05,0.38202,0,0,0,0,0,0,0,1
0,0,0,0,0,0,0,0,1.1502,0.38861,-0.34978,-1,-0.03548,-2.2454e-05,1.6173e-05,0,0,0,0.98369,-0.76759,-0.45088,-0.66353,1.7785,0.47259,0.43824,0.55764,0.2259,5.2591e-07,9999,1,1,600.59,6.1523,0.21116,0,0,0,0,0,0,0,0,1,999,999,999,0,0,0,0,0,0,0,0,0,0,0,0,0,0,0,0,0,0.021823,1.1502,-1,0.96682,0.94266,-1,-1.7628e-06,-0.00064776,0,0,0,0,0,0,0,0
0,0,0,0,0,0,0,0,0.91795,1.1054,-0.42755,-1,0.99839,0.98377,-0.04178,1,0,0,1.2429,0.70558,-0.75454,-2.8348e-05,0.50051,0.65324,1.2665,0.24581,0.057112,1.2373e-06,9999,0,1,0,3.8574,0.11994,0,0,0,0,0,0,0,0,1,999,999,999,0,0,0,0,0,0,0,0,0,0,0,0,0,0,0,0,0,0.010065,0.91795,-1,0.98615,0.84944,1,0.99839,0.1413,0,0,0,0,0,0,0,1
0,0,0,0,0,0,0,0,0.82216,0.65068,0.95079,-1,-0.019085,0.0001967,5.4732e-06,4,1,0.49246,0.66363,999,999,999,1.2623,0.22588,0.34583,0.15496,0.24112,6.0734e-07,9999,1,-1,654.3,4.3945,0.23805,0,0,0,0,0,0,0,0,1,999,999,999,0,0,0,0,0,0,0,0,0,0,0,0,0,0,0,0,0,0,0,0,0,0.68436,1,5.4732e-06,0.0001097,0,0,0,0,0,0,0,0
0,0,0,0,0,0,0,0,0.69352,0.25226,-0.60768,1,0.018666,-0.00014694,0.00012099,1,0,0,0.76577,999,999,999,1.7919,0.68538,0.89892,0.7195,0.17976,3.4888e-07,9999,1,1,1543,11.719,0.10634,0,0,0,0,0,0,0,0,1,999,999,999,0,0,0,0,0,0,0,0,0,0,0,0,0,0,0,0,0,0.013851,0.69352,1,0.9501,-0.33023,-1,-0.00014694,-0.07487,0,0,0,0,0,0,0,0
0,0,0,0,0,0,0,0,0.29004,2.2115,-0.78177,1,-0.02255,0.00062604,-7.5344e-05,1,0,0,0.93694,999,999,999,1.2154,0.37128,0.57072,0,0,0,0,0,0,0,0,0,0,0,0,0,0,0,0,0,0,0,0,0,0,0,0,0,0,0,0,0,0,0,0,0,0,0,0,0,0,0.0069495,0.78066,-1,0.94472,0,0,0,0,0,0,0,0,0,0,0,1
0,0,0,0,0,0,0,0,0.54709,1.2278,-0.73742,-1,-0.99825,5.5302e-05,-4.1543e-05,0,0,0,1.045,-0.53858,0.75234,-0.76143,0.50739,0.61321,0.55635,0,0,0,0,0,0,0,0,0,0,0,0,0,0,0,0,0,0,0,0,0,0,0,0,0,0,0,0,0,0,0,0,0,0,0,0,0,0,0.011023,0.54709,-1,0.99961,0,0,0,0,0,0,0,0,0,0,0,0
0,0,0,0,1.8509,0,-0.55347,1,0.41543,1.4249,0.97302,1,0.00019017,-0.00011731,6.3311e-05,2,1,0.49655,1.9731,0.5404,-0.77603,-0.73882,2.0582,0.74223,0.64968,0,0,0,0,0,0,0,0,0,0,0,0,0,0,0,0,0,0,0,0,0,0,0,0,0,0,0,0,0,0,0,0,0,0,0,0,0,0,0.0067132,1.8509,1,0.99549,0,0,0,0,0,0,0,0,0,0,0,1
0,0,0,0,0,0,0,0,0.50889,0.63148,0.74036,1,-0.066339,0.0018295,0.00085959,1,0,0,0.76201,999,999,999,0.9959,0.81866,0.58923,0,0,0,0,0,0,0,0,0,0,0,0,0,0,0,0,0,0,0,0,0,0,0,0,0,0,0,0,0,0,0,0,0,0,0,0,0,0,0.014735,0.50765,1,0.70613,0,0,0,0,0,0,0,0,0,0,0,0
0.49868,0,0.70995,-1,0,0,0,0,1.4724,0,-0.75103,1,0.98927,0.022622,-0.00042081,1,0,0,1.2825,999,999,999,0.70971,1.0994,0.75093,0.17517,0.092605,3.3365e-07,9999,0,-1,703.12,12.207,0.090898,0,0,0,0,0,0,0,0,1,1.4724,0.89898,-0.23485,0,0,0,0,0,10,0.092605,3.3365e-07,9999,-1,703.12,12.207,0.090898,1.4724,0.89898,-0.23485,-2,0.0071021,1.4724,1,0.89898,0.78094,1,0.98927,0.46574,0.49868,0,0.70995,-1,1,0.010313,0.87183,1
0,0,0,0,0,0,0,0,0.55447,1.4202,-0.54173,-1,-0.00078366,-8.2026e-05,7.7044e-05,1,1,0.49513,0.8731,-0.55447,0.9774,-0.38256,0.40411,0.7204,0.57201,0.91298,0.11587,4.3548e-07,9999,0,-1,712.89,5.9082,0.16949,1,0,1.6752,-0.59143,-1.9007,0.26777,0.17202,0.37521,1,0.62968,0.8079,-0.5567,0,0,0,0,0,10,0.24325,0.00078366,9999,-1,605.47,0,0.40411,0.62968,0.8079,-0.41445,-5,0.0088988,0.62968,1,0.8079,0.79439,1,1.2123e-06,0.75724,0,0,0,0,0,0,0,1
0,0,0,0,0,0,0,0,1.0403,0.81292,-0.98053,-1,-0.94947,-4.5991e-06,1.7176e-06,7,1,0.50047,0.9544,999,999,999,0.85687,0.33247,0.20078,0.69097,0.17463,4.5347e-07,9999,0,1,625,9.375,0.17918,0,0,0,0,0,0,0,0,1,0.52496,0.53305,-0.16325,0,0,0,0,0,10,0.21327,4.3627e-07,9999,1,654.3,4.9316,0.16993,1.0403,0.7853,-0.28648,0,0.025019,0.52496,-1,0.53305,0.93476,-1,-0.94947,-0.080663,0,0,0,0,0,0,0,0
0,0,0,0,0,0,0,0,0.68635,0.30051,-0.74463,-1,-0.0056262,0.0044249,-4.9414e-05,0,0,0,1.0421,999,999,999,1.0158,1.0505,0.58901,0.37348,0.18302,3.6862e-07,9999,1,-1,996.09,8.2031,0.12392,0,0,0,0,0,0,0,0,1,999,999,999,0,0,0,0,0,0,0,0,0,0,0,0,0,0,0,0,0,0.012653,0.7659,1,0.99452,0.29967,1,0.0044249,0.011457,0,0,0,0,0,0,0,1
0,0,0,0,0,0,0,0,0.99982,0.23955,-0.97915,-1,-0.049888,-6.0507e-07,0,0,0,0,1.0073,999,999,999,1.213,0.23739,0,0.95679,0.1947,6.0507e-07,9999,1,-1,615.23,4.1016,0.23739,0,0,0,0,0,0,0,0,1,999,999,999,0,0,0,0,0,0,0,0,0,0,0,0,0,0,0,0,0,0.010728,0.99982,-1,0.99255,0,0,0,0,0,0,0,0,0,0,0,1
0,0,0,0,0,0,0,0,0.17549,0,0.45421,-1,7.3604e-06,-3.3276e-06,1.5253e-06,0,0,0,0.50856,999,999,999,0.36918,0.30801,0.18034,0.050896,0.10121,1.5253e-06,9999,1,1,0,5.4199,0.18034,0,0,0,0,0,0,0,0,1,999,999,999,0,0,0,0,0,0,0,0,0,0,0,0,0,0,0,0,0,0,0,0,0,0.46328,-1,-3.3276e-06,-0.38788,0,0,0,0,0,0,0,0
0,0,0,0,1.7336,0.40672,-0.99271,1,0.38202,0,0.93591,-1,0.017971,-4.7759e-05,3.3077e-05,0,0,0,1.6651,999,999,999,1.5657,0.58209,0.52117,0,0,0,0,0,0,0,0,0,0,0,0,0,0,0,0,0,0,0,0,0,0,0,0,0,0,0,0,0,0,0,0,0,0,0,0,0,0,0.0073472,1.7336,1,0.99809,0,0,0,0,0,0,0,0,0,0,0,1
0,0,0,0,0,0,0,0,0.93112,0.47444,-0.91913,1,0.98987,0.0037399,2.8186e-05,1,0,0,1.1231,0.93112,-0.76382,-0.12827,0.69047,0.91287,0.49971,0.89862,0.065986,1.2169e-06,9999,0,-1,0,18.164,0.10691,0,0,0,0,0,0,0,0,1,999,999,999,0,0,0,0,0,10,0.12911,4.1727e-07,9999,-1,761.72,8.2031,0.15874,0.93112,0.76382,-0.68511,-0,0.012382,0.93112,1,0.76382,0.78945,1,0.98987,0.78106,0,0,0,0,0,0,0,1
0,0,0,0,0,0,0,0,0.53077,2.0992,-0.96132,-1,-0.93522,-0.038194,-0.00069032,2,0,0,0.85303,-0.53077,0.70398,-0.52518,0.38783,0.77141,0.63338,0,0,0,0,0,0,0,0,0,0,0,0,0,0,0,0,0,0,0,0,0,0,0,0,0,0,0,0,0,0,0,0,0,0,0,0,0,0,0.01264,0.65382,-1,0.90073,0,0,0,0,0,0,0,0,0,0,0,0
0,0,0,0,0,0,0,0,0.45594,0.062354,-0.66216,1,-0.97411,0.073066,2.8461e-06,4,1,0.49788,0.72294,999,999,999,0.82172,0.85276,0.29627,0.33561,0.15138,3.6584e-07,9999,0,1,610.35,3.8086,0.12159,0,0,0,0,0,0,0,0,1,999,999,999,0,0,0,0,0,0,0,0,0,0,0,0,0,0,0,0,0,0.0033535,0.66605,-1,0.73172,0.20439,-1,-0.97411,-0.08604,0,0,0,0,0,0,0,0
0.32234,0.83095,0.068991,-1,0,0,0,0,0.70576,0.1281,-0.2888,1,0.98262,-0.012357,-0.0010185,1,0,0,1.1562,0.70576,-0.8999,-0.90126,0.67977,0.75019,0.66057,0,0,0,0,0,0,0,0,0,0,0,0,0,0,0,0,0,0,0,0,0,0,0,0,0,0,0,0,0,0,0,0,0,0,0,0,0,0,0.0085645,0.72731,-1,0.8776,0,0,0,0,0.32234,0.83095,0.068991,-1,1,0.0063836,0.57997,1
0,0,0,0,1.0359,0.061207,0.70026,-1,0.53868,0.42574,-0.59804,-1,-0.019378,4.5723e-05,-2.9594e-05,1,0,0,1.1755,-0.53868,-0.93663,-0.95527,1.4528,0.55595,0.50601,0.921,0.12179,3.5852e-07,9999,0,1,1289.1,12.891,0.11524,0,0,0,0,0,0,0,0,1,1.0359,0.99474,-0.93044,0,0,0,0,0,10,0.12179,3.5852e-07,9999,1,1289.1,12.891,0.11524,1.0359,0.99474,-0.93044,2,0.0007887,1.0359,-1,0.99474,0.9908,-1,-2.9594e-05,-0.76234,0,0,0,0,0,0,0,0
0,0,0,0,0,0,0,0,1.1142,1.4194,-0.80007,1,-0.0018567,0.00078015,-0.00050147,0,0,0,1.6183,-0.64393,0.83861,-0.70332,1.0381,1.0439,0.95404,0.81237,0.19626,4.3285e-07,9999,1,1,664.06,6.0547,0.168,0,0,0,0,0,0,0,0,1,0.64393,0.83861,-0.98889,0,0,0,0,0,10,0.19626,4.3285e-07,9999,1,664.06,6.0547,0.168,0.64393,0.83861,-0.98889,0,0.0031567,1.1142,1,0.73986,0.96203,-1,-0.00011235,-0.07229,0,0,0,0,0,0,0,1
0,0,0,0,0,0,0,0,0.5811,1.4676,-0.88029,1,-0.96959,0.00033962,7.957e-05,1,0,0,0.76917,999,999,999,0.31303,0.31803,0.63444,0.43917,0.24725,2.1479e-06,9999,1,-1,439.45,3.4668,0.3905,0,0,0,0,0,0,0,0,1,0.5811,0.63311,-0.41363,0,0,0,0,0,10,0.24725,2.1479e-06,9999,-1,439.45,3.4668,0.3905,0.5811,0.63311,-0.41363,-0,0.021147,0.5811,1,0.63311,-0.069834,1,0.00033962,9.9955e-05,0,0,0,0,0,0,0,0
0,0,0,0,0,0,0,0,0.26683,1.272,-0.93254,1,2.9008e-05,-2.656e-05,-1.2294e-05,0,0,0,0.67677,999,999,999,0.50342,0.4923,0.4126,0,0,0,0,0,0,0,0,0,0,0,0,0,0,0,0,0,0,0,0,0,0,0,0,0,0,0,0,0,0,0,0,0,0,0,0,0,0,0,0,0,0,0,0,0,0,0,0,0,0,0,0,0,0
0,0,0,0,0,0,0,0,0.90622,1.3999,-0.87952,1,0.78279,0.041321,-7.7901e-05,0,0,0,1.3191,0.75247,0.93112,-0.93427,0.94474,1.1002,0.71694,0.93195,0.12571,3.5567e-07,9999,1,-1,1425.8,10.742,0.11267,0,0,0,0,0,0,0,0,1,0.75247,0.93112,-0.95182,0,0,0,0,0,10,0.1814,1.5968e-06,9999,-1,0,5.4688,0.18873,0.90622,0.99687,-0.58421,-5,0.030025,0.90622,1,0.99687,0.91124,1,0.78279,0.77745,0,0,0,0,0,0,0,1
0,0,0,0,0,0,0,0,0.54543,0.17645,-0.5139,1,3.6006e-05,-1.2133e-05,-1.485e-06,1,0,0,0.59916,999,999,999,0.53357,0.41142,0.17507,0.85418,0.089384,1.485e-06,9999,1,-1,0,6.4453,0.17507,0,0,0,0,0,0,0,0,1,0.54543,0.88482,-0.74246,0,0,0,0,0,10,0.089384,1.485e-06,9999,-1,0,6.4453,0.17507,0.54543,0.88482,-0.74246,-0,0.0051447,0.54543,1,0.88482,-0.74246,1,3.6006e-05,0.73155,0,0,0,0,0,0,0,0
0.85994,0.8625,-0.93397,-1,0,0,0,0,0.35579,0.2702,0.4583,1,-0.14908,-0.00010381,3.2558e-05,0,0,0,0.87004,-0.51144,0.5435,-0.4537,0.68474,0.63774,0.58446,0.34177,0.19072,3.9005e-07,9999,1,1,927.73,6.7383,0.14053,0,0,0,0,0,0,0,0,1,0.85994,0.9256,-0.036923,0,0,0,0,0,10,0.19072,3.9005e-07,9999,1,927.73,6.7383,0.14053,0.85994,0.9256,-0.036923,0,0.0078053,0.85994,-1,0.9256,-0.036923,-1,-0.14908,-0.0054658,0.85994,0.8625,-0.93397,-1,1,0.0078053,0.9256,1
0,0,0,0,0,0,0,0,1.0205,0.42915,0.058541,-1,-0.0024265,-1.1908e-05,5.482e-06,2,0,0,1.0927,-0.64844,-0.87772,-0.67393,1.3383,0.40974,0.34596,0.46789,0.18714,4.6301e-07,9999,1,1,693.36,5.5664,0.18398,0,0,0,0,0,0,0,0,1,1.0205,0.91469,-0.60486,0,0,0,0,0,10,0.18714,4.6301e-07,9999,1,693.36,5.5664,0.18398,1.0205,0.91469,-0.60486,5,0.0022553,1.0205,-1,0.91469,0.54565,-1,-1.1908e-05,-0.011559,0,0,0,0,0,0,0,0
0,0,0,0,0,0,0,0,0.56264,1.9674,-0.86841,-1,-0.9999,-0.66375,-0.00018024,0,1,0.49815,0.93655,-0.66435,0.44914,-0.72519,0.30174,0.63219,0.83408,0,0,0,0,0,0,0,0,0,0,0,0,0,0,0,0,0,0,0,0,0,0,0,0,0,0,0,0,0,0,0,0,0,0,0,0,0,0,0.022151,0.56264,-1,0.53459,0,0,0,0,0,0,0,0,0,0,0,0
0,0,0,0,1.4422,0.16426,-0.79786,-1,0.30054,0.29209,-0.95443,1,-0.073951,4.9364e-07,3.9724e-07,0,0,0,1.0156,999,999,999,1.0711,0.19811,0.14562,0.17788,0.12124,3.9724e-07,9999,1,1,810.55,6.543,0.14562,0,0,0,0,0,0,0,0,1,1.4422,0.83807,-0.28584,0,0,0,0,0,10,0.12124,3.9724e-07,9999,1,810.55,6.543,0.14562,1.4422,0.83807,-0.28584,2,0.002573,1.4422,-1,0.83807,-0.28584,-1,-0.073951,-0.24256,0,0,0,0,0,0,0,0
0,0,0,0,0,0,0,0,0.52596,1.7226,0.90933,1,-0.32828,0.00063893,6.2749e-06,0,0,0,0.78647,999,999,999,0.88176,0.81121,0.3565,0,0,0,0,0,0,0,0,0,0,0,0,0,0,0,0,0,0,0,0,0,0,0,0,0,0,0,0,0,0,0,0,0,0,0,0,0,0,0.023903,0.55627,-1,0.26014,0,0,0,0,0,0,0,0,0,0,0,0
0,0,0,0,0,0,0,0,0.8117,1.1232,-0.88536,-1,-0.99997,-0.95767,4.3533e-05,2,1,0.49549,0.97012,999,999,999,0.27423,1.1172,0.56471,0.91368,0.22077,5.0331e-07,9999,0,1,654.3,3.7109,0.20219,0,1,0,0,0,0,0,0,1,0.8117,0.86125,-0.94806,0,0,0,0,0,10,0.22077,5.0331e-07,9999,1,654.3,3.7109,0.20219,0.8117,0.86125,-0.94806,9,0.012047,0.8117,-1,0.86125,-0.425,-1,-0.99997,-0.085576,0,0,0,0,0,0,0,0
0,0,0,0,0,0,0,0,1.1589,0.95025,-0.62267,-1,-0.82735,0.036741,0.00042423,0,0,0,1.287,999,999,999,0.99492,1.0495,0.54752,0.92296,0.22726,4.8329e-07,9999,1,-1,556.64,4.4434,0.19354,0,0,0,0,0,0,0,0,1,0.67838,0.82446,-0.58761,0,0,0,0,0,10,0.22726,4.8329e-07,9999,-1,556.64,4.4434,0.19354,0.67838,0.82446,-0.58761,-5,0.014615,1.1589,-1,0.9349,0.57736,1,0.00042423,0.068539,0,0,0,0,0,0,0,0
0,0,0,0,1.9344,0.062765,-0.95967,1,0.68083,0.73135,0.85031,1,0.00032121,-0.00017916,9.6327e-05,3,1,0.49246,1.9087,1.9344,0.99774,-0.94821,0.73904,0.12104,2.6448,0.45839,0.19564,8.6672e-07,9999,1,-1,581.05,3.9062,0.29246,0,0,0,0,0,0,0,0,1,1.9344,0.99774,-0.42619,0,0,0,0,0,10,0.19564,8.6672e-07,9999,-1,581.05,3.9062,0.29246,1.9344,0.99774,-0.42619,-0,0.0090614,1.9344,1,0.99774,0.6782,1,0.00032121,0.0056547,0,0,0,0,0,0,0,1
0,0,0,0,0,0,0,0,0.49547,0.87302,0.45038,1,0.99974,-0.96519,0.79369,0,0,0,0.5132,999,999,999,0.34926,0.56879,0.88581,0.81267,0.1541,0.99974,9999,1,1,1308.6,12.402,0.34926,0,0,0,0,0,0,0,0,1,999,999,999,0,0,0,0,0,0,0,0,0,0,0,0,0,0,0,0,0,0,0,0,0,0.83553,-1,-0.96519,-0.00010836,0,0,0,0,0,0,0,0
0.22355,1.3927,0.26684,-1,0,0,0,0,0.90299,0.95778,0.26057,-1,0.9991,-0.00027382,-4.461e-05,0,0,0,1.179,999,999,999,0.45483,1.0578,0.56912,0.54789,0.15144,4.2069e-07,9999,1,1,644.53,5.5664,0.16084,0,0,0,0,0,0,0,0,1,999,999,999,0,0,0,0,0,10,0.2111,4.7752e-07,9999,1,722.66,5.4688,0.19091,0.90299,0.91761,-0.89263,4,0.01986,0.90299,-1,0.91761,-0.95274,1,0.9991,0.10148,0.22355,1.3927,0.26684,-1,1,0.080095,0.92845,1
0,0,0,0,0,0,0,0,1.7416,0,-0.87306,1,0.0028693,-5.4187e-05,1.0876e-05,0,0,0,1.8447,999,999,999,1.9858,0.6077,0.40177,0.84497,0.12229,3.6559e-07,9999,1,-1,742.19,4.9316,0.12137,0,0,0,0,0,0,0,0,1,1.7416,0.9881,-0.88919,0,0,0,0,0,10,0.12229,3.6559e-07,9999,-1,742.19,4.9316,0.12137,1.7416,0.9881,-0.88919,-2,0.010614,1.7416,1,0.9881,0.89063,1,1.0876e-05,0.64272,0,0,0,0,0,0,0,1
0,0,0,0,0,0,0,0,1.3576,0.14595,0.82591,-1,0.99979,-0.31642,0.0012949,1,0,0,1.3518,999,999,999,0.37771,1.9375,0.46813,0,0,0,0,0,0,0,0,0,0,0,0,0,0,0,0,0,0,0,0,0,0,0,0,0,0,0,0,0,0,0,0,0,0,0,0,0,0,0.0033332,1.3576,-1,0.99503,0,0,0,0,0,0,0,0,0,0,0,0
0,0,0,0,0,0,0,0,0.35647,0,-0.81089,-1,-0.99558,-0.0030808,0,0,1,0.50041,0.46505,999,999,999,0.59119,0.51757,0,0,0,0,0,0,0,0,0,0,0,0,0,0,0,0,0,0,0,0,0,0,0,0,0,0,0,0,0,0,0,0,0,0,0,0,0,0,0,0,0,0,0,0,0,0,0,0,0,0,0,0,0,0,0
0,0,0,0,0,0,0,0,0.36906,0.98405,-0.66135,-1,0.64451,-4.2422e-05,5.9585e-06,0,1,0.49291,0.53222,999,999,999,0.82864,0.56012,0.35244,0.96164,0.20182,1.158e-06,9999,1,-1,541.99,4.3457,0.32839,0,1,0,0,0,0,0,0,1,999,999,999,0,0,0,0,0,0,0,0,0,0,0,0,0,0,0,0,0,0,0,0,0,0.69003,1,0.64451,0.50861,0,0,0,0,0,0,0,1
0,0,0,0,0,0,0,0,0.56478,0.18112,-0.50261,-1,0.00055227,-6.3398e-05,0,1,0,0,0.55913,999,999,999,0.56172,0.64502,0,0,0,0,0,0,0,0,0,0,0,0,0,0,0,0,0,0,0,0,0,0,0,0,0,0,0,0,0,0,0,0,0,0,0,0,0,0,0,0.024187,0.56478,-1,0.81399,0,0,0,0,0,0,0,0,0,0,0,0
0,0,0,0,0,0,0,0,1.8867,0.43668,-0.98552,1,0.24855,-0.00037134,0,0,0,0,1.5014,999,999,999,2.9621,1.1037,0,0,0,0,0,0,0,0,0,0,0,0,0,0,0,0,0,0,0,0,0,0,0,0,0,0,0,0,0,0,0,0,0,0,0,0,0,0,0,0.0059167,1.8867,1,0.94775,0,0,0,0,0,0,0,0,0,0,0,1
0,0,0,0,0.6026,1.1386,-0.057727,1,1.0364,0.50989,0.78151,1,-0.98286,0.17337,0.092854,0,0,0,1.7551,-1.0697,0.53916,-0.81147,0.76205,0.9739,0.97813,0,0,0,0,0,0,0,0,0,0,0,0,0,0,0,0,0,0,0,0,0,0,0,0,0,0,0,0,0,0,0,0,0,0,0,0,0,0,0.008317,1.0697,-1,0.53916,0,0,0,0,0,0,0,0,0,0,0,0
0,0,0,0,0,0,0,0,0.70977,0.45161,0.017153,-1,-0.97018,0.0090568,-3.5271e-05,0,0,0,0.89803,999,999,999,0.88365,0.67916,0.52763,0,0,0,0,0,0,0,0,0,0,0,0,0,0,0,0,0,0,0,0,0,0,0,0,0,0,0,0,0,0,0,0,0,0,0,0,0,0,0.010482,0.74015,-1,0.85774,0,0,0,0,0,0,0,0,0,0,0,1
0,0,0,0,0,0,0,0,0.57743,0.94417,-0.78712,1,0.00019321,-4.0432e-05,1.1216e-05,1,0,0,0.62827,0.57743,-0.93401,-0.72066,0.22063,0.54544,0.40445,0,0,0,0,0,0,0,0,0,0,0,0,0,0,0,0,0,0,0,0,0,0,0,0,0,0,0,0,0,0,0,0,0,0,0,0,0,0,0.033613,0.73766,-1,0.89518,0,0,0,0,0,0,0,0,0,0,0,1
0,0,0,0,0,0,0,0,0.44645,0.75642,0.61494,1,0.97146,0.86349,0.82096,2,0,0,0.65525,999,999,999,0.28355,0.2229,0.84116,0.54411,0.15453,5.8926e-07,9999,0,-1,566.41,5.4199,0.23269,0,0,0,0,0,0,0,0,1,999,999,999,0,0,0,0,0,0,0,0,0,0,0,0,0,0,0,0,0,0.01075,0.59407,-1,0.86959,0.58499,1,0.82096,0.11475,0,0,0,0,0,0,0,1
0.67787,1.6623,-0.93213,1,0,0,0,0,0.57612,1.3434,-0.95654,-1,0.99444,0.16374,-0.0094693,1,0,0,0.98515,0.67787,-0.88474,-0.089186,0.4278,0.88537,0.83488,0.5298,0.072044,1.3181e-06,9999,0,1,0,8.2031,0.14579,0,0,0,0,0,0,0,0,1,999,999,999,0,0,0,0,0,0,0,0,0,0,0,0,0,0,0,0,0,0.0018734,0.67787,1,0.88474,0.73185,-1,-0.0094693,-0.69232,0.67787,1.6623,-0.93213,1,1,0.0018734,0.88474,0
0,0,0,0,0,0,0,0,1.4991,0.73795,0.0044156,-1,-0.81374,7.7191e-07,0,0,0,0,1.15,999,999,999,2.3271,0.27624,0,0,0,0,0,0,0,0,0,0,0,0,0,0,0,0,0,0,0,0,0,0,0,0,0,0,0,0,0,0,0,0,0,0,0,0,0,0,0,0.020338,1.4991,-1,0.93109,0,0,0,0,0,0,0,0,0,0,0,1
0,0,0,0,0,0,0,0,1.1015,0.52183,0.25475,-1,0.88735,-0.80014,-4.5611e-05,0,0,0,1.3066,999,999,999,0.25418,1.4701,0.57326,0,0,0,0,0,0,0,0,0,0,0,0,0,0,0,0,0,0,0,0,0,0,0,0,0,0,0,0,0,0,0,0,0,0,0,0,0,0,0.0050516,1.1015,-1,0.90237,0,0,0,0,0,0,0,0,0,0,0,0
0,0,0,0,0,0,0,0,0.57462,0.88982,0.14282,-1,-6.616e-05,3.6567e-05,3.2178e-05,0,1,0.49678,0.88715,999,999,999,0.62849,0.53449,0.51731,0,0,0,0,0,0,0,0,0,0,0,0,0,0,0,0,0,0,0,0,0,0,0,0,0,0,0,0,0,0,0,0,0,0,0,0,0,0,0.0089241,0.57462,-1,0.73402,0,0,0,0,0,0,0,0,0,0,0,1
0,0,0,0,0,0,0,0,1.1017,0.44429,-0.39605,-1,-0.96683,-8.92e-05,2.3837e-06,2,0,0,1.0585,-1.1017,-0.76297,-0.39088,0.50874,0.92321,0.28294,0.35944,0.22096,4.0218e-07,9999,1,1,791.02,5.8105,0.149,0,0,0,0,0,0,0,0,1,1.1017,0.76297,-0.0010333,0,0,0,0,0,10,0.23127,2.3837e-06,9999,1,537.11,3.3691,0.28294,1.1017,0.76297,-0.78431,9,0.0036348,1.1017,-1,0.76297,0.20668,-1,-0.96683,-0.00051958,0,0,0,0,0,0,0,0
0,0,0,0,0,0,0,0,0.2568,0.061106,-0.19004,-1,0.99965,0.12348,6.5665e-06,3,0,0,0.47362,999,999,999,0.34184,1.4926,0.36008,0.1409,0.1998,0.99965,9999,0,1,1269.5,11.523,0.34184,0,0,0,0,0,0,0,0,1,999,999,999,0,0,0,0,0,0,0,0,0,0,0,0,0,0,0,0,0,0,0,0,0,0,0,0,0,0,0,0,0,0,0,0,1
0,0,0,0,0.89139,0.77083,0.8339,-1,1.0163,0.25444,-0.24435,1,0.04648,-0.043471,2.9713e-05,0,0,0,1.4214,999,999,999,1.138,1.0728,0.44223,0,0,0,0,0,0,0,0,0,0,0,0,0,0,0,0,0,0,0,0,0,0,0,0,0,0,0,0,0,0,0,0,0,0,0,0,0,0,0.016167,1.0163,1,0.52121,0,0,0,0,0,0,0,0,0,0,0,1
0,0,0,0,0,0,0,0,0.83487,1.7487,-0.88694,1,0.96045,7.1142e-05,-5.4172e-05,0,0,0,1.0959,0.86977,-0.71382,-0.98449,1.2537,0.67723,0.60904,0,0,0,0,0,0,0,0,0,0,0,0,0,0,0,0,0,0,0,0,0,0,0,0,0,0,0,0,0,0,0,0,0,0,0,0,0,0,0.0013322,0.86977,1,0.71382,0,0,0,0,0,0,0,0,0,0,0,1
0,0,0,0,0,0,0,0,0.054305,0.11681,0.48161,-1,8.0944e-06,-1.2094e-06,0,1,1,0.49864,0.2823,999,999,999,0.49218,0.090364,0,0.077059,0.054305,1.2094e-06,9999,0,-1,0,4.3457,0.090364,0,0,0,0,0,0,0,0,1,999,999,999,0,0,0,0,0,0,0,0,0,0,0,0,0,0,0,0,0,0,0,0,0,-0.16411,1,8.0944e-06,0.66349,0,0,0,0,0,0,0,1
0,0,0,0,0,0,0,0,1.0032,1.468,-0.1302,-1,-0.24376,0.042106,-3.3625e-05,0,0,0,1.1131,-0.61192,-0.94311,-0.65265,1.574,1.2363,0.51233,0.95724,0.20658,1.1057e-06,9999,1,-1,551.76,3.7598,0.32304,0,0,0,0,0,0,0,0,1,999,999,999,0,0,0,0,0,10,0.22924,3.8338e-06,9999,1,463.87,4.0039,0.31867,0.61192,0.94311,-0.95218,5,0.044499,1.0032,-1,0.86666,0.99137,1,0.042106,0.42042,0,0,0,0,0,0,0,0
0,0,0,0,0,0,0,0,1.2697,0.45214,-0.93641,1,-0.99999,0.93782,0.046145,2,0,0,1.0969,999,999,999,0.22615,1.0024,1.1101,0,0,0,0,0,0,0,0,0,0,0,0,0,0,0,0,0,0,0,0,0,0,0,0,0,0,0,0,0,0,0,0,0,0,0,0,0,0,0.01013,1.2697,1,0.97859,0,0,0,0,0,0,0,0,0,0,0,1
0.43953,0,0.062593,1,1.1523,0,-0.61488,-1,1.0912,0.43953,-0.80688,-1,-0.96843,0.012714,-0.012682,0,0,0,1.263,999,999,999,1.6013,0.70406,0.86883,0,0,0,0,0,0,0,0,0,0,0,0,0,0,0,0,0,0,0,0,0,0,0,0,0,0,0,0,0,0,0,0,0,0,0,0,0,0,0.019765,1.1523,-1,0.78893,0,0,0,0,0.43953,0,0.062593,1,1,0.041553,0.50828,0
0,0,0,0,0.649,0.093284,-0.43538,-1,0.46072,0.16077,-0.46788,1,-0.00012929,8.4689e-05,1.3267e-05,0,1,0.501,0.80844,999,999,999,0.96566,0.71684,0.4194,0,0,0,0,0,0,0,0,0,0,0,0,0,0,0,0,0,0,0,0,0,0,0,0,0,0,0,0,0,0,0,0,0,0,0,0,0,0,0.0038628,0.649,-1,0.45984,0,0,0,0,0,0,0,0,0,0,0,1
0.59159,0.4606,0.8623,-1,0,0,0,0,1.0996,1.1373,-0.10861,1,-0.94071,0.94023,-0.62471,0,0,0,1.6518,-0.85779,-0.26985,-0.0047483,0.62988,1.248,0.71543,0,0,0,0,0,0,0,0,0,0,0,0,0,0,0,0,0,0,0,0,0,0,0,0,0,0,0,0,0,0,0,0,0,0,0,0,0,0,0.005985,1.0996,1,0.69971,0,0,0,0,0.59159,0.4606,0.8623,-1,1,0.00084969,0.97313,0
0,0,0,0,0,0,0,0,0.45782,0.54528,-0.50719,1,0.94615,0.00063471,7.9046e-05,2,0,0,0.94945,999,999,999,0.71561,0.471,0.66325,0.89229,0.085317,3.9839e-07,9999,1,1,1035.2,6.6406,0.14642,0,0,0,0,0,0,0,0,1,999,999,999,0,0,0,0,0,0,0,0,0,0,0,0,0,0,0,0,0,0.0056512,0.70033,1,0.85967,0.90902,-1,-4.1136e-05,-0.76482,0,0,0,0,0,0,0,0
1.3888,0.81878,-0.39101,-1,0,0,0,0,0.96832,0.95468,0.27439,-1,-0.94048,0.00027631,-4.61e-05,0,0,0,1.3971,-1.3888,0.99598,-0.98933,0.6661,0.90918,2.1356,0,0,0,0,0,0,0,0,0,0,0,0,0,0,0,0,0,0,0,0,0,0,0,0,0,0,0,0,0,0,0,0,0,0,0,0,0,0,0.014302,1.3888,-1,0.99598,0,0,0,0,0,0,0,0,0,0,0,0
0,0,0,0,0,0,0,0,0.52026,1.8395,-0.89883,-1,-5.89e-05,-5.1229e-05,-1.5817e-06,0,0,0,0.84855,-0.68711,-0.70814,-0.66598,0.6137,0.59454,0.25164,0.72403,0.11868,3.8997e-07,9999,1,1,976.56,6.1035,0.14047,0,0,0,0,0,0,0,0,1,0.68711,0.70814,-0.75783,0,0,0,0,0,10,0.11868,3.8997e-07,9999,1,976.56,6.1035,0.14047,0.68711,0.70814,-0.75783,4,0.0063082,0.68711,-1,0.70814,0.64105,-1,-5.89e-05,-0.53103,0,0,0,0,0,0,0,1
0,0,0,0,0.8838,0,-0.76326,1,0.37658,0.071682,-0.90501,-1,0.030739,-4.3473e-06,-3.2847e-07,1,0,0,0.93425,999,999,999,0.93835,0.32818,0.085207,0.84677,0.13902,3.2847e-07,9999,0,-1,3085.9,16.211,0.085207,0,0,0,0,0,0,0,0,1,999,999,999,0,0,0,0,0,0,0,0,0,0,0,0,0,0,0,0,0,0.013908,0.8838,1,0.78781,0.39642,1,0.030739,0.56924,0,0,0,0,0,0,0,1
0,0,0,0,0,0,0,0,1.2293,1.5855,-0.3977,-1,-0.080174,0.036611,1.9562e-05,0,0,0,1.3856,999,999,999,1.7042,1.2272,0.45759,0,0,0,0,0,0,0,0,0,0,0,0,0,0,0,0,0,0,0,0,0,0,0,0,0,0,0,0,0,0,0,0,0,0,0,0,0,0,0.010987,1.2293,-1,0.97524,0,0,0,0,0,0,0,0,0,0,0,0
0,0,0,0,0,0,0,0,0.64961,1.6305,-0.55065,-1,-0.90922,0.06742,-1.9812e-06,0,0,0,0.86733,999,999,999,0.80653,1.1859,0.26894,0.941,0.13078,5.4391e-07,9999,1,1,761.72,3.8574,0.21777,0,0,0,0,0,0,0,0,1,999,999,999,0,0,0,0,0,10,0.13271,4.4807e-07,9999,-1,722.66,5.6152,0.17636,0.75807,0.84591,-0.58781,-0,0.011451,0.75807,1,0.84591,0.51513,-1,-0.90922,-0.78907,0,0,0,0,0,0,0,0
0,0,0,0,0,0,0,0,1.4913,0.90367,-0.7562,-1,-0.96717,-0.030598,-0.016158,3,0,0,1.2438,-0.59899,0.9752,-0.97213,1.065,0.97234,0.8846,0.89492,0.099006,1.278e-06,9999,0,-1,0,3.418,0.051088,0,0,0,0,0,0,0,0,1,999,999,999,0,0,0,0,0,10,0.24242,8.7345e-05,9999,1,595.7,4.0527,0.2966,1.4913,0.96181,-0.59318,4,0.0062581,1.4913,-1,0.96181,0.46001,1,1.2856e-06,0.75423,0,0,0,0,0,0,0,0
0,0,0,0,0,0,0,0,0.80742,0.61615,0.96657,1,0.98075,-0.92774,-4.6517e-05,1,0,0,0.74982,0.80742,-0.78819,-0.18254,0.69111,0.86002,0.56594,0,0,0,0,0,0,0,0,0,0,0,0,0,0,0,0,0,0,0,0,0,0,0,0,0,0,0,0,0,0,0,0,0,0,0,0,0,0,0.032904,0.80742,1,0.78819,0,0,0,0,0,0,0,0,0,0,0,0
0,0,0,0,0,0,0,0,0.76232,1.3904,-0.41484,1,0.95197,-0.90638,0.53428,0,0,0,1.2452,0.76232,-0.77105,-0.86245,1.0307,0.28666,0.62027,0.20629,0.21033,1.1895e-06,9999,0,-1,493.16,2.9785,0.33145,0,0,0,0,0,0,0,0,1,0.76232,0.77105,-0.78213,0,0,0,0,0,10,0.18682,0.90638,9999,-1,0,19.727,0.28666,0.69064,0.97991,-0.88548,-22,0.016774,0.76232,1,0.77105,0.36579,1,0.95197,0.00068359,0,0,0,0,0,0,0,1
0,0,0,0,0,0,0,0,1.1545,0.85111,-0.21606,1,-0.050058,0.014553,9.3965e-05,0,0,0,1.6209,999,999,999,0.85813,1.4383,0.82306,0.31224,0.095991,4.0599e-07,9999,1,-1,781.25,7.1289,0.15154,0,0,0,0,0,0,0,0,1,1.1545,0.93324,-0.61672,0,0,0,0,0,10,0.095991,4.0599e-07,9999,-1,781.25,7.1289,0.15154,1.1545,0.93324,-0.61672,-6,0.0027228,1.1545,1,0.93324,0.3112,1,3.468e-05,0.45728,0,0,0,0,0,0,0,0
1.693,0.39758,-0.89468,1,0,0,0,0,0.37228,0.36991,0.90811,-1,0.96328,7.491e-05,-1.4733e-05,0,0,0,1.8548,1.693,0.96541,-0.031909,0.53565,2.0387,0.42929,0,0,0,0,0,0,0,0,0,0,0,0,0,0,0,0,0,0,0,0,0,0,0,0,0,0,0,0,0,0,0,0,0,0,0,0,0,0,0.0099899,1.693,1,0.96541,0,0,0,0,0,0,0,0,0,0,0,1
0,0,0,0,0,0,0,0,0.97062,0,-0.20467,1,0.00071544,-0.00015705,8.5147e-05,0,1,0.49711,1.2175,0.67207,0.80782,-0.69032,1.1005,0.68484,0.66985,0,0,0,0,0,0,0,0,0,0,0,0,0,0,0,0,0,0,0,0,0,0,0,0,0,0,0,0,0,0,0,0,0,0,0,0,0,0,0.0007403,0.97062,1,0.94295,0,0,0,0,0,0,0,0,0,0,0,1
0,0,0,0,0,0,0,0,0.76572,0.98182,-0.93503,-1,-0.75456,-0.0012455,9.9697e-06,2,1,0.49892,0.8664,999,999,999,0.63456,0.6529,0.39428,0.60513,0.10969,1.7558e-06,9999,1,-1,0,4.3945,0.20417,0,0,0,0,0,0,0,0,1,999,999,999,0,0,0,0,0,0,0,0,0,0,0,0,0,0,0,0,0,0.010691,0.76572,-1,0.78448,0.43131,1,2.7968e-06,0.49445,0,0,0,0,0,0,0,0
0,0,0,0,0,0,0,0,0.88257,0.70419,-0.99891,1,5.5038e-05,-3.1688e-05,-1.1594e-05,1,0,0,0.92758,999,999,999,0.60899,0.51475,0.40737,0.99258,0.077449,1.3487e-06,9999,0,1,0,6.9336,0.15251,0,0,0,0,0,0,0,0,1,0.57715,0.98287,-0.97786,0,0,0,0,0,10,0.077449,1.3487e-06,9999,1,0,6.9336,0.15251,0.57715,0.98287,-0.97786,2,0.0036941,0.88257,1,0.80322,-0.73884,-1,-1.1594e-05,-0.88678,0,0,0,0,0,0,0,0
1.3044,0.095473,0.45094,1,0,0,0,0,0.88853,1.0442,-0.77695,-1,0.95181,-0.035857,0.00010473,0,0,0,1.4724,1.3044,0.97494,-0.96925,0.76256,0.56308,1.7079,0.99252,0.09855,3.3739e-07,9999,1,-1,1855.5,12.305,0.094867,1,0,0.24952,-0.9057,-0.20967,0.015383,0.34185,0.092171,1,1.3044,0.97494,-0.95694,0,0,0,0,0,10,0.09855,3.3739e-07,9999,-1,1855.5,12.305,0.094867,1.3044,0.97494,-0.95694,-2,0.0043495,1.3044,1,0.97494,0.9294,1,0.95181,0.89316,0,0,0,0,0,0,0,1
0,0,0,0,0,0,0,0,0.40088,0.08984,0.94087,1,0.93403,-9.2044e-05,-3.2989e-05,1,1,0.49853,1.0658,999,999,999,1.247,0.7397,0.51985,0,0,0,0,0,0,0,0,0,0,0,0,0,0,0,0,0,0,0,0,0,0,0,0,0,0,0,0,0,0,0,0,0,0,0,0,0,0,0.0054956,0.78052,1,0.57037,0,0,0,0,0,0,0,0,0,0,0,1
0,0,0,0,0,0,0,0,0.82703,1.0947,0.29129,-1,0.76117,0.0014748,-3.7556e-05,1,0,0,0.66271,999,999,999,0.11603,0.63858,0.54004,0,0,0,0,0,0,0,0,0,0,0,0,0,0,0,0,0,0,0,0,0,0,0,0,0,0,0,0,0,0,0,0,0,0,0,0,0,0,0.0089273,0.82703,-1,0.93655,0,0,0,0,0,0,0,0,0,0,0,1
0,0,0,0,0,0,0,0,0.78578,1.3137,0.56869,-1,0.30165,-0.016031,-0.0005551,0,0,0,1.1269,999,999,999,1.1579,0.86985,0.31468,0.28013,0.15398,1.2219e-06,9999,1,1,0,4.7363,0.074501,0,0,0,0,0,0,0,0,1,999,999,999,0,0,0,0,0,0,0,0,0,0,0,0,0,0,0,0,0,0.017088,0.78578,-1,0.60351,0.25388,-1,-0.016031,-0.06398,0,0,0,0,0,0,0,1
0,0,0,0,0,0,0,0,0.32449,0.28727,-0.45917,1,0.97561,-4.7765e-05,0,1,0,0,0.38449,999,999,999,0.23524,0.48823,0,0,0,0,0,0,0,0,0,0,0,0,0,0,0,0,0,0,0,0,0,0,0,0,0,0,0,0,0,0,0,0,0,0,0,0,0,0,0,0.0095496,0.77956,-1,0.6516,0,0,0,0,0,0,0,0,0,0,0,0
0,0,0,0,0,0,0,0,0.54013,1.0645,-0.99624,1,0.99926,-0.001396,-0.00015461,1,0,0,0.79315,999,999,999,0.44845,0.53771,0.66646,0,0,0,0,0,0,0,0,0,0,0,0,0,0,0,0,0,0,0,0,0,0,0,0,0,0,0,0,0,0,0,0,0,0,0,0,0,0,0.0073973,0.54013,1,0.42929,0,0,0,0,0,0,0,0,0,0,0,1
0,0,0,0,0,0,0,0,0.95873,0.76695,-0.61759,-1,-0.00012164,1.301e-06,-3.9229e-07,1,0,0,0.67041,999,999,999,0.69396,0.14157,0.14214,0.88065,0.1636,3.7265e-07,9999,0,1,1005.9,6.6406,0.12722,0,0,0,0,0,0,0,0,1,999,999,999,0,0,0,0,0,0,0,0,0,0,0,0,0,0,0,0,0,0.0069187,0.95873,-1,0.89418,0.98297,-1,-0.00012164,-0.48947,0,0,0,0,0,0,0,1
0,0,0,0,0,0,0,0,0.36037,0.40905,0.21847,1,0.00020611,2.8891e-05,1.2203e-06,2,0,0,0.44486,999,999,999,0.23796,0.57675,0.1098,0.1174,0.091904,3.995e-07,9999,1,1,634.77,2.5391,0.14718,0,0,0,0,0,0,0,0,1,999,999,999,0,0,0,0,0,0,0,0,0,0,0,0,0,0,0,0,0,0,0,0,0,0.68227,1,0.00020611,0.019615,0,0,0,0,0,0,0,0
0,0,0,0,0,0,0,0,0.66117,0.9563,0.4331,-1,-8.9662e-05,1.5398e-06,0,0,0,0,0.64616,999,999,999,0.66142,0.18214,0,0,0,0,0,0,0,0,0,0,0,0,0,0,0,0,0,0,0,0,0,0,0,0,0,0,0,0,0,0,0,0,0,0,0,0,0,0,0,0.0022229,0.66117,-1,0.51562,0,0,0,0,0,0,0,0,0,0,0,0
0,0,0,0,0,0,0,0,0.50844,1.6648,0.93144,1,0.99995,-0.00023767,3.2112e-05,0,0,0,0.62846,999,999,999,0.31156,0.44226,0.51682,0.70045,0.088075,3.2962e-07,9999,1,-1,1269.5,8.8867,0.086496,0,0,0,0,0,0,0,0,1,999,999,999,0,0,0,0,0,0,0,0,0,0,0,0,0,0,0,0,0,0.012636,0.50844,1,0.96484,0.85248,1,0.99995,0.67734,0,0,0,0,0,0,0,1
0,0,0,0,0,0,0,0,0.56373,0.90502,0.22584,1,7.8666e-05,-9.9619e-07,4.0905e-07,0,0,0,0.63444,999,999,999,0.72654,0.31046,0.15354,0.99046,0.15176,4.0905e-07,9999,1,1,791.02,6.0547,0.15354,0,0,0,0,0,0,0,0,1,999,999,999,0,0,0,0,0,0,0,0,0,0,0,0,0,0,0,0,0,0.00082815,0.56373,1,0.66156,0,0,0,0,0,0,0,0,0,0,0,0
0,0,0,0,0,0,0,0,0.90083,1.2477,-0.86986,1,0.0016544,4.2316e-05,-3.6782e-07,0,0,0,0.88489,0.53336,0.94214,-0.87071,1.3542,0.55962,0.12325,0.71004,0.14464,3.6782e-07,9999,1,-1,1025.4,8.6914,0.12325,0,0,0,0,0,0,0,0,1,0.90083,0.65985,-0.98905,0,0,0,0,0,10,0.14464,3.6782e-07,9999,-1,1025.4,8.6914,0.12325,0.90083,0.65985,-0.98905,-0,0.0056846,0.90083,1,0.65985,0.9049,1,4.2316e-05,0.31102,0,0,0,0,0,0,0,1
0,0,0,0,0,0,0,0,1.5915,0.14534,-0.74869,-1,-0.96357,0.70935,0.057258,1,0,0,1.8446,-1.5915,-0.76704,-0.28435,1.0876,1.7757,0.83312,0,0,0,0,0,0,0,0,0,0,0,0,0,0,0,0,0,0,0,0,0,0,0,0,0,0,0,0,0,0,0,0,0,0,0,0,0,0,0.0045576,1.5915,-1,0.76704,0,0,0,0,0,0,0,0,0,0,0,0
0,0,0,0,0,0,0,0,1.0428,1.1787,0.83231,-1,-0.97155,0.00033854,-4.3251e-05,1,0,0,1.0929,999,999,999,1.6444,0.84592,0.56355,0,0,0,0,0,0,0,0,0,0,0,0,0,0,0,0,0,0,0,0,0,0,0,0,0,0,0,0,0,0,0,0,0,0,0,0,0,0,0.011492,1.0428,-1,0.89468,0,0,0,0,0,0,0,0,0,0,0,0
0,0,0,0,0,0,0,0,1.1419,0.50649,-0.96123,1,0.10748,0.094574,1.4708e-05,1,1,0.50072,1.0232,1.1419,-0.96562,-0.97434,1.8287,0.92618,0.42913,0,0,0,0,0,0,0,0,0,0,0,0,0,0,0,0,0,0,0,0,0,0,0,0,0,0,0,0,0,0,0,0,0,0,0,0,0,0,0.0027322,1.1419,1,0.96562,0,0,0,0,0,0,0,0,0,0,0,0
0.35606,0.68128,-0.48711,1,0,0,0,0,0.62042,0.97185,-0.93104,-1,-0.00096794,0.00056424,-4.3409e-07,0,0,0,0.71672,999,999,999,0.77759,0.32053,0.1687,0.19893,0.17665,3.7122e-07,9999,1,1,1132.8,8.7891,0.12606,0,0,0,0,0,0,0,0,1,0.62042,0.87662,-0.52724,0,0,0,0,0,10,0.17665,3.7122e-07,9999,1,1132.8,8.7891,0.12606,0.62042,0.87662,-0.52724,6,0.010659,0.62042,-1,0.87662,-0.52724,-1,-0.00096794,-0.009049,0.35606,0.68128,-0.48711,1,1,0.023171,0.93977,0
0.33761,1.7408,-0.8695,1,0,0,0,0,1.0395,0.28399,-0.57903,-1,-0.83612,0.42493,-0.00076997,3,0,0,1.342,-1.0395,0.50953,-0.39408,1.2342,0.54607,0.99576,0.60714,0.09313,1.4805e-06,9999,0,-1,0,2.0752,0.17444,0,0,0,0,0,0,0,0,1,999,999,999,0,0,0,0,0,0,0,0,0,0,0,0,0,0,0,0,0,0.026567,1.0395,-1,0.50953,0.28037,1,0.42493,0.61135,0.33761,1.7408,-0.8695,1,1,0.32914,0.43409,0
0,0,0,0,0,0,0,0,1.8522,0.77788,-0.9719,-1,0.99987,-0.70022,-0.027231,2,2,0.4969,1.5955,999,999,999,0.31211,2.8329,0.53409,0,0,0,0,0,0,0,0,0,0,0,0,0,0,0,0,0,0,0,0,0,0,0,0,0,0,0,0,0,0,0,0,0,0,0,0,0,0,0.021776,1.8522,-1,0.89265,0,0,0,0,0,0,0,0,0,0,0,1
0,0,0,0,0,0,0,0,0.94764,1.0654,-0.62193,-1,-0.04983,2.6996e-06,0,0,0,0,0.97886,999,999,999,1.1852,0.2923,0,0,0,0,0,0,0,0,0,0,0,0,0,0,0,0,0,0,0,0,0,0,0,0,0,0,0,0,0,0,0,0,0,0,0,0,0,0,0,0.011547,0.94764,-1,0.83194,0,0,0,0,0,0,0,0,0,0,0,0
0,0,0,0,0,0,0,0,0.93764,0.049348,-0.82945,1,0.00018413,-9.3278e-06,0,1,0,0,0.90969,999,999,999,0.88451,0.2615,0,0,0,0,0,0,0,0,0,0,0,0,0,0,0,0,0,0,0,0,0,0,0,0,0,0,0,0,0,0,0,0,0,0,0,0,0,0,0,0,0,0,0,0,0,0,0,0,0,0,0,0,0,0,1
0,0,0,0,0,0,0,0,0.54628,0.46075,0.69788,1,0.98746,0.00061121,0.00057993,2,0,0,1.2361,0.54628,0.81628,-0.57851,0.76177,0.35604,0.33116,0.25638,0.17684,1.2234e-06,9999,1,-1,0,15.625,0.11206,0,0,0,0,0,0,0,0,1,0.54628,0.81628,-0.47661,0,0,0,0,0,10,0.17684,1.2234e-06,9999,-1,0,15.625,0.11206,0.54628,0.81628,-0.47661,-6,0.0034684,0.7907,-1,0.61514,0.32827,1,0.98746,0.011569,0,0,0,0,0,0,0,1
0,0,0,0,0,0,0,0,1.2501,0.10367,-0.87353,-1,-0.009915,0.00012982,0,0,0,0,1.3747,999,999,999,1.6033,0.84686,0,0,0,0,0,0,0,0,0,0,0,0,0,0,0,0,0,0,0,0,0,0,0,0,0,0,0,0,0,0,0,0,0,0,0,0,0,0,0,0.0017867,1.2501,-1,0.93275,0,0,0,0,0,0,0,0,0,0,0,0
0,0,0,0,0,0,0,0,0.46484,0.47593,0.45289,-1,0.99856,-6.5975e-05,-3.0503e-05,2,0,0,0.79673,999,999,999,0.38798,0.6628,0.51003,0.64054,0.17745,3.875e-07,9999,1,-1,644.53,4.1504,0.13867,0,0,0,0,0,0,0,0,1,999,999,999,0,0,0,0,0,0,0,0,0,0,0,0,0,0,0,0,0,0.0029336,0.51687,-1,0.89983,-0.57392,1,0.99856,0.048808,0,0,0,0,0,0,0,1
1.1235,0,-0.96925,-1,0,0,0,0,0.42266,0,0.54529,1,-0.064507,1.8302e-05,3.2705e-07,1,0,0,1.0377,999,999,999,0.95,0.45067,0.083601,0,0,0,0,0,0,0,0,0,0,0,0,0,0,0,0,0,0,0,0,0,0,0,0,0,0,0,0,0,0,0,0,0,0,0,0,0,0,0.0019313,1.1235,-1,0.98707,0,0,0,0,0,0,0,0,0,0,0,0
0,0,0,0,0,0,0,0,1.2086,0.52448,-0.9054,-1,-0.96089,-0.00032015,1.5294e-05,1,1,0.49867,1.3017,-1.2086,-0.99382,-0.99677,1.0005,1.1695,0.43286,0.42813,0.15666,3.8806e-07,9999,1,1,1025.4,8.0078,0.13908,0,0,0,0,0,0,0,0,1,999,999,999,0,0,0,0,0,0,0,0,0,0,0,0,0,0,0,0,0,0.00051246,1.2086,-1,0.99382,-0.56486,-1,-0.96089,-0.079229,0,0,0,0,0,0,0,0
0,0,0,0,0,0,0,0,0.32241,0.30582,0.4214,-1,0.015364,-7.8981e-06,-7.5395e-06,3,0,0,0.55326,999,999,999,0.92403,0.37489,0.34631,0.56642,0.11289,1.2604e-06,9999,0,1,0,2.5391,0.056637,0,0,0,0,0,0,0,0,1,999,999,999,0,0,0,0,0,0,0,0,0,0,0,0,0,0,0,0,0,0.076911,0.59072,1,0.79643,-0.084966,-1,-7.8981e-06,-0.44051,0,0,0,0,0,0,0,0
0,0,0,0,0,0,0,0,0.98725,1.2261,-0.47552,1,0.96984,0.25393,-5.1535e-05,1,0,0,1.0958,0.73049,0.6411,-0.51106,0.82518,1.1808,0.56515,0.53039,0.094487,1.5616e-06,9999,0,1,0,1.9043,0.18474,0,0,0,0,0,0,0,0,1,0.68916,0.5697,-0.97291,0,0,0,0,0,10,0.094487,1.5616e-06,9999,1,0,1.9043,0.18474,0.68916,0.5697,-0.97291,0,0.0012824,0.98725,1,0.95796,-0.53165,1,0.96984,0.00086882,0,0,0,0,0,0,0,1
0,0,0,0,0,0,0,0,0.61409,1.6613,0.62375,-1,-0.99608,0.83357,0.00028681,2,0,0,1.0037,999,999,999,0.15304,0.19047,0.66201,0,0,0,0,0,0,0,0,0,0,0,0,0,0,0,0,0,0,0,0,0,0,0,0,0,0,0,0,0,0,0,0,0,0,0,0,0,0,0.0015262,0.75473,1,0.9955,0,0,0,0,0,0,0,0,0,0,0,1
0,0,0,0,0,0,0,0,0.84765,0.97251,0.95775,-1,-0.0042696,0.0039525,6.6602e-05,1,1,0.50179,1.2553,999,999,999,0.78734,0.80661,0.66198,0.61786,0.10996,1.2148e-06,9999,1,-1,0,15.234,0.10483,0,0,0,0,0,0,0,0,1,999,999,999,0,0,0,0,0,10,0.18202,8.604e-07,9999,-1,830.08,3.6133,0.29147,0.55942,0.43266,-0.23751,-0,0.0056676,0.84765,-1,0.96309,0.76841,1,6.6602e-05,0.50208,0,0,0,0,0,0,0,1
0,0,0,0,0,0,0,0,1.3831,0.75845,-0.98501,-1,0.14926,-0.063015,-2.3415e-05,3,1,0.49908,1.2228,999,999,999,1.4727,2.0998,0.47731,0.66346,0.15062,3.5963e-07,9999,1,1,1015.6,7.7148,0.11622,0,0,0,0,0,0,0,0,1,1.3831,0.82814,-0.94116,0,0,0,0,0,10,0.15062,3.5963e-07,9999,1,1015.6,7.7148,0.11622,1.3831,0.82814,-0.94116,6,0.00090449,1.3831,-1,0.82814,0.076648,-1,-2.3415e-05,-0.20966,0,0,0,0,0,0,0,0
0,0,0,0,0,0,0,0,0.38262,0.037521,-0.30488,-1,-0.94859,-7.479e-06,5.3302e-07,1,0,0,0.51386,999,999,999,0.32267,0.37047,0.21382,0,0,0,0,0,0,0,0,0,0,0,0,0,0,0,0,0,0,0,0,0,0,0,0,0,0,0,0,0,0,0,0,0,0,0,0,0,0,0,0,0,0,0,0,0,0,0,0,0,0,0,0,0,0
0,0,0,0,0,0,0,0,0.69139,1.3411,-0.90348,1,-0.56781,-0.0024776,0.00035681,2,0,0,0.97286,999,999,999,0.52746,0.82881,0.32398,0,0,0,0,0,0,0,0,0,0,0,0,0,0,0,0,0,0,0,0,0,0,0,0,0,0,0,0,0,0,0,0,0,0,0,0,0,0,0.0096909,0.71088,-1,0.82515,0,0,0,0,0,0,0,0,0,0,0,0
0,0,0,0,0,0,0,0,0.94842,0.55797,-0.97585,-1,-0.085161,0.0095521,-3.0083e-06,2,0,0,1.0486,999,999,999,1.3889,1.3891,0.30043,0.60744,0.21609,1.2469e-06,9999,0,-1,0,11.914,0.1242,0,0,0,0,0,0,0,0,1,0.89013,0.9753,-0.76443,0,0,0,0,0,10,0.21609,1.2469e-06,9999,-1,0,11.914,0.1242,0.89013,0.9753,-0.76443,-5,0.0024888,0.94842,-1,0.83677,-0.76443,1,0.0095521,0.0019552,0,0,0,0,0,0,0,1
0.67612,1.1066,0.27296,-1,0,0,0,0,0.56645,1.152,0.80738,1,0.88406,-0.00020395,-5.0146e-07,0,0,0,0.72411,999,999,999,0.5748,0.49819,0.20142,0,0,0,0,0,0,0,0,0,0,0,0,0,0,0,0,0,0,0,0,0,0,0,0,0,0,0,0,0,0,0,0,0,0,0,0,0,0,0.028034,0.67612,-1,0.71583,0,0,0,0,0.67612,1.1066,0.27296,-1,1,0.028034,0.71583,1
0,0,0,0,0,0,0,0,0.20741,0.33171,0.19279,1,3.5523e-06,-2.033e-06,-8.1707e-07,0,0,0,0.47226,999,999,999,0.31292,0.38554,0.28435,0.80507,0.132,5.1417e-07,9999,1,1,664.06,4.9316,0.2066,1,0,-0.31852,0.25071,-1.2212,0.13309,0.0069229,0.37972,1,999,999,999,0,0,0,0,0,0,0,0,0,0,0,0,0,0,0,0,0,0,0,0,0,0.80963,-1,-2.033e-06,-0.54165,0,0,0,0,0,0,0,0
0,0,0,0,0,0,0,0,0.42126,1.1292,-0.72512,1,-0.85731,4.0692e-05,1.3333e-05,0,0,0,0.71142,999,999,999,0.21576,0.55291,0.41997,0.65813,0.20028,8.0773e-07,9999,1,-1,527.34,4.3457,0.28274,0,0,0,0,0,0,0,0,1,999,999,999,0,0,0,0,0,0,0,0,0,0,0,0,0,0,0,0,0,0,0,0,0,0.18262,1,4.0692e-05,0.010627,0,0,0,0,0,0,0,0
0,0,0,0,0,0,0,0,0.5387,0.73431,0.35901,1,-0.99996,0.8732,0.66588,2,0,0,0.87647,999,999,999,0.30964,0.2348,0.55084,0.72304,0.11992,4.1765e-07,9999,1,-1,771.48,4.9316,0.15898,0,0,0,0,0,0,0,0,1,0.5387,0.78966,-0.79098,0,0,0,0,0,10,0.11992,4.1765e-07,9999,-1,771.48,4.9316,0.15898,0.5387,0.78966,-0.79098,-0,0.013171,0.5387,1,0.78966,0.75804,1,0.66588,0.51496,0,0,0,0,0,0,0,1
0,0,0,0,0,0,0,0,0.96517,0.51862,0.92087,1,0.44188,-0.008243,0.00018576,3,1,0.49142,1.1686,999,999,999,1.2754,0.97447,0.94508,0,0,0,0,0,0,0,0,0,0,0,0,0,0,0,0,0,0,0,0,0,0,0,0,0,0,0,0,0,0,0,0,0,0,0,0,0,0,0.0085953,0.96517,1,0.87986,0,0,0,0,0,0,0,0,0,0,0,0
0,0,0,0,1.1099,1.2144,-0.96471,1,0.67555,0.62933,-0.35976,-1,-0.99269,0.014904,-0.00017021,0,0,0,1.209,-0.64664,0.65889,-0.2176,0.49134,0.97978,0.99956,0.35148,0.24888,0.99269,9999,1,-1,810.55,6.3477,0.49134,0,0,0,0,0,0,0,0,1,1.1099,0.64778,-0.32286,0,0,0,0,0,10,0.24888,0.99269,9999,-1,810.55,6.3477,0.49134,1.1099,0.64778,-0.32286,-22,0.003813,1.1099,1,0.64778,-0.32286,1,0.014904,1.0008e-05,0,0,0,0,0,0,0,0
0,0,0,0,0,0,0,0,0.54356,0.80262,-0.87395,-1,-0.39841,-0.012063,0.00037181,0,0,0,0.84869,999,999,999,1.1303,0.86362,0.76785,0,0,0,0,0,0,0,0,0,0,0,0,0,0,0,0,0,0,0,0,0,0,0,0,0,0,0,0,0,0,0,0,0,0,0,0,0,0,0.024229,0.7065,-1,0.98364,0,0,0,0,0,0,0,0,0,0,0,0
0,0,0,0,0,0,0,0,0.52628,1.1266,-0.8311,1,0.075036,-0.00019245,-3.0078e-05,2,0,0,0.76667,999,999,999,0.84117,0.86258,0.40325,0.67825,0.12482,4.2e-07,9999,1,1,917.97,6.0547,0.16042,1,0,3.0793,3.0124,-3.7626,0.096539,0.045997,0.098967,1,0.56353,0.78272,-0.63609,0,0,0,0,0,10,0.12482,4.2e-07,9999,1,917.97,6.0547,0.16042,0.56353,0.78272,-0.63609,6,0.026862,0.56353,-1,0.78272,0.94491,-1,-2.3772e-06,-0.43973,0,0,0,0,0,0,0,0
0,0,0,0,0,0,0,0,0.66811,0,-0.31838,1,0.92821,0.0028246,-3.6016e-06,0,0,0,1.2443,1.0467,-0.77409,-0.71138,0.83344,1.1356,0.2858,0.61619,0.18649,3.6016e-06,9999,1,-1,0,3.9551,0.2858,0,0,0,0,0,0,0,0,1,0.66811,0.96375,-0.80381,0,0,0,0,0,10,0.18649,3.6016e-06,9999,-1,0,3.9551,0.2858,0.66811,0.96375,-0.80381,-0,0.0088097,1.0467,1,0.77409,-0.80381,1,0.92821,0.02292,0,0,0,0,0,0,0,1
0,0,0,0,0,0,0,0,0.60211,0.39906,0.91944,-1,-0.0025866,6.5954e-05,1.1598e-05,1,0,0,0.83356,999,999,999,0.94554,0.61731,0.40741,0.21442,0.20005,4.5927e-07,9999,1,-1,722.66,5.9082,0.18213,0,0,0,0,0,0,0,0,1,0.82546,0.99865,-0.22278,0,0,0,0,0,10,0.20005,4.5927e-07,9999,-1,722.66,5.9082,0.18213,0.82546,0.99865,-0.22278,-6,0.010599,0.82546,1,0.99865,-0.22278,1,6.5954e-05,0.0015061,0,0,0,0,0,0,0,1
0.27386,1.5426,0.075459,1,0,0,0,0,0.63823,1.0096,0.75871,1,0.99912,-0.99434,-0.64818,1,1,0.4909,1.0376,999,999,999,0.44393,0.60728,0.57798,0,0,0,0,0,0,0,0,0,0,0,0,0,0,0,0,0,0,0,0,0,0,0,0,0,0,0,0,0,0,0,0,0,0,0,0,0,0,0.025618,0.68891,-1,0.82578,0,0,0,0,0.27386,1.5426,0.075459,1,1,0.0032654,0.42036,0
2.0013,0.096151,-0.73855,-1,0,0,0,0,0.89177,1.3941,0.88722,-1,-0.41873,0.00041484,-0.00037496,1,0,0,2.0313,-2.0013,-0.99347,-0.96629,1.3408,0.48644,1.7996,0.85589,0.13818,0.00017412,9999,0,1,634.77,0,0.15645,0,0,0,0,0,0,0,0,1,2.0013,0.99347,-0.79361,0,0,0,0,0,10,0.13818,0.00017412,9999,1,634.77,0,0.15645,2.0013,0.99347,-0.79361,0,0.0070602,2.0013,-1,0.99347,0.62786,-1,-0.41873,-0.59068,0.40355,2.0944,0.29416,1,2,0.017906,0.85081,0
0,0,0,0,0,0,0,0,1.8346,0.40244,0.32073,1,0.83663,0.00027037,-0.0001876,1,0,0,2.0708,1.8346,0.98511,-0.9517,1.2865,2.5724,0.55974,0.89941,0.10772,3.8638e-07,9999,0,-1,1445.3,7.4219,0.13784,0,0,0,0,0,0,0,0,1,1.8346,0.98511,-0.92547,0,0,0,0,0,10,0.10772,3.8638e-07,9999,-1,1445.3,7.4219,0.13784,1.8346,0.98511,-0.92547,-0,0.00178,1.8346,1,0.98511,0.89144,1,0.83663,0.74876,0,0,0,0,0,0,0,1
0,0,0,0,0,0,0,0,0.9726,1.1767,-0.3549,-1,0.15181,-0.14677,-0.0048791,1,0,0,1.5589,0.63708,-0.96318,-0.85872,1.1395,1.4488,0.5832,0,0,0,0,0,0,0,0,0,0,0,0,0,0,0,0,0,0,0,0,0,0,0,0,0,0,0,0,0,0,0,0,0,0,0,0,0,0,0.010192,0.9726,-1,0.76844,0,0,0,0,0,0,0,0,0,0,0,0
0,0,0,0,1.7399,0,-0.7777,-1,0.99884,0.042828,0.42439,-1,-0.96976,-0.00016015,3.2019e-07,1,0,0,1.8617,-1.7399,0.88356,-0.73192,0.9447,2.3085,0.075562,0.5239,0.12349,3.2019e-07,9999,0,1,5703.1,20.703,0.075562,0,0,0,0,0,0,0,0,1,0.99884,0.89623,-0.25224,0,0,0,0,0,10,0.12349,3.2019e-07,9999,1,5703.1,20.703,0.075562,0.99884,0.89623,-0.25224,5,0.0022305,1.7399,-1,0.88356,-0.25224,-1,-0.96976,-0.32738,0,0,0,0,0,0,0,0
0,0,0,0,0,0,0,0,0.94282,1.6651,-0.77602,-1,-8.2946e-05,-1.7989e-05,-1.2645e-05,2,0,0,0.849,999,999,999,0.70897,0.4489,0.38362,0.87529,0.22735,1.2645e-05,9999,0,-1,0,3.125,0.38362,0,0,0,0,0,0,0,0,1,0.57857,0.78785,-0.98663,0,0,0,0,0,10,0.22735,1.2645e-05,9999,-1,0,3.125,0.38362,0.57857,0.78785,-0.98663,-4,0.01048,0.94282,-1,0.82617,0.49332,-1,-1.2645e-05,-0.0012698,0,0,0,0,0,0,0,0
0,0,0,0,0,0,0,0,1.1836,0.37485,0.57665,1,0.99653,0.26161,-0.0026045,3,1,0.49746,1.1966,0.91827,0.98655,-0.4646,0.41839,1.4645,0.98093,0,0,0,0,0,0,0,0,0,0,0,0,0,0,0,0,0,0,0,0,0,0,0,0,0,0,0,0,0,0,0,0,0,0,0,0,0,0,0.0090409,1.1836,1,0.94475,0,0,0,0,0,0,0,0,0,0,0,1
0,0,0,0,0,0,0,0,0.53372,0.32945,0.061996,1,-0.00041936,0.0001042,-6.7986e-06,3,0,0,0.61668,999,999,999,0.34232,0.73808,0.36283,0.58445,0.080885,3.4323e-07,9999,0,1,1914.1,11.719,0.10083,0,0,0,0,0,0,0,0,1,999,999,999,0,0,0,0,0,10,0.12862,3.5909e-07,9999,-1,654.3,3.125,0.11574,0.53372,0.86137,-0.73805,-21,0.019971,0.53372,1,0.86137,0.78468,-1,-6.7986e-06,-0.67072,0,0,0,0,0,0,0,0
0,0,0,0,0,0,0,0,1.3537,1.2928,-0.53813,-1,-0.36129,-0.014836,0.00013645,1,0,0,1.0932,999,999,999,2.1835,2.0114,0.79338,0,0,0,0,0,0,0,0,0,0,0,0,0,0,0,0,0,0,0,0,0,0,0,0,0,0,0,0,0,0,0,0,0,0,0,0,0,0,0.0058005,1.3537,-1,0.87701,0,0,0,0,0,0,0,0,0,0,0,0
0,0,0,0,0,0,0,0,0.72536,0.3972,-0.8859,-1,0.00054545,3.4216e-05,-3.4102e-05,2,0,0,0.77469,999,999,999,0.31097,0.52602,0.52554,0.77872,0.21149,1.1471e-06,9999,1,-1,493.16,5.5664,0.32731,0,0,0,0,0,0,0,0,1,999,999,999,0,0,0,0,0,0,0,0,0,0,0,0,0,0,0,0,0,0.038721,0.72536,-1,0.66617,0.82498,1,3.4216e-05,0.015133,0,0,0,0,0,0,0,0
0,0,0,0,0,0,0,0,1.3051,0.25621,-0.75523,1,-0.98732,0.95744,0.11108,0,0,0,2.3462,999,999,999,0.46751,1.347,1.7754,0,0,0,0,0,0,0,0,0,0,0,0,0,0,0,0,0,0,0,0,0,0,0,0,0,0,0,0,0,0,0,0,0,0,0,0,0,0,0.0018666,1.5985,1,0.95661,0,0,0,0,0,0,0,0,0,0,0,1
0.68037,0.069043,0.31233,-1,1.4612,0,-0.87663,1,0,0,0,0,0.0082246,-0.00031355,0,0,0,0,1.5658,999,999,999,1.7563,0.60897,0,0,0,0,0,0,0,0,0,0,0,0,0,0,0,0,0,0,0,0,0,0,0,0,0,0,0,0,0,0,0,0,0,0,0,0,0,0,0,0.010617,1.4612,1,0.97019,0,0,0,0,0.68037,0.069043,0.31233,-1,1,0.032505,0.87388,0
0,0,0,0,1.7162,0.69442,-0.9087,1,0,0,0,0,0.0042336,0,0,0,0,0,0.77278,999,999,999,1.1143,0,0,0,0,0,0,0,0,0,0,0,0,0,0,0,0,0,0,0,0,0,0,0,0,0,0,0,0,0,0,0,0,0,0,0,0,0,0,0,0,0.018993,1.7162,1,0.79682,0,0,0,0,0,0,0,0,0,0,0,1
0,0,0,0,0,0,0,0,1.0351,1.3718,-0.9718,1,0.98895,-0.010728,-4.1755e-05,1,0,0,1.0499,999,999,999,0.65027,0.99721,0.54726,0.76755,0.074194,1.2376e-06,9999,1,1,0,8.7891,0.12007,0,0,0,0,0,0,0,0,1,999,999,999,0,0,0,0,0,10,0.056243,1.2277e-06,9999,1,0,8.4961,0.11482,0.73225,0.66734,-0.5953,4,0.00052783,1.0351,1,0.87104,-0.27132,1,0.98895,0.3201,0,0,0,0,0,0,0,1
1.5018,0.38614,-0.26061,1,0,0,0,0,0.14033,1.2678,-0.92306,1,0.88147,0.053838,-1.0768e-06,1,0,0,1.2595,1.5018,-0.97418,-0.28151,0.24577,1.2013,0.3027,0.85473,0.13385,4.5612e-07,9999,1,-1,703.12,6.25,0.18053,0,0,0,0,0,0,0,0,1,1.5018,0.97418,-0.71576,0,0,0,0,0,10,0.19971,7.3439e-07,9999,-1,561.52,4.541,0.26886,1.5018,0.97418,-0.8924,-5,0.0085115,1.5018,1,0.97418,0.82353,1,0.88147,0.60965,0,0,0,0,0,0,0,1
0.37303,0.2917,0.76888,-1,0.76997,0.40869,-0.36656,1,0.1587,0.52578,0.13172,-1,0.97172,0.010591,-3.3123e-06,0,0,0,0.87024,0.76997,-0.75157,-0.78611,0.45393,1.0506,0.30766,0.38802,0.1587,1.2146e-06,9999,1,-1,0,3.5156,0.080859,0,0,0,0,0,0,0,0,1,0.76997,0.75157,-0.60089,0,0,0,0,0,10,0.1587,1.2146e-06,9999,-1,0,3.5156,0.080859,0.76997,0.75157,-0.60089,-8,0.013558,0.76997,1,0.75157,0.69112,1,0.97172,0.064537,0.37303,0.2917,0.76888,-1,1,0.01896,0.73659,1
1.6561,0.18893,-0.45022,1,0,0,0,0,0.74128,1.0478,-0.37838,-1,-0.00017638,6.0656e-05,0,0,0,0,1.5391,999,999,999,0.90903,2.4032,0,0,0,0,0,0,0,0,0,0,0,0,0,0,0,0,0,0,0,0,0,0,0,0,0,0,0,0,0,0,0,0,0,0,0,0,0,0,0,0.009045,1.6561,1,0.88755,0,0,0,0,0,0,0,0,0,0,0,1
0,0,0,0,0,0,0,0,0.23415,0.22091,0.60916,1,-2.9528e-05,-6.9733e-06,2.3722e-06,2,1,0.49939,0.35899,999,999,999,0.5057,0.36485,0.28257,0.54628,0.099482,3.3926e-07,9999,0,1,1220.7,16.406,0.096805,0,0,0,0,0,0,0,0,1,999,999,999,0,0,0,0,0,0,0,0,0,0,0,0,0,0,0,0,0,0,0,0,0,0.90246,-1,-1.2152e-06,-0.53056,0,0,0,0,0,0,0,0
0,0,0,0,0,0,0,0,0.68114,1.2243,-0.89618,1,0.97241,0.0070783,-0.00099993,2,0,0,0.87756,0.68114,-0.70364,-0.82283,0.57011,0.4752,0.42632,0.85006,0.24549,3.0998e-06,9999,1,-1,478.52,4.3945,0.30268,0,0,0,0,0,0,0,0,1,0.68114,0.70364,-0.2796,0,0,0,0,0,10,0.24549,3.0998e-06,9999,-1,478.52,4.3945,0.30268,0.68114,0.70364,-0.2796,-0,0.0094437,0.68114,1,0.70364,0.77568,1,0.97241,0.0025859,0,0,0,0,0,0,0,0
0,0,0,0,0,0,0,0,1.4535,0.53777,-0.72702,1,0.018951,-0.00011903,-3.7427e-06,0,0,0,1.6243,999,999,999,1.9085,0.77721,0.31685,0,0,0,0,0,0,0,0,0,0,0,0,0,0,0,0,0,0,0,0,0,0,0,0,0,0,0,0,0,0,0,0,0,0,0,0,0,0,0.0019511,1.4535,1,0.9135,0,0,0,0,0,0,0,0,0,0,0,0
0,0,0,0,0,0,0,0,1.4415,1.2793,-0.90513,-1,-0.0001943,-1.452e-05,1.1837e-05,5,1,0.49656,1.2763,999,999,999,2.1631,0.42789,0.40922,0.18161,0.050215,1.2258e-06,9999,0,-1,0,4.5898,0.11365,0,0,0,0,0,0,0,0,1,0.52394,0.70989,-0.45988,0,0,0,0,0,10,0.050215,1.2258e-06,9999,-1,0,4.5898,0.11365,0.52394,0.70989,-0.45988,-11,0.032426,1.4415,-1,0.98154,-0.022191,1,2.7225e-06,0.65856,0,0,0,0,0,0,0,0
1.4447,0.3709,-0.80845,1,0,0,0,0,0.27328,0.24298,0.59323,1,6.7849e-05,-1.2125e-06,-8.2213e-07,0,1,0.49822,1.4552,999,999,999,1.6867,0.10197,0.28522,0.29349,0.080547,1.2125e-06,9999,1,-1,0,12.109,0.10197,0,0,0,0,0,0,0,0,1,1.4447,0.96528,-0.06368,0,0,0,0,0,10,0.080547,1.2125e-06,9999,-1,0,12.109,0.10197,1.4447,0.96528,-0.06368,-2,0.014247,1.4447,1,0.96528,-0.06368,1,6.7849e-05,0.54227,0,0,0,0,0,0,0,1
0,0,0,0,0,0,0,0,1.3112,0.53641,0.020994,-1,0.89666,-0.0026408,0.00033379,0,0,0,1.9528,0.99285,0.74814,-0.61468,1.5098,2.1073,0.88034,0,0,0,0,0,0,0,0,0,0,0,0,0,0,0,0,0,0,0,0,0,0,0,0,0,0,0,0,0,0,0,0,0,0,0,0,0,0,0.015055,1.6463,1,0.94319,0,0,0,0,0,0,0,0,0,0,0,1
0,0,0,0,0,0,0,0,1.2556,0.3906,-0.89465,1,-0.83628,0.0029785,5.5034e-07,1,0,0,1.2662,999,999,999,0.19323,1.3094,0.22003,0.43593,0.23163,5.5034e-07,9999,0,1,556.64,4.1016,0.22003,1,0,3.262,2.3586,-2.3467,0.10363,0.051785,0.0062877,1,999,999,999,0,0,0,0,0,0,0,0,0,0,0,0,0,0,0,0,0,0.025054,1.2556,1,0.98625,0.83519,-1,-0.83628,-0.00028481,0,0,0,0,0,0,0,0
0,0,0,0,0,0,0,0,0.95833,1.7601,-0.85272,-1,-0.99575,0.89985,-0.0033514,0,0,0,0.89535,-0.60386,0.98857,-0.638,0.5844,0.27436,0.81654,0.47176,0.078032,1.2664e-06,9999,1,1,0,9.4727,0.13146,0,0,0,0,0,0,0,0,1,0.95833,0.72622,-0.58463,0,0,0,0,0,10,0.20277,0.89985,9999,1,0,20.312,0.27436,0.95833,0.72622,-0.075209,22,0.040914,0.95833,-1,0.72622,-0.58463,-1,-0.99575,-0.62762,0,0,0,0,0,0,0,0
1.5073,0.13864,-0.93382,-1,0,0,0,0,0.50477,0,0.47816,1,-0.0034006,0.00011742,1.265e-06,0,0,0,1.4923,999,999,999,1.4651,0.76219,0.13097,0.13154,0.086282,1.265e-06,9999,1,1,1484.4,5.9082,0.13097,0,0,0,0,0,0,0,0,1,999,999,999,0,0,0,0,0,0,0,0,0,0,0,0,0,0,0,0,0,0.01227,1.5073,-1,0.99741,0.092835,-1,-0.0034006,-0.50657,0,0,0,0,0,0,0,0
0,0,0,0,0,0,0,0,0.78743,1.5074,-0.84048,1,-0.95753,-0.00018735,-3.6985e-05,1,0,0,1.127,-0.5446,-0.92956,-0.94421,1.1495,0.81666,0.5376,0.77369,0.097197,3.9165e-07,9999,0,1,800.78,7.2266,0.14168,0,0,0,0,0,0,0,0,1,0.7374,0.72159,-0.84054,0,0,0,0,0,10,0.097197,3.9165e-07,9999,1,800.78,7.2266,0.14168,0.7374,0.72159,-0.84054,4,0.00067749,0.78743,1,0.63562,-0.75267,-1,-0.95753,-0.67077,0,0,0,0,0,0,0,0
1.0078,1.2775,-0.014298,-1,0,0,0,0,0.94217,0.2103,0.9738,1,0.96425,-0.081129,0.00023555,3,1,0.49245,1.1633,999,999,999,1.4623,1.4783,0.26521,0.99823,0.12933,1.2328e-06,9999,0,1,0,34.766,0.067978,0,0,0,0,0,0,0,0,1,1.0078,0.55376,-0.58933,0,0,0,0,0,10,0.12933,1.2328e-06,9999,1,0,34.766,0.067978,1.0078,0.55376,-0.58933,4,0.0096349,0.94217,1,0.75594,-0.58933,-1,-0.081129,-0.90483,0,0,0,0,0,0,0,1
0,0,0,0,0,0,0,0,0.259,0.090089,-0.18445,-1,0.81635,0.038194,-7.0186e-06,2,1,0.49934,0.2595,999,999,999,0.17336,1.5451,0.36537,0.57929,0.1678,0.81635,9999,0,1,0,26.953,0.17336,0,0,0,0,0,0,0,0,1,999,999,999,0,0,0,0,0,0,0,0,0,0,0,0,0,0,0,0,0,0,0,0,0,-0.70664,-1,-7.0186e-06,-5.2023e-05,0,0,0,0,0,0,0,0
0,0,0,0,0,0,0,0,0.58682,1.2893,-0.70024,1,-0.98194,-0.00010122,9.1193e-05,4,1,0.49673,0.90581,999,999,999,0.74476,0.48863,0.75651,0.83896,0.20823,9.4041e-07,9999,1,-1,507.81,3.5645,0.30319,0,0,0,0,0,0,0,0,1,0.58682,0.65085,-0.43822,0,0,0,0,0,10,0.20823,9.4041e-07,9999,-1,507.81,3.5645,0.30319,0.58682,0.65085,-0.43822,-5,0.0075945,0.57797,-1,0.93523,0.38852,1,9.1193e-05,0.047645,0,0,0,0,0,0,0,1
0,0,0,0,0,0,0,0,0.58114,0.21266,0.80088,1,0.13517,-0.0028037,-1.3954e-05,1,0,0,0.71429,999,999,999,0.94412,0.50819,0.42418,0,0,0,0,0,0,0,0,0,0,0,0,0,0,0,0,0,0,0,0,0,0,0,0,0,0,0,0,0,0,0,0,0,0,0,0,0,0,0.013897,0.5095,-1,0.57923,0,0,0,0,0,0,0,0,0,0,0,1
0,0,0,0,0,0,0,0,0.75226,0.79127,-0.52261,1,-0.00013282,6.8041e-05,5.2753e-05,0,0,0,0.93154,999,999,999,0.6788,0.67304,0.56081,0,0,0,0,0,0,0,0,0,0,0,0,0,0,0,0,0,0,0,0,0,0,0,0,0,0,0,0,0,0,0,0,0,0,0,0,0,0,0.027818,0.75226,1,0.80287,0,0,0,0,0,0,0,0,0,0,0,0
0,0,0,0,0,0,0,0,1.0709,0.93217,0.15615,-1,-0.00057143,-0.00046276,8.6084e-05,0,0,0,1.3042,-1.0709,0.99418,-0.5753,0.54048,1.3207,0.71623,0.96699,0.14077,4.5747e-07,9999,1,-1,761.72,5.2246,0.18122,0,0,0,0,0,0,0,0,1,1.0387,0.65522,-0.48227,0,0,0,0,0,10,0.14077,4.5747e-07,9999,-1,761.72,5.2246,0.18122,1.0387,0.65522,-0.48227,-2,0.0046371,1.0387,1,0.65522,-0.48227,1,8.6084e-05,0.83566,0,0,0,0,0,0,0,1
0.48657,0.98736,0.81475,1,0,0,0,0,1.1247,0.52869,-0.70409,-1,-0.97881,0.033484,-0.00080491,3,2,0.4978,1.1809,999,999,999,0.52842,0.74684,1.092,0,0,0,0,0,0,0,0,0,0,0,0,0,0,0,0,0,0,0,0,0,0,0,0,0,0,0,0,0,0,0,0,0,0,0,0,0,0,0.060295,0.92546,-1,0.77404,0,0,0,0,0.48657,0.98736,0.81475,1,1,0.005233,0.71459,0
0,0,0,0,0,0,0,0,1.8619,0.29793,-0.97796,1,-0.0013434,6.8152e-05,0,0,0,0,1.5623,999,999,999,0.4529,2.7047,0,0,0,0,0,0,0,0,0,0,0,0,0,0,0,0,0,0,0,0,0,0,0,0,0,0,0,0,0,0,0,0,0,0,0,0,0,0,0,0.0019578,1.8619,1,0.98944,0,0,0,0,0,0,0,0,0,0,0,1
0,0,0,0,0,0,0,0,0.85837,1.5113,-0.77417,1,0.00064207,-0.00012508,5.5198e-05,1,0,0,0.97025,0.85837,-0.92111,-0.52054,0.87235,0.73817,0.58025,0.72793,0.15488,5.0729e-07,9999,1,1,556.64,4.8828,0.20383,0,0,0,0,0,0,0,0,1,0.54427,0.84433,-0.75883,0,0,0,0,0,10,0.15488,5.0729e-07,9999,1,556.64,4.8828,0.20383,0.54427,0.84433,-0.75883,6,0.026335,0.85837,1,0.92111,-0.26065,-1,-1.3261e-06,-0.24784,0,0,0,0,0,0,0,0
0,0,0,0,0,0,0,0,0.86301,0.78975,-0.71027,1,-0.0024471,0.00051714,0.00014118,1,0,0,1.0228,999,999,999,0.45761,0.82573,0.85078,0,0,0,0,0,0,0,0,0,0,0,0,0,0,0,0,0,0,0,0,0,0,0,0,0,0,0,0,0,0,0,0,0,0,0,0,0,0,0.0054245,0.86301,1,0.89983,0,0,0,0,0,0,0,0,0,0,0,1
0,0,0,0,0,0,0,0,0.42109,0,0.47417,1,0.00084742,-0.00026713,2.142e-05,3,1,0.49719,1.0639,999,999,999,0.97271,0.28571,0.46736,0,0,0,0,0,0,0,0,0,0,0,0,0,0,0,0,0,0,0,0,0,0,0,0,0,0,0,0,0,0,0,0,0,0,0,0,0,0,0.0044656,1.0331,1,0.85826,0,0,0,0,0,0,0,0,0,0,0,0
0,0,0,0,0,0,0,0,0.39646,0.53163,-0.53726,1,0.00059112,-6.4077e-06,3.1697e-06,2,0,0,0.50018,999,999,999,0.32566,0.47604,0.30436,0.54251,0.099763,1.2159e-06,9999,1,1,0,21.094,0.079459,0,0,0,0,0,0,0,0,1,999,999,999,0,0,0,0,0,0,0,0,0,0,0,0,0,0,0,0,0,0,0,0,0,0.75363,-1,-3.1657e-06,-0.52611,0,0,0,0,0,0,0,1
0,0,0,0,0,0,0,0,0.90935,0.36844,-0.52815,-1,-0.9157,-6.1627e-05,2.593e-06,2,0,0,1.146,-0.54061,0.43011,-0.13699,1.2146,0.64191,0.28927,0.72516,0.24592,4.757e-07,9999,1,1,590.82,5.1758,0.19006,0,0,0,0,0,0,0,0,1,0.90935,0.78751,-0.15036,0,0,0,0,0,10,0.24592,4.757e-07,9999,1,590.82,5.1758,0.19006,0.90935,0.78751,-0.15036,0,0.013055,0.90935,-1,0.78751,-0.15036,-1,-0.9157,-0.00037249,0,0,0,0,0,0,0,1
0,0,0,0,0,0,0,0,0.46611,0.5181,0.57514,-1,0.00038157,8.4805e-05,-3.7301e-05,0,0,0,1.0422,0.61687,0.97676,-0.62792,0.85645,0.72313,0.53897,0.99715,0.16375,5.6528e-07,9999,0,-1,615.23,4.5898,0.22509,0,0,0,0,0,0,0,0,1,0.62656,0.59463,-0.56388,0,0,0,0,0,10,0.16375,5.6528e-07,9999,-1,615.23,4.5898,0.22509,0.62656,0.59463,-0.56388,-5,0.0052762,0.61687,1,0.97676,0.98551,1,8.4805e-05,0.88204,0,0,0,0,0,0,0,0
0,0,0,0,0,0,0,0,0.68227,1.2269,-0.64727,-1,-0.13273,-0.00025535,7.2068e-05,0,0,0,0.77353,999,999,999,1.0879,0.56948,0.5024,0,0,0,0,0,0,0,0,0,0,0,0,0,0,0,0,0,0,0,0,0,0,0,0,0,0,0,0,0,0,0,0,0,0,0,0,0,0,0.07085,0.68227,-1,0.58623,0,0,0,0,0,0,0,0,0,0,0,1
1.3193,0.63851,-0.87516,1,0,0,0,0,0.78077,0.61482,-0.37391,1,0.77967,3.5793e-05,-1.2239e-05,1,0,0,1.4834,1.3193,0.79372,-0.11569,0.96362,1.85,0.4122,0.08695,0.090948,1.4189e-06,9999,0,-1,161.13,3.6621,0.16525,0,0,0,0,0,0,0,0,1,1.3193,0.79372,-0.30097,0,0,0,0,0,10,0.090948,1.4189e-06,9999,-1,161.13,3.6621,0.16525,1.3193,0.79372,-0.30097,-0,0.016772,1.3193,1,0.79372,-0.47244,1,0.77967,0.47599,0,0,0,0,0,0,0,1
0,0,0,0,0,0,0,0,2.0482,0.74329,0.17596,-1,-0.98554,0.0211,-0.010257,0,0,0,2.5664,999,999,999,0.71945,1.4423,2.3538,0,0,0,0,0,0,0,0,0,0,0,0,0,0,0,0,0,0,0,0,0,0,0,0,0,0,0,0,0,0,0,0,0,0,0,0,0,0,0.00072243,2.0482,-1,0.98362,0,0,0,0,0,0,0,0,0,0,0,0
0,0,0,0,0,0,0,0,0.24832,0.55384,-0.021515,1,0.99248,2.9145e-05,-1.2169e-06,1,1,0.49789,0.35375,999,999,999,0.44693,0.50403,0.33401,0.68702,0.22769,1.2169e-06,9999,1,-1,556.64,3.0762,0.33401,0,0,0,0,0,0,0,0,1,999,999,999,0,0,0,0,0,0,0,0,0,0,0,0,0,0,0,0,0,0,0,0,0,0.86591,1,0.99248,0.0012812,0,0,0,0,0,0,0,1
0,0,0,0,1.1661,0.411,0.44418,-1,1.0173,1.0039,-0.78394,1,-0.034483,0.0015981,0,0,0,0,1.4907,999,999,999,1.4898,1.0255,0,0,0,0,0,0,0,0,0,0,0,0,0,0,0,0,0,0,0,0,0,0,0,0,0,0,0,0,0,0,0,0,0,0,0,0,0,0,0,0.0011822,1.1661,-1,0.91723,0,0,0,0,0,0,0,0,0,0,0,0
0,0,0,0,0,0,0,0,0.67381,0.050207,0.50255,1,0.013604,0,0,0,0,0,0.67415,999,999,999,0.83607,0,0,0,0,0,0,0,0,0,0,0,0,0,0,0,0,0,0,0,0,0,0,0,0,0,0,0,0,0,0,0,0,0,0,0,0,0,0,0,0,0.0031886,0.67381,1,0.87643,0,0,0,0,0,0,0,0,0,0,0,1
0,0,0,0,1.1905,0.63472,-0.25516,-1,0.61919,0,0.68317,1,-0.10137,-0.022125,0.0002342,0,0,0,1.5211,-1.1905,-0.60698,-0.27269,1.6304,1.2161,0.79939,0,0,0,0,0,0,0,0,0,0,0,0,0,0,0,0,0,0,0,0,0,0,0,0,0,0,0,0,0,0,0,0,0,0,0,0,0,0,0.023248,1.1905,-1,0.60698,0,0,0,0,0,0,0,0,0,0,0,0
0,0,0,0,1.7363,0.08382,-0.20422,1,0.71429,1.3565,-0.10977,-1,0.96145,-0.17958,0.0213,1,0,0,1.5295,1.7363,-0.98837,-0.81318,1.1569,1.136,1.3143,0.1749,0.15128,2.6341e-06,9999,1,-1,0,4.541,0.25496,0,0,0,0,0,0,0,0,1,1.7363,0.98837,-0.09364,0,0,0,0,0,10,0.15128,2.6341e-06,9999,-1,0,4.541,0.25496,1.7363,0.98837,-0.09364,-5,0.0079454,1.7363,1,0.98837,-0.37138,1,0.96145,0.053608,0,0,0,0,0,0,0,1
0,0,0,0,0,0,0,0,0.39746,0.58943,-0.88233,-1,-0.00030359,0.00011769,-5.0087e-05,1,1,0.50027,0.54052,999,999,999,0.92413,0.64742,0.59139,0.60097,0.10712,3.8482e-07,9999,1,-1,869.14,8.3008,0.13668,0,0,0,0,0,0,0,0,1,999,999,999,0,0,0,0,0,0,0,0,0,0,0,0,0,0,0,0,0,0,0,0,0,-0.72989,1,0.00011769,0.5109,0,0,0,0,0,0,0,1
0,0,0,0,0,0,0,0,2.1543,0,-0.51162,-1,-0.98192,-0.27344,3.7193e-05,0,0,0,1.3705,-2.1543,0.9982,-0.98681,0.74986,3.5148,0.53853,0,0,0,0,0,0,0,0,0,0,0,0,0,0,0,0,0,0,0,0,0,0,0,0,0,0,0,0,0,0,0,0,0,0,0,0,0,0,0.07549,2.1543,-1,0.9982,0,0,0,0,0,0,0,0,0,0,0,0
0,0,0,0,0,0,0,0,1.3082,0.88785,-0.4577,1,0.9837,0.9682,-0.00013673,3,1,0.49745,1.4419,999,999,999,0.70978,1.864,0.68548,0.50526,0.04931,1.2093e-06,9999,0,-1,0,15.82,0.094103,0,0,0,0,0,0,0,0,1,999,999,999,0,0,0,0,0,0,0,0,0,0,0,0,0,0,0,0,0,0.013354,1.3082,1,0.99962,0.52791,1,0.9682,0.78124,0,0,0,0,0,0,0,1
0.4236,1.1318,0.46393,1,0,0,0,0,0.87473,1.2749,-0.89645,-1,-0.99999,0.90443,-0.09191,0,0,0,1.0902,-0.87473,0.90996,-0.60131,0.21857,1.1074,1.2386,0,0,0,0,0,0,0,0,0,0,0,0,0,0,0,0,0,0,0,0,0,0,0,0,0,0,0,0,0,0,0,0,0,0,0,0,0,0,0.0050698,0.87473,-1,0.90996,0,0,0,0,0.4236,1.1318,0.46393,1,1,0.021879,0.4661,0
0.80141,1.0132,0.081013,-1,0,0,0,0,0.72124,1.9692,-0.85275,1,-0.068549,0.00031361,0.00010826,0,0,0,1.3596,999,999,999,0.89984,0.83869,0.85493,0,0,0,0,0,0,0,0,0,0,0,0,0,0,0,0,0,0,0,0,0,0,0,0,0,0,0,0,0,0,0,0,0,0,0,0,0,0,0.0137,0.80141,-1,0.85725,0,0,0,0,0.80141,1.0132,0.081013,-1,1,0.0137,0.85725,1
0,0,0,0,0,0,0,0,2.1037,0.054776,0.82089,-1,0.96561,-0.11169,-0.00045364,0,0,0,2.4074,999,999,999,1.9106,2.1766,0.86608,0.4743,0.24389,5.5437e-07,9999,1,1,571.29,5.8594,0.22142,0,0,0,0,0,0,0,0,1,2.1037,0.99755,-0.53137,0,0,0,0,0,10,0.24389,5.5437e-07,9999,1,571.29,5.8594,0.22142,2.1037,0.99755,-0.53137,0,0.00424,2.1037,-1,0.99755,0.62955,-1,-0.00045364,-0.00012868,0,0,0,0,0,0,0,1
0.32694,1.9878,-0.0089035,-1,1.0991,1.2833,0.28275,-1,2.0364,0.16184,-0.44669,1,-0.0018591,8.5313e-05,-7.9494e-06,1,0,0,2.2962,999,999,999,1.448,2.4415,0.37542,0.54091,0.17525,1.2123e-06,9999,0,1,0,4.1016,0.1017,0,0,0,0,0,0,0,0,1,999,999,999,0,0,0,0,0,0,0,0,0,0,0,0,0,0,0,0,0,0.00070163,2.0364,1,0.99638,0.50492,-1,-7.9494e-06,-0.035152,0.32694,1.9878,-0.0089035,-1,1,0.074527,0.91007,1
0,0,0,0,0,0,0,0,0.78664,0,-0.15679,-1,0.59459,0.00022399,-0.00010761,2,0,0,1.0529,999,999,999,2.093,0.78352,0.73171,0.90482,0.10476,3.5696e-07,9999,0,-1,1406.2,3.5156,0.11384,0,0,0,0,0,0,0,0,1,999,999,999,0,0,0,0,0,0,0,0,0,0,0,0,0,0,0,0,0,0.010354,1.0207,1,0.91365,0.87775,1,0.59459,0.7596,0,0,0,0,0,0,0,1
0,0,0,0,0,0,0,0,0.80371,0.53274,-0.9538,-1,0.061451,-0.02407,-0.0006263,9,0,0,0.79449,999,999,999,1.8783,0.85624,0.37159,0.30778,0.12619,1.2143e-06,9999,1,-1,0,4.3457,0.081175,0,0,0,0,0,0,0,0,1,999,999,999,0,0,0,0,0,0,0,0,0,0,0,0,0,0,0,0,0,0.00086102,0.80371,-1,0.88674,0.54463,1,1.2237e-06,0.23937,0,0,0,0,0,0,0,1
0,0,0,0,0,0,0,0,0.77828,0,-0.014568,1,0.070024,0.00045843,1.0336e-06,1,1,0.4995,0.78219,0.52093,-0.53447,-0.82522,1.1538,0.53177,0.31498,0.91997,0.095559,3.8111e-07,9999,1,-1,1064.5,8.8867,0.13387,0,0,0,0,0,0,0,0,1,0.77828,0.63632,-0.29553,0,0,0,0,0,10,0.095559,3.8111e-07,9999,-1,1064.5,8.8867,0.13387,0.77828,0.63632,-0.29553,-2,0.00044304,0.77828,1,0.63632,-0.29553,1,0.070024,0.78697,0,0,0,0,0,0,0,1
0,0,0,0,0,0,0,0,1.398,0.82295,0.088416,1,0.052995,-8.5144e-05,4.2172e-06,1,0,0,1.5381,999,999,999,1.5925,0.7333,0.32594,0,0,0,0,0,0,0,0,0,0,0,0,0,0,0,0,0,0,0,0,0,0,0,0,0,0,0,0,0,0,0,0,0,0,0,0,0,0,0.00069192,0.55798,-1,0.78504,0,0,0,0,0,0,0,0,0,0,0,1
0,0,0,0,0,0,0,0,0.93945,0.45978,-0.015843,1,0.069717,0.0027092,-0.00017427,3,0,0,0.95168,999,999,999,1.3471,0.80293,0.1501,0.98635,0.062698,1.2094e-06,9999,0,1,0,10.352,0.095,0,0,0,0,0,0,0,0,1,999,999,999,0,0,0,0,0,0,0,0,0,0,0,0,0,0,0,0,0,0.029816,0.93945,1,0.93968,-0.10015,-1,-0.00017427,-0.87269,0,0,0,0,0,0,0,0
0,0,0,0,0,0,0,0,0.63153,1.5729,-0.56167,-1,0.018554,-8.92e-05,0,0,0,0,0.6537,999,999,999,0.59416,0.80425,0,0,0,0,0,0,0,0,0,0,0,0,0,0,0,0,0,0,0,0,0,0,0,0,0,0,0,0,0,0,0,0,0,0,0,0,0,0,0,0.0042209,0.63153,-1,0.98741,0,0,0,0,0,0,0,0,0,0,0,1
0,0,0,0,0,0,0,0,0.43433,0.43584,-0.3242,-1,0.99771,-0.00028336,-2.5184e-05,1,0,0,0.9315,999,999,999,0.52207,0.77845,0.56806,0.97425,0.14479,4.5837e-07,9999,1,1,610.35,5.3223,0.18167,0,0,0,0,0,0,0,0,1,0.72409,0.64623,-0.79768,0,0,0,0,0,10,0.14479,4.5837e-07,9999,1,610.35,5.3223,0.18167,0.72409,0.64623,-0.79768,0,0.018295,0.72409,-1,0.64623,0.66646,-1,-2.5184e-05,-0.84846,0,0,0,0,0,0,0,1
0,0,0,0,0,0,0,0,0.22045,0.59171,-0.27113,1,-0.00023221,3.2055e-06,-1.2171e-06,1,0,0,0.51798,999,999,999,0.43858,0.3052,0.1071,0.077395,0.051197,1.2171e-06,9999,0,-1,0,12.891,0.1071,0,0,0,0,0,0,0,0,1,999,999,999,0,0,0,0,0,0,0,0,0,0,0,0,0,0,0,0,0,0,0,0,0,0.87911,-1,-0.00023221,-0.00093257,0,0,0,0,0,0,0,0
0,0,0,0,0,0,0,0,0.92595,0.35978,-0.65975,1,0.053947,0.00047554,-0.00017513,1,1,0.50376,1.0255,0.58813,-0.66233,-0.50191,1.2257,0.35568,0.14043,0.80209,0.23153,0.00047554,9999,1,1,561.52,0,0.35568,0,0,0,0,0,0,0,0,1,999,999,999,0,0,0,0,0,0,0,0,0,0,0,0,0,0,0,0,0,0.010368,0.92595,1,0.95304,-0.55875,-1,-1.3656e-06,-0.0037572,0,0,0,0,0,0,0,1
0,0,0,0,0,0,0,0,0.3948,1.4129,-0.76853,1,-0.99732,-0.98744,-0.00043146,0,0,0,0.87336,999,999,999,0.54207,0.46696,0.70122,0.98142,0.084852,1.2831e-06,9999,1,1,0,7.5195,0.13665,0,0,0,0,0,0,0,0,1,999,999,999,0,0,0,0,0,10,0.085174,3.8171e-07,9999,1,1064.5,9.7656,0.13433,0.63941,0.99633,-0.93289,2,0.010111,0.63941,-1,0.99633,0.93136,-1,-0.99732,-0.87336,0,0,0,0,0,0,0,0
0,0,0,0,0,0,0,0,0.97989,1.0972,0.23634,1,0.042981,-0.021228,0.0037298,0,0,0,1.3801,0.56541,-0.37828,-0.29757,1.1904,1.0959,0.9154,0.34532,0.21847,4.6925e-07,9999,1,-1,532.23,4.6387,0.18702,0,0,0,0,0,0,0,0,1,0.97989,0.97524,-0.16228,0,0,0,0,0,10,0.21847,4.6925e-07,9999,-1,532.23,4.6387,0.18702,0.97989,0.97524,-0.16228,-0,0.021475,0.97989,1,0.97524,0.5381,1,7.4212e-06,0.00060042,0,0,0,0,0,0,0,0
0,0,0,0,0,0,0,0,1.1007,0.032196,-0.95354,1,0.00095478,1.1887e-05,-5.2513e-07,1,1,0.49987,0.72509,999,999,999,0.70328,0.51839,0.21086,0.52533,0.10537,4.3637e-07,9999,0,-1,1035.2,5.8105,0.16999,0,1,0,0,0,0,0,0,1,1.1007,0.88573,-0.548,0,0,0,0,0,10,0.10537,4.3637e-07,9999,-1,1035.2,5.8105,0.16999,1.1007,0.88573,-0.548,-9,0.014386,1.1007,1,0.88573,-0.18529,1,1.1887e-05,0.4732,0,0,0,0,0,0,0,1
0,0,0,0,0,0,0,0,1.1727,0.26079,-0.37015,1,-0.10384,0.0053805,0.00011496,1,1,0.49404,1.2338,999,999,999,1.8778,0.9559,0.85185,0,0,0,0,0,0,0,0,0,0,0,0,0,0,0,0,0,0,0,0,0,0,0,0,0,0,0,0,0,0,0,0,0,0,0,0,0,0,0.0029657,1.2339,-1,0.89929,0,0,0,0,0,0,0,0,0,0,0,0
0,0,0,0,0,0,0,0,0.75711,2.1592,-0.82871,1,0.80361,-0.00010828,4.5553e-05,0,0,0,1.1426,0.75711,0.54903,-0.15663,0.67468,0.8142,0.54219,0.78885,0.17557,4.2103e-07,9999,0,-1,751.95,5.6641,0.16105,0,0,0,0,0,0,0,0,1,999,999,999,0,0,0,0,0,10,0.17854,7.9914e-07,9999,1,444.34,4.1992,0.28122,0.59592,0.7892,-0.10638,6,0.0033663,0.67432,-1,0.95474,0.24439,1,0.80361,0.1696,0,0,0,0,0,0,0,0
0,0,0,0,0,0,0,0,1.1877,0.57215,-0.98793,-1,0.99998,-0.99959,-0.002033,1,0,0,1.0244,999,999,999,0.25117,0.37012,0.86996,0.89153,0.15913,0.99959,9999,1,-1,1044.9,10.645,0.37012,0,0,0,0,0,0,0,0,1,999,999,999,0,0,0,0,0,0,0,0,0,0,0,0,0,0,0,0,0,0.022586,1.1877,-1,0.95795,-0.36984,1,0.99998,0.00018055,0,0,0,0,0,0,0,1
0,0,0,0,0,0,0,0,2.0826,0.42068,-0.95206,1,0.14074,3.6392e-06,-7.1774e-07,0,1,0.49999,2.0466,999,999,999,2.061,0.31474,0.26537,0.99955,0.19609,7.1774e-07,9999,0,-1,541.99,4.834,0.26537,0,0,0,0,0,0,0,0,1,2.0826,0.97151,-0.97131,0,0,0,0,0,10,0.2231,5.1358e-07,9999,-1,791.02,3.9551,0.20636,2.0826,0.97151,-0.55745,-0,0.00037446,2.0826,1,0.97151,-0.97131,1,0.14074,0.79336,0,0,0,0,0,0,0,1
0,0,0,0,0.87424,0.79679,-0.98858,1,0.78447,0.17625,0.96093,-1,0.099846,-0.014546,-7.7766e-05,2,1,0.50184,1.4241,999,999,999,0.93233,1.0972,0.71171,0,0,0,0,0,0,0,0,0,0,0,0,0,0,0,0,0,0,0,0,0,0,0,0,0,0,0,0,0,0,0,0,0,0,0,0,0,0,0.00011794,0.87424,1,0.98911,0,0,0,0,0,0,0,0,0,0,0,1
0,0,0,0,0,0,0,0,1.1018,0.59574,-0.91973,-1,-0.95498,0.00016431,-2.4665e-05,0,0,0,1.3601,-0.57087,0.60575,-0.59016,1.1417,0.86584,0.48304,0.98024,0.19048,6.7544e-07,9999,1,1,576.17,4.248,0.25585,0,0,0,0,0,0,0,0,1,1.1018,0.96401,-0.99675,0,0,0,0,0,10,0.19048,6.7544e-07,9999,1,576.17,4.248,0.25585,1.1018,0.96401,-0.99675,2,0.016818,1.1018,-1,0.96401,-0.99675,-1,-0.95498,-0.7284,0,0,0,0,0,0,0,0
0,0,0,0,0,0,0,0,0.93009,0.30325,0.084515,-1,-0.95696,0.0070902,-6.2345e-05,0,0,0,1.2972,-0.6174,-0.32291,-0.23001,1.4084,0.85626,0.64537,0.94225,0.052771,1.2105e-06,9999,1,1,0,11.426,0.098355,0,0,0,0,0,0,0,0,1,0.93009,0.68531,-0.57602,0,0,0,0,0,10,0.052771,1.2105e-06,9999,1,0,11.426,0.098355,0.93009,0.68531,-0.57602,0,0.0041664,0.93009,-1,0.68531,-0.57602,-1,-0.95696,-0.81865,0,0,0,0,0,0,0,0
0.23586,0.19428,0.35326,-1,0,0,0,0,0.79644,0.34347,-0.94279,1,-0.00064486,5.3565e-05,-1.4292e-06,2,0,0,0.65996,999,999,999,0.4019,0.60634,0.35134,0.97451,0.099263,1.2798e-06,9999,0,1,0,30.078,0.05059,0,0,0,0,0,0,0,0,1,999,999,999,0,0,0,0,0,10,0.23586,1.4292e-06,9999,-1,703.12,3.8574,0.35134,0.79644,0.93705,-0.43366,-13,0.014468,0.79644,1,0.93705,-0.40691,-1,-1.4292e-06,-0.86556,0.23586,0.19428,0.35326,-1,1,0.017409,0.59978,0
0,0,0,0,0,0,0,0,0.46747,1.3834,-0.6115,1,0.00051284,-1.6364e-05,-2.042e-06,0,0,0,0.49316,999,999,999,0.68935,0.53214,0.22523,0.31969,0.16563,2.042e-06,9999,1,-1,0,4.834,0.22523,0,0,0,0,0,0,0,0,1,999,999,999,0,0,0,0,0,0,0,0,0,0,0,0,0,0,0,0,0,0,0,0,0,0.37401,1,0.00051284,0.034137,0,0,0,0,0,0,0,0
0,0,0,0,0,0,0,0,0.84799,0.50682,0.57095,-1,-0.61298,0.092125,-3.3316e-05,2,0,0,1.2726,-0.75285,-0.69187,-0.23435,1.4003,1.0646,0.52219,0.74494,0.11658,4.863e-07,9999,1,1,600.59,6.0547,0.19489,0,0,0,0,0,0,0,0,1,999,999,999,0,0,0,0,0,0,0,0,0,0,0,0,0,0,0,0,0,0.046333,1.008,1,0.95875,0.87152,-1,-0.61298,-0.56356,0,0,0,0,0,0,0,1
1.0737,0.034965,-0.52258,1,0,0,0,0,0.31931,0.15571,0.21441,1,-0.027387,3.3104e-05,1.0115e-05,4,0,0,1.2511,999,999,999,1.3533,1.6495,0.39551,0.98986,0.069038,1.2101e-06,9999,0,1,0,1.6113,0.087807,0,0,0,0,0,0,0,0,1,999,999,999,0,0,0,0,0,10,0.20088,4.1658e-07,9999,-1,673.83,3.6621,0.15831,1.0737,0.71431,-0.24971,-8,0.012696,1.0737,1,0.71431,0.57071,-1,-0.027387,-0.87986,0,0,0,0,0,0,0,1
0,0,0,0,0,0,0,0,0.14283,1.2809,-0.32664,1,-3.1182e-05,2.0129e-05,1.4623e-06,2,0,0,0.65051,999,999,999,0.513,0.4606,0.17188,0.9343,0.10757,1.4623e-06,9999,1,1,0,5.5176,0.17188,0,0,0,0,0,0,0,0,1,999,999,999,0,0,0,0,0,0,0,0,0,0,0,0,0,0,0,0,0,0,0,0,0,0.47703,1,1.4623e-06,0.25472,0,0,0,0,0,0,0,0
0,0,0,0,0,0,0,0,1.214,0.61518,-0.57361,-1,-0.95237,-0.91775,6.2848e-06,0,0,0,1.8511,-1.4833,0.96002,-0.90525,1.2019,2.0054,0.35662,0.61157,0.16522,3.85e-07,9999,1,1,1005.9,7.2266,0.13682,0,0,0,0,0,0,0,0,1,1.4833,0.96002,-0.76714,0,0,0,0,0,10,0.16522,3.85e-07,9999,1,1005.9,7.2266,0.13682,1.4833,0.96002,-0.76714,2,0.0078379,1.4833,-1,0.96002,0.92607,-1,-0.95237,-0.08538,0,0,0,0,0,0,0,0
0,0,0,0,0,0,0,0,0.37646,0.58888,0.98652,1,-0.00027239,4.3231e-05,4.9236e-06,1,0,0,0.83345,999,999,999,0.87717,0.56344,0.33768,0.36465,0.12898,4.3685e-07,9999,1,-1,620.12,5.7129,0.17026,1,0,-0.791,3.0015,-2.6019,0.022838,0.11315,0.11648,1,999,999,999,0,0,0,0,0,0,0,0,0,0,0,0,0,0,0,0,0,0.00064822,0.65704,-1,0.89462,0.96264,1,4.9236e-06,0.23279,0,0,0,0,0,0,0,1
0,0,0,0,0,0,0,0,1.5505,0,-0.94721,1,0.077763,-1.2123e-06,0,1,0,0,1.5528,999,999,999,1.8516,0.10166,0,0.37215,0.046005,1.2123e-06,9999,0,-1,0,2.9541,0.10166,0,0,0,0,0,0,0,0,1,1.5505,0.99531,-0.32486,0,0,0,0,0,10,0.046005,1.2123e-06,9999,-1,0,2.9541,0.10166,1.5505,0.99531,-0.32486,-8,0.017328,1.5505,1,0.99531,-0.32486,1,0.077763,0.72645,0,0,0,0,0,0,0,1
0.97404,0.10137,-0.6358,1,0,0,0,0,0.24401,0.80283,0.012397,-1,0.093645,-1.79e-05,0,0,0,0,0.96973,999,999,999,1.2037,0.40767,0,0.22673,0.24401,1.79e-05,9999,1,-1,0,3.9062,0.40767,0,0,0,0,0,0,0,0,1,0.97404,0.97602,-0.23845,0,0,0,0,0,10,0.24401,1.79e-05,9999,-1,0,3.9062,0.40767,0.97404,0.97602,-0.23845,-5,0.0064657,0.97404,1,0.97602,-0.23845,1,0.093645,0.00010239,0.97404,0.10137,-0.6358,1,1,0.0064657,0.97602,1
1.3515,0.906,-0.33824,1,0,0,0,0,0.61608,1.7659,-0.047328,-1,0.0033239,8.4959e-05,-1.2943e-05,3,1,0.49676,0.95335,0.53015,-0.79656,-0.80181,2.1848,0.39214,0.41725,0,0,0,0,0,0,0,0,0,0,0,0,0,0,0,0,0,0,0,0,0,0,0,0,0,0,0,0,0,0,0,0,0,0,0,0,0,0,0.010602,0.61608,-1,0.92245,0,0,0,0,0,0,0,0,0,0,0,1
0,0,0,0,0,0,0,0,0.75796,0.84412,-0.83819,-1,-0.0010411,-4.7921e-05,-3.3787e-06,2,0,0,0.75935,-0.75796,-0.50691,-0.13925,0.42986,0.58252,0.30915,0.97703,0.091823,1.2607e-06,9999,1,-1,0,13.086,0.12949,0,0,0,0,0,0,0,0,1,999,999,999,0,0,0,0,0,10,0.22875,7.171e-07,9999,1,498.05,3.2227,0.26524,0.75796,0.50691,-0.57401,0,0.0066889,0.75796,-1,0.50691,-0.58101,1,1.0579e-06,0.86846,0,0,0,0,0,0,0,1
0,0,0,0,0,0,0,0,0.39151,0.74765,-0.88158,1,3.0916e-05,-1.7383e-05,-4.1429e-06,3,2,0.49485,0.58866,999,999,999,0.51184,0.44544,0.32453,0.99585,0.23207,4.1429e-06,9999,1,-1,537.11,3.125,0.32453,0,0,0,0,0,0,0,0,1,999,999,999,0,0,0,0,0,0,0,0,0,0,0,0,0,0,0,0,0,0,0,0,0,0.9908,1,3.0916e-05,0.35337,0,0,0,0,0,0,0,0
1.7062,0.72305,-0.79979,1,0,0,0,0,0.57631,0.31947,0.86213,-1,0.96864,0.00044851,-6.6561e-06,0,0,0,1.5416,1.7062,0.97026,-0.33891,1.4793,2.6174,0.36115,0.84171,0.11144,3.9794e-07,9999,1,-1,849.61,7.6172,0.1461,0,0,0,0,0,0,0,0,1,1.7062,0.97026,-0.70052,0,0,0,0,0,10,0.11144,3.9794e-07,9999,-1,849.61,7.6172,0.1461,1.7062,0.97026,-0.70052,-2,0.0023998,1.7062,1,0.97026,0.8263,1,0.96864,0.67463,0,0,0,0,0,0,0,1
0,0,0,0,0,0,0,0,0.84185,0.98017,-0.97221,1,0.00034475,7.9919e-06,-3.6426e-07,1,1,0.49137,0.87773,999,999,999,1.0249,0.37585,0.12024,0.95979,0.14466,3.6426e-07,9999,0,-1,1074.2,10.156,0.12024,0,1,0,0,0,0,0,0,1,999,999,999,0,0,0,0,0,0,0,0,0,0,0,0,0,0,0,0,0,0.018387,0.84185,1,0.71841,0.74521,1,0.00034475,0.81283,0,0,0,0,0,0,0,0
0,0,0,0,0,0,0,0,0.67822,0.58394,-0.63792,-1,-0.0081537,-0.0034793,3.532e-05,0,1,0.49666,1.2055,-0.67822,-0.84598,-0.76356,0.72879,0.86666,0.53066,0,0,0,0,0,0,0,0,0,0,0,0,0,0,0,0,0,0,0,0,0,0,0,0,0,0,0,0,0,0,0,0,0,0,0,0,0,0,0.009676,0.67822,-1,0.84598,0,0,0,0,0,0,0,0,0,0,0,0
0,0,0,0,0,0,0,0,0.95082,0.27268,0.5773,-1,0.97001,-0.036333,0.0007022,1,0,0,1.2631,0.52261,-0.4768,-0.13586,0.96848,1.4019,0.3939,0.59613,0.23425,0.0007022,9999,0,1,517.58,0,0.3939,0,0,0,0,0,0,0,0,1,999,999,999,0,0,0,0,0,0,0,0,0,0,0,0,0,0,0,0,0,0.0066751,0.95082,-1,0.91611,0.89044,-1,-5.7431e-05,-0.00038179,0,0,0,0,0,0,0,1
0,0,0,0,0,0,0,0,1.3369,0,-0.99884,1,0.94979,0.01315,-1.2933e-06,2,0,0,1.323,999,999,999,1.4146,0.72085,0.046893,0,0,0,0,0,0,0,0,0,0,0,0,0,0,0,0,0,0,0,0,0,0,0,0,0,0,0,0,0,0,0,0,0,0,0,0,0,0,0.0087502,1.3369,1,0.99884,0,0,0,0,0,0,0,0,0,0,0,1
0,0,0,0,0,0,0,0,0.55108,0.48933,0.36738,-1,0.98465,-0.9764,-0.0026896,2,0,0,0.95518,999,999,999,0.5313,0.52325,0.99863,0.88626,0.19547,3.61e-07,9999,1,1,1367.2,10.059,0.11742,0,0,0,0,0,0,0,0,1,0.69717,0.94374,-0.87104,0,0,0,0,0,10,0.19547,3.61e-07,9999,1,1367.2,10.059,0.11742,0.69717,0.94374,-0.87104,0,0.021354,0.69717,-1,0.94374,0.8259,-1,-0.9764,-0.20972,0,0,0,0,0,0,0,1
0,0,0,0,0,0,0,0,1.7458,0.44748,-0.16824,1,0.96905,0.00045031,-0.00026415,0,0,0,2.1489,1.7458,0.96537,-0.61912,0.84653,1.9475,1.0968,0,0,0,0,0,0,0,0,0,0,0,0,0,0,0,0,0,0,0,0,0,0,0,0,0,0,0,0,0,0,0,0,0,0,0,0,0,0,0.00064468,1.7458,1,0.96537,0,0,0,0,0,0,0,0,0,0,0,1
0,0,0,0,0,0,0,0,0.52391,0.26218,-0.34503,-1,-0.038882,-4.0197e-05,4.1549e-07,1,1,0.49648,0.5358,-0.52391,-0.67276,-0.4275,1.145,0.55098,0.15764,0.23323,0.13559,4.1549e-07,9999,1,1,771.48,6.9336,0.15764,0,0,0,0,0,0,0,0,1,0.52391,0.67276,-0.51016,0,0,0,0,0,10,0.13559,4.1549e-07,9999,1,771.48,6.9336,0.15764,0.52391,0.67276,-0.51016,0,0.0073167,0.52391,-1,0.67276,0.98997,-1,-0.038882,-0.15047,0,0,0,0,0,0,0,1
0,0,0,0,0,0,0,0,1.1726,0.87807,-0.69784,1,0.13766,0.0061226,-0.00010887,2,1,0.49583,1.588,999,999,999,1.2461,0.98012,0.74119,0,0,0,0,0,0,0,0,0,0,0,0,0,0,0,0,0,0,0,0,0,0,0,0,0,0,0,0,0,0,0,0,0,0,0,0,0,0,0.01271,1.1726,1,0.98097,0,0,0,0,0,0,0,0,0,0,0,1
0,0,0,0,0,0,0,0,1.3944,0,-0.24526,-1,-0.086224,0.007378,0.0001894,2,1,0.50246,1.5617,999,999,999,1.5021,1.0914,0.21421,0,0,0,0,0,0,0,0,0,0,0,0,0,0,0,0,0,0,0,0,0,0,0,0,0,0,0,0,0,0,0,0,0,0,0,0,0,0,0.01522,1.3944,-1,0.97166,0,0,0,0,0,0,0,0,0,0,0,1
0,0,0,0,0,0,0,0,0.31305,0.35202,0.61795,1,0.97932,0.95115,-0.0047169,1,0,0,0.52434,999,999,999,0.80209,0.52805,0.57906,0.79534,0.19288,5.5425e-07,9999,1,-1,605.47,4.834,0.22138,0,0,0,0,0,0,0,0,1,999,999,999,0,0,0,0,0,0,0,0,0,0,0,0,0,0,0,0,0,0,0,0,0,0.56541,1,0.97932,0.072281,0,0,0,0,0,0,0,0
0,0,0,0,1.8073,0.83997,-0.95189,-1,0.53164,0.90247,0.44681,1,-0.98916,-0.0067006,0.00063571,0,0,0,1.7503,999,999,999,0.56518,1.5963,0.83054,0,0,0,0,0,0,0,0,0,0,0,0,0,0,0,0,0,0,0,0,0,0,0,0,0,0,0,0,0,0,0,0,0,0,0,0,0,0,0.0012009,1.8073,-1,0.94951,0,0,0,0,0,0,0,0,0,0,0,0
1.567,0.66181,-0.82142,1,0,0,0,0,0.78674,1.0502,0.28682,-1,-0.13139,9.163e-05,-8.2248e-05,2,0,0,1.6808,999,999,999,0.79555,2.1398,0.71575,0,0,0,0,0,0,0,0,0,0,0,0,0,0,0,0,0,0,0,0,0,0,0,0,0,0,0,0,0,0,0,0,0,0,0,0,0,0,0.0078771,1.567,1,0.95104,0,0,0,0,0,0,0,0,0,0,0,1
0,0,0,0,0,0,0,0,0.26183,1.1201,-0.99704,-1,0.00069944,1.9337e-05,-3.7404e-06,1,1,0.50035,0.54696,999,999,999,0.72328,0.55061,0.31681,0.75671,0.24467,1.0126e-06,9999,1,1,434.57,3.5645,0.31247,0,0,0,0,0,0,0,0,1,999,999,999,0,0,0,0,0,0,0,0,0,0,0,0,0,0,0,0,0,0.026909,0.50066,1,0.96898,0.95267,-1,-3.7404e-06,-0.00059806,0,0,0,0,0,0,0,0
0,0,0,0,1.1999,0.068085,-0.84843,-1,0.94918,0.068085,-0.49086,1,0.069173,-0.04639,-1.2729e-05,1,0,0,1.3786,999,999,999,1.3924,1.5871,0.29264,0,0,0,0,0,0,0,0,0,0,0,0,0,0,0,0,0,0,0,0,0,0,0,0,0,0,0,0,0,0,0,0,0,0,0,0,0,0,0.0090148,1.1999,-1,0.6904,0,0,0,0,0,0,0,0,0,0,0,0
0.45297,0.64928,-0.23699,1,0,0,0,0,0.9446,0,-0.58427,-1,-0.95463,0.11312,0,0,0,0,1.036,999,999,999,1.1998,0.55448,0,0,0,0,0,0,0,0,0,0,0,0,0,0,0,0,0,0,0,0,0,0,0,0,0,0,0,0,0,0,0,0,0,0,0,0,0,0,0,0.0048031,0.9446,-1,0.96467,0,0,0,0,0.45297,0.64928,-0.23699,1,1,0.048857,0.67228,0
0,0,0,0,0,0,0,0,0.85796,1.4669,-0.77061,-1,-0.99591,-9.794e-05,-5.9496e-05,0,0,0,0.88864,-0.85796,0.56242,-0.54622,0.4184,0.55932,0.61868,0.49981,0.13723,4.6413e-07,9999,1,-1,712.89,6.543,0.18454,0,0,0,0,0,0,0,0,1,999,999,999,0,0,0,0,0,10,0.16405,3.4891e-07,9999,1,1113.3,10.547,0.10637,0.5109,0.99601,-0.49247,0,0.0032907,0.85796,-1,0.56242,-0.46714,-1,-0.99591,-0.059408,0,0,0,0,0,0,0,0
1.0325,0.11462,-0.20524,-1,0,0,0,0,0.78357,0,-0.7685,-1,-0.94637,-0.00939,0.00017524,1,0,0,1.4732,-1.0325,-0.86246,-0.44863,0.94257,1.3752,0.13957,0.74122,0.10638,0.00017524,9999,0,1,810.55,0,0.13957,0,0,0,0,0,0,0,0,1,1.0325,0.86246,-0.4149,0,0,0,0,0,10,0.10638,0.00017524,9999,1,810.55,0,0.13957,1.0325,0.86246,-0.4149,2,0.0021766,1.0325,-1,0.86246,0.9955,-1,-0.94637,-0.61498,0,0,0,0,0,0,0,0
0,0,0,0,0,0,0,0,1.8813,0.4669,-0.93432,-1,0.92779,-0.030174,6.3344e-06,0,0,0,1.8059,999,999,999,0.90495,1.6789,0.35724,0.98642,0.21616,4.6711e-07,9999,1,-1,620.12,6.0059,0.18599,0,0,0,0,0,0,0,0,1,0.60596,0.8888,-0.83455,0,0,0,0,0,10,0.21616,4.6711e-07,9999,-1,620.12,6.0059,0.18599,0.60596,0.8888,-0.83455,-0,0.013929,1.8813,-1,0.9865,-0.83455,1,0.92779,0.51126,0,0,0,0,0,0,0,0
1.393,0.42591,-0.76674,1,0,0,0,0,0.73756,0.64558,-0.25367,-1,-0.074712,0.015423,4.2128e-07,0,0,0,1.252,999,999,999,0.99061,1.0796,0.1612,0.70052,0.11088,4.2128e-07,9999,1,1,751.95,6.3477,0.1612,0,0,0,0,0,0,0,0,1,999,999,999,0,0,0,0,0,0,0,0,0,0,0,0,0,0,0,0,0,0.011806,1.393,1,0.91388,0.89308,-1,-0.074712,-0.56064,0,0,0,0,0,0,0,1
0,0,0,0,0,0,0,0,1.013,0.65202,0.51181,-1,-0.96324,-0.093277,9.1218e-05,2,1,0.49159,1.3719,-1.0638,-0.93057,-0.83808,1.3653,0.7636,0.78265,0,0,0,0,0,0,0,0,0,0,0,0,0,0,0,0,0,0,0,0,0,0,0,0,0,0,0,0,0,0,0,0,0,0,0,0,0,0,0.004178,1.013,-1,0.97725,0,0,0,0,0,0,0,0,0,0,0,1
0,0,0,0,0,0,0,0,0.64771,0.73519,-0.69917,-1,0.00023662,-4.6784e-05,-1.8433e-05,2,0,0,0.63775,999,999,999,0.26602,0.57799,0.4514,0.52587,0.16733,0.00023662,9999,0,1,673.83,0,0.26602,1,0,-0.88639,3.2225,3.5835,0.019548,0.15188,0.43234,1,0.64771,0.8197,-0.91507,0,0,0,0,0,10,0.16733,0.00023662,9999,1,673.83,0,0.26602,0.64771,0.8197,-0.91507,22,0.024142,0.64771,-1,0.8197,0.9904,1,0.00023662,0.046142,0,0,0,0,0,0,0,1
0,0,0,0,0,0,0,0,1.3262,0.13308,-0.01805,-1,-0.018273,0.014749,0,0,0,0,1.3971,999,999,999,1.251,0.96633,0,0,0,0,0,0,0,0,0,0,0,0,0,0,0,0,0,0,0,0,0,0,0,0,0,0,0,0,0,0,0,0,0,0,0,0,0,0,0,0.016338,1.3262,-1,0.92757,0,0,0,0,0,0,0,0,0,0,0,1
0,0,0,0,0,0,0,0,1.103,0.77471,-0.13499,-1,-0.96961,4.1559e-05,2.1224e-05,0,0,0,1.1226,999,999,999,1.6927,0.55659,0.46635,0,0,0,0,0,0,0,0,0,0,0,0,0,0,0,0,0,0,0,0,0,0,0,0,0,0,0,0,0,0,0,0,0,0,0,0,0,0,0.005659,1.103,-1,0.89294,0,0,0,0,0,0,0,0,0,0,0,0
0,0,0,0,0,0,0,0,0.78656,0.68253,-0.81667,1,-0.99908,0.95676,2.5269e-06,1,1,0.49492,0.89227,999,999,999,0.39962,0.91397,0.28733,0.79604,0.15611,3.9542e-07,9999,0,-1,888.67,5.9082,0.14435,0,1,0,0,0,0,0,0,1,0.78656,0.99362,-0.80153,0,0,0,0,0,10,0.15611,3.9542e-07,9999,-1,888.67,5.9082,0.14435,0.78656,0.99362,-0.80153,-6,0.016096,0.78656,1,0.99362,-0.80153,1,0.95676,0.34629,0,0,0,0,0,0,0,1
0,0,0,0,0,0,0,0,0.85042,0.22657,0.65169,1,-0.62678,0.0026903,0,1,0,0,0.79759,999,999,999,1.8372,0.51782,0,0,0,0,0,0,0,0,0,0,0,0,0,0,0,0,0,0,0,0,0,0,0,0,0,0,0,0,0,0,0,0,0,0,0,0,0,0,0,0.0076136,1.1432,-1,0.95305,0,0,0,0,0,0,0,0,0,0,0,0
0,0,0,0,1.1624,0.24371,0.48831,1,0.4564,0.86513,0.59065,-1,-0.99996,-0.98686,0.20052,0,0,0,1.1641,-0.58538,-0.32138,-0.42134,0.28348,0.65602,1.8388,0.33775,0.13647,4.1466e-07,9999,1,1,615.23,4.7363,0.15711,1,0,0.24021,-0.20216,0.41063,0.01239,0.16277,0.059326,1,999,999,999,0,0,0,0,0,0,0,0,0,0,0,0,0,0,0,0,0,0.0083068,1.1624,1,0.72681,0.99985,-1,-0.98686,-0.17302,0,0,0,0,0,0,0,0
0,0,0,0,0,0,0,0,0.5381,0.48689,-0.093205,-1,-1.1532e-05,3.3077e-06,-5.2151e-07,0,0,0,0.60406,999,999,999,0.51636,0.30756,0.20948,0.81609,0.12687,5.2151e-07,9999,1,-1,595.7,5.5664,0.20948,0,0,0,0,0,0,0,0,1,999,999,999,0,0,0,0,0,0,0,0,0,0,0,0,0,0,0,0,0,0.0081369,0.5381,-1,0.61669,-0.3745,1,3.3077e-06,0.58497,0,0,0,0,0,0,0,0
0,0,0,0,0,0,0,0,0.85802,0.56925,-0.91235,1,0.05085,-4.6593e-06,0,0,0,0,0.89947,999,999,999,1.1196,0.33346,0,0,0,0,0,0,0,0,0,0,0,0,0,0,0,0,0,0,0,0,0,0,0,0,0,0,0,0,0,0,0,0,0,0,0,0,0,0,0,0.0035894,0.85802,1,0.96221,0,0,0,0,0,0,0,0,0,0,0,0
0,0,0,0,0,0,0,0,0.42663,0,-1,1,5.0226e-05,0,0,0,0,0,0.38824,999,999,999,0.58481,0,0,0,0,0,0,0,0,0,0,0,0,0,0,0,0,0,0,0,0,0,0,0,0,0,0,0,0,0,0,0,0,0,0,0,0,0,0,0,0,0,0,0,0,0,0,0,0,0,0,0,0,0,0,0,0
0,0,0,0,0,0,0,0,0.76427,1.4126,-0.61736,1,0.0085422,-0.0075083,0.0002501,0,0,0,1.0998,999,999,999,1.0797,0.7809,0.94295,0.9227,0.15387,4.5024e-07,9999,1,-1,541.99,5.5176,0.1775,0,0,0,0,0,0,0,0,1,0.76427,0.56745,-0.79718,0,0,0,0,0,10,0.15387,4.5024e-07,9999,-1,541.99,5.5176,0.1775,0.76427,0.56745,-0.79718,-6,0.021658,0.76427,1,0.56745,0.78584,1,5.6484e-06,0.68148,0,0,0,0,0,0,0,0
0,0,0,0,0,0,0,0,0.39157,0.39741,0.39388,1,-0.93689,5.5252e-05,3.2727e-06,0,0,0,0.60505,999,999,999,0.47867,0.62118,0.30676,0,0,0,0,0,0,0,0,0,0,0,0,0,0,0,0,0,0,0,0,0,0,0,0,0,0,0,0,0,0,0,0,0,0,0,0,0,0,0.0037566,0.61454,-1,0.45698,0,0,0,0,0,0,0,0,0,0,0,1
0,0,0,0,0,0,0,0,1.3111,0.48465,-0.75582,1,0.95631,0.00040872,-3.2432e-05,2,0,0,1.311,999,999,999,1.1373,0.23268,0.51108,0,0,0,0,0,0,0,0,0,0,0,0,0,0,0,0,0,0,0,0,0,0,0,0,0,0,0,0,0,0,0,0,0,0,0,0,0,0,0.028265,1.3111,1,0.69501,0,0,0,0,0,0,0,0,0,0,0,1
0,0,0,0,0,0,0,0,0.97329,0.71045,-0.56623,1,-0.98622,0.024554,1.2122e-06,2,0,0,0.94595,999,999,999,0.50692,1.3875,0.10159,0.91635,0.068569,1.2122e-06,9999,0,1,0,11.133,0.10159,0,0,0,0,0,0,0,0,1,999,999,999,0,0,0,0,0,10,0.2429,4.0789e-07,9999,-1,712.89,6.4453,0.15278,0.97329,0.93454,-0.26209,-6,0.0018021,0.97329,1,0.93454,-0.79814,-1,-0.98622,-0.79407,0,0,0,0,0,0,0,0
0,0,0,0,0,0,0,0,0.64713,0.046358,-0.32961,1,0.00012967,-2.5978e-05,-1.468e-06,0,1,0.49651,0.80016,999,999,999,0.78779,0.37779,0.1727,0,0,0,0,0,0,0,0,0,0,0,0,0,0,0,0,0,0,0,0,0,0,0,0,0,0,0,0,0,0,0,0,0,0,0,0,0,0,0.0069156,0.64713,1,0.98326,0,0,0,0,0,0,0,0,0,0,0,0
0,0,0,0,0,0,0,0,0.47332,1.266,-0.34451,-1,-0.98328,0.10917,-8.3065e-05,2,1,0.49589,1.1141,-0.62935,0.88215,-0.70286,0.75058,1.1297,0.7199,0,0,0,0,0,0,0,0,0,0,0,0,0,0,0,0,0,0,0,0,0,0,0,0,0,0,0,0,0,0,0,0,0,0,0,0,0,0,0.046273,0.80819,1,0.83049,0,0,0,0,0,0,0,0,0,0,0,1
0,0,0,0,0,0,0,0,0.52645,0.31234,0.87302,-1,-0.00030372,-0.00010519,4.558e-05,0,0,0,0.93478,-0.52645,0.96509,-0.88431,0.68203,0.65986,0.57303,0.97408,0.13892,4.7383e-07,9999,1,1,712.89,4.4922,0.18919,0,0,0,0,0,0,0,0,1,0.61351,0.93311,-0.98491,0,0,0,0,0,10,0.13892,4.7383e-07,9999,1,712.89,4.4922,0.18919,0.61351,0.93311,-0.98491,6,0.0062097,0.85956,1,0.77145,0.95137,-1,-0.00010519,-0.85366,0,0,0,0,0,0,0,1
0.84751,1.1459,-0.5076,-1,0,0,0,0,0.62387,0.39,-0.55706,1,0.92881,0.43573,-0.042162,1,0,0,0.91997,999,999,999,1.0155,0.45943,1.2227,0.59117,0.17303,4.4033e-07,9999,1,-1,683.59,8.6914,0.17218,0,0,0,0,0,0,0,0,1,0.62387,0.35033,-0.94309,0,0,0,0,0,10,0.17303,4.4033e-07,9999,-1,683.59,8.6914,0.17218,0.62387,0.35033,-0.94309,-4,0.00085313,0.84751,-1,0.93181,-0.94309,1,0.92881,0.049605,0.84751,1.1459,-0.5076,-1,1,0.00085313,0.93181,1
0,0,0,0,0,0,0,0,0.59208,0.72366,-0.73544,1,0.93117,0.75939,0.00048369,2,0,0,0.96683,0.59208,-0.98722,-0.27006,0.36089,0.43121,0.27357,0.22025,0.074617,3.5604e-07,9999,1,-1,1933.6,9.668,0.113,0,0,0,0,0,0,0,0,1,999,999,999,0,0,0,0,0,0,0,0,0,0,0,0,0,0,0,0,0,0.024223,0.72629,1,0.70212,0.81471,1,0.75939,0.56481,0,0,0,0,0,0,0,1
0,0,0,0,0,0,0,0,1.1856,0.64479,-0.73163,1,0.010258,0.0048467,-4.8004e-07,1,0,0,1.2043,1.1856,-0.90547,-0.35975,0.70673,1.284,0.19207,0.91195,0.17913,3.5821e-07,9999,1,1,1074.2,9.7656,0.11496,0,0,0,0,0,0,0,0,1,999,999,999,0,0,0,0,0,10,0.24234,4.8004e-07,9999,-1,722.66,4.7852,0.19207,1.1856,0.90547,-0.19349,-4,0.0023784,1.1856,1,0.90547,-0.10855,1,0.010258,0.00010798,0,0,0,0,0,0,0,0
0,0,0,0,0,0,0,0,0.79321,1.2958,-0.95254,1,0.95108,0.00023856,-1.749e-05,1,0,0,0.93795,999,999,999,1.1619,0.26745,0.44605,0.92409,0.049554,1.2111e-06,9999,1,-1,0,3.5645,0.099771,0,0,0,0,0,0,0,0,1,0.79321,0.98821,-0.85603,0,0,0,0,0,10,0.049554,1.2111e-06,9999,-1,0,3.5645,0.099771,0.79321,0.98821,-0.85603,-21,0.0043036,0.79321,1,0.98821,-0.85603,1,0.95108,0.80282,0,0,0,0,0,0,0,0
0,0,0,0,0,0,0,0,0.87278,0.6696,-0.47355,-1,0.93091,-0.00060456,-6.0925e-05,0,0,0,1.0631,999,999,999,0.83893,0.35015,0.63736,0.80007,0.16101,4.9442e-07,9999,1,1,644.53,4.541,0.19844,0,0,0,0,0,0,0,0,1,0.54567,0.37175,-0.41723,0,0,0,0,0,10,0.16101,4.9442e-07,9999,1,644.53,4.541,0.19844,0.54567,0.37175,-0.41723,4,0.0077495,0.94432,1,0.93929,0.47155,-1,-6.0925e-05,-0.31124,0,0,0,0,0,0,0,1
0,0,0,0,0,0,0,0,0.93136,1.1541,-0.49189,-1,0.9954,-0.96905,-0.00017715,0,0,0,1.0815,0.66662,-0.796,-0.38026,0.5799,1.4812,0.18259,0,0,0,0,0,0,0,0,0,0,0,0,0,0,0,0,0,0,0,0,0,0,0,0,0,0,0,0,0,0,0,0,0,0,0,0,0,0,0.0055959,0.93136,-1,0.95241,0,0,0,0,0,0,0,0,0,0,0,1
0,0,0,0,0,0,0,0,0.65139,0.65114,0.70982,-1,0.98061,-0.00034132,2.4147e-05,0,0,0,1.1586,999,999,999,0.79579,0.7255,0.4809,0.91845,0.13469,3.8156e-07,9999,1,1,1044.9,7.3242,0.13422,1,0,-4.305,2.4241,-3.0965,0.13277,0.055963,0.04484,1,999,999,999,0,0,0,0,0,10,0.14071,4.4856e-07,9999,-1,463.87,3.3203,0.17662,0.76019,0.87029,-0.93861,-14,0.03043,0.76019,1,0.87029,-0.93861,1,0.98061,0.48518,0,0,0,0,0,0,0,0
0,0,0,0,1.3046,0.0331,-0.74316,-1,0.11209,0.5686,-0.15626,1,-0.047352,0.00017538,0,1,0,0,1.0945,999,999,999,1.9131,0.13855,0,0.68028,0.11209,0.00017538,9999,0,1,712.89,0,0.13855,0,0,0,0,0,0,0,0,1,1.3046,0.93616,-0.4542,0,0,0,0,0,10,0.11209,0.00017538,9999,1,712.89,0,0.13855,1.3046,0.93616,-0.4542,0,0.00068489,1.3046,-1,0.93616,-0.4542,-1,-0.047352,-0.53638,0,0,0,0,0,0,0,0
0,0,0,0,0,0,0,0,0.66543,0,0.25964,-1,0.97461,0.10551,-7.6558e-05,0,0,0,1.4002,999,999,999,0.78465,1.2345,0.79362,0.087029,0.18495,4.3595e-07,9999,1,-1,693.36,5.2246,0.16975,0,0,0,0,0,0,0,0,1,999,999,999,0,0,0,0,0,0,0,0,0,0,0,0,0,0,0,0,0,0.0046459,1.0715,1,0.88629,0.32324,1,0.97461,0.0027693,0,0,0,0,0,0,0,1
0,0,0,0,0,0,0,0,0.90459,1.3231,0.33815,1,0.0044787,-0.0011331,8.9885e-05,0,0,0,1.2923,0.62786,0.45854,-0.19589,1.0742,0.97188,0.76122,0.76326,0.1289,5.1438e-07,9999,1,-1,532.23,4.1504,0.20668,0,0,0,0,0,0,0,0,1,0.62786,0.45854,-0.069638,0,0,0,0,0,10,0.1289,5.1438e-07,9999,-1,532.23,4.1504,0.20668,0.62786,0.45854,-0.069638,-0,0.017555,0.90459,1,0.77905,0.9218,1,0.0044787,0.50588,0,0,0,0,0,0,0,0
0,0,0,0,0,0,0,0,0.45432,0.96141,0.2706,-1,0.9859,-0.97263,0.00013089,0,0,0,1.1185,999,999,999,0.63655,0.67204,0.33294,0,0,0,0,0,0,0,0,0,0,0,0,0,0,0,0,0,0,0,0,0,0,0,0,0,0,0,0,0,0,0,0,0,0,0,0,0,0,0.013521,0.50682,-1,0.54503,0,0,0,0,0,0,0,0,0,0,0,1
1.5705,0.61718,-0.81495,-1,0,0,0,0,0.12928,2.0873,-0.59287,1,-0.00019147,5.7628e-06,-1.4317e-06,5,0,0,1.5959,999,999,999,1.747,0.34983,0.16728,0.74496,0.12928,1.2101e-06,9999,0,1,0,4.2969,0.088018,0,0,0,0,0,0,0,0,1,999,999,999,0,0,0,0,0,0,0,0,0,0,0,0,0,0,0,0,0,0.018129,1.5705,-1,0.99601,0.80695,-1,-1.2618e-06,-0.48074,0,0,0,0,0,0,0,0
0,0,0,0,0,0,0,0,0.3529,0.70905,0.049908,1,4.0669e-05,4.7233e-06,0,0,1,0.49948,0.61621,999,999,999,0.55277,0.3345,0,0,0,0,0,0,0,0,0,0,0,0,0,0,0,0,0,0,0,0,0,0,0,0,0,0,0,0,0,0,0,0,0,0,0,0,0,0,0,0.040947,0.73524,1,0.57154,0,0,0,0,0,0,0,0,0,0,0,0
0.50815,1.5086,0.087404,-1,0,0,0,0,0.60735,0.98107,-0.23886,1,-0.18887,0.061672,0.0073687,3,0,0,0.78418,999,999,999,0.96445,0.37456,0.83395,0.95357,0.16064,4.2622e-07,9999,0,1,771.48,4.4434,0.16415,1,0,0.16072,0.27225,0.39838,0.13026,0.056803,0.034969,1,999,999,999,0,0,0,0,0,10,0.11661,0.00017613,9999,-1,966.8,0,0.13397,0.60735,0.46874,-0.97568,-0,0.017008,0.60735,1,0.46874,0.86269,-1,-0.18887,-0.75655,0.50815,1.5086,0.087404,-1,1,0.019043,0.95022,0
0,0,0,0,0,0,0,0,0.51737,1.254,-0.8469,1,0.99586,0.00072926,0.00067796,0,0,0,1.3393,0.65396,0.70926,-0.9318,0.57916,0.6841,0.9305,0.93371,0.12952,4.6218e-07,9999,1,-1,703.12,6.1523,0.18358,1,0,-0.72802,-3.0056,-4.184,0.0053285,0.16709,0.18511,1,0.65396,0.70926,-0.58718,0,0,0,0,0,10,0.18795,3.6284e-07,9999,-1,1171.9,7.7148,0.11902,0.65396,0.70926,-0.33839,-0,0.014499,0.83127,-1,0.82178,0.59919,1,0.99586,0.77542,0,0,0,0,0,0,0,1
0,0,0,0,0,0,0,0,0.86627,0.26118,0.93088,1,0.096754,0.029446,-1.5948e-06,0,0,0,1.205,0.86627,0.9696,-0.83505,1.0237,1.3556,0.25228,0,0,0,0,0,0,0,0,0,0,0,0,0,0,0,0,0,0,0,0,0,0,0,0,0,0,0,0,0,0,0,0,0,0,0,0,0,0,0.0086646,1.1962,1,0.93409,0,0,0,0,0,0,0,0,0,0,0,1
0,0,0,0,0,0,0,0,0.58361,0.98647,-0.38609,1,0.00029416,-0.00025164,-5.4495e-05,1,0,0,0.91028,999,999,999,0.697,0.27641,0.60299,0.9435,0.20159,0.00025164,9999,0,-1,473.63,0,0.27641,0,0,0,0,0,0,0,0,1,0.58361,0.45529,-0.70646,0,0,0,0,0,10,0.20159,0.00025164,9999,-1,473.63,0,0.27641,0.58361,0.45529,-0.70646,-0,0.016943,0.58361,1,0.45529,0.85731,1,1.55e-05,0.39459,0,0,0,0,0,0,0,1
0,0,0,0,0,0,0,0,0.92376,1.1763,-0.8448,-1,-0.99952,-0.49011,0.06034,3,1,0.50344,1.3037,999,999,999,0.42345,1.1717,0.62996,0.42342,0.19335,4.3181e-07,9999,1,1,791.02,6.4453,0.1674,0,0,0,0,0,0,0,0,1,0.92376,0.87783,-0.80476,0,0,0,0,0,10,0.19335,4.3181e-07,9999,1,791.02,6.4453,0.1674,0.92376,0.87783,-0.80476,5,0.02554,0.92376,-1,0.87783,-0.02343,-1,-0.99952,-0.0060165,0,0,0,0,0,0,0,0
0,0,0,0,0,0,0,0,0.33695,0.32928,-0.57681,1,3.464e-05,5.8625e-07,0,1,1,0.49568,0.2081,999,999,999,0.52782,0.23177,0,0,0,0,0,0,0,0,0,0,0,0,0,0,0,0,0,0,0,0,0,0,0,0,0,0,0,0,0,0,0,0,0,0,0,0,0,0,0,0,0,0,0,0,0,0,0,0,0,0,0,0,0,0,0
0,0,0,0,0,0,0,0,0.49404,0.34156,0.70195,-1,-0.00029316,6.9651e-05,-2.4805e-06,0,0,0,0.82085,999,999,999,0.71571,0.67761,0.28594,0,0,0,0,0,0,0,0,0,0,0,0,0,0,0,0,0,0,0,0,0,0,0,0,0,0,0,0,0,0,0,0,0,0,0,0,0,0,0.0030965,0.68883,1,0.70862,0,0,0,0,0,0,0,0,0,0,0,1
0,0,0,0,0,0,0,0,0.47806,0.086176,-0.30784,-1,0.9979,0.71862,0.00080593,0,0,0,1.0516,0.67179,-0.4282,-0.99508,0.52793,0.84551,0.56445,0,0,0,0,0,0,0,0,0,0,0,0,0,0,0,0,0,0,0,0,0,0,0,0,0,0,0,0,0,0,0,0,0,0,0,0,0,0,0.0074926,0.61767,1,0.79419,0,0,0,0,0,0,0,0,0,0,0,1
0.246,1.3683,0.48566,1,0,0,0,0,0.33989,1.6143,-0.93093,-1,0.00017438,-1.4041e-05,6.6349e-06,1,0,0,0.70869,999,999,999,0.14812,0.42476,0.3609,0.96086,0.13999,4.5983e-07,9999,0,-1,644.53,5.3223,0.18241,0,0,0,0,0,0,0,0,1,999,999,999,0,0,0,0,0,0,0,0,0,0,0,0,0,0,0,0,0,0,0,0,0,0.51561,1,0.00017438,0.82206,0.246,1.3683,0.48566,1,1,0.012632,0.71749,1
0,0,0,0,0,0,0,0,1.2378,1.1521,-0.98644,-1,-0.77795,0.75018,-0.079496,2,1,0.49354,1.3864,-0.67325,0.59992,-0.16877,1.6868,0.10102,1.0891,0.96756,0.24068,2.5531e-06,9999,0,1,605.47,3.9062,0.28811,0,1,0,0,0,0,0,0,1,1.2378,0.88206,-0.9086,0,0,0,0,0,10,0.24068,2.5531e-06,9999,1,605.47,3.9062,0.28811,1.2378,0.88206,-0.9086,9,0.0026761,1.2378,-1,0.88206,-0.9086,-1,-0.77795,-0.095733,0,0,0,0,0,0,0,0
0,0,0,0,0,0,0,0,0.64952,0,-0.57101,-1,0.00076022,-7.8646e-05,-4.6895e-05,0,0,0,1.0109,999,999,999,0.52675,0.29577,0.57856,0,0,0,0,0,0,0,0,0,0,0,0,0,0,0,0,0,0,0,0,0,0,0,0,0,0,0,0,0,0,0,0,0,0,0,0,0,0,0.003153,0.75752,1,0.63393,0,0,0,0,0,0,0,0,0,0,0,1
0,0,0,0,0,0,0,0,0.28132,0.34961,-0.41924,-1,-0.00015247,0.00011734,5.3143e-05,1,0,0,1.0032,999,999,999,0.81241,0.69438,0.59313,0.28668,0.17339,1.2108e-06,9999,0,-1,0,16.016,0.099176,0,0,0,0,0,0,0,0,1,999,999,999,0,0,0,0,0,0,0,0,0,0,0,0,0,0,0,0,0,0.023828,0.72975,1,0.99753,0.31702,1,5.3143e-05,0.017183,0,0,0,0,0,0,0,1
0,0,0,0,0,0,0,0,0.85309,0.87305,-0.82641,1,8.4601e-05,-7.0429e-05,-1.9538e-06,0,1,0.50345,0.99476,999,999,999,0.76445,0.67213,0.3819,0,0,0,0,0,0,0,0,0,0,0,0,0,0,0,0,0,0,0,0,0,0,0,0,0,0,0,0,0,0,0,0,0,0,0,0,0,0,0.0073032,0.85309,1,0.99295,0,0,0,0,0,0,0,0,0,0,0,0
1.8673,0.44221,-0.72775,1,0,0,0,0,1.1023,1.378,0.48851,1,0.96446,5.9112e-05,1.5122e-05,0,0,0,2.1391,1.8673,0.98225,-0.91791,1.285,2.5018,0.43177,0.98907,0.10653,3.4633e-07,9999,1,-1,2070.3,14.258,0.10388,0,0,0,0,0,0,0,0,1,1.8673,0.98225,-0.98098,0,0,0,0,0,10,0.10653,3.4633e-07,9999,-1,2070.3,14.258,0.10388,1.8673,0.98225,-0.98098,-2,0.017416,1.8673,1,0.98225,0.82875,1,0.96446,0.88933,0,0,0,0,0,0,0,1
0,0,0,0,0,0,0,0,1.1823,1.282,-0.93027,-1,0.055432,-0.02078,0.00094391,1,1,0.49988,1.5509,0.76521,-0.90698,-0.93455,1.1243,1.3831,1.0088,0,0,0,0,0,0,0,0,0,0,0,0,0,0,0,0,0,0,0,0,0,0,0,0,0,0,0,0,0,0,0,0,0,0,0,0,0,0,0.0039505,1.1823,-1,0.56102,0,0,0,0,0,0,0,0,0,0,0,0
0,0,0,0,0,0,0,0,0.75369,0,0.57642,-1,0.051824,-0.0038026,0,0,0,0,1.2368,999,999,999,1.1165,0.65439,0,0,0,0,0,0,0,0,0,0,0,0,0,0,0,0,0,0,0,0,0,0,0,0,0,0,0,0,0,0,0,0,0,0,0,0,0,0,0,0.010677,1.0694,1,0.88096,0,0,0,0,0,0,0,0,0,0,0,0
0,0,0,0,0,0,0,0,0.75922,1.0184,-0.95198,1,0.052276,-0.00014369,1.4596e-06,1,1,0.49913,0.87262,999,999,999,0.94586,0.51762,0.35351,0,0,0,0,0,0,0,0,0,0,0,0,0,0,0,0,0,0,0,0,0,0,0,0,0,0,0,0,0,0,0,0,0,0,0,0,0,0,0.010128,0.75922,1,0.94877,0,0,0,0,0,0,0,0,0,0,0,1
0,0,0,0,0,0,0,0,0.30519,2.1101,-0.91096,1,1.199e-05,3.788e-06,-3.5159e-06,1,0,0,0.4424,999,999,999,0.41036,0.43741,0.31215,0.44613,0.18625,9.6245e-07,9999,0,-1,444.34,4.0527,0.30614,0,0,0,0,0,0,0,0,1,999,999,999,0,0,0,0,0,0,0,0,0,0,0,0,0,0,0,0,0,0,0,0,0,0.9545,1,3.788e-06,0.011497,0,0,0,0,0,0,0,0
0,0,0,0,0,0,0,0,0.80379,1.7641,-0.7006,-1,-0.99954,-0.00018002,-7.7199e-05,2,0,0,0.98078,-0.80379,0.53686,-0.26017,0.42047,0.70138,0.70376,0.91284,0.11426,4.8261e-07,9999,0,1,722.66,2.8076,0.19323,0,0,0,0,0,0,0,0,1,999,999,999,0,0,0,0,0,10,0.084383,4.1181e-07,9999,1,996.09,8.4961,0.15531,0.80379,0.53686,-0.21771,0,0.0033863,0.80379,-1,0.53686,0.42339,-1,-0.99954,-0.65132,0,0,0,0,0,0,0,0
1.0745,0.57807,-0.62062,-1,0,0,0,0,0.6627,0.77673,-0.38446,1,-0.00012926,6.2462e-05,0,0,0,0,1.0117,999,999,999,1.6128,0.63494,0,0,0,0,0,0,0,0,0,0,0,0,0,0,0,0,0,0,0,0,0,0,0,0,0,0,0,0,0,0,0,0,0,0,0,0,0,0,0,0.097752,1.0745,-1,0.93495,0,0,0,0,0,0,0,0,0,0,0,0
0,0,0,0,0,0,0,0,0.79049,0.9508,0.98949,-1,-0.96076,6.0288e-05,-3.3579e-05,0,0,0,0.96057,999,999,999,0.61096,0.63602,0.5233,0.6445,0.2144,6.8105e-07,9999,1,-1,561.52,4.0527,0.25717,0,0,0,0,0,0,0,0,1,999,999,999,0,0,0,0,0,0,0,0,0,0,0,0,0,0,0,0,0,0.010026,0.79049,-1,0.95712,0.7176,1,6.0288e-05,0.0029123,0,0,0,0,0,0,0,1
0,0,0,0,0,0,0,0,0.72385,0,0.56292,1,-0.95123,-0.95121,3.9603e-05,0,1,0.49813,2.1896,-1.4987,-0.99093,-0.86815,2.8814,1.599,0.54852,0.95669,0.15091,3.7487e-07,9999,1,1,1054.7,8.1055,0.129,0,1,0,0,0,0,0,0,1,1.9218,0.92077,-0.99437,0,0,0,0,0,10,0.15091,3.7487e-07,9999,1,1054.7,8.1055,0.129,1.9218,0.92077,-0.99437,2,0.016704,1.9218,-1,0.92077,0.91418,-1,-0.95121,-0.79281,0,0,0,0,0,0,0,0
0,0,0,0,0,0,0,0,1.4505,0.43338,-0.69838,-1,0.012667,-0.0016109,-2.1649e-06,0,0,0,1.5068,999,999,999,0.58553,1.8222,0.3912,0,0,0,0,0,0,0,0,0,0,0,0,0,0,0,0,0,0,0,0,0,0,0,0,0,0,0,0,0,0,0,0,0,0,0,0,0,0,0.0062321,1.4505,-1,0.93541,0,0,0,0,0,0,0,0,0,0,0,0
0,0,0,0,0,0,0,0,1.4056,1.5467,-0.95807,1,0.99217,-0.87414,0.0020247,0,0,0,1.526,999,999,999,0.63938,0.55842,1.9962,0.71357,0.16601,7.3703e-07,9999,1,-1,634.77,5.4199,0.2694,0,0,0,0,0,0,0,0,1,999,999,999,0,0,0,0,0,0,0,0,0,0,0,0,0,0,0,0,0,0.015763,1.4056,1,0.89506,0.86942,1,0.99217,0.14649,0,0,0,0,0,0,0,0
0,0,0,0,0,0,0,0,0.42471,0.97826,-0.9669,1,-0.0054916,-0.00018363,3.4594e-05,2,0,0,0.59565,999,999,999,0.58902,0.20243,0.51099,0.95638,0.14996,3.6506e-07,9999,0,1,957.03,11.719,0.12093,0,0,0,0,0,0,0,0,1,999,999,999,0,0,0,0,0,0,0,0,0,0,0,0,0,0,0,0,0,0,0,0,0,0.85405,-1,-1.2223e-06,-0.79398,0,0,0,0,0,0,0,1
0,0,0,0,0,0,0,0,0.15654,1.2194,-0.69648,1,0.99796,-0.00044183,-0.00019248,1,0,0,0.91102,999,999,999,0.5178,0.78005,0.21946,0.98807,0.15654,3.9758e-07,9999,1,1,830.08,6.4453,0.14586,0,0,0,0,0,0,0,0,1,999,999,999,0,0,0,0,0,10,0.15855,0.00019248,9999,-1,551.76,0,0.21946,0.65422,0.89783,-0.39,-6,0.027005,0.65422,1,0.89783,-0.39,1,0.99796,0.021879,0,0,0,0,0,0,0,1
0,0,0,0,0.5028,0.4091,0.15166,1,1.3465,0.76892,-0.96554,-1,-0.0083783,-0.0001819,8.4789e-05,1,0,0,1.0658,999,999,999,2.1249,0.19815,0.7324,0.89012,0.082699,1.3988e-06,9999,0,-1,0,8.7891,0.1619,0,0,0,0,0,0,0,0,1,999,999,999,0,0,0,0,0,0,0,0,0,0,0,0,0,0,0,0,0,0.026895,1.3465,-1,0.73879,0.31205,1,8.4789e-05,0.76507,0,0,0,0,0,0,0,1
0,0,0,0,0,0,0,0,0.26282,2.8366,-0.807,-1,0.00034532,-0.00017827,1.5513e-05,1,0,0,0.81629,999,999,999,0.5759,0.73944,0.43423,0.97703,0.074319,3.7964e-07,9999,1,-1,561.52,7.9102,0.13274,0,0,0,0,0,0,0,0,1,999,999,999,0,0,0,0,0,10,0.10895,1.2202e-06,9999,1,0,13.086,0.10973,0.51024,0.61351,-0.63304,4,0.0087506,0.51024,-1,0.61351,0.98463,1,0.00034532,0.86427,0,0,0,0,0,0,0,0
0,0,0,0,0,0,0,0,0.50175,0.10084,0.5401,1,0.30685,-0.17018,-0.023222,2,0,0,1.5422,999,999,999,1.15,1.1037,1.0228,0.26265,0.17655,7.0646e-07,9999,1,1,551.76,4.3945,0.26293,0,0,0,0,0,0,0,0,1,1.2057,0.90828,-0.23788,0,0,0,0,0,10,0.17655,7.0646e-07,9999,1,551.76,4.3945,0.26293,1.2057,0.90828,-0.23788,0,0.0086675,1.2057,-1,0.90828,0.20096,-1,-0.17018,-0.012169,0,0,0,0,0,0,0,0
0,0,0,0,0,0,0,0,0.36749,0.39357,0.81294,1,0.99987,-0.0031256,0.00015295,2,1,0.50252,0.88066,999,999,999,0.31071,0.53307,0.75155,0.93276,0.098058,3.8069e-07,9999,1,1,966.8,7.1289,0.13355,0,0,0,0,0,0,0,0,1,0.75767,0.89557,-0.98187,0,0,0,0,0,10,0.098058,3.8069e-07,9999,1,966.8,7.1289,0.13355,0.75767,0.89557,-0.98187,2,0.0021262,0.75767,-1,0.89557,-0.64087,-1,-0.0031256,-0.80266,0,0,0,0,0,0,0,0
0,0,0,0,0.61907,1.8646,-0.75955,1,0.78634,1.4626,-0.99059,1,0.9821,0.0026344,-0.00027923,0,0,0,1.2076,0.78634,0.85669,-0.35393,0.57918,0.74911,0.74456,0,0,0,0,0,0,0,0,0,0,0,0,0,0,0,0,0,0,0,0,0,0,0,0,0,0,0,0,0,0,0,0,0,0,0,0,0,0,0.01598,0.78634,1,0.85669,0,0,0,0,0,0,0,0,0,0,0,0
0,0,0,0,0,0,0,0,0.97635,0.036873,-0.15212,-1,-0.97801,-8.5883e-05,1.0501e-05,1,1,0.49245,1.1592,-0.60809,0.70183,-0.69746,0.88072,0.62663,0.39873,0.72065,0.23236,6.4594e-07,9999,0,-1,522.46,5.2246,0.24856,0,0,0,0,0,0,0,0,1,999,999,999,0,0,0,0,0,0,0,0,0,0,0,0,0,0,0,0,0,0.0090004,0.97635,-1,0.95749,0.29129,1,1.7564e-06,0.0011794,0,0,0,0,0,0,0,0
0,0,0,0,0,0,0,0,0.83267,0.3803,-0.73133,-1,0.4401,-7.5952e-05,-1.6021e-05,1,0,0,0.91851,999,999,999,0.60299,0.71391,0.43735,0,0,0,0,0,0,0,0,0,0,0,0,0,0,0,0,0,0,0,0,0,0,0,0,0,0,0,0,0,0,0,0,0,0,0,0,0,0,0.0061033,0.83267,-1,0.59487,0,0,0,0,0,0,0,0,0,0,0,0
0,0,0,0,0,0,0,0,0.37417,0.71645,0.59234,1,0.36641,-0.00050099,-0.00011761,2,0,0,1.0537,999,999,999,1.1777,1.0852,0.78119,0,0,0,0,0,0,0,0,0,0,0,0,0,0,0,0,0,0,0,0,0,0,0,0,0,0,0,0,0,0,0,0,0,0,0,0,0,0,0.032871,0.75885,-1,0.60741,0,0,0,0,0,0,0,0,0,0,0,1
0,0,0,0,0,0,0,0,0.73333,1.6925,-0.69804,-1,0.99755,0.99422,-0.96258,1,0,0,0.94825,0.66059,-0.99407,-0.84751,0.53423,0.6205,1.1358,0.062955,0.092559,1.2172e-06,9999,1,-1,0,10.156,0.10721,0,0,0,0,0,0,0,0,1,999,999,999,0,0,0,0,0,0,0,0,0,0,0,0,0,0,0,0,0,0.0017573,0.73333,-1,0.98508,0.5255,1,0.99755,0.46308,0,0,0,0,0,0,0,1
0,0,0,0,0,0,0,0,1.0133,1.2537,-0.57058,-1,-0.072115,0.00051438,2.6531e-05,0,0,0,0.9846,999,999,999,1.4333,0.29056,0.49217,0,0,0,0,0,0,0,0,0,0,0,0,0,0,0,0,0,0,0,0,0,0,0,0,0,0,0,0,0,0,0,0,0,0,0,0,0,0,0.0021148,1.0133,-1,0.97933,0,0,0,0,0,0,0,0,0,0,0,1
0,0,0,0,1.4446,0.96584,-0.95237,1,0.38261,0.7601,0.34264,-1,0.042431,-6.0034e-07,0,0,0,0,1.4397,999,999,999,1.6958,0.23601,0,0,0,0,0,0,0,0,0,0,0,0,0,0,0,0,0,0,0,0,0,0,0,0,0,0,0,0,0,0,0,0,0,0,0,0,0,0,0,0.011638,1.4446,1,0.89123,0,0,0,0,0,0,0,0,0,0,0,1
0,0,0,0,0,0,0,0,0.40194,0.58296,0.774,-1,-0.99979,-0.001697,0.00023548,2,0,0,0.89818,999,999,999,0.3791,0.47412,0.58969,0.85298,0.22084,1.6307e-06,9999,1,1,424.8,3.6621,0.36468,0,0,0,0,0,0,0,0,1,999,999,999,0,0,0,0,0,0,0,0,0,0,0,0,0,0,0,0,0,0.000608,0.56601,1,0.96401,-0.45272,-1,-0.99979,-0.023421,0,0,0,0,0,0,0,0
0,0,0,0,1.4273,0.20698,0.74559,1,1.6386,0.21195,-0.68136,1,0.70986,0.072091,-0.014164,1,1,0.49494,1.7251,1.4273,-0.98885,-0.85373,2.6742,1.1224,1.2173,0.89872,0.15285,1.2108e-06,9999,0,-1,0,11.133,0.086265,0,1,0,0,0,0,0,0,1,1.6386,0.87393,-0.99779,0,0,0,0,0,10,0.15285,1.2108e-06,9999,-1,0,11.133,0.086265,1.6386,0.87393,-0.99779,-6,0.035256,1.6386,1,0.87393,-0.99779,1,0.70986,0.6149,0,0,0,0,0,0,0,1
0,0,0,0,0,0,0,0,0.41127,1.2495,-0.69553,1,0.00028441,1.6122e-05,2.7302e-06,0,0,0,0.70073,0.50414,-0.83334,-0.93003,0.86484,0.43797,0.29315,0,0,0,0,0,0,0,0,0,0,0,0,0,0,0,0,0,0,0,0,0,0,0,0,0,0,0,0,0,0,0,0,0,0,0,0,0,0,0.0016626,0.5652,1,0.91076,0,0,0,0,0,0,0,0,0,0,0,0
0.85889,0.072715,-0.93919,-1,0,0,0,0,0,0,0,0,-0.082122,0.00019121,0,1,1,0.497,0.85014,999,999,999,0.96727,0.21736,0,0,0,0,0,0,0,0,0,0,0,0,0,0,0,0,0,0,0,0,0,0,0,0,0,0,0,0,0,0,0,0,0,0,0,0,0,0,0,0.0097881,0.85889,-1,0.99522,0,0,0,0,0.85889,0.072715,-0.93919,-1,1,0.0097881,0.99522,0
0,0,0,0,0,0,0,0,0.67666,0.86129,0.64767,-1,-0.9625,-0.00057519,1.612e-05,1,0,0,1.2564,-0.67666,-0.93253,-0.38279,1.2701,0.78244,0.43795,0,0,0,0,0,0,0,0,0,0,0,0,0,0,0,0,0,0,0,0,0,0,0,0,0,0,0,0,0,0,0,0,0,0,0,0,0,0,0.00054742,0.87499,-1,0.68896,0,0,0,0,0,0,0,0,0,0,0,0
0,0,0,0,0,0,0,0,0.34349,1.8021,-0.36695,1,-7.5488e-05,3.1665e-05,0,0,0,0,0.5996,999,999,999,0.70498,0.5151,0,0,0,0,0,0,0,0,0,0,0,0,0,0,0,0,0,0,0,0,0,0,0,0,0,0,0,0,0,0,0,0,0,0,0,0,0,0,0,0.016001,0.54965,-1,0.27601,0,0,0,0,0,0,0,0,0,0,0,1
0,0,0,0,0,0,0,0,0.88371,1.7934,-0.90079,1,0.033256,-0.0025509,-0.00023202,0,0,0,1.3617,999,999,999,1.2606,0.79464,0.72175,0.05002,0.14157,3.6067e-07,9999,1,1,986.33,9.082,0.11714,0,0,0,0,0,0,0,0,1,0.54366,0.96831,-0.13252,0,0,0,0,0,10,0.14157,3.6067e-07,9999,1,986.33,9.082,0.11714,0.54366,0.96831,-0.13252,4,0.011823,0.88371,1,0.99622,0.79539,1,3.3747e-06,0.011295,0,0,0,0,0,0,0,1
0,0,0,0,0,0,0,0,0.88661,0.4695,-0.50828,-1,-0.99662,-0.90985,-1.3207e-05,2,1,0.49744,0.79186,999,999,999,0.56335,0.5871,0.2965,0.99791,0.20639,1.2011e-06,9999,0,1,473.63,4.248,0.33254,0,1,0,0,0,0,0,0,1,0.88661,0.89648,-0.87489,0,0,0,0,0,10,0.20639,1.2011e-06,9999,1,473.63,4.248,0.33254,0.88661,0.89648,-0.87489,9,0.0035154,0.88661,-1,0.89648,0.99451,-1,-0.90985,-0.70995,0,0,0,0,0,0,0,0
0,0,0,0,0,0,0,0,0.61982,1.2564,-0.89493,1,0.00030197,-6.8551e-06,3.0552e-06,0,0,0,0.72726,999,999,999,0.87078,0.36349,0.30159,0.53381,0.15959,4.6178e-07,9999,1,-1,693.36,5.3223,0.18338,0,0,0,0,0,0,0,0,1,0.61982,0.94413,-0.58472,0,0,0,0,0,10,0.15959,4.6178e-07,9999,-1,693.36,5.3223,0.18338,0.61982,0.94413,-0.58472,-0,0.011004,0.61982,1,0.94413,0.38995,1,3.0552e-06,0.086763,0,0,0,0,0,0,0,1
1.7587,0.71741,-0.98013,-1,0,0,0,0,0.37561,0.87881,0.48394,1,-6.7636e-05,3.5186e-05,-8.1642e-07,0,0,0,1.6193,999,999,999,2.4309,0.52348,0.28424,0,0,0,0,0,0,0,0,0,0,0,0,0,0,0,0,0,0,0,0,0,0,0,0,0,0,0,0,0,0,0,0,0,0,0,0,0,0,0.013031,1.7587,-1,0.93084,0,0,0,0,0,0,0,0,0,0,0,0
0,0,0,0,0,0,0,0,0.42496,1.0172,-0.77304,-1,0.981,0.00064759,-4.4669e-05,1,0,0,0.9095,999,999,999,0.57336,0.44031,0.56937,0.30554,0.19457,1.0235e-06,9999,0,-1,541.99,5.127,0.31379,0,0,0,0,0,0,0,0,1,0.50038,0.96885,-0.50163,0,0,0,0,0,10,0.19457,1.0235e-06,9999,-1,541.99,5.127,0.31379,0.50038,0.96885,-0.50163,-5,0.0012787,0.50038,1,0.96885,0.64547,1,0.981,0.0034379,0,0,0,0,0,0,0,1
0,0,0,0,0,0,0,0,0.93279,1.0847,-0.78005,1,0.00031436,6.1156e-06,-6.5906e-07,0,0,0,0.84566,999,999,999,0.76739,0.35448,0.25187,0,0,0,0,0,0,0,0,0,0,0,0,0,0,0,0,0,0,0,0,0,0,0,0,0,0,0,0,0,0,0,0,0,0,0,0,0,0,0.014063,0.93279,1,0.78669,0,0,0,0,0,0,0,0,0,0,0,1
0,0,0,0,0,0,0,0,1.2007,0.80433,-0.63156,1,-0.00066993,0.00029855,3.4375e-05,2,1,0.498,1.3616,999,999,999,0.91459,1.6424,0.5267,0,0,0,0,0,0,0,0,0,0,0,0,0,0,0,0,0,0,0,0,0,0,0,0,0,0,0,0,0,0,0,0,0,0,0,0,0,0,0.017493,1.2007,1,0.80921,0,0,0,0,0,0,0,0,0,0,0,0
0,0,0,0,1.091,0,-0.69711,1,1.0771,0,-0.38542,1,0.97662,0.022054,-0.000136,0,0,0,1.6285,1.091,0.63126,-0.079681,0.86014,1.3367,0.8838,0,0,0,0,0,0,0,0,0,0,0,0,0,0,0,0,0,0,0,0,0,0,0,0,0,0,0,0,0,0,0,0,0,0,0,0,0,0,0.015553,1.0771,1,0.68192,0,0,0,0,0,0,0,0,0,0,0,1
0,0,0,0,0,0,0,0,0.46439,0.34364,0.98598,1,0.068863,-0.00046345,0.00045184,2,3,0.49419,1.027,999,999,999,0.94297,0.65778,0.35033,0.6753,0.23552,0.00045184,9999,0,1,473.63,0,0.35033,0,1,0,0,0,0,0,0,1,999,999,999,0,0,0,0,0,0,0,0,0,0,0,0,0,0,0,0,0,0.013814,0.69091,1,0.98306,0.66147,-1,-2.7069e-05,-0.00057575,0,0,0,0,0,0,0,1
0,0,0,0,0,0,0,0,0.28844,0.72845,0.92534,1,4.2782e-06,2.5478e-06,-2.1351e-06,2,1,0.49943,0.32289,999,999,999,0.44607,0.28795,0.38996,0,0,0,0,0,0,0,0,0,0,0,0,0,0,0,0,0,0,0,0,0,0,0,0,0,0,0,0,0,0,0,0,0,0,0,0,0,0,0,0,0,0,0,0,0,0,0,0,0,0,0,0,0,0
0,0,0,0,0,0,0,0,0.73329,1.098,-0.7701,-1,-0.043457,3.1371e-05,-1.3294e-05,0,0,0,0.9692,999,999,999,1.1421,0.51379,0.4197,0.97676,0.085593,1.2152e-06,9999,1,1,0,20.117,0.080199,1,0,1.2664,2.9032,-0.059622,0.10215,0.44836,0.12901,1,0.73329,0.64332,-0.67465,0,0,0,0,0,10,0.085593,1.2152e-06,9999,1,0,20.117,0.080199,0.73329,0.64332,-0.67465,6,0.0053935,0.73329,-1,0.64332,0.88771,-1,-1.3294e-05,-0.86681,0,0,0,0,0,0,0,0
0.79002,0,-0.33388,1,1.6986,0,-0.91987,-1,0.6528,0,0.29459,-1,-0.99881,-0.14259,0.083195,0,0,0,1.7956,-1.6986,0.84779,-0.37618,0.47936,1.5924,1.0681,0.077918,0.070199,1.2174e-06,9999,1,1,0,24.219,0.078074,0,0,0,0,0,0,0,0,1,1.6986,0.84779,-0.1422,0,0,0,0,0,10,0.070199,1.2174e-06,9999,1,0,24.219,0.078074,1.6986,0.84779,-0.1422,2,0.00069636,1.6986,-1,0.84779,0.35223,-1,-0.99881,-0.60087,0.79002,0,-0.33388,1,1,0.037017,0.56624,0
0,0,0,0,0,0,0,0,1.647,0.10159,0.62176,1,0.96017,-0.13938,1.2188e-06,1,0,0,1.2549,999,999,999,2.5179,1.5321,0.07689,0.99532,0.13292,1.2188e-06,9999,1,1,0,16.211,0.07689,0,0,0,0,0,0,0,0,1,999,999,999,0,0,0,0,0,10,0.22756,4.0645e-07,9999,-1,693.36,5.8105,0.15184,1.647,0.97558,-0.9299,-5,0.011505,1.647,1,0.97558,-0.93767,-1,-0.13938,-0.89919,0,0,0,0,0,0,0,1
0,0,0,0,0,0,0,0,1.6742,0.20148,-0.97747,-1,0.96746,-0.9549,-0.34936,1,0,0,1.5449,0.75595,0.93755,-0.1704,0.63442,1.3103,1.2506,0.23119,0.14531,4.8459e-07,9999,1,1,644.53,4.7363,0.19412,0,0,0,0,0,0,0,0,1,999,999,999,0,0,0,0,0,0,0,0,0,0,0,0,0,0,0,0,0,0.00062918,1.6742,-1,0.87418,0.67079,-1,-0.9549,-0.091961,0,0,0,0,0,0,0,0
0,0,0,0,0,0,0,0,0.64651,1.0832,-0.53447,1,0.7212,6.8776e-05,-1.3031e-05,2,1,0.49783,1.1108,0.69187,-0.9889,-0.97878,0.92278,0.67638,0.41787,0.72003,0.1931,4.381e-07,9999,1,1,664.06,5.7617,0.17095,0,0,0,0,0,0,0,0,1,999,999,999,0,0,0,0,0,10,0.23348,6.4013e-07,9999,-1,556.64,5.2246,0.24705,0.69187,0.9889,-0.76384,-5,0.00052249,0.64651,1,0.96388,0.64449,1,0.7212,0.0046671,0,0,0,0,0,0,0,1
0,0,0,0,0,0,0,0,0.34948,0.45628,-0.31442,1,-1.1755e-05,7.8533e-06,-5.4802e-07,1,0,0,0.52205,999,999,999,0.4086,0.37443,0.21922,0.8563,0.12011,4.0383e-07,9999,0,-1,673.83,4.6875,0.1501,1,0,2.5195,0.72537,0.11502,0.1453,0.0029989,0.075145,1,999,999,999,0,0,0,0,0,0,0,0,0,0,0,0,0,0,0,0,0,0,0,0,0,-0.14419,-1,-1.1755e-05,-0.62355,0,0,0,0,0,0,0,1
0,0,0,0,0,0,0,0,0.486,0.44525,0.23944,-1,0.91222,-4.7418e-05,3.9364e-05,0,0,0,0.81798,999,999,999,0.74025,0.57986,0.53504,0.51191,0.23842,4.4719e-07,9999,1,1,590.82,5.127,0.17589,0,0,0,0,0,0,0,0,1,999,999,999,0,0,0,0,0,0,0,0,0,0,0,0,0,0,0,0,0,0.014087,0.55682,1,0.56781,0.087041,-1,-4.7418e-05,-0.00020378,0,0,0,0,0,0,0,1
0,0,0,0,0.7623,0.68266,-0.47019,1,0.26815,0.97456,-0.2803,-1,-0.99222,0.00015553,-1.8003e-05,0,0,0,0.85923,999,999,999,0.44817,0.77101,0.44898,0,0,0,0,0,0,0,0,0,0,0,0,0,0,0,0,0,0,0,0,0,0,0,0,0,0,0,0,0,0,0,0,0,0,0,0,0,0,0.010189,0.7623,1,0.9734,0,0,0,0,0,0,0,0,0,0,0,0
0,0,0,0,0,0,0,0,0.77443,1.4892,-0.93045,1,0.93677,-0.00066148,-5.0171e-05,0,0,0,1.0185,999,999,999,0.80689,0.61737,0.50705,0.97467,0.15169,4.76e-07,9999,0,-1,732.42,3.8574,0.19021,0,0,0,0,0,0,0,0,1,999,999,999,0,0,0,0,0,10,0.22247,2.9297e-06,9999,-1,473.63,4.1992,0.29845,0.77443,0.90599,-0.93135,-4,0.011805,0.77443,1,0.90599,0.7884,1,0.93677,0.84077,0,0,0,0,0,0,0,0
0,0,0,0,0,0,0,0,1.2875,1.202,-0.79389,1,0.98064,-0.95134,-0.00045695,2,1,0.49893,1.6329,1.2875,0.92532,-0.79368,0.65893,0.81102,1.0582,0.95527,0.16826,4.0809e-07,9999,1,1,771.48,8.0078,0.15291,0,0,0,0,0,0,0,0,1,0.74878,0.90936,-0.99065,0,0,0,0,0,10,0.16826,4.0809e-07,9999,1,771.48,8.0078,0.15291,0.74878,0.90936,-0.99065,2,0.018655,1.2875,1,0.92532,0.9676,-1,-0.95134,-0.73357,0,0,0,0,0,0,0,0
0.82131,1.5213,-0.60709,-1,0,0,0,0,0.56584,1.6419,-0.82115,1,0.48991,-0.17546,0.00076959,2,0,0,0.98003,999,999,999,0.56071,1.2276,0.76075,0,0,0,0,0,0,0,0,0,0,0,0,0,0,0,0,0,0,0,0,0,0,0,0,0,0,0,0,0,0,0,0,0,0,0,0,0,0,0.074871,0.82131,-1,0.5869,0,0,0,0,0.35034,1.3452,0.36981,1,3,0.33667,0.84315,1
0,0,0,0,0,0,0,0,0.86639,0.16196,0.17243,-1,-0.4602,6.7338e-06,0,0,0,0,0.71313,999,999,999,1.3712,0.36207,0,0,0,0,0,0,0,0,0,0,0,0,0,0,0,0,0,0,0,0,0,0,0,0,0,0,0,0,0,0,0,0,0,0,0,0,0,0,0,0.0012905,0.86639,-1,0.8997,0,0,0,0,0,0,0,0,0,0,0,0
0,0,0,0,0.69963,0.28848,-0.66043,1,0.65175,0,-0.15348,-1,-0.00056427,7.3934e-05,-3.7518e-06,1,0,0,0.87297,999,999,999,0.54563,0.69925,0.31704,0.88164,0.071701,1.2186e-06,9999,1,-1,0,10.449,0.10847,0,0,0,0,0,0,0,0,1,999,999,999,0,0,0,0,0,0,0,0,0,0,0,0,0,0,0,0,0,0.008951,0.69963,1,0.88172,0.86801,1,7.3934e-05,0.76702,0,0,0,0,0,0,0,1
0,0,0,0,0,0,0,0,0.31546,0.68116,0.36028,1,-0.21784,-0.00050074,-1.0026e-05,1,0,0,0.66947,999,999,999,1.2194,0.59746,0.36719,0.83265,0.19427,1.0263e-06,9999,0,-1,502.93,3.9551,0.31412,0,0,0,0,0,0,0,0,1,999,999,999,0,0,0,0,0,0,0,0,0,0,0,0,0,0,0,0,0,0,0,0,0,0.58281,-1,-0.21784,-0.081208,0,0,0,0,0,0,0,0
0,0,0,0,0,0,0,0,0.92799,0.77065,-0.67406,1,0.96384,-0.00038587,-0.00012867,0,0,0,1.2269,999,999,999,1.4583,0.84682,0.40458,0,0,0,0,0,0,0,0,0,0,0,0,0,0,0,0,0,0,0,0,0,0,0,0,0,0,0,0,0,0,0,0,0,0,0,0,0,0,0.0073771,0.92799,1,0.78756,0,0,0,0,0,0,0,0,0,0,0,1
0,0,0,0,0,0,0,0,0.11422,0.2782,-0.033016,-1,5.424e-06,-1.5352e-06,0,1,0,0,0.34111,999,999,999,0.34513,0.18157,0,0.40005,0.11422,1.5352e-06,9999,0,-1,0,5.2246,0.18157,0,0,0,0,0,0,0,0,1,999,999,999,0,0,0,0,0,0,0,0,0,0,0,0,0,0,0,0,0,0,0,0,0,-0.96288,1,5.424e-06,0.35189,0,0,0,0,0,0,0,1
0,0,0,0,0,0,0,0,0.84158,0.18281,-0.93656,-1,-0.0053065,8.5737e-07,-3.7764e-07,1,0,0,0.81386,999,999,999,1.1372,0.29099,0.13119,0.44929,0.11806,3.7764e-07,9999,0,-1,888.67,7.8125,0.13119,0,0,0,0,0,0,0,0,1,999,999,999,0,0,0,0,0,10,0.20517,8.5737e-07,9999,1,512.7,3.0273,0.29099,0.84158,0.96871,-0.7394,8,0.003706,0.84158,-1,0.96871,-0.7394,-1,-0.0053065,-0.096823,0,0,0,0,0,0,0,0
0,0,0,0,0,0,0,0,2.0225,0.63618,-0.55068,1,-0.98156,0.060913,0.00013959,0,0,0,2.5861,-0.90644,-0.69779,-0.16525,0.48257,1.854,2.7127,0,0,0,0,0,0,0,0,0,0,0,0,0,0,0,0,0,0,0,0,0,0,0,0,0,0,0,0,0,0,0,0,0,0,0,0,0,0,0.010099,2.0225,1,0.99571,0,0,0,0,0,0,0,0,0,0,0,0
0,0,0,0,1.0785,0.86945,-0.14975,-1,1.0883,0.55326,0.5178,1,0.97826,0.0092616,-0.00033216,0,0,0,1.1724,999,999,999,0.7541,1.7212,0.58951,0,0,0,0,0,0,0,0,0,0,0,0,0,0,0,0,0,0,0,0,0,0,0,0,0,0,0,0,0,0,0,0,0,0,0,0,0,0,0.016271,1.0883,1,0.91978,0,0,0,0,0,0,0,0,0,0,0,1
1.2083,0.33805,-0.094299,-1,0,0,0,0,0.68288,0.33805,0.21876,1,-0.9438,0.0065297,-0.0010225,0,0,0,1.753,-1.2083,-0.87658,-0.61012,1.789,0.94773,1.4439,0.7492,0.18834,7.055e-07,9999,1,1,493.16,3.9551,0.26272,0,0,0,0,0,0,0,0,1,1.2083,0.87658,-0.83563,0,0,0,0,0,10,0.18834,7.055e-07,9999,1,493.16,3.9551,0.26272,1.2083,0.87658,-0.83563,2,0.015504,1.2083,-1,0.87658,0.94504,-1,-0.9438,-0.058104,0,0,0,0,0,0,0,0
0.56558,1.0378,-0.76916,1,0,0,0,0,0.68258,1.1223,-0.77838,1,0.99938,0.00029385,7.4379e-05,1,0,0,0.79569,999,999,999,0.43738,0.50755,0.69874,0.37466,0.13681,1.7835e-06,9999,0,-1,0,5.2734,0.20652,0,0,0,0,0,0,0,0,1,999,999,999,0,0,0,0,0,0,0,0,0,0,0,0,0,0,0,0,0,0.010612,0.68258,1,0.93566,0.20573,1,0.99938,0.17965,0.56558,1.0378,-0.76916,1,1,0.024358,0.89969,1
1.9737,0.38695,-0.65168,1,0,0,0,0,1.5442,0.58523,0.1947,1,0.88841,7.4398e-05,-6.0146e-07,0,0,0,2.4364,1.9737,0.96674,-0.86986,1.8034,2.6459,0.23634,0.84131,0.11021,4.4405e-07,9999,1,-1,673.83,4.9805,0.17421,0,0,0,0,0,0,0,0,1,1.9737,0.96674,-0.73631,0,0,0,0,0,10,0.11021,4.4405e-07,9999,-1,673.83,4.9805,0.17421,1.9737,0.96674,-0.73631,-2,0.0075315,1.9737,1,0.96674,0.94924,1,0.88841,0.67772,0,0,0,0,0,0,0,1
0.65722,0.95339,-0.43788,-1,0,0,0,0,0.51055,0.67979,-0.44416,1,0.99983,-0.0013782,0.00023446,0,0,0,0.94877,999,999,999,0.36938,0.85412,0.6607,0.67048,0.070714,1.2114e-06,9999,1,1,0,16.602,0.085157,0,0,0,0,0,0,0,0,1,0.65722,0.93494,-0.61639,0,0,0,0,0,10,0.070714,1.2114e-06,9999,1,0,16.602,0.085157,0.65722,0.93494,-0.61639,2,0.0037516,0.65722,-1,0.93494,0.86307,-1,-2.7432e-05,-0.73538,0.65722,0.95339,-0.43788,-1,1,0.0037516,0.93494,0
0,0,0,0,0,0,0,0,0.50211,0.43818,-0.73026,-1,0.99777,-0.12976,1.816e-05,2,1,0.49865,0.64102,999,999,999,0.43689,0.79814,0.44987,0.79802,0.089862,1.2619e-06,9999,1,1,0,8.7891,0.12989,0,0,0,0,0,0,0,0,1,999,999,999,0,0,0,0,0,0,0,0,0,0,0,0,0,0,0,0,0,0.005927,0.50211,-1,0.52872,0.63115,-1,-0.12976,-0.70235,0,0,0,0,0,0,0,1
0,0,0,0,0,0,0,0,0.70562,0.14753,0.24048,1,0.99767,0.17183,0.0046105,0,0,0,1.1302,0.98894,-0.8927,-0.12881,0.40442,1.0208,0.78931,0,0,0,0,0,0,0,0,0,0,0,0,0,0,0,0,0,0,0,0,0,0,0,0,0,0,0,0,0,0,0,0,0,0,0,0,0,0,0.0002973,0.98894,1,0.8927,0,0,0,0,0,0,0,0,0,0,0,1
0,0,0,0,0,0,0,0,0.92685,0.19752,-0.32874,1,-0.01285,0.00091688,-0.00020174,4,0,0,1.2768,999,999,999,0.96378,0.98926,0.92476,0.35401,0.136,1.2316e-06,9999,0,-1,0,3.5645,0.068651,0,0,0,0,0,0,0,0,1,999,999,999,0,0,0,0,0,0,0,0,0,0,0,0,0,0,0,0,0,0.0073921,0.92685,1,0.98933,0.48413,1,0.00091688,0.18021,0,0,0,0,0,0,0,0
0.49122,1.1661,-0.74423,1,0,0,0,0,0.71247,1.0185,0.31634,-1,3.5716e-05,-2.5108e-05,-4.9732e-06,1,0,0,0.72972,999,999,999,0.45423,0.48551,0.45787,0.98103,0.21767,1.3631e-06,9999,0,-1,527.34,4.1992,0.34637,0,0,0,0,0,0,0,0,1,999,999,999,0,0,0,0,0,0,0,0,0,0,0,0,0,0,0,0,0,0.012381,0.71247,-1,0.88392,-0.83707,1,3.5716e-05,0.44639,0.49122,1.1661,-0.74423,1,1,0.025821,0.75064,1
0,0,0,0,0,0,0,0,1.3291,0.33591,0.82612,1,0.34075,-7.94e-06,-4.7471e-07,0,0,0,0.88573,999,999,999,2.1052,0.37532,0.1896,0,0,0,0,0,0,0,0,0,0,0,0,0,0,0,0,0,0,0,0,0,0,0,0,0,0,0,0,0,0,0,0,0,0,0,0,0,0,0.011426,1.3291,1,0.99106,0,0,0,0,0,0,0,0,0,0,0,1
0,0,0,0,0,0,0,0,0.97671,0.83703,-0.68358,-1,-0.96129,0.79929,6.5844e-05,2,0,0,1.2076,999,999,999,1.1502,0.15667,0.65822,0.98299,0.16255,7.0243e-07,9999,1,-1,576.17,3.9551,0.26204,0,0,0,0,0,0,0,0,1,0.5753,0.91508,-0.82708,0,0,0,0,0,10,0.16255,7.0243e-07,9999,-1,576.17,3.9551,0.26204,0.5753,0.91508,-0.82708,-0,0.010122,0.97671,-1,0.90056,-0.66904,1,0.79929,0.84556,0,0,0,0,0,0,0,1
0,0,0,0,0,0,0,0,0.23188,0.36233,0.74992,1,1.8125e-05,-1.2891e-05,2.1341e-06,1,0,0,0.59534,999,999,999,0.44967,0.41688,0.2308,0.71654,0.085757,3.7933e-07,9999,0,-1,1152.3,8.3984,0.1325,0,0,0,0,0,0,0,0,1,999,999,999,0,0,0,0,0,0,0,0,0,0,0,0,0,0,0,0,0,0,0,0,0,-0.045551,1,2.1341e-06,0.69059,0,0,0,0,0,0,0,0
0,0,0,0,0,0,0,0,0.61165,0.59982,-0.88762,1,0.0015017,1.213e-05,-1.2288e-06,2,0,0,0.70268,999,999,999,0.8013,0.4114,0.11542,0.070001,0.10503,4.0915e-07,9999,0,-1,1113.3,6.8359,0.1536,0,0,0,0,0,0,0,0,1,0.61165,0.94171,-0.24608,0,0,0,0,0,10,0.10503,4.0915e-07,9999,-1,1113.3,6.8359,0.1536,0.61165,0.94171,-0.24608,-6,0.0016402,0.61165,1,0.94171,0.1614,1,1.213e-05,0.35677,0,0,0,0,0,0,0,0
1.1973,0,-0.73289,-1,0,0,0,0,0.98197,0,-0.50426,-1,-0.988,-0.01212,8.2114e-06,1,0,0,1.0641,-1.1973,0.82245,-0.17227,0.6854,1.8604,0.37805,0.30421,0.050434,1.2093e-06,9999,0,1,0,6.8359,0.093145,0,0,0,0,0,0,0,0,1,999,999,999,0,0,0,0,0,0,0,0,0,0,0,0,0,0,0,0,0,0.010791,1.1973,-1,0.82245,0.4193,-1,-0.988,-0.67668,0,0,0,0,0,0,0,0
0,0,0,0,0,0,0,0,0.85311,0.50677,-0.87508,1,-0.98377,0.0017902,-0.00020858,2,0,0,0.84874,999,999,999,0.69301,0.47903,0.42053,0.33562,0.14345,1.2513e-06,9999,1,1,0,3.3203,0.12601,0,0,0,0,0,0,0,0,1,0.80338,0.90692,-0.47263,0,0,0,0,0,10,0.14345,1.2513e-06,9999,1,0,3.3203,0.12601,0.80338,0.90692,-0.47263,8,0.0021978,0.80338,-1,0.90692,-0.47263,-1,-0.98377,-0.12803,0,0,0,0,0,0,0,0
0,0,0,0,0,0,0,0,0.70997,0,0.97027,1,-0.42741,-0.3076,8.503e-05,0,0,0,1.3409,999,999,999,1.1523,0.96828,0.70739,0,0,0,0,0,0,0,0,0,0,0,0,0,0,0,0,0,0,0,0,0,0,0,0,0,0,0,0,0,0,0,0,0,0,0,0,0,0,0.016001,1.0957,-1,0.93524,0,0,0,0,0,0,0,0,0,0,0,1
0,0,0,0,0.93538,1.7249,0.54752,1,1.3892,1.192,-0.51353,-1,-0.95177,0.048558,-2.9708e-05,0,0,0,1.4567,-0.53333,0.73018,-0.30381,1.0593,1.2648,0.50647,0.99927,0.20818,5.4647e-07,9999,1,1,571.29,4.1992,0.21868,0,0,0,0,0,0,0,0,1,0.53333,0.73018,-0.74379,0,0,0,0,0,10,0.20818,5.4647e-07,9999,1,571.29,4.1992,0.21868,0.53333,0.73018,-0.74379,2,0.016185,1.3892,-1,0.86185,0.85695,-1,-0.95177,-0.70249,0,0,0,0,0,0,0,0
0,0,0,0,0,0,0,0,0.2373,0.61112,-0.91628,1,0.99695,0.010437,-7.9594e-06,0,0,0,0.69646,999,999,999,0.41386,0.905,0.37552,0.36286,0.072489,3.4718e-07,9999,1,-1,4062.5,13.672,0.11467,0,0,0,0,0,0,0,0,1,0.58769,0.99471,-0.3785,0,0,0,0,0,10,0.072489,3.4718e-07,9999,-1,4062.5,13.672,0.11467,0.58769,0.99471,-0.3785,-4,0.0088878,0.58769,1,0.99471,-0.34138,1,0.99695,0.60273,0,0,0,0,0,0,0,1
0,0,0,0,0,0,0,0,0.64746,1.1687,-0.62697,-1,-6.9633e-05,6.0975e-05,1.8728e-05,2,1,0.49896,0.83645,999,999,999,0.67711,0.63697,0.45222,0.9286,0.099253,4.1576e-07,9999,1,1,551.76,4.2969,0.1578,0,0,0,0,0,0,0,0,1,0.64746,0.9366,-0.98512,0,0,0,0,0,10,0.099253,4.1576e-07,9999,1,551.76,4.2969,0.1578,0.64746,0.9366,-0.98512,0,0.0076809,0.64746,-1,0.9366,0.73394,-1,-4.5271e-06,-0.79625,0,0,0,0,0,0,0,1
0,0,0,0,0,0,0,0,1.0813,0.59714,-0.39584,1,0.9695,0.0086918,-0.00035278,3,0,0,1.3765,0.88283,0.74199,-0.55455,1.3061,1.3363,0.49921,0.88662,0.14197,3.9982e-07,9999,0,-1,830.08,7.3242,0.1474,0,0,0,0,0,0,0,0,1,1.0813,0.96935,-0.96667,0,0,0,0,0,10,0.14197,3.9982e-07,9999,-1,830.08,7.3242,0.1474,1.0813,0.96935,-0.96667,-0,0.0024022,1.0813,1,0.96935,-0.96667,1,0.9695,0.63662,0,0,0,0,0,0,0,0
0,0,0,0,0,0,0,0,0.73631,0.71749,-0.59883,-1,0.95189,-0.00083047,-0.00015517,2,0,0,1.0747,999,999,999,1.2867,0.76686,0.72135,0.92957,0.13374,4.3221e-07,9999,0,-1,664.06,4.3457,0.16763,0,0,0,0,0,0,0,0,1,999,999,999,0,0,0,0,0,0,0,0,0,0,0,0,0,0,0,0,0,0.014306,0.81076,1,0.75893,0.69681,1,0.95189,0.75916,0,0,0,0,0,0,0,1
0,0,0,0,0,0,0,0,0.52793,1.0622,-0.69687,-1,0.00055109,0.00017478,-6.5161e-05,2,0,0,0.67311,999,999,999,0.55268,0.16848,0.65486,0.9047,0.14358,0.00017478,9999,1,1,693.36,0,0.16848,0,0,0,0,0,0,0,0,1,999,999,999,0,0,0,0,0,10,0.23372,1.2528e-06,9999,1,0,8.0078,0.12658,0.52793,0.63159,-0.43968,6,0.013309,0.52793,-1,0.63159,0.82129,-1,-1.7639e-06,-0.67282,0,0,0,0,0,0,0,1
0,0,0,0,0,0,0,0,0.70117,0.036594,-0.25043,1,6.1804e-05,2.8067e-05,-1.2097e-06,0,0,0,0.77779,999,999,999,0.64119,0.49919,0.096254,0.50453,0.065828,1.2097e-06,9999,1,-1,0,15.234,0.096254,0,0,0,0,0,0,0,0,1,0.70955,0.6483,-0.38322,0,0,0,0,0,10,0.065828,1.2097e-06,9999,-1,0,15.234,0.096254,0.70955,0.6483,-0.38322,-2,0.014871,0.70117,1,0.92076,-0.33762,1,6.1804e-05,0.71108,0,0,0,0,0,0,0,1
0,0,0,0,0,0,0,0,0.48249,1.1535,0.59632,-1,-3.4045e-05,2.9068e-05,3.4837e-06,1,0,0,0.70838,999,999,999,0.5253,0.5036,0.31145,0.78253,0.12993,4.3974e-07,9999,1,1,158.69,6.9336,0.17186,0,0,0,0,0,0,0,0,1,999,999,999,0,0,0,0,0,0,0,0,0,0,0,0,0,0,0,0,0,0,0,0,0,0.98299,-1,-3.4045e-05,-0.52367,0,0,0,0,0,0,0,1
0,0,0,0,0,0,0,0,0.67389,0.13157,-0.62336,1,0.00058117,0.0002388,3.4869e-05,2,0,0,0.65163,999,999,999,0.33204,0.26763,0.52879,0,0,0,0,0,0,0,0,0,0,0,0,0,0,0,0,0,0,0,0,0,0,0,0,0,0,0,0,0,0,0,0,0,0,0,0,0,0,0.012985,0.67389,1,0.99846,0,0,0,0,0,0,0,0,0,0,0,1
0,0,0,0,0,0,0,0,1.5155,0.59265,-0.94727,1,-0.99175,0.021454,0.0026303,0,0,0,0.85999,999,999,999,0.65519,0.93388,0.6903,0.14838,0.10189,4.3825e-07,9999,1,-1,634.77,5.4199,0.17104,0,0,0,0,0,0,0,0,1,1.5155,0.90839,-0.51119,0,0,0,0,0,10,0.10189,4.3825e-07,9999,-1,634.77,5.4199,0.17104,1.5155,0.90839,-0.51119,-0,0.069984,1.5155,1,0.90839,-0.20951,1,0.0026303,0.39665,0,0,0,0,0,0,0,0
0,0,0,0,0,0,0,0,1.0682,0.93317,-0.69747,1,-0.9999,0.94829,0.92601,1,0,0,1.2233,999,999,999,0.17258,1.1716,0.33845,0.8105,0.13404,1.2103e-06,9999,0,-1,0,21.289,0.0874,0,0,0,0,0,0,0,0,1,999,999,999,0,0,0,0,0,10,0.16874,0.9999,9999,-1,5234.4,28.516,0.17258,1.0682,0.80801,-0.22971,-22,0.022032,1.0682,1,0.80801,0.45002,1,0.94829,0.53742,0,0,0,0,0,0,0,1
1.2301,0.1351,0.063938,-1,0,0,0,0,0.5303,0,-0.84422,1,-0.9993,-0.073207,-0.067979,0,0,0,1.6348,-1.0051,0.95975,-0.063912,0.45264,1.1714,1.2683,0.58598,0.12165,4.2495e-07,9999,1,1,751.95,6.8359,0.1634,0,0,0,0,0,0,0,0,1,1.2301,0.94262,-0.35606,0,0,0,0,0,10,0.12165,4.2495e-07,9999,1,751.95,6.8359,0.1634,1.2301,0.94262,-0.35606,0,0.00046028,1.2301,-1,0.94262,0.56556,-1,-0.9993,-0.38247,0,0,0,0,0,0,0,0
0,0,0,0,0,0,0,0,1.5039,0.051386,0.39095,-1,-0.9609,-0.83534,3.4088e-07,0,0,0,1.6219,-1.5039,0.96806,-0.55361,0.87134,2.0785,0.098464,0.96953,0.13434,3.4088e-07,9999,1,1,2011.7,14.844,0.098464,0,0,0,0,0,0,0,0,1,1.5039,0.96806,-0.93934,0,0,0,0,0,10,0.13434,3.4088e-07,9999,1,2011.7,14.844,0.098464,1.5039,0.96806,-0.93934,2,0.018567,1.5039,-1,0.96806,0.68508,-1,-0.9609,-0.84735,0,0,0,0,0,0,0,0
0,0,0,0,0,0,0,0,0.63795,1.0168,-0.78416,-1,0.97377,-0.07536,-0.032782,0,0,0,1.244,999,999,999,0.7513,1.1288,0.643,0.87186,0.17065,8.4694e-07,9999,1,-1,415.04,3.6133,0.28932,0,0,0,0,0,0,0,0,1,0.6924,0.90753,-0.80739,0,0,0,0,0,10,0.17065,8.4694e-07,9999,-1,415.04,3.6133,0.28932,0.6924,0.90753,-0.80739,-5,0.017152,0.78864,-1,0.92789,-0.80739,1,0.97377,0.40179,0,0,0,0,0,0,0,1
0.39462,0.22307,-0.098949,1,0,0,0,0,0.51011,0.22307,-0.59216,-1,-0.97447,0.0003469,5.1378e-06,1,0,0,0.66403,999,999,999,0.69492,0.5802,0.34095,0.32873,0.071006,1.3334e-06,9999,0,-1,0,7.3242,0.14925,0,0,0,0,0,0,0,0,1,999,999,999,0,0,0,0,0,0,0,0,0,0,0,0,0,0,0,0,0,0.011931,0.51011,-1,0.77916,0.19582,1,5.1378e-06,0.59768,0.39462,0.22307,-0.098949,1,1,0.035683,0.47684,0
0,0,0,0,0,0,0,0,0.58965,1.3022,-0.8433,-1,0.00033437,-0.00024435,-0.00011042,5,1,0.50106,0.8399,999,999,999,0.31612,0.27156,0.8277,0,0,0,0,0,0,0,0,0,0,0,0,0,0,0,0,0,0,0,0,0,0,0,0,0,0,0,0,0,0,0,0,0,0,0,0,0,0,0.023365,0.58965,-1,0.95582,0,0,0,0,0,0,0,0,0,0,0,0
0,0,0,0,0,0,0,0,0.69157,0.35902,-0.65538,-1,-0.99977,0.00018172,-6.0048e-06,1,1,0.49915,0.6554,999,999,999,0.41091,1.0009,0.35305,0.9064,0.20523,1.4119e-06,9999,0,1,742.19,3.2715,0.35044,0,0,0,0,0,0,0,0,1,0.69157,0.93482,-0.99723,0,0,0,0,0,10,0.20523,1.4119e-06,9999,1,742.19,3.2715,0.35044,0.69157,0.93482,-0.99723,14,0.0063318,0.69157,-1,0.93482,-0.99723,-1,-0.99977,-0.18325,0,0,0,0,0,0,0,1
0,0,0,0,0.6148,0,0.096617,1,0.97379,0.081061,-0.79174,1,0.056267,-0.007502,0.0024528,1,0,0,1.0801,0.6148,0.85112,-0.68121,1.2306,0.64454,0.90144,0,0,0,0,0,0,0,0,0,0,0,0,0,0,0,0,0,0,0,0,0,0,0,0,0,0,0,0,0,0,0,0,0,0,0,0,0,0,0.0041501,0.97379,1,0.96267,0,0,0,0,0,0,0,0,0,0,0,1
0,0,0,0,0,0,0,0,0.96071,0.57004,-0.92886,1,-0.99922,0.11951,1.275e-05,0,0,0,0.80158,999,999,999,0.36802,1.5299,0.41588,0.71562,0.14385,5.3131e-07,9999,1,1,585.94,4.1504,0.21319,0,0,0,0,0,0,0,0,1,999,999,999,0,0,0,0,0,10,0.21205,7.5073e-07,9999,-1,498.05,3.6133,0.27215,0.96071,0.87451,-0.01005,-0,0.033954,0.96071,1,0.87451,0.81117,-1,-0.99922,-0.32501,0,0,0,0,0,0,0,0
0,0,0,0,0,0,0,0,1.7192,1.0485,0.7063,-1,-0.74627,-0.00053644,0.00014254,1,0,0,1.6044,-0.87046,-0.975,-0.9692,2.7489,0.6862,0.73921,0,0,0,0,0,0,0,0,0,0,0,0,0,0,0,0,0,0,0,0,0,0,0,0,0,0,0,0,0,0,0,0,0,0,0,0,0,0,0.0001988,1.7192,-1,0.94831,0,0,0,0,0,0,0,0,0,0,0,0
0,0,0,0,0,0,0,0,0.66327,1.397,-0.99791,1,-0.99535,0.00019067,7.5829e-05,1,0,0,0.82203,999,999,999,0.42615,0.52785,0.63941,0,0,0,0,0,0,0,0,0,0,0,0,0,0,0,0,0,0,0,0,0,0,0,0,0,0,0,0,0,0,0,0,0,0,0,0,0,0,0.012459,0.65974,1,0.92484,0,0,0,0,0,0,0,0,0,0,0,0
0.32449,0.2652,-0.31873,-1,0,0,0,0,0.60337,0.097363,-0.32689,-1,-3.8589e-05,-1.999e-05,-5.6128e-06,0,0,0,0.78105,-0.52605,0.51938,-0.32437,0.54372,0.45989,0.34778,0,0,0,0,0,0,0,0,0,0,0,0,0,0,0,0,0,0,0,0,0,0,0,0,0,0,0,0,0,0,0,0,0,0,0,0,0,0,0.0061613,0.60337,-1,0.96206,0,0,0,0,0.32449,0.2652,-0.31873,-1,1,0.047023,0.45158,1
0,0,0,0,0,0,0,0,0.53329,0.49062,0.8639,-1,-0.00026241,3.1515e-06,1.2335e-06,1,0,0,0.55376,999,999,999,0.74676,0.30392,0.067665,0.2498,0.11639,1.2335e-06,9999,0,1,0,46.484,0.067665,0,0,0,0,0,0,0,0,1,0.53329,0.99428,-0.1649,0,0,0,0,0,10,0.11639,1.2335e-06,9999,1,0,46.484,0.067665,0.53329,0.99428,-0.1649,5,0.011122,0.53329,-1,0.99428,-0.1649,-1,-0.00026241,-0.30072,0,0,0,0,0,0,0,0
0,0,0,0,0,0,0,0,0.60572,0.097961,-0.31234,-1,-0.00010031,-1.6544e-05,3.3357e-06,0,0,0,0.73568,999,999,999,0.70159,0.4405,0.30819,0,0,0,0,0,0,0,0,0,0,0,0,0,0,0,0,0,0,0,0,0,0,0,0,0,0,0,0,0,0,0,0,0,0,0,0,0,0,0.029948,0.60572,-1,0.87146,0,0,0,0,0,0,0,0,0,0,0,0
0,0,0,0,0,0,0,0,1.423,1.571,-0.27729,1,0.9488,-0.13522,0.028777,2,1,0.50176,1.7253,1.423,-0.97637,-0.96355,1.2545,0.80694,1.3268,0.98421,0.1256,5.1294e-07,9999,1,-1,561.52,5.127,0.20611,0,0,0,0,0,0,0,0,1,1.423,0.97637,-0.99288,0,0,0,0,0,10,0.1256,5.1294e-07,9999,-1,561.52,5.127,0.20611,1.423,0.97637,-0.99288,-2,0.014795,1.423,1,0.97637,0.97995,1,0.9488,0.8806,0,0,0,0,0,0,0,1
1.8222,0.48964,-0.70993,1,0,0,0,0,0.14219,1.2988,-0.86279,-1,0.13112,4.7652e-05,-1.5385e-05,1,0,0,1.8136,1.8222,0.94736,-0.38976,0.19351,1.7924,0.43342,0.83992,0.14219,1.7273e-06,9999,1,-1,0,5.0293,0.20166,0,0,0,0,0,0,0,0,1,999,999,999,0,0,0,0,0,0,0,0,0,0,0,0,0,0,0,0,0,0.021325,1.8222,1,0.94736,0.74587,1,4.7652e-05,0.53778,0,0,0,0,0,0,0,1
0,0,0,0,0,0,0,0,0.59241,0.37305,0.022261,-1,-0.10386,0.00017457,-9.6945e-05,1,0,0,1.2356,-0.59241,-0.7514,-0.76451,0.89114,0.56704,0.71501,0,0,0,0,0,0,0,0,0,0,0,0,0,0,0,0,0,0,0,0,0,0,0,0,0,0,0,0,0,0,0,0,0,0,0,0,0,0,0.0018469,0.84148,-1,0.86484,0,0,0,0,0,0,0,0,0,0,0,0
0,0,0,0,0.52811,1.7301,-0.99762,1,1.2767,0.92138,-0.85617,-1,0.99594,-0.068396,0.015399,2,1,0.49573,1.4039,0.52811,0.92154,-0.19348,0.57859,1.7431,0.83138,0.96945,0.2417,4.5881e-06,9999,1,-1,395.51,4.1992,0.33229,0,0,0,0,0,0,0,0,1,0.55394,0.25411,-0.041819,0,0,0,0,0,10,0.2417,4.5881e-06,9999,-1,395.51,4.1992,0.33229,0.55394,0.25411,-0.041819,-0,0.0051226,0.55394,1,0.25411,-0.041819,1,0.99594,0.094703,0,0,0,0,0,0,0,1
0,0,0,0,0.41548,0,-0.32217,1,0.42299,0,-0.67741,-1,0.0084399,-1.1021e-05,0,0,0,0,0.4765,999,999,999,0.66479,0.40292,0,0,0,0,0,0,0,0,0,0,0,0,0,0,0,0,0,0,0,0,0,0,0,0,0,0,0,0,0,0,0,0,0,0,0,0,0,0,0,0,0,0,0,0,0,0,0,0,0,0,0,0,0,0,0
0,0,0,0,0,0,0,0,0.63288,1.4547,-0.93578,1,0.0033067,1.5943e-05,-1.5519e-05,2,0,0,0.68383,0.63288,-0.74179,-0.50711,0.50481,0.43688,0.4332,0.53394,0.12862,4.2238e-07,9999,1,1,712.89,6.6406,0.16186,0,0,0,0,0,0,0,0,1,999,999,999,0,0,0,0,0,0,0,0,0,0,0,0,0,0,0,0,0,0.011897,0.63288,1,0.74179,0.46645,1,1.5943e-05,0.018183,0,0,0,0,0,0,0,0
0,0,0,0,0,0,0,0,0.2448,0,0.61112,-1,-4.2889e-05,-1.5325e-05,1.41e-05,1,0,0,0.72202,999,999,999,0.56205,0.39699,0.42516,0.57186,0.14515,3.6941e-07,9999,1,1,1044.9,7.6172,0.12458,0,0,0,0,0,0,0,0,1,0.69885,0.96541,-0.33974,0,0,0,0,0,10,0.2448,1.5325e-05,9999,-1,0,3.7598,0.39699,0.54576,0.41429,-0.0060072,-0,0.0090443,0.69885,-1,0.96541,-0.0060072,1,1.41e-05,0.00036585,0,0,0,0,0,0,0,1
1.59,0.11462,-0.076422,-1,0,0,0,0,1.2701,0.065369,0.096181,1,0.043092,-0.0067018,0,0,0,0,2.0269,999,999,999,1.5055,1.7368,0,0,0,0,0,0,0,0,0,0,0,0,0,0,0,0,0,0,0,0,0,0,0,0,0,0,0,0,0,0,0,0,0,0,0,0,0,0,0,0.0041655,1.59,-1,0.96408,0,0,0,0,0,0,0,0,0,0,0,0
0,0,0,0,0,0,0,0,0.49953,1.0163,-0.96737,1,0.0036915,-1.0652e-05,4.7405e-07,0,0,0,0.56521,999,999,999,0.80439,0.50756,0.1893,0.8699,0.1161,4.7405e-07,9999,1,1,615.23,3.5156,0.1893,0,0,0,0,0,0,0,0,1,999,999,999,0,0,0,0,0,0,0,0,0,0,0,0,0,0,0,0,0,0,0,0,0,0.79404,-1,-1.0652e-05,-0.69424,0,0,0,0,0,0,0,1
0,0,0,0,0,0,0,0,0.18758,0.71759,-0.019332,1,0.99809,0.4439,-8.7441e-05,2,0,0,0.53709,999,999,999,0.39742,0.73734,0.64972,0.82298,0.12859,1.2239e-06,9999,1,1,0,3.3203,0.073142,0,0,0,0,0,0,0,0,1,999,999,999,0,0,0,0,0,0,0,0,0,0,0,0,0,0,0,0,0,0,0,0,0,-0.71367,1,0.99809,0.021605,0,0,0,0,0,0,0,0
1.6191,0.075419,8.2026e-05,1,0,0,0,0,1.2679,0.15518,0.18962,-1,-0.0057586,0.0016875,0,0,0,0,1.9002,999,999,999,1.7824,1.5825,0,0,0,0,0,0,0,0,0,0,0,0,0,0,0,0,0,0,0,0,0,0,0,0,0,0,0,0,0,0,0,0,0,0,0,0,0,0,0,0.021073,1.6191,1,0.95493,0,0,0,0,0,0,0,0,0,0,0,1
0,0,0,0,0,0,0,0,1.1604,0.29953,-0.54019,1,0.14389,0.0097376,0.00013262,3,0,0,1.3391,0.73439,0.68075,-0.77211,1.052,0.79642,0.88979,0.94939,0.20581,9.3586e-07,9999,0,-1,493.16,3.3203,0.30256,0,0,0,0,0,0,0,0,1,1.1604,0.99089,-0.90682,0,0,0,0,0,10,0.20581,9.3586e-07,9999,-1,493.16,3.3203,0.30256,1.1604,0.99089,-0.90682,-0,0.018932,1.1604,1,0.99089,0.65778,1,0.0097376,0.37935,0,0,0,0,0,0,0,0
0,0,0,0,0,0,0,0,0.28305,0.75753,-0.95409,-1,-3.9876e-06,-7.0659e-07,5.8551e-07,2,1,0.50068,0.39858,999,999,999,0.32164,0.26296,0.23154,0.91366,0.14885,5.8551e-07,9999,0,1,576.17,5.2734,0.23154,0,1,0,0,0,0,0,0,1,999,999,999,0,0,0,0,0,0,0,0,0,0,0,0,0,0,0,0,0,0,0,0,0,0.54354,-1,-3.9876e-06,-0.67581,0,0,0,0,0,0,0,1
0,0,0,0,0,0,0,0,1.0912,1.3611,-0.39348,1,0.017397,-0.00015033,-7.8886e-05,1,0,0,1.6924,999,999,999,1.4486,0.9896,0.57602,0.74116,0.16812,3.9025e-07,9999,0,-1,947.27,7.7148,0.14067,0,0,0,0,0,0,0,0,1,999,999,999,0,0,0,0,0,0,0,0,0,0,0,0,0,0,0,0,0,0.030588,1.0912,1,0.98051,0.6011,1,0.017397,0.16133,0,0,0,0,0,0,0,1
0,0,0,0,0,0,0,0,0.45007,1.4285,-0.73762,1,-0.00056612,8.8485e-05,-6.0937e-05,1,0,0,0.7712,999,999,999,0.54406,0.65348,0.63588,0.94384,0.15963,5.039e-07,9999,1,1,683.59,4.0039,0.20244,0,0,0,0,0,0,0,0,1,999,999,999,0,0,0,0,0,0,0,0,0,0,0,0,0,0,0,0,0,0,0,0,0,-0.11301,-1,-4.9172e-06,-0.72704,0,0,0,0,0,0,0,0
0,0,0,0,0,0,0,0,0.91425,0,0.75148,1,0.016975,-0.0028427,0.00030273,1,1,0.49794,1.0567,0.55698,-0.30875,-0.078288,1.2027,0.52338,0.58708,0,0,0,0,0,0,0,0,0,0,0,0,0,0,0,0,0,0,0,0,0,0,0,0,0,0,0,0,0,0,0,0,0,0,0,0,0,0,0.09864,0.91425,1,0.76933,0,0,0,0,0,0,0,0,0,0,0,1
0,0,0,0,0,0,0,0,0.43135,0.67761,-0.50818,-1,-4.4962e-05,1.5504e-06,0,0,0,0,0.41458,999,999,999,0.57059,0.18341,0,0.72792,0.10536,1.5504e-06,9999,1,1,0,7.0312,0.18341,0,0,0,0,0,0,0,0,1,999,999,999,0,0,0,0,0,0,0,0,0,0,0,0,0,0,0,0,0,0,0,0,0,0.93243,-1,-4.4962e-05,-0.61147,0,0,0,0,0,0,0,1
0.31187,0.95835,-0.78027,1,0,0,0,0,1.5247,0.89508,-0.73514,-1,-0.3058,-0.056032,0.0074563,2,1,0.49808,1.3752,-0.88075,0.60436,-0.22382,2.4158,1.1628,0.4825,0.72047,0.17942,7.0964e-07,9999,0,1,561.52,4.834,0.26363,0,1,0,0,0,0,0,0,1,999,999,999,0,0,0,0,0,0,0,0,0,0,0,0,0,0,0,0,0,0.0007288,1.5247,-1,0.63828,0.55809,-1,-0.3058,-0.076976,0.31187,0.95835,-0.78027,1,1,0.072851,0.79037,1
0,0,0,0,0,0,0,0,0.85474,0,-0.97933,1,0.0002583,-2.6284e-06,0,0,0,0,0.90964,999,999,999,0.99643,0.29029,0,0,0,0,0,0,0,0,0,0,0,0,0,0,0,0,0,0,0,0,0,0,0,0,0,0,0,0,0,0,0,0,0,0,0,0,0,0,0,0.0078154,0.85474,1,0.97933,0,0,0,0,0,0,0,0,0,0,0,0
0.6169,0.26737,-0.46659,1,0.69448,0.10952,-0.2683,-1,0,0,0,0,-0.046169,-0.026991,0.009964,3,1,0.49817,0.5329,999,999,999,0.78778,1.0967,0.9047,0,0,0,0,0,0,0,0,0,0,0,0,0,0,0,0,0,0,0,0,0,0,0,0,0,0,0,0,0,0,0,0,0,0,0,0,0,0,0.044413,0.69448,-1,0.95839,0,0,0,0,0.6169,0.26737,-0.46659,1,1,0.047813,0.69239,1
0,0,0,0,0,0,0,0,0.59037,1.6645,-0.75774,1,0.0056561,2.4665e-05,-1.1915e-05,3,1,0.4993,0.76321,999,999,999,0.92529,0.4834,0.4098,0.92912,0.11268,3.3849e-07,9999,0,-1,234.38,4.3945,0.096011,0,0,0,0,0,0,0,0,1,0.59037,0.4727,-0.49973,0,0,0,0,0,10,0.11268,3.3849e-07,9999,-1,234.38,4.3945,0.096011,0.59037,0.4727,-0.49973,-21,0.0058236,0.59037,1,0.4727,0.037083,1,5.7161e-06,0.78725,0,0,0,0,0,0,0,1
0,0,0,0,0,0,0,0,2.0739,0.29749,-0.93074,1,0.71623,0.0011968,-1.2463e-06,0,0,0,1.975,2.0739,-0.96559,-0.84398,1.7779,1.8166,0.12399,0.97409,0.055386,1.2463e-06,9999,1,-1,0,6.6406,0.12399,0,0,0,0,0,0,0,0,1,2.0739,0.96559,-0.99783,0,0,0,0,0,10,0.055386,1.2463e-06,9999,-1,0,6.6406,0.12399,2.0739,0.96559,-0.99783,-2,0.0097974,2.0739,1,0.96559,0.86851,1,0.71623,0.85437,0,0,0,0,0,0,0,1
0,0,0,0,0,0,0,0,0.51658,0,-0.62724,1,0.68718,-3.6041e-07,0,0,0,0,0.49254,999,999,999,0.7753,0.11691,0,0.54664,0.15508,3.6041e-07,9999,1,-1,908.2,7.0312,0.11691,0,0,0,0,0,0,0,0,1,0.51658,0.99596,-0.47422,0,0,0,0,0,10,0.15508,3.6041e-07,9999,-1,908.2,7.0312,0.11691,0.51658,0.99596,-0.47422,-0,0.0075294,0.51658,1,0.99596,-0.47422,1,0.68718,0.11259,0,0,0,0,0,0,0,1
0.93399,0.21858,-0.084095,-1,0,0,0,0,0.50291,0.19971,-0.90702,1,-0.053283,1.5913e-05,0,1,0,0,0.68203,999,999,999,1.506,0.43669,0,0,0,0,0,0,0,0,0,0,0,0,0,0,0,0,0,0,0,0,0,0,0,0,0,0,0,0,0,0,0,0,0,0,0,0,0,0,0,0.0344,0.50291,1,0.52746,0,0,0,0,0.93399,0.21858,-0.084095,-1,1,0.20832,0.76926,0
1.0782,0.20762,0.24521,-1,1.2697,0.71882,-0.66734,1,0.1721,1.2858,-0.33864,1,0.9988,-0.1459,0.01044,1,0,0,1.6238,999,999,999,0.4113,1.0292,1.589,0.98083,0.1537,4.238e-07,9999,1,-1,781.25,4.541,0.16272,0,0,0,0,0,0,0,0,1,1.2697,0.98195,-0.99574,0,0,0,0,0,10,0.1537,4.238e-07,9999,-1,781.25,4.541,0.16272,1.2697,0.98195,-0.99574,-2,0.028458,1.2697,1,0.98195,-0.91096,1,0.9988,0.85393,0,0,0,0,0,0,0,1
0,0,0,0,0,0,0,0,0.39914,0.49128,-0.15414,-1,0.99997,-0.99661,-2.7042e-05,0,0,0,0.64762,999,999,999,0.27793,0.45521,0.49445,0.77114,0.22494,1.7929e-06,9999,0,1,527.34,3.8086,0.26131,0,0,0,0,0,0,0,0,1,999,999,999,0,0,0,0,0,0,0,0,0,0,0,0,0,0,0,0,0,0,0,0,0,0.15165,1,0.99997,0.0042458,0,0,0,0,0,0,0,1
0,0,0,0,0,0,0,0,0.43556,2.5522,-0.72387,-1,0.9678,0.00011669,4.4463e-05,2,0,0,0.92391,999,999,999,0.50807,0.77177,0.56707,0.087677,0.075642,1.3183e-06,9999,0,-1,0,1.4282,0.040875,0,0,0,0,0,0,0,0,1,999,999,999,0,0,0,0,0,0,0,0,0,0,0,0,0,0,0,0,0,0.020907,0.58178,1,0.77346,0.28078,1,0.9678,0.57207,0,0,0,0,0,0,0,1
0,0,0,0,0,0,0,0,1.0766,1.0818,-0.93829,-1,-0.97943,-0.64132,0.0073873,2,0,0,1.0328,-1.0766,-0.98389,-0.49355,0.80766,0.65739,1.1905,0,0,0,0,0,0,0,0,0,0,0,0,0,0,0,0,0,0,0,0,0,0,0,0,0,0,0,0,0,0,0,0,0,0,0,0,0,0,0.011082,1.0766,-1,0.98389,0,0,0,0,0,0,0,0,0,0,0,0
0,0,0,0,0,0,0,0,0.93248,0.15079,0.40509,1,0.034283,2.5684e-05,-1.7961e-05,0,0,0,1.0731,0.55177,-0.88977,-0.99133,1.2585,0.5613,0.44874,0,0,0,0,0,0,0,0,0,0,0,0,0,0,0,0,0,0,0,0,0,0,0,0,0,0,0,0,0,0,0,0,0,0,0,0,0,0,0.030294,0.93248,1,0.94201,0,0,0,0,0,0,0,0,0,0,0,1
0,0,0,0,0,0,0,0,1.2473,1.6103,-0.76479,1,0.99924,0.31258,-0.00090614,2,1,0.50076,0.90068,1.2473,-0.82794,-0.11801,0.39379,1.0407,0.39971,0.6514,0.11344,4.1458e-07,9999,1,1,771.48,6.3477,0.15706,0,1,0,0,0,0,0,0,1,999,999,999,0,0,0,0,0,0,0,0,0,0,0,0,0,0,0,0,0,0.011052,1.2473,1,0.82794,0.72915,-1,-0.00090614,-0.50286,0,0,0,0,0,0,0,1
0,0,0,0,0,0,0,0,0.08538,1.1608,-0.74217,-1,-1.3888e-06,-6.323e-07,4.7412e-07,1,0,0,0.34395,999,999,999,0.16016,0.24498,0.18933,0.96621,0.08538,1.3888e-06,9999,1,-1,0,5.7617,0.16016,0,0,0,0,0,0,0,0,1,999,999,999,0,0,0,0,0,0,0,0,0,0,0,0,0,0,0,0,0,0,0,0,0,-0.82492,-1,-1.3888e-06,-0.611,0,0,0,0,0,0,0,0
0,0,0,0,0,0,0,0,0.73362,1.0915,-0.77344,-1,-0.95187,0.0032514,2.2028e-05,1,0,0,1.0079,999,999,999,1.1035,0.68461,0.47042,0.25503,0.2055,4.8207e-07,9999,0,-1,625,3.5156,0.19299,0,0,0,0,0,0,0,0,1,0.56878,0.5335,-0.45334,0,0,0,0,0,10,0.2055,4.8207e-07,9999,-1,625,3.5156,0.19299,0.56878,0.5335,-0.45334,-11,0.033871,0.73362,-1,0.99504,-0.17799,1,2.2028e-05,0.0011693,0,0,0,0,0,0,0,1
0,0,0,0,0,0,0,0,1.0072,0.9439,-0.87382,-1,-0.070978,0.0082036,3.8515e-05,0,0,0,1.3935,999,999,999,1.2266,0.90388,0.54295,0,0,0,0,0,0,0,0,0,0,0,0,0,0,0,0,0,0,0,0,0,0,0,0,0,0,0,0,0,0,0,0,0,0,0,0,0,0,0.0010274,1.0072,-1,0.96306,0,0,0,0,0,0,0,0,0,0,0,1
0,0,0,0,0,0,0,0,0.89355,0.63209,0.72409,1,0.87324,0.057528,-0.00017427,2,1,0.49289,1.0549,0.89355,0.99349,-0.97845,0.57937,1.3236,0.16198,0.84011,0.13273,3.8367e-07,9999,1,1,878.91,7.6172,0.13582,0,0,0,0,0,0,0,0,1,999,999,999,0,0,0,0,0,10,0.15346,4.5531e-07,9999,1,620.12,5.9082,0.18012,0.5208,0.87594,-0.6756,0,0.0117,0.61996,1,0.96079,0.47602,-1,-1.1287e-05,-0.59064,0,0,0,0,0,0,0,1
0,0,0,0,0,0,0,0,0.88013,0.73158,-0.27887,1,0.99756,0.013816,0.00019323,1,1,0.49366,0.78055,0.54878,0.84297,-0.65462,0.5336,0.78999,0.22066,0.082702,0.13714,0.00019323,9999,0,1,605.47,0,0.22066,0,1,0,0,0,0,0,0,1,999,999,999,0,0,0,0,0,10,0.15975,7.4862e-07,9999,-1,644.53,4.1992,0.27173,0.88013,0.56856,-0.32973,-0,0.0070695,0.88013,1,0.56856,-0.32973,1,0.99756,0.093987,0,0,0,0,0,0,0,1
0,0,0,0,0,0,0,0,0.81133,0.64458,-0.02704,1,-0.99655,4.839e-05,-3.9627e-07,0,0,0,0.71522,999,999,999,0.56298,0.58397,0.14495,0.56439,0.11268,3.9627e-07,9999,1,-1,810.55,6.7383,0.14495,0,0,0,0,0,0,0,0,1,0.81133,0.55882,-0.37213,0,0,0,0,0,10,0.11268,3.9627e-07,9999,-1,810.55,6.7383,0.14495,0.81133,0.55882,-0.37213,-4,0.0073846,0.81133,1,0.55882,-0.37213,1,4.839e-05,0.44075,0,0,0,0,0,0,0,0
0,0,0,0,0,0,0,0,0.74646,1.0902,-0.42302,-1,-0.95114,-0.00020095,9.227e-06,0,0,0,0.76066,999,999,999,1.1569,0.23166,0.38773,0.73004,0.18495,0.00020095,9999,1,-1,581.05,0,0.23166,0,0,0,0,0,0,0,0,1,999,999,999,0,0,0,0,0,0,0,0,0,0,0,0,0,0,0,0,0,0.025272,0.74646,-1,0.46569,0.95601,1,9.227e-06,0.059833,0,0,0,0,0,0,0,0
0,0,0,0,0,0,0,0,2.1634,0.18365,-0.93725,1,0.89684,0.0065579,-0.00070677,0,0,0,2.3829,2.1634,0.99953,-0.94821,1.2013,3.023,0.78453,0.50012,0.24909,4.5147e-06,9999,1,-1,498.05,3.3691,0.33106,0,0,0,0,0,0,0,0,1,2.1634,0.99953,-0.50368,0,0,0,0,0,10,0.24909,4.5147e-06,9999,-1,498.05,3.3691,0.33106,2.1634,0.99953,-0.50368,-0,0.00043197,2.1634,1,0.99953,0.65314,1,0.89684,9.4483e-05,0,0,0,0,0,0,0,1
0,0,0,0,0,0,0,0,1.3309,1.4486,-0.36513,-1,-0.010399,0.0061884,-3.0583e-05,0,0,0,1.6636,-0.54447,-0.96464,-0.89428,1.6428,1.2595,0.50008,0.92933,0.098748,1.2921e-06,9999,1,1,0,7.1289,0.1392,0,0,0,0,0,0,0,0,1,0.54447,0.96464,-0.81163,0,0,0,0,0,10,0.098748,1.2921e-06,9999,1,0,7.1289,0.1392,0.54447,0.96464,-0.81163,2,0.0099598,1.3309,-1,0.84889,0.61639,-1,-0.010399,-0.79753,0,0,0,0,0,0,0,0
0,0,0,0,0,0,0,0,0.87115,0.31196,-0.78713,-1,-0.962,-0.036234,0.00034366,0,0,0,0.99083,-0.52787,0.38649,-0.19222,1.3905,1.3854,0.58577,0.97248,0.10264,4.4879e-07,9999,1,1,1064.5,6.1523,0.17674,0,0,0,0,0,0,0,0,1,999,999,999,0,0,0,0,0,10,0.20874,5.3556e-07,9999,-1,566.41,4.3457,0.21476,0.54181,0.81832,-0.71381,-6,0.027555,0.87115,-1,0.82697,0.93473,-1,-0.962,-0.86249,0,0,0,0,0,0,0,0
0,0,0,0,0,0,0,0,1.1353,1.3611,0.04741,1,0.99996,0.98988,-0.96507,0,0,0,1.5707,1.1353,0.98408,-0.86098,0.2742,0.66281,0.51181,0.84445,0.236,0.99996,9999,1,1,1875,16.211,0.2742,0,0,0,0,0,0,0,0,1,999,999,999,0,0,0,0,0,0,0,0,0,0,0,0,0,0,0,0,0,0.010744,1.1353,1,0.98408,0.69124,-1,-0.96507,-3.3067e-06,0,0,0,0,0,0,0,1
0,0,0,0,1.6272,0,-0.89595,-1,0.60027,0.38178,0.46709,1,-0.00014768,-2.2036e-06,1.6972e-06,1,0,0,1.3799,999,999,999,2.3415,0.23473,0.36859,0.70879,0.22197,2.2036e-06,9999,1,-1,0,3.8086,0.23473,0,0,0,0,0,0,0,0,1,999,999,999,0,0,0,0,0,0,0,0,0,0,0,0,0,0,0,0,0,0.0086122,1.6272,-1,0.97876,0.51156,1,1.6972e-06,0.0026408,0,0,0,0,0,0,0,0
0,0,0,0,0,0,0,0,0.63034,1.2998,-0.85501,1,0.00061476,0.0005108,-0.00018813,3,0,0,0.84367,999,999,999,0.49759,0.9212,0.21187,0.90319,0.096813,3.5859e-07,9999,1,-1,1269.5,8.6914,0.11529,1,0,0.99755,1.2411,-1.9955,0.087483,0.12664,0.0719,1,999,999,999,0,0,0,0,0,10,0.21779,1.348e-06,9999,-1,493.16,3.418,0.34518,0.63034,0.86539,-0.15369,-5,0.02908,0.63034,1,0.86539,0.99968,1,0.00017685,0.76583,0,0,0,0,0,0,0,1
0,0,0,0,0,0,0,0,0.81924,1.058,-0.37466,1,0.0062796,-5.3891e-07,-4.7327e-07,0,0,0,0.84657,999,999,999,0.90879,0.21598,0.18893,0.98322,0.22934,5.3891e-07,9999,1,-1,664.06,4.6875,0.21598,0,0,0,0,0,0,0,0,1,999,999,999,0,0,0,0,0,0,0,0,0,0,0,0,0,0,0,0,0,0.016739,0.81924,1,0.9075,0.90859,1,0.0062796,0.29514,0,0,0,0,0,0,0,0
0.25176,2.3621,0.35032,-1,0,0,0,0,1.0045,0.67068,-0.69764,1,0.99139,-0.87342,0.051487,1,0,0,1.4046,1.0045,-0.81357,-0.85506,0.62504,1.0948,1.1973,0,0,0,0,0,0,0,0,0,0,0,0,0,0,0,0,0,0,0,0,0,0,0,0,0,0,0,0,0,0,0,0,0,0,0,0,0,0,0.0060575,1.0045,1,0.81357,0,0,0,0,0.25176,2.3621,0.35032,-1,1,0.074343,0.38849,1
0,0,0,0,0,0,0,0,1.1949,1.29,-0.98334,1,0.0041216,0.0004505,-4.2003e-05,2,0,0,1.4454,999,999,999,1.613,0.94747,0.5564,0.92159,0.22101,1.2494e-06,9999,0,-1,517.58,4.0039,0.33694,0,0,0,0,0,0,0,0,1,999,999,999,0,0,0,0,0,10,0.21021,9.0574e-07,9999,-1,522.46,4.0039,0.29832,0.65037,0.99485,-0.45492,-0,0.0032585,0.65037,1,0.99485,0.95563,1,0.0004505,0.10145,0,0,0,0,0,0,0,0
0,0,0,0,0,0,0,0,0.84723,1.8372,-0.28442,-1,0.98255,-0.00021641,8.1653e-06,0,0,0,1.0157,999,999,999,0.83004,0.76224,0.37761,0,0,0,0,0,0,0,0,0,0,0,0,0,0,0,0,0,0,0,0,0,0,0,0,0,0,0,0,0,0,0,0,0,0,0,0,0,0,0.0016969,0.84723,-1,0.93968,0,0,0,0,0,0,0,0,0,0,0,1
0.36427,1.6313,-0.21102,1,0,0,0,0,2.3531,0.93337,-0.94924,1,0.77368,0.010678,4.7827e-05,0,0,0,2.4407,999,999,999,2.6619,0.53494,0.58183,0.67849,0.055621,1.2134e-06,9999,1,-1,0,3.4668,0.10318,1,0,-0.33456,0.27065,-0.18729,0.50214,0.042048,1.1677,1,999,999,999,0,0,0,0,0,0,0,0,0,0,0,0,0,0,0,0,0,0.00085216,2.3531,1,0.94826,0.42232,1,0.77368,0.77664,0.36427,1.6313,-0.21102,1,1,0.027072,0.50453,0
0,0,0,0,0,0,0,0,0.59501,0.092507,-0.86412,-1,8.024e-05,-4.1611e-05,-1.0946e-05,0,0,0,0.99975,999,999,999,0.69393,0.55475,0.40232,0.99757,0.16129,4.4667e-07,9999,1,-1,693.36,6.25,0.17561,0,0,0,0,0,0,0,0,1,999,999,999,0,0,0,0,0,0,0,0,0,0,0,0,0,0,0,0,0,0.010183,0.5978,1,0.84926,0.91596,1,2.4621e-06,0.88618,0,0,0,0,0,0,0,0
0,0,0,0,0,0,0,0,2.1251,0.30351,-0.97264,1,0.0086172,-7.5751e-05,1.2799e-06,0,0,0,1.7981,999,999,999,1.7667,0.69358,0.1357,0.4566,0.1263,1.2799e-06,9999,1,1,0,2.4902,0.1357,0,0,0,0,0,0,0,0,1,999,999,999,0,0,0,0,0,0,0,0,0,0,0,0,0,0,0,0,0,0.0049455,2.1251,1,0.99887,0.38292,-1,-7.5751e-05,-0.27744,0,0,0,0,0,0,0,1
0,0,0,0,0,0,0,0,0.56816,0.1047,-0.56242,-1,-7.5084e-06,2.8182e-06,1.2877e-06,1,0,0,0.42438,999,999,999,0.37079,0.29572,0.13795,0.94866,0.15179,1.2877e-06,9999,0,1,0,7.0312,0.13795,0,0,0,0,0,0,0,0,1,999,999,999,0,0,0,0,0,0,0,0,0,0,0,0,0,0,0,0,0,0.018408,0.56816,-1,0.71005,0.60484,-1,-7.5084e-06,-0.76741,0,0,0,0,0,0,0,1
1.2436,0,-0.69693,-1,0,0,0,0,0,0,0,0,0.27295,-0.012804,0,0,0,0,1.3802,999,999,999,0.79909,1.367,0,0,0,0,0,0,0,0,0,0,0,0,0,0,0,0,0,0,0,0,0,0,0,0,0,0,0,0,0,0,0,0,0,0,0,0,0,0,0,0.0055739,1.2436,-1,0.93559,0,0,0,0,0.62025,0.51348,-0.2945,1,2,0.011688,0.69873,0
0.91971,0.83807,-0.86623,-1,0,0,0,0,0.62782,0.54299,0.33123,-1,-0.26276,-0.071978,-7.2001e-05,3,1,0.49936,0.97269,-0.91971,-0.98862,-0.75166,1.0101,0.86385,0.67665,0,0,0,0,0,0,0,0,0,0,0,0,0,0,0,0,0,0,0,0,0,0,0,0,0,0,0,0,0,0,0,0,0,0,0,0,0,0,0.015583,0.62782,-1,0.83174,0,0,0,0,0.91971,0.83807,-0.86623,-1,1,0.35475,0.98862,1
1.4532,0,-0.3481,-1,0,0,0,0,0.2707,0.098726,0.51965,1,-5.074e-05,4.9662e-06,-1.8911e-06,2,0,0,1.0851,999,999,999,2.2474,0.33834,0.26539,0,0,0,0,0,0,0,0,0,0,0,0,0,0,0,0,0,0,0,0,0,0,0,0,0,0,0,0,0,0,0,0,0,0,0,0,0,0,0.011718,1.4532,-1,0.95749,0,0,0,0,0,0,0,0,0,0,0,0
0,0,0,0,0,0,0,0,0.39784,0.53104,-0.53069,-1,0.99866,-0.8003,-0.0004995,0,0,0,1.0096,999,999,999,0.38576,0.15767,0.84886,0,0,0,0,0,0,0,0,0,0,0,0,0,0,0,0,0,0,0,0,0,0,0,0,0,0,0,0,0,0,0,0,0,0,0,0,0,0,0.0049523,0.59488,-1,0.9954,0,0,0,0,0,0,0,0,0,0,0,1
0,0,0,0,0,0,0,0,0.88989,1.5289,0.34411,-1,-0.57496,7.2607e-06,0,0,0,0,0.79978,999,999,999,1.3699,0.36809,0,0,0,0,0,0,0,0,0,0,0,0,0,0,0,0,0,0,0,0,0,0,0,0,0,0,0,0,0,0,0,0,0,0,0,0,0,0,0,0.016777,0.88989,-1,0.86658,0,0,0,0,0,0,0,0,0,0,0,1
1.6637,0.70126,-0.98698,-1,0,0,0,0,0.70065,0.62718,0.21844,1,-0.0039063,0.00083643,0,0,0,0,1.3495,999,999,999,1.2406,0.8292,0,0,0,0,0,0,0,0,0,0,0,0,0,0,0,0,0,0,0,0,0,0,0,0,0,0,0,0,0,0,0,0,0,0,0,0,0,0,0,0.0055693,1.6637,-1,0.98647,0,0,0,0,0,0,0,0,0,0,0,0
0,0,0,0,0,0,0,0,1.9299,0.5942,-0.72499,-1,-0.98926,0.099467,-0.039497,0,0,0,2.3031,-1.9299,-0.99147,-0.76409,0.65528,1.2915,1.8102,0,0,0,0,0,0,0,0,0,0,0,0,0,0,0,0,0,0,0,0,0,0,0,0,0,0,0,0,0,0,0,0,0,0,0,0,0,0,0.01378,1.9299,-1,0.99147,0,0,0,0,0,0,0,0,0,0,0,0
0,0,0,0,0,0,0,0,0.62663,2.2748,-0.94936,1,-0.0010043,2.4825e-05,-6.5642e-06,0,0,0,0.77018,999,999,999,0.71809,0.48416,0.47778,0,0,0,0,0,0,0,0,0,0,0,0,0,0,0,0,0,0,0,0,0,0,0,0,0,0,0,0,0,0,0,0,0,0,0,0,0,0,0.001272,0.54154,-1,0.33028,0,0,0,0,0,0,0,0,0,0,0,1
0,0,0,0,0,0,0,0,0,0,0,0,0.053956,0,0,1,1,0.50311,0,999,999,999,1.1075,0,0,0,0,0,0,0,0,0,0,0,0,0,0,0,0,0,0,0,0,0,0,0,0,0,0,0,0,0,0,0,0,0,0,0,0,0,0,0,0,0,0,0,0,0,0,0,0,0,0,0,0,0,0,0,0
0,0,0,0,0,0,0,0,0.52172,1.2298,-0.77937,1,0.00070922,-0.000303,0.00018509,4,1,0.49716,0.81014,999,999,999,0.79498,0.30349,0.20573,0.10456,0.057233,1.2094e-06,9999,1,-1,0,4.1504,0.090797,0,0,0,0,0,0,0,0,1,999,999,999,0,0,0,0,0,10,0.19409,1.0267e-06,9999,1,605.47,3.8574,0.31417,0.50284,0.84537,-0.86161,21,0.013951,0.52172,1,0.65829,0.53743,1,0.00018509,0.64728,0,0,0,0,0,0,0,0
0,0,0,0,0,0,0,0,0.4761,1.6129,-0.86871,1,-0.00050625,0.00014207,0,0,0,0,0.55988,999,999,999,0.54323,0.34983,0,0,0,0,0,0,0,0,0,0,0,0,0,0,0,0,0,0,0,0,0,0,0,0,0,0,0,0,0,0,0,0,0,0,0,0,0,0,0,0,0,0,0,0,0,0,0,0,0,0,0,0,0,0,1
0.86094,0.35808,0.93851,-1,0,0,0,0,0.20848,1.2531,-0.41277,1,-0.013678,1.4763e-06,3.8952e-07,0,0,0,0.89681,999,999,999,1.0042,0.24626,0.14014,0.60505,0.088978,3.8952e-07,9999,1,1,878.91,7.4219,0.14014,0,0,0,0,0,0,0,0,1,999,999,999,0,0,0,0,0,10,0.20848,1.4763e-06,9999,1,561.52,4.4922,0.24626,0.86094,0.97856,-0.63192,5,0.025901,0.86094,-1,0.97856,0.54065,-1,-0.013678,-0.63518,0.86094,0.35808,0.93851,-1,1,0.025901,0.97856,1
0,0,0,0,0,0,0,0,1.1834,0.97284,-0.85664,1,-0.89754,0.061025,4.3043e-05,1,0,0,1.486,999,999,999,1.0766,1.3494,0.56135,0,0,0,0,0,0,0,0,0,0,0,0,0,0,0,0,0,0,0,0,0,0,0,0,0,0,0,0,0,0,0,0,0,0,0,0,0,0,0.00077904,1.1834,1,0.6496,0,0,0,0,0,0,0,0,0,0,0,1
0,0,0,0,0,0,0,0,1.7023,0.58087,-0.99051,1,-0.61145,0.38469,-1.216e-06,0,1,0.49292,1.1799,999,999,999,0.69008,1.2498,0.10606,0.96463,0.20047,1.216e-06,9999,1,-1,0,14.258,0.10606,0,1,0,0,0,0,0,0,1,999,999,999,0,0,0,0,0,0,0,0,0,0,0,0,0,0,0,0,0,0.0047253,1.7023,1,0.97732,0.924,1,0.38469,0.54413,0,0,0,0,0,0,0,1
0,0,0,0,0,0,0,0,0.2406,0.49352,0.67575,-1,0.00031099,5.9794e-05,-1.5934e-05,1,0,0,0.75521,999,999,999,0.30692,0.63319,0.43682,0.44309,0.15521,4.4266e-07,9999,1,-1,703.12,5.5664,0.17346,0,0,0,0,0,0,0,0,1,999,999,999,0,0,0,0,0,0,0,0,0,0,0,0,0,0,0,0,0,0.036573,0.60773,-1,0.90518,0.76056,1,5.9794e-05,0.088229,0,0,0,0,0,0,0,1
0,0,0,0,0,0,0,0,0.95423,0.55199,0.22138,-1,0.38061,-7.7452e-05,0,1,0,0,0.67392,999,999,999,0.86569,0.71593,0,0,0,0,0,0,0,0,0,0,0,0,0,0,0,0,0,0,0,0,0,0,0,0,0,0,0,0,0,0,0,0,0,0,0,0,0,0,0,0.028363,0.95423,-1,0.77331,0,0,0,0,0,0,0,0,0,0,0,1
0,0,0,0,0,0,0,0,1.1464,0.12841,-0.91636,-1,-0.077248,0.0025378,-0.00089967,3,0,0,1.373,-0.68215,-0.47469,-0.051803,1.2446,0.50713,0.69397,0,0,0,0,0,0,0,0,0,0,0,0,0,0,0,0,0,0,0,0,0,0,0,0,0,0,0,0,0,0,0,0,0,0,0,0,0,0,0.010738,1.1464,-1,0.90352,0,0,0,0,0,0,0,0,0,0,0,0
0,0,0,0,0,0,0,0,0.46969,0.85348,-0.2065,-1,0.97635,-0.018283,7.1191e-05,1,0,0,0.94688,999,999,999,0.66247,0.67214,0.68614,0.21738,0.18613,8.6079e-07,9999,1,-1,483.4,4.2969,0.29153,0,0,0,0,0,0,0,0,1,0.71686,0.86858,-0.12198,0,0,0,0,0,10,0.18613,8.6079e-07,9999,-1,483.4,4.2969,0.29153,0.71686,0.86858,-0.12198,-0,0.035066,0.71686,1,0.86858,-0.12198,1,0.97635,0.0046033,0,0,0,0,0,0,0,1
0,0,0,0,0,0,0,0,0.84217,0.84062,0.39177,1,0.94178,-5.1989e-06,-2.1259e-06,3,1,0.49368,0.78952,999,999,999,1.1567,0.34186,0.38957,0,0,0,0,0,0,0,0,0,0,0,0,0,0,0,0,0,0,0,0,0,0,0,0,0,0,0,0,0,0,0,0,0,0,0,0,0,0,0.0021816,0.84217,1,0.62029,0,0,0,0,0,0,0,0,0,0,0,1
0,0,0,0,1.6381,0.62484,-0.53255,-1,0.38302,0,-0.51201,-1,-0.99946,-0.0022139,1.0421e-05,1,0,0,1.2146,999,999,999,0.42974,1.2214,0.50898,0,0,0,0,0,0,0,0,0,0,0,0,0,0,0,0,0,0,0,0,0,0,0,0,0,0,0,0,0,0,0,0,0,0,0,0,0,0,0.011195,1.6381,-1,0.96714,0,0,0,0,0,0,0,0,0,0,0,0
0,0,0,0,0,0,0,0,0.80841,0.72867,0.83043,1,-0.016479,9.5879e-05,0,0,0,0,1.1117,999,999,999,0.88773,0.79516,0,0,0,0,0,0,0,0,0,0,0,0,0,0,0,0,0,0,0,0,0,0,0,0,0,0,0,0,0,0,0,0,0,0,0,0,0,0,0,0.020365,0.80841,1,0.97396,0,0,0,0,0,0,0,0,0,0,0,0
0,0,0,0,0,0,0,0,0.72784,0.50609,0.99,1,0.24674,0.0012121,-4.9582e-06,1,0,0,0.49376,0.72769,-0.86039,-0.93876,1.1747,0.44365,0.33822,0.7208,0.23345,4.9582e-06,9999,1,-1,483.4,4.0527,0.33822,0,0,0,0,0,0,0,0,1,0.72769,0.86039,-0.66902,0,0,0,0,0,10,0.23345,4.9582e-06,9999,-1,483.4,4.0527,0.33822,0.72769,0.86039,-0.66902,-5,0.028077,0.72769,1,0.86039,0.64416,1,0.24674,0.0010707,0,0,0,0,0,0,0,1
0,0,0,0,0,0,0,0,0.95429,0.48928,-0.5828,-1,-0.038397,3.8948e-05,6.6103e-06,0,0,0,1.0396,999,999,999,0.8116,0.54582,0.36061,0,0,0,0,0,0,0,0,0,0,0,0,0,0,0,0,0,0,0,0,0,0,0,0,0,0,0,0,0,0,0,0,0,0,0,0,0,0,0.0067855,0.95429,-1,0.83683,0,0,0,0,0,0,0,0,0,0,0,1
1.0025,0,0.3873,1,0,0,0,0,1.545,0,0.69563,-1,-0.037668,-0.017958,6.0459e-05,0,0,0,1.7575,-0.69263,0.53225,-0.49036,1.4995,0.9054,1.5512,0,0,0,0,0,0,0,0,0,0,0,0,0,0,0,0,0,0,0,0,0,0,0,0,0,0,0,0,0,0,0,0,0,0,0,0,0,0,0.036406,1.545,-1,0.99556,0,0,0,0,0,0,0,0,0,0,0,0
0,0,0,0,1.6433,0.51585,-0.77036,-1,0.74029,1.0314,0.90222,1,-0.98174,0.045075,-0.03345,0,0,0,1.8652,-1.6433,-0.98078,-0.99384,0.71859,0.90977,1.6395,0,0,0,0,0,0,0,0,0,0,0,0,0,0,0,0,0,0,0,0,0,0,0,0,0,0,0,0,0,0,0,0,0,0,0,0,0,0,0.00037245,1.6433,-1,0.98078,0,0,0,0,0,0,0,0,0,0,0,0
0,0,0,0,0,0,0,0,2.1762,0.045314,-0.78804,1,0.59848,0.28969,-0.00018198,0,0,0,2.3522,2.1762,-0.96831,-0.63319,1.8355,2.3509,0.19838,0.98803,0.22382,2.6236e-06,9999,0,-1,488.28,4.3457,0.29016,0,0,0,0,0,0,0,0,1,2.1762,0.96831,-0.98304,0,0,0,0,0,10,0.16057,0.00018198,9999,-1,712.89,0,0.19838,2.1762,0.96831,-0.71792,-8,0.0046816,2.1762,1,0.96831,0.74,1,0.59848,0.41383,0,0,0,0,0,0,0,1
0,0,0,0,0,0,0,0,1.1308,1.17,-0.9029,1,0.16438,-2.9093e-05,-4.2552e-06,0,0,0,1.2504,999,999,999,1.1616,0.50099,0.32656,0,0,0,0,0,0,0,0,0,0,0,0,0,0,0,0,0,0,0,0,0,0,0,0,0,0,0,0,0,0,0,0,0,0,0,0,0,0,0.011825,1.1308,1,0.97114,0,0,0,0,0,0,0,0,0,0,0,0
0,0,0,0,0,0,0,0,0.92162,0.63757,-0.35521,-1,0.20641,-0.10681,2.8666e-05,0,0,0,1.2932,999,999,999,0.79722,1.1737,0.50189,0.13232,0.18891,1.3103e-06,9999,1,-1,0,7.0312,0.14391,0,0,0,0,0,0,0,0,1,999,999,999,0,0,0,0,0,0,0,0,0,0,0,0,0,0,0,0,0,0.012374,0.92162,-1,0.98718,0.15389,1,0.20641,0.0024947,0,0,0,0,0,0,0,0
0,0,0,0,0,0,0,0,0.68043,1.3284,-0.97426,-1,-0.00093077,0.00047146,-4.7771e-05,3,0,0,0.9092,-0.66598,-0.97429,-0.6724,0.90159,0.35478,0.58218,0.98416,0.19027,1.1194e-06,9999,0,-1,644.53,3.7598,0.32448,0,0,0,0,0,0,0,0,1,0.58177,0.88091,-0.94806,0,0,0,0,0,10,0.19027,1.1194e-06,9999,-1,644.53,3.7598,0.32448,0.58177,0.88091,-0.94806,-2,0.0041379,0.68043,-1,0.67908,0.91837,-1,-4.7771e-05,-0.58406,0,0,0,0,0,0,0,1
0,0,0,0,0,0,0,0,0.98812,0.9265,-0.56524,1,0.08562,5.3693e-05,-4.0173e-05,0,0,0,1.1143,0.5381,0.37036,-0.132,1.4231,0.60443,0.45015,0,0,0,0,0,0,0,0,0,0,0,0,0,0,0,0,0,0,0,0,0,0,0,0,0,0,0,0,0,0,0,0,0,0,0,0,0,0,0.024545,0.98812,1,0.82509,0,0,0,0,0,0,0,0,0,0,0,0
1.6381,0.070272,-0.70204,1,0,0,0,0,0.74139,1.1439,0.68359,-1,-0.020489,0.0012104,8.8383e-06,0,0,0,1.6723,999,999,999,1.1267,1.514,0.38414,0,0,0,0,0,0,0,0,0,0,0,0,0,0,0,0,0,0,0,0,0,0,0,0,0,0,0,0,0,0,0,0,0,0,0,0,0,0,0.017589,1.6381,1,0.99984,0,0,0,0,0,0,0,0,0,0,0,1
0,0,0,0,0,0,0,0,0.40461,0.21064,-0.7815,-1,-0.94945,-0.8256,-0.55252,1,1,0.49187,1.2055,999,999,999,0.43642,0.18247,1.0388,0.4497,0.23226,4.0919e-07,9999,1,1,839.84,7.1289,0.15363,0,0,0,0,0,0,0,0,1,0.81481,0.90203,-0.69572,0,0,0,0,0,10,0.23226,4.0919e-07,9999,1,839.84,7.1289,0.15363,0.81481,0.90203,-0.69572,4,0.0042606,0.81481,-1,0.90203,0.40411,-1,-0.8256,-0.00028004,0,0,0,0,0,0,0,0
0,0,0,0,0,0,0,0,0.95239,1.4384,-0.99599,1,-0.99804,0.94479,0.82195,2,1,0.50262,0.84496,999,999,999,0.43137,0.80294,0.17886,0.67281,0.20305,0.99804,9999,1,-1,908.2,8.3008,0.43137,0,0,0,0,0,0,0,0,1,0.95239,0.866,-0.21554,0,0,0,0,0,10,0.20305,0.99804,9999,-1,908.2,8.3008,0.43137,0.95239,0.866,-0.21554,-3,0.011425,0.95239,1,0.866,-0.21554,1,0.94479,5.6418e-06,0,0,0,0,0,0,0,1
0,0,0,0,0,0,0,0,0.96178,0.67637,-0.20037,1,0.95528,-7.995e-05,1.875e-05,0,0,0,1.1826,999,999,999,1.1471,0.72865,0.45305,0.4696,0.085569,1.2142e-06,9999,1,-1,0,2.7832,0.081299,0,0,0,0,0,0,0,0,1,999,999,999,0,0,0,0,0,0,0,0,0,0,0,0,0,0,0,0,0,0.010427,0.96178,1,0.94734,0.58994,1,0.95528,0.58044,0,0,0,0,0,0,0,1
0,0,0,0,0,0,0,0,1.2664,0.62393,0.62994,1,0.9442,-0.01145,0.0095646,0,0,0,1.5726,1.2664,-0.8982,-0.95138,1.1657,0.81696,1.2241,0,0,0,0,0,0,0,0,0,0,0,0,0,0,0,0,0,0,0,0,0,0,0,0,0,0,0,0,0,0,0,0,0,0,0,0,0,0,0.0032348,1.2664,1,0.8982,0,0,0,0,0,0,0,0,0,0,0,1
0,0,0,0,0,0,0,0,0.64422,1.2306,-0.70955,1,0.00081396,-0.00017452,-0.00014345,2,0,0,0.76757,999,999,999,0.95896,0.16579,0.7758,0.98009,0.13187,0.00017452,9999,1,-1,781.25,0,0.16579,0,0,0,0,0,0,0,0,1,0.64422,0.68119,-0.80673,0,0,0,0,0,10,0.13187,0.00017452,9999,-1,781.25,0,0.16579,0.64422,0.68119,-0.80673,-4,0.0016607,0.52319,-1,0.80968,0.55182,1,1.22e-06,0.87059,0,0,0,0,0,0,0,0
0,0,0,0,0,0,0,0,0.75085,0.34781,-0.045724,-1,-0.039109,1.2281e-06,8.1972e-07,3,1,0.49945,0.73228,999,999,999,1.0487,0.070585,0.28481,0.49508,0.089925,1.2281e-06,9999,0,1,0,30.078,0.070585,0,0,0,0,0,0,0,0,1,999,999,999,0,0,0,0,0,0,0,0,0,0,0,0,0,0,0,0,0,0.018035,0.75085,-1,0.95886,0.2315,-1,-0.039109,-0.56654,0,0,0,0,0,0,0,1
0,0,0,0,0,0,0,0,1.4116,0.074637,-0.6638,-1,-0.8885,0.19185,-3.0816e-06,2,1,0.49724,1.6403,999,999,999,1.3772,1.0256,0.30224,0,0,0,0,0,0,0,0,0,0,0,0,0,0,0,0,0,0,0,0,0,0,0,0,0,0,0,0,0,0,0,0,0,0,0,0,0,0,0.00058582,1.4116,-1,0.85939,0,0,0,0,0,0,0,0,0,0,0,0
0,0,0,0,0.82487,0.24618,0.76827,-1,1.272,0.58617,-0.75219,-1,-0.07141,-0.052727,4.2966e-05,0,0,0,1.5277,-1.272,0.97144,-0.72716,1.0777,1.3415,0.55889,0.68764,0.087738,3.4114e-07,9999,1,1,1757.8,13.086,0.098728,0,0,0,0,0,0,0,0,1,0.82487,0.63543,-0.99064,0,0,0,0,0,10,0.087738,3.4114e-07,9999,1,1757.8,13.086,0.098728,0.82487,0.63543,-0.99064,2,0.004427,1.272,-1,0.97144,0.79166,-1,-0.052727,-0.67481,0,0,0,0,0,0,0,0
0,0,0,0,0,0,0,0,1.1708,0.37557,-0.71782,1,0.99751,0.96337,-0.2235,3,0,0,1.2697,1.1708,0.71831,-0.43574,0.4066,1.7242,0.54129,0,0,0,0,0,0,0,0,0,0,0,0,0,0,0,0,0,0,0,0,0,0,0,0,0,0,0,0,0,0,0,0,0,0,0,0,0,0,9.9405e-06,1.1708,1,0.71831,0,0,0,0,0,0,0,0,0,0,0,1
0,0,0,0,0,0,0,0,1.2012,1.5415,-0.51611,-1,0.96931,-0.12819,-0.00016587,0,0,0,1.4943,0.56035,0.79475,-0.92761,0.7515,1.1662,0.88868,0,0,0,0,0,0,0,0,0,0,0,0,0,0,0,0,0,0,0,0,0,0,0,0,0,0,0,0,0,0,0,0,0,0,0,0,0,0,0.00028926,1.2012,-1,0.96016,0,0,0,0,0,0,0,0,0,0,0,1
0,0,0,0,1.0595,0.51517,-0.72373,1,0.9612,0.49011,0.5714,-1,-0.028614,0.0023407,4.511e-07,0,0,0,1.0941,999,999,999,1.4912,0.87686,0.17795,0.31608,0.20901,4.511e-07,9999,1,1,654.3,4.834,0.17795,0,0,0,0,0,0,0,0,1,999,999,999,0,0,0,0,0,0,0,0,0,0,0,0,0,0,0,0,0,0.019798,1.0595,1,0.99265,0.1091,-1,-0.028614,-0.001125,0,0,0,0,0,0,0,0
0,0,0,0,0,0,0,0,0.7515,0.42086,-0.73288,1,-0.061522,3.0502e-05,0,0,0,0,0.70071,999,999,999,0.71141,0.50999,0,0,0,0,0,0,0,0,0,0,0,0,0,0,0,0,0,0,0,0,0,0,0,0,0,0,0,0,0,0,0,0,0,0,0,0,0,0,0,0.0050854,0.7515,1,0.9626,0,0,0,0,0,0,0,0,0,0,0,0
0,0,0,0,0,0,0,0,1.5061,0.084028,0.17383,1,0.99847,-0.99445,0.018597,0,0,0,1.2041,999,999,999,0.49696,0.60152,2.4035,0,0,0,0,0,0,0,0,0,0,0,0,0,0,0,0,0,0,0,0,0,0,0,0,0,0,0,0,0,0,0,0,0,0,0,0,0,0,0.079512,1.5061,1,0.97143,0,0,0,0,0,0,0,0,0,0,0,0
0,0,0,0,0,0,0,0,0.72049,0.56053,-0.7897,-1,-7.4738e-05,-2.9235e-05,-2.8935e-05,1,0,0,0.97538,999,999,999,0.69186,0.5039,0.50309,0.96028,0.057304,1.225e-06,9999,0,1,0,10.254,0.11314,0,0,0,0,0,0,0,0,1,0.72049,0.86759,-0.73057,0,0,0,0,0,10,0.057304,1.225e-06,9999,1,0,10.254,0.11314,0.72049,0.86759,-0.73057,0,0.0061682,0.72049,-1,0.86759,-0.56479,-1,-2.9235e-05,-0.83852,0,0,0,0,0,0,0,1
0,0,0,0,0,0,0,0,0.67845,1.1471,0.42396,-1,0.99999,0.96593,-0.037984,1,0,0,1.1725,0.53386,0.68104,-0.28661,0.24825,0.83971,0.88154,0.93974,0.17707,0.00018103,9999,1,1,683.59,0,0.19582,1,0,-2.9998,-1.2596,2.0486,0.23576,0.032579,0.078997,1,0.67845,0.88544,-0.78999,0,0,0,0,0,10,0.17707,0.00018103,9999,1,683.59,0,0.19582,0.67845,0.88544,-0.78999,9,0.011391,0.67845,-1,0.88544,0.45255,1,0.99999,0.3795,0,0,0,0,0,0,0,1
0,0,0,0,0,0,0,0,0.90121,0.47933,0.51712,-1,-0.96971,0.21623,-0.00016826,0,0,0,1.1753,-0.5844,0.80751,-0.62875,0.86227,0.83001,0.79309,0.81857,0.11952,4.0732e-07,9999,1,1,654.3,6.6406,0.15241,0,0,0,0,0,0,0,0,1,0.5844,0.80751,-0.91461,0,0,0,0,0,10,0.11952,4.0732e-07,9999,1,654.3,6.6406,0.15241,0.5844,0.80751,-0.91461,5,0.0010273,0.90121,-1,0.95642,0.7397,-1,-0.96971,-0.6218,0,0,0,0,0,0,0,0
0.45278,0.68913,0.59375,-1,0,0,0,0,0.13864,1.1419,-0.44798,1,-2.7094e-05,3.7761e-07,0,0,0,0,0.46058,999,999,999,0.46874,0.13117,0,0.30469,0.13864,3.7761e-07,9999,1,1,986.33,7.3242,0.13117,0,0,0,0,0,0,0,0,1,999,999,999,0,0,0,0,0,0,0,0,0,0,0,0,0,0,0,0,0,0,0,0,0,0.27718,-1,-2.7094e-05,-0.15014,0.45278,0.68913,0.59375,-1,1,0.08905,0.98786,1
0,0,0,0,0,0,0,0,0.44645,0.8882,-0.32466,-1,-5.644e-05,-3.0511e-06,-1.4261e-06,0,0,0,0.60789,999,999,999,0.60178,0.30149,0.35112,0.80944,0.14282,3.3385e-07,9999,0,1,2089.8,11.426,0.091118,0,0,0,0,0,0,0,0,1,999,999,999,0,0,0,0,0,0,0,0,0,0,0,0,0,0,0,0,0,0,0,0,0,0.94658,-1,-3.0511e-06,-0.47759,0,0,0,0,0,0,0,1
0,0,0,0,0,0,0,0,0.71476,1.1333,-0.99076,1,0.98092,0.025154,-7.1351e-05,0,0,0,1.0396,999,999,999,0.77908,0.49597,0.67119,0,0,0,0,0,0,0,0,0,0,0,0,0,0,0,0,0,0,0,0,0,0,0,0,0,0,0,0,0,0,0,0,0,0,0,0,0,0,0.022273,0.71476,1,0.91962,0,0,0,0,0,0,0,0,0,0,0,1
0.73244,1.4778,-0.24255,1,0,0,0,0,0.66633,0.79162,0.139,-1,-0.99992,0.0056899,-0.0015167,1,0,0,1.3567,999,999,999,0.33206,0.786,0.82967,0.9651,0.21207,0.00022602,9999,0,1,571.29,0,0.25758,0,0,0,0,0,0,0,0,1,999,999,999,0,0,0,0,0,0,0,0,0,0,0,0,0,0,0,0,0,0.012123,0.73244,1,0.79386,0.58264,-1,-0.99992,-0.4027,0.73244,1.4778,-0.24255,1,1,0.012123,0.79386,0
0,0,0,0,0,0,0,0,0.43241,0.59314,0.10899,1,2.232e-05,-1.858e-05,-1.1673e-05,0,0,0,0.7996,999,999,999,0.47192,0.45222,0.40797,0.69428,0.1829,6.6295e-07,9999,1,1,571.29,4.6875,0.25283,0,0,0,0,0,0,0,0,1,999,999,999,0,0,0,0,0,0,0,0,0,0,0,0,0,0,0,0,0,0,0,0,0,0.0034804,-1,-1.858e-05,-0.050224,0,0,0,0,0,0,0,0
0,0,0,0,0,0,0,0,0.5872,0.56298,-0.65171,1,0.96128,-2.6975e-05,2.9775e-06,0,0,0,0.70971,999,999,999,0.91859,0.49421,0.29966,0.87004,0.16653,4.0212e-07,9999,0,-1,1035.2,5.2734,0.14896,0,0,0,0,0,0,0,0,1,999,999,999,0,0,0,0,0,0,0,0,0,0,0,0,0,0,0,0,0,0.020611,0.5872,1,0.51709,0.086303,1,0.96128,0.43266,0,0,0,0,0,0,0,1
0,0,0,0,0,0,0,0,1.3685,0.2167,-0.65434,1,0.0020126,-0.00035514,4.4947e-07,0,0,0,1.5174,999,999,999,1.8065,0.8298,0.1771,0.65505,0.16577,4.4947e-07,9999,1,1,781.25,5.2734,0.1771,0,0,0,0,0,0,0,0,1,0.81507,0.90901,-0.85394,0,0,0,0,0,10,0.16577,4.4947e-07,9999,1,781.25,5.2734,0.1771,0.81507,0.90901,-0.85394,0,0.0082047,1.3685,1,0.8899,-0.85394,-1,-0.00035514,-0.10345,0,0,0,0,0,0,0,1
0,0,0,0,1.9074,0,-0.8446,-1,1.0582,0.28706,0.45826,-1,-0.0085326,-0.0058554,4.4423e-07,0,0,0,2.1324,-1.0582,0.9365,-0.86291,1.9603,1.1024,0.17431,0.80651,0.13465,4.4423e-07,9999,1,1,693.36,6.1523,0.17431,0,0,0,0,0,0,0,0,1,1.9074,0.98533,-0.85518,0,0,0,0,0,10,0.13465,4.4423e-07,9999,1,693.36,6.1523,0.17431,1.9074,0.98533,-0.85518,2,0.00094364,1.9074,-1,0.98533,0.6337,-1,-0.0058554,-0.52759,0,0,0,0,0,0,0,0
0,0,0,0,0,0,0,0,1.1368,0.87471,-0.82053,1,0.68788,-0.00040755,6.0874e-06,0,0,0,0.96464,999,999,999,1.8161,0.77178,0.35411,0,0,0,0,0,0,0,0,0,0,0,0,0,0,0,0,0,0,0,0,0,0,0,0,0,0,0,0,0,0,0,0,0,0,0,0,0,0,0.0080418,1.1368,1,0.98006,0,0,0,0,0,0,0,0,0,0,0,1
0,0,0,0,0,0,0,0,0.59302,0.71248,0.71655,1,0.9565,3.5317e-06,-3.9934e-07,0,0,0,0.58239,999,999,999,0.95664,0.31248,0.14707,0.62799,0.22913,3.9934e-07,9999,1,-1,849.61,8.0078,0.14707,0,0,0,0,0,0,0,0,1,0.59302,0.91125,-0.86968,0,0,0,0,0,10,0.22913,3.9934e-07,9999,-1,849.61,8.0078,0.14707,0.59302,0.91125,-0.86968,-5,0.029428,0.59302,1,0.91125,-0.86968,1,0.9565,0.00071323,0,0,0,0,0,0,0,1
0,0,0,0,0,0,0,0,0.50365,0.71258,-0.6617,-1,0.88359,-5.3935e-06,-4.1404e-06,0,0,0,0.5055,999,999,999,0.24874,0.3447,0.32448,0.46832,0.14535,5.0974e-07,9999,1,1,605.47,4.3457,0.20483,0,0,0,0,0,0,0,0,1,0.50365,0.60593,-0.40268,0,0,0,0,0,10,0.14535,5.0974e-07,9999,1,605.47,4.3457,0.20483,0.50365,0.60593,-0.40268,6,0.011675,0.50365,-1,0.60593,0.63224,-1,-4.1404e-06,-0.14669,0,0,0,0,0,0,0,1
0,0,0,0,0,0,0,0,1.0911,0.36934,-0.3621,-1,-0.78183,-2.6351e-05,3.7271e-06,1,0,0,1.262,999,999,999,1.22,0.49134,0.31654,0.50066,0.13468,3.8127e-07,9999,1,1,644.53,3.4668,0.134,1,0,-0.071698,0.24982,-1.4153,0.14842,0.0074421,0.027726,1,1.0911,0.97629,-0.30169,0,0,0,0,0,10,0.13468,3.8127e-07,9999,1,644.53,3.4668,0.134,1.0911,0.97629,-0.30169,21,0.0010501,1.0911,-1,0.97629,-0.30169,-1,-0.78183,-0.2294,0,0,0,0,0,0,0,0
0,0,0,0,0,0,0,0,0.88374,1.6763,-0.84119,-1,-0.73222,6.5392e-05,2.2105e-05,3,1,0.49781,1.1626,999,999,999,0.93679,0.63583,0.47084,0.75505,0.12593,3.6792e-07,9999,0,1,1054.7,9.1797,0.12334,0,1,0,0,0,0,0,0,1,999,999,999,0,0,0,0,0,10,0.11478,3.2782e-07,9999,-1,3398.4,22.852,0.084469,0.53744,0.55286,-0.29629,-0,0.014442,0.88374,-1,0.85066,0.49441,-1,-0.73222,-0.51589,0,0,0,0,0,0,0,0
0,0,0,0,0,0,0,0,1.3473,0.35525,-0.38953,-1,-0.79111,-0.09608,8.0542e-05,0,0,0,1.1905,-1.3473,0.96727,-0.83352,0.14857,2.0984,0.6472,0,0,0,0,0,0,0,0,0,0,0,0,0,0,0,0,0,0,0,0,0,0,0,0,0,0,0,0,0,0,0,0,0,0,0,0,0,0,0.0026557,1.3473,-1,0.96727,0,0,0,0,0,0,0,0,0,0,0,0
1.3963,0.3335,-0.92023,-1,0,0,0,0,0.49537,0.24916,0.36246,1,-0.027425,7.9146e-05,7.5867e-05,0,0,0,1.4428,999,999,999,1.3084,0.70906,0.66194,0.99682,0.20639,9.7019e-07,9999,1,-1,493.16,4.4922,0.30715,0,0,0,0,0,0,0,0,1,999,999,999,0,0,0,0,0,0,0,0,0,0,0,0,0,0,0,0,0,0.016989,1.3963,-1,0.98596,0.58741,1,7.9146e-05,0.70277,0,0,0,0,0,0,0,0
0,0,0,0,0,0,0,0,1.2586,0.27055,0.76804,1,0.75219,4.3787e-05,-2.6918e-06,0,0,0,0.93487,999,999,999,2.055,0.56575,0.29208,0,0,0,0,0,0,0,0,0,0,0,0,0,0,0,0,0,0,0,0,0,0,0,0,0,0,0,0,0,0,0,0,0,0,0,0,0,0,0.0019708,1.2586,1,0.96911,0,0,0,0,0,0,0,0,0,0,0,0
0,0,0,0,0,0,0,0,0.7994,0,-0.83197,-1,-0.040639,9.5127e-05,-9.4806e-05,3,1,0.50396,1.1751,999,999,999,0.81396,0.77574,0.66844,0.63777,0.11963,1.6914e-06,9999,0,1,0,5.6152,0.19835,0,1,0,0,0,0,0,0,1,999,999,999,0,0,0,0,0,0,0,0,0,0,0,0,0,0,0,0,0,0.0089977,0.7994,-1,0.83198,0.94992,1,9.5127e-05,0.0030622,0,0,0,0,0,0,0,1
0,0,0,0,0,0,0,0,0.90361,0.61918,0.63479,-1,-0.96354,0.028945,0.00028823,4,1,0.49766,1.3313,-0.554,0.99817,-0.98693,0.90412,1.0345,0.81432,0.43202,0.21791,4.994e-06,9999,1,1,0,3.6133,0.3141,0,0,0,0,0,0,0,0,1,0.90361,0.97989,-0.6033,0,0,0,0,0,10,0.21791,4.994e-06,9999,1,0,3.6133,0.3141,0.90361,0.97989,-0.6033,0,0.0098179,0.90361,-1,0.97989,0.45124,-1,-0.96354,-0.00055415,0,0,0,0,0,0,0,1
0,0,0,0,0,0,0,0,2.2776,0,-0.93463,1,-0.037239,0.0015595,0,0,0,0,2.376,999,999,999,0.92771,2.7964,0,0,0,0,0,0,0,0,0,0,0,0,0,0,0,0,0,0,0,0,0,0,0,0,0,0,0,0,0,0,0,0,0,0,0,0,0,0,0,0.0042118,2.2776,1,0.97598,0,0,0,0,0,0,0,0,0,0,0,1
0,0,0,0,0,0,0,0,0.46813,0.45974,0.46709,1,-0.98925,3.4222e-06,-2.2404e-06,0,0,0,0.56694,999,999,999,0.46076,0.31012,0.27826,0,0,0,0,0,0,0,0,0,0,0,0,0,0,0,0,0,0,0,0,0,0,0,0,0,0,0,0,0,0,0,0,0,0,0,0,0,0,0,0,0,0,0,0,0,0,0,0,0,0,0,0,0,0
0,0,0,0,1.2855,0.90776,-0.70323,-1,0.4591,0.50063,0.87842,1,-0.0023535,7.1371e-05,-1.2744e-05,0,0,0,0.97439,999,999,999,0.92243,0.66476,0.41585,0,0,0,0,0,0,0,0,0,0,0,0,0,0,0,0,0,0,0,0,0,0,0,0,0,0,0,0,0,0,0,0,0,0,0,0,0,0,0.0082712,1.2855,-1,0.61735,0,0,0,0,0,0,0,0,0,0,0,0
0,0,0,0,0,0,0,0,0.75505,0.26804,0.40284,1,-0.99779,0.91885,0.0001505,0,0,0,1.0924,999,999,999,0.43654,0.82501,0.6841,0.70966,0.23505,0.99779,9999,1,-1,839.84,7.8125,0.43654,0,0,0,0,0,0,0,0,1,0.75505,0.84419,-0.86183,0,0,0,0,0,10,0.23505,0.99779,9999,-1,839.84,7.8125,0.43654,0.75505,0.84419,-0.86183,-22,0.0032119,0.96282,1,0.90194,0.48173,1,0.91885,2.9812e-06,0,0,0,0,0,0,0,0
0,0,0,0,0,0,0,0,0.91704,0.9167,-0.72667,1,0.046543,-0.00059217,-0.00056779,0,0,0,0.86557,999,999,999,1.3888,0.52084,0.32286,0.62413,0.17619,7.8342e-07,9999,1,-1,581.05,4.3945,0.27838,0,0,0,0,0,0,0,0,1,0.91704,0.89353,-0.24693,0,0,0,0,0,10,0.17619,7.8342e-07,9999,-1,581.05,4.3945,0.27838,0.91704,0.89353,-0.24693,-0,0.0011343,0.91704,1,0.89353,0.2375,-1,-0.00059217,-0.0079421,0,0,0,0,0,0,0,0
0,0,0,0,0,0,0,0,0.39636,0.73691,-0.22225,-1,-6.9445e-05,-3.7885e-05,-1.9926e-05,0,0,0,0.83426,999,999,999,0.31139,0.54141,0.45955,0,0,0,0,0,0,0,0,0,0,0,0,0,0,0,0,0,0,0,0,0,0,0,0,0,0,0,0,0,0,0,0,0,0,0,0,0,0,0.013982,0.51191,1,0.73323,0,0,0,0,0,0,0,0,0,0,0,1
0,0,0,0,0,0,0,0,1.029,0.14856,0.68535,-1,-0.58193,-7.5089e-06,1.2286e-06,1,0,0,1.001,999,999,999,1.5433,0.37079,0.11535,0.48918,0.20323,1.2286e-06,9999,0,1,0,8.4961,0.11535,0,0,0,0,0,0,0,0,1,1.029,0.98359,-0.37442,0,0,0,0,0,10,0.20323,1.2286e-06,9999,1,0,8.4961,0.11535,1.029,0.98359,-0.37442,0,0.029934,1.029,-1,0.98359,-0.37442,-1,-0.58193,-0.003372,0,0,0,0,0,0,0,1
0,0,0,0,1.2837,0.20863,-0.61106,1,0.58879,0.65021,-0.5911,1,0.78633,0.10655,9.4057e-05,1,0,0,0.86987,999,999,999,0.87586,0.89965,0.81846,0,0,0,0,0,0,0,0,0,0,0,0,0,0,0,0,0,0,0,0,0,0,0,0,0,0,0,0,0,0,0,0,0,0,0,0,0,0,0.0096603,1.2837,1,0.84522,0,0,0,0,0,0,0,0,0,0,0,1
0,0,0,0,0,0,0,0,0.4193,0.80666,0.35842,-1,5.8506e-06,-2.8235e-06,-1.7774e-06,1,0,0,0.53765,999,999,999,0.38026,0.29567,0.26064,0.98145,0.16774,6.8109e-07,9999,1,-1,527.34,4.0527,0.25718,0,0,0,0,0,0,0,0,1,999,999,999,0,0,0,0,0,0,0,0,0,0,0,0,0,0,0,0,0,0,0,0,0,0.74624,1,5.8506e-06,0.087225,0,0,0,0,0,0,0,1
0,0,0,0,0,0,0,0,0.59831,0.36655,-0.95971,1,9.0552e-05,-1.3164e-05,7.3087e-06,0,0,0,0.72631,999,999,999,0.5983,0.4188,0.36862,0,0,0,0,0,0,0,0,0,0,0,0,0,0,0,0,0,0,0,0,0,0,0,0,0,0,0,0,0,0,0,0,0,0,0,0,0,0,0.028302,0.59831,1,0.51392,0,0,0,0,0,0,0,0,0,0,0,0
0,0,0,0,0,0,0,0,0.5083,1.8074,-0.85878,1,0.99641,-0.0072457,8.4519e-05,0,0,0,1.0874,0.5083,0.77703,-0.63499,0.55326,0.46034,0.73853,0,0,0,0,0,0,0,0,0,0,0,0,0,0,0,0,0,0,0,0,0,0,0,0,0,0,0,0,0,0,0,0,0,0,0,0,0,0,0.023829,0.5083,1,0.77703,0,0,0,0,0,0,0,0,0,0,0,1
0,0,0,0,0,0,0,0,0.8466,0,0.65793,1,-0.56743,0.05588,8.1843e-05,0,0,0,0.88524,999,999,999,0.7087,1.0482,0.72522,0,0,0,0,0,0,0,0,0,0,0,0,0,0,0,0,0,0,0,0,0,0,0,0,0,0,0,0,0,0,0,0,0,0,0,0,0,0,0.0060713,0.8466,1,0.94214,0,0,0,0,0,0,0,0,0,0,0,1
0,0,0,0,0,0,0,0,0.83927,1.5285,-0.73473,-1,-0.00040671,0,0,0,0,0,0.70902,999,999,999,0.71087,0,0,0,0,0,0,0,0,0,0,0,0,0,0,0,0,0,0,0,0,0,0,0,0,0,0,0,0,0,0,0,0,0,0,0,0,0,0,0,0,0.0089706,0.83927,-1,0.9101,0,0,0,0,0,0,0,0,0,0,0,0
0.76913,1.1857,-0.50948,1,0,0,0,0,0.388,0.54035,0.82826,1,0.99943,0.11507,-0.00024026,0,0,0,0.99238,0.76913,0.63796,-0.25953,0.43247,0.91834,0.72056,0,0,0,0,0,0,0,0,0,0,0,0,0,0,0,0,0,0,0,0,0,0,0,0,0,0,0,0,0,0,0,0,0,0,0,0,0,0,0.0007323,0.76913,1,0.63796,0,0,0,0,0.54421,1.3936,-0.27723,-1,2,0.0012911,0.92965,0
0.60123,0.043088,-0.80305,1,0,0,0,0,0.40679,0,-0.19313,-1,0.74979,-1.797e-06,0,0,0,0,0.62305,999,999,999,0.6369,0.26148,0,0,0,0,0,0,0,0,0,0,0,0,0,0,0,0,0,0,0,0,0,0,0,0,0,0,0,0,0,0,0,0,0,0,0,0,0,0,0,0.00067931,0.60123,1,0.89139,0,0,0,0,0.60123,0.043088,-0.80305,1,1,0.00067931,0.89139,1
0,0,0,0,0.75227,0.95561,-0.026309,1,0.89065,0.91527,-0.92577,-1,0.90405,0.040831,-0.00090289,0,0,0,1.2243,999,999,999,0.70294,1.1519,1.0801,0.86955,0.11439,3.5312e-07,9999,1,1,1269.5,11.035,0.11033,0,0,0,0,0,0,0,0,1,0.89065,0.84453,-0.74662,0,0,0,0,0,10,0.11439,3.5312e-07,9999,1,1269.5,11.035,0.11033,0.89065,0.84453,-0.74662,6,0.013137,0.89065,-1,0.84453,0.59815,-1,-2.715e-06,-0.69803,0,0,0,0,0,0,0,1
0,0,0,0,0,0,0,0,0.97512,0.072019,0.93531,1,0.96545,0.062697,-0.033784,0,0,0,1.8301,1.1876,-0.83483,-0.97787,1.2982,1.1087,1.511,0,0,0,0,0,0,0,0,0,0,0,0,0,0,0,0,0,0,0,0,0,0,0,0,0,0,0,0,0,0,0,0,0,0,0,0,0,0,0.0030109,1.1876,1,0.83483,0,0,0,0,0,0,0,0,0,0,0,1
0,0,0,0,0,0,0,0,0.79578,0.69902,0.79681,1,0.025852,7.9242e-05,-2.6902e-05,0,1,0.50077,1.0874,0.64089,-0.69144,-0.85455,1.2162,0.56941,0.49363,0,0,0,0,0,0,0,0,0,0,0,0,0,0,0,0,0,0,0,0,0,0,0,0,0,0,0,0,0,0,0,0,0,0,0,0,0,0,0.02776,0.79578,1,0.93251,0,0,0,0,0,0,0,0,0,0,0,1
0,0,0,0,0,0,0,0,0.83702,0.71424,-0.30641,1,0.01802,0.00048751,-2.2378e-05,2,1,0.50345,1.0166,999,999,999,0.94529,0.81507,0.47213,0.13666,0.174,4.7692e-07,9999,0,-1,664.06,5.6641,0.19063,0,0,0,0,0,0,0,0,1,0.51693,0.68752,-0.56092,0,0,0,0,0,10,0.174,4.7692e-07,9999,-1,664.06,5.6641,0.19063,0.51693,0.68752,-0.56092,-9,0.0011232,0.83702,1,0.94203,0.70288,1,6.2432e-06,0.0083417,0,0,0,0,0,0,0,0
0,0,0,0,0,0,0,0,0.997,1.0895,-0.89577,1,-0.22354,0.063445,0.0037832,1,0,0,1.2529,999,999,999,0.77166,0.97186,1.3496,0.95208,0.12487,4.0584e-07,9999,1,1,830.08,6.9336,0.15143,0,0,0,0,0,0,0,0,1,0.67003,0.94582,-0.90275,0,0,0,0,0,10,0.12487,4.0584e-07,9999,1,830.08,6.9336,0.15143,0.67003,0.94582,-0.90275,2,0.009695,0.997,1,0.9923,-0.90275,-1,-0.22354,-0.81855,0,0,0,0,0,0,0,0
1.2822,0.11014,-0.92308,-1,0,0,0,0,0.45535,0.11014,-0.57656,1,-5.046e-05,5.5644e-06,0,0,0,0,1.152,999,999,999,1.8547,0.46602,0,0,0,0,0,0,0,0,0,0,0,0,0,0,0,0,0,0,0,0,0,0,0,0,0,0,0,0,0,0,0,0,0,0,0,0,0,0,0,0.0085338,1.2822,-1,0.92101,0,0,0,0,0,0,0,0,0,0,0,1
0,0,0,0,0,0,0,0,0.74085,0.12322,-0.1409,-1,0.99946,-0.00047472,-6.0418e-05,0,0,0,1.1322,0.61302,-0.3267,-0.28517,0.37471,0.84737,0.60663,0.69867,0.23852,0.99946,9999,1,1,1025.4,9.668,0.37471,0,0,0,0,0,0,0,0,1,0.74085,0.5951,-0.92639,0,0,0,0,0,10,0.23852,0.99946,9999,1,1025.4,9.668,0.37471,0.74085,0.5951,-0.92639,22,0.03745,0.87166,-1,0.65504,0.94288,-1,-9.4079e-06,-2.8865e-06,0,0,0,0,0,0,0,1
1.881,0.35674,-0.81823,-1,0,0,0,0,0.73108,1.1147,-0.056543,1,0.0049374,-0.0001262,-2.3298e-06,0,0,0,1.9991,999,999,999,0.86239,1.9451,0.28122,0.63263,0.075077,1.2154e-06,9999,1,-1,0,3.8574,0.07997,0,0,0,0,0,0,0,0,1,999,999,999,0,0,0,0,0,10,0.12291,3.6026e-07,9999,1,1132.8,8.9844,0.11678,1.881,0.92778,-0.73463,2,0.0041666,1.881,-1,0.92778,0.82787,-1,-1.2154e-06,-0.65878,0,0,0,0,0,0,0,0
0,0,0,0,0,0,0,0,0.27276,0,0.60974,1,0.99586,-0.00034392,2.0124e-06,1,0,0,0.90637,999,999,999,0.58362,0.84602,0.27013,0.96725,0.093441,1.2877e-06,9999,0,-1,0,8.3984,0.13797,0,0,0,0,0,0,0,0,1,999,999,999,0,0,0,0,0,0,0,0,0,0,0,0,0,0,0,0,0,0.029068,0.78762,-1,0.60104,0.85859,1,0.99586,0.85397,0,0,0,0,0,0,0,1
0,0,0,0,0,0,0,0,0.97394,0.054039,0.63499,1,0.0062287,-3.2758e-05,1.2558e-05,2,1,0.49794,1.021,999,999,999,1.4069,0.51752,0.41451,0,0,0,0,0,0,0,0,0,0,0,0,0,0,0,0,0,0,0,0,0,0,0,0,0,0,0,0,0,0,0,0,0,0,0,0,0,0,0.012467,0.97394,1,0.88618,0,0,0,0,0,0,0,0,0,0,0,1
0,0,0,0,0,0,0,0,1.0175,1.1247,-0.92706,-1,-0.00011022,1.4718e-05,5.3615e-06,4,0,0,1.0603,999,999,999,1.3281,0.42919,0.34424,0,0,0,0,0,0,0,0,0,0,0,0,0,0,0,0,0,0,0,0,0,0,0,0,0,0,0,0,0,0,0,0,0,0,0,0,0,0,0.028432,0.5481,1,0.29022,0,0,0,0,0,0,0,0,0,0,0,1
0,0,0,0,0,0,0,0,0.27997,0.10451,0.14554,-1,-0.99721,0.0006727,0.00037711,0,0,0,1.048,999,999,999,0.50059,0.82582,0.93917,0.89435,0.11169,4.5216e-07,9999,1,1,771.48,6.3477,0.1785,0,0,0,0,0,0,0,0,1,999,999,999,0,0,0,0,0,0,0,0,0,0,0,0,0,0,0,0,0,0.013266,0.82659,1,0.96223,0.83771,-1,-0.99721,-0.73594,0,0,0,0,0,0,0,0
0,0,0,0,0,0,0,0,0.93267,1.0574,-0.33597,-1,0.94131,-0.088802,5.4103e-06,0,0,0,1.2503,999,999,999,1.2173,1.0154,0.34494,0.18399,0.091563,3.4815e-07,9999,1,-1,1601.6,11.523,0.10564,0,0,0,0,0,0,0,0,1,0.82612,0.80029,-0.019031,0,0,0,0,0,10,0.091563,3.4815e-07,9999,-1,1601.6,11.523,0.10564,0.82612,0.80029,-0.019031,-4,0.0042847,0.93267,-1,0.98701,-0.019031,1,0.94131,0.47274,0,0,0,0,0,0,0,0
0.66729,0.15727,-0.52971,1,0,0,0,0,0.2105,0.31073,-0.063251,-1,0.10028,-0.047804,-1.2266e-06,1,1,0.49669,0.66307,999,999,999,0.86202,1.0559,0.07146,0.59165,0.13517,1.2266e-06,9999,1,-1,0,30.859,0.07146,0,0,0,0,0,0,0,0,1,0.66729,0.942,-0.28916,0,0,0,0,0,10,0.13517,1.2266e-06,9999,-1,0,30.859,0.07146,0.66729,0.942,-0.28916,-2,0.010549,0.66729,1,0.942,-0.28916,1,0.10028,0.27364,0.66729,0.15727,-0.52971,1,1,0.010549,0.942,1
0,0,0,0,1.5483,0.10803,-0.30698,1,0.46842,0.48322,0.79423,1,0.00044795,6.1711e-05,-5.6039e-05,1,1,0.49586,1.7205,1.5483,0.9686,-0.76784,0.5289,2.0724,0.61707,0,0,0,0,0,0,0,0,0,0,0,0,0,0,0,0,0,0,0,0,0,0,0,0,0,0,0,0,0,0,0,0,0,0,0,0,0,0,0.012637,1.5483,1,0.9686,0,0,0,0,0,0,0,0,0,0,0,1
0,0,0,0,0,0,0,0,1.1742,0.38408,0.007125,1,0.94472,-0.82083,0.00017444,0,0,0,1.6362,0.9381,-0.53279,-0.42278,1.3006,0.92874,0.86968,0.97645,0.14862,5.1175e-07,9999,1,-1,551.76,5.3223,0.20563,0,0,0,0,0,0,0,0,1,1.1742,0.53675,-0.62492,0,0,0,0,0,10,0.14862,5.1175e-07,9999,-1,551.76,5.3223,0.20563,1.1742,0.53675,-0.62492,-5,0.023887,1.1742,1,0.53675,-0.62492,1,0.94472,0.84941,0,0,0,0,0,0,0,1
0,0,0,0,0,0,0,0,0.53753,0.36736,0.70764,-1,-0.88015,-0.0051271,1.0179e-05,0,0,0,0.86301,-0.53753,0.43714,-0.58071,0.72312,0.72554,0.38428,0,0,0,0,0,0,0,0,0,0,0,0,0,0,0,0,0,0,0,0,0,0,0,0,0,0,0,0,0,0,0,0,0,0,0,0,0,0,0.0056427,1.1103,-1,0.92376,0,0,0,0,0,0,0,0,0,0,0,0
0,0,0,0,0,0,0,0,0.29368,0.50673,0.14146,-1,-0.72488,0.26467,-3.6428e-06,0,0,0,0.75292,999,999,999,1.4703,1.1866,0.31482,0,0,0,0,0,0,0,0,0,0,0,0,0,0,0,0,0,0,0,0,0,0,0,0,0,0,0,0,0,0,0,0,0,0,0,0,0,0,0.0061183,0.87434,-1,0.90676,0,0,0,0,0,0,0,0,0,0,0,0
0,0,0,0,0,0,0,0,0.58994,0.41298,-0.83346,1,0.00028927,-0.0001746,6.9656e-06,2,1,0.49848,0.70772,999,999,999,0.4719,0.1453,0.36477,0.96224,0.22623,3.3483e-06,9999,0,-1,546.88,4.1504,0.30847,0,0,0,0,0,0,0,0,1,0.58994,0.89503,-0.92093,0,0,0,0,0,10,0.22623,3.3483e-06,9999,-1,546.88,4.1504,0.30847,0.58994,0.89503,-0.92093,-0,0.0075528,0.58994,1,0.89503,0.78429,1,1.2905e-06,0.14937,0,0,0,0,0,0,0,0
0,0,0,0,0,0,0,0,1.0736,1.0612,-0.8301,-1,-0.96726,1.6753e-05,9.7046e-06,0,0,0,1.0037,999,999,999,1.5573,0.32339,0.48958,0.71681,0.16778,7.0637e-07,9999,1,-1,507.81,4.7852,0.26291,0,0,0,0,0,0,0,0,1,999,999,999,0,0,0,0,0,0,0,0,0,0,0,0,0,0,0,0,0,0.00024367,1.0736,-1,0.84267,0.836,1,9.7046e-06,0.13797,0,0,0,0,0,0,0,0
0,0,0,0,0,0,0,0,2.535,0.95447,-0.99897,1,-0.95241,8.0444e-05,1.7545e-05,1,0,0,2.1832,999,999,999,0.84901,2.0413,0.44633,0.60404,0.24291,2.3555e-06,9999,1,1,488.28,4.2969,0.39858,0,0,0,0,0,0,0,0,1,999,999,999,0,0,0,0,0,0,0,0,0,0,0,0,0,0,0,0,0,0.010004,0.71629,-1,0.79302,0.33106,-1,-0.95241,-0.00019774,0,0,0,0,0,0,0,0
0,0,0,0,0,0,0,0,1.5149,0.76773,-0.81691,1,-0.0016739,0.00040922,0,0,0,0,0.85463,999,999,999,0.45871,1.0245,0,0,0,0,0,0,0,0,0,0,0,0,0,0,0,0,0,0,0,0,0,0,0,0,0,0,0,0,0,0,0,0,0,0,0,0,0,0,0,0.010775,1.5149,1,0.9746,0,0,0,0,0,0,0,0,0,0,0,1
0,0,0,0,0,0,0,0,1.4635,1.0545,-0.011561,1,0.016239,-0.00028967,3.9041e-05,1,0,0,1.4627,0.59168,0.80141,-0.53904,1.2602,0.44195,0.54619,0,0,0,0,0,0,0,0,0,0,0,0,0,0,0,0,0,0,0,0,0,0,0,0,0,0,0,0,0,0,0,0,0,0,0,0,0,0,0.004522,1.4635,1,0.83454,0,0,0,0,0,0,0,0,0,0,0,1
0,0,0,0,0,0,0,0,0.64723,1.8218,-0.74211,-1,0.58015,-0.0071829,0.00060467,1,1,0.49507,1.1382,0.67256,-0.95298,-0.71698,0.55215,1.0435,0.56266,0,0,0,0,0,0,0,0,0,0,0,0,0,0,0,0,0,0,0,0,0,0,0,0,0,0,0,0,0,0,0,0,0,0,0,0,0,0,0.0036602,0.67256,1,0.95298,0,0,0,0,0,0,0,0,0,0,0,0
0,0,0,0,0,0,0,0,0.72212,1.5097,-0.6345,1,0.96065,0.056467,-0.00067914,0,0,0,1.1572,999,999,999,0.9759,1.1664,0.6669,0.56813,0.22745,4.1826e-07,9999,1,1,625,4.541,0.15935,0,0,0,0,0,0,0,0,1,999,999,999,0,0,0,0,0,0,0,0,0,0,0,0,0,0,0,0,0,0.0063729,0.78516,1,0.99207,0.80547,-1,-0.00067914,-0.00059549,0,0,0,0,0,0,0,1
0,0,0,0,0,0,0,0,1.09,1.2868,0.65773,-1,-0.043257,-0.00019358,3.0927e-05,2,1,0.50326,1.0045,-1.09,-0.84892,-0.98341,1.1312,0.72156,0.51171,0.64579,0.13328,1.2123e-06,9999,0,1,0,4.3945,0.0837,1,1,-3.3774,-0.39866,-1.8202,0.30622,0.0075786,0.0075898,1,0.71781,0.76088,-0.62189,0,0,0,0,0,10,0.13328,1.2123e-06,9999,1,0,4.3945,0.0837,0.71781,0.76088,-0.62189,11,0.019715,1.09,-1,0.84892,0.96979,-1,-1.2162e-06,-0.33567,0,0,0,0,0,0,0,1
0,0,0,0,0,0,0,0,0.68395,0.061543,0.5556,1,0.97469,0.006769,-0.00091238,2,1,0.49524,1.1979,0.75148,0.4036,-0.62867,0.48219,1.0326,0.43721,0,0,0,0,0,0,0,0,0,0,0,0,0,0,0,0,0,0,0,0,0,0,0,0,0,0,0,0,0,0,0,0,0,0,0,0,0,0,0.014724,0.84922,1,0.8467,0,0,0,0,0,0,0,0,0,0,0,1
0,0,0,0,0,0,0,0,1.3127,1.3227,-0.88608,1,-0.39144,0.086498,-8.1017e-06,1,0,0,1.135,999,999,999,0.70365,1.9736,0.37697,0.32837,0.12657,4.3367e-07,9999,1,1,703.12,10.059,0.16847,0,0,0,0,0,0,0,0,1,999,999,999,0,0,0,0,0,0,0,0,0,0,0,0,0,0,0,0,0,0,0,0,0,0.47221,-1,-0.39144,-0.24167,0,0,0,0,0,0,0,0
0,0,0,0,0,0,0,0,0.67892,0.92113,0.86763,-1,0.99873,-0.97966,4.4338e-06,0,1,0.49917,0.77833,999,999,999,0.49043,0.72102,0.32968,0.22747,0.13939,3.8342e-07,9999,1,-1,878.91,6.3477,0.13563,0,0,0,0,0,0,0,0,1,999,999,999,0,0,0,0,0,0,0,0,0,0,0,0,0,0,0,0,0,0.0011823,0.67892,-1,0.95007,-0.40716,1,0.99873,0.12429,0,0,0,0,0,0,0,0
0.68241,0.3127,0.43299,-1,0,0,0,0,1.5771,1.3822,-0.98746,1,-0.99943,0.96579,-0.25262,0,0,0,1.5205,-0.68241,0.83696,-0.65577,0.43256,1.225,0.73345,0,0,0,0,0,0,0,0,0,0,0,0,0,0,0,0,0,0,0,0,0,0,0,0,0,0,0,0,0,0,0,0,0,0,0,0,0,0,0.0045873,1.5771,1,0.91414,0,0,0,0,0.68241,0.3127,0.43299,-1,1,0.0067225,0.83696,0
0,0,0,0,0,0,0,0,0.24875,0.66189,-0.83973,-1,0.013588,-1.2151e-06,-6.2754e-07,0,0,0,0.24396,999,999,999,0.63621,0.080329,0.24369,0.81843,0.06824,1.2151e-06,9999,1,-1,0,18.555,0.080329,0,0,0,0,0,0,0,0,1,999,999,999,0,0,0,0,0,0,0,0,0,0,0,0,0,0,0,0,0,0,0,0,0,-0.59718,1,0.013588,0.74706,0,0,0,0,0,0,0,0
0,0,0,0,0,0,0,0,0.97038,0.98601,-0.99537,1,-0.80147,0.58518,-0.23352,3,0,0,0.67895,999,999,999,0.77061,1.643,0.45154,0.48215,0.07608,1.2162e-06,9999,0,-1,0,33.203,0.079223,0,0,0,0,0,0,0,0,1,0.97038,0.97655,-0.41658,0,0,0,0,0,10,0.07608,1.2162e-06,9999,-1,0,33.203,0.079223,0.97038,0.97655,-0.41658,-0,0,0,0,0,-0.41658,1,0.58518,0.64482,0,0,0,0,0,0,0,0
0,0,0,0,0,0,0,0,1.1252,0,0.44747,1,0.62876,0.070244,-9.703e-05,1,0,0,1.4752,1.1252,0.6553,-0.88939,1.0007,1.2046,0.75947,0,0,0,0,0,0,0,0,0,0,0,0,0,0,0,0,0,0,0,0,0,0,0,0,0,0,0,0,0,0,0,0,0,0,0,0,0,0,0.0069278,1.1252,1,0.6553,0,0,0,0,0,0,0,0,0,0,0,1
0,0,0,0,0,0,0,0,1.058,0.22893,0.51673,-1,-0.12248,-5.275e-06,6.482e-07,2,1,0.49874,1.0645,999,999,999,1.0804,0.34298,0.24914,0,0,0,0,0,0,0,0,0,0,0,0,0,0,0,0,0,0,0,0,0,0,0,0,0,0,0,0,0,0,0,0,0,0,0,0,0,0,0.003048,1.058,-1,0.96796,0,0,0,0,0,0,0,0,0,0,0,0
0,0,0,0,0,0,0,0,0.33117,0.39362,0.45774,1,-0.97396,0.90983,-4.2804e-06,1,0,0,0.61492,999,999,999,0.47981,0.61043,0.32701,0.89247,0.11019,1.3948e-06,9999,0,1,0,4.834,0.1612,0,0,0,0,0,0,0,0,1,999,999,999,0,0,0,0,0,0,0,0,0,0,0,0,0,0,0,0,0,0,0,0,0,0.84488,-1,-0.97396,-0.73588,0,0,0,0,0,0,0,0
0,0,0,0,1.793,0,-0.32852,-1,1.1495,0.21907,-0.078821,1,-0.65685,0.049369,0.00023306,1,0,0,2.0278,-1.793,-0.95112,-0.34249,0.75272,1.7352,0.2633,0.9717,0.16886,0.00023306,9999,0,1,488.28,0,0.2633,0,0,0,0,0,0,0,0,1,1.793,0.95112,-0.85698,0,0,0,0,0,10,0.16886,0.00023306,9999,1,488.28,0,0.2633,1.793,0.95112,-0.85698,2,0.0059227,1.793,-1,0.95112,0.73644,-1,-0.65685,-0.79281,0,0,0,0,0,0,0,0
0,0,0,0,0,0,0,0,0.32185,0.16535,-0.92882,1,-0.00095852,8.884e-06,0,1,1,0.50012,0.31832,999,999,999,0.80583,0.38457,0,0,0,0,0,0,0,0,0,0,0,0,0,0,0,0,0,0,0,0,0,0,0,0,0,0,0,0,0,0,0,0,0,0,0,0,0,0,0,0,0,0,0,0,0,0,0,0,0,0,0,0,0,0,0
0.8339,2.2156,-0.91604,1,0,0,0,0,0.55384,1.4045,-0.83782,-1,-0.9464,0.07401,-0.033808,0,0,0,1.0994,-0.60673,0.67376,-0.74377,0.55897,0.881,0.97336,0.99567,0.17268,6.2833e-07,9999,1,1,576.17,4.5898,0.24391,0,0,0,0,0,0,0,0,1,0.55384,0.98935,-0.997,0,0,0,0,0,10,0.17268,6.2833e-07,9999,1,576.17,4.5898,0.24391,0.55384,0.98935,-0.997,2,0.020403,0.8339,1,0.9838,-0.997,-1,-0.9464,-0.86267,0.8339,2.2156,-0.91604,1,1,0.020403,0.9838,0
0,0,0,0,0.85961,1.7884,-0.82681,-1,1.0309,1.3789,-0.24944,1,-0.98081,0.93216,-0.44155,1,0,0,1.5306,-0.85961,0.5811,-0.2789,0.82039,1.0467,1.2823,0,0,0,0,0,0,0,0,0,0,0,0,0,0,0,0,0,0,0,0,0,0,0,0,0,0,0,0,0,0,0,0,0,0,0,0,0,0,0.0096443,1.0309,1,0.94732,0,0,0,0,0,0,0,0,0,0,0,1
0,0,0,0,0,0,0,0,0.55537,1.0267,0.0012122,1,-0.99697,4.4838e-06,-4.0248e-07,0,0,0,0.50404,999,999,999,0.41357,0.43384,0.1492,0,0,0,0,0,0,0,0,0,0,0,0,0,0,0,0,0,0,0,0,0,0,0,0,0,0,0,0,0,0,0,0,0,0,0,0,0,0,0.012048,0.55537,1,0.62926,0,0,0,0,0,0,0,0,0,0,0,0
0,0,0,0,0,0,0,0,1.2338,1.392,-0.94441,1,0.054117,-5.3252e-05,4.7683e-05,2,0,0,1.4125,999,999,999,1.2086,0.58087,0.57806,0.55651,0.11379,5.1022e-07,9999,1,-1,703.12,5.0293,0.20502,0,0,0,0,0,0,0,0,1,999,999,999,0,0,0,0,0,0,0,0,0,0,0,0,0,0,0,0,0,0.00037282,1.2338,1,0.96912,0.49783,1,0.054117,0.42643,0,0,0,0,0,0,0,1
0,0,0,0,0,0,0,0,0.97154,0.56402,-0.26356,1,0.9952,0.98138,3.3549e-05,1,0,0,0.88338,0.53521,0.47243,-0.32503,0.59345,0.84976,0.58539,0.084613,0.065354,1.2111e-06,9999,1,1,0,21.094,0.085719,0,0,0,0,0,0,0,0,1,999,999,999,0,0,0,0,0,10,0.2476,5.8283e-07,9999,-1,561.52,4.2969,0.23071,0.53521,0.47243,-0.82133,-5,0.071197,0.97154,1,0.94418,0.51744,1,0.9952,0.00042786,0,0,0,0,0,0,0,1
1.7284,0.32236,-0.59451,-1,0,0,0,0,0.5808,0.99343,-0.5735,1,-0.0019301,6.2962e-05,0,0,0,0,1.0858,999,999,999,1.159,0.6457,0,0,0,0,0,0,0,0,0,0,0,0,0,0,0,0,0,0,0,0,0,0,0,0,0,0,0,0,0,0,0,0,0,0,0,0,0,0,0,0.0055826,1.7284,-1,0.99599,0,0,0,0,0,0,0,0,0,0,0,0
1.6271,0.66816,-0.71187,-1,0,0,0,0,0.62544,1.1377,0.24821,1,-0.057567,0.00014082,-2.3096e-06,0,0,0,1.7338,999,999,999,1.6843,0.81709,0.28056,0.58483,0.053725,1.2094e-06,9999,1,1,0,17.383,0.094599,0,0,0,0,0,0,0,0,1,1.6271,0.96003,-0.34887,0,0,0,0,0,10,0.053725,1.2094e-06,9999,1,0,17.383,0.094599,1.6271,0.96003,-0.34887,2,0.0072638,1.6271,-1,0.96003,-0.34887,-1,-0.057567,-0.78454,0,0,0,0,0,0,0,0
0,0,0,0,0,0,0,0,0.34826,0.20206,-0.24773,-1,-0.00019034,-4.8513e-06,5.9516e-07,2,0,0,0.4234,999,999,999,0.21587,0.33655,0.23447,0.59,0.19837,5.9516e-07,9999,0,1,566.41,4.541,0.23447,0,0,0,0,0,0,0,0,1,999,999,999,0,0,0,0,0,0,0,0,0,0,0,0,0,0,0,0,0,0,0,0,0,-0.51487,-1,-0.00019034,-0.0079247,0,0,0,0,0,0,0,1
0,0,0,0,0,0,0,0,0.64852,0.95396,-0.69589,1,0.99287,0.0013313,0.00017459,2,0,0,0.68158,999,999,999,0.61832,0.45209,0.16655,0.86219,0.19555,6.3453e-07,9999,1,-1,585.94,2.5879,0.24557,0,0,0,0,0,0,0,0,1,0.64852,0.60641,-0.4161,0,0,0,0,0,10,0.19555,6.3453e-07,9999,-1,585.94,2.5879,0.24557,0.64852,0.60641,-0.4161,-6,0.024715,0.64852,1,0.60641,-0.4161,1,0.99287,0.14811,0,0,0,0,0,0,0,1
1.1843,0.33823,-0.9295,1,0,0,0,0,0.66916,0.22187,-0.59714,1,0.96216,0.010324,0,0,0,0,1.17,999,999,999,0.93217,0.97804,0,0,0,0,0,0,0,0,0,0,0,0,0,0,0,0,0,0,0,0,0,0,0,0,0,0,0,0,0,0,0,0,0,0,0,0,0,0,0,0.016836,1.1843,1,0.91366,0,0,0,0,0,0,0,0,0,0,0,1
0,0,0,0,0,0,0,0,0.76022,0.86254,-0.62381,1,0.0056445,0.0040086,0.00010434,1,1,0.50009,0.99767,0.64043,0.91456,-0.84617,0.69008,0.83656,0.70847,0.80335,0.1188,3.7341e-07,9999,0,-1,1123,9.2773,0.12783,0,0,0,0,0,0,0,0,1,999,999,999,0,0,0,0,0,10,0.077233,1.2095e-06,9999,-1,0,11.914,0.095237,0.64043,0.91456,-0.75382,-2,0.015992,0.76022,1,0.68753,0.97444,1,0.0056445,0.6074,0,0,0,0,0,0,0,1
0,0,0,0,0,0,0,0,1.5256,0.26146,0.6266,-1,-0.0041868,0.00022695,-1.0611e-05,1,1,0.49657,1.8489,-0.63386,-0.28999,-0.096945,1.8963,1.0999,0.39963,0,0,0,0,0,0,0,0,0,0,0,0,0,0,0,0,0,0,0,0,0,0,0,0,0,0,0,0,0,0,0,0,0,0,0,0,0,0,0.020055,1.077,1,0.91045,0,0,0,0,0,0,0,0,0,0,0,1
0,0,0,0,0,0,0,0,1.1092,0.99359,0.89367,-1,-0.010143,0.00024976,0.00013227,1,0,0,1.6476,999,999,999,1.5274,0.93446,0.74008,0.50584,0.20515,8.8137e-07,9999,0,-1,454.1,4.0527,0.29471,0,0,0,0,0,0,0,0,1,0.65804,0.47986,-0.14627,0,0,0,0,0,10,0.20515,8.8137e-07,9999,-1,454.1,4.0527,0.29471,0.65804,0.47986,-0.14627,-9,0.002161,1.1092,-1,0.89819,0.51723,1,7.0417e-05,0.0030577,0,0,0,0,0,0,0,0
0,0,0,0,0,0,0,0,0.58076,1.0241,-0.54833,1,-0.99995,0.99987,0.99835,2,1,0.49984,0.79688,999,999,999,0.27545,0.35455,0.50267,0.60297,0.04884,1.2192e-06,9999,0,1,0,2.7588,0.10893,1,0,1.7253,2.6656,4.1862,0.2396,0.48127,3.2459,1,999,999,999,0,0,0,0,0,10,0.23298,1.8256e-06,9999,-1,625,2.4414,0.37557,0.58076,0.85502,-0.62332,-11,0.03957,0.50039,1,0.70749,-0.57404,-1,-0.99995,-0.79967,0,0,0,0,0,0,0,1
0,0,0,0,0,0,0,0,0.17522,0.54337,0.11924,-1,-0.00022527,6.7433e-05,-1.2969e-06,0,0,0,0.60508,999,999,999,0.25694,0.66798,0.23604,0.87673,0.17522,0.00022527,9999,1,-1,541.99,0,0.25694,0,0,0,0,0,0,0,0,1,999,999,999,0,0,0,0,0,0,0,0,0,0,0,0,0,0,0,0,0,0.0040937,0.53788,1,0.98266,0.86802,1,6.7433e-05,0.37489,0,0,0,0,0,0,0,1
0,0,0,0,0,0,0,0,0.30551,0.66588,0.59379,-1,-0.0023467,0.00062848,8.8699e-06,3,1,0.50041,0.45326,999,999,999,0.5045,0.37421,0.38444,0.95164,0.11206,3.5504e-07,9999,1,1,375.98,5.1758,0.1121,0,0,0,0,0,0,0,0,1,999,999,999,0,0,0,0,0,0,0,0,0,0,0,0,0,0,0,0,0,0,0,0,0,-0.035703,-1,-3.7263e-06,-0.82585,0,0,0,0,0,0,0,1
0,0,0,0,1.1902,1.2544,-0.67084,1,0.83214,0.25008,0.64171,-1,-0.92338,0.014714,-7.7206e-05,0,0,0,1.4984,-0.83214,-0.50925,-0.53607,1.1513,1.293,0.7229,0.60017,0.1132,1.2978e-06,9999,1,1,0,46.484,0.045761,0,0,0,0,0,0,0,0,1,0.72698,0.94762,-0.79806,0,0,0,0,0,10,0.1132,1.2978e-06,9999,1,0,46.484,0.045761,0.72698,0.94762,-0.79806,5,0.00039774,1.1902,1,0.6122,-0.79806,-1,-0.92338,-0.46304,0,0,0,0,0,0,0,0
0,0,0,0,1.7594,0.14445,0.99814,-1,1.0146,1.7626,-0.92855,1,-0.98143,-0.067767,0.028888,0,0,0,2.0884,-1.7594,0.99907,-0.83627,0.79522,2.1811,1.2434,0,0,0,0,0,0,0,0,0,0,0,0,0,0,0,0,0,0,0,0,0,0,0,0,0,0,0,0,0,0,0,0,0,0,0,0,0,0,0.0032409,1.7594,-1,0.99907,0,0,0,0,0,0,0,0,0,0,0,0
0.84162,0,-0.73329,1,0.64707,0,0.59704,-1,0.1112,0.65564,-0.67614,-1,0.10888,-0.0093176,-1.2255e-06,1,0,0,0.80502,999,999,999,0.6588,0.97115,0.072094,0.17914,0.1112,1.2255e-06,9999,0,-1,0,3.6621,0.072094,0,0,0,0,0,0,0,0,1,999,999,999,0,0,0,0,0,0,0,0,0,0,0,0,0,0,0,0,0,0.004179,0.84162,1,0.99674,0.15013,1,0.10888,0.32657,0.84162,0,-0.73329,1,1,0.004179,0.99674,1
0,0,0,0,0,0,0,0,0.56439,0.164,-0.67778,1,-0.057413,0.00044157,5.5981e-05,3,0,0,0.77339,999,999,999,0.93282,3.3992,0.61431,0.27884,0.067398,1.2984e-06,9999,1,-1,0,8.3984,0.14087,0,0,0,0,0,0,0,0,1,0.56439,0.81418,-0.21875,0,0,0,0,0,10,0.067398,1.2984e-06,9999,-1,0,8.3984,0.14087,0.56439,0.81418,-0.21875,-0,0.0039925,0.56439,1,0.81418,0.71508,1,5.5981e-05,0.60167,0,0,0,0,0,0,0,0
0,0,0,0,0,0,0,0,0.45323,0.099288,-0.057266,-1,0.74366,0.10945,0.059789,4,1,0.49895,0.35321,999,999,999,1.9793,1.0206,0.73895,0.13185,0.093116,3.5415e-07,9999,0,1,1562.5,10.84,0.11128,0,0,0,0,0,0,0,0,1,999,999,999,0,0,0,0,0,0,0,0,0,0,0,0,0,0,0,0,0,0,0,0,0,0.45045,-1,-5.7286e-06,-0.46113,0,0,0,0,0,0,0,1
0,0,0,0,0,0,0,0,2.0254,0.064664,-0.69251,-1,-0.31185,-0.06736,2.4047e-05,0,0,0,1.6327,-2.0254,-0.99729,-0.68751,1.2616,1.4239,0.48043,0,0,0,0,0,0,0,0,0,0,0,0,0,0,0,0,0,0,0,0,0,0,0,0,0,0,0,0,0,0,0,0,0,0,0,0,0,0,0.00029796,2.0254,-1,0.99729,0,0,0,0,0,0,0,0,0,0,0,0
0,0,0,0,0,0,0,0,1.4585,0.2372,-0.62051,-1,-0.00024558,-1.4699e-05,7.9621e-06,0,0,0,1.3697,999,999,999,2.0994,0.31057,0.37555,0,0,0,0,0,0,0,0,0,0,0,0,0,0,0,0,0,0,0,0,0,0,0,0,0,0,0,0,0,0,0,0,0,0,0,0,0,0,0.0045611,1.4585,-1,0.95825,0,0,0,0,0,0,0,0,0,0,0,1
0.7163,0.61761,-0.33766,1,0,0,0,0,0.47597,0.97366,-0.92159,-1,-0.054761,9.0698e-05,2.9545e-06,1,0,0,0.69111,999,999,999,0.70631,0.52904,0.26683,0.70282,0.10341,1.6584e-06,9999,0,-1,0,3.9551,0.19515,0,0,0,0,0,0,0,0,1,0.7163,0.77998,-0.18022,0,0,0,0,0,10,0.10341,1.6584e-06,9999,-1,0,3.9551,0.19515,0.7163,0.77998,-0.18022,-0,0.0073409,0.7163,1,0.77998,0.42111,1,2.9545e-06,0.60598,0.7163,0.61761,-0.33766,1,1,0.0073409,0.77998,0
0,0,0,0,0,0,0,0,0.32606,0.34195,0.58637,-1,-0.98104,0.00052799,-7.486e-06,1,0,0,0.76777,999,999,999,0.59895,0.57497,0.37055,0,0,0,0,0,0,0,0,0,0,0,0,0,0,0,0,0,0,0,0,0,0,0,0,0,0,0,0,0,0,0,0,0,0,0,0,0,0,0,0,0,0,0,0,0,0,0,0,0,0,0,0,0,0
1.2664,0.087075,-0.8035,-1,0,0,0,0,0.2559,0.8617,-0.80291,1,-4.4528e-05,5.8349e-07,-4.7152e-07,2,1,0.49682,1.2184,999,999,999,1.7337,0.23091,0.1881,0.8815,0.22071,4.7152e-07,9999,0,-1,664.06,4.1992,0.1881,0,1,0,0,0,0,0,0,1,999,999,999,0,0,0,0,0,0,0,0,0,0,0,0,0,0,0,0,0,0.010361,1.2664,-1,0.9845,0,0,0,0,0,0,0,0,0,0,0,0
0,0,0,0,1.7105,0.39289,-0.75072,1,0.13807,1.0654,0.79631,-1,0.048732,-4.9274e-07,0,0,0,0,1.648,999,999,999,1.7059,0.19771,0,0.36294,0.13807,4.9274e-07,9999,1,-1,561.52,4.9316,0.19771,0,0,0,0,0,0,0,0,1,1.7105,0.93286,-0.66285,0,0,0,0,0,10,0.13807,4.9274e-07,9999,-1,561.52,4.9316,0.19771,1.7105,0.93286,-0.66285,-5,0.0019486,1.7105,1,0.93286,-0.66285,1,0.048732,0.16842,0,0,0,0,0,0,0,1
1.4605,0,-0.34569,1,0,0,0,0,0.28347,0.40581,0.75112,-1,0.97717,0.0046061,-2.3373e-06,0,0,0,1.5894,1.4605,-0.94151,-0.57242,0.95048,1.4013,0.28146,0,0,0,0,0,0,0,0,0,0,0,0,0,0,0,0,0,0,0,0,0,0,0,0,0,0,0,0,0,0,0,0,0,0,0,0,0,0,0.020054,1.4605,1,0.94151,0,0,0,0,0,0,0,0,0,0,0,1
0,0,0,0,0,0,0,0,0.63532,0.045051,0.95827,1,0.05743,-5.853e-05,3.3242e-05,2,0,0,0.84957,0.63532,-0.99847,-0.99369,1.1777,0.62812,0.52188,0.90678,0.23612,1.3339e-05,9999,1,-1,0,3.7598,0.38736,0,0,0,0,0,0,0,0,1,0.63532,0.99847,-0.88636,0,0,0,0,0,10,0.23612,1.3339e-05,9999,-1,0,3.7598,0.38736,0.63532,0.99847,-0.88636,-6,0.0090669,0.80511,1,0.99818,0.91662,1,0.05743,0.022587,0,0,0,0,0,0,0,1
0,0,0,0,0,0,0,0,1.2583,0.44565,0.6248,1,-0.97848,0.95771,0.84159,1,0,0,1.6057,999,999,999,0.52166,1.5252,0.8263,0.35703,0.059264,1.217e-06,9999,0,1,0,12.402,0.078391,1,0,-0.20729,-0.25934,-0.51785,0.60248,0.37648,0.92753,1,999,999,999,0,0,0,0,0,10,0.17163,6.0198e-07,9999,-1,888.67,5.3223,0.23649,1.2583,0.88848,-0.50555,-6,0.012564,1.2583,1,0.88848,0.13005,-1,-0.97848,-0.66281,0,0,0,0,0,0,0,1
1.3725,0.81313,-0.29301,-1,0,0,0,0,0.67506,0.81313,-0.93495,1,0.056154,0.024577,-4.8019e-05,1,0,0,1.7341,999,999,999,0.96561,0.78971,1.7323,0.78564,0.21139,1.6769e-06,9999,1,-1,0,6.3477,0.19696,0,0,0,0,0,0,0,0,1,0.81825,0.9707,-0.61864,0,0,0,0,0,10,0.21139,1.6769e-06,9999,-1,0,6.3477,0.19696,0.81825,0.9707,-0.61864,-0,0.0033584,1.3725,-1,0.64763,-0.61864,1,0.024577,0.016777,0,0,0,0,0,0,0,0
1.824,0.19476,-0.098178,1,0,0,0,0,0.13584,0,0.80338,-1,0.059146,-0.008226,0.00058564,1,0,0,1.7855,1.824,-0.97778,-0.88165,1.321,1.0321,1.5981,0.15567,0.13584,3.4563e-07,9999,0,-1,1425.8,13.086,0.1032,0,0,0,0,0,0,0,0,1,1.824,0.97778,-0.3254,0,0,0,0,0,10,0.13584,3.4563e-07,9999,-1,1425.8,13.086,0.1032,1.824,0.97778,-0.3254,-5,0.0088982,1.824,1,0.97778,-0.10917,1,0.059146,0.12535,0,0,0,0,0,0,0,1
0,0,0,0,0,0,0,0,1.0574,1.0717,-0.89572,1,0.98934,0.003658,-7.1466e-05,0,0,0,1.2216,1.0574,-0.88616,-0.45686,0.67728,1.2567,0.67997,0,0,0,0,0,0,0,0,0,0,0,0,0,0,0,0,0,0,0,0,0,0,0,0,0,0,0,0,0,0,0,0,0,0,0,0,0,0,0.012386,1.0574,1,0.88616,0,0,0,0,0,0,0,0,0,0,0,1
0,0,0,0,0,0,0,0,0.81471,0.58608,-0.56071,-1,0.88301,-4.7618e-05,2.752e-06,0,0,0,0.78679,999,999,999,1.0212,0.58154,0.29375,0,0,0,0,0,0,0,0,0,0,0,0,0,0,0,0,0,0,0,0,0,0,0,0,0,0,0,0,0,0,0,0,0,0,0,0,0,0,0.012048,0.81471,-1,0.98571,0,0,0,0,0,0,0,0,0,0,0,0
1.3989,0.12198,-0.64793,-1,0,0,0,0,0.58822,0.53529,0.82523,1,-4.1822e-05,1.36e-05,0,0,1,0.50045,1.1018,999,999,999,2.1026,0.4218,0,0,0,0,0,0,0,0,0,0,0,0,0,0,0,0,0,0,0,0,0,0,0,0,0,0,0,0,0,0,0,0,0,0,0,0,0,0,0,0.00066159,1.3989,-1,0.99246,0,0,0,0,0,0,0,0,0,0,0,0
1.3782,0.32144,-0.79812,1,0,0,0,0,0.71525,0.31144,-0.2557,1,0.0016399,0.00011982,-1.3948e-05,0,0,0,1.5098,0.71525,0.69607,-0.30998,1.3369,0.74475,0.52902,0.99548,0.087164,1.2902e-06,9999,1,-1,0,7.8125,0.13866,0,0,0,0,0,0,0,0,1,1.3782,0.88986,-0.85132,0,0,0,0,0,10,0.087164,1.2902e-06,9999,-1,0,7.8125,0.13866,1.3782,0.88986,-0.85132,-2,0.0049335,1.3782,1,0.88986,0.75777,1,0.00011982,0.89425,0,0,0,0,0,0,0,1
0,0,0,0,0,0,0,0,1.4686,0.8525,-0.9077,1,0.73031,-1.6086e-05,-1.2137e-06,0,0,0,1.2778,999,999,999,2.1751,0.43775,0.081894,0.95607,0.09115,1.2137e-06,9999,1,-1,0,17.383,0.081894,0,0,0,0,0,0,0,0,1,1.4686,0.98298,-0.97338,0,0,0,0,0,10,0.09115,1.2137e-06,9999,-1,0,17.383,0.081894,1.4686,0.98298,-0.97338,-2,0.0010941,1.4686,1,0.98298,-0.97338,1,0.73031,0.83746,0,0,0,0,0,0,0,1
0,0,0,0,0,0,0,0,0.88888,0.27255,0.95784,-1,-0.64731,5.2341e-05,-4.7263e-06,1,0,0,0.88193,999,999,999,1.4818,0.6009,0.33455,0.16667,0.23508,1.4999e-06,9999,1,-1,527.34,3.5645,0.2475,0,0,0,0,0,0,0,0,1,999,999,999,0,0,0,0,0,0,0,0,0,0,0,0,0,0,0,0,0,0.00054024,0.5151,1,0.45546,0.22702,1,5.2341e-05,0.00014476,0,0,0,0,0,0,0,0
0,0,0,0,1.8622,0.35871,-0.99175,-1,0.24557,0.076246,0.59236,1,-0.023642,-0.0039051,-1.7414e-05,3,1,0.50079,1.2545,999,999,999,0.85989,2.946,0.44561,0.42901,0.088764,3.659e-07,9999,1,1,1103.5,12.891,0.12164,0,0,0,0,0,0,0,0,1,999,999,999,0,0,0,0,0,10,0.24557,6.867e-07,9999,1,527.34,3.8574,0.25849,1.8622,0.96457,-0.57533,0,0.010894,1.8622,-1,0.96457,0.6142,-1,-0.023642,-0.53909,0,0,0,0,0,0,0,0
0,0,0,0,0,0,0,0,0.82023,0.031563,-0.9953,1,0.84751,0.00061124,-3.7858e-05,0,0,0,0.97201,999,999,999,0.72281,0.32881,0.54128,0.78766,0.11461,1.2219e-06,9999,1,-1,0,25,0.074504,0,0,0,0,0,0,0,0,1,999,999,999,0,0,0,0,0,10,0.22421,1.1281e-06,9999,-1,610.35,4.9316,0.22482,0.82023,0.98343,-0.0078009,-0,0.01663,0.82023,1,0.98343,0.84478,1,0.84751,0.61226,0,0,0,0,0,0,0,1
0,0,0,0,0,0,0,0,0.94789,0.2716,-0.52696,1,-0.019732,0.012413,0.00035142,2,0,0,1.2327,999,999,999,1.2471,1.2332,0.71634,0.81722,0.10495,1.2193e-06,9999,1,-1,0,35.156,0.076498,0,0,0,0,0,0,0,0,1,999,999,999,0,0,0,0,0,10,0.15276,5.4477e-07,9999,-1,600.59,4.9805,0.21808,0.94789,0.50363,-0.55231,-6,0.0065883,0.94789,1,0.50363,0.89575,1,1.2161e-06,0.67241,0,0,0,0,0,0,0,0
1.4811,0,-0.61599,1,0,0,0,0,0.41745,1.391,-0.63169,-1,-8.5148e-05,6.3953e-05,8.1976e-07,0,0,0,1.5519,999,999,999,0.57586,1.7896,0.28481,0.99778,0.10579,3.9625e-07,9999,1,-1,839.84,6.0059,0.14494,0,0,0,0,0,0,0,0,1,1.4811,0.97531,-0.96529,0,0,0,0,0,10,0.10579,3.9625e-07,9999,-1,839.84,6.0059,0.14494,1.4811,0.97531,-0.96529,-2,0.013365,1.4811,1,0.97531,0.94425,-1,-8.5148e-05,-0.51151,0,0,0,0,0,0,0,1
1.6588,1.4116,-0.97624,-1,0,0,0,0,0.60929,1.2477,0.25948,-1,-0.98033,-0.00011792,0,0,0,0,1.7494,-1.6588,0.91734,-0.092241,0.79015,1.9153,0,0,0,0,0,0,0,0,0,0,0,0,0,0,0,0,0,0,0,0,0,0,0,0,0,0,0,0,0,0,0,0,0,0,0,0,0,0,0,0.0037365,1.6588,-1,0.91734,0,0,0,0,0,0,0,0,0,0,0,0
0,0,0,0,0,0,0,0,0.6659,0.52403,-0.91301,-1,-0.99556,-0.0065279,-0.00082901,2,0,0,0.69712,999,999,999,0.53719,0.44737,0.44202,0.9304,0.15454,4.7218e-07,9999,1,1,693.36,4.9316,0.18841,0,0,0,0,0,0,0,0,1,999,999,999,0,0,0,0,0,0,0,0,0,0,0,0,0,0,0,0,0,0.010835,0.6659,-1,0.96931,0.81986,-1,-0.99556,-0.70271,0,0,0,0,0,0,0,1
0,0,0,0,0,0,0,0,1.4237,0.1741,-0.37968,1,0.95693,-0.95133,-0.056935,2,0,0,2.1304,999,999,999,1.1472,1.1764,1.8504,0,0,0,0,0,0,0,0,0,0,0,0,0,0,0,0,0,0,0,0,0,0,0,0,0,0,0,0,0,0,0,0,0,0,0,0,0,0,0.00095939,1.489,-1,0.9817,0,0,0,0,0,0,0,0,0,0,0,0
0,0,0,0,1.7482,0.19234,-0.52652,1,1.2418,0.44026,-0.11825,-1,-0.0017277,0.00066397,5.4492e-07,0,0,0,1.8317,999,999,999,1.1888,2.5975,0.21813,0,0,0,0,0,0,0,0,0,0,0,0,0,0,0,0,0,0,0,0,0,0,0,0,0,0,0,0,0,0,0,0,0,0,0,0,0,0,0.016115,1.7482,1,0.94113,0,0,0,0,0,0,0,0,0,0,0,1
0,0,0,0,0,0,0,0,0.36688,1.2179,-0.93545,1,-6.8557e-05,5.2368e-05,-1.8214e-05,1,1,0.49335,0.83813,999,999,999,0.673,0.6012,0.45017,0.86072,0.24117,1.0408e-06,9999,1,-1,620.12,4.541,0.21821,0,0,0,0,0,0,0,0,1,999,999,999,0,0,0,0,0,0,0,0,0,0,0,0,0,0,0,0,0,0,0,0,0,0.96303,1,1.7921e-05,0.0047922,0,0,0,0,0,0,0,0
0,0,0,0,0,0,0,0,0.8596,0.39653,-0.18869,-1,-8.5192e-05,1.376e-06,-3.8746e-07,0,0,0,0.84034,999,999,999,0.82177,0.34736,0.13864,0.54928,0.20052,3.8746e-07,9999,1,-1,976.56,7.6172,0.13864,0,0,0,0,0,0,0,0,1,999,999,999,0,0,0,0,0,0,0,0,0,0,0,0,0,0,0,0,0,0.0037922,0.8596,-1,0.93536,0.47348,-1,-8.5192e-05,-0.001577,0,0,0,0,0,0,0,1
1.9114,0.13403,-0.77744,-1,0,0,0,0,0.59065,0.7692,0.423,1,5.9361e-05,-5.4046e-05,0,0,0,0,1.9626,999,999,999,0.63177,2.0098,0,0,0,0,0,0,0,0,0,0,0,0,0,0,0,0,0,0,0,0,0,0,0,0,0,0,0,0,0,0,0,0,0,0,0,0,0,0,0,0.0067818,1.9114,-1,0.95623,0,0,0,0,0,0,0,0,0,0,0,0
0,0,0,0,0,0,0,0,1.1221,0.035604,0.025321,1,-0.22459,0.18171,0.00097389,2,1,0.49517,1.0813,999,999,999,0.95713,1.8263,0.40256,0,0,0,0,0,0,0,0,0,0,0,0,0,0,0,0,0,0,0,0,0,0,0,0,0,0,0,0,0,0,0,0,0,0,0,0,0,0,0.0012585,1.1221,1,0.86777,0,0,0,0,0,0,0,0,0,0,0,1
0,0,0,0,0,0,0,0,0.67839,1.4587,-0.63778,-1,0.99224,0.96312,-0.85024,0,0,0,1.0563,999,999,999,0.65239,0.55666,0.68234,0.93249,0.21523,1.4173e-06,9999,1,-1,415.04,3.6133,0.35047,0,0,0,0,0,0,0,0,1,0.60212,0.84837,-0.61964,0,0,0,0,0,10,0.21523,1.4173e-06,9999,-1,415.04,3.6133,0.35047,0.60212,0.84837,-0.61964,-0,0.0025654,0.82747,-1,0.78247,-0.4834,1,0.99224,0.18296,0,0,0,0,0,0,0,1
0,0,0,0,0,0,0,0,0.67051,0.90117,0.60689,1,0.056403,0.00062771,-3.9587e-05,1,0,0,0.93019,999,999,999,1.0861,0.37327,0.54846,0.54569,0.11053,1.2139e-06,9999,0,-1,0,20.898,0.081664,0,0,0,0,0,0,0,0,1,0.67051,0.46568,-0.97193,0,0,0,0,0,10,0.11053,1.2139e-06,9999,-1,0,20.898,0.081664,0.67051,0.46568,-0.97193,-0,0.0031839,0.61103,-1,0.77749,0.84483,1,3.9289e-06,0.4455,0,0,0,0,0,0,0,1
0,0,0,0,0,0,0,0,0.91578,0.99221,-0.87545,-1,-0.0066715,0.00032857,6.8613e-05,0,0,0,1.0549,999,999,999,1.3452,0.48971,0.66628,0.11298,0.17259,9.1948e-07,9999,1,-1,541.99,4.3945,0.30028,0,0,0,0,0,0,0,0,1,999,999,999,0,0,0,0,0,0,0,0,0,0,0,0,0,0,0,0,0,0.021263,0.91578,-1,0.96579,0.11446,1,1.3523e-05,0.00834,0,0,0,0,0,0,0,1
0,0,0,0,0,0,0,0,2.0786,0.11276,-0.81165,1,9.3695e-05,-4.9846e-05,0,0,0,0,2.1004,999,999,999,2.3828,0.58943,0,0,0,0,0,0,0,0,0,0,0,0,0,0,0,0,0,0,0,0,0,0,0,0,0,0,0,0,0,0,0,0,0,0,0,0,0,0,0,0.0051349,2.0786,1,0.99722,0,0,0,0,0,0,0,0,0,0,0,1
0,0,0,0,0,0,0,0,1.1351,0.27088,0.19381,1,0.023848,-0.00034821,-4.1553e-07,0,0,0,1.2488,999,999,999,1.0557,0.98653,0.15766,0.96547,0.10178,4.1553e-07,9999,1,-1,761.72,6.543,0.15766,0,0,0,0,0,0,0,0,1,1.1351,0.92354,-0.94456,0,0,0,0,0,10,0.10178,4.1553e-07,9999,-1,761.72,6.543,0.15766,1.1351,0.92354,-0.94456,-2,0.0024499,1.1351,1,0.92354,-0.94456,1,0.023848,0.85128,0,0,0,0,0,0,0,1
0,0,0,0,0,0,0,0,0.82177,1.9596,-0.40128,1,-0.99964,-0.99939,-0.00017546,1,0,0,0.97595,999,999,999,0.36543,0.35965,0.13805,0.9574,0.14925,4.1698e-07,9999,1,1,751.95,6.1523,0.15856,0,0,0,0,0,0,0,0,1,999,999,999,0,0,0,0,0,10,0.20456,3.8994e-07,9999,-1,830.08,5.3223,0.14045,0.82177,0.9751,-0.10525,-0,0.0036257,0.82177,1,0.9751,0.98033,-1,-0.99939,-0.79825,0,0,0,0,0,0,0,0
0,0,0,0,0,0,0,0,0.7713,1.6136,-0.91785,-1,-0.74249,7.0203e-05,-6.6657e-05,0,0,0,1.1355,999,999,999,0.77122,0.66817,0.65514,0.95295,0.21644,1.0405e-06,9999,1,-1,483.4,3.6133,0.31579,0,0,0,0,0,0,0,0,1,0.64707,0.90806,-0.98778,0,0,0,0,0,10,0.23874,5.8375e-07,9999,1,532.23,4.5898,0.23099,0.7713,0.71614,-0.43366,0,0.0095434,0.7713,-1,0.71614,0.71151,1,7.0203e-05,0.26799,0,0,0,0,0,0,0,1
0,0,0,0,0,0,0,0,0.7863,0.99881,-0.93295,-1,-0.12573,-0.00077131,0.00054784,1,0,0,0.89742,999,999,999,0.85835,0.40264,0.82994,0,0,0,0,0,0,0,0,0,0,0,0,0,0,0,0,0,0,0,0,0,0,0,0,0,0,0,0,0,0,0,0,0,0,0,0,0,0,0.0074214,0.7863,-1,0.74415,0,0,0,0,0,0,0,0,0,0,0,0
0,0,0,0,0,0,0,0,0.80067,0.52161,0.45112,-1,-0.76202,-0.0016469,1.5769e-05,1,0,0,1.1814,-0.70723,0.89656,-0.5302,0.92324,0.79293,0.43581,0.18844,0.15747,4.0002e-07,9999,0,-1,673.83,2.5146,0.14754,0,0,0,0,0,0,0,0,1,999,999,999,0,0,0,0,0,0,0,0,0,0,0,0,0,0,0,0,0,0.0036301,0.80067,-1,0.8087,0.61494,1,1.5769e-05,0.03702,0,0,0,0,0,0,0,0
0,0,0,0,0,0,0,0,1.884,0.26903,0.83947,-1,-0.014516,0.0064789,-7.4087e-05,0,0,0,1.8939,-1.884,0.98419,-0.98335,1.1555,0.62151,2.8162,0,0,0,0,0,0,0,0,0,0,0,0,0,0,0,0,0,0,0,0,0,0,0,0,0,0,0,0,0,0,0,0,0,0,0,0,0,0,0.0020199,1.884,-1,0.98419,0,0,0,0,0,0,0,0,0,0,0,1
0,0,0,0,0,0,0,0,1.2567,0.84334,-0.77252,-1,-0.24078,0.10077,1.608e-06,1,0,0,1.0166,999,999,999,0.79722,1.1317,0.18994,0.91497,0.1033,1.608e-06,9999,1,1,0,6.4453,0.18994,0,0,0,0,0,0,0,0,1,1.2567,0.95572,-0.87913,0,0,0,0,0,10,0.1033,1.608e-06,9999,1,0,6.4453,0.18994,1.2567,0.95572,-0.87913,2,0.0090041,1.2567,-1,0.95572,-0.87913,-1,-0.24078,-0.7746,0,0,0,0,0,0,0,0
0.34971,0.71134,-0.74909,1,0,0,0,0,1.2392,1.2586,-0.98327,-1,-0.032816,4.3654e-05,0,0,0,0,1.2398,999,999,999,1.5772,0.5603,0,0,0,0,0,0,0,0,0,0,0,0,0,0,0,0,0,0,0,0,0,0,0,0,0,0,0,0,0,0,0,0,0,0,0,0,0,0,0,0.0075607,1.2392,-1,0.98074,0,0,0,0,0.34971,0.71134,-0.74909,1,1,0.085108,0.60631,0
0,0,0,0,1.2535,0,-0.77062,1,0.88014,0,-0.016605,1,0.96317,0.095665,-4.3224e-07,0,0,0,1.3126,1.2535,-0.8846,-0.55366,1.3828,1.1077,0.16765,0.37611,0.12338,3.9879e-07,9999,1,-1,937.5,8.1055,0.14669,0,0,0,0,0,0,0,0,1,1.2535,0.8846,-0.016651,0,0,0,0,0,10,0.12338,3.9879e-07,9999,-1,937.5,8.1055,0.14669,1.2535,0.8846,-0.016651,-2,0.005206,1.2535,1,0.8846,0.62872,1,0.96317,0.27721,0,0,0,0,0,0,0,1
0,0,0,0,0,0,0,0,1.3959,0.62993,-0.41392,1,-0.90779,0.018962,-0.00067297,0,0,0,1.4524,999,999,999,0.57528,1.7242,0.48492,0,0,0,0,0,0,0,0,0,0,0,0,0,0,0,0,0,0,0,0,0,0,0,0,0,0,0,0,0,0,0,0,0,0,0,0,0,0,0.0032852,1.3959,1,0.98388,0,0,0,0,0,0,0,0,0,0,0,1
0,0,0,0,0,0,0,0,0.69472,1.2563,-0.97464,-1,-0.9846,3.1455e-05,-1.2137e-06,1,0,0,0.82284,999,999,999,0.67282,0.51417,0.081922,0.71564,0.081585,1.2137e-06,9999,0,-1,0,19.727,0.081922,0,0,0,0,0,0,0,0,1,0.55242,0.97296,-0.57822,0,0,0,0,0,10,0.081585,1.2137e-06,9999,-1,0,19.727,0.081922,0.55242,0.97296,-0.57822,-6,0.010073,0.69472,-1,0.9239,-0.57822,1,3.1455e-05,0.70477,0,0,0,0,0,0,0,0
0,0,0,0,0,0,0,0,0.55466,0.063678,-0.8626,-1,-1.2413e-05,0,0,0,0,0,0.39069,999,999,999,0.41346,0,0,0,0,0,0,0,0,0,0,0,0,0,0,0,0,0,0,0,0,0,0,0,0,0,0,0,0,0,0,0,0,0,0,0,0,0,0,0,0,0.018476,0.55466,-1,0.98487,0,0,0,0,0,0,0,0,0,0,0,1
0,0,0,0,0,0,0,0,0.45481,0.063526,-0.54936,-1,0.99471,-4.5562e-05,1.2816e-05,0,0,0,0.69962,999,999,999,0.58394,0.57305,0.41635,0.15002,0.09857,1.3242e-06,9999,1,-1,0,41.016,0.039585,0,0,0,0,0,0,0,0,1,999,999,999,0,0,0,0,0,0,0,0,0,0,0,0,0,0,0,0,0,0.02356,0.61808,1,0.67252,-0.35207,1,0.99471,0.42235,0,0,0,0,0,0,0,1
0,0,0,0,0,0,0,0,1.1194,0.79515,0.64171,-1,0.99999,-0.047187,0.00057696,0,0,0,1.119,999,999,999,0.23004,1.4687,0.32908,0.98386,0.16301,5.2643e-07,9999,1,-1,634.77,4.3945,0.21136,0,0,0,0,0,0,0,0,1,999,999,999,0,0,0,0,0,10,0.24705,0.00057696,9999,1,541.99,0,0.32908,1.1194,0.95858,-0.30856,0,0.029227,1.1194,-1,0.95858,-0.10372,1,0.99999,0.84722,0,0,0,0,0,0,0,1
0,0,0,0,0,0,0,0,0.66068,0,-0.53055,1,-0.0051158,6.4681e-05,-4.2098e-05,1,0,0,0.82318,-0.59981,0.89256,-0.33633,0.58561,0.61869,0.55401,0,0,0,0,0,0,0,0,0,0,0,0,0,0,0,0,0,0,0,0,0,0,0,0,0,0,0,0,0,0,0,0,0,0,0,0,0,0,0.0014688,0.66068,1,0.86914,0,0,0,0,0,0,0,0,0,0,0,1
0,0,0,0,0,0,0,0,1.4365,0.70857,-0.76302,1,0.10263,-0.00057858,5.0695e-07,0,0,0,1.5113,999,999,999,1.483,0.82432,0.20369,0.48183,0.11852,4.1467e-07,9999,1,-1,732.42,6.9336,0.15712,0,0,0,0,0,0,0,0,1,1.4365,0.83271,-0.71313,0,0,0,0,0,10,0.11852,4.1467e-07,9999,-1,732.42,6.9336,0.15712,1.4365,0.83271,-0.71313,-2,0.026497,1.4365,1,0.83271,-0.71313,1,0.10263,0.34725,0,0,0,0,0,0,0,1
0,0,0,0,0,0,0,0,0.44843,1.2938,-0.70586,-1,-0.99927,0.49482,7.162e-05,3,2,0.50246,0.84678,999,999,999,0.39221,0.58635,0.67887,0,0,0,0,0,0,0,0,0,0,0,0,0,0,0,0,0,0,0,0,0,0,0,0,0,0,0,0,0,0,0,0,0,0,0,0,0,0,0.0054043,0.69108,1,0.97289,0,0,0,0,0,0,0,0,0,0,0,1
0,0,0,0,0,0,0,0,1.0459,0.35084,-0.54964,-1,-0.96154,7.1319e-06,-1.9349e-06,1,0,0,1.1186,-0.55088,-0.73304,-0.49181,1.2721,0.36665,0.381,0.75022,0.083072,1.2863e-06,9999,0,1,0,4.541,0.048767,0,0,0,0,0,0,0,0,1,1.0459,0.7706,-0.17932,0,0,0,0,0,10,0.083072,1.2863e-06,9999,1,0,4.541,0.048767,1.0459,0.7706,-0.17932,0,0.015579,1.0459,-1,0.7706,-0.17932,-1,-0.96154,-0.70654,0,0,0,0,0,0,0,0
0,0,0,0,0,0,0,0,0.98211,0.49154,0.71196,-1,-0.12625,-0.011339,0.0013178,0,0,0,1.6121,-0.98211,-0.80949,-0.70573,1.3171,1.2313,0.43926,0,0,0,0,0,0,0,0,0,0,0,0,0,0,0,0,0,0,0,0,0,0,0,0,0,0,0,0,0,0,0,0,0,0,0,0,0,0,0.010625,0.98211,-1,0.80949,0,0,0,0,0,0,0,0,0,0,0,0
0.4161,0.2914,0.89745,-1,0,0,0,0,0.65667,0.70749,-0.98616,1,-0.14244,-6.5432e-05,1.934e-05,2,0,0,0.81479,-0.65971,-0.90284,-0.96396,0.61922,0.60886,0.45639,0.28457,0.21448,4.3508e-07,9999,1,1,644.53,7.0312,0.16926,0,0,0,0,0,0,0,0,1,999,999,999,0,0,0,0,0,0,0,0,0,0,0,0,0,0,0,0,0,0.0054336,0.65667,1,0.99576,0.0034953,-1,-6.5432e-05,-0.00066533,0.4161,0.2914,0.89745,-1,1,0.1832,0.97907,0
0,0,0,0,0,0,0,0,1.0862,0.37684,-0.82462,1,0.99857,-0.92891,0.16682,1,1,0.49457,1.3596,1.0862,-0.9244,-0.64146,0.49188,1.248,0.9513,0.47371,0.066311,1.2253e-06,9999,0,1,0,33.594,0.072277,0,0,0,0,0,0,0,0,1,0.77599,0.88761,-0.23664,0,0,0,0,0,10,0.066311,1.2253e-06,9999,1,0,33.594,0.072277,0.77599,0.88761,-0.23664,0,0.024254,1.0862,1,0.9244,-0.23664,-1,-0.92891,-0.69248,0,0,0,0,0,0,0,1
0,0,0,0,0.53655,0.76543,0.54023,-1,0.73439,0.60593,-0.50178,1,-0.019071,4.1611e-05,1.6578e-05,3,1,0.4962,0.7433,999,999,999,0.85761,0.55261,0.42827,0.91898,0.24176,4.4955e-07,9999,1,-1,595.7,5.957,0.17713,0,0,0,0,0,0,0,0,1,999,999,999,0,0,0,0,0,0,0,0,0,0,0,0,0,0,0,0,0,0.00039826,0.73439,1,0.75866,0.7128,1,4.1611e-05,0.019804,0,0,0,0,0,0,0,1
0,0,0,0,0,0,0,0,0.79546,0.63328,-0.8793,-1,-0.24432,0.026954,8.996e-07,0,0,0,0.86142,999,999,999,1.2546,1.1646,0.29742,0.24051,0.24725,6.6931e-07,9999,1,-1,517.58,3.8574,0.25438,0,0,0,0,0,0,0,0,1,0.78004,0.91097,-0.59927,0,0,0,0,0,10,0.24725,6.6931e-07,9999,-1,517.58,3.8574,0.25438,0.78004,0.91097,-0.59927,-6,0.009111,0.79546,-1,0.99621,-0.59927,1,0.026954,8.9582e-05,0,0,0,0,0,0,0,0
0,0,0,0,0,0,0,0,0.51929,0.81697,-0.94445,-1,0.99997,4.7003e-05,5.7448e-06,2,0,0,0.68598,0.54503,0.7774,-0.65941,0.27667,0.57886,0.34959,0.90137,0.13162,1.2158e-06,9999,0,-1,0,16.016,0.079533,0,0,0,0,0,0,0,0,1,0.54503,0.7774,-0.42999,0,0,0,0,0,10,0.13162,1.2158e-06,9999,-1,0,16.016,0.079533,0.54503,0.7774,-0.42999,-2,0.010183,0.54503,1,0.7774,0.70797,1,0.99997,0.70454,0,0,0,0,0,0,0,1
0,0,0,0,0,0,0,0,0.41337,0.076515,-0.70138,-1,-2.0939e-06,1.2094e-06,5.2618e-07,1,0,0,0.30984,999,999,999,0.27314,0.090796,0.21126,0.83112,0.084673,1.2094e-06,9999,0,1,0,14.062,0.090796,0,0,0,0,0,0,0,0,1,999,999,999,0,0,0,0,0,0,0,0,0,0,0,0,0,0,0,0,0,0,0,0,0,0.3163,-1,-2.0939e-06,-0.72656,0,0,0,0,0,0,0,0
0,0,0,0,0,0,0,0,0.33876,0.099625,0.16884,-1,0.0079593,0.00052038,8.6853e-05,3,0,0,0.66313,0.65603,-0.87088,-0.18308,0.6547,0.58091,0.64329,0,0,0,0,0,0,0,0,0,0,0,0,0,0,0,0,0,0,0,0,0,0,0,0,0,0,0,0,0,0,0,0,0,0,0,0,0,0,0.0044621,0.65603,1,0.87088,0,0,0,0,0,0,0,0,0,0,0,0
0,0,0,0,0,0,0,0,0.97121,0.32826,0.14934,1,-0.95775,0.23973,0.039385,1,1,0.49882,0.8305,999,999,999,0.56965,1.5612,1.2688,0.21827,0.087489,3.6458e-07,9999,1,-1,2128.9,10.352,0.12052,0,0,0,0,0,0,0,0,1,0.97121,0.98677,-0.34033,0,0,0,0,0,10,0.087489,3.6458e-07,9999,-1,2128.9,10.352,0.12052,0.97121,0.98677,-0.34033,-6,0.05369,0.97121,1,0.98677,-0.34033,1,0.23973,0.4983,0,0,0,0,0,0,0,0
0,0,0,0,0,0,0,0,0.7975,0.34044,0.59231,1,0.98203,0.00010015,-6.8067e-07,0,0,0,1.0833,0.93043,-0.99354,-0.68853,0.90059,0.74108,0.25708,0.43854,0.14741,6.8067e-07,9999,1,-1,502.93,3.3691,0.25708,0,0,0,0,0,0,0,0,1,0.93043,0.99354,-0.39081,0,0,0,0,0,10,0.14741,6.8067e-07,9999,-1,502.93,3.3691,0.25708,0.93043,0.99354,-0.39081,-0,0.0010804,0.93043,1,0.99354,0.0064744,1,0.98203,0.12764,0,0,0,0,0,0,0,1
0,0,0,0,0,0,0,0,1.1079,0.048251,-0.97651,-1,-0.00025853,2.1458e-05,1.2095e-06,1,0,0,1.0479,999,999,999,0.94416,0.46736,0.095454,0,0,0,0,0,0,0,0,0,0,0,0,0,0,0,0,0,0,0,0,0,0,0,0,0,0,0,0,0,0,0,0,0,0,0,0,0,0,0.024539,1.1079,-1,0.9788,0,0,0,0,0,0,0,0,0,0,0,0
0,0,0,0,0,0,0,0,0.36582,1.9361,-0.88091,-1,0.00042321,-1.9612e-05,-3.5815e-06,1,0,0,0.53535,999,999,999,0.78418,0.45786,0.31354,0,0,0,0,0,0,0,0,0,0,0,0,0,0,0,0,0,0,0,0,0,0,0,0,0,0,0,0,0,0,0,0,0,0,0,0,0,0,0,0,0,0,0,0,0,0,0,0,0,0,0,0,0,0
0,0,0,0,0,0,0,0,0.33472,0.11927,0.60017,1,-0.99871,-0.029412,0.01017,0,1,0.49833,1.3483,999,999,999,0.37803,1.5014,1.2332,0.88659,0.24503,0.99871,9999,1,-1,1093.8,9.2773,0.37803,0,1,0,0,0,0,0,0,1,999,999,999,0,0,0,0,0,0,0,0,0,0,0,0,0,0,0,0,0,0.011308,1.0682,-1,0.87693,0.056567,1,0.01017,3.3455e-06,0,0,0,0,0,0,0,0
0,0,0,0,0,0,0,0,0.72287,0.46886,0.94478,1,0.91835,9.0285e-05,-5.5063e-07,1,0,0,0.93862,0.5629,-0.88041,-0.12979,0.8964,0.64106,0.22013,0.10695,0.18506,5.5063e-07,9999,0,-1,507.81,5.8105,0.22013,0,0,0,0,0,0,0,0,1,999,999,999,0,0,0,0,0,0,0,0,0,0,0,0,0,0,0,0,0,0.00041459,0.72287,1,0.39447,0.95532,1,0.91835,0.0030052,0,0,0,0,0,0,0,1
0,0,0,0,0,0,0,0,0.31696,0.1647,-0.17969,1,-0.83458,0.70865,2.6507e-06,1,0,0,0.47,999,999,999,0.19149,0.46608,0.40871,0,0,0,0,0,0,0,0,0,0,0,0,0,0,0,0,0,0,0,0,0,0,0,0,0,0,0,0,0,0,0,0,0,0,0,0,0,0,0,0,0,0,0,0,0,0,0,0,0,0,0,0,0,1
0,0,0,0,0,0,0,0,0.81546,0.64185,-0.30057,1,0.02834,-0.0005595,9.439e-05,3,0,0,0.9048,0.81546,0.81503,-0.74096,0.34916,0.54962,0.77967,0,0,0,0,0,0,0,0,0,0,0,0,0,0,0,0,0,0,0,0,0,0,0,0,0,0,0,0,0,0,0,0,0,0,0,0,0,0,0.012816,0.81546,1,0.81503,0,0,0,0,0,0,0,0,0,0,0,1
0,0,0,0,0,0,0,0,0.85344,0.26507,-0.82186,1,-0.97628,0.030428,-0.0019293,0,0,0,1.079,-0.61756,0.89375,-0.90514,0.8638,1.2037,0.66412,0,0,0,0,0,0,0,0,0,0,0,0,0,0,0,0,0,0,0,0,0,0,0,0,0,0,0,0,0,0,0,0,0,0,0,0,0,0,0.0047256,0.85344,1,0.74074,0,0,0,0,0,0,0,0,0,0,0,0
0,0,0,0,0,0,0,0,0.84033,0.78402,-0.29003,1,-0.96969,0.96652,6.8045e-05,1,0,0,0.99779,999,999,999,0.99319,0.88293,0.66429,0,0,0,0,0,0,0,0,0,0,0,0,0,0,0,0,0,0,0,0,0,0,0,0,0,0,0,0,0,0,0,0,0,0,0,0,0,0,0.0014566,0.84033,1,0.97079,0,0,0,0,0,0,0,0,0,0,0,1
0,0,0,0,1.1043,0,0.79256,1,1.0244,0.75519,-0.8978,-1,0.99629,-0.052238,0.014986,0,0,0,1.6891,1.1043,0.97594,-0.51165,0.56607,1.0933,1.2996,0,0,0,0,0,0,0,0,0,0,0,0,0,0,0,0,0,0,0,0,0,0,0,0,0,0,0,0,0,0,0,0,0,0,0,0,0,0,0.010237,1.1043,1,0.97594,0,0,0,0,0,0,0,0,0,0,0,1
0,0,0,0,0,0,0,0,0.17137,1.6832,-0.60711,-1,-0.069295,0.0042058,4.8131e-05,2,0,0,0.87989,999,999,999,0.65366,0.99405,0.58368,0.52112,0.17137,3.8851e-06,9999,0,-1,0,3.6621,0.29265,0,0,0,0,0,0,0,0,1,999,999,999,0,0,0,0,0,0,0,0,0,0,0,0,0,0,0,0,0,0.024682,0.65009,1,0.87611,0.85461,1,0.0042058,0.042253,0,0,0,0,0,0,0,1
0,0,0,0,0,0,0,0,1.3893,0.34228,-0.45546,1,0.96695,0.028323,-0.01102,1,0,0,1.7039,0.7757,0.82105,-0.43111,1.4852,1.0225,0.45315,0.53836,0.061458,1.2104e-06,9999,0,1,0,3.1738,0.087062,0,0,0,0,0,0,0,0,1,999,999,999,0,0,0,0,0,0,0,0,0,0,0,0,0,0,0,0,0,0.0041421,1.3893,1,0.8575,0.62542,-1,-0.00015626,-0.74538,0,0,0,0,0,0,0,1
0,0,0,0,0,0,0,0,0.15659,0.68029,-0.85703,1,-2.4208e-06,5.1852e-07,0,0,0,0,0.32199,999,999,999,0.2841,0.20831,0,0.97115,0.15659,5.1852e-07,9999,1,1,600.59,4.1016,0.20831,0,0,0,0,0,0,0,0,1,999,999,999,0,0,0,0,0,0,0,0,0,0,0,0,0,0,0,0,0,0,0,0,0,-0.41539,-1,-2.4208e-06,-0.82266,0,0,0,0,0,0,0,0
0,0,0,0,0,0,0,0,0.71088,1.485,-0.74582,1,-0.0001083,-6.496e-05,2.6123e-05,1,0,0,1.1674,999,999,999,0.77486,0.65244,0.49027,0,0,0,0,0,0,0,0,0,0,0,0,0,0,0,0,0,0,0,0,0,0,0,0,0,0,0,0,0,0,0,0,0,0,0,0,0,0,0.018266,0.80413,-1,0.85181,0,0,0,0,0,0,0,0,0,0,0,0
0,0,0,0,0,0,0,0,0.75851,0.37232,0.11982,-1,0.97444,-0.81886,-0.04741,0,0,0,1.1195,999,999,999,0.84915,0.17582,0.85166,0.62483,0.21116,8.0524e-06,9999,1,1,0,3.1738,0.35122,0,0,0,0,0,0,0,0,1,999,999,999,0,0,0,0,0,0,0,0,0,0,0,0,0,0,0,0,0,0.00089076,0.75851,-1,0.97256,-0.54594,-1,-0.81886,-0.0033548,0,0,0,0,0,0,0,1
0,0,0,0,0,0,0,0,0.4626,0.49233,-0.42911,1,0.99479,-0.13466,0.00021769,4,0,0,1.0537,999,999,999,0.43312,1.3574,0.2501,0.81193,0.14334,3.6845e-07,9999,0,1,1084,9.375,0.12377,0,0,0,0,0,0,0,0,1,0.84777,0.66002,-0.92715,0,0,0,0,0,10,0.14334,3.6845e-07,9999,1,1084,9.375,0.12377,0.84777,0.66002,-0.92715,0,0.028175,0.84777,-1,0.66002,0.96679,1,0.99479,0.017831,0,0,0,0,0,0,0,0
0.81619,0.83217,-0.9023,-1,0,0,0,0,0.66701,0.38612,0.30355,-1,-0.99999,0.40203,-0.21289,3,0,0,0.86609,-0.66701,0.74996,-0.99881,0.22466,0.7666,1.0792,0.43503,0.2095,2.1578e-06,9999,1,1,556.64,3.1006,0.27542,0,0,0,0,0,0,0,0,1,0.81619,0.77652,-0.90389,0,0,0,0,0,10,0.2095,2.1578e-06,9999,1,556.64,3.1006,0.27542,0.81619,0.77652,-0.90389,0,0.017107,0.81619,-1,0.77652,0.27414,-1,-0.99999,-0.0016398,0.81619,0.83217,-0.9023,-1,1,0.017107,0.77652,0
0,0,0,0,1.5287,0,-0.83601,1,0.88765,0.15273,-0.47958,1,0.3037,0.0077074,-1.243e-06,0,0,0,1.6109,1.5287,-0.91015,-0.064669,1.4127,1.8057,0.12257,0.86392,0.06202,1.243e-06,9999,1,-1,0,6.25,0.12257,0,0,0,0,0,0,0,0,1,1.5287,0.91015,-0.58166,0,0,0,0,0,10,0.06202,1.243e-06,9999,-1,0,6.25,0.12257,1.5287,0.91015,-0.58166,-2,0.0060252,1.5287,1,0.91015,0.76025,1,0.3037,0.76512,0,0,0,0,0,0,0,1
0.8039,1.8183,-0.0096244,-1,0.88778,0.35079,0.13016,1,1.0004,1.3487,-0.76763,-1,-0.2504,0.035061,0.010293,2,1,0.50273,1.4938,-0.8039,-0.79812,-0.61975,1.6153,1.2891,1.0499,0.63511,0.14271,3.4017e-07,9999,1,1,236.82,3.3691,0.097743,0,0,0,0,0,0,0,0,1,1.0004,0.66885,-0.58885,0,0,0,0,0,10,0.14271,3.4017e-07,9999,1,236.82,3.3691,0.097743,1.0004,0.66885,-0.58885,21,0.015245,1.0004,-1,0.66885,0.9701,-1,-0.0047711,-0.2467,0.8039,1.8183,-0.0096244,-1,1,0.010198,0.79812,1
0,0,0,0,0,0,0,0,0.43638,0.41453,0.6628,1,-0.96244,0.0016919,-4.8851e-06,0,0,0,1.0288,999,999,999,1.1149,0.93365,0.33708,0,0,0,0,0,0,0,0,0,0,0,0,0,0,0,0,0,0,0,0,0,0,0,0,0,0,0,0,0,0,0,0,0,0,0,0,0,0,0.016544,0.77912,1,0.95515,0,0,0,0,0,0,0,0,0,0,0,0
0,0,0,0,0,0,0,0,1.3779,1.2069,-0.8662,1,0.88747,-2.2538e-05,-9.7198e-06,2,1,0.49762,1.2602,999,999,999,2.0019,0.47197,0.39196,0.7288,0.17866,3.5943e-07,9999,1,1,1816.4,11.23,0.11604,0,0,0,0,0,0,0,0,1,999,999,999,0,0,0,0,0,0,0,0,0,0,0,0,0,0,0,0,0,0.00415,1.3779,1,0.90155,0.059548,-1,-2.2538e-05,-0.086217,0,0,0,0,0,0,0,1
0,0,0,0,0,0,0,0,1.3418,0.86721,-0.44702,1,-0.99509,0.02614,0.0040385,1,1,0.50181,1.6786,999,999,999,0.59376,1.102,1.921,0.086841,0.19679,3.7952e-07,9999,1,-1,1015.6,7.3242,0.13265,0,0,0,0,0,0,0,0,1,1.3418,0.9855,-0.22128,0,0,0,0,0,10,0.19679,3.7952e-07,9999,-1,1015.6,7.3242,0.13265,1.3418,0.9855,-0.22128,-0,0.021157,1.1722,1,0.98514,0.080117,1,2.7764e-06,0.0011423,0,0,0,0,0,0,0,0
0,0,0,0,0,0,0,0,0.99987,0.97762,-0.91769,1,0.043786,5.2541e-05,-3.7878e-07,0,0,0,0.99641,999,999,999,1.3148,0.59906,0.13207,0.94821,0.089881,3.7878e-07,9999,1,-1,1113.3,7.3242,0.13207,0,0,0,0,0,0,0,0,1,0.99987,0.99557,-0.93848,0,0,0,0,0,10,0.089881,3.7878e-07,9999,-1,1113.3,7.3242,0.13207,0.99987,0.99557,-0.93848,-6,0.029943,0.99987,1,0.99557,0.6958,1,5.2541e-05,0.82643,0,0,0,0,0,0,0,0
0,0,0,0,0,0,0,0,0.40749,1.4382,0.015018,-1,8.926e-05,-2.3089e-05,9.7806e-06,1,1,0.50443,0.78356,999,999,999,0.59566,0.47575,0.39265,0.99675,0.2253,5.1027e-07,9999,1,1,571.29,4.541,0.20504,0,0,0,0,0,0,0,0,1,999,999,999,0,0,0,0,0,0,0,0,0,0,0,0,0,0,0,0,0,0.010041,0.53467,-1,0.97268,0.98449,-1,-2.3089e-05,-0.466,0,0,0,0,0,0,0,0
0,0,0,0,0,0,0,0,0.43485,1.4745,-0.57018,-1,-2.4462e-05,1.4856e-05,7.7123e-06,0,0,0,0.74693,999,999,999,0.4824,0.43008,0.37296,0.32364,0.065202,1.2635e-06,9999,1,-1,0,7.6172,0.13047,0,0,0,0,0,0,0,0,1,999,999,999,0,0,0,0,0,0,0,0,0,0,0,0,0,0,0,0,0,0.0028431,0.51517,1,0.95969,0.39273,1,7.7123e-06,0.6228,0,0,0,0,0,0,0,1
0,0,0,0,0,0,0,0,0.70881,0.84042,0.61279,-1,0.97055,-0.95244,0.00045449,1,0,0,1.2197,0.56244,0.44498,-0.18204,0.84682,0.99747,0.63159,0.88834,0.16001,4.2422e-07,9999,1,-1,771.48,4.3457,0.16296,1,0,1.5614,0.9278,-0.82317,0.17378,0.032232,0.029946,1,0.56244,0.44498,-0.11116,0,0,0,0,0,10,0.16001,4.2422e-07,9999,-1,771.48,4.3457,0.16296,0.56244,0.44498,-0.11116,-5,0.0041094,0.80858,1,0.88259,0.9938,1,0.97055,0.53998,0,0,0,0,0,0,0,0
0,0,0,0,0,0,0,0,0.61145,0.84207,0.6711,1,0.98555,-0.97599,0.00010225,3,1,0.49144,1.1828,0.67385,-0.77153,-0.38324,0.71025,0.86532,0.87219,0,0,0,0,0,0,0,0,0,0,0,0,0,0,0,0,0,0,0,0,0,0,0,0,0,0,0,0,0,0,0,0,0,0,0,0,0,0,0.0063509,0.67385,1,0.77153,0,0,0,0,0,0,0,0,0,0,0,0
0,0,0,0,0,0,0,0,1.044,0.99647,0.08778,-1,-0.00061582,6.9409e-06,6.1063e-06,1,0,0,1.1545,999,999,999,1.134,0.36448,0.35436,0,0,0,0,0,0,0,0,0,0,0,0,0,0,0,0,0,0,0,0,0,0,0,0,0,0,0,0,0,0,0,0,0,0,0,0,0,0,0.014595,1.044,-1,0.95281,0,0,0,0,0,0,0,0,0,0,0,0
1.2511,0.62294,-0.96226,-1,0,0,0,0,0.89875,0.62294,-0.9683,-1,-0.94986,-5.3911e-05,0,0,0,0,1.1762,999,999,999,1.4144,1.8577,0,0,0,0,0,0,0,0,0,0,0,0,0,0,0,0,0,0,0,0,0,0,0,0,0,0,0,0,0,0,0,0,0,0,0,0,0,0,0,0.025593,1.2511,-1,0.95106,0,0,0,0,0,0,0,0,0,0,0,0
0,0,0,0,0,0,0,0,0.8562,1.9181,-0.87708,-1,1,-0.4354,-0.00060273,2,0,0,0.93955,999,999,999,0.18064,1.4097,0.51049,0,0,0,0,0,0,0,0,0,0,0,0,0,0,0,0,0,0,0,0,0,0,0,0,0,0,0,0,0,0,0,0,0,0,0,0,0,0,0.066271,0.8562,-1,0.91236,0,0,0,0,0,0,0,0,0,0,0,1
0,0,0,0,0,0,0,0,1.2854,0.098265,-0.15788,1,-0.99927,0.99917,0.96847,0,1,0.4972,1.4149,-0.50564,-0.3343,-0.77152,0.36556,0.45536,1.8591,0.24873,0.19993,0.99927,9999,1,-1,1152.3,10.547,0.36556,0,0,0,0,0,0,0,0,1,1.2854,0.96902,-0.045021,0,0,0,0,0,10,0.19993,0.99927,9999,-1,1152.3,10.547,0.36556,1.2854,0.96902,-0.045021,-22,0.011628,1.2854,1,0.96902,0.86584,1,0.99917,1.9615e-05,0,0,0,0,0,0,0,1
0,0,0,0,0,0,0,0,0.48259,0.28037,-0.91168,1,-0.99544,1.7808e-05,0,0,0,0,0.58648,999,999,999,0.59338,0.44787,0,0,0,0,0,0,0,0,0,0,0,0,0,0,0,0,0,0,0,0,0,0,0,0,0,0,0,0,0,0,0,0,0,0,0,0,0,0,0,0,0,0,0,0,0,0,0,0,0,0,0,0,0,0,0
0,0,0,0,0,0,0,0,0.58121,1.874,-0.87752,-1,-0.00012285,-5.6046e-05,3.2622e-05,2,1,0.50423,0.99209,-0.58121,-0.87599,-0.94679,0.68062,0.61357,0.58482,0.8649,0.23218,4.7859e-07,9999,1,-1,561.52,4.6387,0.1914,0,0,0,0,0,0,0,0,1,999,999,999,0,0,0,0,0,0,0,0,0,0,0,0,0,0,0,0,0,0.022018,0.51151,1,0.4454,0.27119,1,1.2284e-06,0.011578,0,0,0,0,0,0,0,0
0,0,0,0,0,0,0,0,1.9401,0.4034,-0.76941,-1,-0.13648,0.00053349,9.2697e-05,0,0,0,1.6601,999,999,999,2.9154,0.36737,0.5949,0,0,0,0,0,0,0,0,0,0,0,0,0,0,0,0,0,0,0,0,0,0,0,0,0,0,0,0,0,0,0,0,0,0,0,0,0,0,0.020521,1.9401,-1,0.9224,0,0,0,0,0,0,0,0,0,0,0,0
0,0,0,0,0,0,0,0,1.5382,0.45356,-0.86733,1,0.7985,0.078764,0.040158,3,1,0.50065,1.2542,1.5382,0.97545,-0.8312,0.1559,2.2999,0.87952,0.53781,0.098874,1.2351e-06,9999,1,-1,0,3.8086,0.066856,0,0,0,0,0,0,0,0,1,1.5382,0.97545,-0.49222,0,0,0,0,0,10,0.098874,1.2351e-06,9999,-1,0,3.8086,0.066856,1.5382,0.97545,-0.49222,-11,0.0010609,1.5382,1,0.97545,0.83598,1,0.7985,0.52964,0,0,0,0,0,0,0,1
0,0,0,0,0,0,0,0,0.82481,0.99274,-0.74792,-1,-0.037799,6.3942e-05,-4.993e-05,1,0,0,1.1719,999,999,999,0.88078,0.64431,0.58961,0.19961,0.18447,4.8323e-07,9999,0,1,556.64,4.0527,0.19351,0,0,0,0,0,0,0,0,1,0.82481,0.99286,-0.12187,0,0,0,0,0,10,0.18447,4.8323e-07,9999,1,556.64,4.0527,0.19351,0.82481,0.99286,-0.12187,8,0.025754,0.82481,-1,0.99286,-0.12187,-1,-0.037799,-0.0048421,0,0,0,0,0,0,0,0
0,0,0,0,0,0,0,0,0.75168,1.326,-0.99478,-1,0.99342,0.00012036,0.00010326,1,1,0.49707,1.2064,0.69127,-0.75757,-0.8625,0.59395,0.88497,0.8732,0.24058,0.1978,7.0901e-07,9999,1,-1,493.16,5.8594,0.26349,0,0,0,0,0,0,0,0,1,0.57885,0.79163,-0.0036201,0,0,0,0,0,10,0.1978,7.0901e-07,9999,-1,493.16,5.8594,0.26349,0.57885,0.79163,-0.0036201,-0,0.013317,0.75168,-1,0.65479,-0.73899,1,0.99342,0.0020064,0,0,0,0,0,0,0,0
0,0,0,0,0,0,0,0,0.7818,0.72408,-0.72022,-1,-0.79324,4.3158e-07,4.0626e-07,0,0,0,0.6347,999,999,999,0.60908,0.16727,0.15171,0.65118,0.13435,4.3158e-07,9999,0,1,722.66,4.2969,0.16727,0,0,0,0,0,0,0,0,1,0.7818,0.98216,-0.74287,0,0,0,0,0,10,0.13435,4.3158e-07,9999,1,722.66,4.2969,0.16727,0.7818,0.98216,-0.74287,8,0.013028,0.7818,-1,0.98216,0.38493,-1,-0.79324,-0.28905,0,0,0,0,0,0,0,0
0.51597,0.6704,-0.48802,-1,0,0,0,0,0.25345,0.36877,0.95819,1,0.99999,-0.00040275,2.731e-06,0,0,0,0.58645,999,999,999,0.2091,0.57681,0.41121,0,0,0,0,0,0,0,0,0,0,0,0,0,0,0,0,0,0,0,0,0,0,0,0,0,0,0,0,0,0,0,0,0,0,0,0,0,0,0.0081679,0.51597,-1,0.85424,0,0,0,0,0.51597,0.6704,-0.48802,-1,1,0.0081679,0.85424,0
0,0,0,0,0,0,0,0,0.22138,0.24125,0.84876,-1,0.00023129,8.803e-06,-8.0848e-06,2,1,0.49764,0.45327,999,999,999,0.68838,0.38381,0.3768,0.31937,0.15724,6.3262e-07,9999,1,1,537.11,4.1992,0.24506,0,0,0,0,0,0,0,0,1,999,999,999,0,0,0,0,0,0,0,0,0,0,0,0,0,0,0,0,0,0,0,0,0,0.72714,1,0.00023129,0.0015069,0,0,0,0,0,0,0,0
1.2641,0.47106,0.27901,1,0,0,0,0,2.0486,0.21301,0.0017365,-1,-0.94224,0.056572,-0.00010101,2,0,0,2.4424,-2.0486,0.9944,-0.67698,0.97645,1.1916,2.8281,0.98124,0.18049,3.8238e-07,9999,0,1,561.52,6.543,0.13484,0,0,0,0,0,0,0,0,1,2.0486,0.9944,-0.95539,0,0,0,0,0,10,0.18049,3.8238e-07,9999,1,561.52,6.543,0.13484,2.0486,0.9944,-0.95539,0,0.0021851,2.0486,-1,0.9944,0.68177,-1,-0.94224,-0.78666,0,0,0,0,0,0,0,0
0,0,0,0,0,0,0,0,0.50275,1.4283,-0.5765,1,-0.99999,0.86277,-0.27387,0,0,0,1.1418,-0.75517,0.97601,-0.2546,0.23584,0.22204,0.87281,0.88662,0.097901,3.9e-07,9999,1,1,1230.5,8.1055,0.14049,0,0,0,0,0,0,0,0,1,0.55286,0.74551,-0.83401,0,0,0,0,0,10,0.24584,0.86277,9999,1,0,19.141,0.22204,0.75517,0.97601,-0.76075,22,3.4018e-05,0.75517,-1,0.97601,0.96381,-1,-0.27387,-0.74668,0,0,0,0,0,0,0,1
0,0,0,0,0,0,0,0,0.63384,0.6012,0.53212,1,-0.99964,0.14183,-4.8066e-05,0,0,0,0.88366,999,999,999,0.42178,0.81478,0.58325,0.71714,0.22947,4.1765e-07,9999,1,-1,839.84,6.7383,0.15898,0,0,0,0,0,0,0,0,1,999,999,999,0,0,0,0,0,0,0,0,0,0,0,0,0,0,0,0,0,0.020777,0.65324,-1,0.81468,0.083022,1,0.14183,0.0014722,0,0,0,0,0,0,0,0
0,0,0,0,0,0,0,0,0.51987,1.4511,-0.17603,-1,-0.99957,-0.00012814,1.0196e-05,1,0,0,0.78086,-0.51987,0.90629,-0.92516,0.34901,0.81084,0.39619,0.22688,0.10978,4.0589e-07,9999,0,1,859.38,6.3477,0.15147,0,0,0,0,0,0,0,0,1,999,999,999,0,0,0,0,0,10,0.24036,1.904e-06,9999,-1,444.34,3.6621,0.37951,0.55548,0.90071,-0.020331,-6,0.039026,0.51987,-1,0.90629,-0.36631,-1,-0.99957,-0.34747,0,0,0,0,0,0,0,0
0,0,0,0,0,0,0,0,1.0173,0.044907,0.77522,-1,-0.0059241,4.7633e-07,0,1,0,0,0.90064,999,999,999,1.4396,0.19036,0,0.31158,0.18488,4.7633e-07,9999,0,1,683.59,5.127,0.19036,0,0,0,0,0,0,0,0,1,1.0173,0.98087,-0.12127,0,0,0,0,0,10,0.18488,4.7633e-07,9999,1,683.59,5.127,0.19036,1.0173,0.98087,-0.12127,0,0.0089859,1.0173,-1,0.98087,-0.12127,-1,-0.0059241,-0.0077447,0,0,0,0,0,0,0,0
0,0,0,0,0,0,0,0,0.4695,0.2495,0.55158,1,0.98563,0.27992,0.00025522,1,0,0,0.71422,999,999,999,0.62804,0.76469,0.27867,0.3234,0.098429,3.528e-07,9999,1,-1,1464.8,11.523,0.11003,0,0,0,0,0,0,0,0,1,999,999,999,0,0,0,0,0,0,0,0,0,0,0,0,0,0,0,0,0,0.012032,0.72943,1,0.83436,0.18132,1,0.27992,0.44382,0,0,0,0,0,0,0,1
0,0,0,0,0,0,0,0,0.52495,0.64628,-0.38824,-1,-0.00041983,0.00038459,-3.4424e-06,0,0,0,0.78126,999,999,999,0.80283,0.74013,0.31056,0.90075,0.065292,1.2306e-06,9999,1,-1,0,8.2031,0.11646,0,0,0,0,0,0,0,0,1,0.54322,0.90792,-0.77241,0,0,0,0,0,10,0.14501,1.9682e-06,9999,1,0,4.1504,0.2204,0.52495,0.44222,-0.40959,0,0.028229,0.52495,-1,0.44222,0.60974,1,1.9682e-06,0.78281,0,0,0,0,0,0,0,1
0,0,0,0,0,0,0,0,0.43119,0.23509,0.69248,-1,0.96303,-0.00080295,2.2931e-05,1,0,0,0.8462,999,999,999,0.29955,0.65947,0.47494,0,0,0,0,0,0,0,0,0,0,0,0,0,0,0,0,0,0,0,0,0,0,0,0,0,0,0,0,0,0,0,0,0,0,0,0,0,0,0,0,0,0,0,0,0,0,0,0,0,0,0,0,0,0
0,0,0,0,0,0,0,0,1.1288,0.51554,0.61394,1,0.071526,0.00033059,-0.00022083,1,0,0,1.1716,1.0985,-0.83048,-0.90753,1.7314,0.83349,0.25302,0.44967,0.17695,0.00022083,9999,0,-1,585.94,0,0.25302,0,0,0,0,0,0,0,0,1,1.1288,0.64106,-0.38477,0,0,0,0,0,10,0.17695,0.00022083,9999,-1,585.94,0,0.25302,1.1288,0.64106,-0.38477,-5,0.004378,1.1288,1,0.64106,0.10052,1,0.00033059,0.023281,0,0,0,0,0,0,0,1
0.26543,0.28812,-0.96676,-1,0,0,0,0,0.35657,0.28812,-0.15056,1,-0.00092634,1.5897e-05,-6.5689e-07,1,0,0,0.44057,999,999,999,0.41769,0.43659,0.25133,0.36421,0.19221,6.5689e-07,9999,1,-1,537.11,4.7852,0.25133,0,0,0,0,0,0,0,0,1,999,999,999,0,0,0,0,0,0,0,0,0,0,0,0,0,0,0,0,0,0,0,0,0,-0.76876,1,1.5897e-05,0.0052935,0.26543,0.28812,-0.96676,-1,1,0.29398,0.55901,1
0,0,0,0,0,0,0,0,0.52441,0,-0.26603,-1,0.30178,-0.0086871,0,0,0,0,0.67565,999,999,999,1.3999,0.81363,0,0,0,0,0,0,0,0,0,0,0,0,0,0,0,0,0,0,0,0,0,0,0,0,0,0,0,0,0,0,0,0,0,0,0,0,0,0,0,0.0020715,0.8867,1,0.90745,0,0,0,0,0,0,0,0,0,0,0,1
0,0,0,0,0,0,0,0,0.80441,0.11375,0.78957,-1,0.95624,-0.16354,0.00088338,0,0,0,1.2315,999,999,999,0.67791,1.0616,0.86747,0,0,0,0,0,0,0,0,0,0,0,0,0,0,0,0,0,0,0,0,0,0,0,0,0,0,0,0,0,0,0,0,0,0,0,0,0,0,0.017997,0.84326,1,0.60497,0,0,0,0,0,0,0,0,0,0,0,0
0,0,0,0,0,0,0,0,0.8028,0.69894,-0.20302,1,0.95288,-5.2201e-05,3.8433e-05,2,1,0.49676,0.96168,999,999,999,1.1499,0.59182,0.45997,0.32737,0.10516,3.5136e-07,9999,1,-1,1347.7,9.7656,0.10869,0,0,0,0,0,0,0,0,1,999,999,999,0,0,0,0,0,10,0.21222,3.7768e-07,9999,-1,1132.8,9.1797,0.13122,0.8028,0.93782,-0.81402,-5,0.0009211,0.8028,1,0.93782,0.61674,1,0.95288,0.39945,0,0,0,0,0,0,0,1
1.4521,0,-0.075129,1,0,0,0,0,0.69661,0,-0.52585,-1,0.72606,-0.00012578,0,0,0,0,0.86787,999,999,999,0.93075,0.97894,0,0,0,0,0,0,0,0,0,0,0,0,0,0,0,0,0,0,0,0,0,0,0,0,0,0,0,0,0,0,0,0,0,0,0,0,0,0,0,0.01231,1.4521,1,0.78229,0,0,0,0,0,0,0,0,0,0,0,1
0,0,0,0,0,0,0,0,0.48734,0.29298,0.048182,-1,-0.00025338,-0.00019961,7.0748e-07,0,0,0,0.48687,999,999,999,0.71396,0.2299,0.26316,0.70927,0.15748,7.0748e-07,9999,1,1,556.64,4.3945,0.26316,0,0,0,0,0,0,0,0,1,999,999,999,0,0,0,0,0,0,0,0,0,0,0,0,0,0,0,0,0,0,0,0,0,0.84921,-1,-0.00025338,-0.20388,0,0,0,0,0,0,0,1
0,0,0,0,0,0,0,0,0.94087,0.76465,-0.24946,-1,-0.94642,6.302e-05,-3.1746e-05,0,1,0.49985,1.0988,999,999,999,1.3515,0.64786,0.58326,0.084202,0.099722,3.934e-07,9999,1,1,927.73,9.8633,0.14293,0,0,0,0,0,0,0,0,1,0.94087,0.97771,-0.073351,0,0,0,0,0,10,0.099722,3.934e-07,9999,1,927.73,9.8633,0.14293,0.94087,0.97771,-0.073351,4,0.0005568,0.94087,-1,0.97771,-0.073351,-1,-0.94642,-0.40625,0,0,0,0,0,0,0,0
0,0,0,0,0.94667,1.0937,-0.60624,-1,0,0,0,0,-0.010825,0,0,0,0,0,0.94759,999,999,999,1.1686,0,0,0,0,0,0,0,0,0,0,0,0,0,0,0,0,0,0,0,0,0,0,0,0,0,0,0,0,0,0,0,0,0,0,0,0,0,0,0,0,0.0014179,0.94667,-1,0.9715,0,0,0,0,0,0,0,0,0,0,0,1
0,0,0,0,0,0,0,0,1.5257,0.21979,-0.30172,1,0.024791,0.001029,0.00061364,1,0,0,1.6274,999,999,999,1.7618,0.74825,0.93745,0,0,0,0,0,0,0,0,0,0,0,0,0,0,0,0,0,0,0,0,0,0,0,0,0,0,0,0,0,0,0,0,0,0,0,0,0,0,0.030516,1.5257,1,0.97291,0,0,0,0,0,0,0,0,0,0,0,1
0,0,0,0,0,0,0,0,0.72153,0,-0.17475,-1,-0.00042486,2.152e-06,-9.8365e-07,0,0,0,0.7791,999,999,999,0.7349,0.27522,0.30888,0,0,0,0,0,0,0,0,0,0,0,0,0,0,0,0,0,0,0,0,0,0,0,0,0,0,0,0,0,0,0,0,0,0,0,0,0,0,0.0020757,0.72153,-1,0.7821,0,0,0,0,0,0,0,0,0,0,0,1
0,0,0,0,0,0,0,0,0.28399,0.14688,-0.18286,1,2.1242e-05,1.5616e-05,-2.1798e-06,1,0,0,0.47734,999,999,999,0.46531,0.43486,0.23341,0.15165,0.13165,2.1798e-06,9999,1,-1,0,4.9805,0.23341,0,0,0,0,0,0,0,0,1,999,999,999,0,0,0,0,0,0,0,0,0,0,0,0,0,0,0,0,0,0,0,0,0,0.18883,1,1.5616e-05,0.15259,0,0,0,0,0,0,0,1
0,0,0,0,0,0,0,0,0.66071,1.2951,-0.76609,-1,-0.97837,-0.00028691,0.00015965,0,0,0,1.0079,999,999,999,0.49003,0.74448,0.37283,0.77003,0.19014,4.9528e-06,9999,1,1,0,5.2246,0.31342,0,0,0,0,0,0,0,0,1,0.66071,0.86183,-0.3931,0,0,0,0,0,10,0.19014,4.9528e-06,9999,1,0,5.2246,0.31342,0.66071,0.86183,-0.3931,0,0.013823,0.66071,-1,0.86183,-0.11615,-1,-0.97837,-0.064395,0,0,0,0,0,0,0,0
0,0,0,0,0,0,0,0,0.98686,0.58973,-0.83205,-1,-0.00024991,9.3075e-06,0,0,0,0,0.81916,999,999,999,0.75541,0.38846,0,0,0,0,0,0,0,0,0,0,0,0,0,0,0,0,0,0,0,0,0,0,0,0,0,0,0,0,0,0,0,0,0,0,0,0,0,0,0,0.00255,0.98686,-1,0.87954,0,0,0,0,0,0,0,0,0,0,0,0
0,0,0,0,0,0,0,0,0.81544,1.4183,-0.94393,-1,-0.76059,0.70428,-0.38759,0,0,0,1.5104,-0.9991,-0.74485,-0.56172,1.2378,0.65752,1.0717,0.80901,0.1549,4.118e-07,9999,1,-1,781.25,5.6152,0.15531,0,0,0,0,0,0,0,0,1,999,999,999,0,0,0,0,0,10,0.20443,8.3134e-07,9999,1,512.7,3.418,0.28677,0.9991,0.74485,-0.42608,0,0.00029519,0.9991,-1,0.74485,0.97361,1,0.70428,0.38191,0,0,0,0,0,0,0,0
0,0,0,0,0,0,0,0,0.6562,0.68946,0.96741,-1,0.62568,-8.6351e-05,3.1987e-06,1,0,0,0.88088,999,999,999,0.85419,0.76338,0.27464,0.82959,0.21392,5.7634e-07,9999,1,-1,644.53,3.418,0.22867,0,0,0,0,0,0,0,0,1,999,999,999,0,0,0,0,0,0,0,0,0,0,0,0,0,0,0,0,0,0.0085527,0.6562,-1,0.96566,-0.70858,1,3.1987e-06,0.026734,0,0,0,0,0,0,0,0
0,0,0,0,0,0,0,0,0.27713,0.30245,0.2502,1,1.2414e-05,2.3828e-06,-1.4773e-06,0,0,0,0.39135,999,999,999,0.41347,0.28291,0.174,0.78826,0.24968,1.4773e-06,9999,1,-1,0,5.6641,0.174,0,0,0,0,0,0,0,0,1,999,999,999,0,0,0,0,0,0,0,0,0,0,0,0,0,0,0,0,0,0,0,0,0,0.25966,1,2.3828e-06,0.00059138,0,0,0,0,0,0,0,1
0,0,0,0,0,0,0,0,1.1646,1.0563,-0.59968,1,0.94477,0.00057548,-1.1489e-05,1,1,0.50073,1.2611,999,999,999,1.4043,0.22352,0.40657,0.82532,0.11656,4.6481e-07,9999,0,-1,571.29,5.4688,0.18487,0,1,0,0,0,0,0,0,1,999,999,999,0,0,0,0,0,10,0.21183,1.4059e-06,9999,-1,0,6.0547,0.1631,1.1646,0.94472,-0.67532,-6,0.0052612,1.1646,1,0.94472,0.7725,1,0.94477,0.64082,0,0,0,0,0,0,0,1
0.72157,0,-0.12447,1,1.2421,0.07891,-0.82068,-1,0,0,0,0,-0.28364,-0.003982,0.00046602,1,0,0,0.89639,999,999,999,1.9562,0.55913,0.52767,0,0,0,0,0,0,0,0,0,0,0,0,0,0,0,0,0,0,0,0,0,0,0,0,0,0,0,0,0,0,0,0,0,0,0,0,0,0,0.0095139,1.2421,-1,0.91361,0,0,0,0,0.72157,0,-0.12447,1,1,0.0064255,0.7729,0
0,0,0,0,0,0,0,0,0.41071,0.26998,0.50097,-1,-0.00010345,-3.948e-05,2.9718e-06,0,0,0,0.68586,999,999,999,0.78339,0.59811,0.29951,0,0,0,0,0,0,0,0,0,0,0,0,0,0,0,0,0,0,0,0,0,0,0,0,0,0,0,0,0,0,0,0,0,0,0,0,0,0,0.032667,0.56965,-1,0.82041,0,0,0,0,0,0,0,0,0,0,0,1
0,0,0,0,0,0,0,0,0.75512,0,-0.6911,-1,-0.96994,5.6382e-07,0,0,0,0,0.7932,999,999,999,0.90111,0.2246,0,0,0,0,0,0,0,0,0,0,0,0,0,0,0,0,0,0,0,0,0,0,0,0,0,0,0,0,0,0,0,0,0,0,0,0,0,0,0,0.015692,0.75512,-1,0.7256,0,0,0,0,0,0,0,0,0,0,0,0
0,0,0,0,0,0,0,0,0.81361,0.40088,-0.82434,1,0.00057644,0.00022978,-0.00017414,6,0,0,1.1092,999,999,999,0.32872,0.28955,0.15395,0.71,0.22352,4.5937e-07,9999,1,-1,683.59,4.7852,0.18217,0,0,0,0,0,0,0,0,1,999,999,999,0,0,0,0,0,0,0,0,0,0,0,0,0,0,0,0,0,0.010271,0.83294,-1,0.83319,0.43827,1,1.2991e-06,0.0023286,0,0,0,0,0,0,0,0
0,0,0,0,0,0,0,0,1.4246,0.37221,-0.93288,-1,-0.21705,-5.5532e-06,1.2249e-06,1,0,0,1.1359,999,999,999,2.1732,0.34696,0.072481,0.096259,0.079289,1.2249e-06,9999,0,1,0,30.469,0.072481,0,0,0,0,0,0,0,0,1,1.4246,0.91101,-0.23585,0,0,0,0,0,10,0.079289,1.2249e-06,9999,1,0,30.469,0.072481,1.4246,0.91101,-0.23585,6,0.012446,1.4246,-1,0.91101,-0.23585,-1,-0.21705,-0.551,0,0,0,0,0,0,0,0
0,0,0,0,0,0,0,0,1.3954,0.65343,-0.2269,1,0.064422,-0.03209,2.8221e-05,2,1,0.4963,1.8423,999,999,999,1.3988,1.5383,0.49828,0.96911,0.17999,4.189e-07,9999,0,-1,810.55,8.2031,0.15975,0,1,0,0,0,0,0,0,1,999,999,999,0,0,0,0,0,0,0,0,0,0,0,0,0,0,0,0,0,0.0047867,1.3954,1,0.99969,0.96522,1,0.064422,0.73564,0,0,0,0,0,0,0,1
0,0,0,0,0,0,0,0,0.50719,1.0653,0.062012,-1,-0.00045599,-4.9007e-06,-1.6755e-06,1,0,0,0.65592,999,999,999,0.6307,0.33732,0.19682,0.31775,0.10428,1.6755e-06,9999,0,-1,0,3.8574,0.19682,0,0,0,0,0,0,0,0,1,999,999,999,0,0,0,0,0,0,0,0,0,0,0,0,0,0,0,0,0,0.021546,0.50719,-1,0.45582,0.71314,-1,-4.9007e-06,-0.00040436,0,0,0,0,0,0,0,0
0,0,0,0,0,0,0,0,0.48241,0.20467,0.8004,1,0.99401,-0.32329,0.11197,1,0,0,1.1197,0.85157,0.80186,-0.20136,0.5675,0.4608,1.339,0,0,0,0,0,0,0,0,0,0,0,0,0,0,0,0,0,0,0,0,0,0,0,0,0,0,0,0,0,0,0,0,0,0,0,0,0,0,0.021096,0.85157,1,0.80186,0,0,0,0,0,0,0,0,0,0,0,1
0,0,0,0,0,0,0,0,0.84102,1.0841,-0.67197,1,-0.88719,0.054435,-2.7914e-05,3,3,0.50064,1.0204,999,999,999,0.71565,1.2505,0.49849,0,0,0,0,0,0,0,0,0,0,0,0,0,0,0,0,0,0,0,0,0,0,0,0,0,0,0,0,0,0,0,0,0,0,0,0,0,0,0.011382,0.84102,1,0.97789,0,0,0,0,0,0,0,0,0,0,0,0
0,0,0,0,0,0,0,0,0.66491,0.57841,0.6914,-1,-0.081137,7.3582e-05,-2.6474e-05,0,0,0,1.0591,-0.66491,-0.43496,-0.57176,1.0287,0.76749,0.49185,0,0,0,0,0,0,0,0,0,0,0,0,0,0,0,0,0,0,0,0,0,0,0,0,0,0,0,0,0,0,0,0,0,0,0,0,0,0,0.0027327,0.64439,1,0.99171,0,0,0,0,0,0,0,0,0,0,0,1
1.0379,0.27446,-0.93372,-1,0,0,0,0,0.60467,0,-0.36255,1,0.0015829,-0.00025481,1.9706e-05,2,1,0.49639,1.0868,999,999,999,0.85062,1.4051,0.45827,0,0,0,0,0,0,0,0,0,0,0,0,0,0,0,0,0,0,0,0,0,0,0,0,0,0,0,0,0,0,0,0,0,0,0,0,0,0,0.0081913,1.0379,-1,0.84116,0,0,0,0,0,0,0,0,0,0,0,1
0,0,0,0,1.8378,0.12694,-0.82363,-1,0,0,0,0,-0.074739,0,0,0,0,0,1.3111,999,999,999,1.3905,0,0,0,0,0,0,0,0,0,0,0,0,0,0,0,0,0,0,0,0,0,0,0,0,0,0,0,0,0,0,0,0,0,0,0,0,0,0,0,0,0.0021643,1.8378,-1,0.97153,0,0,0,0,0,0,0,0,0,0,0,0
0,0,0,0,0,0,0,0,0.42201,0.18421,0.064229,1,-0.99892,-0.00029895,0.00011712,1,1,0.49914,0.86666,999,999,999,0.47284,0.6641,0.31949,0.82627,0.20221,1.2977e-06,9999,1,-1,415.04,3.2227,0.34109,0,0,0,0,0,0,0,0,1,999,999,999,0,0,0,0,0,0,0,0,0,0,0,0,0,0,0,0,0,0.023862,0.52599,-1,0.55765,0.32452,1,3.7582e-05,0.059428,0,0,0,0,0,0,0,1
0,0,0,0,0,0,0,0,0.52249,1.4375,-0.36983,1,0.00068488,-0.00062764,-8.5678e-05,0,0,0,0.92164,999,999,999,0.76928,0.40453,0.76669,0.42601,0.20536,4.0502e-07,9999,1,-1,620.12,3.3691,0.1509,0,0,0,0,0,0,0,0,1,0.52249,0.72009,-0.31823,0,0,0,0,0,10,0.20536,4.0502e-07,9999,-1,620.12,3.3691,0.1509,0.52249,0.72009,-0.31823,-21,0.031485,0.50554,-1,0.64272,0.71898,1,1.5279e-06,0.0022448,0,0,0,0,0,0,0,0
0,0,0,0,0,0,0,0,0.85729,0.33861,-0.46759,-1,-0.00033245,1.8258e-05,-1.2507e-06,2,0,0,0.98911,999,999,999,0.95808,0.45042,0.12574,0.84215,0.12559,1.2507e-06,9999,0,-1,0,20.703,0.12574,0,0,0,0,0,0,0,0,1,999,999,999,0,0,0,0,0,0,0,0,0,0,0,0,0,0,0,0,0,0.004429,0.85729,-1,0.98745,-0.4717,1,1.8258e-05,0.626,0,0,0,0,0,0,0,1
0,0,0,0,0,0,0,0,0.91023,0.63957,-0.26107,1,0.032148,-0.017463,-5.1251e-05,0,1,0.49725,1.1959,999,999,999,1.1002,0.91943,0.59628,0.9485,0.15064,4.6617e-07,9999,1,-1,615.23,5.2734,0.18553,0,0,0,0,0,0,0,0,1,0.91023,0.77597,-0.73678,0,0,0,0,0,10,0.18164,4.72e-07,9999,1,644.53,5.1758,0.18833,0.71739,0.94052,-0.28213,5,0.012193,0.91023,1,0.77597,-0.73678,1,0.032148,0.76995,0,0,0,0,0,0,0,1
1.1484,0.7004,-0.75391,-1,0.64139,0.16805,0.69216,1,0.50493,0.81808,-0.47605,-1,-0.0040173,0.00032791,-8.3861e-06,1,0,0,1.0405,999,999,999,0.85576,0.94141,0.3798,0.4343,0.13538,3.5453e-07,9999,0,1,1289.1,8.9844,0.11163,0,0,0,0,0,0,0,0,1,1.1484,0.83174,-0.049602,0,0,0,0,0,10,0.13538,3.5453e-07,9999,1,1289.1,8.9844,0.11163,1.1484,0.83174,-0.049602,2,0.0053177,1.1484,-1,0.83174,0.97467,-1,-8.3861e-06,-0.20411,0,0,0,0,0,0,0,0
0,0,0,0,0,0,0,0,0.94635,1.0743,-0.70882,1,0.027696,0.00065244,-0.00045066,0,0,0,1.1968,0.95752,-0.79409,-0.78796,1.3877,0.80628,0.66083,0,0,0,0,0,0,0,0,0,0,0,0,0,0,0,0,0,0,0,0,0,0,0,0,0,0,0,0,0,0,0,0,0,0,0,0,0,0,0.013963,0.94635,1,0.76131,0,0,0,0,0,0,0,0,0,0,0,0
0,0,0,0,0.85249,0.4641,0.98714,1,1.0563,0.83246,-0.59814,1,-0.99928,0.71471,0.48863,0,0,0,0.90434,999,999,999,0.44715,0.68781,0.59784,0.83361,0.22303,5.0925e-07,9999,1,-1,537.11,4.0039,0.20463,0,0,0,0,0,0,0,0,1,0.85249,0.45927,-0.43724,0,0,0,0,0,10,0.22303,5.0925e-07,9999,-1,537.11,4.0039,0.20463,0.85249,0.45927,-0.43724,-5,0.059629,1.0563,1,0.92454,0.1425,1,0.71471,0.013656,0,0,0,0,0,0,0,1
0,0,0,0,0,0,0,0,1.0439,0.87906,-0.43538,-1,0.99992,0.9858,-0.00062267,1,0,0,1.1553,0.77287,0.64871,-0.15902,0.31256,0.24143,0.36749,0.53801,0.22569,0.99992,9999,1,1,1523.4,13.867,0.31256,0,0,0,0,0,0,0,0,1,999,999,999,0,0,0,0,0,0,0,0,0,0,0,0,0,0,0,0,0,0.01077,1.0439,-1,0.95406,0.46251,-1,-0.00054085,-5.5725e-06,0,0,0,0,0,0,0,1
0,0,0,0,0.53573,1.419,0.58438,1,0.5383,1.7601,-0.96637,-1,0.0013337,-6.77e-06,1.5519e-06,0,0,0,0.66132,999,999,999,0.73661,0.3625,0.25016,0,0,0,0,0,0,0,0,0,0,0,0,0,0,0,0,0,0,0,0,0,0,0,0,0,0,0,0,0,0,0,0,0,0,0,0,0,0,0.037247,0.53573,1,0.82984,0,0,0,0,0,0,0,0,0,0,0,0
0,0,0,0,0,0,0,0,1.4993,0.48147,-0.97007,-1,0.98163,-0.0516,-0.0001999,0,0,0,1.6446,0.68068,0.94547,-0.79745,0.48297,1.9677,0.23029,0,0,0,0,0,0,0,0,0,0,0,0,0,0,0,0,0,0,0,0,0,0,0,0,0,0,0,0,0,0,0,0,0,0,0,0,0,0,0.015379,1.4993,-1,0.97835,0,0,0,0,0,0,0,0,0,0,0,0
0,0,0,0,0,0,0,0,1.225,0.26714,-0.83965,-1,0.95256,-0.82525,-0.040001,2,0,0,0.86215,0.53304,0.38339,-0.29507,0.5399,0.18213,1.9757,0.84169,0.18031,0.82525,9999,0,-1,0,39.062,0.18213,0,0,0,0,0,0,0,0,1,0.53304,0.38339,-0.47084,0,0,0,0,0,10,0.18031,0.82525,9999,-1,0,39.062,0.18213,0.53304,0.38339,-0.47084,-22,0.011869,1.225,-1,0.95511,0.73879,1,0.95256,9.3191e-05,0,0,0,0,0,0,0,0
0.64946,0.38167,0.63597,1,0,0,0,0,1.9888,0.073639,-0.8908,-1,-0.90214,0.00034307,-0.00031283,1,0,0,1.3017,-1.9888,0.92966,-0.054416,0.29861,0.59045,3.1793,0.99905,0.17809,3.9706e-07,9999,1,1,966.8,8.9844,0.1455,0,0,0,0,0,0,0,0,1,1.9888,0.92966,-0.94242,0,0,0,0,0,10,0.17809,3.9706e-07,9999,1,966.8,8.9844,0.1455,1.9888,0.92966,-0.94242,2,0.0037562,1.9888,-1,0.92966,-0.25303,-1,-0.90214,-0.86065,0.64946,0.38167,0.63597,1,1,0.020039,0.92237,0
0,0,0,0,0,0,0,0,0.31845,0.62332,0.39768,1,0.0049707,-1.2095e-06,7.6721e-07,3,1,0.4908,0.50826,999,999,999,0.3912,0.090318,0.27535,0.49472,0.1092,1.2095e-06,9999,0,-1,0,15.82,0.090318,0,0,0,0,0,0,0,0,1,999,999,999,0,0,0,0,0,0,0,0,0,0,0,0,0,0,0,0,0,0,0,0,0,0.68245,1,0.0049707,0.42628,0,0,0,0,0,0,0,0
0,0,0,0,0,0,0,0,1.3062,0.5483,-0.98337,1,-0.025425,0.0065053,-0.00018208,0,0,0,2.0252,-0.84652,-0.34628,-0.16154,1.294,1.6162,0.89793,0,0,0,0,0,0,0,0,0,0,0,0,0,0,0,0,0,0,0,0,0,0,0,0,0,0,0,0,0,0,0,0,0,0,0,0,0,0,0.00014476,1.3063,-1,0.86928,0,0,0,0,0,0,0,0,0,0,0,0
0,0,0,0,2.0945,0,-0.60747,-1,0.96844,0.63019,0.4226,-1,-0.90745,-0.0034287,0.00018025,0,0,0,2.2475,-2.0945,-0.97256,-0.46704,1.2342,1.8131,0.87272,0,0,0,0,0,0,0,0,0,0,0,0,0,0,0,0,0,0,0,0,0,0,0,0,0,0,0,0,0,0,0,0,0,0,0,0,0,0,0.0064682,2.0945,-1,0.97256,0,0,0,0,0,0,0,0,0,0,0,0
1.5797,0.42977,-0.85218,1,0,0,0,0,1.2656,1.1204,0.2697,1,0.94181,-0.098984,0.00018631,0,0,0,2.279,1.5797,0.99908,-0.73225,1.4726,1.1652,1.825,0,0,0,0,0,0,0,0,0,0,0,0,0,0,0,0,0,0,0,0,0,0,0,0,0,0,0,0,0,0,0,0,0,0,0,0,0,0,0.008385,1.5797,1,0.99908,0,0,0,0,0,0,0,0,0,0,0,1
0,0,0,0,0,0,0,0,0.91117,0.4114,0.57879,-1,-0.97039,-0.072456,9.1251e-05,2,0,0,0.92285,-0.91117,0.9371,-0.73107,0.44305,1.4576,0.60578,0.9495,0.082865,1.2097e-06,9999,0,1,0,20.117,0.089199,0,0,0,0,0,0,0,0,1,0.91117,0.9371,-0.83648,0,0,0,0,0,10,0.082865,1.2097e-06,9999,1,0,20.117,0.089199,0.91117,0.9371,-0.83648,2,0.0038594,0.91117,-1,0.9371,0.73127,-1,-0.97039,-0.82862,0,0,0,0,0,0,0,0
0,0,0,0,0,0,0,0,0.99335,0.41536,0.98057,-1,-0.92342,0.55695,-0.085543,0,0,0,0.98003,-0.99335,0.9974,-0.77234,0.32945,0.74878,1.5274,0,0,0,0,0,0,0,0,0,0,0,0,0,0,0,0,0,0,0,0,0,0,0,0,0,0,0,0,0,0,0,0,0,0,0,0,0,0,0.036472,1.16,1,0.80497,0,0,0,0,0,0,0,0,0,0,0,0
0,0,0,0,0,0,0,0,1.3598,0.27035,-0.90688,-1,-0.050895,4.3782e-06,2.822e-06,1,0,0,1.3891,999,999,999,1.3911,0.32872,0.29563,0.587,0.23154,2.822e-06,9999,1,1,517.58,3.7109,0.29563,0,0,0,0,0,0,0,0,1,999,999,999,0,0,0,0,0,0,0,0,0,0,0,0,0,0,0,0,0,0.011668,1.3598,-1,0.97858,0.409,-1,-0.050895,-0.00046088,0,0,0,0,0,0,0,0
0,0,0,0,0,0,0,0,0.32604,0,0.43835,-1,1.7105e-05,-1.2217e-05,3.3704e-07,0,1,0.49577,0.49668,999,999,999,0.44382,0.52021,0.094504,0.37831,0.10002,3.3704e-07,9999,1,1,2187.5,14.258,0.094504,0,0,0,0,0,0,0,0,1,999,999,999,0,0,0,0,0,0,0,0,0,0,0,0,0,0,0,0,0,0,0,0,0,0.20503,-1,-1.2217e-05,-0.44662,0,0,0,0,0,0,0,1
0,0,0,0,0,0,0,0,0.95356,1.9368,0.17875,1,0.57656,0.00017203,-4.208e-06,1,1,0.49758,0.93964,999,999,999,1.5552,0.87352,0.32571,0.56683,0.19453,8.0621e-07,9999,0,-1,502.93,3.5645,0.28247,0,1,0,0,0,0,0,0,1,0.66268,0.60806,-0.19762,0,0,0,0,0,10,0.19453,8.0621e-07,9999,-1,502.93,3.5645,0.28247,0.66268,0.60806,-0.19762,-9,0.0030007,0.95356,1,0.9834,-0.19762,1,0.00017203,0.0095768,0,0,0,0,0,0,0,0
1.5973,0.054325,-0.73164,-1,0,0,0,0,0.63454,0.092955,-0.16767,-1,-0.97913,-0.026859,3.992e-06,0,0,0,1.3988,-1.5973,-0.86901,-0.5221,0.78398,1.2547,0.32172,0.46428,0.22663,3.992e-06,9999,1,1,527.34,3.2227,0.32172,0,0,0,0,0,0,0,0,1,0.63454,0.87569,-0.36525,0,0,0,0,0,10,0.22663,3.992e-06,9999,1,527.34,3.2227,0.32172,0.63454,0.87569,-0.36525,0,0.010832,1.5973,-1,0.86901,-0.36525,-1,-0.97913,-0.00044553,0,0,0,0,0,0,0,0
1.0757,0,-0.34592,1,0,0,0,0,1.4658,0.041301,-0.7673,1,0.96308,0.088996,-5.0547e-07,0,0,0,1.5847,1.0757,-0.72652,-0.33546,2.1182,0.9644,0.20309,0.61445,0.11688,5.0547e-07,9999,1,-1,527.34,4.6875,0.20309,0,0,0,0,0,0,0,0,1,999,999,999,0,0,0,0,0,0,0,0,0,0,0,0,0,0,0,0,0,0.0032967,1.4658,1,0.89064,0.8703,1,0.96308,0.44479,0,0,0,0,0,0,0,1
0.44136,0.27879,-0.2896,1,0,0,0,0,1.3853,0,-0.90166,-1,-0.17027,4.2854e-05,1.2129e-06,1,0,0,0.80601,999,999,999,0.90268,0.45338,0.10248,0.43608,0.23422,6.8515e-07,9999,1,1,566.41,3.7598,0.25813,0,0,0,0,0,0,0,0,1,999,999,999,0,0,0,0,0,0,0,0,0,0,0,0,0,0,0,0,0,0.031365,1.3853,-1,0.9751,0.4955,-1,-0.17027,-0.00023621,0.44136,0.27879,-0.2896,1,1,0.025661,0.26044,0
0,0,0,0,0,0,0,0,0.97509,0.34065,-0.42204,-1,0.32529,-0.0011085,0.0010771,0,0,0,1.2763,0.83458,-0.98519,-0.79078,1.0012,0.7052,0.85894,0,0,0,0,0,0,0,0,0,0,0,0,0,0,0,0,0,0,0,0,0,0,0,0,0,0,0,0,0,0,0,0,0,0,0,0,0,0,0.024939,0.97509,-1,0.43967,0,0,0,0,0,0,0,0,0,0,0,1
0,0,0,0,0,0,0,0,1.2212,0.45582,0.15051,-1,-0.92691,0.092499,-0.0098471,1,0,0,1.4447,-1.2212,-0.84555,-0.81509,1.0998,1.2303,1.325,0,0,0,0,0,0,0,0,0,0,0,0,0,0,0,0,0,0,0,0,0,0,0,0,0,0,0,0,0,0,0,0,0,0,0,0,0,0,0.0078368,1.2212,-1,0.84555,0,0,0,0,0,0,0,0,0,0,0,0
0,0,0,0,0,0,0,0,1.1274,0.11942,-0.60215,-1,-0.95207,-0.00049763,4.3045e-05,1,0,0,1.2941,-0.52364,0.84275,-0.59816,0.97883,0.36035,0.56262,0,0,0,0,0,0,0,0,0,0,0,0,0,0,0,0,0,0,0,0,0,0,0,0,0,0,0,0,0,0,0,0,0,0,0,0,0,0,0.00090315,1.1274,-1,0.92543,0,0,0,0,0,0,0,0,0,0,0,0
0,0,0,0,0,0,0,0,0.841,0.60951,0.26371,-1,-0.00033806,-6.6761e-05,5.8329e-05,0,0,0,1.3815,-0.65492,0.61883,-0.069869,0.96744,0.65925,0.62834,0.88121,0.20045,6.572e-07,9999,1,1,527.34,4.6875,0.25141,0,0,0,0,0,0,0,0,1,0.841,0.81014,-0.98757,0,0,0,0,0,10,0.20045,6.572e-07,9999,1,527.34,4.6875,0.25141,0.841,0.81014,-0.98757,6,0.0029715,0.841,-1,0.81014,0.39072,-1,-1.4944e-05,-0.15296,0,0,0,0,0,0,0,1
0,0,0,0,0,0,0,0,1.325,1.0851,-0.97308,1,-0.61539,-0.43668,0.00010444,1,0,0,0.87826,999,999,999,0.86065,0.64826,0.82519,0,0,0,0,0,0,0,0,0,0,0,0,0,0,0,0,0,0,0,0,0,0,0,0,0,0,0,0,0,0,0,0,0,0,0,0,0,0,0.012883,1.325,1,0.92427,0,0,0,0,0,0,0,0,0,0,0,0
0,0,0,0,0,0,0,0,0.79894,0.15148,-0.73111,1,-0.88005,0.31747,-2.3087e-06,0,0,0,0.9227,999,999,999,0.90494,1.2471,0.28053,0,0,0,0,0,0,0,0,0,0,0,0,0,0,0,0,0,0,0,0,0,0,0,0,0,0,0,0,0,0,0,0,0,0,0,0,0,0,0.032809,0.79894,1,0.90846,0,0,0,0,0,0,0,0,0,0,0,0
0,0,0,0,0,0,0,0,1.5101,0.15248,-0.92086,1,0.20988,0.00017694,0,0,0,0,0.79314,999,999,999,0.99583,0.70527,0,0,0,0,0,0,0,0,0,0,0,0,0,0,0,0,0,0,0,0,0,0,0,0,0,0,0,0,0,0,0,0,0,0,0,0,0,0,0,0.032756,1.5101,1,0.99878,0,0,0,0,0,0,0,0,0,0,0,1
0,0,0,0,0,0,0,0,0.20098,0.22833,0.73688,1,-0.39456,4.7525e-07,0,1,0,0,0.18434,999,999,999,1.0116,0.18986,0,0.74449,0.20098,4.7525e-07,9999,1,1,634.77,5.9082,0.18986,0,0,0,0,0,0,0,0,1,999,999,999,0,0,0,0,0,0,0,0,0,0,0,0,0,0,0,0,0,0,0,0,0,-0.5538,-1,-0.39456,-0.022745,0,0,0,0,0,0,0,1
0,0,0,0,0,0,0,0,0.74551,0.089652,0.85894,1,0.29847,-0.00049082,0.00045613,1,0,0,0.88591,0.74551,-0.53967,-0.56013,0.83863,0.35894,0.92841,0.95777,0.22079,1.3459e-06,9999,1,1,463.87,3.7598,0.34501,0,0,0,0,0,0,0,0,1,0.58698,0.91195,-0.84258,0,0,0,0,0,10,0.22079,1.3459e-06,9999,1,463.87,3.7598,0.34501,0.58698,0.91195,-0.84258,5,0.028032,0.74551,1,0.53967,-0.84258,-1,-0.00049082,-0.24277,0,0,0,0,0,0,0,0
0,0,0,0,0,0,0,0,0.61762,0.65919,-0.45933,1,0.051879,-6.6152e-05,3.5454e-05,2,0,0,0.73742,0.61762,-0.58052,-0.84643,1.1783,0.6591,0.53125,0.20938,0.11332,3.3414e-07,9999,1,-1,2148.4,15.039,0.091433,0,0,0,0,0,0,0,0,1,999,999,999,0,0,0,0,0,0,0,0,0,0,0,0,0,0,0,0,0,0.0039052,0.61762,1,0.58052,0.37691,1,3.5454e-05,0.3159,0,0,0,0,0,0,0,0
0,0,0,0,0,0,0,0,0.81869,1.526,-0.36174,1,0.99999,0.0025229,0.00063896,2,0,0,1.1786,999,999,999,0.23897,0.95332,0.46349,0.41223,0.19818,5.7575e-07,9999,0,-1,590.82,4.6387,0.22848,0,0,0,0,0,0,0,0,1,0.81869,0.95717,-0.13204,0,0,0,0,0,10,0.23458,1.2818e-06,9999,1,0,2.417,0.13625,0.57652,0.83162,-0.14807,0,0.003887,0.81869,1,0.95717,-0.81107,1,0.99999,0.0038793,0,0,0,0,0,0,0,1
0,0,0,0,1.2061,1.3065,-0.30491,-1,1.5443,1.2017,-0.42095,1,-0.95508,0.29752,-0.014369,0,0,0,1.9557,-1.2061,-0.92163,-0.9181,0.92694,1.575,1.1384,0,0,0,0,0,0,0,0,0,0,0,0,0,0,0,0,0,0,0,0,0,0,0,0,0,0,0,0,0,0,0,0,0,0,0,0,0,0,0.0015363,1.5443,1,0.88963,0,0,0,0,0,0,0,0,0,0,0,0
0,0,0,0,0,0,0,0,0.75917,1.0012,-0.86048,1,-0.049536,0.0001103,-4.8358e-05,2,0,0,1.1447,-0.51995,0.58108,-0.38459,0.91217,0.68751,0.58461,0.66974,0.11763,1.2266e-06,9999,0,1,0,30.469,0.071477,0,0,0,0,0,0,0,0,1,0.55968,0.48939,-0.88714,0,0,0,0,0,10,0.11763,1.2266e-06,9999,1,0,30.469,0.071477,0.55968,0.48939,-0.88714,0,0.0021295,0.75917,1,0.90852,0.49261,-1,-4.8358e-05,-0.48746,0,0,0,0,0,0,0,0
0,0,0,0,0,0,0,0,0.80356,0.22189,0.034807,-1,-0.0001322,-7.5809e-05,2.4216e-06,0,0,0,0.83204,999,999,999,0.71561,0.5945,0.28413,0.77734,0.15021,3.8036e-07,9999,1,1,888.67,8.1055,0.1333,0,0,0,0,0,0,0,0,1,999,999,999,0,0,0,0,0,0,0,0,0,0,0,0,0,0,0,0,0,0.023097,0.80356,-1,0.98251,0.69729,-1,-0.0001322,-0.3631,0,0,0,0,0,0,0,1
0.32835,1.2861,-0.9098,-1,0,0,0,0,0.56907,1.2096,-0.9618,1,-0.98826,0.081176,0.00061815,2,1,0.49521,0.87412,999,999,999,0.46439,0.81546,0.36274,0.68148,0.088339,1.2101e-06,9999,0,1,0,24.219,0.088005,0,1,0,0,0,0,0,0,1,999,999,999,0,0,0,0,0,0,0,0,0,0,0,0,0,0,0,0,0,0.013876,0.56907,1,0.95457,-0.55148,-1,-0.98826,-0.6702,0.32835,1.2861,-0.9098,-1,1,0.053913,0.93172,0
0,0,0,0,0,0,0,0,0.39948,0.97047,-0.96841,-1,-0.96032,0.00021162,-7.3732e-07,0,0,0,0.54141,999,999,999,0.6507,0.65242,0.26946,0,0,0,0,0,0,0,0,0,0,0,0,0,0,0,0,0,0,0,0,0,0,0,0,0,0,0,0,0,0,0,0,0,0,0,0,0,0,0,0,0,0,0,0,0,0,0,0,0,0,0,0,0,1
0,0,0,0,0,0,0,0,0.96625,1.3232,-0.83809,-1,0.97649,-0.018929,-1.6073e-05,0,0,0,1.1513,999,999,999,0.63703,1.3835,0.43767,0,0,0,0,0,0,0,0,0,0,0,0,0,0,0,0,0,0,0,0,0,0,0,0,0,0,0,0,0,0,0,0,0,0,0,0,0,0,0.036363,0.96625,-1,0.82337,0,0,0,0,0,0,0,0,0,0,0,1
0,0,0,0,0,0,0,0,0.92458,1.1073,-0.42822,-1,-0.98218,-0.00082738,-0.00020337,0,0,0,1.3106,999,999,999,0.65307,0.74963,0.9012,0.98935,0.18875,0.00017473,9999,1,1,849.61,0,0.16803,0,0,0,0,0,0,0,0,1,999,999,999,0,0,0,0,0,10,0.21419,2.4264e-06,9999,1,541.99,3.6133,0.28428,0.92458,0.69805,-0.41728,4,0.00026346,0.92458,-1,0.69805,0.74283,-1,-0.98218,-0.7837,0,0,0,0,0,0,0,0
0,0,0,0,0,0,0,0,0.72343,0,-0.91583,1,-1,4.5576e-06,0,0,0,0,0.30326,999,999,999,0.17376,0.44307,0,0,0,0,0,0,0,0,0,0,0,0,0,0,0,0,0,0,0,0,0,0,0,0,0,0,0,0,0,0,0,0,0,0,0,0,0,0,0,0.001004,0.72343,1,0.91582,0,0,0,0,0,0,0,0,0,0,0,0
0,0,0,0,0,0,0,0,1.0107,0.70115,0.33457,-1,0.99882,0.9933,-0.98836,0,0,0,1.491,0.77386,0.76471,-0.78137,0.47872,0.61448,0.67554,0,0,0,0,0,0,0,0,0,0,0,0,0,0,0,0,0,0,0,0,0,0,0,0,0,0,0,0,0,0,0,0,0,0,0,0,0,0,0.011869,1.0107,-1,0.99668,0,0,0,0,0,0,0,0,0,0,0,1
0,0,0,0,0,0,0,0,0.55738,0.18712,-0.11366,-1,0.00057819,-0.00032253,-5.2529e-07,1,0,0,0.52733,999,999,999,0.55788,0.76774,0.21092,0.81498,0.15685,5.2529e-07,9999,1,-1,551.76,3.9062,0.21092,0,0,0,0,0,0,0,0,1,999,999,999,0,0,0,0,0,0,0,0,0,0,0,0,0,0,0,0,0,0.0079905,0.55738,-1,0.94764,-0.8985,1,0.00057819,0.37754,0,0,0,0,0,0,0,0
1.6772,0.26583,-0.9936,-1,0,0,0,0,0.10408,0.18198,0.38175,1,-0.00051672,1.2222e-06,0,0,0,0,1.5947,999,999,999,1.6199,0.074287,0,0.56579,0.10408,1.2222e-06,9999,1,1,0,27.734,0.074287,0,0,0,0,0,0,0,0,1,1.6772,0.98621,-0.4392,0,0,0,0,0,10,0.10408,1.2222e-06,9999,1,0,27.734,0.074287,1.6772,0.98621,-0.4392,2,0.00041654,1.6772,-1,0.98621,-0.4392,-1,-0.00051672,-0.50919,0,0,0,0,0,0,0,0
0,0,0,0,0,0,0,0,0.38144,0.84372,0.87293,1,0.0053636,-3.6698e-06,-7.3434e-07,0,0,0,0.47245,999,999,999,0.59527,0.43496,0.26885,0.98817,0.1728,7.3434e-07,9999,1,-1,551.76,3.8574,0.26885,0,0,0,0,0,0,0,0,1,999,999,999,0,0,0,0,0,0,0,0,0,0,0,0,0,0,0,0,0,0,0,0,0,0.83111,1,0.0053636,0.83867,0,0,0,0,0,0,0,1
1.1822,0.12697,-0.86138,1,0,0,0,0,0.81541,0.64538,-0.99057,-1,0.11191,0.00050168,-0.00017956,3,0,0,1.0659,999,999,999,0.91099,0.28345,0.19144,0.5588,0.23705,0.00050168,9999,0,1,703.12,0,0.28345,1,0,3.8801,-4.4811,3.4176,0.12246,0.13523,0.12903,1,0.81541,0.90065,-0.14344,0,0,0,0,0,10,0.23705,0.00050168,9999,1,703.12,0,0.28345,0.81541,0.90065,-0.14344,11,0.010488,1.1822,1,0.99823,0.96225,-1,-0.00017956,-0.00025967,0,0,0,0,0,0,0,1
1.3567,0.43307,-0.97772,-1,0,0,0,0,0.37309,0.11985,0.39613,-1,0.00010542,-2.5165e-05,-3.0437e-06,0,0,0,1.4634,999,999,999,0.72283,1.6868,0.30351,0,0,0,0,0,0,0,0,0,0,0,0,0,0,0,0,0,0,0,0,0,0,0,0,0,0,0,0,0,0,0,0,0,0,0,0,0,0,0.0027095,1.3567,-1,0.90694,0,0,0,0,0,0,0,0,0,0,0,0
0,0,0,0,0,0,0,0,1.1124,0.2272,-0.82825,-1,-0.95995,0.0016448,6.8307e-05,2,1,0.49569,1.4216,999,999,999,1.3412,0.84935,0.65954,0.99601,0.17928,7.2517e-07,9999,1,1,507.81,4.1504,0.26695,0,0,0,0,0,0,0,0,1,999,999,999,0,0,0,0,0,0,0,0,0,0,0,0,0,0,0,0,0,0.0095508,1.1124,-1,0.88871,0.85697,-1,-0.95995,-0.8474,0,0,0,0,0,0,0,0
0.94915,0.056021,-0.41963,1,0,0,0,0,0.45299,0.14491,-0.35123,1,0.99998,0.06952,-6.7643e-05,1,0,0,0.97316,0.94915,0.66057,-0.3675,0.26499,1.3859,0.6701,0.73253,0.1039,4.0611e-07,9999,1,-1,664.06,9.668,0.15162,0,0,0,0,0,0,0,0,1,0.94915,0.66057,-0.24033,0,0,0,0,0,10,0.1039,4.0611e-07,9999,-1,664.06,9.668,0.15162,0.94915,0.66057,-0.24033,-2,0.0027467,0.94915,1,0.66057,0.37031,1,0.99998,0.62157,0.94915,0.056021,-0.41963,1,1,0.0027467,0.66057,1
0,0,0,0,1.0161,0.051869,-0.7123,1,1.1536,0,-0.6912,-1,0.16937,-0.00084608,3.9829e-05,0,0,0,1.2724,999,999,999,1.5888,0.97247,0.53331,0.66129,0.11211,3.7561e-07,9999,1,-1,1084,9.8633,0.12959,0,0,0,0,0,0,0,0,1,999,999,999,0,0,0,0,0,0,0,0,0,0,0,0,0,0,0,0,0,0.011447,1.1536,-1,0.81149,0.4249,1,0.16937,0.52082,0,0,0,0,0,0,0,1
0,0,0,0,0,0,0,0,0.82331,0.17196,0.8487,-1,-0.96542,-0.92402,0.62285,1,1,0.50002,1.1057,-0.84314,-0.57687,-0.61192,1.3092,0.33144,0.77401,0,0,0,0,0,0,0,0,0,0,0,0,0,0,0,0,0,0,0,0,0,0,0,0,0,0,0,0,0,0,0,0,0,0,0,0,0,0,0.0055683,0.82331,-1,0.9937,0,0,0,0,0,0,0,0,0,0,0,0
0,0,0,0,0,0,0,0,0.61815,0.87496,0.085001,1,-0.00022009,2.9588e-05,2.4753e-05,2,0,0,0.94251,999,999,999,0.81292,0.50563,0.48325,0.99899,0.069324,1.2572e-06,9999,0,1,0,1.0132,0.12825,0,0,0,0,0,0,0,0,1,999,999,999,0,0,0,0,0,10,0.10905,3.9857e-07,9999,-1,751.95,7.1289,0.14654,0.61815,0.93142,-0.56633,-0,0.034135,0.72924,-1,0.87764,0.89672,-1,-0.00022009,-0.89229,0,0,0,0,0,0,0,1
0,0,0,0,0,0,0,0,1.4696,0.038823,-0.65892,1,0.014383,0.00024371,-0.00017467,1,0,0,1.2016,999,999,999,1.1515,0.71267,0.16745,0.19618,0.16345,0.00017467,9999,0,-1,771.48,0,0.16745,0,0,0,0,0,0,0,0,1,999,999,999,0,0,0,0,0,0,0,0,0,0,0,0,0,0,0,0,0,0.01151,1.4696,1,0.90027,0.60715,1,0.00024371,0.024777,0,0,0,0,0,0,0,1
0,0,0,0,0.8198,0.33637,0.79133,1,0.39706,1.2765,-0.9825,1,0.7951,-0.015289,0.0056255,2,0,0,1.2629,0.8198,-0.40347,-0.69643,0.15255,1.0008,1.2666,0.77723,0.16885,0.0030629,9999,0,1,10000,26.562,0.16861,0,0,0,0,0,0,0,0,1,0.84852,0.95448,-0.60421,0,0,0,0,0,10,0.16885,0.0030629,9999,1,10000,26.562,0.16861,0.84852,0.95448,-0.60421,9,0.01851,0.84852,-1,0.95448,0.85585,-1,-2.4472e-05,-0.20138,0,0,0,0,0,0,0,0
0,0,0,0,0,0,0,0,1.2819,0.77803,-0.23702,1,0.041193,0.00019434,-7.692e-05,1,1,0.49507,1.8165,0.97175,0.95067,-0.98988,1.6491,1.0132,0.71813,0,0,0,0,0,0,0,0,0,0,0,0,0,0,0,0,0,0,0,0,0,0,0,0,0,0,0,0,0,0,0,0,0,0,0,0,0,0,0.078181,1.2819,1,0.90006,0,0,0,0,0,0,0,0,0,0,0,1
0,0,0,0,0,0,0,0,1.9297,0,-0.8979,1,0.065096,9.5172e-06,-4.9286e-07,0,0,0,1.9006,0.55927,0.39037,-0.21221,1.945,0.39034,0.19777,0,0,0,0,0,0,0,0,0,0,0,0,0,0,0,0,0,0,0,0,0,0,0,0,0,0,0,0,0,0,0,0,0,0,0,0,0,0,0.005937,1.9297,1,0.9738,0,0,0,0,0,0,0,0,0,0,0,1
0.69709,1.0542,0.57627,-1,0,0,0,0,1.0247,0.71335,-0.45311,1,-0.99982,-0.35975,8.3377e-05,1,0,0,1.0211,-0.69709,0.95914,-0.93306,0.37208,1.1228,0.64171,0,0,0,0,0,0,0,0,0,0,0,0,0,0,0,0,0,0,0,0,0,0,0,0,0,0,0,0,0,0,0,0,0,0,0,0,0,0,0.011518,1.0247,1,0.41677,0,0,0,0,0.69709,1.0542,0.57627,-1,1,0.20696,0.95914,0
0,0,0,0,0,0,0,0,0.8819,0.8089,0.49848,-1,-0.97174,-0.00017787,7.5618e-05,0,0,0,1.3209,999,999,999,1.0215,0.18555,0.69687,0.97877,0.16831,6.1144e-07,9999,0,1,581.05,5.5664,0.23922,0,0,0,0,0,0,0,0,1,999,999,999,0,0,0,0,0,10,0.18129,4.5516e-07,9999,1,712.89,6.9336,0.18004,0.8819,0.97634,-0.91231,4,0.032596,0.8819,-1,0.97634,0.91409,-1,-0.97174,-0.81923,0,0,0,0,0,0,0,0
0,0,0,0,0,0,0,0,0.91162,0.94286,-0.97029,1,0.13957,0.00017921,-1.3032e-05,3,1,0.49868,0.66252,999,999,999,1.4145,0.1903,0.41788,0.48449,0.16414,0.00017921,9999,0,1,625,0,0.1903,0,0,0,0,0,0,0,0,1,999,999,999,0,0,0,0,0,0,0,0,0,0,0,0,0,0,0,0,0,0,0,0,0,0.54338,-1,-1.2897e-05,-0.059122,0,0,0,0,0,0,0,0
0,0,0,0,0,0,0,0,0.90072,0.74138,-0.97089,-1,-0.97276,0.00082581,-5.5154e-05,2,1,0.49897,0.95818,999,999,999,0.91963,0.7441,0.61326,0.37901,0.21143,2.1671e-06,9999,1,-1,541.99,3.1738,0.27574,0,0,0,0,0,0,0,0,1,999,999,999,0,0,0,0,0,10,0.23996,2.4888e-06,9999,1,463.87,3.7109,0.40337,0.90072,0.97727,-0.18174,6,0.014448,0.90072,-1,0.97727,-0.18174,-1,-0.97276,-0.00012811,0,0,0,0,0,0,0,0
0,0,0,0,0,0,0,0,0.76341,1.0895,-0.78891,-1,-0.098036,-0.010861,0.0074695,1,0,0,0.90447,999,999,999,1.1882,0.72109,0.96345,0.97075,0.22888,6.1208e-07,9999,1,1,556.64,4.0527,0.2394,0,0,0,0,0,0,0,0,1,999,999,999,0,0,0,0,0,0,0,0,0,0,0,0,0,0,0,0,0,0.0035634,0.65981,1,0.69263,0.47327,-1,-0.098036,-0.22006,0,0,0,0,0,0,0,1
0.53797,0.86671,0.015275,-1,0,0,0,0,0.69109,0.50828,-0.81141,1,-0.60779,0.001253,0,0,0,0,0.4375,999,999,999,0.84995,0.43615,0,0,0,0,0,0,0,0,0,0,0,0,0,0,0,0,0,0,0,0,0,0,0,0,0,0,0,0,0,0,0,0,0,0,0,0,0,0,0,0.0070502,0.69109,1,0.90915,0,0,0,0,0.53797,0.86671,0.015275,-1,1,0.010256,0.84,0
0,0,0,0,0,0,0,0,1.5463,0.78137,-0.73265,-1,-0.92995,-0.002112,2.8401e-05,1,0,0,1.5606,-0.87684,0.94244,-0.95745,1.2579,1.2137,0.5007,0,0,0,0,0,0,0,0,0,0,0,0,0,0,0,0,0,0,0,0,0,0,0,0,0,0,0,0,0,0,0,0,0,0,0,0,0,0,0.017425,1.5463,-1,0.91601,0,0,0,0,0,0,0,0,0,0,0,1
0,0,0,0,0.95202,0.18389,-0.23677,-1,0.9589,0.50903,-0.78276,-1,-0.050264,-0.048802,4.4726e-07,0,0,0,1.2622,-0.95202,-0.84583,-0.41894,1.3799,1.021,0.17593,0.9182,0.15449,4.4726e-07,9999,1,1,581.05,3.9551,0.17593,0,0,0,0,0,0,0,0,1,0.95202,0.84583,-0.73265,0,0,0,0,0,10,0.15449,4.4726e-07,9999,1,581.05,3.9551,0.17593,0.95202,0.84583,-0.73265,14,0.00068416,0.9589,-1,0.813,0.67489,-1,-0.050264,-0.66484,0,0,0,0,0,0,0,1
0,0,0,0,0,0,0,0,0.38537,1.8755,-0.40708,1,3.7327e-05,0,0,0,0,0,0.35538,999,999,999,0.53852,0,0,0,0,0,0,0,0,0,0,0,0,0,0,0,0,0,0,0,0,0,0,0,0,0,0,0,0,0,0,0,0,0,0,0,0,0,0,0,0,0,0,0,0,0,0,0,0,0,0,0,0,0,0,0,1
0.32233,0.19516,0.69335,1,0,0,0,0,0.63142,0.5175,-0.39216,-1,-0.0057786,1.1401e-05,-4.8415e-07,0,0,0,0.72845,999,999,999,0.82043,0.40589,0.19393,0.36857,0.13642,4.532e-07,9999,1,1,600.59,5.2246,0.17904,0,0,0,0,0,0,0,0,1,999,999,999,0,0,0,0,0,0,0,0,0,0,0,0,0,0,0,0,0,0.0013701,0.63142,-1,0.44166,0.65314,-1,-0.0057786,-0.1809,0.32233,0.19516,0.69335,1,1,0.0046455,0.78524,0
0,0,0,0,0,0,0,0,1.1474,0.30751,-0.24559,1,0.99825,0.0012017,-0.00019234,0,0,0,1.4918,1.1474,-0.83252,-0.092697,0.50711,1.5724,0.90083,0.68556,0.21242,1.3551e-06,9999,1,1,424.8,4.7363,0.34574,0,0,0,0,0,0,0,0,1,0.93632,0.92448,-0.90713,0,0,0,0,0,10,0.21242,1.3551e-06,9999,1,424.8,4.7363,0.34574,0.93632,0.92448,-0.90713,6,0.015556,1.1474,1,0.83252,-0.65789,-1,-1.3699e-05,-0.0048657,0,0,0,0,0,0,0,1
0,0,0,0,0,0,0,0,0.51568,0.18253,0.17192,-1,0.00078427,0.00017792,-4.0338e-05,1,0,0,0.88038,999,999,999,0.52909,0.12567,0.5515,0.5012,0.205,5.2795e-07,9999,1,-1,644.53,4.1992,0.21193,0,0,0,0,0,0,0,0,1,999,999,999,0,0,0,0,0,0,0,0,0,0,0,0,0,0,0,0,0,0.01245,0.5731,-1,0.50087,0.9029,1,2.8197e-06,0.0030422,0,0,0,0,0,0,0,0
0,0,0,0,0,0,0,0,1.17,0.55051,0.22921,1,0.012144,-0.0055302,0.00091038,2,0,0,1.5849,999,999,999,1.3868,0.56854,0.59973,0.40877,0.2011,5.1383e-07,9999,1,-1,537.11,4.4922,0.20646,0,0,0,0,0,0,0,0,1,1.17,0.60193,-0.48179,0,0,0,0,0,10,0.21874,4.593e-07,9999,1,791.02,3.9551,0.18214,0.58513,0.95962,-0.19062,4,0.013748,1.17,1,0.60193,0.94227,-1,-2.9272e-05,-0.00061618,0,0,0,0,0,0,0,0
0,0,0,0,0,0,0,0,1.0101,1.002,0.67907,1,0.24493,-6.8772e-05,-1.4267e-05,2,0,0,1.0233,999,999,999,1.3728,0.67076,0.38374,0,0,0,0,0,0,0,0,0,0,0,0,0,0,0,0,0,0,0,0,0,0,0,0,0,0,0,0,0,0,0,0,0,0,0,0,0,0,0.001216,1.0101,1,0.98991,0,0,0,0,0,0,0,0,0,0,0,0
0,0,0,0,0,0,0,0,0.85545,0.38231,-0.91607,1,0.99815,-1.1566e-06,-1.1012e-06,1,0,0,0.42612,999,999,999,0.5103,0.32826,0.22285,0.463,0.20475,1.1566e-06,9999,1,-1,419.92,3.0273,0.32826,0,0,0,0,0,0,0,0,1,0.85545,0.92383,-0.71306,0,0,0,0,0,10,0.20475,1.1566e-06,9999,-1,419.92,3.0273,0.32826,0.85545,0.92383,-0.71306,-14,0.0045058,0.85545,1,0.92383,-0.71306,1,0.99815,0.0026952,0,0,0,0,0,0,0,0
2.469,0,-0.81094,-1,0,0,0,0,1.3808,0.13059,0.30208,1,0.051492,-7.566e-05,0,0,0,0,2.7306,999,999,999,1.1824,3.0284,0,0,0,0,0,0,0,0,0,0,0,0,0,0,0,0,0,0,0,0,0,0,0,0,0,0,0,0,0,0,0,0,0,0,0,0,0,0,0,0.014371,2.469,-1,0.97041,0,0,0,0,0,0,0,0,0,0,0,0
0,0,0,0,0,0,0,0,0.90788,0.12002,-0.44156,1,-0.63567,-0.00067694,6.5983e-05,1,0,0,0.80606,999,999,999,1.1536,0.73663,0.66287,0,0,0,0,0,0,0,0,0,0,0,0,0,0,0,0,0,0,0,0,0,0,0,0,0,0,0,0,0,0,0,0,0,0,0,0,0,0,0.010189,0.90788,1,0.57033,0,0,0,0,0,0,0,0,0,0,0,1
0.62077,0.054372,-0.49465,1,0,0,0,0,1.106,0.15802,-0.61521,-1,0.72487,0.41729,-0.062231,2,0,0,1.117,999,999,999,0.45837,1.0011,1.0598,0.3834,0.21948,0.72487,9999,0,1,830.08,0,0.45837,0,0,0,0,0,0,0,0,1,999,999,999,0,0,0,0,0,0,0,0,0,0,0,0,0,0,0,0,0,0.0048647,1.106,-1,0.79356,0.2128,-1,-0.062231,-1.5916e-05,0.62077,0.054372,-0.49465,1,1,0.27505,0.8638,1
0,0,0,0,0,0,0,0,0.35183,0.49402,-0.56045,1,0.99978,-3.6248e-05,1.9065e-05,0,0,0,0.75113,999,999,999,0.28693,0.53458,0.45489,0.64707,0.13496,0.99978,9999,1,1,1406.2,14.453,0.28693,0,0,0,0,0,0,0,0,1,0.55732,0.81715,-0.85779,0,0,0,0,0,10,0.13496,0.99978,9999,1,1406.2,14.453,0.28693,0.55732,0.81715,-0.85779,22,0.015395,0.55732,-1,0.81715,0.1897,-1,-9.0603e-06,-0.00014403,0,0,0,0,0,0,0,1
0,0,0,0,0,0,0,0,0.65107,0.96842,-0.87711,-1,-0.078117,-3.94e-05,1.0008e-05,0,0,0,0.86424,-0.57594,0.63283,-0.16193,1.0189,0.54762,0.3946,0.055815,0.086212,1.4286e-06,9999,1,1,0,5.6641,0.16679,0,0,0,0,0,0,0,0,1,999,999,999,0,0,0,0,0,10,0.20591,3.9752e-07,9999,1,800.78,6.9336,0.14582,0.65107,0.65042,-0.73232,5,0.0055121,0.65107,-1,0.65042,0.064226,-1,-0.078117,-0.51045,0,0,0,0,0,0,0,0
0,0,0,0,0,0,0,0,0.71474,0.28406,-0.11288,1,0.018731,-9.665e-05,-2.1564e-05,0,0,0,0.98047,999,999,999,0.93878,0.74948,0.4681,0.47382,0.24741,5.1771e-07,9999,1,1,654.3,4.1504,0.208,0,0,0,0,0,0,0,0,1,0.58146,0.58875,-0.94256,0,0,0,0,0,10,0.24741,5.1771e-07,9999,1,654.3,4.1504,0.208,0.58146,0.58875,-0.94256,5,0.021882,0.71474,1,0.6555,-0.62148,-1,-2.1564e-05,-0.00010211,0,0,0,0,0,0,0,1
0.57629,0.15461,0.51678,-1,0,0,0,0,1.6331,0.34617,-0.91769,1,-0.13531,0.042248,0,0,0,0,1.737,999,999,999,0.68066,1.796,0,0,0,0,0,0,0,0,0,0,0,0,0,0,0,0,0,0,0,0,0,0,0,0,0,0,0,0,0,0,0,0,0,0,0,0,0,0,0,0.01018,1.6331,1,0.99968,0,0,0,0,0.57629,0.15461,0.51678,-1,1,0.0024888,0.82605,0
0,0,0,0,0,0,0,0,1.0854,1.1338,0.5464,1,0.98961,0.96373,0.095474,1,0,0,1.2665,1.0854,0.98945,-0.84612,0.6173,1.0415,1.6423,0.97765,0.14666,3.6885e-07,9999,1,-1,1084,10.059,0.12411,0,0,0,0,0,0,0,0,1,1.0854,0.98945,-0.98137,0,0,0,0,0,10,0.15257,3.0604e-06,9999,-1,0,4.6875,0.27033,0.54005,0.90292,-0.7178,-2,0.0070821,1.0854,1,0.98945,0.90332,1,0.98961,0.85457,0,0,0,0,0,0,0,1
1.8123,0.059499,-0.71973,-1,0,0,0,0,0.53678,0.059499,0.13456,1,0.13411,0.062968,-0.035461,0,0,0,1.3838,999,999,999,0.78433,0.93705,1.2052,0,0,0,0,0,0,0,0,0,0,0,0,0,0,0,0,0,0,0,0,0,0,0,0,0,0,0,0,0,0,0,0,0,0,0,0,0,0,0.0053322,1.8123,-1,0.87648,0,0,0,0,0,0,0,0,0,0,0,0
0,0,0,0,1.2229,0.093636,-0.86226,1,0.49601,0.093636,0.15747,-1,-0.017745,7.8495e-05,-5.0965e-05,0,0,0,0.91584,999,999,999,0.95244,0.82348,0.59518,0,0,0,0,0,0,0,0,0,0,0,0,0,0,0,0,0,0,0,0,0,0,0,0,0,0,0,0,0,0,0,0,0,0,0,0,0,0,0.0048776,1.2229,1,0.97345,0,0,0,0,0,0,0,0,0,0,0,1
0,0,0,0,0,0,0,0,0.8529,1.0707,-0.78485,1,0.006696,0.0028636,-1.4196e-05,2,0,0,0.64285,999,999,999,0.40572,0.52412,0.42579,0.74408,0.12109,4.2998e-07,9999,1,-1,712.89,7.6172,0.16635,0,0,0,0,0,0,0,0,1,999,999,999,0,0,0,0,0,0,0,0,0,0,0,0,0,0,0,0,0,0,0,0,0,0.43051,1,0.006696,0.53532,0,0,0,0,0,0,0,0
0.39571,0.19163,-0.93605,1,0,0,0,0,0.48997,0.19163,-0.99847,1,0.017686,0.00030587,0,0,0,0,0.44036,999,999,999,0.62715,0.75808,0,0,0,0,0,0,0,0,0,0,0,0,0,0,0,0,0,0,0,0,0,0,0,0,0,0,0,0,0,0,0,0,0,0,0,0,0,0,0,0,0,0,0,0,0,0,0,0.39571,0.19163,-0.93605,1,1,0.01581,0.99786,0
0,0,0,0,0,0,0,0,1.1484,0.62932,0.80168,-1,-0.47689,0.020719,1.9653e-05,0,0,0,1.1492,999,999,999,1.8152,0.99322,0.46968,0.97356,0.11266,4.467e-07,9999,1,-1,986.33,5.3223,0.17563,0,0,0,0,0,0,0,0,1,0.71784,0.82918,-0.67985,0,0,0,0,0,10,0.11266,4.467e-07,9999,-1,986.33,5.3223,0.17563,0.71784,0.82918,-0.67985,-2,0.0017212,1.1484,-1,0.74306,0.3832,-1,-0.47689,-0.23275,0,0,0,0,0,0,0,1
0,0,0,0,0,0,0,0,0.57017,0.24604,0.71184,1,-0.99977,0.80869,0.015816,1,1,0.4938,0.60754,999,999,999,0.38448,0.16587,0.9142,0,0,0,0,0,0,0,0,0,0,0,0,0,0,0,0,0,0,0,0,0,0,0,0,0,0,0,0,0,0,0,0,0,0,0,0,0,0,0.031731,0.57017,1,0.8788,0,0,0,0,0,0,0,0,0,0,0,0
0,0,0,0,0,0,0,0,0.17097,0.056118,0.73496,-1,-0.99958,0.45222,-0.001117,1,0,0,0.67751,999,999,999,0.40871,0.73641,0.4363,0.96051,0.17097,6.6724e-07,9999,0,-1,266.11,4.1016,0.25388,0,0,0,0,0,0,0,0,1,0.51136,0.6929,-0.58334,0,0,0,0,0,10,0.17097,6.6724e-07,9999,-1,266.11,4.1016,0.25388,0.51136,0.6929,-0.58334,-6,0.0079,0.51136,1,0.6929,-0.58334,1,0.45222,0.74241,0,0,0,0,0,0,0,0
0,0,0,0,0,0,0,0,0.31981,0.24884,0.87778,1,6.8396e-05,-5.7829e-05,1.1207e-05,0,0,0,0.8812,999,999,999,0.62342,0.61507,0.51444,0,0,0,0,0,0,0,0,0,0,0,0,0,0,0,0,0,0,0,0,0,0,0,0,0,0,0,0,0,0,0,0,0,0,0,0,0,0,0.042736,0.68773,-1,0.84696,0,0,0,0,0,0,0,0,0,0,0,0
0,0,0,0,0,0,0,0,0.71245,1.1136,-0.8605,-1,-0.051693,1.7439e-05,-5.3392e-06,0,0,0,0.72075,999,999,999,1.0957,0.44576,0.34392,0.14195,0.23668,1.0445e-06,9999,1,1,576.17,3.8086,0.2185,0,0,0,0,0,0,0,0,1,999,999,999,0,0,0,0,0,0,0,0,0,0,0,0,0,0,0,0,0,0.0023968,0.71245,-1,0.8477,0.17718,-1,-0.051693,-0.00013087,0,0,0,0,0,0,0,0
0.53321,1.3052,-0.99579,-1,0,0,0,0,0.71498,0.4313,-0.43475,1,-0.072192,0.022184,9.2776e-06,0,0,0,0.72346,999,999,999,0.83532,1.0957,0.38819,0.24043,0.22736,1.5e-06,9999,1,-1,458.98,3.7109,0.35631,0,0,0,0,0,0,0,0,1,0.71498,0.95537,-0.094927,0,0,0,0,0,10,0.22736,1.5e-06,9999,-1,458.98,3.7109,0.35631,0.71498,0.95537,-0.094927,-6,0.0096997,0.71498,1,0.95537,-0.094927,1,0.022184,0.0002487,0.53321,1.3052,-0.99579,-1,1,0.00075216,0.54072,0
0,0,0,0,0,0,0,0,1.3844,0.15712,-0.90851,1,0.94793,-0.00010585,0,0,0,0,1.0571,999,999,999,0.94576,0.80575,0,0,0,0,0,0,0,0,0,0,0,0,0,0,0,0,0,0,0,0,0,0,0,0,0,0,0,0,0,0,0,0,0,0,0,0,0,0,0,0.012795,1.3844,1,0.98331,0,0,0,0,0,0,0,0,0,0,0,1
0,0,0,0,0.90621,0.70829,-0.80287,1,1.4839,0,-0.91167,1,0.85449,0.0023163,-0.0010982,0,0,0,1.1791,999,999,999,0.88325,0.83322,0.8883,0,0,0,0,0,0,0,0,0,0,0,0,0,0,0,0,0,0,0,0,0,0,0,0,0,0,0,0,0,0,0,0,0,0,0,0,0,0,0.033353,1.4839,1,0.91914,0,0,0,0,0,0,0,0,0,0,0,1
0,0,0,0,0,0,0,0,0.66723,1.6579,-0.87698,1,4.3581e-05,-3.1569e-05,2.148e-05,0,0,0,0.87999,999,999,999,0.56445,0.51468,0.46767,0.97224,0.17945,6.0983e-07,9999,0,-1,644.53,4.9805,0.23876,1,0,-2.7901,4.5831e-05,1.5486,0.10457,0.0014225,0.072101,1,0.66723,0.94015,-0.90887,0,0,0,0,0,10,0.11601,4.4887e-07,9999,-1,517.58,6.1035,0.17678,0.66723,0.94015,-0.77232,-4,0.0020713,0.66723,1,0.94015,0.9953,1,8.7443e-06,0.75254,0,0,0,0,0,0,0,0
0,0,0,0,0,0,0,0,2.0219,0.81097,-0.74426,1,-0.012039,0.00014337,-2.5653e-05,0,0,0,2.4074,-0.70421,-0.39781,-0.63462,1.7582,2.4186,0.47947,0,0,0,0,0,0,0,0,0,0,0,0,0,0,0,0,0,0,0,0,0,0,0,0,0,0,0,0,0,0,0,0,0,0,0,0,0,0,0.0012585,2.0219,1,0.93357,0,0,0,0,0,0,0,0,0,0,0,0
0,0,0,0,0,0,0,0,0.91575,0.76909,-0.333,-1,0.92188,-0.12063,0.00090799,6,0,0,1.1147,0.51621,0.81958,-0.72881,0.51549,1.2513,0.82249,0.78265,0.14546,1.2187e-06,9999,0,1,0,6.9336,0.10853,0,0,0,0,0,0,0,0,1,0.91575,0.9915,-0.81914,0,0,0,0,0,10,0.21022,1.4657e-06,9999,-1,0,3.7109,0.17237,0.51621,0.81958,-0.0015921,-0,0.0018718,0.91575,-1,0.9915,0.64227,1,0.92188,0.40977,0,0,0,0,0,0,0,0
0,0,0,0,0,0,0,0,0.69274,0,-0.15917,-1,-0.0032524,-4.0041e-05,2.3535e-06,0,0,0,0.87395,-0.62373,-0.50097,-0.071273,0.98201,0.55033,0.28198,0,0,0,0,0,0,0,0,0,0,0,0,0,0,0,0,0,0,0,0,0,0,0,0,0,0,0,0,0,0,0,0,0,0,0,0,0,0,0.029452,0.69274,-1,0.83457,0,0,0,0,0,0,0,0,0,0,0,0
0,0,0,0,0,0,0,0,0.7218,1.0632,0.34243,1,0.99778,0.0027216,-0.00018772,0,0,0,1.0762,0.7218,0.96238,-0.95426,0.52562,1.0588,0.67895,0.81263,0.10092,4.1226e-07,9999,1,-1,1718.8,4.8828,0.1556,0,0,0,0,0,0,0,0,1,0.71413,0.99933,-0.80488,0,0,0,0,0,10,0.10092,4.1226e-07,9999,-1,1718.8,4.8828,0.1556,0.71413,0.99933,-0.80488,-0,0.01735,0.85168,-1,0.98525,-0.80488,1,0.99778,0.68091,0,0,0,0,0,0,0,1
0,0,0,0,0,0,0,0,1.2943,0.78784,-0.53968,-1,-0.089556,0.040426,-0.0075721,2,1,0.49716,1.7501,-1.2943,-0.92599,-0.92285,1.3017,1.0547,1.3249,0,0,0,0,0,0,0,0,0,0,0,0,0,0,0,0,0,0,0,0,0,0,0,0,0,0,0,0,0,0,0,0,0,0,0,0,0,0,0.00099384,1.2943,-1,0.92599,0,0,0,0,0,0,0,0,0,0,0,1
0,0,0,0,0.45264,1.8184,0.45748,1,0.7649,1.3856,0.19721,1,0.99459,-0.83896,0.52021,5,2,0.49746,1.3686,0.7649,-0.77385,-0.060644,0.43426,0.6926,0.69651,0.92876,0.21852,1.0003e-06,9999,0,-1,546.88,3.6133,0.31096,0,1,0,0,0,0,0,0,1,0.7649,0.77385,-0.95243,0,0,0,0,0,10,0.21852,1.0003e-06,9999,-1,546.88,3.6133,0.31096,0.7649,0.77385,-0.95243,-9,0.001383,0.7649,1,0.77385,0.35906,1,0.99459,0.13991,0,0,0,0,0,0,0,0
0,0,0,0,0,0,0,0,0.20119,0.048889,0.29236,-1,0.00036364,6.2189e-05,-4.7158e-06,3,1,0.49578,0.92463,0.54242,0.47258,-0.050928,0.70058,0.64316,0.30935,0.90733,0.20119,4.7158e-06,9999,1,-1,0,3.9551,0.30935,0,0,0,0,0,0,0,0,1,0.716,0.89732,-0.78113,0,0,0,0,0,10,0.20119,4.7158e-06,9999,-1,0,3.9551,0.30935,0.716,0.89732,-0.78113,-4,0.0082009,0.716,1,0.89732,0.84464,1,0.00036364,0.18789,0,0,0,0,0,0,0,0
0,0,0,0,0,0,0,0,1.0543,2.1122,0.31823,-1,0.95281,-0.000536,-7.9676e-05,1,0,0,1.3322,0.59549,-0.79757,-0.80268,0.88667,1.0542,0.64852,0.91851,0.10633,4.1362e-07,9999,0,-1,654.3,5.4199,0.15646,0,0,0,0,0,0,0,0,1,0.59549,0.79757,-0.54838,0,0,0,0,0,10,0.10633,4.1362e-07,9999,-1,654.3,5.4199,0.15646,0.59549,0.79757,-0.54838,-2,0.0025496,1.0543,-1,0.95323,0.93656,1,0.95281,0.77676,0,0,0,0,0,0,0,1
0.80267,0,-0.91373,-1,0,0,0,0,1.0096,0,-0.75835,1,-0.019668,8.2885e-05,0,0,0,0,0.98217,999,999,999,0.99833,0.69692,0,0,0,0,0,0,0,0,0,0,0,0,0,0,0,0,0,0,0,0,0,0,0,0,0,0,0,0,0,0,0,0,0,0,0,0,0,0,0,0.027441,1.0096,1,0.75835,0,0,0,0,0.80267,0,-0.91373,-1,1,0.014497,0.91373,0
1.6426,0,-0.97108,-1,0,0,0,0,0.39338,0,0.077444,1,-0.0061802,-0.0001447,7.4934e-07,1,1,0.49432,1.6324,-1.6426,-0.97835,-0.32416,1.662,1.6892,0.27188,0,0,0,0,0,0,0,0,0,0,0,0,0,0,0,0,0,0,0,0,0,0,0,0,0,0,0,0,0,0,0,0,0,0,0,0,0,0,0.0041559,1.6426,-1,0.97835,0,0,0,0,0,0,0,0,0,0,0,0
0,0,0,0,0,0,0,0,0.83783,0.69667,-0.84217,-1,-0.12673,-0.0001755,-3.6303e-06,3,0,0,0.91031,999,999,999,0.93571,0.17406,0.31456,0.98673,0.074779,3.3951e-07,9999,0,-1,410.16,3.5645,0.09706,0,0,0,0,0,0,0,0,1,999,999,999,0,0,0,0,0,0,0,0,0,0,0,0,0,0,0,0,0,0.004228,0.83783,-1,0.69258,0.54778,1,1.2871e-06,0.87772,0,0,0,0,0,0,0,1
0,0,0,0,0,0,0,0,2.0414,0.080447,-0.80476,1,0.9662,-0.17325,0.0027589,1,0,0,2.0409,999,999,999,1.983,1.3775,0.24835,0.65454,0.20373,0.00018107,9999,1,-1,610.35,0,0.19593,1,0,3.6429,1.0063,0.59322,0.11001,0.0077974,0.0097004,1,2.0414,0.99834,-0.66483,0,0,0,0,0,10,0.24918,0.0027589,9999,1,1484.4,4.248,0.24835,0.86298,0.52674,-0.1466,21,0.0046381,2.0414,1,0.99834,-0.66483,1,0.9662,0.0077862,0,0,0,0,0,0,0,1
0,0,0,0,0,0,0,0,0.9267,0,-0.39299,1,0.97828,0.00034329,3.8939e-06,1,0,0,0.85618,0.9267,-0.74531,-0.31643,0.74096,0.58708,0.43953,0.83978,0.14127,4.2577e-07,9999,0,-1,703.12,5.5664,0.16389,1,0,1.3206,0.40037,-0.42446,0.14002,0.011179,0.050428,1,0.9267,0.74531,-0.27023,0,0,0,0,0,10,0.14127,4.2577e-07,9999,-1,703.12,5.5664,0.16389,0.9267,0.74531,-0.27023,-2,0.022265,0.9267,1,0.74531,0.99775,1,0.97828,0.5431,0,0,0,0,0,0,0,1
0.86394,0.59803,-0.57931,1,0,0,0,0,0.51317,0.066215,0.2446,-1,0.00029844,-6.099e-06,0,0,0,0,0.63519,999,999,999,0.62273,0.35426,0,0,0,0,0,0,0,0,0,0,0,0,0,0,0,0,0,0,0,0,0,0,0,0,0,0,0,0,0,0,0,0,0,0,0,0,0,0,0,0.011105,0.86394,1,0.57666,0,0,0,0,0.86394,0.59803,-0.57931,1,1,0.011105,0.57666,1
0,0,0,0,0,0,0,0,0.66313,0.69872,0.54752,-1,-0.99805,-0.00070768,-5.8454e-05,0,0,0,0.9858,999,999,999,0.51538,0.86922,0.62613,0,0,0,0,0,0,0,0,0,0,0,0,0,0,0,0,0,0,0,0,0,0,0,0,0,0,0,0,0,0,0,0,0,0,0,0,0,0,0.011266,0.66313,-1,0.93772,0,0,0,0,0,0,0,0,0,0,0,0
0.53088,1.309,-0.3272,1,0,0,0,0,0.53874,0.75248,0.85019,-1,0.00014536,-0.00010796,-8.6053e-05,1,0,0,1.264,999,999,999,0.73735,0.83939,0.76894,0.69016,0.082891,3.3681e-07,9999,0,-1,2343.8,16.406,0.094262,1,0,-0.41517,0.050178,-1.6901,0.16308,0.27176,0.29426,1,0.72159,0.50137,-0.26562,0,0,0,0,0,10,0.082891,3.3681e-07,9999,-1,2343.8,16.406,0.094262,0.72159,0.50137,-0.26562,-4,0.013029,0.53088,1,0.19746,0.87051,1,4.0465e-05,0.6951,0.53088,1.309,-0.3272,1,1,0.013029,0.19746,0
0,0,0,0,0,0,0,0,1.0293,0.76853,-0.12532,1,0.00275,-0.00056588,-4.5931e-05,0,0,0,1.1634,999,999,999,0.90451,0.71871,0.57454,0,0,0,0,0,0,0,0,0,0,0,0,0,0,0,0,0,0,0,0,0,0,0,0,0,0,0,0,0,0,0,0,0,0,0,0,0,0,0.0049352,1.0293,1,0.9693,0,0,0,0,0,0,0,0,0,0,0,0
0,0,0,0,0,0,0,0,0.92312,0.89239,-0.83617,1,0.91693,-0.14169,4.0309e-06,2,0,0,0.94501,999,999,999,1.2433,0.77854,0.32246,0.30799,0.14418,6.609e-07,9999,1,-1,400.39,3.8086,0.25233,0,0,0,0,0,0,0,0,1,0.92312,0.97671,-0.28781,0,0,0,0,0,10,0.14418,6.609e-07,9999,-1,400.39,3.8086,0.25233,0.92312,0.97671,-0.28781,-14,0.0075295,0.92312,1,0.97671,-0.28781,1,0.91693,0.11722,0,0,0,0,0,0,0,0
0,0,0,0,0,0,0,0,1.1491,0.74991,-0.5333,1,-0.99478,0.032299,0.00026662,2,0,0,1.336,999,999,999,0.53843,1.6837,0.28543,0.87464,0.052212,1.2102e-06,9999,0,1,0,12.5,0.097703,1,0,1.7437,-1.7605,-5.2826,0.16175,0.73937,2.3872,1,999,999,999,0,0,0,0,0,0,0,0,0,0,0,0,0,0,0,0,0,0.0022538,1.1491,1,0.91676,0.24638,-1,-0.99478,-0.77479,0,0,0,0,0,0,0,0
0,0,0,0,0,0,0,0,0.9251,0.35142,-0.94375,-1,0.0077359,-0.00062349,2.0397e-05,3,0,0,0.67454,0.66847,-0.97552,-0.61873,0.47257,0.58993,0.46204,0.64471,0.10226,1.2999e-06,9999,0,1,0,2.7832,0.045217,0,0,0,0,0,0,0,0,1,999,999,999,0,0,0,0,0,0,0,0,0,0,0,0,0,0,0,0,0,0.00067291,0.9251,-1,0.92716,0.80862,-1,-0.00062349,-0.576,0,0,0,0,0,0,0,0
0,0,0,0,0,0,0,0,0.55862,1.3689,-0.97767,-1,-0.14713,0,0,0,0,0,0.3868,999,999,999,0.86879,0,0,0,0,0,0,0,0,0,0,0,0,0,0,0,0,0,0,0,0,0,0,0,0,0,0,0,0,0,0,0,0,0,0,0,0,0,0,0,0,0.024617,0.55862,-1,0.93827,0,0,0,0,0,0,0,0,0,0,0,1
0,0,0,0,0,0,0,0,0.54571,0.95562,-0.38331,-1,-0.99944,0.29069,0.019647,0,0,0,1.1816,-0.54685,0.98035,-0.78667,0.43206,1.1064,0.7541,0,0,0,0,0,0,0,0,0,0,0,0,0,0,0,0,0,0,0,0,0,0,0,0,0,0,0,0,0,0,0,0,0,0,0,0,0,0,0.020594,0.81936,1,0.87809,0,0,0,0,0,0,0,0,0,0,0,0
0,0,0,0,0,0,0,0,0.61923,0.41527,-0.6888,1,0.00079578,-0.00026561,-0.00010407,1,0,0,1.2615,999,999,999,0.79758,0.99873,0.82227,0.6837,0.20243,7.4178e-07,9999,1,-1,527.34,3.0762,0.27036,0,0,0,0,0,0,0,0,1,0.61923,0.94672,-0.57869,0,0,0,0,0,10,0.20243,7.4178e-07,9999,-1,527.34,3.0762,0.27036,0.61923,0.94672,-0.57869,-21,0.0059267,0.84485,-1,0.96449,-0.57869,1,0.00079578,0.011045,0,0,0,0,0,0,0,1
0,0,0,0,0,0,0,0,0.65493,1.0152,-0.3733,-1,0.77348,-1.7291e-05,1.679e-05,3,0,0,0.58609,999,999,999,0.13026,0.4449,0.44197,0.92072,0.066572,1.2392e-06,9999,0,1,0,9.8633,0.12084,0,0,0,0,0,0,0,0,1,0.65493,0.77084,-0.52448,0,0,0,0,0,10,0.066572,1.2392e-06,9999,1,0,9.8633,0.12084,0.65493,0.77084,-0.52448,2,0.013195,0.65493,-1,0.77084,0.92779,-1,-1.7291e-05,-5.0103e-06,0,0,0,0,0,0,0,0
0,0,0,0,1.5464,0.25028,-0.82789,-1,0.20775,0,0.80801,1,-0.00929,5.1948e-07,5.1802e-07,0,0,0,1.5613,999,999,999,1.7496,0.20869,0.20812,0.56061,0.12323,5.1802e-07,9999,1,1,576.17,5.7617,0.20812,0,0,0,0,0,0,0,0,1,1.5464,0.93264,-0.36151,0,0,0,0,0,10,0.20775,5.1948e-07,9999,1,590.82,4.9316,0.20869,1.5464,0.93264,-0.48682,0,0.0067437,1.5464,-1,0.93264,-0.36151,-1,-0.00929,-0.35121,0,0,0,0,0,0,0,0
0,0,0,0,0,0,0,0,0.93166,0.1715,-0.9555,-1,-0.98674,0.00012261,0,0,0,0,0.94938,999,999,999,0.75405,0.75253,0,0,0,0,0,0,0,0,0,0,0,0,0,0,0,0,0,0,0,0,0,0,0,0,0,0,0,0,0,0,0,0,0,0,0,0,0,0,0,0.013964,0.93166,-1,0.90279,0,0,0,0,0,0,0,0,0,0,0,0
0,0,0,0,0,0,0,0,0.22599,0.90034,-0.49109,-1,-0.93756,0.84966,-0.00013243,0,0,0,0.77992,-0.52648,-0.83563,-0.86779,0.42686,0.92178,0.67592,0.43394,0.23415,4.1417e-07,9999,0,1,800.78,5.9082,0.1568,0,0,0,0,0,0,0,0,1,999,999,999,0,0,0,0,0,10,0.22599,0.93756,9999,-1,0,8.5938,0.42686,0.56368,0.58198,-0.61866,-22,0.01727,0.56368,1,0.58198,-0.42383,-1,-0.93756,-0.00023643,0,0,0,0,0,0,0,0
0,0,0,0,0,0,0,0,1.2839,0.40305,-0.88718,1,0.96057,-0.00012079,1.0372e-05,0,0,0,1.2642,999,999,999,1.1155,0.56118,0.2719,0.1487,0.1793,3.6262e-07,9999,1,-1,1757.8,9.7656,0.11883,0,0,0,0,0,0,0,0,1,1.2839,0.9955,-0.14268,0,0,0,0,0,10,0.1793,3.6262e-07,9999,-1,1757.8,9.7656,0.11883,1.2839,0.9955,-0.14268,-0,0.003171,1.2839,1,0.9955,-0.14268,1,0.96057,0.0057746,0,0,0,0,0,0,0,1
0,0,0,0,0,0,0,0,0.86287,0,-0.89604,-1,-0.91643,-0.19987,0.026101,1,0,0,1.4094,999,999,999,1.0608,1.9307,1.0768,0,0,0,0,0,0,0,0,0,0,0,0,0,0,0,0,0,0,0,0,0,0,0,0,0,0,0,0,0,0,0,0,0,0,0,0,0,0,0.0068174,1.0963,1,0.93344,0,0,0,0,0,0,0,0,0,0,0,0
0,0,0,0,0,0,0,0,0.88185,0.76361,-0.29928,1,0.91233,0.74471,-0.0025511,0,0,0,1.4019,0.86235,-0.97109,-0.79711,1.2232,1.1294,0.7346,0,0,0,0,0,0,0,0,0,0,0,0,0,0,0,0,0,0,0,0,0,0,0,0,0,0,0,0,0,0,0,0,0,0,0,0,0,0,0.0054516,0.88185,1,0.83576,0,0,0,0,0,0,0,0,0,0,0,1
0,0,0,0,0,0,0,0,0.70702,1.8712,-0.95823,1,-0.99683,0.9195,-0.034099,1,0,0,0.95112,999,999,999,0.45225,0.63328,1.0475,0.96482,0.073914,3.415e-07,9999,0,1,361.33,9.1797,0.099095,0,0,0,0,0,0,0,0,1,0.69408,0.95799,-0.85939,0,0,0,0,0,10,0.073914,3.415e-07,9999,1,361.33,9.1797,0.099095,0.69408,0.95799,-0.85939,2,0.016261,0.69408,-1,0.95799,-0.14378,-1,-0.99683,-0.84782,0,0,0,0,0,0,0,0
0,0,0,0,0,0,0,0,1.3613,0.27882,0.92587,-1,-0.7627,8.4225e-05,7.1229e-06,2,0,0,1.0238,999,999,999,2.2605,0.74475,0.36655,0.60913,0.18144,4.8241e-07,9999,1,-1,634.77,6.543,0.19314,0,0,0,0,0,0,0,0,1,999,999,999,0,0,0,0,0,0,0,0,0,0,0,0,0,0,0,0,0,0.0036622,1.0829,1,0.91334,0.63026,1,8.4225e-05,0.031388,0,0,0,0,0,0,0,0
0,0,0,0,0.65342,1.6988,-0.91287,1,1.4775,0.6173,0.77118,-1,-0.0022963,0.00046914,-8.1499e-05,2,0,0,1.7635,-0.62441,0.97643,-0.98307,1.5127,0.92939,0.73339,0.97034,0.17924,5.9183e-07,9999,1,1,556.64,4.8828,0.23347,0,0,0,0,0,0,0,0,1,1.4775,0.99285,-0.99105,0,0,0,0,0,10,0.17924,5.9183e-07,9999,1,556.64,4.8828,0.23347,1.4775,0.99285,-0.99105,2,0.0031933,1.4775,-1,0.99285,0.98934,-1,-5.4507e-05,-0.74508,0,0,0,0,0,0,0,0
0,0,0,0,0,0,0,0,0.59077,1.9887,-0.67742,1,-4.5588e-05,4.4023e-05,3.3365e-05,0,0,0,0.75151,999,999,999,0.57309,0.56664,0.52238,0,0,0,0,0,0,0,0,0,0,0,0,0,0,0,0,0,0,0,0,0,0,0,0,0,0,0,0,0,0,0,0,0,0,0,0,0,0,0.015172,0.59077,1,0.77615,0,0,0,0,0,0,0,0,0,0,0,0
0.82771,0.21271,0.22642,-1,0,0,0,0,0.33368,1.0404,-0.62186,1,-0.0080558,0.00018582,8.1759e-06,2,1,0.49382,0.93339,999,999,999,0.89494,0.20728,0.37771,0,0,0,0,0,0,0,0,0,0,0,0,0,0,0,0,0,0,0,0,0,0,0,0,0,0,0,0,0,0,0,0,0,0,0,0,0,0,0.0061503,0.82771,-1,0.99589,0,0,0,0,0.82771,0.21271,0.22642,-1,1,0.0061503,0.99589,1
0,0,0,0,0,0,0,0,0.80066,0.81203,0.041283,-1,-0.96705,0.88536,-0.00010708,3,0,0,1.3506,-0.69594,-0.80068,-0.8759,0.97146,1.3264,0.72356,0.84936,0.19813,1.3735e-06,9999,0,1,0,6.0547,0.15737,0,0,0,0,0,0,0,0,1,0.80066,0.43404,-0.41876,0,0,0,0,0,10,0.19813,1.3735e-06,9999,1,0,6.0547,0.15737,0.80066,0.43404,-0.41876,0,0.0062896,0.80066,-1,0.43404,-0.41876,-1,-0.96705,-0.10715,0,0,0,0,0,0,0,0
0,0,0,0,0,0,0,0,0.81524,0.67338,-0.62921,1,-0.99433,0.9939,0.25335,0,1,0.49901,0.98386,999,999,999,0.43624,0.62467,0.76373,0,0,0,0,0,0,0,0,0,0,0,0,0,0,0,0,0,0,0,0,0,0,0,0,0,0,0,0,0,0,0,0,0,0,0,0,0,0,0.0098473,0.81524,1,0.74127,0,0,0,0,0,0,0,0,0,0,0,0
0.62906,0.3988,0.49531,-1,0,0,0,0,0.9033,1.423,-0.94115,-1,-0.056069,0.0038745,-0.00014645,1,0,0,1.2704,-0.9033,-0.45092,-0.71131,0.77231,0.19758,0.78753,0.7941,0.22535,2.1953e-06,9999,1,1,512.7,4.6387,0.27672,0,0,0,0,0,0,0,0,1,0.62906,0.28141,-0.22526,0,0,0,0,0,10,0.23099,0.0038745,9999,1,10000,33.203,0.19758,0.9033,0.45092,-0.47373,22,0.0096395,0.73572,-1,0.99038,0.85454,-1,-0.00010356,-0.005789,0.62906,0.3988,0.49531,-1,1,0.013977,0.28141,0
0,0,0,0,1.1584,0.23859,-0.9163,-1,0.34109,0.38264,0.75915,1,-0.033583,-0.00060668,0.00011136,3,1,0.49894,1.1892,999,999,999,1.4022,0.35198,0.67303,0.92193,0.17144,4.4666e-07,9999,1,1,683.59,5.0293,0.17561,0,0,0,0,0,0,0,0,1,1.1584,0.97054,-0.98187,0,0,0,0,0,10,0.17144,4.4666e-07,9999,1,683.59,5.0293,0.17561,1.1584,0.97054,-0.98187,4,0.013208,1.1584,-1,0.97054,0.23237,-1,-0.00060668,-0.57895,0,0,0,0,0,0,0,1
0,0,0,0,0,0,0,0,0.77885,1.3376,-0.90611,1,0.99214,0.98632,-6.9328e-06,0,0,0,0.47279,999,999,999,0.4486,0.48763,0.36439,0.12284,0.072526,1.2702e-06,9999,1,1,0,3.4668,0.053439,0,0,0,0,0,0,0,0,1,999,999,999,0,0,0,0,0,0,0,0,0,0,0,0,0,0,0,0,0,0.089924,0.77885,1,0.76615,-0.77913,-1,-6.9328e-06,-0.58227,0,0,0,0,0,0,0,1
0,0,0,0,1.4181,0.37106,-0.79372,1,0,0,0,0,0.0012709,0,0,0,0,0,1.1046,999,999,999,1.1308,0,0,0,0,0,0,0,0,0,0,0,0,0,0,0,0,0,0,0,0,0,0,0,0,0,0,0,0,0,0,0,0,0,0,0,0,0,0,0,0,0.0097443,1.4181,1,0.95747,0,0,0,0,0,0,0,0,0,0,0,1
0,0,0,0,0,0,0,0,1.0099,0.60376,-0.99698,1,0.94015,0.025028,-5.6469e-07,1,0,0,0.82386,999,999,999,0.72686,0.71036,0.22489,0.73534,0.20958,5.6469e-07,9999,1,-1,664.06,4.834,0.22489,0,0,0,0,0,0,0,0,1,1.0099,0.85682,-0.42273,0,0,0,0,0,10,0.20958,5.6469e-07,9999,-1,664.06,4.834,0.22489,1.0099,0.85682,-0.42273,-0,0.0086483,0.51412,1,0.80898,-0.95353,1,0.94015,0.010325,0,0,0,0,0,0,0,1
0,0,0,0,0,0,0,0,1.2403,0.24106,-0.99642,1,0.014504,-6.0622e-05,0,0,0,0,1.2054,999,999,999,1.0983,0.63684,0,0,0,0,0,0,0,0,0,0,0,0,0,0,0,0,0,0,0,0,0,0,0,0,0,0,0,0,0,0,0,0,0,0,0,0,0,0,0,0.043244,1.2403,1,0.94602,0,0,0,0,0,0,0,0,0,0,0,0
1.5268,0.69199,-0.96672,1,0,0,0,0,0.10093,0.35084,-0.01156,1,5.5005e-05,1.3563e-06,0,1,0,0,1.0872,999,999,999,2.3624,0.15404,0,0.19304,0.10093,1.3563e-06,9999,0,1,0,7.0312,0.15404,0,0,0,0,0,0,0,0,1,999,999,999,0,0,0,0,0,0,0,0,0,0,0,0,0,0,0,0,0,0.020384,1.5268,1,0.98379,0,0,0,0,0,0,0,0,0,0,0,1
0,0,0,0,0,0,0,0,0.56906,0.25632,-0.91262,1,0.0031962,-5.5603e-07,0,0,0,0,0.5748,999,999,999,0.58945,0.22199,0,0.7184,0.13991,5.5603e-07,9999,1,-1,571.29,5.6641,0.22199,0,0,0,0,0,0,0,0,1,999,999,999,0,0,0,0,0,0,0,0,0,0,0,0,0,0,0,0,0,0.0045399,0.56906,1,0.93228,0.76931,1,0.0031962,0.36223,0,0,0,0,0,0,0,0
0,0,0,0,0,0,0,0,0.84235,1.7329,-0.99016,1,0.006678,-3.8259e-05,1.4702e-06,0,0,0,0.92207,999,999,999,1.1786,0.54296,0.24594,0.99434,0.24965,7.464e-07,9999,0,1,566.41,4.834,0.27129,0,0,0,0,0,0,0,0,1,999,999,999,0,0,0,0,0,0,0,0,0,0,0,0,0,0,0,0,0,0.026361,0.84235,1,0.94758,0.2739,1,0.006678,0.018288,0,0,0,0,0,0,0,0
0,0,0,0,0,0,0,0,1.019,0.87433,-0.68252,-1,-0.95165,0.14796,0.13325,3,0,0,1.1422,-1.019,0.84541,-0.48614,0.33897,1.6521,3.6653,0.90405,0.046837,1.2093e-06,9999,0,1,0,17.773,0.094059,0,0,0,0,0,0,0,0,1,0.51353,0.87679,-0.64706,0,0,0,0,0,10,0.046837,1.2093e-06,9999,1,0,17.773,0.094059,0.51353,0.87679,-0.64706,2,0.0077295,1.019,-1,0.84541,-0.64706,-1,-0.95165,-0.7899,0,0,0,0,0,0,0,0
0,0,0,0,0,0,0,0,0.18927,0.82153,0.93216,-1,-0.00071192,-5.7557e-06,5.4939e-07,0,0,0,0.40201,999,999,999,0.39519,0.30496,0.2197,0.83495,0.18927,5.7557e-06,9999,1,-1,0,6.8359,0.30496,0,0,0,0,0,0,0,0,1,999,999,999,0,0,0,0,0,0,0,0,0,0,0,0,0,0,0,0,0,0,0,0,0,-0.022934,-1,-5.7557e-06,-0.00032379,0,0,0,0,0,0,0,0
0,0,0,0,0,0,0,0,0.45447,1.1261,-0.63016,1,-0.99999,0.99997,0.0012275,3,0,0,0.51412,999,999,999,0.24416,0.27461,0.6993,0.29546,0.21201,4.4303e-07,9999,1,-1,625,4.9805,0.17366,0,0,0,0,0,0,0,0,1,999,999,999,0,0,0,0,0,0,0,0,0,0,0,0,0,0,0,0,0,0,0,0,0,-0.37967,1,0.99997,0.00082958,0,0,0,0,0,0,0,0
0,0,0,0,0,0,0,0,1.0553,1.2397,0.11093,1,0.011486,0.0030255,0.00039145,2,1,0.49484,1.4629,1.0553,-0.75099,-0.44728,0.52255,1.5776,0.73252,0,0,0,0,0,0,0,0,0,0,0,0,0,0,0,0,0,0,0,0,0,0,0,0,0,0,0,0,0,0,0,0,0,0,0,0,0,0,0.0065965,1.0553,1,0.75099,0,0,0,0,0,0,0,0,0,0,0,0
0,0,0,0,0,0,0,0,1.7926,0.55367,0.16013,-1,0.96461,-0.02465,-0.0012072,2,1,0.49415,2.0014,999,999,999,1.2436,1.8614,0.43137,0.97762,0.19478,6.6444e-07,9999,1,1,493.16,3.0762,0.2532,0,0,0,0,0,0,0,0,1,1.7926,0.9915,-0.99642,0,0,0,0,0,10,0.19478,6.6444e-07,9999,1,493.16,3.0762,0.2532,1.7926,0.9915,-0.99642,4,0.0071309,1.7926,-1,0.9915,0.95719,-1,-2.4966e-05,-0.68226,0,0,0,0,0,0,0,1
0,0,0,0,0,0,0,0,0.51024,0.34149,0.89102,1,-0.99931,0.93529,0.0012543,3,0,0,0.61347,999,999,999,0.44503,0.8725,0.44673,0,0,0,0,0,0,0,0,0,0,0,0,0,0,0,0,0,0,0,0,0,0,0,0,0,0,0,0,0,0,0,0,0,0,0,0,0,0,0.017327,0.51024,1,0.81158,0,0,0,0,0,0,0,0,0,0,0,1
0,0,0,0,0,0,0,0,0.54928,0.27733,-0.40607,1,-0.99996,1.3306e-05,-6.015e-06,0,0,0,0.69097,999,999,999,0.30383,0.52561,0.35318,0,0,0,0,0,0,0,0,0,0,0,0,0,0,0,0,0,0,0,0,0,0,0,0,0,0,0,0,0,0,0,0,0,0,0,0,0,0,0.024827,0.5085,-1,0.56213,0,0,0,0,0,0,0,0,0,0,0,1
0,0,0,0,0,0,0,0,1.3726,0.28764,-0.15178,1,0.041787,1.8027e-05,-7.8335e-06,0,0,0,1.4436,999,999,999,1.3209,0.44912,0.37422,0,0,0,0,0,0,0,0,0,0,0,0,0,0,0,0,0,0,0,0,0,0,0,0,0,0,0,0,0,0,0,0,0,0,0,0,0,0,0.052263,1.3726,1,0.90433,0,0,0,0,0,0,0,0,0,0,0,0
0,0,0,0,0,0,0,0,0.28516,2.2565,-0.72995,-1,-0.00054081,4.37e-05,-1.2002e-05,2,0,0,0.85232,999,999,999,0.56483,0.5644,0.41045,0.9919,0.063289,3.4687e-07,9999,0,-1,80.566,8.0078,0.10441,0,0,0,0,0,0,0,0,1,999,999,999,0,0,0,0,0,0,0,0,0,0,0,0,0,0,0,0,0,0,0,0,0,0.92893,1,4.37e-05,0.88027,0,0,0,0,0,0,0,1
0,0,0,0,0,0,0,0,0.79409,0.046364,-0.94124,1,-0.99997,6.9809e-05,4.7509e-06,0,0,0,0.78309,999,999,999,0.27504,0.67809,0.33495,0,0,0,0,0,0,0,0,0,0,0,0,0,0,0,0,0,0,0,0,0,0,0,0,0,0,0,0,0,0,0,0,0,0,0,0,0,0,0.013039,0.79409,1,0.94051,0,0,0,0,0,0,0,0,0,0,0,0
0,0,0,0,0,0,0,0,0.43431,0.3308,-0.20943,1,0.94685,-1.1133e-05,1.0438e-05,0,0,0,0.622,999,999,999,0.31284,0.40381,0.39821,0,0,0,0,0,0,0,0,0,0,0,0,0,0,0,0,0,0,0,0,0,0,0,0,0,0,0,0,0,0,0,0,0,0,0,0,0,0,0,0,0,0,0,0,0,0,0,0,0,0,0,0,0,1
0,0,0,0,0,0,0,0,0.85536,0.36874,-0.14909,1,-0.025277,8.2719e-05,5.8402e-06,2,0,0,0.99243,999,999,999,0.9664,0.86573,0.35087,0.39996,0.074802,1.2289e-06,9999,0,-1,0,32.422,0.070079,0,0,0,0,0,0,0,0,1,999,999,999,0,0,0,0,0,0,0,0,0,0,0,0,0,0,0,0,0,0.0068333,0.85536,1,0.86789,0.16918,1,8.2719e-05,0.60724,0,0,0,0,0,0,0,1
0,0,0,0,0,0,0,0,0.8442,0.67152,-0.62434,1,0.96375,-0.0004935,2.1184e-05,0,0,0,0.97646,999,999,999,1.2997,0.49104,0.46526,0,0,0,0,0,0,0,0,0,0,0,0,0,0,0,0,0,0,0,0,0,0,0,0,0,0,0,0,0,0,0,0,0,0,0,0,0,0,0.014147,0.8442,1,0.92815,0,0,0,0,0,0,0,0,0,0,0,1
0,0,0,0,0,0,0,0,2.1983,0.59751,-0.76602,-1,0.029305,-0.00042596,-0.00037456,2,1,0.49867,2.3364,999,999,999,1.4297,2.1217,0.6115,0,0,0,0,0,0,0,0,0,0,0,0,0,0,0,0,0,0,0,0,0,0,0,0,0,0,0,0,0,0,0,0,0,0,0,0,0,0,0.0014892,2.1983,-1,0.98558,0,0,0,0,0,0,0,0,0,0,0,0
0,0,0,0,0,0,0,0,1.1454,1.0762,-0.87146,-1,-0.97031,0.0004448,0.00037471,0,0,0,0.86897,999,999,999,0.72442,0.63911,0.50704,0.87813,0.20337,1.2618e-06,9999,1,-1,473.63,3.5156,0.33803,0,0,0,0,0,0,0,0,1,0.81096,0.75734,-0.82803,0,0,0,0,0,10,0.20337,1.2618e-06,9999,-1,473.63,3.5156,0.33803,0.81096,0.75734,-0.82803,-4,0.030137,1.1454,-1,0.89675,0.96503,1,5.4078e-06,0.12421,0,0,0,0,0,0,0,0
0.77421,0.64098,-0.74559,1,0,0,0,0,0.9234,0.4759,-0.5108,1,-0.83308,0.012184,0.00048716,1,0,0,1.0071,999,999,999,0.18997,0.88851,0.52458,0.99787,0.088161,3.4331e-07,9999,1,1,79.346,9.8633,0.10091,0,0,0,0,0,0,0,0,1,999,999,999,0,0,0,0,0,0,0,0,0,0,0,0,0,0,0,0,0,0.0040946,0.77421,1,0.69771,-0.40108,-1,-0.83308,-0.89797,0.77421,0.64098,-0.74559,1,1,0.0040946,0.69771,0
0.42047,1.826,-0.87265,1,0,0,0,0,0.55142,1.1152,0.91767,-1,0.98412,-0.97222,0.00063298,1,0,0,1.1662,999,999,999,0.80135,0.64133,0.38009,0.74119,0.11442,3.7956e-07,9999,1,-1,986.33,7.6172,0.13268,0,0,0,0,0,0,0,0,1,0.64645,0.56674,-0.12758,0,0,0,0,0,10,0.11442,3.7956e-07,9999,-1,986.33,7.6172,0.13268,0.64645,0.56674,-0.12758,-0,0.0015438,0.64645,1,0.56674,-0.12758,1,0.98412,0.57268,0.42047,1.826,-0.87265,1,1,0.24667,0.5715,0
0,0,0,0,1.3389,0.18321,-0.82358,-1,0.73946,0,-0.45069,-1,-0.99577,-0.022082,3.3455e-06,0,0,0,1.2479,-1.3389,-0.76317,-0.0050472,0.53846,1.0993,0.30841,0,0,0,0,0,0,0,0,0,0,0,0,0,0,0,0,0,0,0,0,0,0,0,0,0,0,0,0,0,0,0,0,0,0,0,0,0,0,0.0019072,1.3389,-1,0.76317,0,0,0,0,0,0,0,0,0,0,0,0
0,0,0,0,0,0,0,0,1.46,0.20386,-0.76019,1,0.6132,0.15726,-4.0915e-05,0,0,0,1.8863,1.098,-0.97032,-0.70039,1.6411,1.1434,0.55361,0,0,0,0,0,0,0,0,0,0,0,0,0,0,0,0,0,0,0,0,0,0,0,0,0,0,0,0,0,0,0,0,0,0,0,0,0,0,0.017514,1.46,1,0.83223,0,0,0,0,0,0,0,0,0,0,0,1
0,0,0,0,0,0,0,0,0.26128,1.4763,-0.86938,-1,0.14663,-4.5547e-07,0,0,0,0,0.33918,999,999,999,0.87557,0.1802,0,0,0,0,0,0,0,0,0,0,0,0,0,0,0,0,0,0,0,0,0,0,0,0,0,0,0,0,0,0,0,0,0,0,0,0,0,0,0,0.011055,0.54152,1,0.94765,0,0,0,0,0,0,0,0,0,0,0,1
0,0,0,0,0,0,0,0,2.021,0.86247,-0.99677,-1,0.99947,-0.78388,0.0067789,1,0,0,1.7051,999,999,999,0.37996,1.7,1.4065,0.56797,0.1543,0.99947,9999,1,1,1250,10.645,0.37996,0,0,0,0,0,0,0,0,1,2.021,0.99186,-0.46321,0,0,0,0,0,10,0.1543,0.99947,9999,1,1250,10.645,0.37996,2.021,0.99186,-0.46321,3,0.0020084,2.021,-1,0.99186,-0.46321,-1,-0.78388,-3.505e-05,0,0,0,0,0,0,0,0
0,0,0,0,0,0,0,0,0.4073,1.122,-0.87421,1,-0.013394,9.7711e-05,6.8335e-07,1,0,0,0.67831,999,999,999,0.93226,0.66269,0.25771,0.25868,0.15627,6.8335e-07,9999,0,1,463.87,2.5635,0.25771,0,0,0,0,0,0,0,0,1,999,999,999,0,0,0,0,0,0,0,0,0,0,0,0,0,0,0,0,0,0.022249,0.67689,-1,0.99999,0.26312,-1,-0.013394,-0.051803,0,0,0,0,0,0,0,0
1.1039,0.04487,-0.276,-1,0,0,0,0,0.69961,0.04487,-0.88712,-1,0.28436,-0.2052,0.071691,3,0,0,1.2154,999,999,999,0.85008,0.60548,0.54057,0.98456,0.13328,4.6965e-07,9999,1,1,644.53,4.9805,0.18721,0,0,0,0,0,0,0,0,1,1.1039,0.7687,-0.81471,0,0,0,0,0,10,0.13328,4.6965e-07,9999,1,644.53,4.9805,0.18721,1.1039,0.7687,-0.81471,2,0.0078457,1.1039,-1,0.7687,0.53913,-1,-0.2052,-0.8789,0,0,0,0,0,0,0,0
0,0,0,0,0,0,0,0,0.5686,0.27425,-0.26289,-1,-0.99986,0.051688,0.00040668,2,0,0,0.87009,999,999,999,0.3306,0.9163,0.92194,0.91664,0.23834,1.3567e-06,9999,1,-1,478.52,3.6133,0.34587,0,0,0,0,0,0,0,0,1,0.71502,0.84118,-0.65602,0,0,0,0,0,10,0.23834,1.3567e-06,9999,-1,478.52,3.6133,0.34587,0.71502,0.84118,-0.65602,-0,0.0040386,0.71502,1,0.84118,0.73293,1,0.051688,0.024582,0,0,0,0,0,0,0,0
0,0,0,0,0,0,0,0,0.47268,0.087344,-0.8932,-1,-0.00017479,-4.3808e-05,1.4893e-06,2,0,0,0.52083,999,999,999,0.16858,0.56584,0.17565,0.87209,0.22405,1.4893e-06,9999,1,1,0,6.7383,0.17565,0,0,0,0,0,0,0,0,1,999,999,999,0,0,0,0,0,0,0,0,0,0,0,0,0,0,0,0,0,0,0,0,0,0.95017,1,1.4893e-06,0.0030339,0,0,0,0,0,0,0,1
0,0,0,0,0,0,0,0,0.63814,1.7085,-0.20061,-1,-0.63079,0.048402,-0.0001548,0,0,0,1.0976,-0.63814,-0.939,-0.36169,0.69022,0.98364,0.78751,0.86397,0.21372,1.5019e-06,9999,1,1,0,4.4922,0.17734,0,0,0,0,0,0,0,0,1,999,999,999,0,0,0,0,0,0,0,0,0,0,0,0,0,0,0,0,0,0.017222,0.73559,1,0.88825,0.71213,-1,-0.0001548,-0.049605,0,0,0,0,0,0,0,0
0,0,0,0,0,0,0,0,0.77434,1.3501,-0.71823,1,0.97588,0.0018023,-4.8886e-05,1,0,0,0.94415,999,999,999,0.27542,0.81217,0.57994,0.2264,0.18591,3.8997e-07,9999,1,-1,1328.1,7.2266,0.14047,0,0,0,0,0,0,0,0,1,0.77434,0.98509,-0.32183,0,0,0,0,0,10,0.18591,3.8997e-07,9999,-1,1328.1,7.2266,0.14047,0.77434,0.98509,-0.32183,-6,0.0031301,0.77434,1,0.98509,0.87312,1,0.97588,0.0048832,0,0,0,0,0,0,0,1
1.0607,0.1794,0.037213,-1,0,0,0,0,0.78524,0.073971,-0.48709,-1,9.5079e-05,-4.1398e-05,-3.1593e-05,0,0,0,1.0972,999,999,999,0.72492,0.53824,1.6281,0.82522,0.23828,4.4514e-07,9999,1,1,634.77,5.6152,0.17479,0,0,0,0,0,0,0,0,1,1.0607,0.79857,-0.35328,0,0,0,0,0,10,0.23828,4.4514e-07,9999,1,634.77,5.6152,0.17479,1.0607,0.79857,-0.35328,6,0.0022523,1.0312,1,0.90952,0.42504,-1,-4.1398e-05,-0.0030539,0,0,0,0,0,0,0,0
0,0,0,0,0,0,0,0,1.2599,0.78491,-0.0032342,1,0.87004,0.043817,-0.0001038,0,0,0,1.7104,1.2599,0.88633,-0.95209,0.84041,1.7641,0.97097,0.99993,0.22967,5.9464e-07,9999,1,-1,532.23,3.3691,0.23432,0,0,0,0,0,0,0,0,1,1.2599,0.88633,-0.89063,0,0,0,0,0,10,0.22967,5.9464e-07,9999,-1,532.23,3.3691,0.23432,1.2599,0.88633,-0.89063,-0,0.0056221,1.2599,1,0.88633,0.82658,1,0.87004,0.42607,0,0,0,0,0,0,0,1
0,0,0,0,0,0,0,0,0.27754,1.4786,-0.7047,-1,-0.11306,-1.4897e-05,1.783e-06,2,1,0.50231,0.3836,999,999,999,0.71638,0.43034,0.37333,0.74707,0.081181,3.7282e-07,9999,0,1,1250,7.6172,0.12736,0,0,0,0,0,0,0,0,1,999,999,999,0,0,0,0,0,0,0,0,0,0,0,0,0,0,0,0,0,0,0,0,0,-0.40902,-1,-0.11306,-0.71126,0,0,0,0,0,0,0,0
0,0,0,0,1.5151,0.38372,-0.83156,-1,0.6209,0.30442,-0.43681,1,-0.00028557,3.5928e-05,0,0,0,0,1.5479,999,999,999,1.9802,0.53172,0,0,0,0,0,0,0,0,0,0,0,0,0,0,0,0,0,0,0,0,0,0,0,0,0,0,0,0,0,0,0,0,0,0,0,0,0,0,0,0.0014375,1.5151,-1,0.84622,0,0,0,0,0,0,0,0,0,0,0,0
0,0,0,0,0,0,0,0,0.38349,0.14005,0.23654,1,-0.99984,-0.00053323,0.00020867,2,1,0.49077,0.48754,999,999,999,0.31238,0.57084,0.42103,0,0,0,0,0,0,0,0,0,0,0,0,0,0,0,0,0,0,0,0,0,0,0,0,0,0,0,0,0,0,0,0,0,0,0,0,0,0,0,0,0,0,0,0,0,0,0,0,0,0,0,0,0,0
0,0,0,0,0,0,0,0,0.76342,0,-0.36255,-1,-2.6732e-05,3.5389e-07,0,1,0,0,0.36124,999,999,999,0.4931,0.11104,0,0.75975,0.063299,3.5389e-07,9999,0,1,1162.1,6.9336,0.11104,0,0,0,0,0,0,0,0,1,0.76342,0.70088,-0.078226,0,0,0,0,0,10,0.063299,3.5389e-07,9999,1,1162.1,6.9336,0.11104,0.76342,0.70088,-0.078226,2,0.030189,0.76342,-1,0.70088,-0.078226,-1,-2.6732e-05,-0.75196,0,0,0,0,0,0,0,0
0,0,0,0,0,0,0,0,0.52489,0.39987,-0.85788,-1,-0.99712,-4.5571e-07,0,0,0,0,0.52152,999,999,999,0.54832,0.18033,0,0,0,0,0,0,0,0,0,0,0,0,0,0,0,0,0,0,0,0,0,0,0,0,0,0,0,0,0,0,0,0,0,0,0,0,0,0,0,0.0043886,0.52489,-1,0.45788,0,0,0,0,0,0,0,0,0,0,0,0
0,0,0,0,0,0,0,0,0.68849,0.57152,-0.31198,1,-0.92623,0.037237,0.00018842,0,0,0,1.0543,999,999,999,1.2122,1.0673,0.69795,0,0,0,0,0,0,0,0,0,0,0,0,0,0,0,0,0,0,0,0,0,0,0,0,0,0,0,0,0,0,0,0,0,0,0,0,0,0,0.027366,0.8311,-1,0.86937,0,0,0,0,0,0,0,0,0,0,0,0
0,0,0,0,2.2518,0.23269,-0.97367,-1,1.0226,0.68559,0.48912,1,-0.086741,0.041516,0,0,0,0,2.2921,999,999,999,3.0679,0.9306,0,0,0,0,0,0,0,0,0,0,0,0,0,0,0,0,0,0,0,0,0,0,0,0,0,0,0,0,0,0,0,0,0,0,0,0,0,0,0,0.0069526,2.2518,-1,0.97826,0,0,0,0,0,0,0,0,0,0,0,0
0,0,0,0,0,0,0,0,0.71415,1.0262,-0.94,-1,-2.1839e-05,1.2173e-06,0,0,0,0,0.5459,999,999,999,0.55854,0.07819,0,0.75256,0.074749,1.2173e-06,9999,1,1,0,24.023,0.07819,0,0,0,0,0,0,0,0,1,999,999,999,0,0,0,0,0,0,0,0,0,0,0,0,0,0,0,0,0,0.010519,0.71415,-1,0.63171,0.019193,-1,-2.1839e-05,-0.72837,0,0,0,0,0,0,0,0
0,0,0,0,0,0,0,0,0.78525,0.65107,0.092456,1,0.99385,-0.25146,0.0011911,0,0,0,1.0051,0.78525,0.96377,-0.94303,0.43926,0.73106,0.99871,0.90228,0.085118,3.5916e-07,9999,1,-1,761.72,7.5195,0.11581,1,0,0.73999,-0.97251,1.6035,0.073521,0.20741,0.2965,1,0.78525,0.96377,-0.94869,0,0,0,0,0,10,0.085118,3.5916e-07,9999,-1,761.72,7.5195,0.11581,0.78525,0.96377,-0.94869,-0,0.0084394,0.78525,1,0.96377,0.98737,1,0.99385,0.77407,0,0,0,0,0,0,0,1
0.87286,0.43149,0.80179,-1,0,0,0,0,1.1729,0.4665,-0.82636,-1,0.091738,-0.0070957,-0.00026834,0,0,0,1.4429,999,999,999,0.92516,1.346,0.94145,0.36404,0.17194,3.3987e-07,9999,1,1,5546.9,16.602,0.098154,0,0,0,0,0,0,0,0,1,0.87286,0.73985,-0.88922,0,0,0,0,0,10,0.17194,3.3987e-07,9999,1,5546.9,16.602,0.098154,0.87286,0.73985,-0.88922,0,0.010134,1.1729,-1,0.92996,0.67417,-1,-0.00026834,-0.025451,0.87286,0.43149,0.80179,-1,2,0.032375,0.73985,0
0,0,0,0,0,0,0,0,0.56534,1.1597,0.89951,-1,0.96848,-0.024638,-0.0073311,1,0,0,0.80655,999,999,999,0.50175,0.87255,0.44651,0,0,0,0,0,0,0,0,0,0,0,0,0,0,0,0,0,0,0,0,0,0,0,0,0,0,0,0,0,0,0,0,0,0,0,0,0,0,0.024992,0.55795,1,0.72816,0,0,0,0,0,0,0,0,0,0,0,1
0,0,0,0,0,0,0,0,0.80953,0.53324,-0.3541,-1,-0.11357,-0.00022526,-9.4367e-05,0,0,0,0.87139,999,999,999,1.1951,0.7134,0.59738,0.163,0.14085,5.8891e-07,9999,1,1,556.64,4.0527,0.23258,0,0,0,0,0,0,0,0,1,0.80953,0.76503,-0.32027,0,0,0,0,0,10,0.17035,3.5226e-07,9999,1,1386.7,8.7891,0.10954,0.80953,0.76503,-0.12389,5,0.0032224,0.80953,-1,0.76503,0.53668,-1,-0.11357,-0.044287,0,0,0,0,0,0,0,1
0,0,0,0,0,0,0,0,0.82752,0,0.37046,-1,0.96284,-0.24848,0.029223,0,0,0,2.1885,1.8902,-0.89794,-0.89605,1.9723,1.3019,1.6637,0,0,0,0,0,0,0,0,0,0,0,0,0,0,0,0,0,0,0,0,0,0,0,0,0,0,0,0,0,0,0,0,0,0,0,0,0,0,0.0056215,1.8902,1,0.89794,0,0,0,0,0,0,0,0,0,0,0,1
0,0,0,0,0,0,0,0,0.2297,1.829,-0.95234,1,-0.00017799,-5.0397e-05,3.6145e-05,2,0,0,0.67911,999,999,999,0.18601,0.59305,0.53414,0.77517,0.2297,1.6893e-06,9999,1,1,449.22,3.8574,0.36813,0,0,0,0,0,0,0,0,1,999,999,999,0,0,0,0,0,0,0,0,0,0,0,0,0,0,0,0,0,0,0,0,0,-0.3399,-1,-5.0397e-05,-0.0029647,0,0,0,0,0,0,0,0
0,0,0,0,0,0,0,0,0.89901,1.2249,0.84458,1,0.98833,-0.00054571,0.00042814,1,1,0.49253,1.1652,0.89901,-0.88604,-0.4815,0.69211,0.5609,1.0895,0.21289,0.13831,3.4176e-07,9999,0,-1,957.03,12.207,0.099358,0,0,0,0,0,0,0,0,1,0.69894,0.88125,-0.048394,0,0,0,0,0,10,0.13831,3.4176e-07,9999,-1,957.03,12.207,0.099358,0.69894,0.88125,-0.048394,-5,0.017228,0.89901,1,0.88604,0.7537,1,0.98833,0.12677,0,0,0,0,0,0,0,1
0,0,0,0,0,0,0,0,1.4164,1.0299,0.1211,-1,0.11736,0.084706,-0.055022,1,0,0,1.9864,999,999,999,1.1332,1.2245,1.456,0.75497,0.055748,1.2092e-06,9999,0,1,0,18.555,0.092391,0,0,0,0,0,0,0,0,1,999,999,999,0,0,0,0,0,0,0,0,0,0,0,0,0,0,0,0,0,0.0033873,1.4164,-1,0.99879,0.72601,-1,-0.055022,-0.76511,0,0,0,0,0,0,0,1
0,0,0,0,0,0,0,0,0.94426,0,-0.80102,-1,-0.97188,-0.18427,6.4687e-07,1,0,0,0.70448,999,999,999,1.4982,1.0584,0.24879,0.86097,0.19769,6.4687e-07,9999,1,1,532.23,4.6875,0.24879,0,0,0,0,0,0,0,0,1,0.94426,0.84858,-0.52366,0,0,0,0,0,10,0.19769,6.4687e-07,9999,1,532.23,4.6875,0.24879,0.94426,0.84858,-0.52366,5,0.0077861,0.94426,-1,0.84858,-0.52366,-1,-0.97188,-0.13003,0,0,0,0,0,0,0,0
0,0,0,0,0,0,0,0,1.0444,0.99151,-0.67466,1,0.001385,-6.9346e-05,-1.6964e-06,1,0,0,1.1279,999,999,999,1.3551,0.67985,0.25706,0.83851,0.12701,3.9847e-07,9999,0,-1,927.73,6.543,0.14647,0,0,0,0,0,0,0,0,1,1.0444,0.93043,-0.95884,0,0,0,0,0,10,0.10688,1.6907e-06,9999,-1,0,3.9551,0.19829,1.0444,0.93043,-0.32494,-6,0.0060383,1.0444,1,0.93043,0.13674,1,1.2127e-06,0.61486,0,0,0,0,0,0,0,1
1.0478,0,-0.56389,-1,0,0,0,0,0.91198,0.06034,-0.7393,1,0.22679,0.0035293,-0.00085887,2,1,0.49654,1.099,999,999,999,1.4729,0.89813,1.4119,0,0,0,0,0,0,0,0,0,0,0,0,0,0,0,0,0,0,0,0,0,0,0,0,0,0,0,0,0,0,0,0,0,0,0,0,0,0,0.0087655,1.0478,-1,0.68093,0,0,0,0,0,0,0,0,0,0,0,0
0,0,0,0,0,0,0,0,1.0801,0.68665,0.056158,-1,-0.96505,0.95103,-7.574e-06,1,0,0,1,999,999,999,1.6406,0.47078,0.37149,0.26687,0.11116,1.7061e-06,9999,0,1,0,4.9316,0.19973,0,0,0,0,0,0,0,0,1,1.0801,0.97363,-0.24119,0,0,0,0,0,10,0.11116,1.7061e-06,9999,1,0,4.9316,0.19973,1.0801,0.97363,-0.24119,5,0.0011021,1.0801,-1,0.97363,-0.24119,-1,-0.96505,-0.34461,0,0,0,0,0,0,0,1
0,0,0,0,0,0,0,0,1.0271,0.93019,0.23362,1,-0.98555,0.077465,-0.00075098,0,0,0,1.3697,-0.52563,0.98158,-0.44756,0.47288,1.3628,0.56934,0,0,0,0,0,0,0,0,0,0,0,0,0,0,0,0,0,0,0,0,0,0,0,0,0,0,0,0,0,0,0,0,0,0,0,0,0,0,0.014497,1.0271,1,0.89579,0,0,0,0,0,0,0,0,0,0,0,0
0,0,0,0,0,0,0,0,0.47315,1.0067,-0.57249,1,5.577e-05,4.4065e-05,3.349e-06,0,0,0,0.76971,999,999,999,0.61594,0.56679,0.42778,0,0,0,0,0,0,0,0,0,0,0,0,0,0,0,0,0,0,0,0,0,0,0,0,0,0,0,0,0,0,0,0,0,0,0,0,0,0,0,0,0,0,0,0,0,0,0,0,0,0,0,0,0,0
0,0,0,0,0,0,0,0,1.0694,0.87375,-0.9073,1,0.95919,0.82855,0.0038427,2,1,0.49712,1.1758,1.0694,-0.96384,-0.14288,0.56515,0.97699,0.76252,0.8383,0.24082,4.21e-07,9999,0,-1,742.19,4.248,0.16103,0,0,0,0,0,0,0,0,1,0.53654,0.91741,-0.90919,0,0,0,0,0,10,0.237,4.0823e-07,9999,-1,810.55,6.6406,0.15301,1.0694,0.96384,-0.078074,-5,0.0069199,1.0694,1,0.96384,0.86075,1,0.82855,0.0031081,0,0,0,0,0,0,0,1
0,0,0,0,0,0,0,0,0.946,0.4388,0.017274,1,0.030788,-0.0017402,0.00067697,0,0,0,1.2518,0.7244,-0.7719,-0.95912,1.3368,0.98856,0.54844,0.13108,0.20288,1.0501e-06,9999,1,-1,493.16,3.9062,0.31691,0,0,0,0,0,0,0,0,1,0.946,0.91614,-0.099502,0,0,0,0,0,10,0.20288,1.0501e-06,9999,-1,493.16,3.9062,0.31691,0.946,0.91614,-0.099502,-6,0.017411,0.946,1,0.91614,-0.025763,1,0.00067697,0.00087796,0,0,0,0,0,0,0,1
0,0,0,0,0,0,0,0,0.40087,0.36855,0.74497,1,1.9455e-05,-4.0744e-07,0,0,0,0,0.41194,999,999,999,0.45702,0.15249,0,0.8206,0.10047,4.0744e-07,9999,1,-1,610.35,7.5195,0.15249,0,0,0,0,0,0,0,0,1,999,999,999,0,0,0,0,0,0,0,0,0,0,0,0,0,0,0,0,0,0,0,0,0,0.86189,1,1.9455e-05,0.68737,0,0,0,0,0,0,0,0
0,0,0,0,0,0,0,0,0.50045,0.11314,0.67344,-1,-5.5536e-05,2.6893e-05,0,0,0,0,0.65141,999,999,999,0.61242,0.49384,0,0,0,0,0,0,0,0,0,0,0,0,0,0,0,0,0,0,0,0,0,0,0,0,0,0,0,0,0,0,0,0,0,0,0,0,0,0,0,0.0066258,0.50045,-1,0.98466,0,0,0,0,0,0,0,0,0,0,0,1
0.4753,0.034422,-0.64777,-1,0,0,0,0,0.71313,0.034422,-0.99722,1,0.97086,0.10738,-0.00035622,2,0,0,0.88006,999,999,999,0.94496,1.0749,0.55237,0,0,0,0,0,0,0,0,0,0,0,0,0,0,0,0,0,0,0,0,0,0,0,0,0,0,0,0,0,0,0,0,0,0,0,0,0,0,0.0058563,0.71313,1,0.99396,0,0,0,0,0.4753,0.034422,-0.64777,-1,1,0.019848,0.67821,0
0,0,0,0,0,0,0,0,0.52379,0.94978,-0.21063,1,4.8981e-05,-4.5439e-05,4.0541e-05,3,0,0,0.91984,999,999,999,0.58638,0.57245,0.55229,0.82368,0.14517,5.0808e-07,9999,1,1,585.94,3.8086,0.20415,0,0,0,0,0,0,0,0,1,999,999,999,0,0,0,0,0,0,0,0,0,0,0,0,0,0,0,0,0,0.0068096,0.52379,1,0.65044,0.84684,-1,-2.7579e-05,-0.48691,0,0,0,0,0,0,0,0
0,0,0,0,1.5143,0.12108,-0.98592,1,0,0,0,0,0.16981,0,0,0,0,0,1.3093,999,999,999,2.1577,0,0,0,0,0,0,0,0,0,0,0,0,0,0,0,0,0,0,0,0,0,0,0,0,0,0,0,0,0,0,0,0,0,0,0,0,0,0,0,0,0.017231,1.5143,1,0.99721,0,0,0,0,0,0,0,0,0,0,0,1
0,0,0,0,0,0,0,0,0.32763,0,0.5132,1,-0.0005458,7.0326e-06,0,1,0,0,0.32332,999,999,999,0.56215,0.36553,0,0,0,0,0,0,0,0,0,0,0,0,0,0,0,0,0,0,0,0,0,0,0,0,0,0,0,0,0,0,0,0,0,0,0,0,0,0,0,0,0,0,0,0,0,0,0,0,0,0,0,0,0,0,1
0,0,0,0,0,0,0,0,0.68413,0,-0.67527,1,1.5955e-05,0,0,0,0,0,0.30071,999,999,999,0.43692,0,0,0,0,0,0,0,0,0,0,0,0,0,0,0,0,0,0,0,0,0,0,0,0,0,0,0,0,0,0,0,0,0,0,0,0,0,0,0,0,0.015841,0.68413,1,0.67525,0,0,0,0,0,0,0,0,0,0,0,0
0,0,0,0,0,0,0,0,1.0558,1.0482,-0.8478,1,0.99983,0.02988,-0.00079288,1,0,0,1.1696,1.0558,-0.93542,-0.67743,0.31946,1.1293,0.65696,0.79454,0.147,3.8809e-07,9999,1,-1,917.97,8.1055,0.1391,0,0,0,0,0,0,0,0,1,1.0558,0.93542,-0.61535,0,0,0,0,0,10,0.147,3.8809e-07,9999,-1,917.97,8.1055,0.1391,1.0558,0.93542,-0.61535,-0,0.0050567,1.0558,1,0.93542,0.3169,1,0.99983,0.41954,0,0,0,0,0,0,0,1
0,0,0,0,0,0,0,0,0.42946,0.37769,-0.54897,-1,-0.99997,0.99919,0.00017555,0,1,0.49846,0.7376,999,999,999,0.27658,0.45397,0.64289,0,0,0,0,0,0,0,0,0,0,0,0,0,0,0,0,0,0,0,0,0,0,0,0,0,0,0,0,0,0,0,0,0,0,0,0,0,0,0.038191,0.57176,1,0.99589,0,0,0,0,0,0,0,0,0,0,0,1
0,0,0,0,0,0,0,0,1.4254,0.46347,-0.63681,-1,-0.97149,0.71712,-0.096561,0,0,0,1.613,-1.4254,-0.94017,-0.91288,1.3135,1.6197,1.1488,0,0,0,0,0,0,0,0,0,0,0,0,0,0,0,0,0,0,0,0,0,0,0,0,0,0,0,0,0,0,0,0,0,0,0,0,0,0,0.036964,1.4254,-1,0.94017,0,0,0,0,0,0,0,0,0,0,0,1
0,0,0,0,0,0,0,0,1.0837,1.0312,-0.42809,1,0.98504,0.65812,-9.8541e-06,0,0,0,1.0693,1.0837,0.99486,-0.60828,0.24467,1.5098,0.39328,0,0,0,0,0,0,0,0,0,0,0,0,0,0,0,0,0,0,0,0,0,0,0,0,0,0,0,0,0,0,0,0,0,0,0,0,0,0,0.0036822,1.0837,1,0.99486,0,0,0,0,0,0,0,0,0,0,0,1
0,0,0,0,0,0,0,0,0.77575,0.71579,-0.12771,-1,0.0088771,-0.0046421,-0.0015518,0,0,0,1.2379,0.62875,-0.90734,-0.18227,0.91127,0.9309,0.8463,0,0,0,0,0,0,0,0,0,0,0,0,0,0,0,0,0,0,0,0,0,0,0,0,0,0,0,0,0,0,0,0,0,0,0,0,0,0,0.0026975,0.77575,-1,0.98524,0,0,0,0,0,0,0,0,0,0,0,0
0,0,0,0,0,0,0,0,0.64245,1.4971,0.33443,-1,-0.9579,0.85603,1.2604e-06,0,0,0,0.84613,999,999,999,0.8448,0.77117,0.12938,0.99354,0.18042,1.2604e-06,9999,1,1,0,9.8633,0.12938,0,0,0,0,0,0,0,0,1,0.64245,0.84534,-0.80166,0,0,0,0,0,10,0.18042,1.2604e-06,9999,1,0,9.8633,0.12938,0.64245,0.84534,-0.80166,2,0.012645,0.64245,-1,0.84534,-0.80166,-1,-0.9579,-0.83524,0,0,0,0,0,0,0,0
0,0,0,0,0,0,0,0,0.75149,0.083706,0.052716,1,0.96228,-0.089476,0.031862,1,1,0.49763,0.97291,999,999,999,0.68457,0.89282,1.0273,0,0,0,0,0,0,0,0,0,0,0,0,0,0,0,0,0,0,0,0,0,0,0,0,0,0,0,0,0,0,0,0,0,0,0,0,0,0,0.012922,0.75149,1,0.91335,0,0,0,0,0,0,0,0,0,0,0,1
0,0,0,0,0,0,0,0,0.83625,0.92525,-0.56007,1,0.0042032,-0.0039739,4.9098e-06,3,1,0.49837,0.79424,999,999,999,1.26,0.55898,0.3127,0.95672,0.1838,4.9098e-06,9999,0,1,0,3.5156,0.3127,0,0,0,0,0,0,0,0,1,0.88367,0.74382,-0.7519,0,0,0,0,0,10,0.1838,4.9098e-06,9999,1,0,3.5156,0.3127,0.88367,0.74382,-0.7519,0,0.0052386,0.88367,-1,0.74382,0.082429,-1,-1.0289e-06,-0.65067,0,0,0,0,0,0,0,1
0,0,0,0,0,0,0,0,1.1565,0.99862,-0.44442,1,0.99871,-0.6106,0.044859,0,0,0,1.4236,1.1565,0.89938,-0.61759,0.48456,0.73938,1.82,0,0,0,0,0,0,0,0,0,0,0,0,0,0,0,0,0,0,0,0,0,0,0,0,0,0,0,0,0,0,0,0,0,0,0,0,0,0,0.0053955,1.1565,1,0.89938,0,0,0,0,0,0,0,0,0,0,0,1
0,0,0,0,0,0,0,0,0.41596,0.27344,0.62427,-1,-4.16e-05,1.1915e-05,-5.6434e-06,1,0,0,0.74224,999,999,999,0.55642,0.4098,0.34821,0.74614,0.19842,6.5046e-07,9999,1,1,561.52,4.4434,0.24971,0,0,0,0,0,0,0,0,1,999,999,999,0,0,0,0,0,0,0,0,0,0,0,0,0,0,0,0,0,0,0,0,0,0.048591,-1,-4.16e-05,-0.02806,0,0,0,0,0,0,0,0
0,0,0,0,0,0,0,0,0.93639,0.32848,-0.94432,1,0.9692,3.1009e-05,1.3593e-05,1,0,0,0.75201,0.93639,-0.98952,-0.48247,0.88002,0.57697,0.42175,0.71852,0.16098,1.211e-06,9999,1,-1,0,20.898,0.085797,0,0,0,0,0,0,0,0,1,0.58194,0.6037,-0.44341,0,0,0,0,0,10,0.16098,1.211e-06,9999,-1,0,20.898,0.085797,0.58194,0.6037,-0.44341,-4,0.0052176,0.93639,1,0.98952,-0.44341,1,0.9692,0.18755,0,0,0,0,0,0,0,1
0,0,0,0,0.91479,0,0.83773,1,1.1775,0.091206,-0.89525,-1,-0.057026,9.078e-05,0,0,1,0.49898,1.169,999,999,999,1.8026,0.78289,0,0,0,0,0,0,0,0,0,0,0,0,0,0,0,0,0,0,0,0,0,0,0,0,0,0,0,0,0,0,0,0,0,0,0,0,0,0,0,0.020141,1.1775,-1,0.97909,0,0,0,0,0,0,0,0,0,0,0,1
0,0,0,0,0,0,0,0,1.252,1.4077,-0.2066,-1,-0.95392,0.86402,-0.062795,2,0,0,1.7249,-1.0023,-0.88736,-0.82295,0.7216,0.99819,1.0899,0,0,0,0,0,0,0,0,0,0,0,0,0,0,0,0,0,0,0,0,0,0,0,0,0,0,0,0,0,0,0,0,0,0,0,0,0,0,0.0016532,1.252,-1,0.95068,0,0,0,0,0,0,0,0,0,0,0,1
0.69122,1.9191,-0.86001,1,0,0,0,0,1.9579,0.29954,0.92663,1,0.96556,0.075588,0.045773,1,0,0,2.0567,1.9579,-0.98339,-0.97494,1.1956,0.9447,1.8067,0.8246,0.22492,8.0011e-07,9999,1,-1,502.93,5.7129,0.2814,0,0,0,0,0,0,0,0,1,0.76673,0.98425,-0.7153,0,0,0,0,0,10,0.22492,8.0011e-07,9999,-1,502.93,5.7129,0.2814,0.76673,0.98425,-0.7153,-6,0.014897,1.9579,1,0.98339,-0.7153,1,0.96556,0.0099061,0.69122,1.9191,-0.86001,1,1,0.030854,0.9954,1
0,0,0,0,0,0,0,0,0.90341,0.26232,-0.51157,1,-0.86768,0.050074,-7.8213e-05,0,0,0,1.2216,999,999,999,0.58224,1.064,0.72584,0,0,0,0,0,0,0,0,0,0,0,0,0,0,0,0,0,0,0,0,0,0,0,0,0,0,0,0,0,0,0,0,0,0,0,0,0,0,0.010237,0.90341,1,0.95737,0,0,0,0,0,0,0,0,0,0,0,0
0,0,0,0,1.3166,0,-0.93954,1,0.31491,0.30298,0.047807,-1,0.19094,0.048924,-2.0882e-05,1,0,0,1.299,1.3166,-0.99458,-0.99672,0.55526,1.2739,0.46454,0.98622,0.18507,3.2661e-06,9999,1,1,0,4.6875,0.27665,0,0,0,0,0,0,0,0,1,999,999,999,0,0,0,0,0,0,0,0,0,0,0,0,0,0,0,0,0,0.010601,1.3166,1,0.99458,0.35519,-1,-4.777e-06,-0.78769,0,0,0,0,0,0,0,1
0,0,0,0,0.71411,0.81365,0.47063,1,0.944,0.96495,-0.039678,1,0.99618,0.030416,-4.3787e-05,0,0,0,0.80029,0.71411,0.61876,-0.28995,0.57192,1.0978,0.56575,0,0,0,0,0,0,0,0,0,0,0,0,0,0,0,0,0,0,0,0,0,0,0,0,0,0,0,0,0,0,0,0,0,0,0,0,0,0,0.031471,0.944,1,0.90295,0,0,0,0,0,0,0,0,0,0,0,1
0,0,0,0,0,0,0,0,0.91789,0.74353,-0.43512,-1,0.97489,-0.9608,0.0036673,2,0,0,1.2665,999,999,999,0.48186,1.1697,0.54944,0.56189,0.10556,1.2281e-06,9999,0,-1,0,30.469,0.070538,0,0,0,0,0,0,0,0,1,999,999,999,0,0,0,0,0,10,0.1947,0.00019378,9999,1,561.52,0,0.22153,0.91789,0.91845,-0.98758,6,0.007021,0.91789,-1,0.91845,0.51294,1,0.97489,0.49529,0,0,0,0,0,0,0,1
0,0,0,0,1.6436,0.38939,-0.34274,1,1.6486,0.46782,-0.35074,-1,-0.023668,0.0017215,0,0,1,0.4995,2.3039,999,999,999,1.7798,2.0405,0,0,0,0,0,0,0,0,0,0,0,0,0,0,0,0,0,0,0,0,0,0,0,0,0,0,0,0,0,0,0,0,0,0,0,0,0,0,0,0.0028695,1.6486,-1,0.9016,0,0,0,0,0,0,0,0,0,0,0,0
0.81732,1.3972,0.2735,-1,0,0,0,0,1.4955,0,-0.090276,1,0.72629,0.042814,-0.022812,1,0,0,1.734,1.4955,0.99746,-0.62218,0.64269,1.8249,0.88445,0.20883,0.061551,1.2124e-06,9999,0,-1,0,14.648,0.10179,0,0,0,0,0,0,0,0,1,1.4955,0.99746,-0.15695,0,0,0,0,0,10,0.061551,1.2124e-06,9999,-1,0,14.648,0.10179,1.4955,0.99746,-0.15695,-2,0.0029353,1.4955,1,0.99746,0.74024,1,0.72629,0.61915,0.81732,1.3972,0.2735,-1,1,0.020852,0.94187,1
0,0,0,0,0,0,0,0,0.66754,0.68201,-0.84654,-1,-0.024535,-0.0010081,9.552e-06,0,0,0,0.72695,999,999,999,0.92041,1.0335,0.39065,0.1696,0.20072,6.4469e-07,9999,1,1,483.4,4.1016,0.24823,0,0,0,0,0,0,0,0,1,999,999,999,0,0,0,0,0,0,0,0,0,0,0,0,0,0,0,0,0,0.020535,0.66754,-1,0.67925,0.72633,-1,-1.1443e-06,-0.0011906,0,0,0,0,0,0,0,1
0,0,0,0,0,0,0,0,1.1316,0.51758,-0.55844,-1,0.072519,-0.00096104,-8.6582e-05,1,0,0,0.8487,999,999,999,1.0695,1.4798,0.72929,0.48461,0.15496,3.5295e-07,9999,1,1,1289.1,8.1055,0.11017,0,0,0,0,0,0,0,0,1,999,999,999,0,0,0,0,0,0,0,0,0,0,0,0,0,0,0,0,0,0.017437,1.1316,-1,0.93271,0.71974,-1,-8.6582e-05,-0.097386,0,0,0,0,0,0,0,0
0,0,0,0,0.85321,0,-0.17995,-1,1.3163,0.22017,-0.86801,1,-0.17965,0.00030578,0.00028159,1,0,0,0.89516,999,999,999,1.3541,0.85341,0.89365,0,0,0,0,0,0,0,0,0,0,0,0,0,0,0,0,0,0,0,0,0,0,0,0,0,0,0,0,0,0,0,0,0,0,0,0,0,0,0.014506,1.3163,1,0.85191,0,0,0,0,0,0,0,0,0,0,0,0
1.4034,0.071204,-0.93335,-1,0,0,0,0,0.31057,0.62133,0.8537,-1,-0.99981,-0.074334,-1.1224e-05,0,0,0,0.86345,999,999,999,0.32211,0.96228,0.51201,0,0,0,0,0,0,0,0,0,0,0,0,0,0,0,0,0,0,0,0,0,0,0,0,0,0,0,0,0,0,0,0,0,0,0,0,0,0,0.0065156,1.4034,-1,0.97404,0,0,0,0,0,0,0,0,0,0,0,0
0,0,0,0,0,0,0,0,0.47694,0.43735,0.30263,-1,-0.00057668,-8.1017e-05,-1.3865e-06,0,0,0,0.61617,999,999,999,0.53495,0.29891,0.34817,0.58606,0.12023,3.6206e-07,9999,1,1,1328.1,8.2031,0.11834,0,0,0,0,0,0,0,0,1,999,999,999,0,0,0,0,0,10,0.17255,6.9353e-07,9999,1,546.88,4.6875,0.26005,0.57624,0.40782,-0.61007,4,0.035567,0.57624,-1,0.40782,0.34882,-1,-0.00057668,-0.39441,0,0,0,0,0,0,0,1
0,0,0,0,0,0,0,0,1.305,0,-0.10322,-1,-0.92399,-0.00054819,7.5131e-05,0,0,0,1.8787,-1.305,-0.93681,-0.83276,1.6384,1.6422,0.71146,0.66901,0.081418,3.971e-07,9999,1,1,986.33,9.668,0.14552,0,0,0,0,0,0,0,0,1,1.305,0.93681,-0.5543,0,0,0,0,0,10,0.081418,3.971e-07,9999,1,986.33,9.668,0.14552,1.305,0.93681,-0.5543,0,0.00093985,1.305,-1,0.93681,0.89775,-1,-0.92399,-0.69611,0,0,0,0,0,0,0,0
0,0,0,0,0,0,0,0,0.51007,0.67755,0.50697,-1,0.00010179,-5.501e-05,-5.0294e-05,0,0,0,1.1187,999,999,999,0.76323,0.61174,0.59268,0,0,0,0,0,0,0,0,0,0,0,0,0,0,0,0,0,0,0,0,0,0,0,0,0,0,0,0,0,0,0,0,0,0,0,0,0,0,0.010583,0.64506,1,0.93709,0,0,0,0,0,0,0,0,0,0,0,0
0,0,0,0,0,0,0,0,1.6669,0.4679,0.60481,-1,-0.9859,0.35934,-0.044477,0,0,0,2.1824,-1.6669,-0.99162,-0.65488,0.73414,1.6265,1.1793,0.25837,0.19292,1.5981e-06,9999,1,1,0,4.2969,0.18886,0,0,0,0,0,0,0,0,1,1.153,0.75274,-0.44742,0,0,0,0,0,10,0.19292,1.5981e-06,9999,1,0,4.2969,0.18886,1.153,0.75274,-0.44742,4,0.0072175,1.6669,-1,0.99162,-0.71838,-1,-0.9859,-0.0032042,0,0,0,0,0,0,0,0
0,0,0,0,0,0,0,0,1.3765,0.86376,-0.5084,-1,-0.0016041,-0.00017509,8.0807e-05,1,0,0,1.6455,-0.64338,-0.7242,-0.65433,1.9451,0.77729,0.63206,0.85895,0.17216,2.6496e-06,9999,1,-1,0,4.4922,0.25558,0,0,0,0,0,0,0,0,1,0.75494,0.62464,-0.9362,0,0,0,0,0,10,0.17216,2.6496e-06,9999,-1,0,4.4922,0.25558,0.75494,0.62464,-0.9362,-6,0.0029808,1.3765,-1,0.95869,0.086242,1,4.1837e-06,0.34912,0,0,0,0,0,0,0,1
0,0,0,0,0,0,0,0,0.98628,1.3124,-0.44348,-1,-0.0019697,-0.00014397,4.6719e-05,0,0,0,1.2426,-0.98628,0.6517,-0.8889,1.0461,0.8149,0.57767,0.81765,0.23438,4.2047e-07,9999,0,1,800.78,4.5898,0.1607,0,0,0,0,0,0,0,0,1,0.98628,0.6517,-0.096558,0,0,0,0,0,10,0.23438,4.2047e-07,9999,1,800.78,4.5898,0.1607,0.98628,0.6517,-0.096558,5,0.0069443,0.98628,-1,0.6517,0.64995,-1,-1.0082e-05,-0.0037968,0,0,0,0,0,0,0,0
0,0,0,0,0,0,0,0,1.8188,0.061257,0.98374,-1,-0.99914,-0.052431,7.8557e-05,1,0,0,1.5408,-1.8188,0.99965,-0.39009,0.39827,2.7748,0.72713,0.8404,0.10383,3.379e-07,9999,1,1,1777.3,12.891,0.095401,0,0,0,0,0,0,0,0,1,1.8188,0.99965,-0.85402,0,0,0,0,0,10,0.10383,3.379e-07,9999,1,1777.3,12.891,0.095401,1.8188,0.99965,-0.85402,2,0.0055632,1.8188,-1,0.99965,0.054386,-1,-0.99914,-0.69362,0,0,0,0,0,0,0,0
0,0,0,0,0,0,0,0,0.81975,0.51066,0.93937,-1,0.0060505,-0.00045242,-0.00011894,0,0,0,1.2886,999,999,999,0.76867,0.91249,0.79213,0,0,0,0,0,0,0,0,0,0,0,0,0,0,0,0,0,0,0,0,0,0,0,0,0,0,0,0,0,0,0,0,0,0,0,0,0,0,0.022557,0.81975,-1,0.96136,0,0,0,0,0,0,0,0,0,0,0,1
0,0,0,0,0,0,0,0,0.66321,1.0392,-0.81773,-1,-0.00090707,-5.5053e-05,-2.9226e-05,3,1,0.50043,0.82611,999,999,999,0.84009,0.61532,0.50431,0.96947,0.1019,4.5437e-07,9999,0,1,634.77,3.7109,0.17964,0,0,0,0,0,0,0,0,1,0.66321,0.74243,-0.5872,0,0,0,0,0,10,0.1019,4.5437e-07,9999,1,634.77,3.7109,0.17964,0.66321,0.74243,-0.5872,4,0.010731,0.66321,-1,0.74243,0.68834,-1,-5.5053e-05,-0.85767,0,0,0,0,0,0,0,1
0,0,0,0,0,0,0,0,0.53416,1.3978,-0.88741,1,-0.99991,0.026085,0.00025232,1,1,0.49767,0.87179,999,999,999,0.33881,0.86894,0.45158,0,0,0,0,0,0,0,0,0,0,0,0,0,0,0,0,0,0,0,0,0,0,0,0,0,0,0,0,0,0,0,0,0,0,0,0,0,0,0,0,0,0,0,0,0,0,0,0,0,0,0,0,0,0
0,0,0,0,0,0,0,0,0.63127,0.70322,-0.48248,1,0.96128,-0.021318,0.00033692,1,1,0.49936,0.98845,999,999,999,1.1916,0.83923,0.74289,0,0,0,0,0,0,0,0,0,0,0,0,0,0,0,0,0,0,0,0,0,0,0,0,0,0,0,0,0,0,0,0,0,0,0,0,0,0,0.013525,0.75371,1,0.66894,0,0,0,0,0,0,0,0,0,0,0,1
0,0,0,0,0,0,0,0,0.67343,0.35032,0.13821,-1,-0.030086,0.00010503,-5.1698e-05,2,0,0,1.0959,999,999,999,0.90067,0.69141,0.59834,0.5439,0.054647,1.218e-06,9999,0,1,0,9.5703,0.10795,0,0,0,0,0,0,0,0,1,0.75523,0.73017,-0.78619,0,0,0,0,0,10,0.054647,1.218e-06,9999,1,0,9.5703,0.10795,0.75523,0.73017,-0.78619,6,0.022599,0.75523,-1,0.73017,0.79458,-1,-2.2821e-06,-0.77386,0,0,0,0,0,0,0,0
0,0,0,0,0,0,0,0,0.83386,0.76131,-0.33006,1,-0.00071907,0.00015793,-2.9882e-05,1,0,0,1.0155,999,999,999,0.8468,0.70453,0.50722,0.75875,0.16077,3.5776e-07,9999,1,1,2226.6,12.695,0.11455,0,0,0,0,0,0,0,0,1,0.5559,0.70174,-0.99418,0,0,0,0,0,10,0.16077,3.5776e-07,9999,1,2226.6,12.695,0.11455,0.5559,0.70174,-0.99418,6,0.0024755,0.83386,1,0.97678,-0.52588,-1,-2.9882e-05,-0.24231,0,0,0,0,0,0,0,0
0,0,0,0,0,0,0,0,0.39718,0.71353,-0.85464,-1,-4.0199e-05,-2.2378e-05,-1.6012e-06,0,0,0,0.65483,999,999,999,0.54994,0.47221,0.36287,0.30382,0.21634,4.0183e-07,9999,1,-1,771.48,9.2773,0.14876,0,0,0,0,0,0,0,0,1,999,999,999,0,0,0,0,0,0,0,0,0,0,0,0,0,0,0,0,0,0,0,0,0,0,0,0,0,0,0,0,0,0,0,0,1
0.51171,0.94245,-0.6648,-1,0,0,0,0,0.8028,0,0.36925,1,0.93925,0.2701,-0.028361,2,0,0,1.0819,0.90097,-0.98645,-0.72632,1.0583,0.68711,0.79467,0.73942,0.14121,4.158e-07,9999,0,-1,781.25,5.6152,0.15783,0,0,0,0,0,0,0,0,1,0.8028,0.61311,-0.93231,0,0,0,0,0,10,0.14121,4.158e-07,9999,-1,781.25,5.6152,0.15783,0.8028,0.61311,-0.93231,-6,0.03293,0.90097,1,0.98645,0.83938,1,0.2701,0.37988,0.51171,0.94245,-0.6648,-1,1,0.23745,0.74758,1
0,0,0,0,0,0,0,0,0.57952,0.65682,0.23864,1,0.0004643,-0.00042106,1.3896e-06,1,0,0,0.55353,999,999,999,0.76852,0.6578,0.1603,0.78363,0.094994,1.3896e-06,9999,1,1,0,6.7383,0.1603,0,0,0,0,0,0,0,0,1,999,999,999,0,0,0,0,0,0,0,0,0,0,0,0,0,0,0,0,0,0.018062,0.57952,1,0.98657,0.47711,-1,-0.00042106,-0.68238,0,0,0,0,0,0,0,0
0,0,0,0,0,0,0,0,0.30708,1.7061,-0.7771,-1,4.232e-05,2.4579e-05,-1.024e-05,0,0,0,0.82441,999,999,999,0.55917,0.48275,0.39656,0.94858,0.24994,3.6237e-06,9999,0,-1,522.46,3.5645,0.31442,0,0,0,0,0,0,0,0,1,0.60132,0.88514,-0.85719,0,0,0,0,0,10,0.24994,3.6237e-06,9999,-1,522.46,3.5645,0.31442,0.60132,0.88514,-0.85719,-6,0.022939,0.60132,1,0.88514,0.58534,-1,-2.2016e-06,-0.00014055,0,0,0,0,0,0,0,0
1.8376,0.65153,-0.99883,-1,0.60716,0.59438,0.61817,1,0.33102,0.61628,0.62873,-1,-0.9987,0.00014745,6.8793e-05,0,0,0,1.7064,-1.8376,0.93499,-0.66118,0.48454,0.67851,0.67072,0,0,0,0,0,0,0,0,0,0,0,0,0,0,0,0,0,0,0,0,0,0,0,0,0,0,0,0,0,0,0,0,0,0,0,0,0,0,0.010875,1.8376,-1,0.93499,0,0,0,0,0,0,0,0,0,0,0,0
0,0,0,0,0,0,0,0,0.76663,1.3007,-0.89911,-1,0.99352,-0.020246,-0.0012512,0,0,0,1.1219,999,999,999,0.60151,0.98256,1.1231,0.70585,0.18793,9.773e-07,9999,1,1,507.81,3.0029,0.30807,0,0,0,0,0,0,0,0,1,0.712,0.51305,-0.23715,0,0,0,0,0,10,0.18793,9.773e-07,9999,1,507.81,3.0029,0.30807,0.712,0.51305,-0.23715,0,0.018118,0.76663,-1,0.99203,0.78655,-1,-0.0012512,-0.039709,0,0,0,0,0,0,0,1
0,0,0,0,0,0,0,0,1.0728,1.7882,-0.44555,1,-0.020354,0.0094288,9.7005e-05,0,0,0,1.0873,999,999,999,0.98126,1.1922,0.777,0.29601,0.17259,1.4608e-06,9999,1,-1,0,5.957,0.17167,0,0,0,0,0,0,0,0,1,1.0728,0.94828,-0.091671,0,0,0,0,0,10,0.17259,1.4608e-06,9999,-1,0,5.957,0.17167,1.0728,0.94828,-0.091671,-5,0.00080933,1.0728,1,0.94828,-0.091671,1,9.7005e-05,0.018953,0,0,0,0,0,0,0,1
0,0,0,0,1.1292,0.47706,-0.33545,-1,0,0,0,0,-0.026406,0,0,0,0,0,1.1282,999,999,999,1.3818,0,0,0,0,0,0,0,0,0,0,0,0,0,0,0,0,0,0,0,0,0,0,0,0,0,0,0,0,0,0,0,0,0,0,0,0,0,0,0,0,0.00163,1.1292,-1,0.87427,0,0,0,0,0,0,0,0,0,0,0,1
0,0,0,0,0,0,0,0,0.91484,1.6946,0.64204,-1,-0.96367,-3.0698e-06,-1.4172e-06,1,0,0,0.95814,999,999,999,1.077,0.30195,0.16497,0.85201,0.21954,3.0698e-06,9999,0,-1,585.94,4.248,0.30195,0,0,0,0,0,0,0,0,1,999,999,999,0,0,0,0,0,0,0,0,0,0,0,0,0,0,0,0,0,0.012401,0.91484,-1,0.35381,0.80169,-1,-0.96367,-0.0036276,0,0,0,0,0,0,0,0
0,0,0,0,0,0,0,0,1.817,0.065538,-0.8042,-1,-0.96387,3.1228e-05,-8.5439e-07,2,1,0.4948,1.8741,999,999,999,2.2529,0.51305,0.29052,0,0,0,0,0,0,0,0,0,0,0,0,0,0,0,0,0,0,0,0,0,0,0,0,0,0,0,0,0,0,0,0,0,0,0,0,0,0,0.0018065,1.817,-1,0.97899,0,0,0,0,0,0,0,0,0,0,0,1
0,0,0,0,0,0,0,0,0.83249,1.1088,-0.99,-1,-0.00089602,3.9111e-05,-4.7019e-06,0,0,0,0.95374,999,999,999,0.88395,0.54649,0.33537,0.40684,0.063207,1.2111e-06,9999,1,1,0,11.719,0.099679,0,0,0,0,0,0,0,0,1,0.83249,0.83608,-0.80317,0,0,0,0,0,10,0.063207,1.2111e-06,9999,1,0,11.719,0.099679,0.83249,0.83608,-0.80317,2,0.0010201,0.83249,-1,0.83608,0.63573,-1,-4.7019e-06,-0.67025,0,0,0,0,0,0,0,0
0,0,0,0,0,0,0,0,0.085713,0.052748,0.12738,1,0.92523,-0.010078,-8.349e-05,3,0,0,0.7054,999,999,999,0.88002,0.70122,0.67934,0.94902,0.085713,3.325e-07,9999,0,1,4687.5,9.7656,0.091273,0,0,0,0,0,0,0,0,1,0.50549,0.891,-0.97946,0,0,0,0,0,10,0.085713,3.325e-07,9999,1,4687.5,9.7656,0.091273,0.50549,0.891,-0.97946,0,0.0014843,0.56896,1,0.93525,0.39241,-1,-0.010078,-0.82789,0,0,0,0,0,0,0,1
0,0,0,0,0,0,0,0,0.92093,0.91346,0.15887,1,0.0020549,-1.2103e-06,5.1542e-07,1,0,0,0.74495,999,999,999,0.72941,0.098056,0.2071,0.98567,0.20116,5.1542e-07,9999,1,1,581.05,4.2969,0.2071,0,0,0,0,0,0,0,0,1,999,999,999,0,0,0,0,0,0,0,0,0,0,0,0,0,0,0,0,0,0.0069933,0.92093,1,0.92887,0.48986,-1,-1.2103e-06,-0.67755,0,0,0,0,0,0,0,0
0,0,0,0,0,0,0,0,0.90286,0,-0.50926,-1,-0.10113,0.015458,0.00014796,0,0,0,1.3448,999,999,999,1.0941,1.4315,0.7506,0.80182,0.20964,9.8615e-07,9999,1,1,512.7,4.6875,0.21373,0,0,0,0,0,0,0,0,1,999,999,999,0,0,0,0,0,0,0,0,0,0,0,0,0,0,0,0,0,0.010375,0.90286,-1,0.99544,0.74922,-1,-0.10113,-0.024256,0,0,0,0,0,0,0,0
0,0,0,0,0,0,0,0,0.46237,0.85534,-0.78722,1,-0.19629,0.00072486,0.00047216,0,0,0,1.0518,999,999,999,0.99721,0.63475,0.61798,0.91265,0.1497,4.0101e-07,9999,1,1,683.59,7.6172,0.14821,0,0,0,0,0,0,0,0,1,0.70735,0.75049,-0.87562,0,0,0,0,0,10,0.21751,1.1774e-06,9999,-1,498.05,4.3457,0.33029,0.60168,0.51049,-0.62341,-6,0.028515,0.70735,-1,0.75049,-0.87562,-1,-0.19629,-0.66945,0,0,0,0,0,0,0,0
0,0,0,0,0.96882,0,-0.86714,-1,0.48898,0.14762,-0.74722,1,-0.00041315,3.6068e-06,-7.2902e-07,2,0,0,0.96767,999,999,999,0.97261,0.31407,0.26775,0,0,0,0,0,0,0,0,0,0,0,0,0,0,0,0,0,0,0,0,0,0,0,0,0,0,0,0,0,0,0,0,0,0,0,0,0,0,0.018655,0.96882,-1,0.91596,0,0,0,0,0,0,0,0,0,0,0,0
0.696,0.60975,-0.64772,-1,0,0,0,0,1.1758,0.341,0.41503,1,0.9542,-0.060354,0.0023909,1,0,0,1.3133,1.1758,-0.95164,-0.7144,1.2845,0.83213,0.86925,0.98553,0.19626,8.1567e-07,9999,1,-1,507.81,4.1016,0.28411,0,0,0,0,0,0,0,0,1,1.1758,0.95164,-0.91041,0,0,0,0,0,10,0.19626,8.1567e-07,9999,-1,507.81,4.1016,0.28411,1.1758,0.95164,-0.91041,-2,0.0063519,1.1758,1,0.95164,0.5949,1,0.9542,0.71709,0.696,0.60975,-0.64772,-1,1,0.021391,0.78818,1
0,0,0,0,1.1651,0.33685,-0.85562,-1,1.0051,0.26113,-0.69772,-1,-0.89701,-0.0001819,7.8183e-07,0,0,0,1.3261,999,999,999,1.0167,0.91248,0.27809,0.46074,0.12687,4.8935e-07,9999,1,1,644.53,4.9316,0.19624,0,0,0,0,0,0,0,0,1,999,999,999,0,0,0,0,0,10,0.19277,7.8183e-07,9999,1,620.12,3.8086,0.27809,1.0051,0.82595,-0.84766,8,0.014778,1.1651,-1,0.72181,0.60163,-1,-0.89701,-0.27447,0,0,0,0,0,0,0,0
1.2263,0,-0.48088,-1,0,0,0,0,0.23232,0,0.45987,1,-0.00083113,1.1887e-06,0,0,0,0,1.2493,999,999,999,1.3379,0.22906,0,0.45928,0.23232,1.1887e-06,9999,1,1,522.46,4.1504,0.22906,0,0,0,0,0,0,0,0,1,1.2263,0.83402,-0.65866,0,0,0,0,0,10,0.23232,1.1887e-06,9999,1,522.46,4.1504,0.22906,1.2263,0.83402,-0.65866,0,0.001207,1.2263,-1,0.83402,-0.65866,-1,-0.00083113,-0.00028465,0,0,0,0,0,0,0,0
0,0,0,0,0,0,0,0,1.0339,0,-0.92435,-1,-0.00017295,4.241e-07,0,0,0,0,0.78265,999,999,999,0.79362,0.16289,0,0.5986,0.17524,4.241e-07,9999,1,1,644.53,4.6875,0.16289,0,0,0,0,0,0,0,0,1,999,999,999,0,0,0,0,0,0,0,0,0,0,0,0,0,0,0,0,0,0.017882,1.0339,-1,0.97182,0.7141,-1,-0.00017295,-0.044724,0,0,0,0,0,0,0,1
0,0,0,0,0,0,0,0,1.1447,0.44671,-0.6538,-1,-0.039653,0.0045537,-1.9923e-05,2,0,0,1.2707,-0.72989,-0.81662,-0.55708,1.5521,0.70532,0.45952,0.95231,0.16617,4.1319e-07,9999,0,1,771.48,6.8359,0.15619,0,0,0,0,0,0,0,0,1,1.1447,0.9114,-0.81414,0,0,0,0,0,10,0.16617,4.1319e-07,9999,1,771.48,6.8359,0.15619,1.1447,0.9114,-0.81414,9,0.015764,1.1447,-1,0.9114,0.73918,-1,-1.9923e-05,-0.73119,0,0,0,0,0,0,0,0
0,0,0,0,0,0,0,0,1.1691,0.68794,-0.46112,-1,-0.96462,0.0026069,-0.00039704,4,0,0,1.4242,999,999,999,1.3424,1.1361,0.62241,0.98126,0.096008,1.2459e-06,9999,0,1,0,7.9102,0.12379,0,0,0,0,0,0,0,0,1,999,999,999,0,0,0,0,0,0,0,0,0,0,0,0,0,0,0,0,0,0.0072241,1.1691,-1,0.98863,0.99258,-1,-0.96462,-0.87557,0,0,0,0,0,0,0,0
0,0,0,0,0,0,0,0,0.67568,0.82319,0.81285,-1,-0.00030332,7.6989e-05,-6.0544e-05,1,0,0,1.0148,999,999,999,0.94798,0.71872,0.62269,0.11113,0.14248,6.0553e-07,9999,1,-1,502.93,4.834,0.23752,0,0,0,0,0,0,0,0,1,999,999,999,0,0,0,0,0,0,0,0,0,0,0,0,0,0,0,0,0,0.00075089,0.74506,1,0.91707,0.70904,-1,-6.0544e-05,-0.010446,0,0,0,0,0,0,0,0
1.0367,0,-0.32876,-1,0,0,0,0,0.69926,0,-0.37599,1,-0.091626,9.3584e-05,6.6125e-06,0,0,0,1.2801,999,999,999,1.3179,0.79535,0.36062,0,0,0,0,0,0,0,0,0,0,0,0,0,0,0,0,0,0,0,0,0,0,0,0,0,0,0,0,0,0,0,0,0,0,0,0,0,0,0.0071716,1.0367,-1,0.80949,0,0,0,0,0,0,0,0,0,0,0,0
0.347,1.4466,0.27119,1,0,0,0,0,1.0474,0.40468,0.29107,1,0.04282,0.023437,8.9935e-05,2,0,0,0.75217,999,999,999,0.65,0.55583,0.65899,0.93449,0.11077,3.3766e-07,9999,0,1,5625,10.156,0.095571,0,0,0,0,0,0,0,0,1,999,999,999,0,0,0,0,0,10,0.16968,5.3293e-07,9999,-1,610.35,4.5898,0.21379,1.0474,0.82998,-0.36792,-0,0.011929,1.0474,1,0.82998,0.58564,1,8.9935e-05,0.215,0.347,1.4466,0.27119,1,1,0.32763,0.23358,0
0,0,0,0,0,0,0,0,0.46549,2.2444,-0.4539,1,-0.25883,0.00011226,-1.2759e-05,0,0,0,0.8063,999,999,999,0.62915,0.71674,0.41595,0.4278,0.24102,2.1602e-06,9999,1,1,478.52,4.0527,0.2755,0,0,0,0,0,0,0,0,1,999,999,999,0,0,0,0,0,0,0,0,0,0,0,0,0,0,0,0,0,0.034688,0.57545,-1,0.69944,0.51072,-1,-1.2759e-05,-0.00014642,0,0,0,0,0,0,0,0
0,0,0,0,0,0,0,0,0.40101,0.56608,0.38897,1,9.0731e-05,-3.4561e-06,1.8025e-06,1,1,0.50344,0.47095,999,999,999,0.65574,0.31086,0.26172,0.19092,0.078924,1.259e-06,9999,1,-1,0,7.0312,0.12887,0,0,0,0,0,0,0,0,1,999,999,999,0,0,0,0,0,0,0,0,0,0,0,0,0,0,0,0,0,0,0,0,0,0.41092,1,1.8025e-06,0.54463,0,0,0,0,0,0,0,1
0,0,0,0,0,0,0,0,1.6113,0.55443,-0.9742,1,0.99852,0.1065,-7.3723e-05,0,0,0,1.667,999,999,999,0.49344,2.1211,0.68652,0,0,0,0,0,0,0,0,0,0,0,0,0,0,0,0,0,0,0,0,0,0,0,0,0,0,0,0,0,0,0,0,0,0,0,0,0,0,0.009994,1.6113,1,0.98429,0,0,0,0,0,0,0,0,0,0,0,1
0,0,0,0,0,0,0,0,0.68791,0.69448,-0.047084,-1,-0.49793,0.00069863,0.00043517,3,0,0,0.62827,999,999,999,1.1776,0.35314,0.34632,0,0,0,0,0,0,0,0,0,0,0,0,0,0,0,0,0,0,0,0,0,0,0,0,0,0,0,0,0,0,0,0,0,0,0,0,0,0,0.023023,0.68791,-1,0.9619,0,0,0,0,0,0,0,0,0,0,0,0
0,0,0,0,0,0,0,0,1.5471,0.325,-0.45105,-1,-0.00010458,-8.327e-05,3.7919e-07,1,0,0,1.5638,999,999,999,0.31053,1.6923,0.13239,0.98455,0.083884,3.7919e-07,9999,1,1,976.56,7.3242,0.13239,0,0,0,0,0,0,0,0,1,1.5471,0.86935,-0.88503,0,0,0,0,0,10,0.083884,3.7919e-07,9999,1,976.56,7.3242,0.13239,1.5471,0.86935,-0.88503,2,0.0041774,1.5471,-1,0.86935,-0.88503,-1,-8.327e-05,-0.87758,0,0,0,0,0,0,0,0
1.3938,0.49806,-0.52572,1,0,0,0,0,0.76551,0.43015,-0.1135,-1,-0.00076977,6.7594e-05,3.9097e-05,0,0,0,1.4748,999,999,999,0.81319,0.6503,2.0203,0.87828,0.19579,6.1873e-07,9999,1,-1,537.11,3.2227,0.24127,0,0,0,0,0,0,0,0,1,1.3938,0.92968,-0.64039,0,0,0,0,0,10,0.19579,6.1873e-07,9999,-1,537.11,3.2227,0.24127,1.3938,0.92968,-0.64039,-0,0.0044151,1.3938,1,0.92968,0.63272,1,6.7594e-05,0.18421,0,0,0,0,0,0,0,1
0,0,0,0,0.83541,0.81165,-0.5907,1,0.16278,1.5626,-0.97803,1,-0.98202,0.012808,-0.00014284,0,0,0,1.174,999,999,999,0.76052,0.9707,0.67388,0.44338,0.16278,4.6493e-07,9999,1,1,683.59,2.7588,0.18493,0,0,0,0,0,0,0,0,1,0.56325,0.99826,-0.44909,0,0,0,0,0,10,0.16278,4.6493e-07,9999,1,683.59,2.7588,0.18493,0.56325,0.99826,-0.44909,0,0.011365,0.83541,1,0.90865,-0.44909,-1,-0.98202,-0.057955,0,0,0,0,0,0,0,1
0,0,0,0,0,0,0,0,0.55136,0.07492,0.78188,1,1.3354e-05,-5.4757e-07,0,0,0,0,0.42724,999,999,999,0.42012,0.21906,0,0.44801,0.14846,5.4757e-07,9999,1,-1,585.94,4.834,0.21906,0,0,0,0,0,0,0,0,1,0.55136,0.94554,-0.63146,0,0,0,0,0,10,0.14846,5.4757e-07,9999,-1,585.94,4.834,0.21906,0.55136,0.94554,-0.63146,-5,0.0072305,0.55136,1,0.94554,-0.63146,1,1.3354e-05,0.12368,0,0,0,0,0,0,0,1
0,0,0,0,0.53988,1.12,-0.90381,1,0.67081,0.58067,0.81971,1,0.0006942,6.9859e-05,-7.8306e-07,0,0,0,0.83831,0.67081,-0.97459,-0.90949,0.74508,0.68132,0.27832,0.53464,0.19027,7.8306e-07,9999,1,-1,488.28,4.3945,0.27832,0,0,0,0,0,0,0,0,1,0.67081,0.97459,-0.52212,0,0,0,0,0,10,0.19027,7.8306e-07,9999,-1,488.28,4.3945,0.27832,0.67081,0.97459,-0.52212,-5,0.0024819,0.67081,1,0.97459,0.82403,1,0.0006942,0.011602,0,0,0,0,0,0,0,1
0,0,0,0,0,0,0,0,0.63134,0.78586,-0.75698,1,3.2475e-05,-7.2417e-06,-6.4587e-07,0,1,0.49515,0.67302,999,999,999,0.51856,0.36788,0.24854,0,0,0,0,0,0,0,0,0,0,0,0,0,0,0,0,0,0,0,0,0,0,0,0,0,0,0,0,0,0,0,0,0,0,0,0,0,0,0.0076741,0.63134,1,0.41619,0,0,0,0,0,0,0,0,0,0,0,0
0,0,0,0,0,0,0,0,0.32677,0.24566,0.98993,-1,-0.00018166,0.0001036,0,1,0,0,1.0734,999,999,999,0.19752,1.7284,0,0,0,0,0,0,0,0,0,0,0,0,0,0,0,0,0,0,0,0,0,0,0,0,0,0,0,0,0,0,0,0,0,0,0,0,0,0,0,0.0094788,1.2197,1,0.9466,0,0,0,0,0,0,0,0,0,0,0,0
0,0,0,0,0,0,0,0,0.50947,0.26981,-0.31085,1,0.99567,0.96887,-1.4935e-05,2,0,0,0.6826,999,999,999,0.42635,0.32018,0.53356,0.53248,0.2309,1.5198e-06,9999,1,-1,673.83,3.7598,0.35765,0,0,0,0,0,0,0,0,1,999,999,999,0,0,0,0,0,0,0,0,0,0,0,0,0,0,0,0,0,0.019109,0.50947,1,0.91689,0.15425,1,0.99567,0.00038884,0,0,0,0,0,0,0,1
0,0,0,0,0,0,0,0,0.54638,0.10028,-0.18287,1,-0.0004731,6.5187e-05,-1.7569e-06,1,0,0,0.60053,999,999,999,0.2979,0.70931,0.37192,0.6084,0.089184,1.2106e-06,9999,1,-1,0,13.477,0.086689,0,0,0,0,0,0,0,0,1,999,999,999,0,0,0,0,0,10,0.16254,1.2757e-06,9999,-1,0,6.4453,0.13443,0.54638,0.36792,-0.013184,-0,0.0010254,0.54638,1,0.36792,0.3946,1,6.5187e-05,0.63566,0,0,0,0,0,0,0,0
0,0,0,0,0,0,0,0,1.1118,1.3999,0.47054,1,0.92074,5.2169e-07,0,0,0,0,1.1118,999,999,999,1.3546,0.20954,0,0.7779,0.20407,5.2169e-07,9999,1,1,693.36,5.1758,0.20954,0,0,0,0,0,0,0,0,1,999,999,999,0,0,0,0,0,0,0,0,0,0,0,0,0,0,0,0,0,0.0093574,1.1118,1,0.64389,0,0,0,0,0,0,0,0,0,0,0,1
0,0,0,0,0,0,0,0,0.39246,1.3786,-0.75295,1,-0.92529,0.85783,-0.85193,2,0,0,0.90481,999,999,999,0.33595,0.68718,0.59281,0.3743,0.17459,4.9653e-07,9999,1,1,556.64,4.7852,0.19934,0,0,0,0,0,0,0,0,1,0.52623,0.79551,-0.10576,0,0,0,0,0,10,0.17459,4.9653e-07,9999,1,556.64,4.7852,0.19934,0.52623,0.79551,-0.10576,4,0.01951,0.52623,-1,0.79551,0.77514,1,0.85783,0.0043968,0,0,0,0,0,0,0,0
0,0,0,0,0,0,0,0,0.98149,0.79791,-0.84257,-1,-0.0015467,6.777e-05,5.5924e-05,0,1,0.49722,1.086,999,999,999,0.74069,0.67165,0.53099,0.63689,0.18229,8.6618e-07,9999,1,-1,551.76,4.1016,0.29237,0,0,0,0,0,0,0,0,1,0.79509,0.79775,-0.96121,0,0,0,0,0,10,0.18229,8.6618e-07,9999,-1,551.76,4.1016,0.29237,0.79509,0.79775,-0.96121,-4,0.0031709,0.98149,-1,0.69793,0.48183,1,5.5924e-05,0.034803,0,0,0,0,0,0,0,0
0.56958,0.11123,0.87587,-1,0,0,0,0,1.9375,0.28799,-0.90779,1,-0.99341,0.035264,-0.023558,0,0,0,2.1142,-0.56958,0.95134,-0.15382,0.63844,2.2608,0.71893,0.99577,0.21181,5.5584e-07,9999,1,1,537.11,4.3457,0.22192,0,0,0,0,0,0,0,0,1,0.56958,0.95134,-0.97064,0,0,0,0,0,10,0.21181,5.5584e-07,9999,1,537.11,4.3457,0.22192,0.56958,0.95134,-0.97064,2,0.004071,1.9375,1,0.95301,0.3679,-1,-0.99341,-0.64005,0.56958,0.11123,0.87587,-1,1,0.011456,0.95134,0
0,0,0,0,0,0,0,0,1.2544,0.53612,0.022888,1,0.090232,-7.7807e-05,0,0,1,0.4945,1.424,999,999,999,1.6267,0.81823,0,0,0,0,0,0,0,0,0,0,0,0,0,0,0,0,0,0,0,0,0,0,0,0,0,0,0,0,0,0,0,0,0,0,0,0,0,0,0,0.014089,1.2544,1,0.94752,0,0,0,0,0,0,0,0,0,0,0,1
0,0,0,0,0,0,0,0,0.73455,0,-0.54098,1,8.8686e-05,6.9655e-05,-1.1703e-06,2,1,0.49836,0.90719,0.54814,0.69858,-0.39518,0.74042,0.68042,0.3296,0,0,0,0,0,0,0,0,0,0,0,0,0,0,0,0,0,0,0,0,0,0,0,0,0,0,0,0,0,0,0,0,0,0,0,0,0,0,0.0082599,0.73455,1,0.92353,0,0,0,0,0,0,0,0,0,0,0,0
0,0,0,0,0,0,0,0,1.6171,0.41209,0.62452,1,0.040756,-0.0351,0,0,0,0,1.6069,999,999,999,1.524,1.1411,0,0,0,0,0,0,0,0,0,0,0,0,0,0,0,0,0,0,0,0,0,0,0,0,0,0,0,0,0,0,0,0,0,0,0,0,0,0,0,0.021104,1.6171,1,0.99916,0,0,0,0,0,0,0,0,0,0,0,1
0,0,0,0,0,0,0,0,0.75318,0.74396,0.088332,-1,-0.65425,-0.00042173,5.3399e-05,3,1,0.49803,0.95585,-0.75318,0.92765,-0.51006,0.66941,0.98858,0.59769,0.60955,0.15716,4.1486e-07,9999,1,1,791.02,6.1523,0.15724,0,0,0,0,0,0,0,0,1,0.52248,0.76997,-0.93922,0,0,0,0,0,10,0.15716,4.1486e-07,9999,1,791.02,6.1523,0.15724,0.52248,0.76997,-0.93922,5,0.0043285,0.75318,-1,0.92765,0.3634,-1,-0.65425,-0.0091978,0,0,0,0,0,0,0,0
0,0,0,0,0,0,0,0,0.392,1.0627,-0.54944,1,2.7892e-06,-1.5492e-06,-6.1431e-07,1,0,0,0.37737,999,999,999,0.29475,0.18327,0.24003,0.48631,0.095182,1.5492e-06,9999,0,-1,0,3.7598,0.18327,0,0,0,0,0,0,0,0,1,999,999,999,0,0,0,0,0,0,0,0,0,0,0,0,0,0,0,0,0,0,0,0,0,-0.39698,1,2.7892e-06,0.52556,0,0,0,0,0,0,0,0
0,0,0,0,0,0,0,0,0.31531,0.49442,-0.9457,-1,-0.56153,-2.7317e-06,3.5841e-07,1,0,0,0.31044,999,999,999,0.68581,0.29319,0.11514,0.39393,0.1278,3.5841e-07,9999,1,1,1152.3,9.5703,0.11514,0,0,0,0,0,0,0,0,1,999,999,999,0,0,0,0,0,0,0,0,0,0,0,0,0,0,0,0,0,0,0,0,0,0.39005,-1,-0.56153,-0.24867,0,0,0,0,0,0,0,1
0,0,0,0,0,0,0,0,1.9723,0.29471,0.21526,-1,0.99955,-0.060022,0.055631,0,0,0,2.3582,1.6858,-0.98358,-0.035901,0.41883,2.7781,1.5039,0.99668,0.21813,2.9063e-06,9999,1,-1,463.87,3.7598,0.29784,0,0,0,0,0,0,0,0,1,1.6858,0.98358,-0.97928,0,0,0,0,0,10,0.21813,2.9063e-06,9999,-1,463.87,3.7598,0.29784,1.6858,0.98358,-0.97928,-2,0.002822,1.9723,-1,0.97361,0.22649,1,0.99955,0.56894,0,0,0,0,0,0,0,1
0,0,0,0,0,0,0,0,0.77608,0.5263,-0.62425,-1,-0.00065963,-0.00013132,3.5212e-06,4,2,0.49662,0.99633,-0.77608,-0.69216,-0.96552,0.59522,1.002,0.31226,0.32945,0.2494,1.9813e-06,9999,0,1,444.34,3.8574,0.38319,0,0,0,0,0,0,0,0,1,0.61117,0.81163,-0.27696,0,0,0,0,0,10,0.2494,1.9813e-06,9999,1,444.34,3.8574,0.38319,0.61117,0.81163,-0.27696,4,0.021017,0.61117,-1,0.81163,0.44765,-1,-0.00013132,-8.4326e-05,0,0,0,0,0,0,0,0
0,0,0,0,0,0,0,0,0.80691,0.54005,-0.098587,1,0.00016339,-0.00011978,-5.7217e-05,0,0,0,1.2318,999,999,999,0.72409,0.73438,0.61941,0.93085,0.13952,4.8695e-07,9999,1,-1,625,4.9805,0.19518,0,0,0,0,0,0,0,0,1,0.80691,0.92246,-0.72205,0,0,0,0,0,10,0.21978,4.2292e-07,9999,1,751.95,6.1523,0.16219,0.67707,0.88798,-0.584,4,0.01034,0.80691,1,0.92246,-0.72205,1,0.00016339,0.74983,0,0,0,0,0,0,0,1
0,0,0,0,0,0,0,0,1.1468,0.75316,-0.4004,-1,-0.0004237,-0.00035922,1.907e-05,0,0,0,1.097,999,999,999,0.90507,0.50156,0.45491,0.59517,0.19976,7.084e-07,9999,1,-1,493.16,3.9551,0.26336,0,0,0,0,0,0,0,0,1,999,999,999,0,0,0,0,0,0,0,0,0,0,0,0,0,0,0,0,0,0.015047,1.1468,-1,0.59953,0.84422,1,1.907e-05,0.0072862,0,0,0,0,0,0,0,0
0.55905,0.23608,0.81567,1,0,0,0,0,0.62109,0.96736,-0.83917,-1,0.15056,-2.1095e-05,3.4107e-07,0,0,0,0.66939,999,999,999,0.87834,0.55635,0.098657,0.13577,0.10091,3.4107e-07,9999,1,1,859.38,14.844,0.098657,0,0,0,0,0,0,0,0,1,999,999,999,0,0,0,0,0,0,0,0,0,0,0,0,0,0,0,0,0,0.0022087,0.55905,1,0.98833,0.8131,-1,-2.1095e-05,-0.40282,0.55905,0.23608,0.81567,1,1,0.0022087,0.98833,0
0,0,0,0,0,0,0,0,0.71396,1.5126,-0.90226,1,0.98884,0.29372,-0.0048513,1,0,0,1.0378,0.71396,-0.54856,-0.46188,0.6754,1.0434,0.79597,0.86253,0.17005,4.7556e-07,9999,0,-1,600.59,5.8105,0.19,0,0,0,0,0,0,0,0,1,0.71396,0.54856,-0.52718,0,0,0,0,0,10,0.13535,1.2093e-06,9999,1,0,19.336,0.091552,0.58906,0.26567,-0.61332,0,0.008258,0.71396,1,0.54856,0.846,1,0.98884,0.37894,0,0,0,0,0,0,0,1
0,0,0,0,0,0,0,0,1.0702,0.31449,0.8163,-1,-0.95554,-0.03081,0.0085481,3,1,0.49785,1.6009,-1.0702,-0.81858,-0.62089,1.1246,1.3644,0.48642,0.84963,0.18605,4.2553e-07,9999,0,1,761.72,7.3242,0.16375,0,1,0,0,0,0,0,0,1,0.96749,0.88807,-0.85597,0,0,0,0,0,10,0.15081,4.078e-07,9999,1,751.95,8.8867,0.15272,1.0702,0.81858,-0.17935,0,0.005107,1.0702,-1,0.81858,-0.85597,-1,-0.95554,-0.19739,0,0,0,0,0,0,0,0
0,0,0,0,0,0,0,0,0.77872,0.41668,0.11293,1,-0.9685,0.0001731,3.677e-05,3,1,0.49911,0.96066,999,999,999,0.91519,0.9706,0.47414,0.47483,0.12772,1.2179e-06,9999,0,-1,0,22.07,0.077633,0,0,0,0,0,0,0,0,1,0.77872,0.98371,-0.62477,0,0,0,0,0,10,0.12772,1.2179e-06,9999,-1,0,22.07,0.077633,0.77872,0.98371,-0.62477,-4,0.0054646,0.77872,1,0.98371,-0.86224,-1,-0.9685,-0.0018571,0,0,0,0,0,0,0,0
0,0,0,0,0,0,0,0,0.6653,0.8931,0.13095,1,-0.69632,0.00062056,0.00014122,0,0,0,0.91689,-0.54341,0.41418,-0.25501,0.68778,0.36522,0.90911,0,0,0,0,0,0,0,0,0,0,0,0,0,0,0,0,0,0,0,0,0,0,0,0,0,0,0,0,0,0,0,0,0,0,0,0,0,0,0.029398,0.54341,-1,0.41418,0,0,0,0,0,0,0,0,0,0,0,0
0,0,0,0,0,0,0,0,0.94289,0.65983,-0.38785,-1,-0.97335,-6.0519e-07,4.5403e-07,0,0,0,0.93551,999,999,999,0.93428,0.23743,0.17946,0.096625,0.16195,4.5403e-07,9999,1,1,820.31,7.2266,0.17946,0,0,0,0,0,0,0,0,1,0.94289,0.90986,-0.32455,0,0,0,0,0,10,0.16195,4.5403e-07,9999,1,820.31,7.2266,0.17946,0.94289,0.90986,-0.32455,9,0.017732,0.94289,-1,0.90986,-0.32455,-1,-0.97335,-0.017927,0,0,0,0,0,0,0,1
0,0,0,0,0,0,0,0,1.9146,0.39347,0.38499,-1,-0.92221,-0.1344,0.00017677,0,0,0,2.109,-1.9146,0.98261,-0.6744,0.70221,2.4424,0.71014,0.98314,0.17424,4.7773e-07,9999,1,1,600.59,5.6641,0.19101,0,0,0,0,0,0,0,0,1,1.9146,0.98261,-0.99907,0,0,0,0,0,10,0.17424,4.7773e-07,9999,1,600.59,5.6641,0.19101,1.9146,0.98261,-0.99907,2,0.02076,1.9146,-1,0.98261,0.66069,-1,-0.92221,-0.8171,0,0,0,0,0,0,0,0
0,0,0,0,0,0,0,0,0.64095,1.5761,-0.9742,1,0.0013061,3.5833e-05,-1.0745e-06,0,0,0,0.73332,0.58528,-0.93985,-0.9672,0.96637,0.53245,0.31966,0.49507,0.19821,1.0745e-06,9999,1,-1,576.17,3.9551,0.31966,0,0,0,0,0,0,0,0,1,0.64095,0.90179,-0.082467,0,0,0,0,0,10,0.19821,1.0745e-06,9999,-1,576.17,3.9551,0.31966,0.64095,0.90179,-0.082467,-6,0.0064297,0.64095,1,0.90179,0.27485,1,3.5833e-05,0.0052397,0,0,0,0,0,0,0,0
0,0,0,0,0,0,0,0,0.90332,0.75339,0.50139,-1,-0.0016944,-0.00017341,7.9384e-05,0,0,0,1.2346,-0.90332,-0.91059,-0.58209,0.89621,0.8326,0.6854,0.60122,0.21807,3.826e-07,9999,1,-1,859.38,6.8359,0.13501,0,0,0,0,0,0,0,0,1,0.54348,0.99381,-0.68559,0,0,0,0,0,10,0.21807,3.826e-07,9999,-1,859.38,6.8359,0.13501,0.54348,0.99381,-0.68559,-6,0.0016607,0.90332,-1,0.91059,-0.021849,1,1.4364e-05,0.0015862,0,0,0,0,0,0,0,1
0,0,0,0,0,0,0,0,0.58885,0.13283,-0.66956,-1,-0.99817,0.76023,-6.1831e-05,0,0,0,0.95289,-0.58885,0.77045,-0.31507,0.51034,0.11485,0.64305,0.86018,0.15856,3.8867e-07,9999,1,1,888.67,7.7148,0.13952,0,0,0,0,0,0,0,0,1,0.58885,0.77045,-0.77901,0,0,0,0,0,10,0.15856,3.8867e-07,9999,1,888.67,7.7148,0.13952,0.58885,0.77045,-0.77901,4,0.0037321,0.6873,-1,0.83394,0.52753,-1,-0.99817,-0.47003,0,0,0,0,0,0,0,1
0,0,0,0,0,0,0,0,2.1906,0.1915,-0.85841,-1,0.090506,-0.06593,-0.00060651,1,0,0,2.3124,999,999,999,1.0013,2.4087,0.50659,0,0,0,0,0,0,0,0,0,0,0,0,0,0,0,0,0,0,0,0,0,0,0,0,0,0,0,0,0,0,0,0,0,0,0,0,0,0,0.011154,2.1906,-1,0.99178,0,0,0,0,0,0,0,0,0,0,0,0
0,0,0,0,0,0,0,0,1.4697,0.075402,-0.78323,-1,-0.049331,0.00024399,-7.0805e-05,1,1,0.50129,1.4827,999,999,999,1.4352,0.27131,0.68162,0,0,0,0,0,0,0,0,0,0,0,0,0,0,0,0,0,0,0,0,0,0,0,0,0,0,0,0,0,0,0,0,0,0,0,0,0,0,0.068986,1.4697,-1,0.98128,0,0,0,0,0,0,0,0,0,0,0,0
0,0,0,0,0,0,0,0,1.207,0.74386,-0.88,-1,-0.0001316,2.4233e-05,8.1156e-06,1,0,0,1.1579,999,999,999,1.8105,0.48133,0.37711,0.91875,0.085477,4.132e-07,9999,0,1,742.19,5.5176,0.15619,0,0,0,0,0,0,0,0,1,999,999,999,0,0,0,0,0,0,0,0,0,0,0,0,0,0,0,0,0,0.036747,1.207,-1,0.93298,0.71797,-1,-0.0001316,-0.79081,0,0,0,0,0,0,0,0
0,0,0,0,0,0,0,0,1.174,0.76194,0.15353,-1,-0.044511,1.6488e-05,1.1011e-05,1,0,0,1.2724,999,999,999,1.2555,0.44017,0.40284,0,0,0,0,0,0,0,0,0,0,0,0,0,0,0,0,0,0,0,0,0,0,0,0,0,0,0,0,0,0,0,0,0,0,0,0,0,0,0.00053031,1.174,-1,0.8822,0,0,0,0,0,0,0,0,0,0,0,1
0,0,0,0,0,0,0,0,0.45336,0.47056,-0.62315,1,0.10001,-0.00056659,1.89e-05,2,0,0,0.57667,999,999,999,1.0885,0.54367,0.4539,0,0,0,0,0,0,0,0,0,0,0,0,0,0,0,0,0,0,0,0,0,0,0,0,0,0,0,0,0,0,0,0,0,0,0,0,0,0,0,0,0,0,0,0,0,0,0,0,0,0,0,0,0,0
0,0,0,0,0,0,0,0,0.85217,0.40287,-0.99484,1,0.0027256,0.00036666,-7.1409e-05,2,0,0,0.69462,999,999,999,0.51916,0.70543,0.57353,0,0,0,0,0,0,0,0,0,0,0,0,0,0,0,0,0,0,0,0,0,0,0,0,0,0,0,0,0,0,0,0,0,0,0,0,0,0,0.0059039,0.65475,-1,0.60527,0,0,0,0,0,0,0,0,0,0,0,0
0,0,0,0,0,0,0,0,0.72409,0.70328,-0.30612,1,0.87703,-3.8989e-05,8.3656e-06,0,0,0,0.83452,999,999,999,1.0883,0.59712,0.3796,0.88249,0.12581,4.7302e-07,9999,1,1,517.58,5.3223,0.18881,0,0,0,0,0,0,0,0,1,999,999,999,0,0,0,0,0,0,0,0,0,0,0,0,0,0,0,0,0,0.0039947,0.72409,1,0.54106,0.50774,-1,-3.8989e-05,-0.68653,0,0,0,0,0,0,0,1
0,0,0,0,0,0,0,0,0.65451,1.0648,-0.35401,1,0.21221,0.00012742,-9.253e-06,2,1,0.50119,0.82103,0.50954,-0.78091,-0.99479,0.60594,0.72148,0.38797,0.958,0.086388,1.2798e-06,9999,1,1,0,6.6406,0.13568,0,0,0,0,0,0,0,0,1,999,999,999,0,0,0,0,0,0,0,0,0,0,0,0,0,0,0,0,0,0.0088997,0.65451,1,0.84046,0.90911,-1,-9.253e-06,-0.84018,0,0,0,0,0,0,0,0
0,0,0,0,0,0,0,0,0.47246,1.1587,0.7014,1,0.99418,-0.00018213,1.6536e-05,1,0,0,0.64883,999,999,999,0.60967,0.19875,0.44046,0.8,0.067316,3.6182e-07,9999,1,-1,1621.1,9.7656,0.11814,0,0,0,0,0,0,0,0,1,999,999,999,0,0,0,0,0,0,0,0,0,0,0,0,0,0,0,0,0,0,0,0,0,0.93539,1,0.99418,0.74594,0,0,0,0,0,0,0,1
0,0,0,0,0,0,0,0,1.0657,0.3745,0.06298,-1,-0.91213,-0.0053021,1.9807e-05,1,0,0,1.1761,-1.0657,0.98378,-0.60633,0.29891,1.3807,0.45589,0.66125,0.21367,0.91213,9999,1,-1,0,11.816,0.29891,0,0,0,0,0,0,0,0,1,999,999,999,0,0,0,0,0,0,0,0,0,0,0,0,0,0,0,0,0,0.005853,1.0657,-1,0.98378,0.95511,1,1.9807e-05,5.5076e-06,0,0,0,0,0,0,0,0
0,0,0,0,0,0,0,0,0.93091,0.96692,-0.55078,-1,-0.96782,0.096231,0.016629,1,0,0,1.5982,999,999,999,1.1434,1.1614,0.79224,0.98019,0.20696,7.7512e-07,9999,1,-1,581.05,3.8086,0.27684,0,0,0,0,0,0,0,0,1,0.98308,0.78748,-0.68361,0,0,0,0,0,10,0.23531,4.1252e-06,9999,-1,512.7,7.8125,0.27642,0.98308,0.78748,-0.5405,-0,0.0059263,0.98308,1,0.78748,0.77366,1,1.5446e-06,0.57966,0,0,0,0,0,0,0,1
0,0,0,0,1.7152,0.39798,0.074418,-1,1.0346,1.3664,0.008766,1,-0.97933,-0.043326,0.00033368,0,0,0,1.7118,-1.7152,0.96303,-0.91656,0.70594,2.4515,0.31586,0.15738,0.19609,0.00033368,9999,1,1,615.23,0,0.31586,0,0,0,0,0,0,0,0,1,999,999,999,0,0,0,0,0,0,0,0,0,0,0,0,0,0,0,0,0,0.00018248,1.7152,-1,0.96303,0.36884,-1,-0.97933,-0.0015976,0,0,0,0,0,0,0,0
0,0,0,0,0,0,0,0,0.63814,1.3925,-0.8055,1,0.99965,0.91576,-0.018197,0,0,0,0.91947,0.70539,-0.45283,-0.23762,0.36483,0.35257,0.7425,0.85524,0.15349,4.6073e-07,9999,1,-1,89.111,10.156,0.18285,0,0,0,0,0,0,0,0,1,0.63814,0.99753,-0.83625,0,0,0,0,0,10,0.15349,4.6073e-07,9999,-1,89.111,10.156,0.18285,0.63814,0.99753,-0.83625,-5,0.019979,0.51678,1,0.41809,0.061633,1,0.91576,0.4955,0,0,0,0,0,0,0,1
0,0,0,0,0.98957,1.7703,-0.81029,1,0.61774,0.99502,0.32436,-1,0.003448,-0.00059664,0.00055759,0,0,0,1.3887,999,999,999,1.2549,0.39905,0.5512,0.65702,0.2194,5.3712e-07,9999,1,1,488.28,5.9082,0.21533,0,0,0,0,0,0,0,0,1,999,999,999,0,0,0,0,0,0,0,0,0,0,0,0,0,0,0,0,0,0.0025347,0.98957,1,0.9032,0.93752,-1,-0.00059664,-0.0020698,0,0,0,0,0,0,0,0
0,0,0,0,0,0,0,0,1.007,0.54206,-0.84295,-1,-0.29575,-0.00010813,2.6568e-06,1,0,0,0.90561,-1.007,-0.9548,-0.906,0.45388,0.85983,0.2911,0,0,0,0,0,0,0,0,0,0,0,0,0,0,0,0,0,0,0,0,0,0,0,0,0,0,0,0,0,0,0,0,0,0,0,0,0,0,0.0085536,1.007,-1,0.9548,0,0,0,0,0,0,0,0,0,0,0,0
0,0,0,0,1.8158,0.54721,-0.9791,-1,0.4606,0,0.98078,1,-0.026991,0.011757,-6.0715e-07,0,0,0,1.3025,999,999,999,1.3434,0.73196,0.23799,0,0,0,0,0,0,0,0,0,0,0,0,0,0,0,0,0,0,0,0,0,0,0,0,0,0,0,0,0,0,0,0,0,0,0,0,0,0,0.014373,1.8158,-1,0.98377,0,0,0,0,0,0,0,0,0,0,0,0
0,0,0,0,0,0,0,0,0.91278,0.15318,-0.88715,1,0.95933,-7.1872e-05,-7.5722e-06,0,0,0,1.0246,999,999,999,1.084,0.67112,0.37147,0.6924,0.24649,7.5722e-06,9999,1,-1,429.69,3.418,0.37147,0,0,0,0,0,0,0,0,1,999,999,999,0,0,0,0,0,0,0,0,0,0,0,0,0,0,0,0,0,0.0017868,0.91278,1,0.80249,0.76688,1,0.95933,0.0002607,0,0,0,0,0,0,0,1
1.0582,0.5281,-0.76563,-1,0,0,0,0,0.43004,0.9735,-0.37279,1,-0.16262,-0.00020141,2.3622e-06,2,0,0,0.85907,-1.0582,-0.94647,-0.95156,1.0984,0.77169,0.28226,0.11403,0.14594,5.7853e-07,9999,0,1,625,4.7852,0.22936,0,0,0,0,0,0,0,0,1,1.0582,0.94647,-0.20435,0,0,0,0,0,10,0.14594,5.7853e-07,9999,1,625,4.7852,0.22936,1.0582,0.94647,-0.20435,0,0.0032546,1.0582,-1,0.94647,0.49432,-1,-0.16262,-0.061254,0,0,0,0,0,0,0,0
1.6671,1.1412,-0.63553,1,0,0,0,0,0.16394,2.235,0.3416,-1,4.3164e-05,-1.2296e-06,8.6536e-07,2,0,0,1.6623,999,999,999,2.0282,0.069708,0.29225,0.81255,0.16394,4.3777e-07,9999,1,-1,751.95,5.0293,0.17077,0,0,0,0,0,0,0,0,1,1.6671,0.98544,-0.71629,0,0,0,0,0,10,0.16394,4.3777e-07,9999,-1,751.95,5.0293,0.17077,1.6671,0.98544,-0.71629,-6,0.012064,1.6671,1,0.98544,-0.71629,1,4.3164e-05,0.31053,0,0,0,0,0,0,0,1
0,0,0,0,0,0,0,0,0.62885,2.121,-0.99031,-1,0.98215,0.98024,-0.79849,0,0,0,1.3767,999,999,999,0.62284,0.66409,0.95958,0,0,0,0,0,0,0,0,0,0,0,0,0,0,0,0,0,0,0,0,0,0,0,0,0,0,0,0,0,0,0,0,0,0,0,0,0,0,0.0045284,0.78358,-1,0.86321,0,0,0,0,0,0,0,0,0,0,0,0
0,0,0,0,0,0,0,0,1.2841,0.17036,-0.99053,-1,-0.96643,-0.11458,0.061586,2,0,0,0.6429,999,999,999,0.81823,1.5909,1.0592,0,0,0,0,0,0,0,0,0,0,0,0,0,0,0,0,0,0,0,0,0,0,0,0,0,0,0,0,0,0,0,0,0,0,0,0,0,0,0.025805,1.2841,-1,0.96053,0,0,0,0,0,0,0,0,0,0,0,0
0.72648,0.63458,-0.082331,-1,0,0,0,0,1.5168,0.98889,-0.97084,-1,-0.96224,-0.097996,9.1245e-05,0,0,0,1.6828,-0.72648,-0.70416,-0.15896,2.1379,0.89052,0.75346,0.95934,0.18568,8.2857e-07,9999,1,1,468.75,3.9062,0.2863,0,0,0,0,0,0,0,0,1,0.72648,0.70416,-0.47555,0,0,0,0,0,10,0.18568,8.2857e-07,9999,1,468.75,3.9062,0.2863,0.72648,0.70416,-0.47555,2,0.029096,1.5168,-1,0.79631,0.91931,-1,-0.96224,-0.65033,0.72648,0.63458,-0.082331,-1,1,0.0032502,0.70416,0
0,0,0,0,0,0,0,0,0.98526,0.83589,-0.33747,-1,0.029393,-0.023142,-3.0213e-05,2,0,0,1.3609,999,999,999,0.92072,1.268,0.50876,0.9711,0.090116,3.3303e-07,9999,0,-1,2168,15.625,0.090234,0,0,0,0,0,0,0,0,1,0.77286,0.93411,-0.91026,0,0,0,0,0,10,0.13858,1.2239e-06,9999,1,0,4.3945,0.073131,0.98526,0.97766,-0.42796,21,0.0079755,0.98526,-1,0.97766,0.74104,1,1.2239e-06,0.85937,0,0,0,0,0,0,0,1
0,0,0,0,0,0,0,0,1.0428,1.1496,-0.21167,-1,-0.56122,0.40392,-0.0013616,0,0,0,1.4858,-1.0428,-0.97001,-0.80106,0.52874,1.3204,1.0738,0.99899,0.18284,5.3854e-07,9999,1,1,673.83,3.5645,0.21584,0,0,0,0,0,0,0,0,1,999,999,999,0,0,0,0,0,0,0,0,0,0,0,0,0,0,0,0,0,0.03913,1.0428,-1,0.97001,-0.92091,-1,-0.56122,-0.84719,0,0,0,0,0,0,0,0
1.6907,0.21708,-0.90447,-1,0,0,0,0,0.42424,0.32045,0.2834,-1,-0.00013895,-5.0507e-06,-4.4537e-06,2,1,0.50439,1.6648,999,999,999,1.6884,0.33964,0.33002,0.21307,0.044815,3.1968e-07,9999,0,1,219.73,8.1055,0.074931,0,0,0,0,0,0,0,0,1,999,999,999,0,0,0,0,0,0,0,0,0,0,0,0,0,0,0,0,0,0.0046519,1.6907,-1,0.96697,0.98298,-1,-4.4537e-06,-0.67543,0,0,0,0,0,0,0,0
0,0,0,0,0,0,0,0,0.59992,1.6378,-0.76708,-1,0.0059208,0.00073811,-0.00055122,1,1,0.5,0.83215,999,999,999,0.53239,0.50868,0.55643,0.81508,0.10445,4.1431e-07,9999,1,-1,610.35,6.3477,0.15689,0,0,0,0,0,0,0,0,1,999,999,999,0,0,0,0,0,10,0.18229,5.4268e-07,9999,1,634.77,5.2246,0.21733,0.59992,0.55722,-0.1354,5,0.047277,0.59992,-1,0.55722,-0.25802,1,0.00073811,0.67231,0,0,0,0,0,0,0,0
0,0,0,0,0,0,0,0,0.94761,0.46353,-0.89406,-1,-0.94731,-0.00040287,-0.00015333,3,1,0.4995,0.71966,-0.94761,-0.82731,-0.96311,1.1958,0.3379,0.72708,0.83969,0.18306,8.1633e-07,9999,0,1,439.45,3.7598,0.28423,0,0,0,0,0,0,0,0,1,0.94761,0.82731,-0.9424,0,0,0,0,0,10,0.18306,8.1633e-07,9999,1,439.45,3.7598,0.28423,0.94761,0.82731,-0.9424,0,0.010799,0.94761,-1,0.82731,0.94685,-1,-0.94731,-0.20075,0,0,0,0,0,0,0,0
0,0,0,0,0,0,0,0,1.1213,1.6665,0.59936,-1,0.012966,-0.0044253,0.00051147,0,0,0,1.0519,999,999,999,0.81481,1.716,0.7484,0.79418,0.10435,1.7096e-06,9999,1,-1,0,4.7363,0.20005,0,0,0,0,0,0,0,0,1,999,999,999,0,0,0,0,0,0,0,0,0,0,0,0,0,0,0,0,0,0.0096595,1.1213,-1,0.55153,0.74355,1,0.012966,0.65808,0,0,0,0,0,0,0,0
0,0,0,0,0,0,0,0,0.70354,0.668,0.49332,1,-1,-0.99958,0.3002,1,0,0,1.0151,999,999,999,0.19153,0.41612,1.1378,0.29214,0.24312,0.99958,9999,1,-1,1064.5,8.4961,0.41612,0,0,0,0,0,0,0,0,1,0.67848,0.73584,-0.8549,0,0,0,0,0,10,0.24312,0.99958,9999,-1,1064.5,8.4961,0.41612,0.67848,0.73584,-0.8549,-22,0.015842,0.70354,1,0.99952,0.57937,1,0.0098078,1.2613e-05,0,0,0,0,0,0,0,0
0,0,0,0,0,0,0,0,1.7672,0,-0.68555,-1,-0.022002,-0.0010131,-0.00017381,1,0,0,1.6517,-0.72548,0.86916,-0.64205,1.4623,0.78148,0.40659,0.93321,0.12969,4.4178e-07,9999,1,1,791.02,6.8359,0.17298,0,0,0,0,0,0,0,0,1,1.7672,0.89907,-0.69909,0,0,0,0,0,10,0.12969,4.4178e-07,9999,1,791.02,6.8359,0.17298,1.7672,0.89907,-0.69909,2,0.018797,1.7672,-1,0.89907,0.97499,-1,-0.0010131,-0.77411,0,0,0,0,0,0,0,0
0,0,0,0,0,0,0,0,1.1638,1.0993,0.065387,-1,-0.95282,-0.39021,-0.01397,2,1,0.50049,1.4946,-1.1638,-0.68772,-0.89109,0.34506,1.6944,1.3616,0.99463,0.16229,4.6756e-07,9999,1,1,625,8.1055,0.18621,0,0,0,0,0,0,0,0,1,1.0257,0.95221,-0.97808,0,0,0,0,0,10,0.19799,1.2107e-06,9999,1,0,13.477,0.098934,1.1638,0.68772,-0.38253,5,0.00075669,1.1638,-1,0.68772,0.62836,-1,-0.39021,-0.87767,0,0,0,0,0,0,0,0
0,0,0,0,0,0,0,0,0.78812,0.78172,-0.63258,1,0.93266,0.13873,-0.00072698,2,1,0.49751,1.2125,999,999,999,0.97888,1.1464,0.90374,0,0,0,0,0,0,0,0,0,0,0,0,0,0,0,0,0,0,0,0,0,0,0,0,0,0,0,0,0,0,0,0,0,0,0,0,0,0,0.034786,0.67582,-1,0.88771,0,0,0,0,0,0,0,0,0,0,0,1
0.91144,0.25121,-0.46866,-1,0,0,0,0,0,0,0,0,-0.51251,0.00039605,0,0,0,0,0.94998,999,999,999,0.98107,0.55978,0,0,0,0,0,0,0,0,0,0,0,0,0,0,0,0,0,0,0,0,0,0,0,0,0,0,0,0,0,0,0,0,0,0,0,0,0,0,0,0.013736,0.91144,-1,0.85631,0,0,0,0,0.91144,0.25121,-0.46866,-1,2,0.013736,0.85631,0
0,0,0,0,1.6842,0,-0.68774,1,0.82662,0.15279,0.3965,1,0.9615,0.00054749,-2.5062e-05,0,0,0,1.5113,1.6842,0.97371,-0.72662,0.87504,2.5553,0.48529,0.34538,0.21691,4.2102e-07,9999,1,-1,693.36,5.7617,0.16104,0,0,0,0,0,0,0,0,1,1.6842,0.97371,-0.12531,0,0,0,0,0,10,0.21691,4.2102e-07,9999,-1,693.36,5.7617,0.16104,1.6842,0.97371,-0.12531,-5,0.0037197,1.6842,1,0.97371,0.12909,1,0.9615,0.00067582,0,0,0,0,0,0,0,1
0,0,0,0,0,0,0,0,0.98937,0.3479,-0.75605,1,8.0886e-05,0,0,0,0,0,0.69183,999,999,999,0.73437,0,0,0,0,0,0,0,0,0,0,0,0,0,0,0,0,0,0,0,0,0,0,0,0,0,0,0,0,0,0,0,0,0,0,0,0,0,0,0,0,0.0014921,0.98937,1,0.81197,0,0,0,0,0,0,0,0,0,0,0,0
0.98467,0,0.025325,-1,0,0,0,0,0.61169,0.27374,-0.010679,1,-0.097404,-0.01056,4.4175e-05,2,0,0,1.1234,-0.60268,0.61244,-0.2162,1.3315,0.97377,0.56735,0.95035,0.12745,4.268e-07,9999,0,1,551.76,6.1523,0.16449,0,0,0,0,0,0,0,0,1,0.98467,0.90336,-0.8763,0,0,0,0,0,10,0.12745,4.268e-07,9999,1,551.76,6.1523,0.16449,0.98467,0.90336,-0.8763,5,0.0038073,0.98467,-1,0.90336,-0.8763,-1,-0.097404,-0.81271,0.98467,0,0.025325,-1,1,0.0038073,0.90336,0
0.58034,0.20598,-0.87905,-1,0,0,0,0,0.22564,0.11606,0.40468,1,-0.00038047,-0.00010676,5.0828e-07,1,0,0,0.65665,999,999,999,0.60229,0.6685,0.20423,0.64937,0.22564,5.0828e-07,9999,1,1,712.89,3.4668,0.20423,0,0,0,0,0,0,0,0,1,0.58034,0.85896,-0.52013,0,0,0,0,0,10,0.22564,5.0828e-07,9999,1,712.89,3.4668,0.20423,0.58034,0.85896,-0.52013,8,0.038519,0.58034,-1,0.85896,-0.11179,-1,-0.00010676,-0.0011243,0.58034,0.20598,-0.87905,-1,1,0.038519,0.85896,0
0.56152,0.26334,-0.55149,-1,0,0,0,0,0.74181,0.34255,-0.75581,-1,-0.017614,-4.3662e-05,-1.4229e-05,3,0,0,0.71251,-0.74181,-0.69122,-0.71223,0.79139,0.56521,0.42601,0.53947,0.22548,7.0434e-07,9999,1,1,546.88,4.5898,0.26247,0,0,0,0,0,0,0,0,1,0.74181,0.69122,-0.018218,0,0,0,0,0,10,0.22548,7.0434e-07,9999,1,546.88,4.5898,0.26247,0.74181,0.69122,-0.018218,6,0.02503,0.56152,-1,0.5402,0.47099,-1,-0.017614,-0.00062286,0.56152,0.26334,-0.55149,-1,1,0.02503,0.5402,1
0,0,0,0,0,0,0,0,0.72503,1.0406,0.36601,-1,-0.99819,-0.99682,-0.021205,1,0,0,1.0073,-0.72503,-0.78301,-0.18778,0.50962,0.55627,0.83386,0.93566,0.11159,3.6271e-07,9999,0,1,1240.2,7.3242,0.11891,0,0,0,0,0,0,0,0,1,0.65299,0.73548,-0.45614,0,0,0,0,0,10,0.11159,3.6271e-07,9999,1,1240.2,7.3242,0.11891,0.65299,0.73548,-0.45614,2,0.043757,0.51285,-1,0.33635,0.90811,-1,-0.99682,-0.79898,0,0,0,0,0,0,0,0
1.7399,0.87552,-0.92648,-1,0,0,0,0,0.83183,0.4964,0.59047,1,-0.98612,0.034639,-0.0039741,0,0,0,1.5777,999,999,999,0.70245,1.2259,1.3274,0,0,0,0,0,0,0,0,0,0,0,0,0,0,0,0,0,0,0,0,0,0,0,0,0,0,0,0,0,0,0,0,0,0,0,0,0,0,0.015694,1.7399,-1,0.9517,0,0,0,0,0,0,0,0,0,0,0,0
0,0,0,0,0,0,0,0,0.67144,0.67856,-0.42572,-1,0.0029633,-0.00017988,6.4194e-05,1,0,0,1.0802,999,999,999,0.51527,0.75559,0.65247,0.29368,0.09718,1.302e-06,9999,1,1,0,6.3477,0.14181,0,0,0,0,0,0,0,0,1,999,999,999,0,0,0,0,0,0,0,0,0,0,0,0,0,0,0,0,0,0.024005,0.75202,1,0.7161,0.52158,-1,-0.00017988,-0.44662,0,0,0,0,0,0,0,0
0,0,0,0,0,0,0,0,0.7713,1.3376,0.046076,-1,0.20005,0.0021107,-5.8339e-05,0,0,0,0.9278,0.6098,-0.41652,-0.34759,0.69775,0.83955,0.60985,0.74645,0.07082,3.5668e-07,9999,1,1,590.82,10.547,0.11358,0,0,0,0,0,0,0,0,1,999,999,999,0,0,0,0,0,10,0.12969,1.2704e-06,9999,-1,0,26.562,0.05338,0.6098,0.41652,-0.4567,-0,0.0040789,0.7713,-1,0.99841,0.71649,-1,-5.8339e-05,-0.73709,0,0,0,0,0,0,0,1
0.99727,0.94598,0.92186,-1,0,0,0,0,0.61054,1.103,-0.072395,1,-7.1881e-05,4.2324e-05,1.1776e-06,0,0,0,0.9351,999,999,999,1.5354,0.55926,0.2283,0.18852,0.22842,1.1776e-06,9999,1,1,498.05,4.5898,0.2283,0,0,0,0,0,0,0,0,1,0.99727,0.44694,-0.76132,0,0,0,0,0,10,0.22842,1.1776e-06,9999,1,498.05,4.5898,0.2283,0.99727,0.44694,-0.76132,0,0.010896,0.99727,-1,0.44694,-0.76132,-1,-7.1881e-05,-0.0002099,0.99727,0.94598,0.92186,-1,1,0.010896,0.44694,0
0,0,0,0,0,0,0,0,1.2752,0.73102,-0.9008,-1,0.99725,-0.017319,-5.814e-07,1,0,0,1.3313,999,999,999,0.54412,1.3253,0.23026,0.78945,0.132,5.814e-07,9999,0,-1,507.81,4.248,0.23026,0,0,0,0,0,0,0,0,1,999,999,999,0,0,0,0,0,0,0,0,0,0,0,0,0,0,0,0,0,0.0095862,1.2752,-1,0.98608,0.8148,1,0.99725,0.51971,0,0,0,0,0,0,0,1
0,0,0,0,0,0,0,0,0.64101,1.4937,-0.43575,-1,0.9994,0.93377,-0.0006362,0,0,0,1.2055,0.80945,0.81604,-0.82054,0.36506,1.2687,0.73144,0,0,0,0,0,0,0,0,0,0,0,0,0,0,0,0,0,0,0,0,0,0,0,0,0,0,0,0,0,0,0,0,0,0,0,0,0,0,0.0061874,0.80945,1,0.81604,0,0,0,0,0,0,0,0,0,0,0,0
0,0,0,0,0,0,0,0,0.36967,1.5942,-0.94561,1,4.4001e-05,5.8015e-06,-2.6598e-06,0,0,0,0.57608,999,999,999,0.5661,0.35036,0.409,0,0,0,0,0,0,0,0,0,0,0,0,0,0,0,0,0,0,0,0,0,0,0,0,0,0,0,0,0,0,0,0,0,0,0,0,0,0,0.0097518,0.51879,-1,0.41105,0,0,0,0,0,0,0,0,0,0,0,0
1.5413,0.19731,-0.63001,-1,0,0,0,0,0.55137,0.91578,0.25375,1,-0.97612,0.40163,-0.1301,0,0,0,0.82277,-1.5413,-0.8941,-0.54191,0.56109,0.88413,1.0074,0,0,0,0,0,0,0,0,0,0,0,0,0,0,0,0,0,0,0,0,0,0,0,0,0,0,0,0,0,0,0,0,0,0,0,0,0,0,0.014876,1.5413,-1,0.8941,0,0,0,0,0,0,0,0,0,0,0,0
0,0,0,0,0,0,0,0,0.92658,1.5107,-0.78496,1,0.0070836,0.0016187,-0.00010201,0,0,0,1.2524,0.92658,-0.51401,-0.33766,0.97163,0.69463,0.82595,0,0,0,0,0,0,0,0,0,0,0,0,0,0,0,0,0,0,0,0,0,0,0,0,0,0,0,0,0,0,0,0,0,0,0,0,0,0,0.0058946,0.92658,1,0.51401,0,0,0,0,0,0,0,0,0,0,0,0
0,0,0,0,0,0,0,0,0.49468,0.85959,-0.94925,-1,-5.3555e-05,-5.7227e-06,2.5813e-06,2,0,0,0.61249,999,999,999,0.60597,0.34929,0.28893,0.86688,0.17969,8.3767e-07,9999,0,-1,595.7,5.957,0.28781,0,0,0,0,0,0,0,0,1,999,999,999,0,0,0,0,0,0,0,0,0,0,0,0,0,0,0,0,0,0,0,0,0,0.19513,1,1.3232e-06,0.27266,0,0,0,0,0,0,0,1
0,0,0,0,0,0,0,0,0.45166,0.16516,-0.49501,1,-6.6357e-05,3.869e-05,3.315e-05,2,1,0.49507,0.48949,999,999,999,0.66441,0.54473,0.52148,0.59066,0.19603,6.003e-07,9999,1,-1,551.76,3.8086,0.236,0,0,0,0,0,0,0,0,1,999,999,999,0,0,0,0,0,0,0,0,0,0,0,0,0,0,0,0,0,0,0,0,0,-0.10464,1,3.869e-05,0.009604,0,0,0,0,0,0,0,1
0,0,0,0,1.2213,0.29445,-0.083881,-1,0.72062,0.99411,-0.58065,1,-0.0011802,9.4093e-05,-1.8888e-05,0,0,0,1.4874,999,999,999,1.3401,0.65542,0.45392,0.99166,0.20087,4.9889e-07,9999,1,1,600.59,4.6387,0.20035,0,0,0,0,0,0,0,0,1,1.2213,0.9302,-0.88116,0,0,0,0,0,10,0.20087,4.9889e-07,9999,1,600.59,4.6387,0.20035,1.2213,0.9302,-0.88116,4,0.0029152,1.2213,-1,0.9302,0.94999,-1,-1.0866e-05,-0.71757,0,0,0,0,0,0,0,1
0,0,0,0,0.52497,1.635,-0.54167,1,0.85533,1.069,-0.53868,-1,-0.035688,0.00068212,0.00032375,2,1,0.49801,1.3178,999,999,999,1.1748,0.67128,0.78301,0.8257,0.12215,3.4209e-07,9999,1,-1,2070.3,13.672,0.099684,0,0,0,0,0,0,0,0,1,0.52497,0.99442,-0.83775,0,0,0,0,0,10,0.12215,3.4209e-07,9999,-1,2070.3,13.672,0.099684,0.52497,0.99442,-0.83775,-2,0.005589,0.85533,-1,0.98582,0.92052,1,8.4736e-05,0.619,0,0,0,0,0,0,0,1
0,0,0,0,0,0,0,0,0.18123,0.56457,-0.75972,1,0.85159,-1.5982e-06,-3.7113e-07,1,2,0.49352,0.32291,999,999,999,0.39539,0.36269,0.12599,0.56962,0.22208,3.7113e-07,9999,0,-1,1757.8,7.7148,0.12599,0,1,0,0,0,0,0,0,1,999,999,999,0,0,0,0,0,10,0.18123,0.85159,9999,1,1074.2,0,0.39539,0.56864,0.67239,-0.056118,22,0.0037443,0.56864,-1,0.67239,-0.11552,1,0.85159,0.00094743,0,0,0,0,0,0,0,1
0,0,0,0,0,0,0,0,0.52706,0.096312,-0.99475,-1,-1.3278e-05,0,0,0,0,0,0.41221,999,999,999,0.41959,0,0,0,0,0,0,0,0,0,0,0,0,0,0,0,0,0,0,0,0,0,0,0,0,0,0,0,0,0,0,0,0,0,0,0,0,0,0,0,0,0.0072357,0.52706,-1,0.99918,0,0,0,0,0,0,0,0,0,0,0,1
1.262,0.73504,-0.56877,-1,0,0,0,0,1.1478,0.44725,-0.3035,-1,-0.98696,-0.0036618,0.0005987,1,0,0,1.1567,-1.262,0.89578,-0.59542,0.71603,1.8986,0.34529,0,0,0,0,0,0,0,0,0,0,0,0,0,0,0,0,0,0,0,0,0,0,0,0,0,0,0,0,0,0,0,0,0,0,0,0,0,0,0.011874,1.262,-1,0.89578,0,0,0,0,0,0,0,0,0,0,0,0
0.85639,0.28699,0.96784,-1,2.1362,0.23368,-0.99894,1,0,0,0,0,-0.063112,0.0010524,0,0,0,0,2.2927,999,999,999,1.064,2.463,0,0,0,0,0,0,0,0,0,0,0,0,0,0,0,0,0,0,0,0,0,0,0,0,0,0,0,0,0,0,0,0,0,0,0,0,0,0,0,0.0096979,2.1362,1,0.99904,0,0,0,0,0.85639,0.28699,0.96784,-1,1,0.018523,0.9802,0
0,0,0,0,0,0,0,0,1.9855,0.073935,-0.86005,1,0.5409,7.4878e-05,1.5833e-05,3,1,0.49922,1.4977,1.0043,-0.98303,-0.96834,3.091,0.69211,0.4362,0.83662,0.20289,1.2423e-06,9999,0,-1,0,11.426,0.12225,0,0,0,0,0,0,0,0,1,1.9855,0.99668,-0.79655,0,0,0,0,0,10,0.20289,1.2423e-06,9999,-1,0,11.426,0.12225,1.9855,0.99668,-0.79655,-5,0.0057111,1.9855,1,0.99668,0.9222,1,7.4878e-05,0.06621,0,0,0,0,0,0,0,1
0,0,0,0,0,0,0,0,1.8717,0.067774,-0.63609,-1,-0.086727,-0.057812,0.023991,0,0,0,1.3665,-1.8717,-0.98165,-0.55863,0.94406,1.2094,1.2361,0,0,0,0,0,0,0,0,0,0,0,0,0,0,0,0,0,0,0,0,0,0,0,0,0,0,0,0,0,0,0,0,0,0,0,0,0,0,0.0055683,1.8717,-1,0.98165,0,0,0,0,0,0,0,0,0,0,0,0
0,0,0,0,0,0,0,0,0.31038,1.0703,-0.82047,-1,9.9085e-06,-4.1543e-06,3.4005e-06,1,0,0,0.54759,999,999,999,0.39375,0.32474,0.30964,0.80166,0.1152,1.5131e-06,9999,0,-1,0,7.3242,0.17879,0,0,0,0,0,0,0,0,1,999,999,999,0,0,0,0,0,0,0,0,0,0,0,0,0,0,0,0,0,0,0,0,0,0.75682,1,3.4005e-06,0.62258,0,0,0,0,0,0,0,1
0,0,0,0,0,0,0,0,1.4836,1.1145,-0.65501,-1,-0.017446,0.00032748,-6.412e-05,0,0,0,1.7198,-1.4836,0.69388,-0.29457,0.91079,0.73856,2.1585,0.54899,0.12739,4.7826e-07,9999,1,1,615.23,5.3223,0.19125,0,0,0,0,0,0,0,0,1,0.69588,0.44099,-0.6304,0,0,0,0,0,10,0.12739,4.7826e-07,9999,1,615.23,5.3223,0.19125,0.69588,0.44099,-0.6304,6,0.022289,1.4836,-1,0.69388,0.73572,-1,-4.0104e-05,-0.30958,0,0,0,0,0,0,0,1
0,0,0,0,0,0,0,0,0.50537,0.8918,0.24575,-1,-0.98394,0.96319,-0.00039755,0,0,0,1.2278,-0.58625,-0.89673,-0.50141,0.7831,1.051,0.65333,0,0,0,0,0,0,0,0,0,0,0,0,0,0,0,0,0,0,0,0,0,0,0,0,0,0,0,0,0,0,0,0,0,0,0,0,0,0,0.015569,0.75507,1,0.85649,0,0,0,0,0,0,0,0,0,0,0,1
0,0,0,0,0,0,0,0,1.1768,0.59036,0.091588,1,-0.016472,0.0001665,1.3672e-06,4,0,0,0.89714,999,999,999,0.90839,0.88446,0.34668,0.69362,0.074452,1.2238e-06,9999,0,1,0,9.8633,0.11232,0,0,0,0,0,0,0,0,1,0.556,0.92331,-0.45269,0,0,0,0,0,10,0.074452,1.2238e-06,9999,1,0,9.8633,0.11232,0.556,0.92331,-0.45269,2,0.0027014,1.1768,1,0.99247,-0.45269,-1,-0.016472,-0.72506,0,0,0,0,0,0,0,0
0,0,0,0,0,0,0,0,0.9543,1.1134,-0.36434,-1,-0.014482,-0.00033656,-2.1856e-05,1,0,0,1.1697,-0.9543,0.87484,-0.17823,0.40747,0.97616,0.46958,0.86663,0.17978,7.0756e-07,9999,1,1,532.23,3.3691,0.26317,0,0,0,0,0,0,0,0,1,0.59801,0.88324,-0.93143,0,0,0,0,0,10,0.18014,4.2737e-07,9999,1,751.95,5.8105,0.16483,0.9543,0.87484,-0.49492,4,0.0017079,0.9543,-1,0.87484,0.80487,-1,-8.1127e-06,-0.29957,0,0,0,0,0,0,0,1
0,0,0,0,0,0,0,0,0.5931,0.89136,0.85582,1,-0.0050154,9.796e-05,4.2971e-05,2,1,0.49213,1.0467,999,999,999,0.58184,0.81136,0.56234,0.21567,0.13669,4.5158e-07,9999,1,1,722.66,5.5176,0.1782,0,0,0,0,0,0,0,0,1,999,999,999,0,0,0,0,0,10,0.20519,4.2295e-07,9999,-1,1064.5,6.8359,0.1622,0.5931,0.94855,-0.68826,-6,0.013626,0.72182,1,0.98898,0.98081,1,2.5536e-06,0.069954,0,0,0,0,0,0,0,1
0,0,0,0,0,0,0,0,0.60073,0,-0.85112,1,-0.00016381,0.00010466,3.3179e-06,1,0,0,0.48961,999,999,999,0.38873,0.57139,0.42704,0,0,0,0,0,0,0,0,0,0,0,0,0,0,0,0,0,0,0,0,0,0,0,0,0,0,0,0,0,0,0,0,0,0,0,0,0,0,0.013535,0.60073,1,0.98148,0,0,0,0,0,0,0,0,0,0,0,0
0.83967,0,0.47864,1,0,0,0,0,1.3766,0.7171,-0.91671,1,0.58683,-0.012279,0.00044518,1,0,0,1.4089,0.83967,-0.95035,-0.78921,2.0582,1.064,0.63037,0,0,0,0,0,0,0,0,0,0,0,0,0,0,0,0,0,0,0,0,0,0,0,0,0,0,0,0,0,0,0,0,0,0,0,0,0,0,0.0016703,1.3766,1,0.94059,0,0,0,0,0.83967,0,0.47864,1,1,0.0055774,0.95035,1
0,0,0,0,0,0,0,0,0.46531,0.93914,-0.57341,-1,-0.9661,-6.148e-06,4.4677e-06,1,0,0,0.55627,999,999,999,0.34439,0.35489,0.33026,0.97568,0.2467,4.4677e-06,9999,0,1,493.16,3.7109,0.33026,0,0,0,0,0,0,0,0,1,999,999,999,0,0,0,0,0,0,0,0,0,0,0,0,0,0,0,0,0,0,0,0,0,-0.75743,-1,-0.9661,-0.081199,0,0,0,0,0,0,0,0
0,0,0,0,0,0,0,0,0.78082,0.24084,-0.32402,1,-0.954,-0.00017533,0.00011786,3,0,0,0.96546,999,999,999,1.0143,0.13893,0.79207,0.67778,0.19628,6.0199e-07,9999,1,-1,458.98,4.1504,0.23649,0,0,0,0,0,0,0,0,1,999,999,999,0,0,0,0,0,0,0,0,0,0,0,0,0,0,0,0,0,0.0049172,0.78082,1,0.97971,0.59719,1,0.00011786,0.01704,0,0,0,0,0,0,0,1
0,0,0,0,0,0,0,0,0.81048,0.63253,0.39861,-1,-0.78887,-0.16848,0.051687,0,0,0,1.1817,-0.72341,0.40106,-0.61811,0.4273,1.1372,1.3198,0.60687,0.17091,5.3298e-07,9999,1,-1,541.99,4.5898,0.21381,0,0,0,0,0,0,0,0,1,999,999,999,0,0,0,0,0,0,0,0,0,0,0,0,0,0,0,0,0,0.01083,0.94873,1,0.56433,0.83428,1,2.3289e-05,0.060646,0,0,0,0,0,0,0,0
0,0,0,0,1.4822,0.27792,-0.98396,1,0.33761,0.22248,0.21373,1,0.99964,0.021957,-1.6304e-06,0,0,0,1.3474,1.4822,-0.9491,-0.29569,0.40645,1.3047,0.19231,0.33555,0.10432,1.6304e-06,9999,1,-1,0,4.0527,0.19231,0,0,0,0,0,0,0,0,1,1.4822,0.9491,-0.12945,0,0,0,0,0,10,0.10432,1.6304e-06,9999,-1,0,4.0527,0.19231,1.4822,0.9491,-0.12945,-2,0.0039355,1.4822,1,0.9491,0.36065,1,0.99964,0.40694,0,0,0,0,0,0,0,1
0,0,0,0,0,0,0,0,0.5438,0.52014,0.75937,-1,-0.99989,4.9784e-05,5.5568e-06,0,0,0,0.681,999,999,999,0.34571,0.59054,0.34701,0.94587,0.14361,3.9739e-07,9999,1,-1,839.84,7.7148,0.14572,0,0,0,0,0,0,0,0,1,999,999,999,0,0,0,0,0,0,0,0,0,0,0,0,0,0,0,0,0,0.029521,0.5438,-1,0.79784,-0.43634,1,5.5568e-06,0.77876,0,0,0,0,0,0,0,0
0,0,0,0,0,0,0,0,0.97127,0.7913,0.018625,-1,0.9909,-0.96437,0.96333,0,0,0,1.3092,999,999,999,0.50281,1.0075,0.80693,0,0,0,0,0,0,0,0,0,0,0,0,0,0,0,0,0,0,0,0,0,0,0,0,0,0,0,0,0,0,0,0,0,0,0,0,0,0,0.00025287,0.97127,-1,0.93531,0,0,0,0,0,0,0,0,0,0,0,1
0,0,0,0,1.8285,0.12502,-0.79017,-1,0.81441,0.60913,-0.55844,1,0.041539,-0.00063302,-7.4274e-05,2,0,0,1.8436,0.81441,-0.55802,-0.15186,1.0558,0.6553,2.2774,0,0,0,0,0,0,0,0,0,0,0,0,0,0,0,0,0,0,0,0,0,0,0,0,0,0,0,0,0,0,0,0,0,0,0,0,0,0,0.013739,1.8285,-1,0.86465,0,0,0,0,0,0,0,0,0,0,0,0
0,0,0,0,0,0,0,0,1.3289,0.5258,-0.85132,-1,-0.94948,-0.63637,0.00068731,1,0,0,1.5449,999,999,999,1.338,0.63063,0.39189,0,0,0,0,0,0,0,0,0,0,0,0,0,0,0,0,0,0,0,0,0,0,0,0,0,0,0,0,0,0,0,0,0,0,0,0,0,0,0.010098,1.3289,-1,0.93445,0,0,0,0,0,0,0,0,0,0,0,0
1.5527,0.54591,-0.30859,-1,1.7579,0.039516,-0.34166,1,0,0,0,0,0.41727,-0.0037141,0,0,0,0,1.5599,999,999,999,2.6514,1.0684,0,0,0,0,0,0,0,0,0,0,0,0,0,0,0,0,0,0,0,0,0,0,0,0,0,0,0,0,0,0,0,0,0,0,0,0,0,0,0,0.00039876,1.7579,1,0.96043,0,0,0,0,0,0,0,0,0,0,0,0
0,0,0,0,0,0,0,0,1.066,0.31112,-0.90758,-1,-0.00037093,4.0473e-06,1.241e-06,0,0,0,1.0377,999,999,999,1.0086,0.32276,0.12167,0.99791,0.060511,1.241e-06,9999,1,1,0,7.0312,0.12167,0,0,0,0,0,0,0,0,1,1.066,0.89075,-0.89968,0,0,0,0,0,10,0.060511,1.241e-06,9999,1,0,7.0312,0.12167,1.066,0.89075,-0.89968,2,0.0032578,1.066,-1,0.89075,-0.89968,-1,-0.00037093,-0.887,0,0,0,0,0,0,0,0
0,0,0,0,0,0,0,0,1.0049,0.20359,-0.1272,1,0.97054,0.96187,-0.06116,0,0,0,2.151,1.2485,0.98945,-0.81127,0.72221,1.7605,2.0946,0.84287,0.20253,6.3113e-06,9999,1,-1,0,3.418,0.33277,0,0,0,0,0,0,0,0,1,1.0049,0.71876,-0.97554,0,0,0,0,0,10,0.20253,6.3113e-06,9999,-1,0,3.418,0.33277,1.0049,0.71876,-0.97554,-8,0.0035683,1.6991,-1,0.82333,0.90922,1,0.96187,0.074493,0,0,0,0,0,0,0,1
0,0,0,0,0,0,0,0,0.65476,0.5831,0.83992,-1,0.79397,-0.003792,-0.00083133,1,0,0,0.77105,999,999,999,0.15142,0.97336,0.48342,0.59235,0.1128,1.5284e-06,9999,1,-1,0,6.8359,0.18074,0,0,0,0,0,0,0,0,1,999,999,999,0,0,0,0,0,0,0,0,0,0,0,0,0,0,0,0,0,0.026426,0.65476,-1,0.96899,-0.099758,1,0.79397,0.46017,0,0,0,0,0,0,0,1
1.8634,0.037973,-0.97133,1,0,0,0,0,0.23125,1.0771,0.036188,1,-0.00017528,6.9966e-05,-2.6534e-06,3,1,0.49876,1.6642,999,999,999,0.17256,2.568,0.4088,0.30614,0.23125,4.1213e-07,9999,0,1,654.3,3.125,0.15551,1,0,1.0642,-2.7891,-1.8424,0.050335,0.15971,0.082517,1,999,999,999,0,0,0,0,0,0,0,0,0,0,0,0,0,0,0,0,0,0.0057485,1.8634,1,0.91009,0.99272,-1,-0.00017528,-0.00022551,0,0,0,0,0,0,0,1
0,0,0,0,0,0,0,0,0.19634,2.3396,-0.98374,-1,0.98985,-0.080365,1.9258e-06,1,0,0,0.51588,999,999,999,0.22041,0.60285,0.26678,0.91777,0.19634,8.6508e-07,9999,1,-1,458.98,4.0527,0.2922,0,0,0,0,0,0,0,0,1,999,999,999,0,0,0,0,0,0,0,0,0,0,0,0,0,0,0,0,0,0,0,0,0,-0.93212,1,0.98985,0.32007,0,0,0,0,0,0,0,1
0,0,0,0,0,0,0,0,0.77535,1.1443,-0.72305,1,0.0061236,1.9414e-05,-1.2747e-05,2,0,0,0.8384,999,999,999,1.0875,0.5215,0.41587,0.89288,0.067761,1.2118e-06,9999,1,-1,0,9.4727,0.10084,1,0,0.66081,-0.17824,-2.7266,0.4741,0.21357,0.87373,1,999,999,999,0,0,0,0,0,10,0.20591,4.1239e-07,9999,-1,810.55,6.8359,0.15568,0.77535,0.95853,-0.060898,-6,0.023556,0.77535,1,0.95853,0.81225,1,0.0061236,0.77641,0,0,0,0,0,0,0,1
0,0,0,0,0,0,0,0,0.93493,1.4115,-0.19472,-1,-0.00011966,-0.00011132,7.4399e-07,0,0,0,0.97468,999,999,999,0.91363,0.66801,0.27081,0.97957,0.18111,7.4399e-07,9999,1,1,468.75,3.6621,0.27081,0,0,0,0,0,0,0,0,1,0.93493,0.77321,-0.66258,0,0,0,0,0,10,0.19763,4.0963e-07,9999,1,1074.2,7.1289,0.15391,0.93493,0.77321,-0.52728,5,0.016191,0.93493,-1,0.77321,0.9024,-1,-0.00011132,-0.77682,0,0,0,0,0,0,0,0
0,0,0,0,0,0,0,0,0.73252,0.50545,-0.70503,-1,-0.033389,0.00022584,0,0,0,0,0.64963,999,999,999,1.1051,0.7334,0,0,0,0,0,0,0,0,0,0,0,0,0,0,0,0,0,0,0,0,0,0,0,0,0,0,0,0,0,0,0,0,0,0,0,0,0,0,0,0.0054062,0.73252,-1,0.66955,0,0,0,0,0,0,0,0,0,0,0,0
0,0,0,0,0,0,0,0,0.68276,1.9713,-0.98845,1,-1,0.99921,0.94,2,1,0.49826,0.65717,999,999,999,0.18373,0.45313,0.4699,0.99335,0.21476,1.2273e-06,9999,0,-1,0,8.3008,0.11458,0,0,0,0,0,0,0,0,1,999,999,999,0,0,0,0,0,0,0,0,0,0,0,0,0,0,0,0,0,0.015293,0.68276,1,0.89937,0.90827,1,0.99921,0.58588,0,0,0,0,0,0,0,1
0,0,0,0,0,0,0,0,0.33934,0.14057,0.82599,-1,9.3767e-05,-1.5025e-05,0,0,0,0,0.66458,999,999,999,0.76385,0.39562,0,0,0,0,0,0,0,0,0,0,0,0,0,0,0,0,0,0,0,0,0,0,0,0,0,0,0,0,0,0,0,0,0,0,0,0,0,0,0,0.0089285,0.59236,1,0.84104,0,0,0,0,0,0,0,0,0,0,0,0
0,0,0,0,1.1401,0.093114,-0.70193,-1,0.69618,0.14062,0.12155,1,-0.041429,5.5104e-05,0,0,0,0,1.1734,999,999,999,1.5796,0.60418,0,0,0,0,0,0,0,0,0,0,0,0,0,0,0,0,0,0,0,0,0,0,0,0,0,0,0,0,0,0,0,0,0,0,0,0,0,0,0,0.0040327,1.1401,-1,0.99337,0,0,0,0,0,0,0,0,0,0,0,0
0,0,0,0,0,0,0,0,0.80344,0.65958,-0.91393,-1,-0.94772,-0.021145,1.6672e-05,2,1,0.50127,1.0296,999,999,999,1.0919,0.38458,0.44127,0,0,0,0,0,0,0,0,0,0,0,0,0,0,0,0,0,0,0,0,0,0,0,0,0,0,0,0,0,0,0,0,0,0,0,0,0,0,0.0056002,0.80344,-1,0.88299,0,0,0,0,0,0,0,0,0,0,0,1
0,0,0,0,0,0,0,0,0.90078,1.168,-0.82251,1,0.0017782,-0.00054504,-6.4438e-06,0,0,0,0.92962,999,999,999,0.65414,0.8819,0.35859,0.54365,0.20777,1.0217e-06,9999,1,-1,454.1,4.0039,0.31358,0,0,0,0,0,0,0,0,1,0.90078,0.54714,-0.079273,0,0,0,0,0,10,0.20777,1.0217e-06,9999,-1,454.1,4.0039,0.31358,0.90078,0.54714,-0.079273,-0,0.012885,0.90078,1,0.54714,-0.079273,1,0.0017782,0.002868,0,0,0,0,0,0,0,1
2.1677,0,-0.96272,1,0,0,0,0,0,0,0,0,7.0285e-05,-1.5636e-05,0,0,0,0,2.1933,999,999,999,2.4133,0.43499,0,0,0,0,0,0,0,0,0,0,0,0,0,0,0,0,0,0,0,0,0,0,0,0,0,0,0,0,0,0,0,0,0,0,0,0,0,0,0,0.0073929,2.1677,1,0.98424,0,0,0,0,0.4078,0.54383,-0.26058,-1,2,0.0038591,0.16503,1
0,0,0,0,0,0,0,0,1.0999,0.78877,-0.75189,-1,-0.0090872,0.0032247,5.9263e-05,2,1,0.49968,0.87861,999,999,999,0.67771,0.81065,0.62792,0.7198,0.09801,1.224e-06,9999,1,-1,0,21.094,0.073066,0,0,0,0,0,0,0,0,1,999,999,999,0,0,0,0,0,0,0,0,0,0,0,0,0,0,0,0,0,0.00085674,1.0999,-1,0.8314,0.010909,1,0.0032247,0.64218,0,0,0,0,0,0,0,1
0,0,0,0,0,0,0,0,1.8564,0.065183,-0.92919,1,0.018227,0.0063976,0.0056251,2,1,0.50156,1.7633,0.85203,-0.3666,-0.28359,2.77,0.52879,0.74976,0.38495,0.12725,5.1614e-07,9999,1,-1,551.76,4.6387,0.20738,0,1,0,0,0,0,0,0,1,999,999,999,0,0,0,0,0,0,0,0,0,0,0,0,0,0,0,0,0,0.0021673,1.8564,1,0.99582,0.52568,1,0.0056251,0.2505,0,0,0,0,0,0,0,1
0.7577,0.27376,-0.099036,-1,0,0,0,0,0.95348,0.27376,-0.91264,-1,0.99917,-0.99694,-0.014108,0,0,0,0.95467,999,999,999,0.45514,0.55284,0.86157,0,0,0,0,0,0,0,0,0,0,0,0,0,0,0,0,0,0,0,0,0,0,0,0,0,0,0,0,0,0,0,0,0,0,0,0,0,0,0.021328,0.95348,-1,0.84776,0,0,0,0,0.7577,0.27376,-0.099036,-1,1,0.035058,0.58354,0
0,0,0,0,0,0,0,0,0.54843,0.40529,0.85311,1,0.95133,0.0084377,0.00030464,3,0,0,0.79289,0.58288,0.87364,-0.80396,0.56266,0.65433,0.30421,0.47669,0.18629,0.00030464,9999,0,1,493.16,0,0.30421,0,0,0,0,0,0,0,0,1,999,999,999,0,0,0,0,0,0,0,0,0,0,0,0,0,0,0,0,0,0.012779,0.58288,1,0.87364,0,0,0,0,0,0,0,0,0,0,0,0
0,0,0,0,0,0,0,0,0.90002,0,-0.17509,1,0.08067,-0.042128,0.00053747,2,0,0,0.93249,0.90002,-0.95532,-0.57311,0.8711,1.0741,0.56749,0.28271,0.14221,3.8536e-07,9999,1,-1,693.36,4.8828,0.13708,0,0,0,0,0,0,0,0,1,999,999,999,0,0,0,0,0,0,0,0,0,0,0,0,0,0,0,0,0,0.012165,0.90002,1,0.95532,0.53271,1,0.00053747,0.12231,0,0,0,0,0,0,0,1
0,0,0,0,0,0,0,0,0.14906,0.44823,-0.13332,-1,0.00017856,1.5802e-06,-3.7933e-07,1,0,0,0.22708,999,999,999,0.18809,0.18688,0.13251,0.64784,0.14906,3.7933e-07,9999,1,-1,1044.9,8.3008,0.13251,0,0,0,0,0,0,0,0,1,999,999,999,0,0,0,0,0,0,0,0,0,0,0,0,0,0,0,0,0,0,0,0,0,0.65474,1,0.00017856,0.20764,0,0,0,0,0,0,0,0
0,0,0,0,0,0,0,0,0.9687,1.0695,-0.2804,1,0.00069725,5.2011e-06,-2.7339e-06,1,0,0,0.74011,999,999,999,0.69743,0.34189,0.29325,0.44593,0.16731,3.4566e-07,9999,0,-1,1269.5,11.426,0.10323,0,0,0,0,0,0,0,0,1,999,999,999,0,0,0,0,0,0,0,0,0,0,0,0,0,0,0,0,0,0.028668,0.9687,1,0.93698,0.69295,1,0.00069725,0.044197,0,0,0,0,0,0,0,0
0,0,0,0,0,0,0,0,1.8965,0,-0.83192,1,-0.025959,5.9538e-05,4.498e-07,2,0,0,1.9771,999,999,999,1.1553,1.898,0.17727,0.91567,0.11754,4.3178e-07,9999,0,-1,830.08,5.127,0.16739,0,0,0,0,0,0,0,0,1,1.8965,0.99225,-0.92854,0,0,0,0,0,10,0.11754,4.3178e-07,9999,-1,830.08,5.127,0.16739,1.8965,0.99225,-0.92854,-2,0.0094199,1.8965,1,0.99225,-0.92854,1,5.9538e-05,0.75927,0,0,0,0,0,0,0,1
1.5114,0.39798,0.28714,-1,0,0,0,0,1.4234,1.0917,-0.84803,-1,0.10277,-0.048941,-0.0063901,0,0,0,1.8268,999,999,999,1.1943,1.0975,1.7099,0.99959,0.19823,9.5446e-07,9999,1,1,463.87,3.4668,0.30508,0,0,0,0,0,0,0,0,1,1.5114,0.94694,-0.95571,0,0,0,0,0,10,0.23063,5.5438e-07,9999,-1,507.81,4.0527,0.22142,0.74008,0.89823,-0.44162,-5,0.0066792,1.5114,-1,0.94694,0.8971,-1,-0.0063901,-0.78098,0,0,0,0,0,0,0,0
0,0,0,0,0,0,0,0,0.43873,0.85127,0.64486,1,-0.99138,-0.75925,0.0039445,0,0,0,1.0594,999,999,999,0.20981,0.63307,0.65674,0,0,0,0,0,0,0,0,0,0,0,0,0,0,0,0,0,0,0,0,0,0,0,0,0,0,0,0,0,0,0,0,0,0,0,0,0,0,0.00075588,0.53827,1,0.94185,0,0,0,0,0,0,0,0,0,0,0,0
0,0,0,0,0.77592,0.27694,0.69911,1,0.75387,1.06,-0.93957,-1,0.08624,-3.2823e-05,2.2728e-05,1,0,0,0.88851,999,999,999,1.1208,0.52009,0.471,0.98345,0.11617,3.3351e-07,9999,0,-1,2480.5,18.164,0.090756,0,0,0,0,0,0,0,0,1,0.77592,0.93928,-0.95082,0,0,0,0,0,10,0.11617,3.3351e-07,9999,-1,2480.5,18.164,0.090756,0.77592,0.93928,-0.95082,-2,0.00024775,0.75387,-1,0.84706,-0.95082,1,0.08624,0.88052,0,0,0,0,0,0,0,1
0,0,0,0,0,0,0,0,0.50184,0.068635,0.84645,1,-0.98284,-0.0015766,4.0104e-05,0,0,0,1.0895,999,999,999,0.77079,0.79094,0.5506,0,0,0,0,0,0,0,0,0,0,0,0,0,0,0,0,0,0,0,0,0,0,0,0,0,0,0,0,0,0,0,0,0,0,0,0,0,0,0.024612,0.50184,1,0.24942,0,0,0,0,0,0,0,0,0,0,0,0
0,0,0,0,0,0,0,0,0.70538,0.69532,0.43325,1,0.48992,0.00010957,-9.4699e-06,1,0,0,0.85726,0.73912,-0.40288,-0.55451,1.204,0.69583,0.38992,0,0,0,0,0,0,0,0,0,0,0,0,0,0,0,0,0,0,0,0,0,0,0,0,0,0,0,0,0,0,0,0,0,0,0,0,0,0,0.0026602,0.73912,1,0.40288,0,0,0,0,0,0,0,0,0,0,0,0
1.769,0.16699,-0.92936,-1,0,0,0,0,0.34832,0.4636,0.77273,1,-0.99986,-0.017086,2.6096e-05,0,0,0,1.4654,999,999,999,0.37984,1.3617,0.49015,0,0,0,0,0,0,0,0,0,0,0,0,0,0,0,0,0,0,0,0,0,0,0,0,0,0,0,0,0,0,0,0,0,0,0,0,0,0,0.014843,1.769,-1,0.92524,0,0,0,0,0,0,0,0,0,0,0,0
0,0,0,0,0,0,0,0,0.57749,0.52452,0.69298,-1,0.99985,0.13234,-0.07098,3,1,0.50355,0.89545,999,999,999,0.31492,0.63245,0.91855,0.84082,0.22465,3.84e-07,9999,0,-1,1064.5,9.9609,0.13607,0,1,0,0,0,0,0,0,1,999,999,999,0,0,0,0,0,10,0.21942,1.531e-06,9999,1,473.63,3.2715,0.35839,0.63039,0.85165,-0.001844,9,0.010468,0.63039,-1,0.85165,0.12171,1,0.99985,0.013595,0,0,0,0,0,0,0,0
1.6309,0.039639,-0.76799,-1,0,0,0,0,0.32545,0.38055,0.92436,1,-0.00059912,-5.8844e-05,2.9575e-05,3,1,0.49575,1.6269,-1.6309,0.9809,-0.61011,0.51411,2.1117,0.48341,0,0,0,0,0,0,0,0,0,0,0,0,0,0,0,0,0,0,0,0,0,0,0,0,0,0,0,0,0,0,0,0,0,0,0,0,0,0,0.0046491,1.6309,-1,0.9809,0,0,0,0,0,0,0,0,0,0,0,0
0,0,0,0,0,0,0,0,1.2004,0.83284,0.34133,1,0.97302,0.026183,-3.1829e-05,1,0,0,1.4924,1.2004,0.99007,-0.95137,0.85946,1.5977,0.51573,0.91855,0.10346,1.2282e-06,9999,0,-1,0,3.1738,0.070497,0,0,0,0,0,0,0,0,1,1.2004,0.99007,-0.86051,0,0,0,0,0,10,0.10346,1.2282e-06,9999,-1,0,3.1738,0.070497,1.2004,0.99007,-0.86051,-21,0.0098689,1.2004,1,0.99007,0.83723,1,0.97302,0.77937,0,0,0,0,0,0,0,1
0,0,0,0,0,0,0,0,1.2376,0.37259,-0.58201,1,-0.95375,0.76161,0.00078298,0,0,0,0.94161,999,999,999,0.41856,2.0445,0.70516,0.072854,0.14728,5.9782e-07,9999,1,-1,566.41,3.7109,0.23526,0,0,0,0,0,0,0,0,1,1.2376,0.59215,-0.025329,0,0,0,0,0,10,0.2142,4.5171e-07,9999,-1,742.19,6.6406,0.17826,1.2376,0.59215,-0.32577,-0,0.008605,1.2376,1,0.59215,0.91051,1,0.00078298,0.047987,0,0,0,0,0,0,0,0
0,0,0,0,0,0,0,0,1.9741,0.10717,-0.28004,-1,-0.00040023,-6.0672e-05,9.6932e-07,0,0,0,1.6878,-0.57179,-0.95052,-0.90976,2.8965,0.59559,0.30704,0.21971,0.22118,9.6932e-07,9999,1,1,502.93,4.1016,0.30704,0,0,0,0,0,0,0,0,1,1.9741,0.9934,-0.16247,0,0,0,0,0,10,0.22118,9.6932e-07,9999,1,502.93,4.1016,0.30704,1.9741,0.9934,-0.16247,5,0.013197,1.9741,-1,0.9934,0.28958,-1,-6.0672e-05,-0.00034533,0,0,0,0,0,0,0,0
0,0,0,0,0,0,0,0,0.74502,0.25565,-0.90648,1,-0.00019855,6.7134e-05,6.0252e-06,1,0,0,0.75148,999,999,999,0.89195,0.66489,0.35331,0,0,0,0,0,0,0,0,0,0,0,0,0,0,0,0,0,0,0,0,0,0,0,0,0,0,0,0,0,0,0,0,0,0,0,0,0,0,0.014031,0.74502,1,0.68969,0,0,0,0,0,0,0,0,0,0,0,1
1.2651,0.060367,-0.57085,1,0,0,0,0,0.23115,0.060367,0.29131,-1,0.99976,0.0010571,-2.733e-06,0,0,0,0.83054,999,999,999,0.38609,0.87642,0.25885,0.58429,0.1562,2.733e-06,9999,1,-1,0,4.6387,0.25885,0,0,0,0,0,0,0,0,1,1.2651,0.84459,-0.092945,0,0,0,0,0,10,0.1562,2.733e-06,9999,-1,0,4.6387,0.25885,1.2651,0.84459,-0.092945,-2,0.0081166,1.2651,1,0.84459,0.30595,1,0.99976,0.12032,0,0,0,0,0,0,0,1
0,0,0,0,0,0,0,0,1.4012,1.2417,0.43654,-1,0.98907,-0.0027779,0,0,0,0,1.5549,999,999,999,0.69776,1.5747,0,0,0,0,0,0,0,0,0,0,0,0,0,0,0,0,0,0,0,0,0,0,0,0,0,0,0,0,0,0,0,0,0,0,0,0,0,0,0,0.001381,1.4012,-1,0.9295,0,0,0,0,0,0,0,0,0,0,0,1
0,0,0,0,0,0,0,0,0.55158,0.70766,-0.16196,-1,-0.00020374,-5.6087e-06,3.7859e-07,1,0,0,0.58245,999,999,999,0.72237,0.4666,0.13193,0.96746,0.18223,3.6157e-07,9999,1,1,468.75,9.7656,0.11792,0,0,0,0,0,0,0,0,1,0.55158,0.92475,-0.80688,0,0,0,0,0,10,0.10673,3.7859e-07,9999,1,986.33,8.5938,0.13193,0.55158,0.92475,-0.55401,0,0.0011921,0.55158,-1,0.92475,-0.80688,-1,-0.00020374,-0.71518,0,0,0,0,0,0,0,1
0,0,0,0,0.95278,1.6439,-0.91902,-1,0.44445,1.7448,-0.7791,1,-0.039407,7.0877e-05,5.8041e-05,0,0,0,0.99434,999,999,999,1.3659,0.67791,0.59381,0,0,0,0,0,0,0,0,0,0,0,0,0,0,0,0,0,0,0,0,0,0,0,0,0,0,0,0,0,0,0,0,0,0,0,0,0,0,0.0099453,0.95278,-1,0.69979,0,0,0,0,0,0,0,0,0,0,0,1
0,0,0,0,0,0,0,0,0.64461,0.85077,0.56533,1,0.9997,0.27596,-2.3932e-05,1,0,0,0.66667,999,999,999,0.39703,0.64095,0.47987,0.71259,0.24102,5.6954e-07,9999,1,-1,546.88,4.6875,0.22648,0,0,0,0,0,0,0,0,1,999,999,999,0,0,0,0,0,0,0,0,0,0,0,0,0,0,0,0,0,0.00036082,0.64461,1,0.78259,0.28308,1,0.9997,0.0005017,0,0,0,0,0,0,0,1
0,0,0,0,0.56024,0.61202,-0.26551,1,0.50818,0.94202,-0.69666,-1,-0.0020717,0.00017315,0,0,0,0,0.70053,999,999,999,0.67161,0.75879,0,0,0,0,0,0,0,0,0,0,0,0,0,0,0,0,0,0,0,0,0,0,0,0,0,0,0,0,0,0,0,0,0,0,0,0,0,0,0,0.0098123,0.56024,1,0.87106,0,0,0,0,0,0,0,0,0,0,0,0
1.8121,0,-0.97318,1,0,0,0,0,0.41111,0.76844,0.96625,-1,0.25817,0.00026186,-2.1593e-05,1,0,0,1.7414,999,999,999,0.82947,1.6815,0.46824,0.78519,0.055084,1.2094e-06,9999,0,-1,0,5.3711,0.094611,0,0,0,0,0,0,0,0,1,1.8121,0.95936,-0.72331,0,0,0,0,0,10,0.055084,1.2094e-06,9999,-1,0,5.3711,0.094611,1.8121,0.95936,-0.72331,-2,0.0054953,1.8121,1,0.95936,-0.32115,1,0.25817,0.76285,0,0,0,0,0,0,0,1
0,0,0,0,0,0,0,0,0.89425,0.59876,-0.55717,1,0.019165,-0.0020006,5.2529e-07,0,0,0,1.0677,999,999,999,1.1758,0.66781,0.21092,0,0,0,0,0,0,0,0,0,0,0,0,0,0,0,0,0,0,0,0,0,0,0,0,0,0,0,0,0,0,0,0,0,0,0,0,0,0,0.0062727,0.89425,1,0.98757,0,0,0,0,0,0,0,0,0,0,0,1
0,0,0,0,0,0,0,0,0.5326,0.86196,-0.6407,-1,0.14403,0.0045898,-0.00026967,0,0,0,1.2491,999,999,999,0.69178,0.62868,0.88342,0,0,0,0,0,0,0,0,0,0,0,0,0,0,0,0,0,0,0,0,0,0,0,0,0,0,0,0,0,0,0,0,0,0,0,0,0,0,2.3091e-05,0.68048,-1,0.90568,0,0,0,0,0,0,0,0,0,0,0,1
0,0,0,0,0,0,0,0,0.73675,0.89835,-0.53074,-1,-0.97833,-0.030749,4.3014e-05,1,0,0,1.0232,999,999,999,0.79254,0.99058,0.56245,0.78527,0.1174,1.2391e-06,9999,1,-1,0,16.016,0.1208,0,0,0,0,0,0,0,0,1,999,999,999,0,0,0,0,0,10,0.17233,5.9731e-07,9999,1,522.46,4.3457,0.23511,0.64719,0.78023,-0.93914,5,0.010432,0.73675,-1,0.46283,-0.93914,-1,-0.97833,-0.42123,0,0,0,0,0,0,0,0
0,0,0,0,0,0,0,0,1.415,0.19559,0.10088,1,0.039631,-0.02422,0.0076513,2,1,0.49409,1.6941,1.415,-0.80184,-0.47383,1.1469,1.2042,1.1673,0,0,0,0,0,0,0,0,0,0,0,0,0,0,0,0,0,0,0,0,0,0,0,0,0,0,0,0,0,0,0,0,0,0,0,0,0,0,0.0032874,1.415,1,0.80184,0,0,0,0,0,0,0,0,0,0,0,0
2.0995,1.1219,-0.99571,-1,0,0,0,0,0.58442,0.65414,0.32818,-1,-0.0090403,-0.00017791,-7.3255e-05,1,0,0,2.1756,-2.0995,-0.9646,-0.38068,0.8855,0.18569,2.2265,0.97274,0.10882,4.2256e-07,9999,0,1,556.64,6.1523,0.16197,0,0,0,0,0,0,0,0,1,2.0995,0.9646,-0.99816,0,0,0,0,0,10,0.10882,4.2256e-07,9999,1,556.64,6.1523,0.16197,2.0995,0.9646,-0.99816,2,0.010202,2.0995,-1,0.9646,0.436,-1,-0.0090403,-0.86276,0,0,0,0,0,0,0,0
0,0,0,0,0,0,0,0,1.1839,0.11595,0.493,-1,-0.99497,0.019807,-0.0096353,0,1,0.50239,1.9248,-1.1839,0.95556,-0.95,0.60551,1.8131,1.4102,0.94246,0.17652,5.5021e-07,9999,1,1,610.35,4.4434,0.21998,0,1,0,0,0,0,0,0,1,1.1839,0.95556,-0.80208,0,0,0,0,0,10,0.17652,5.5021e-07,9999,1,610.35,4.4434,0.21998,1.1839,0.95556,-0.80208,2,0.011064,1.4638,1,0.86632,0.85114,-1,-0.99497,-0.63274,0,0,0,0,0,0,0,0
0,0,0,0,0,0,0,0,1.0088,0.62484,-0.74861,-1,-0.96088,1.8624e-06,-3.8548e-07,0,0,0,1.0483,999,999,999,1.1551,0.26422,0.13718,0.78846,0.0999,3.8548e-07,9999,1,-1,849.61,8.3008,0.13718,0,0,0,0,0,0,0,0,1,999,999,999,0,0,0,0,0,0,0,0,0,0,0,0,0,0,0,0,0,0.00038222,1.0088,-1,0.98513,0.66576,-1,-0.96088,-0.0014695,0,0,0,0,0,0,0,0
0,0,0,0,0,0,0,0,0.86277,0.25909,0.092001,-1,0.96713,-0.022568,0.00014514,0,0,0,1.1154,0.65251,0.63349,-0.94821,0.63661,1.3157,0.72261,0,0,0,0,0,0,0,0,0,0,0,0,0,0,0,0,0,0,0,0,0,0,0,0,0,0,0,0,0,0,0,0,0,0,0,0,0,0,0.013352,0.86277,-1,0.97537,0,0,0,0,0,0,0,0,0,0,0,1
1.0199,0,0.73055,1,0,0,0,0,0.15067,1.0199,-0.99788,1,0.00032052,-1.2312e-06,-1.2224e-06,2,0,0,0.85431,999,999,999,1.4957,0.068845,0.074189,0.99832,0.1011,1.2312e-06,9999,1,-1,0,23.242,0.068845,0,0,0,0,0,0,0,0,1,1.0199,0.95824,-0.95866,0,0,0,0,0,10,0.097293,1.2224e-06,9999,-1,0,20.703,0.074189,1.0199,0.95824,-0.57106,-0,0.0025689,1.0199,1,0.95824,0.9112,-1,-1.2312e-06,-0.66585,0,0,0,0,0,0,0,1
0,0,0,0,0,0,0,0,0.45063,0.11135,-0.11868,1,-0.99987,6.5156e-05,4.5946e-05,2,0,0,0.57746,999,999,999,0.35583,0.6294,0.57462,0.6575,0.16923,4.2954e-07,9999,1,1,742.19,14.258,0.16603,0,0,0,0,0,0,0,0,1,999,999,999,0,0,0,0,0,0,0,0,0,0,0,0,0,0,0,0,0,0.06569,0.55182,-1,0.54903,0.28372,-1,-0.99987,-0.087438,0,0,0,0,0,0,0,0
0,0,0,0,0,0,0,0,1.0966,0.87922,-0.94281,-1,-0.90119,0.04718,7.5135e-06,0,0,0,1.4358,999,999,999,1.5773,1.5252,0.37084,0,0,0,0,0,0,0,0,0,0,0,0,0,0,0,0,0,0,0,0,0,0,0,0,0,0,0,0,0,0,0,0,0,0,0,0,0,0,0.0061054,1.0966,-1,0.74856,0,0,0,0,0,0,0,0,0,0,0,0
0,0,0,0,0,0,0,0,0.52925,0.32452,0.97707,-1,-0.96105,0.87913,0.51924,1,0,0,0.90727,-0.52925,-0.98412,-0.44749,1.1943,0.73694,1.376,0.29671,0.1282,4.7957e-07,9999,1,-1,610.35,5.6641,0.19185,0,0,0,0,0,0,0,0,1,0.80347,0.9126,-0.1026,0,0,0,0,0,10,0.1282,4.7957e-07,9999,-1,610.35,5.6641,0.19185,0.80347,0.9126,-0.1026,-4,0.0067811,0.7817,-1,0.59229,0.1689,1,0.87913,0.22144,0,0,0,0,0,0,0,1
0,0,0,0,0,0,0,0,0.28998,1.235,-0.61576,-1,0.00042821,-9.454e-05,-7.1957e-06,0,0,0,0.7513,999,999,999,0.56845,0.74091,0.3428,0.96581,0.2024,7.1957e-06,9999,1,-1,0,3.2715,0.3428,0,0,0,0,0,0,0,0,1,0.59302,0.77997,-0.91518,0,0,0,0,0,10,0.2024,7.1957e-06,9999,-1,0,3.2715,0.3428,0.59302,0.77997,-0.91518,-9,0.02651,0.53107,-1,0.58788,-0.54657,1,0.00042821,0.53025,0,0,0,0,0,0,0,1
1.2707,0.5388,-0.98852,1,0,0,0,0,0.12369,0.30474,0.85918,-1,5.2391e-05,-3.4457e-07,0,0,0,0,1.1439,999,999,999,1.7419,0.10216,0,0.95799,0.12369,3.4457e-07,9999,1,-1,1914.1,10.645,0.10216,0,0,0,0,0,0,0,0,1,1.2707,0.99504,-0.92587,0,0,0,0,0,10,0.12369,3.4457e-07,9999,-1,1914.1,10.645,0.10216,1.2707,0.99504,-0.92587,-2,0.023998,1.2707,1,0.99504,-0.92587,1,5.2391e-05,0.83112,0,0,0,0,0,0,0,1
0,0,0,0,0,0,0,0,0.59161,0.30642,-0.34882,1,8.0072e-06,0,0,0,0,0,0.2587,999,999,999,0.37601,0,0,0,0,0,0,0,0,0,0,0,0,0,0,0,0,0,0,0,0,0,0,0,0,0,0,0,0,0,0,0,0,0,0,0,0,0,0,0,0,0.022807,0.59161,1,0.78277,0,0,0,0,0,0,0,0,0,0,0,0
0,0,0,0,0,0,0,0,1.0437,0.82083,-0.014937,-1,-0.99678,-0.077762,5.195e-05,0,0,0,1.2528,-1.0437,0.74372,-0.80475,0.54866,1.4833,0.59965,0,0,0,0,0,0,0,0,0,0,0,0,0,0,0,0,0,0,0,0,0,0,0,0,0,0,0,0,0,0,0,0,0,0,0,0,0,0,0.0062312,1.0437,-1,0.74372,0,0,0,0,0,0,0,0,0,0,0,0
0,0,0,0,0,0,0,0,0.11549,1.5327,-0.75486,1,-0.99982,-0.0054643,0.0006492,3,1,0.50238,0.6404,999,999,999,0.32051,0.56971,0.4249,0.65989,0.097477,3.9625e-07,9999,1,1,1201.2,6.9336,0.14493,0,0,0,0,0,0,0,0,1,999,999,999,0,0,0,0,0,10,0.11549,1.9201e-06,9999,1,0,2.7832,0.21705,0.58263,0.92733,-0.71313,2,0.024408,0.58263,-1,0.92733,0.51804,-1,-0.99982,-0.61436,0,0,0,0,0,0,0,0
0,0,0,0,0,0,0,0,0.46009,0.14359,-0.80971,-1,-0.99953,-0.00082291,-0.0006183,6,0,0,0.71869,999,999,999,0.37577,0.59544,0.36289,0.43339,0.093983,1.3167e-06,9999,0,-1,0,6.0547,0.041248,0,0,0,0,0,0,0,0,1,999,999,999,0,0,0,0,0,0,0,0,0,0,0,0,0,0,0,0,0,0.01949,0.55557,1,0.94633,0.9934,1,1.2182e-06,0.50711,0,0,0,0,0,0,0,0
0,0,0,0,1.0524,0.10253,-0.77234,-1,0.11447,0.10253,-0.28936,1,-0.023048,5.0739e-07,0,0,0,0,1.0388,999,999,999,1.115,0.20387,0,0.36874,0.11447,5.0739e-07,9999,1,1,742.19,5.127,0.20387,0,0,0,0,0,0,0,0,1,1.0524,0.72097,-0.37809,0,0,0,0,0,10,0.11447,5.0739e-07,9999,1,742.19,5.127,0.20387,1.0524,0.72097,-0.37809,2,0.011821,1.0524,-1,0.72097,-0.37809,-1,-0.023048,-0.34192,0,0,0,0,0,0,0,0
0,0,0,0,0,0,0,0,1.9051,0.39518,-0.88168,1,0.96888,0.96871,-0.06422,0,0,0,1.9166,0.73102,0.97999,-0.96805,1.6272,1.021,1.818,0,0,0,0,0,0,0,0,0,0,0,0,0,0,0,0,0,0,0,0,0,0,0,0,0,0,0,0,0,0,0,0,0,0,0,0,0,0,0.0020611,1.9051,1,0.9224,0,0,0,0,0,0,0,0,0,0,0,1
0,0,0,0,0,0,0,0,0.56836,0.43496,-0.73928,-1,0.76356,-0.030396,0.00017796,4,0,0,0.69974,999,999,999,0.11894,0.75029,0.18591,0.85936,0.18782,0.00017796,9999,0,1,664.06,0,0.18591,0,0,0,0,0,0,0,0,1,0.56836,0.86994,-0.56695,0,0,0,0,0,10,0.20999,1.5087e-06,9999,1,0,6.3477,0.17822,0.56836,0.86994,-0.58875,22,0.021033,0.56836,-1,0.86994,0.99443,-1,-0.030396,-0.057237,0,0,0,0,0,0,0,1
0,0,0,0,0,0,0,0,0.4536,0.34474,0.75205,1,0.99431,-0.0014424,3.8953e-07,0,0,0,0.74167,999,999,999,0.60808,0.64306,0.14015,0.64965,0.22435,3.8953e-07,9999,1,1,878.91,7.6172,0.14015,0,0,0,0,0,0,0,0,1,0.57966,0.67929,-0.48085,0,0,0,0,0,10,0.22435,3.8953e-07,9999,1,878.91,7.6172,0.14015,0.57966,0.67929,-0.48085,6,0.0025191,0.57966,-1,0.67929,-0.48085,-1,-0.0014424,-0.0012624,0,0,0,0,0,0,0,1
0,0,0,0,0,0,0,0,1.0529,1.0313,-0.2955,1,-0.73707,0.6169,0,0,0,0,1.1485,999,999,999,0.76952,0.85581,0,0,0,0,0,0,0,0,0,0,0,0,0,0,0,0,0,0,0,0,0,0,0,0,0,0,0,0,0,0,0,0,0,0,0,0,0,0,0,0.0057369,1.0529,1,0.9253,0,0,0,0,0,0,0,0,0,0,0,1
0,0,0,0,0,0,0,0,0.54596,1.2451,-0.76774,-1,0.98362,-0.00019089,0.00017204,0,0,0,1.0495,999,999,999,0.5477,0.64344,0.70531,0,0,0,0,0,0,0,0,0,0,0,0,0,0,0,0,0,0,0,0,0,0,0,0,0,0,0,0,0,0,0,0,0,0,0,0,0,0,0.015017,0.81085,-1,0.59524,0,0,0,0,0,0,0,0,0,0,0,1
0,0,0,0,0,0,0,0,0.89262,0.94532,-0.36651,-1,0.9664,-0.38611,-4.7054e-05,2,1,0.5015,0.91597,999,999,999,1.4123,1.1735,0.5772,0.99082,0.23135,3.8472e-07,9999,0,1,551.76,4.0039,0.1366,0,0,0,0,0,0,0,0,1,0.73747,0.88188,-0.9273,0,0,0,0,0,10,0.15412,5.5156e-07,9999,1,625,3.5156,0.22045,0.89262,0.97446,-0.09434,4,0.018625,0.89262,-1,0.97446,0.71724,-1,-0.38611,-0.068829,0,0,0,0,0,0,0,0
0,0,0,0,0,0,0,0,2.0776,0.19131,-0.97658,-1,-0.11155,8.9339e-05,0,0,0,0,1.8152,999,999,999,1.7345,0.76655,0,0,0,0,0,0,0,0,0,0,0,0,0,0,0,0,0,0,0,0,0,0,0,0,0,0,0,0,0,0,0,0,0,0,0,0,0,0,0,0.0050531,2.0776,-1,0.98496,0,0,0,0,0,0,0,0,0,0,0,0
1.8456,0.33725,-0.22896,1,0,0,0,0,0.60745,0.85021,0.80415,1,0.97255,7.5746e-05,-4.5353e-05,0,0,0,2.3087,1.8456,-0.96176,-0.5966,0.96433,1.6526,1.8984,0.748,0.21821,1.2729e-06,9999,1,1,541.99,4.6387,0.23455,0,0,0,0,0,0,0,0,1,999,999,999,0,0,0,0,0,10,0.2313,7.8316e-06,9999,-1,0,4.1016,0.34915,1.8456,0.96176,-0.88752,-4,0.010075,1.8456,1,0.96176,0.89704,1,0.97255,0.0014751,0,0,0,0,0,0,0,1
1.0705,0.17386,-0.70702,-1,0,0,0,0,0.3289,0.29521,-0.90696,1,-0.047887,-0.0043314,1.0644e-05,0,0,0,1.1508,999,999,999,1.1071,0.35922,0.3999,0,0,0,0,0,0,0,0,0,0,0,0,0,0,0,0,0,0,0,0,0,0,0,0,0,0,0,0,0,0,0,0,0,0,0,0,0,0,0.0038903,1.0705,-1,0.95708,0,0,0,0,0,0,0,0,0,0,0,0
0.47568,0.74708,-0.30433,-1,0,0,0,0,0.6942,0.28708,-0.0087156,1,-0.041955,-0.00036204,3.4186e-05,1,1,0.50151,0.71589,999,999,999,0.695,0.55142,0.52588,0.57313,0.064528,1.2602e-06,9999,1,-1,0,7.5195,0.12932,0,0,0,0,0,0,0,0,1,0.6942,0.96249,-0.36029,0,0,0,0,0,10,0.064528,1.2602e-06,9999,-1,0,7.5195,0.12932,0.6942,0.96249,-0.36029,-2,0.003621,0.6942,1,0.96249,0.81396,1,9.562e-06,0.74345,0.47568,0.74708,-0.30433,-1,1,0.011457,0.58332,1
0,0,0,0,0,0,0,0,1.5255,1.1559,-0.59458,1,0.30436,0.099672,-0.00051136,0,0,0,1.3659,999,999,999,2.2698,1.2281,0.28886,0.41764,0.16419,1.2093e-06,9999,1,-1,0,15.625,0.091966,0,0,0,0,0,0,0,0,1,1.5255,0.9628,-0.2459,0,0,0,0,0,10,0.16419,1.2093e-06,9999,-1,0,15.625,0.091966,1.5255,0.9628,-0.2459,-6,0.0053875,1.5255,1,0.9628,-0.81407,1,0.099672,0.049931,0,0,0,0,0,0,0,1
0,0,0,0,1.1142,1.1114,-0.78087,-1,0.68032,0.76594,0.97968,1,0.77526,-0.053518,-0.00025833,1,0,0,1.0015,999,999,999,1.0999,1.1334,0.87802,0.7741,0.13645,4.9079e-07,9999,1,-1,654.3,4.7852,0.19687,0,0,0,0,0,0,0,0,1,999,999,999,0,0,0,0,0,0,0,0,0,0,0,0,0,0,0,0,0,0.010741,1.1142,-1,0.95913,0.51191,1,0.77526,0.46735,0,0,0,0,0,0,0,1
0.81282,0.98458,0.28514,-1,0,0,0,0,1.0885,0.97774,-0.86944,1,-0.15886,0.00017611,-1.0847e-05,2,1,0.49787,1.0392,-0.56312,-0.9993,-0.99144,1.269,0.8269,0.40154,0.81049,0.09977,1.2177e-06,9999,1,1,0,30.078,0.077822,0,0,0,0,0,0,0,0,1,0.81282,0.98597,-0.70136,0,0,0,0,0,10,0.09977,1.2177e-06,9999,1,0,30.078,0.077822,0.81282,0.98597,-0.70136,2,0.0077118,1.0885,1,0.76694,-0.70136,-1,-0.15886,-0.68279,0.81282,0.98458,0.28514,-1,1,0.043967,0.98597,0
0,0,0,0,0,0,0,0,0.43283,0.62857,0.91044,1,-5.0287e-05,2.9443e-05,-6.4318e-07,0,0,0,0.61561,999,999,999,0.59023,0.50535,0.24784,0.53913,0.15464,6.4318e-07,9999,1,-1,761.72,4.4922,0.24784,0,0,0,0,0,0,0,0,1,999,999,999,0,0,0,0,0,0,0,0,0,0,0,0,0,0,0,0,0,0,0,0,0,0.62852,-1,-5.0287e-05,-0.000699,0,0,0,0,0,0,0,1
0,0,0,0,0,0,0,0,0.39998,0.3823,0.51838,1,-0.9999,-0.9997,7.6977e-05,0,0,0,0.74975,999,999,999,0.34163,0.35321,0.69317,0.77038,0.20222,1.2143e-06,9999,0,1,0,9.4727,0.10425,0,0,0,0,0,0,0,0,1,999,999,999,0,0,0,0,0,0,0,0,0,0,0,0,0,0,0,0,0,0,0,0,0,0.24447,-1,-0.9997,-0.028073,0,0,0,0,0,0,0,0
0,0,0,0,1.3601,0,-0.21943,-1,0.16329,0.29866,0.38633,1,-0.00050189,7.7449e-07,0,0,0,0,1.3624,999,999,999,1.5833,0.27672,0,0.42636,0.16329,7.7449e-07,9999,1,1,493.16,3.8574,0.27672,0,0,0,0,0,0,0,0,1,1.3601,0.97747,-0.49752,0,0,0,0,0,10,0.16329,7.7449e-07,9999,1,493.16,3.8574,0.27672,1.3601,0.97747,-0.49752,5,0.0034159,1.3601,-1,0.97747,-0.49752,-1,-0.00050189,-0.053947,0,0,0,0,0,0,0,0
0,0,0,0,0,0,0,0,1.3366,1.4975,-0.99749,-1,-0.052891,-0.00075035,-4.954e-06,0,0,0,1.5586,999,999,999,1.4581,0.67817,0.33815,0.94577,0.16336,5.6916e-07,9999,1,1,561.52,5.3711,0.22636,0,0,0,0,0,0,0,0,1,1.3366,0.92576,-0.99121,0,0,0,0,0,10,0.16336,5.6916e-07,9999,1,561.52,5.3711,0.22636,1.3366,0.92576,-0.99121,2,0.0072988,1.3366,-1,0.92576,0.80303,-1,-4.954e-06,-0.71884,0,0,0,0,0,0,0,0
0.95878,0.51046,-0.97448,-1,0,0,0,0,0.2602,0.51398,-0.1076,1,-0.079507,3.6181e-06,0,0,0,0,0.59017,999,999,999,0.65479,0.3143,0,0,0,0,0,0,0,0,0,0,0,0,0,0,0,0,0,0,0,0,0,0,0,0,0,0,0,0,0,0,0,0,0,0,0,0,0,0,0,0.011314,0.95878,-1,0.89766,0,0,0,0,0.95878,0.51046,-0.97448,-1,1,0.011314,0.89766,1
0,0,0,0,0,0,0,0,1.5691,0.90597,-0.4805,-1,-0.17143,0.061493,1.0296e-05,1,1,0.49813,1.8566,999,999,999,1.3993,1.3085,0.50874,0.46101,0.12606,1.2677e-06,9999,0,-1,0,26.562,0.054241,0,0,0,0,0,0,0,0,1,1.2175,0.94932,-0.23003,0,0,0,0,0,10,0.12606,1.2677e-06,9999,-1,0,26.562,0.054241,1.2175,0.94932,-0.23003,-6,0.012875,1.5691,-1,0.92935,-0.23003,1,0.061493,0.28074,0,0,0,0,0,0,0,0
0,0,0,0,0,0,0,0,0.94198,0.16889,0.26257,-1,-0.40032,0.00038776,-0.00019899,0,0,0,1.5276,-1.1915,-0.67393,-0.10825,1.5202,0.91611,1.6306,0.57821,0.16905,4.9964e-07,9999,1,1,507.81,6.0547,0.20066,0,0,0,0,0,0,0,0,1,999,999,999,0,0,0,0,0,0,0,0,0,0,0,0,0,0,0,0,0,0.022087,1.1915,-1,0.67393,0.16704,-1,-0.40032,-0.05967,0,0,0,0,0,0,0,0
0,0,0,0,0,0,0,0,1.088,0,0.1604,-1,-0.94996,1.8008e-06,0,0,0,0,1.1193,999,999,999,1.2417,0.37402,0,0,0,0,0,0,0,0,0,0,0,0,0,0,0,0,0,0,0,0,0,0,0,0,0,0,0,0,0,0,0,0,0,0,0,0,0,0,0,0.0092817,1.088,-1,0.92225,0,0,0,0,0,0,0,0,0,0,0,0
0,0,0,0,0,0,0,0,0.45224,1.0106,-0.88882,-1,0.010443,-5.8039e-05,2.4201e-05,0,0,0,0.8938,999,999,999,0.90893,0.61335,0.48094,0.93608,0.13261,4.4224e-07,9999,1,1,722.66,7.5195,0.17323,0,0,0,0,0,0,0,0,1,999,999,999,0,0,0,0,0,0,0,0,0,0,0,0,0,0,0,0,0,0.012679,0.56201,-1,0.47213,0.91862,-1,-5.8039e-05,-0.77556,0,0,0,0,0,0,0,0
0,0,0,0,1.2016,0.11221,-0.26922,-1,0.18048,0,-0.43533,1,-0.025945,3.9486e-07,0,0,0,0,0.99045,999,999,999,1.7695,0.14396,0,0.94226,0.18048,3.9486e-07,9999,1,1,791.02,7.9102,0.14396,0,0,0,0,0,0,0,0,1,1.2016,0.90574,-0.74934,0,0,0,0,0,10,0.18048,3.9486e-07,9999,1,791.02,7.9102,0.14396,1.2016,0.90574,-0.74934,2,0.00057313,1.2016,-1,0.90574,-0.74934,-1,-0.025945,-0.60252,0,0,0,0,0,0,0,0
0,0,0,0,0,0,0,0,1.3589,1.03,-0.74199,-1,-0.96761,-0.45723,1.5208e-05,0,0,0,1.7692,-1.3589,0.97038,-0.80992,1.3297,2.0421,0.42931,0,0,0,0,0,0,0,0,0,0,0,0,0,0,0,0,0,0,0,0,0,0,0,0,0,0,0,0,0,0,0,0,0,0,0,0,0,0,0.015774,1.5424,-1,0.9124,0,0,0,0,0,0,0,0,0,0,0,0
0,0,0,0,0,0,0,0,1.0398,0.98863,-0.57761,1,0.99341,0.47876,0.063358,0,0,0,1.3932,1.0398,0.55034,-0.6471,0.62824,1.5785,1.32,0.99507,0.21572,5.3031e-07,9999,1,-1,581.05,4.5898,0.21282,0,0,0,0,0,0,0,0,1,1.0398,0.55034,-0.59754,0,0,0,0,0,10,0.21572,5.3031e-07,9999,-1,581.05,4.5898,0.21282,1.0398,0.55034,-0.59754,-0,0.025047,1.0398,1,0.55034,-0.48334,1,0.47876,0.58745,0,0,0,0,0,0,0,1
0,0,0,0,0,0,0,0,1.3405,0.78344,-0.68341,-1,-0.9999,-0.0073608,3.2623e-05,0,0,0,1.3897,999,999,999,0.34373,1.9134,0.51921,0.53071,0.2296,5.8147e-07,9999,1,-1,590.82,4.4434,0.23028,0,0,0,0,0,0,0,0,1,999,999,999,0,0,0,0,0,0,0,0,0,0,0,0,0,0,0,0,0,0.00043783,1.3405,-1,0.98949,0.83368,1,2.37e-06,0.00042949,0,0,0,0,0,0,0,0
0,0,0,0,0,0,0,0,0.2896,0.10538,0.4267,1,-0.00017604,4.8298e-07,0,1,1,0.49564,0.17311,999,999,999,0.17724,0.1934,0,0,0,0,0,0,0,0,0,0,0,0,0,0,0,0,0,0,0,0,0,0,0,0,0,0,0,0,0,0,0,0,0,0,0,0,0,0,0,0,0,0,0,0,0,0,0,0,0,0,0,0,0,0,1
1.6723,0.47204,-0.85826,1,0,0,0,0,0.6846,0.28833,-0.00019032,1,0.9634,0.00011499,-3.6936e-05,0,0,0,1.8608,1.6723,0.88982,-0.51301,0.59365,1.744,0.53746,0,0,0,0,0,0,0,0,0,0,0,0,0,0,0,0,0,0,0,0,0,0,0,0,0,0,0,0,0,0,0,0,0,0,0,0,0,0,4.7162e-05,1.6723,1,0.88982,0,0,0,0,0,0,0,0,0,0,0,1
0,0,0,0,0,0,0,0,0.92226,0.93066,-0.69424,1,0.99999,-0.87544,0.024259,0,0,0,1.008,999,999,999,0.22472,0.51369,1.3045,0.74204,0.12085,3.5252e-07,9999,1,1,1328.1,11.816,0.10978,0,0,0,0,0,0,0,0,1,999,999,999,0,0,0,0,0,10,0.22009,6.7514e-07,9999,-1,585.94,5.2734,0.25578,0.92226,0.59393,-0.24214,-6,0.011741,0.92226,1,0.59393,0.26896,-1,-0.87544,-0.53474,0,0,0,0,0,0,0,0
0,0,0,0,0,0,0,0,0.29638,1.4523,-0.58316,1,0.99996,0.065731,0.00061089,1,0,0,0.79157,0.61429,0.96321,-0.44727,0.28645,0.92049,0.38066,0,0,0,0,0,0,0,0,0,0,0,0,0,0,0,0,0,0,0,0,0,0,0,0,0,0,0,0,0,0,0,0,0,0,0,0,0,0,0.0085679,0.61429,1,0.96321,0,0,0,0,0,0,0,0,0,0,0,1
0,0,0,0,0,0,0,0,0.9015,1.0807,-0.16352,-1,0.84746,0.10651,-0.013896,0,1,0.50052,1.2261,0.80044,0.98685,-0.25641,0.20492,1.0965,0.85493,0.39937,0.21132,1.462e-06,9999,0,1,498.05,3.7109,0.35368,0,1,0,0,0,0,0,0,1,0.9015,0.9769,-0.21273,0,0,0,0,0,10,0.21132,1.462e-06,9999,1,498.05,3.7109,0.35368,0.9015,0.9769,-0.21273,9,0.00032534,0.9015,-1,0.9769,0.53236,-1,-6.2857e-06,-0.00054695,0,0,0,0,0,0,0,1
0,0,0,0,0,0,0,0,0.93384,0.25619,-0.034232,1,0.98121,0.3794,0.00027664,0,0,0,1.0535,0.93384,-0.90694,-0.94266,0.77807,0.85603,0.5279,0.36472,0.13461,3.6581e-07,9999,1,-1,1181.6,9.5703,0.12156,0,0,0,0,0,0,0,0,1,0.53228,0.98139,-0.41445,0,0,0,0,0,10,0.21483,4.2844e-07,9999,-1,703.12,5.2246,0.16546,0.53228,0.98139,-0.73345,-5,0.017669,0.93384,1,0.90694,0.86888,1,0.98121,0.047345,0,0,0,0,0,0,0,1
0,0,0,0,0,0,0,0,0.37239,0,-0.02193,-1,0.00012596,6.5628e-05,-3.8272e-05,0,0,0,0.79136,999,999,999,0.76657,0.60396,0.59604,0,0,0,0,0,0,0,0,0,0,0,0,0,0,0,0,0,0,0,0,0,0,0,0,0,0,0,0,0,0,0,0,0,0,0,0,0,0,0.028676,0.51109,1,0.66054,0,0,0,0,0,0,0,0,0,0,0,0
1.432,0.82615,0.27047,-1,0,0,0,0,1.3607,1.6976,-0.57588,-1,-0.90355,-0.00025572,6.5582e-05,0,0,0,2.0748,-1.432,-0.9805,-0.93005,1.6463,1.583,0.65777,0.53009,0.16632,4.2619e-07,9999,1,1,712.89,6.3477,0.16414,0,0,0,0,0,0,0,0,1,1.432,0.9805,-0.68079,0,0,0,0,0,10,0.16632,4.2619e-07,9999,1,712.89,6.3477,0.16414,1.432,0.9805,-0.68079,2,0.0028512,1.432,-1,0.9805,0.84974,-1,-0.90355,-0.059121,0,0,0,0,0,0,0,0
0,0,0,0,0,0,0,0,0.50683,0,0.13086,1,0.93494,-0.0011945,-0.00020183,1,0,0,0.52223,0.50683,-0.92967,-0.27297,0.47415,0.48908,0.68049,0,0,0,0,0,0,0,0,0,0,0,0,0,0,0,0,0,0,0,0,0,0,0,0,0,0,0,0,0,0,0,0,0,0,0,0,0,0,0.0013947,0.50683,1,0.92967,0,0,0,0,0,0,0,0,0,0,0,1
1.0852,0.049433,-0.79384,1,0,0,0,0,0.53644,0.049433,-0.23153,-1,-0.99793,0.0041023,0,0,0,0,1.1751,999,999,999,0.52034,1.2988,0,0,0,0,0,0,0,0,0,0,0,0,0,0,0,0,0,0,0,0,0,0,0,0,0,0,0,0,0,0,0,0,0,0,0,0,0,0,0,0.0035621,1.0852,1,0.9925,0,0,0,0,0,0,0,0,0,0,0,1
0,0,0,0,0,0,0,0,1.0257,0.13606,-0.89336,1,0.3556,-5.3747e-07,0,1,0,0,0.67189,999,999,999,1.6079,0.21546,0,0,0,0,0,0,0,0,0,0,0,0,0,0,0,0,0,0,0,0,0,0,0,0,0,0,0,0,0,0,0,0,0,0,0,0,0,0,0,0.012389,1.0257,1,0.92116,0,0,0,0,0,0,0,0,0,0,0,0
0,0,0,0,0,0,0,0,1.4739,1.5703,-0.65738,1,0.10116,0.0004594,-1.3902e-05,3,1,0.49898,1.3657,999,999,999,1.211,0.6278,0.42384,0.92737,0.14515,3.5159e-07,9999,0,-1,610.35,6.0059,0.1089,0,1,0,0,0,0,0,0,1,999,999,999,0,0,0,0,0,0,0,0,0,0,0,0,0,0,0,0,0,0.0073273,1.4739,1,0.98868,0.86074,1,0.10116,0.72609,0,0,0,0,0,0,0,1
0,0,0,0,0,0,0,0,0.76374,0.55476,-0.73429,-1,-0.022992,0.016156,1.0456e-05,1,0,0,0.70012,999,999,999,1.1501,0.49094,0.39836,0.7505,0.068969,1.226e-06,9999,0,-1,0,3.9062,0.11376,1,0,0.0074463,-2.5128,4.1876,0.0004392,0.43495,0.84388,1,999,999,999,0,0,0,0,0,0,0,0,0,0,0,0,0,0,0,0,0,0.0098056,0.76374,-1,0.8524,0.25107,1,0.016156,0.74117,0,0,0,0,0,0,0,1
0,0,0,0,0,0,0,0,0.76992,0.25503,-0.74409,-1,-0.028526,0.00021018,0,0,0,0,0.71775,999,999,999,1.1493,0.42073,0,0,0,0,0,0,0,0,0,0,0,0,0,0,0,0,0,0,0,0,0,0,0,0,0,0,0,0,0,0,0,0,0,0,0,0,0,0,0,0.0095754,0.76992,-1,0.78277,0,0,0,0,0,0,0,0,0,0,0,0
1.78,0.109,-0.45254,1,0,0,0,0,1.3804,0.21018,0.028706,-1,0.99993,-0.00268,0.001632,0,0,0,2.214,1.78,0.97373,-0.36885,0.30744,1.7839,2.1359,0,0,0,0,0,0,0,0,0,0,0,0,0,0,0,0,0,0,0,0,0,0,0,0,0,0,0,0,0,0,0,0,0,0,0,0,0,0,0.002614,1.78,1,0.97373,0,0,0,0,0,0,0,0,0,0,0,1
0,0,0,0,0.52676,0.4087,-0.30224,-1,0.15151,0.20271,0.92002,-1,-0.00010235,7.4149e-05,1.2182e-06,2,0,0,0.50286,999,999,999,0.75561,0.56734,0.10808,0.85602,0.054193,1.2182e-06,9999,0,1,0,13.477,0.10808,0,0,0,0,0,0,0,0,1,0.52676,0.42784,-0.19174,0,0,0,0,0,10,0.054193,1.2182e-06,9999,1,0,13.477,0.10808,0.52676,0.42784,-0.19174,2,0.026,0.52676,-1,0.42784,-0.19174,-1,-0.00010235,-0.76809,0,0,0,0,0,0,0,0
0,0,0,0,0,0,0,0,0.49638,0.42141,0.6342,1,5.8197e-05,1.2264e-06,-3.5396e-07,1,0,0,0.501,999,999,999,0.62664,0.071581,0.1111,0.88609,0.15681,3.5396e-07,9999,1,-1,849.61,11.133,0.1111,0,0,0,0,0,0,0,0,1,999,999,999,0,0,0,0,0,0,0,0,0,0,0,0,0,0,0,0,0,0,0,0,0,0.77101,1,1.2264e-06,0.55481,0,0,0,0,0,0,0,1
0,0,0,0,0,0,0,0,0.33636,1.0641,-0.49679,1,2.4531e-05,-2.4996e-06,1.2334e-06,2,0,0,0.45687,999,999,999,0.48276,0.24927,0.067703,0.129,0.13058,1.2334e-06,9999,0,1,0,30.469,0.067703,0,0,0,0,0,0,0,0,1,999,999,999,0,0,0,0,0,0,0,0,0,0,0,0,0,0,0,0,0,0,0,0,0,0.72381,1,2.4531e-05,0.07967,0,0,0,0,0,0,0,0
0.47228,0.67669,-0.059272,1,0,0,0,0,0.94486,0.80773,-0.95674,-1,-0.074269,0.00025999,9.9687e-07,1,0,0,0.92719,999,999,999,1.3657,0.65379,0.31054,0.71961,0.19782,8.1889e-07,9999,0,-1,610.35,4.541,0.28467,1,0,-0.24176,-2.5932,3.7083,0.0024389,0.17235,0.23768,1,999,999,999,0,0,0,0,0,0,0,0,0,0,0,0,0,0,0,0,0,0.0060012,0.94486,-1,0.89627,0.9928,1,0.00025999,0.022221,0.47228,0.67669,-0.059272,1,1,0.0015497,0.63165,0
0,0,0,0,0,0,0,0,0.94451,1.1481,0.01404,-1,-0.94627,-0.00027139,0.00023304,0,0,0,1.3523,-0.76728,-0.88652,-0.87825,1.3841,0.74887,0.91484,0.9102,0.11393,4.1312e-07,9999,1,1,761.72,6.8359,0.15614,0,0,0,0,0,0,0,0,1,0.76728,0.88652,-0.63109,0,0,0,0,0,10,0.11393,4.1312e-07,9999,1,761.72,6.8359,0.15614,0.76728,0.88652,-0.63109,2,0.019565,0.94451,-1,0.97757,0.84577,-1,-0.94627,-0.75559,0,0,0,0,0,0,0,0
0,0,0,0,0,0,0,0,0.33565,0.79275,-0.6221,1,8.5382e-06,-7.2458e-07,0,0,0,0,0.36141,999,999,999,0.38128,0.26682,0,0.20212,0.16953,7.2458e-07,9999,1,-1,673.83,4.4922,0.26682,0,0,0,0,0,0,0,0,1,999,999,999,0,0,0,0,0,0,0,0,0,0,0,0,0,0,0,0,0,0,0,0,0,0.26809,1,8.5382e-06,0.01608,0,0,0,0,0,0,0,0
0,0,0,0,0,0,0,0,0.76036,1.1114,-0.96667,-1,0.99848,-0.90025,0.22669,1,0,0,0.79644,0.578,0.93513,-0.51117,0.42094,0.61124,0.89137,0.33658,0.089339,1.2751e-06,9999,1,-1,0,7.1289,0.13424,0,0,0,0,0,0,0,0,1,0.578,0.93513,-0.60026,0,0,0,0,0,10,0.089339,1.2751e-06,9999,-1,0,7.1289,0.13424,0.578,0.93513,-0.60026,-4,0.0074752,0.76036,-1,0.60753,0.63321,1,0.99848,0.50274,0,0,0,0,0,0,0,1
0,0,0,0,0,0,0,0,2.2859,0.31072,-0.96857,1,0.26292,-0.0016721,0,0,0,0,2.3932,999,999,999,2.8214,0.91687,0,0,0,0,0,0,0,0,0,0,0,0,0,0,0,0,0,0,0,0,0,0,0,0,0,0,0,0,0,0,0,0,0,0,0,0,0,0,0,0.015226,2.2859,1,0.99666,0,0,0,0,0,0,0,0,0,0,0,1
0,0,0,0,0,0,0,0,0.80745,0.43867,-0.46585,-1,0.012801,-6.3454e-05,4.3934e-06,0,0,0,0.81716,999,999,999,0.77298,0.64546,0.32899,0.66017,0.18661,5.2863e-07,9999,1,-1,634.77,4.9316,0.21219,0,0,0,0,0,0,0,0,1,0.50648,0.96516,-0.82864,0,0,0,0,0,10,0.18661,5.2863e-07,9999,-1,634.77,4.9316,0.21219,0.50648,0.96516,-0.82864,-0,0.0010732,0.80745,-1,0.91253,-0.049216,1,4.3934e-06,0.030224,0,0,0,0,0,0,0,0
0,0,0,0,0,0,0,0,0.77397,0.59629,-0.27308,1,0.3725,-0.00017211,9.4326e-06,2,1,0.49946,0.74074,999,999,999,1.2192,0.38701,0.38958,0,0,0,0,0,0,0,0,0,0,0,0,0,0,0,0,0,0,0,0,0,0,0,0,0,0,0,0,0,0,0,0,0,0,0,0,0,0,0.0011975,0.77397,1,0.75847,0,0,0,0,0,0,0,0,0,0,0,0
0.42025,1.0181,0.46564,1,0,0,0,0,0.66284,0.76096,0.46728,1,0.26953,0.012042,-0.0001742,1,1,0.50401,1.0745,0.73504,0.97539,-0.6346,0.73684,1.009,0.16031,0.96555,0.14851,5.6918e-07,9999,1,-1,654.3,4.7852,0.22637,0,0,0,0,0,0,0,0,1,0.66284,0.76972,-0.59429,0,0,0,0,0,10,0.14935,0.0001742,9999,-1,722.66,0,0.16031,0.73504,0.97539,-0.60407,-11,0.014883,0.73504,1,0.97539,-0.59429,1,0.26953,0.82164,0.42025,1.0181,0.46564,1,1,0.018649,0.3418,1
0,0,0,0,0,0,0,0,0.72853,1.161,0.74873,-1,-0.01673,-0.015186,-8.2712e-05,0,0,0,0.88724,-0.72853,-0.95238,-0.51854,0.64684,0.86432,0.7119,0.68645,0.24263,6.126e-07,9999,1,1,551.76,4.0527,0.23955,0,0,0,0,0,0,0,0,1,0.54309,0.82859,-0.82994,0,0,0,0,0,10,0.24263,6.126e-07,9999,1,551.76,4.0527,0.23955,0.54309,0.82859,-0.82994,0,0.0083676,0.72853,-1,0.95238,0.82326,-1,-8.2712e-05,-0.00034347,0,0,0,0,0,0,0,0
0,0,0,0,0,0,0,0,1.3429,0.87575,0.29799,-1,-0.043776,0.00040072,2.5144e-05,1,1,0.49787,1.8935,999,999,999,1.4665,1.6409,0.56754,0,0,0,0,0,0,0,0,0,0,0,0,0,0,0,0,0,0,0,0,0,0,0,0,0,0,0,0,0,0,0,0,0,0,0,0,0,0,0.012334,1.3429,-1,0.99725,0,0,0,0,0,0,0,0,0,0,0,1
0,0,0,0,0,0,0,0,0.68455,0.21531,0.91741,-1,-0.99971,-0.18705,0.0001295,0,0,0,1.0936,-0.68455,0.99181,-0.98901,0.33629,1.0766,0.78848,0,0,0,0,0,0,0,0,0,0,0,0,0,0,0,0,0,0,0,0,0,0,0,0,0,0,0,0,0,0,0,0,0,0,0,0,0,0,0.0089105,0.94376,1,0.82071,0,0,0,0,0,0,0,0,0,0,0,0
0,0,0,0,0,0,0,0,1.2365,0.38919,-0.82931,-1,0.72798,0.0010469,-0.00063734,0,0,0,1.2064,999,999,999,0.70979,0.92858,0.38663,0,0,0,0,0,0,0,0,0,0,0,0,0,0,0,0,0,0,0,0,0,0,0,0,0,0,0,0,0,0,0,0,0,0,0,0,0,0,0.0038616,1.2365,-1,0.84032,0,0,0,0,0,0,0,0,0,0,0,1
1.1043,0.46093,-0.81079,-1,0,0,0,0,0.50016,0.46093,-0.31604,1,-0.99402,-0.0018829,2.0277e-05,0,0,0,1.2603,-1.1043,0.93001,-0.18188,0.62696,1.5149,0.46141,0,0,0,0,0,0,0,0,0,0,0,0,0,0,0,0,0,0,0,0,0,0,0,0,0,0,0,0,0,0,0,0,0,0,0,0,0,0,0.015199,1.1043,-1,0.93001,0,0,0,0,0,0,0,0,0,0,0,0
0.79679,0.56595,0.53764,-1,0,0,0,0,0.56633,1.2597,-0.40352,1,-0.049448,7.0741e-06,0,0,0,0,0.76916,999,999,999,1.0822,0.366,0,0,0,0,0,0,0,0,0,0,0,0,0,0,0,0,0,0,0,0,0,0,0,0,0,0,0,0,0,0,0,0,0,0,0,0,0,0,0,0.0011327,0.79679,-1,0.80204,0,0,0,0,0.79679,0.56595,0.53764,-1,1,0.0011327,0.80204,1
0,0,0,0,0,0,0,0,0.39402,1.6545,-0.6128,-1,0.00020721,-4.9102e-05,3.9899e-05,3,1,0.49447,0.31932,999,999,999,0.23923,0.58759,0.54975,0,0,0,0,0,0,0,0,0,0,0,0,0,0,0,0,0,0,0,0,0,0,0,0,0,0,0,0,0,0,0,0,0,0,0,0,0,0,0,0,0,0,0,0,0,0,0,0,0,0,0,0,0,0
0,0,0,0,0,0,0,0,1.2644,0.16291,-0.91857,-1,0.9793,-0.0015749,-1.2879e-06,1,0,0,0.83774,999,999,999,0.69645,0.89095,0.048324,0.61331,0.08403,1.2879e-06,9999,0,-1,0,35.156,0.048324,0,0,0,0,0,0,0,0,1,999,999,999,0,0,0,0,0,0,0,0,0,0,0,0,0,0,0,0,0,0.0028313,1.2644,-1,0.98252,-0.17582,1,0.9793,0.66624,0,0,0,0,0,0,0,1
0,0,0,0,0,0,0,0,0.26021,1.8171,-0.6849,1,0.99998,-0.00012918,-3.1372e-05,0,0,0,0.91212,999,999,999,0.25159,0.70954,0.51382,0,0,0,0,0,0,0,0,0,0,0,0,0,0,0,0,0,0,0,0,0,0,0,0,0,0,0,0,0,0,0,0,0,0,0,0,0,0,0.028742,0.87559,-1,0.98597,0,0,0,0,0,0,0,0,0,0,0,1
0,0,0,0,0,0,0,0,1.7067,0.63316,-0.9902,1,0.033899,-6.3626e-07,0,0,0,0,1.2211,999,999,999,1.2775,0.24603,0,0.26476,0.24921,6.3626e-07,9999,1,-1,473.63,3.0029,0.24603,0,0,0,0,0,0,0,0,1,999,999,999,0,0,0,0,0,0,0,0,0,0,0,0,0,0,0,0,0,0.010813,1.7067,1,0.9981,0.21014,1,0.033899,8.3165e-05,0,0,0,0,0,0,0,1
0.65896,0.44548,-0.10588,1,1.777,0.65896,-0.92478,-1,0,0,0,0,0.082262,-0.013616,0,0,0,0,1.602,999,999,999,0.92876,1.4942,0,0,0,0,0,0,0,0,0,0,0,0,0,0,0,0,0,0,0,0,0,0,0,0,0,0,0,0,0,0,0,0,0,0,0,0,0,0,0,0.0083341,1.777,-1,0.85149,0,0,0,0,0.65896,0.44548,-0.10588,1,1,0.022301,0.60628,0
0,0,0,0,0,0,0,0,0.82891,1.1087,-0.80683,-1,0.9662,-0.95253,-3.8662e-06,1,0,0,1.1103,999,999,999,1.0313,1.1833,0.3193,0.52984,0.13177,3.4088e-07,9999,0,1,2265.6,15.625,0.098462,0,0,0,0,0,0,0,0,1,0.82891,0.70023,-0.94494,0,0,0,0,0,10,0.13177,3.4088e-07,9999,1,2265.6,15.625,0.098462,0.82891,0.70023,-0.94494,4,0.015087,0.82891,-1,0.70023,-0.94494,-1,-0.95253,-0.26413,0,0,0,0,0,0,0,1
0,0,0,0,0,0,0,0,0.55192,0.50162,-0.45163,-1,0.98641,-0.97697,-0.0011172,0,0,0,1.2801,999,999,999,0.61245,0.88064,0.92412,0,0,0,0,0,0,0,0,0,0,0,0,0,0,0,0,0,0,0,0,0,0,0,0,0,0,0,0,0,0,0,0,0,0,0,0,0,0,0.010086,0.87528,-1,0.93994,0,0,0,0,0,0,0,0,0,0,0,0
0,0,0,0,0,0,0,0,2.0453,0.47005,-0.79619,-1,-0.058214,-9.6801e-05,3.3147e-05,2,1,0.49833,2.2829,-2.0453,-0.94703,-0.72748,1.6341,2.2046,0.52147,0,0,0,0,0,0,0,0,0,0,0,0,0,0,0,0,0,0,0,0,0,0,0,0,0,0,0,0,0,0,0,0,0,0,0,0,0,0,0.0035687,2.0453,-1,0.94703,0,0,0,0,0,0,0,0,0,0,0,0
0,0,0,0,0,0,0,0,0.78128,0.080295,0.042955,-1,-0.96751,0.00017551,-3.8925e-07,1,0,0,0.57584,999,999,999,1.2573,0.17413,0.13995,0.78787,0.202,3.8925e-07,9999,1,-1,927.73,8.2031,0.13995,0,0,0,0,0,0,0,0,1,999,999,999,0,0,0,0,0,0,0,0,0,0,0,0,0,0,0,0,0,0.023045,0.78128,-1,0.83006,0.6847,1,0.00017551,0.035592,0,0,0,0,0,0,0,0
0,0,0,0,0,0,0,0,0.25439,0.31548,0.13077,1,2.534e-05,5.1387e-06,-1.2771e-06,3,0,0,0.40697,999,999,999,0.48659,0.34097,0.13486,0.65323,0.10916,1.2771e-06,9999,1,-1,0,7.0312,0.13486,0,0,0,0,0,0,0,0,1,999,999,999,0,0,0,0,0,0,0,0,0,0,0,0,0,0,0,0,0,0,0,0,0,0.81654,1,2.534e-05,0.53536,0,0,0,0,0,0,0,0
0.46198,1.1626,0.097984,1,0,0,0,0,0.61417,0.080796,-0.36497,-1,-0.43853,0.00055247,-3.7741e-05,0,0,0,0.80972,-0.61417,-0.91344,-0.89237,0.64009,0.5078,0.54036,0.76873,0.1011,3.6291e-07,9999,1,1,1054.7,11.816,0.11908,0,0,0,0,0,0,0,0,1,999,999,999,0,0,0,0,0,0,0,0,0,0,0,0,0,0,0,0,0,0.01537,0.61417,-1,0.91344,-0.16817,-1,-0.43853,-0.65437,0.46198,1.1626,0.097984,1,1,0.047892,0.84896,1
0.58056,0.082889,0.38915,1,0,0,0,0,1.67,0.040388,-0.96767,-1,-0.96119,0.66154,0.0006495,2,0,0,0.84663,999,999,999,1.0166,0.72221,0.48178,0,0,0,0,0,0,0,0,0,0,0,0,0,0,0,0,0,0,0,0,0,0,0,0,0,0,0,0,0,0,0,0,0,0,0,0,0,0,0.002558,1.67,-1,0.91489,0,0,0,0,0.58056,0.082889,0.38915,1,1,0.012093,0.76147,1
0,0,0,0,0,0,0,0,0.69845,0.92766,-0.21849,-1,0.99997,-0.0045467,-0.00056773,1,0,0,1.0753,0.50394,-0.20906,-0.12589,0.30784,0.54402,0.9941,0.97501,0.06386,1.2284e-06,9999,0,-1,0,12.695,0.11522,0,0,0,0,0,0,0,0,1,0.50394,0.20906,-0.39967,0,0,0,0,0,10,0.06386,1.2284e-06,9999,-1,0,12.695,0.11522,0.50394,0.20906,-0.39967,-2,0.0028258,0.50394,1,0.20906,0.59757,1,0.99997,0.85836,0,0,0,0,0,0,0,1
0,0,0,0,0,0,0,0,0.96593,0.42823,0.82353,-1,-0.053046,0.013322,-0.00019717,1,0,0,1.0741,-0.96593,-0.99725,-0.57516,0.6882,0.75467,0.69484,0.45048,0.17429,5.8143e-07,9999,1,1,673.83,3.418,0.23027,0,0,0,0,0,0,0,0,1,0.96593,0.99725,-0.38336,0,0,0,0,0,10,0.17429,5.8143e-07,9999,1,673.83,3.418,0.23027,0.96593,0.99725,-0.38336,0,0.023577,0.96593,-1,0.99725,0.56347,-1,-0.00019717,-0.028185,0,0,0,0,0,0,0,0
1.4401,0.13531,0.027004,1,0,0,0,0,0.15456,0.51345,-0.75351,-1,0.0001028,-1.2168e-06,-4.1279e-07,1,0,0,1.4308,999,999,999,1.7328,0.078608,0.15593,0.8651,0.15456,4.1279e-07,9999,1,-1,839.84,8.3984,0.15593,0,0,0,0,0,0,0,0,1,1.4401,0.94625,-0.67442,0,0,0,0,0,10,0.15456,4.1279e-07,9999,-1,839.84,8.3984,0.15593,1.4401,0.94625,-0.67442,-2,0.010411,1.4401,1,0.94625,-0.67442,1,0.0001028,0.51256,0,0,0,0,0,0,0,1
0,0,0,0,0,0,0,0,0.41764,0.61227,-0.7669,1,0.0056095,0.00036689,4.6346e-05,0,0,0,0.83272,999,999,999,0.60121,0.70941,0.57594,0,0,0,0,0,0,0,0,0,0,0,0,0,0,0,0,0,0,0,0,0,0,0,0,0,0,0,0,0,0,0,0,0,0,0,0,0,0,0.02078,0.54066,1,0.86615,0,0,0,0,0,0,0,0,0,0,0,0
1.0124,0.71286,-0.20498,1,0,0,0,0,0.073133,0.6992,0.95012,-1,0.0023023,-1.3014e-06,0,0,1,0.49881,0.75334,999,999,999,1.55,0.044846,0,0.27631,0.073133,1.3014e-06,9999,1,-1,0,45.703,0.044846,0,0,0,0,0,0,0,0,1,1.0124,0.84722,-0.24027,0,0,0,0,0,10,0.073133,1.3014e-06,9999,-1,0,45.703,0.044846,1.0124,0.84722,-0.24027,-5,0.007145,1.0124,1,0.84722,-0.24027,1,0.0023023,0.57571,0,0,0,0,0,0,0,1
2.0307,0,-0.91945,1,0,0,0,0,0.59926,0.37277,0.014513,-1,6.5802e-05,-1.0426e-05,0,0,0,0,1.7602,999,999,999,2.8901,0.39811,0,0,0,0,0,0,0,0,0,0,0,0,0,0,0,0,0,0,0,0,0,0,0,0,0,0,0,0,0,0,0,0,0,0,0,0,0,0,0,0.0099526,2.0307,1,0.96499,0,0,0,0,0,0,0,0,0,0,0,1
0,0,0,0,0,0,0,0,1.8014,0.2037,-0.089515,1,0.42169,0.00123,-5.8367e-05,0,0,0,2.0101,1.8014,-0.98354,-0.88536,0.98476,1.9321,0.62739,0.95149,0.18091,5.2917e-07,9999,1,-1,610.35,5.6152,0.21239,0,0,0,0,0,0,0,0,1,1.8014,0.98354,-0.91518,0,0,0,0,0,10,0.18091,5.2917e-07,9999,-1,610.35,5.6152,0.21239,1.8014,0.98354,-0.91518,-2,0.0097707,1.8014,1,0.98354,0.87859,1,0.42169,0.64511,0,0,0,0,0,0,0,1
0,0,0,0,0.97562,0.18959,0.0093109,-1,0.33616,0,0.32732,-1,-0.99996,-0.08542,0.015177,5,0,0,1.4208,-0.9907,-0.52955,-0.25712,0.28583,1.1937,0.94555,0.99418,0.09873,1.2621e-06,9999,1,-1,0,2.124,0.12998,0,0,0,0,0,0,0,0,1,999,999,999,0,0,0,0,0,0,0,0,0,0,0,0,0,0,0,0,0,0.010438,0.97562,-1,0.83284,-0.77837,-1,-0.99996,-0.29429,0,0,0,0,0,0,0,0
0,0,0,0,0,0,0,0,0.63767,1.0026,-0.026878,1,0.99559,-0.00018194,6.6869e-05,0,0,0,0.95669,0.63767,0.49535,-0.74896,0.59107,0.46524,0.64563,0.79545,0.19393,1.0832e-06,9999,1,-1,458.98,5.127,0.32062,0,0,0,0,0,0,0,0,1,0.57177,0.886,-0.68514,0,0,0,0,0,10,0.19393,1.0832e-06,9999,-1,458.98,5.127,0.32062,0.57177,0.886,-0.68514,-0,0.01224,0.57177,1,0.886,-0.68514,1,0.99559,0.067782,0,0,0,0,0,0,0,1
0,0,0,0,1.3771,0.19325,-0.99895,-1,0.070241,0.13696,-0.93645,1,-0.00032248,1.2639e-06,0,0,0,0,1.2254,999,999,999,1.926,0.13061,0,0.9192,0.070241,1.2639e-06,9999,1,1,0,7.7148,0.13061,0,0,0,0,0,0,0,0,1,999,999,999,0,0,0,0,0,0,0,0,0,0,0,0,0,0,0,0,0,0.010167,1.3771,-1,0.99967,0.92447,-1,-0.00032248,-0.79623,0,0,0,0,0,0,0,0
0,0,0,0,0,0,0,0,1.5775,0,-0.9142,-1,0.00060787,-0.00051307,0,0,0,0,0.66411,999,999,999,0.35303,0.99564,0,0,0,0,0,0,0,0,0,0,0,0,0,0,0,0,0,0,0,0,0,0,0,0,0,0,0,0,0,0,0,0,0,0,0,0,0,0,0,0.0013139,1.5775,-1,0.96443,0,0,0,0,0,0,0,0,0,0,0,0
0,0,0,0,0,0,0,0,1.0182,0.35537,-0.5462,1,-0.37661,0.00017015,2.4587e-05,1,0,0,0.95538,999,999,999,1.4229,0.76549,0.48303,0.72698,0.1544,6.7829e-07,9999,1,-1,683.59,4.1992,0.25652,0,0,0,0,0,0,0,0,1,1.0182,0.80382,-0.98525,0,0,0,0,0,10,0.1544,6.7829e-07,9999,-1,683.59,4.1992,0.25652,1.0182,0.80382,-0.98525,-5,0.00034394,1.0182,1,0.80382,0.54147,1,2.4587e-05,0.25053,0,0,0,0,0,0,0,1
0,0,0,0,0,0,0,0,0.96533,1.6933,-0.99839,1,0.000849,0.00011464,9.7215e-07,0,0,0,0.90413,999,999,999,0.74305,0.76902,0.30741,0.29453,0.1461,6.3424e-07,9999,1,-1,551.76,4.0527,0.24549,0,0,0,0,0,0,0,0,1,0.96533,0.8946,-0.59427,0,0,0,0,0,10,0.1461,6.3424e-07,9999,-1,551.76,4.0527,0.24549,0.96533,0.8946,-0.59427,-6,0.0030093,0.96533,1,0.8946,0.66095,1,0.00011464,0.10334,0,0,0,0,0,0,0,0
0,0,0,0,0,0,0,0,0.75572,0.45665,-0.93398,-1,-0.99918,-3.8297e-05,4.7465e-06,1,1,0.4955,0.64496,999,999,999,0.39677,0.54288,0.33488,0,0,0,0,0,0,0,0,0,0,0,0,0,0,0,0,0,0,0,0,0,0,0,0,0,0,0,0,0,0,0,0,0,0,0,0,0,0,0.036171,0.75572,-1,0.71005,0,0,0,0,0,0,0,0,0,0,0,1
0,0,0,0,0,0,0,0,0.31384,0.147,-0.58119,1,0.93246,-0.01878,5.7893e-05,1,0,0,0.71414,999,999,999,0.41387,0.82102,0.6041,0.64341,0.065968,3.5837e-07,9999,1,-1,1328.1,13.086,0.1151,0,0,0,0,0,0,0,0,1,999,999,999,0,0,0,0,0,0,0,0,0,0,0,0,0,0,0,0,0,0.0088933,0.56609,-1,0.76285,0.96531,1,0.93246,0.74926,0,0,0,0,0,0,0,1
0,0,0,0,1.7055,0.25866,-0.6633,1,0.64553,0.12679,0.2637,1,-0.061919,-0.013412,0.0077459,1,0,0,1.4232,999,999,999,1.1648,0.63867,2.7399,0,0,0,0,0,0,0,0,0,0,0,0,0,0,0,0,0,0,0,0,0,0,0,0,0,0,0,0,0,0,0,0,0,0,0,0,0,0,0.0022066,1.7055,1,0.88912,0,0,0,0,0,0,0,0,0,0,0,1
0,0,0,0,0,0,0,0,1.0696,0.0678,-0.95651,-1,-0.0013683,3.9683e-07,0,0,0,0,1.0381,999,999,999,1.0663,0.14534,0,0.99512,0.15653,3.9683e-07,9999,1,1,810.55,6.1523,0.14534,0,0,0,0,0,0,0,0,1,999,999,999,0,0,0,0,0,0,0,0,0,0,0,0,0,0,0,0,0,0.0055743,1.0696,-1,0.95543,0.9535,-1,-0.0013683,-0.88562,0,0,0,0,0,0,0,0
0,0,0,0,0,0,0,0,0.27036,1.5295,-0.85473,1,1.013e-05,4.9886e-07,0,0,0,0,0.28844,999,999,999,0.50765,0.20033,0,0,0,0,0,0,0,0,0,0,0,0,0,0,0,0,0,0,0,0,0,0,0,0,0,0,0,0,0,0,0,0,0,0,0,0,0,0,0,0,0,0,0,0,0,0,0,0,0,0,0,0,0,0,0
0,0,0,0,0,0,0,0,0.60681,0.35128,-0.75777,1,-0.99995,0.00025589,0.00017412,0,0,0,0.83146,999,999,999,0.28197,0.4536,0.15584,0.38982,0.22066,0.00017412,9999,1,1,683.59,0,0.15584,0,0,0,0,0,0,0,0,1,0.51281,0.80924,-0.16455,0,0,0,0,0,10,0.22066,0.00017412,9999,1,683.59,0,0.15584,0.51281,0.80924,-0.16455,0,0.013582,0.60681,1,0.90227,0.069382,-1,-0.99995,-0.00057801,0,0,0,0,0,0,0,0
0,0,0,0,0,0,0,0,1.642,0.7252,-0.7532,1,0.95868,0.063107,-6.3515e-05,0,0,0,1.9419,1.642,-0.95507,-0.84821,0.88664,1.7098,0.65,0.62636,0.17549,7.7447e-07,9999,1,1,595.7,2.9541,0.27672,0,0,0,0,0,0,0,0,1,0.6075,0.92348,-0.56973,0,0,0,0,0,10,0.17549,7.7447e-07,9999,1,595.7,2.9541,0.27672,0.6075,0.92348,-0.56973,6,0.00096976,1.642,1,0.95507,0.17515,1,0.95868,0.0068295,0,0,0,0,0,0,0,1
0,0,0,0,0,0,0,0,0.9137,0.39663,0.0043284,-1,0.23591,-0.0085032,-6.2624e-05,4,1,0.49928,1.2171,999,999,999,0.962,1.2444,0.63447,0.9108,0.057836,1.2463e-06,9999,0,-1,0,8.3984,0.12397,0,0,0,0,0,0,0,0,1,999,999,999,0,0,0,0,0,10,0.085919,3.6791e-07,9999,1,908.2,8.2031,0.12332,0.9137,0.92022,-0.91638,0,0.0056238,0.9137,-1,0.92022,0.42348,1,0.23591,0.79205,0,0,0,0,0,0,0,1
0,0,0,0,0,0,0,0,2.1737,0,-0.92494,-1,-0.00029474,0.00011925,-2.6928e-06,1,0,0,2.3006,999,999,999,2.4876,0.68495,0.29211,0.97693,0.1048,3.6218e-07,9999,1,1,1425.8,7.9102,0.11846,0,0,0,0,0,0,0,0,1,2.1737,0.99723,-0.95832,0,0,0,0,0,10,0.1048,3.6218e-07,9999,1,1425.8,7.9102,0.11846,2.1737,0.99723,-0.95832,2,0.00090164,2.1737,-1,0.99723,0.77677,-1,-2.6928e-06,-0.86972,0,0,0,0,0,0,0,0
0,0,0,0,0,0,0,0,0.93676,0.42664,-0.53254,1,0.29833,0.00075504,-0.00017419,2,0,0,0.95319,0.56166,-0.9629,-0.73053,1.4348,0.58803,0.15205,0.84581,0.11428,3.7425e-07,9999,0,-1,986.33,8.4961,0.12851,0,0,0,0,0,0,0,0,1,0.56166,0.9629,-0.89833,0,0,0,0,0,10,0.11264,1.2134e-06,9999,-1,0,13.086,0.082294,0.93676,0.84688,-0.63098,-0,0.0056894,0.93676,1,0.84688,0.43262,1,0.29833,0.67055,0,0,0,0,0,0,0,1
0,0,0,0,0,0,0,0,0.9262,0.48114,-0.50621,-1,0.99786,-0.135,-0.00048653,3,0,0,1.1618,999,999,999,0.40148,1.2301,0.75803,0,0,0,0,0,0,0,0,0,0,0,0,0,0,0,0,0,0,0,0,0,0,0,0,0,0,0,0,0,0,0,0,0,0,0,0,0,0,0.0078479,0.9262,-1,0.88803,0,0,0,0,0,0,0,0,0,0,0,1
0,0,0,0,0,0,0,0,0.88346,0.64638,-0.61216,1,-0.7592,0.36662,-0.00049946,1,0,0,1.0983,-0.53715,0.90758,-0.6793,0.80207,1.4362,0.50541,0,0,0,0,0,0,0,0,0,0,0,0,0,0,0,0,0,0,0,0,0,0,0,0,0,0,0,0,0,0,0,0,0,0,0,0,0,0,0.0030142,0.92203,-1,0.90865,0,0,0,0,0,0,0,0,0,0,0,1
0,0,0,0,0,0,0,0,0.69023,0.31183,-0.77674,-1,-0.92946,-0.0025404,0.0019874,1,0,0,0.66513,-0.69023,0.71624,-0.64621,0.49825,1.0079,0.48871,0.97233,0.10857,4.3232e-07,9999,0,-1,830.08,6.9336,0.1677,0,0,0,0,0,0,0,0,1,999,999,999,0,0,0,0,0,0,0,0,0,0,0,0,0,0,0,0,0,0.016535,0.69023,-1,0.71624,-0.68364,-1,-0.92946,-0.71963,0,0,0,0,0,0,0,0
1.0759,0.16731,-0.78129,-1,0,0,0,0,0.99057,0,0.30199,-1,-0.83254,-0.088219,4.2378e-06,0,0,0,1.4989,-1.0759,-0.99135,-0.81898,1.2141,1.1928,0.32625,0,0,0,0,0,0,0,0,0,0,0,0,0,0,0,0,0,0,0,0,0,0,0,0,0,0,0,0,0,0,0,0,0,0,0,0,0,0,0.011294,1.0759,-1,0.99135,0,0,0,0,0.38025,1.1068,-0.8584,1,2,0.0069083,0.40105,0
0.2952,2.2576,0.74587,-1,0,0,0,0,0.32426,0.72552,0.32464,-1,0.0017563,0.00065381,-0.00064432,2,0,0,1.119,0.55317,0.71563,-0.45751,0.75639,0.69327,0.40049,0.99506,0.1687,7.2476e-07,9999,1,-1,532.23,4.7852,0.26686,0,0,0,0,0,0,0,0,1,0.8196,0.96158,-0.97326,0,0,0,0,0,10,0.20879,1.8258e-06,9999,-1,493.16,3.1738,0.2627,0.55317,0.71563,-0.67604,-4,0.0067748,0.8196,1,0.96158,0.66601,1,6.3734e-05,0.86872,0.2952,2.2576,0.74587,-1,1,0.19974,0.86033,1
0.82105,0.21838,0.25096,1,0,0,0,0,1.7824,0.44322,-0.89443,-1,0.10297,-0.021291,0,0,0,0,1.5339,999,999,999,0.99029,1.3652,0,0,0,0,0,0,0,0,0,0,0,0,0,0,0,0,0,0,0,0,0,0,0,0,0,0,0,0,0,0,0,0,0,0,0,0,0,0,0,0.0043228,1.7824,-1,0.96188,0,0,0,0,0.82105,0.21838,0.25096,1,1,0.01624,0.80528,0
0,0,0,0,0,0,0,0,1.1251,0,0.44422,1,0.95942,0.0010118,-4.4741e-07,0,0,0,1.0626,1.1251,-0.49884,-0.082493,1.0739,0.73007,0.17601,0.48956,0.11984,4.4741e-07,9999,1,-1,937.5,5.7129,0.17601,0,0,0,0,0,0,0,0,1,1.1251,0.49884,-0.45909,0,0,0,0,0,10,0.11984,4.4741e-07,9999,-1,937.5,5.7129,0.17601,1.1251,0.49884,-0.45909,-2,0.00015722,1.1251,1,0.49884,0.90103,1,0.95942,0.34016,0,0,0,0,0,0,0,1
0,0,0,0,0,0,0,0,0.59086,0,-0.24991,1,-0.36192,5.1096e-05,5.0653e-07,0,0,0,0.87517,999,999,999,1.1561,0.53899,0.20352,0.57531,0.12711,5.0653e-07,9999,1,1,615.23,4.0527,0.20352,1,0,-0.92452,3.9657,3.9926,0.017856,0.20634,0.47172,1,999,999,999,0,0,0,0,0,0,0,0,0,0,0,0,0,0,0,0,0,0.0012277,0.78939,-1,0.70054,0.98101,-1,-0.36192,-0.3289,0,0,0,0,0,0,0,0
1.1373,0.13639,-0.90014,1,0,0,0,0,0.40396,0.75205,-0.76177,-1,-0.99991,0.030019,1.0694e-05,0,0,0,0.70206,999,999,999,0.29951,0.756,0.4003,0,0,0,0,0,0,0,0,0,0,0,0,0,0,0,0,0,0,0,0,0,0,0,0,0,0,0,0,0,0,0,0,0,0,0,0,0,0,0.0067406,1.1373,1,0.9919,0,0,0,0,0,0,0,0,0,0,0,0
0,0,0,0,1.7141,0.67682,-0.96932,1,1.39,0.49216,0.75321,-1,-0.96969,0.030363,0,0,0,0,2.1687,999,999,999,1.7487,1.7498,0,0,0,0,0,0,0,0,0,0,0,0,0,0,0,0,0,0,0,0,0,0,0,0,0,0,0,0,0,0,0,0,0,0,0,0,0,0,0,0.012398,1.7141,1,0.96667,0,0,0,0,0,0,0,0,0,0,0,1
0,0,0,0,0,0,0,0,1.0745,0.76912,-0.83947,-1,-0.96292,-0.00061694,1.8387e-05,1,0,0,1.2536,999,999,999,1.2223,0.49508,0.45114,0.87511,0.1288,1.6684e-06,9999,1,1,0,3.4668,0.19614,0,0,0,0,0,0,0,0,1,1.0745,0.91292,-0.79067,0,0,0,0,0,10,0.1288,1.6684e-06,9999,1,0,3.4668,0.19614,1.0745,0.91292,-0.79067,6,0.0026882,1.0745,-1,0.91292,-0.79067,-1,-0.96292,-0.66475,0,0,0,0,0,0,0,0
0,0,0,0,0,0,0,0,1.3988,0,-0.99589,-1,0.050063,-0.021718,0,1,1,0.49608,1.3867,999,999,999,1.4712,1.7348,0,0,0,0,0,0,0,0,0,0,0,0,0,0,0,0,0,0,0,0,0,0,0,0,0,0,0,0,0,0,0,0,0,0,0,0,0,0,0,0.010386,1.3988,-1,0.99678,0,0,0,0,0,0,0,0,0,0,0,0
0,0,0,0,0,0,0,0,0.20599,0.73257,-0.1645,1,-0.98605,4.1593e-05,5.6971e-07,0,0,0,0.62579,999,999,999,0.70276,0.55323,0.22654,0.71797,0.12917,3.8593e-07,9999,1,-1,869.14,6.543,0.13751,0,0,0,0,0,0,0,0,1,999,999,999,0,0,0,0,0,0,0,0,0,0,0,0,0,0,0,0,0,0,0,0,0,-0.22536,-1,-0.98605,-0.13336,0,0,0,0,0,0,0,0
0,0,0,0,0,0,0,0,0.64884,0.29347,-0.44192,-1,-0.98121,-7.7695e-05,4.5848e-05,0,0,0,0.93206,-0.51492,0.82416,-0.94432,0.77402,0.67109,0.57422,0,0,0,0,0,0,0,0,0,0,0,0,0,0,0,0,0,0,0,0,0,0,0,0,0,0,0,0,0,0,0,0,0,0,0,0,0,0,0.01782,0.85709,1,0.78617,0,0,0,0,0,0,0,0,0,0,0,0
0,0,0,0,0,0,0,0,1.0336,1.0421,0.79752,1,0.060903,-0.039235,0.0011347,2,0,0,1.1293,999,999,999,1.3746,0.86074,0.8283,0.95808,0.13317,3.6781e-07,9999,0,-1,839.84,8.7891,0.12325,0,0,0,0,0,0,0,0,1,1.0336,0.94384,-0.95036,0,0,0,0,0,10,0.13317,3.6781e-07,9999,-1,839.84,8.7891,0.12325,1.0336,0.94384,-0.95036,-2,0.00036974,1.0336,1,0.94384,-0.95036,1,0.060903,0.82346,0,0,0,0,0,0,0,1
0,0,0,0,0,0,0,0,0.59811,0.41853,-0.75611,-1,-0.95912,0.026988,-1.2836e-06,0,0,0,0.54425,999,999,999,0.37752,0.35009,0.3399,0.53513,0.18584,6.9341e-07,9999,1,1,581.05,4.4922,0.26002,0,0,0,0,0,0,0,0,1,0.59811,0.79646,-0.70724,0,0,0,0,0,10,0.18584,6.9341e-07,9999,1,581.05,4.4922,0.26002,0.59811,0.79646,-0.70724,6,0.027522,0.59811,-1,0.79646,-0.70724,-1,-0.95912,-0.016299,0,0,0,0,0,0,0,1
0,0,0,0,0,0,0,0,0.54164,0.26933,0.28815,1,0.93328,3.4347e-06,-1.4047e-06,2,0,0,0.60684,999,999,999,0.82617,0.31039,0.1629,0.97831,0.12084,3.5894e-07,9999,0,-1,1171.9,6.4453,0.11561,0,0,0,0,0,0,0,0,1,0.54164,0.86921,-0.86632,0,0,0,0,0,10,0.09305,1.4047e-06,9999,-1,0,5.3711,0.1629,0.54164,0.86921,-0.55361,-2,0.0013128,0.54164,1,0.86921,-0.86632,1,0.93328,0.87084,0,0,0,0,0,0,0,1
0,0,0,0,0,0,0,0,0.45464,0.53941,0.62962,1,4.7901e-05,4.6504e-05,-5.9893e-06,0,0,0,0.68355,999,999,999,0.58271,0.57695,0.35284,0,0,0,0,0,0,0,0,0,0,0,0,0,0,0,0,0,0,0,0,0,0,0,0,0,0,0,0,0,0,0,0,0,0,0,0,0,0,0,0,0,0,0,0,0,0,0,0,0,0,0,0,0,0
0,0,0,0,0,0,0,0,0.52636,0.72698,0.74544,1,0.98005,-4.2174e-05,-4.583e-07,0,0,0,0.68917,999,999,999,0.82995,0.55911,0.18164,0.55197,0.16797,4.583e-07,9999,1,-1,703.12,5.0293,0.18164,0,0,0,0,0,0,0,0,1,0.52636,0.99767,-0.53978,0,0,0,0,0,10,0.16797,4.583e-07,9999,-1,703.12,5.0293,0.18164,0.52636,0.99767,-0.53978,-0,0.0098701,0.52636,1,0.99767,-0.53978,1,0.98005,0.057623,0,0,0,0,0,0,0,1
0,0,0,0,0,0,0,0,0.59897,1.1736,0.72425,-1,0.97028,-1.1212e-05,0,0,0,0,0.53082,999,999,999,0.64152,0.40442,0,0,0,0,0,0,0,0,0,0,0,0,0,0,0,0,0,0,0,0,0,0,0,0,0,0,0,0,0,0,0,0,0,0,0,0,0,0,0,0.0021248,0.59897,-1,0.9227,0,0,0,0,0,0,0,0,0,0,0,1
0,0,0,0,0,0,0,0,0.73777,0.94214,0.71732,1,0.0095733,4.3288e-05,-2.1645e-05,1,0,0,0.99491,999,999,999,0.92075,0.56364,0.46851,0,0,0,0,0,0,0,0,0,0,0,0,0,0,0,0,0,0,0,0,0,0,0,0,0,0,0,0,0,0,0,0,0,0,0,0,0,0,0.0070925,0.73777,1,0.79919,0,0,0,0,0,0,0,0,0,0,0,0
0,0,0,0,0,0,0,0,0.99715,0.5012,0.63869,1,0.9265,-0.8327,0.49508,0,0,0,1.6004,0.61589,-0.51089,-0.58189,1.2341,1.009,1.0381,0,0,0,0,0,0,0,0,0,0,0,0,0,0,0,0,0,0,0,0,0,0,0,0,0,0,0,0,0,0,0,0,0,0,0,0,0,0,0.0045445,0.99715,1,0.92535,0,0,0,0,0,0,0,0,0,0,0,1
0,0,0,0,0,0,0,0,1.0286,0.51289,-0.84033,-1,-0.050792,-0.034129,5.428e-05,1,0,0,1.3917,999,999,999,1.1334,1.3995,0.6095,0.57371,0.077972,3.5543e-07,9999,0,1,104.98,6.8359,0.11245,1,0,-0.62004,0.17638,-0.85001,0.066182,8.4564e-05,0.080621,1,999,999,999,0,0,0,0,0,0,0,0,0,0,0,0,0,0,0,0,0,0.0090111,1.0286,-1,0.7113,0.88725,-1,-0.034129,-0.68145,0,0,0,0,0,0,0,0
0,0,0,0,0,0,0,0,1.1435,0.76581,-0.90419,1,0.052633,0.0034014,-0.00042902,0,0,0,1.6348,1.1435,-0.96997,-0.88671,1.656,1.2847,0.52388,0,0,0,0,0,0,0,0,0,0,0,0,0,0,0,0,0,0,0,0,0,0,0,0,0,0,0,0,0,0,0,0,0,0,0,0,0,0,0.0010763,1.179,1,0.96387,0,0,0,0,0,0,0,0,0,0,0,0
0,0,0,0,0.5777,0.29539,0.33008,1,0.72718,0.88268,-0.70864,1,0.88837,0.00013421,-4.9717e-07,1,0,0,0.59803,0.5777,0.8846,-0.17372,0.37283,0.80735,0.19962,0.23537,0.22275,4.9717e-07,9999,1,-1,576.17,4.3945,0.19962,0,0,0,0,0,0,0,0,1,999,999,999,0,0,0,0,0,0,0,0,0,0,0,0,0,0,0,0,0,0.0016053,0.5777,1,0.8846,0.53037,1,0.88837,0.00032621,0,0,0,0,0,0,0,1
0,0,0,0,0,0,0,0,0.33162,0.80431,-0.25492,1,-0.00042346,9.7276e-05,-3.0003e-05,1,1,0.49647,0.95973,999,999,999,0.6594,0.63026,0.50687,0.9763,0.16312,3.967e-07,9999,1,1,859.38,5.9082,0.14524,0,0,0,0,0,0,0,0,1,0.58622,0.81857,-0.84605,0,0,0,0,0,10,0.16312,3.967e-07,9999,1,859.38,5.9082,0.14524,0.58622,0.81857,-0.84605,4,0.025597,0.58622,-1,0.81857,0.48213,-1,-3.0003e-05,-0.82422,0,0,0,0,0,0,0,1
0,0,0,0,0,0,0,0,0.35922,0.24657,-0.0089031,-1,0.0059878,-1.1187e-05,-3.8812e-07,1,0,0,0.64865,999,999,999,0.89795,0.39568,0.13912,0,0,0,0,0,0,0,0,0,0,0,0,0,0,0,0,0,0,0,0,0,0,0,0,0,0,0,0,0,0,0,0,0,0,0,0,0,0,0.036154,0.62367,1,0.87926,0,0,0,0,0,0,0,0,0,0,0,0
0,0,0,0,0,0,0,0,0.65373,1.3893,-0.85359,1,-0.00052717,4.7861e-05,2.1666e-05,0,0,0,0.63754,999,999,999,0.74811,0.60719,0.44796,0.46895,0.10316,4.585e-07,9999,1,-1,722.66,6.25,0.18174,0,0,0,0,0,0,0,0,1,0.65373,0.82276,-0.85292,0,0,0,0,0,10,0.10316,4.585e-07,9999,-1,722.66,6.25,0.18174,0.65373,0.82276,-0.85292,-0,0.026254,0.65373,1,0.82276,0.41779,1,4.7861e-05,0.45914,0,0,0,0,0,0,0,1
0,0,0,0,0,0,0,0,0.16792,0.47661,-0.071944,-1,-0.9297,-5.5453e-06,2.3019e-06,3,0,0,0.52999,999,999,999,0.35368,0.34669,0.2803,0.99393,0.16792,0.9297,9999,1,-1,0,13.672,0.35368,0,0,0,0,0,0,0,0,1,999,999,999,0,0,0,0,0,0,0,0,0,0,0,0,0,0,0,0,0,0,0,0,0,0.62865,1,2.3019e-06,0.00087261,0,0,0,0,0,0,0,1
1.8112,0.60323,-0.66071,-1,0,0,0,0,1.3626,0.30152,0.38473,1,0.025699,0.00019512,-7.2323e-05,2,0,0,2.2768,999,999,999,1.4453,0.22357,2.104,0,0,0,0,0,0,0,0,0,0,0,0,0,0,0,0,0,0,0,0,0,0,0,0,0,0,0,0,0,0,0,0,0,0,0,0,0,0,0.0095389,1.8112,-1,0.9692,0,0,0,0,0,0,0,0,0,0,0,0
0,0,0,0,2.1158,0,-0.46492,1,0.92784,1.4884,0.38283,1,0.071204,0.027536,-4.0806e-05,0,0,0,2.3871,0.92784,-0.81924,-0.82332,2.6634,0.9968,0.55349,0.95338,0.11077,3.5201e-07,9999,1,-1,1123,7.7148,0.1093,0,0,0,0,0,0,0,0,1,2.1158,0.99506,-0.93182,0,0,0,0,0,10,0.11077,3.5201e-07,9999,-1,1123,7.7148,0.1093,2.1158,0.99506,-0.93182,-2,0.0046221,2.1158,1,0.99506,0.90874,1,0.027536,0.82939,0,0,0,0,0,0,0,1
0,0,0,0,0,0,0,0,0.41339,0.25492,0.98339,1,0.9963,7.4519e-06,-1.4186e-06,2,0,0,0.43247,999,999,999,0.57222,0.37018,0.35057,0.48233,0.21332,1.4186e-06,9999,1,-1,541.99,3.9551,0.35057,0,0,0,0,0,0,0,0,1,999,999,999,0,0,0,0,0,0,0,0,0,0,0,0,0,0,0,0,0,0,0,0,0,0.20963,1,0.9963,0.0014027,0,0,0,0,0,0,0,1
1.4942,0.046019,-0.3183,1,0,0,0,0,0.91568,0.92193,-0.3676,1,0.00071328,0.00050517,-3.4249e-06,0,0,0,1.7118,0.91568,0.85759,-0.76452,1.5334,1.241,0.31017,0.82594,0.088756,4.1652e-07,9999,1,-1,654.3,4.4434,0.15828,0,0,0,0,0,0,0,0,1,1.4942,0.98716,-0.72561,0,0,0,0,0,10,0.088756,4.1652e-07,9999,-1,654.3,4.4434,0.15828,1.4942,0.98716,-0.72561,-0,0.0061788,1.4942,1,0.98716,0.99592,1,0.00050517,0.71685,0,0,0,0,0,0,0,1
1.8677,0,-0.28835,-1,0,0,0,0,0.88024,1.3039,-0.35122,-1,-0.054587,-0.0040056,4.1447e-05,0,0,0,2.1119,-1.8677,0.98476,-0.79225,1.0027,2.1213,0.55412,0.92966,0.19174,2.1146e-06,9999,1,1,0,4.1992,0.22966,0,0,0,0,0,0,0,0,1,1.8677,0.98476,-0.87331,0,0,0,0,0,10,0.19174,2.1146e-06,9999,1,0,4.1992,0.22966,1.8677,0.98476,-0.87331,2,0.0083892,1.8677,-1,0.98476,0.98899,-1,-0.054587,-0.43012,0,0,0,0,0,0,0,0
0,0,0,0,0,0,0,0,0.58634,0.3699,-0.92995,1,0.95095,4.1561e-07,-4.0223e-07,1,0,0,0.54354,999,999,999,0.52803,0.15771,0.14903,0.87225,0.095428,4.1561e-07,9999,1,1,771.48,6.3477,0.15771,0,0,0,0,0,0,0,0,1,999,999,999,0,0,0,0,0,0,0,0,0,0,0,0,0,0,0,0,0,0.0036689,0.58634,1,0.93028,0.91344,1,0.95095,0.65748,0,0,0,0,0,0,0,1
0,0,0,0,0,0,0,0,0.91065,0.6882,-0.38662,1,0.68715,-0.00079572,6.6609e-05,1,0,0,1.1145,0.50262,-0.7389,-0.42798,1.4645,0.73633,0.66574,0,0,0,0,0,0,0,0,0,0,0,0,0,0,0,0,0,0,0,0,0,0,0,0,0,0,0,0,0,0,0,0,0,0,0,0,0,0,0.010797,0.91065,1,0.72221,0,0,0,0,0,0,0,0,0,0,0,1
0,0,0,0,0,0,0,0,0.92436,0.26655,-0.69164,-1,-0.79721,-0.0058915,6.1249e-05,0,0,0,0.9398,999,999,999,1.4217,0.43182,0.63515,0.93636,0.22709,5.141e-06,9999,1,1,478.52,4.1992,0.341,0,0,0,0,0,0,0,0,1,999,999,999,0,0,0,0,0,0,0,0,0,0,0,0,0,0,0,0,0,0.021857,0.92436,-1,0.86684,0.69192,-1,-0.79721,-0.098317,0,0,0,0,0,0,0,0
1.2913,0.030845,-0.94977,-1,0,0,0,0,0,0,0,0,0.24882,-0.00021935,0,0,0,0,1.3638,999,999,999,0.53171,1.4978,0,0,0,0,0,0,0,0,0,0,0,0,0,0,0,0,0,0,0,0,0,0,0,0,0,0,0,0,0,0,0,0,0,0,0,0,0,0,0,0.0080627,1.2913,-1,0.98729,0,0,0,0,0.44485,0,0.92342,1,2,0.033926,0.98008,0
0.45681,0.81715,-0.39508,-1,0,0,0,0,0.41223,0.38193,0.56371,1,-0.98695,-0.00027586,-0.00015493,0,0,0,1.0399,999,999,999,0.63868,0.70075,0.72205,0,0,0,0,0,0,0,0,0,0,0,0,0,0,0,0,0,0,0,0,0,0,0,0,0,0,0,0,0,0,0,0,0,0,0,0,0,0,0.0031175,0.82075,-1,0.80305,0,0,0,0,0.45681,0.81715,-0.39508,-1,1,0.07033,0.88659,0
0,0,0,0,0,0,0,0,0.82808,0.36941,-0.41667,1,0.00033924,-1.9167e-05,-5.8024e-07,0,0,0,0.85093,999,999,999,0.75596,0.45545,0.2299,0,0,0,0,0,0,0,0,0,0,0,0,0,0,0,0,0,0,0,0,0,0,0,0,0,0,0,0,0,0,0,0,0,0,0,0,0,0,0.033379,0.82808,1,0.78097,0,0,0,0,0,0,0,0,0,0,0,0
0,0,0,0,0,0,0,0,0.85626,0.83998,-0.037595,-1,-0.053153,0.00026035,9.0281e-06,3,1,0.49646,1.0377,999,999,999,1.0532,0.40932,0.38591,0,0,0,0,0,0,0,0,0,0,0,0,0,0,0,0,0,0,0,0,0,0,0,0,0,0,0,0,0,0,0,0,0,0,0,0,0,0,0,0,0,0,0,0,0,0,0,0,0,0,0,0,0,1
0,0,0,0,0,0,0,0,0.59758,0.29566,-0.41394,1,-0.94708,-0.14468,7.3181e-05,0,0,0,1.0587,-0.67956,-0.62553,-0.31562,1.1611,0.96221,0.69652,0.38943,0.20029,1.1929e-06,9999,1,1,488.28,3.2227,0.33177,0,0,0,0,0,0,0,0,1,999,999,999,0,0,0,0,0,0,0,0,0,0,0,0,0,0,0,0,0,0.0082623,0.74527,-1,0.93529,0.65402,-1,-0.94708,-0.0029944,0,0,0,0,0,0,0,0
0,0,0,0,0,0,0,0,1.1563,0.42731,-0.84836,1,0.96322,0.023044,2.937e-06,1,0,0,1.4265,999,999,999,1.0042,1.4532,0.29863,0.86353,0.080474,1.2205e-06,9999,0,-1,0,7.8125,0.10995,0,0,0,0,0,0,0,0,1,999,999,999,0,0,0,0,0,10,0.18756,3.4816e-07,9999,-1,1289.1,10.547,0.10565,1.1563,0.95193,-0.60755,-0,0.014875,1.1563,1,0.95193,0.90714,1,0.96322,0.74869,0,0,0,0,0,0,0,1
0,0,0,0,0,0,0,0,0.65427,1.2279,0.19233,1,0.00012753,-9.0169e-05,1.221e-06,0,0,0,0.85704,999,999,999,0.8193,0.75788,0.11033,0.94741,0.06847,1.221e-06,9999,1,1,0,12.891,0.11033,0,0,0,0,0,0,0,0,1,0.58565,0.99354,-0.95066,0,0,0,0,0,10,0.06847,1.221e-06,9999,1,0,12.891,0.11033,0.58565,0.99354,-0.95066,6,0.0032714,0.65427,1,0.96014,0.81662,1,0.00012753,0.73749,0,0,0,0,0,0,0,1
0,0,0,0,0,0,0,0,0.22212,0.80881,0.88688,-1,-4.4759e-06,3.3895e-06,0,0,0,0,0.32063,999,999,999,0.3304,0.30939,0,0.97908,0.22212,4.4759e-06,9999,1,-1,493.16,3.6133,0.3304,0,0,0,0,0,0,0,0,1,999,999,999,0,0,0,0,0,0,0,0,0,0,0,0,0,0,0,0,0,0,0,0,0,-0.85316,1,3.3895e-06,0.36717,0,0,0,0,0,0,0,1
0,0,0,0,1.537,0.3047,-0.044112,1,1.441,0.86962,-0.40653,1,0.95526,0.093272,-6.0478e-05,0,0,0,2.0277,1.537,0.93523,-0.88416,1.6537,2.1747,0.61997,0.88749,0.15388,5.0185e-07,9999,1,-1,571.29,5.1758,0.20159,0,0,0,0,0,0,0,0,1,1.537,0.93523,-0.77237,0,0,0,0,0,10,0.19458,4.5008e-07,9999,-1,732.42,5.3711,0.17741,1.537,0.93523,-0.51402,-0,0.0012449,1.537,1,0.93523,0.9252,1,0.95526,0.57722,0,0,0,0,0,0,0,1
0,0,0,0,0,0,0,0,0.883,0.40351,0.51199,1,0.13654,-8.2576e-05,6.7207e-05,2,0,0,1.248,0.67615,-0.89111,-0.98489,1.0737,0.67599,0.66554,0.69268,0.11982,3.797e-07,9999,1,-1,1777.3,8.6914,0.13279,0,0,0,0,0,0,0,0,1,0.883,0.89465,-0.92847,0,0,0,0,0,10,0.11982,3.797e-07,9999,-1,1777.3,8.6914,0.13279,0.883,0.89465,-0.92847,-2,0.003196,0.883,1,0.89465,0.94297,1,6.7207e-05,0.49282,0,0,0,0,0,0,0,1
0,0,0,0,0,0,0,0,1.4542,0.086061,-0.87133,1,0.09191,-2.2729e-06,-1.9662e-06,1,0,0,1.0732,999,999,999,1.091,0.39551,0.22026,0.41338,0.091053,3.8764e-07,9999,0,1,1347.7,7.0312,0.13877,0,0,0,0,0,0,0,0,1,999,999,999,0,0,0,0,0,0,0,0,0,0,0,0,0,0,0,0,0,0.0065531,1.4542,1,0.89109,0.30769,-1,-1.9662e-06,-0.51757,0,0,0,0,0,0,0,1
0,0,0,0,0,0,0,0,1.1308,1.0635,-0.89785,-1,-0.99614,0.96117,-0.0078332,0,0,0,1.2024,999,999,999,0.56723,0.67139,0.94271,0,0,0,0,0,0,0,0,0,0,0,0,0,0,0,0,0,0,0,0,0,0,0,0,0,0,0,0,0,0,0,0,0,0,0,0,0,0,0.0042171,1.1308,-1,0.86657,0,0,0,0,0,0,0,0,0,0,0,1
0,0,0,0,0,0,0,0,0.81098,0.90632,-0.38642,-1,-0.0040589,0.0001759,1.9395e-05,1,0,0,0.778,999,999,999,0.71223,0.13527,0.4529,0.99646,0.072892,1.2993e-06,9999,1,-1,0,8.0078,0.14111,0,0,0,0,0,0,0,0,1,999,999,999,0,0,0,0,0,0,0,0,0,0,0,0,0,0,0,0,0,0.011022,0.81098,-1,0.97706,0.64248,1,1.9395e-05,0.89035,0,0,0,0,0,0,0,1
0.71454,0,-0.68814,-1,0,0,0,0,0.95163,0,-0.32561,-1,-0.5776,-0.0018644,0.00062392,1,1,0.4942,1.2466,-0.95163,-0.60953,-0.34046,1.1185,0.84751,0.8044,0.22679,0.060565,1.2238e-06,9999,0,1,0,20.117,0.073197,0,1,0,0,0,0,0,0,1,999,999,999,0,0,0,0,0,0,0,0,0,0,0,0,0,0,0,0,0,0.012149,0.95163,-1,0.60953,0.16428,-1,-0.5776,-0.62319,0.71454,0,-0.68814,-1,1,0.0075746,0.87745,0
0,0,0,0,0,0,0,0,0.34272,0,0.56617,1,-3.345e-05,2.678e-05,6.4934e-07,0,0,0,0.65035,999,999,999,0.52277,0.49248,0.24943,0,0,0,0,0,0,0,0,0,0,0,0,0,0,0,0,0,0,0,0,0,0,0,0,0,0,0,0,0,0,0,0,0,0,0,0,0,0,0.0018941,0.59811,-1,0.87124,0,0,0,0,0,0,0,0,0,0,0,1
0,0,0,0,0,0,0,0,0.71894,0.54547,-0.89182,-1,0.071923,-3.0283e-05,-6.8118e-06,1,0,0,0.54817,999,999,999,2.4958,0.50902,0.36299,0.76689,0.16269,7.378e-07,9999,1,1,615.23,4.1016,0.26956,0,0,0,0,0,0,0,0,1,0.71894,0.82323,-0.98217,0,0,0,0,0,10,0.16269,7.378e-07,9999,1,615.23,4.1016,0.26956,0.71894,0.82323,-0.98217,0,0.0085426,0.71894,-1,0.82323,-0.61769,-1,-6.8118e-06,-0.23875,0,0,0,0,0,0,0,1
0,0,0,0,0,0,0,0,0.60094,0.69064,-0.47591,-1,-0.97564,-0.49707,0.00019801,0,0,0,1.2096,999,999,999,0.83353,0.78036,0.5651,0.76341,0.2158,5.0448e-07,9999,1,1,664.06,4.2969,0.20268,0,0,0,0,0,0,0,0,1,999,999,999,0,0,0,0,0,0,0,0,0,0,0,0,0,0,0,0,0,0.0036757,0.91255,-1,0.87387,0.90889,-1,-0.49707,-0.0086045,0,0,0,0,0,0,0,0
0,0,0,0,0,0,0,0,1.0507,0.68544,-0.73433,-1,-0.34153,-0.019953,5.7657e-06,3,1,0.49962,1.1903,999,999,999,0.79303,1.3536,0.34987,0.77726,0.17864,8.3214e-07,9999,0,1,551.76,6.4453,0.2869,0,0,0,0,0,0,0,0,1,999,999,999,0,0,0,0,0,0,0,0,0,0,0,0,0,0,0,0,0,0.0012816,1.0507,-1,0.95926,0.99544,-1,-0.34153,-0.13233,0,0,0,0,0,0,0,0
0,0,0,0,0,0,0,0,1.0703,0.87749,-0.59189,1,0.65928,-2.5404e-06,0,0,0,0,0.94682,999,999,999,1.5575,0.25104,0,0.8966,0.1725,2.5404e-06,9999,1,-1,0,4.8828,0.25104,0,0,0,0,0,0,0,0,1,999,999,999,0,0,0,0,0,0,0,0,0,0,0,0,0,0,0,0,0,0.021816,1.0703,1,0.92706,0.86436,1,0.65928,0.47026,0,0,0,0,0,0,0,1
0,0,0,0,0,0,0,0,0.34184,2.2283,-0.92372,1,-0.00013068,-0.00012627,1.4927e-05,3,0,0,0.62665,999,999,999,0.69396,0.56543,0.39517,0.93573,0.1688,5.689e-07,9999,0,-1,664.06,4.0527,0.22627,0,0,0,0,0,0,0,0,1,999,999,999,0,0,0,0,0,0,0,0,0,0,0,0,0,0,0,0,0,0,0,0,0,0.43735,1,1.2825e-06,0.65289,0,0,0,0,0,0,0,0
0,0,0,0,1.5782,0.21746,-0.34488,-1,0.90995,0.81706,0.48658,1,-0.00066951,-0.00034846,5.0917e-05,0,0,0,1.1775,-0.63277,-0.95509,-0.95846,2.4923,0.49934,0.59528,0,0,0,0,0,0,0,0,0,0,0,0,0,0,0,0,0,0,0,0,0,0,0,0,0,0,0,0,0,0,0,0,0,0,0,0,0,0,0.010615,1.5782,-1,0.97684,0,0,0,0,0,0,0,0,0,0,0,0
1.803,0,-0.97717,1,0,0,0,0,0,0,0,0,0.044328,0,0,0,0,0,1.0341,999,999,999,1.24,0,0,0,0,0,0,0,0,0,0,0,0,0,0,0,0,0,0,0,0,0,0,0,0,0,0,0,0,0,0,0,0,0,0,0,0,0,0,0,0,0.011767,1.803,1,0.99168,0,0,0,0,0,0,0,0,0,0,0,1
0,0,0,0,0,0,0,0,0.66627,1.1439,-0.6893,-1,0.99909,-0.0021657,0.00032066,3,0,0,1.272,0.51894,0.7317,-0.83995,0.37296,0.88126,0.74494,0.99963,0.096959,1.2473e-06,9999,0,1,0,8.4961,0.1244,0,0,0,0,0,0,0,0,1,0.66627,0.9011,-0.89805,0,0,0,0,0,10,0.096959,1.2473e-06,9999,1,0,8.4961,0.1244,0.66627,0.9011,-0.89805,0,0.0041994,0.81735,-1,0.9917,0.98936,-1,-0.0021657,-0.90321,0,0,0,0,0,0,0,1
0,0,0,0,0,0,0,0,1.395,0.24455,-0.40921,1,0.4355,0,0,0,0,0,0.59255,999,999,999,0.89244,0,0,0,0,0,0,0,0,0,0,0,0,0,0,0,0,0,0,0,0,0,0,0,0,0,0,0,0,0,0,0,0,0,0,0,0,0,0,0,0,0.018872,1.395,1,0.94572,0,0,0,0,0,0,0,0,0,0,0,1
0,0,0,0,0.66966,0.25297,0.20743,-1,0.28281,0.25297,-0.73706,1,-0.013854,-0.00018734,3.7903e-06,3,1,0.49986,0.69276,999,999,999,0.80356,0.81949,0.43742,0,0,0,0,0,0,0,0,0,0,0,0,0,0,0,0,0,0,0,0,0,0,0,0,0,0,0,0,0,0,0,0,0,0,0,0,0,0,0.013565,0.66966,-1,0.84378,0,0,0,0,0,0,0,0,0,0,0,0
0,0,0,0,0,0,0,0,0.71463,0.39395,-0.3755,-1,-0.97463,2.5086e-05,-4.26e-07,1,0,0,0.86609,999,999,999,0.8108,0.4854,0.16402,0.42222,0.1813,4.26e-07,9999,1,-1,585.94,5.8105,0.16402,0,0,0,0,0,0,0,0,1,999,999,999,0,0,0,0,0,0,0,0,0,0,0,0,0,0,0,0,0,0.014802,0.71463,-1,0.90642,0.43743,1,2.5086e-05,0.015505,0,0,0,0,0,0,0,0
0,0,0,0,0,0,0,0,0.24269,0,-0.55102,1,-0.075384,0.0023507,2.9597e-06,2,0,0,0.23913,999,999,999,0.97444,0.6031,0.29921,0.86619,0.24269,2.9597e-06,9999,1,1,463.87,3.7109,0.29921,0,0,0,0,0,0,0,0,1,999,999,999,0,0,0,0,0,0,0,0,0,0,0,0,0,0,0,0,0,0,0,0,0,-0.32331,-1,-0.075384,-0.0047252,0,0,0,0,0,0,0,0
0,0,0,0,0,0,0,0,1.2573,0.84988,-0.8458,1,0.94072,0.051017,-3.8108e-05,0,0,0,1.5398,1.2573,-0.97355,-0.98248,1.0673,1.184,0.59532,0.90031,0.16331,7.8378e-07,9999,1,-1,473.63,4.541,0.27845,0,0,0,0,0,0,0,0,1,1.2573,0.97355,-0.79821,0,0,0,0,0,10,0.16331,7.8378e-07,9999,-1,473.63,4.541,0.27845,1.2573,0.97355,-0.79821,-2,0.0055111,1.2573,1,0.97355,0.79917,1,0.94072,0.55579,0,0,0,0,0,0,0,1
0,0,0,0,0,0,0,0,1.6523,1.3583,-0.72272,1,0.62532,-0.00079469,0.00034678,1,0,0,1.2272,0.52976,-0.95406,-0.70358,2.6612,0.77673,0.32057,0.9523,0.18792,1.2137e-06,9999,0,-1,0,13.281,0.10354,0,0,0,0,0,0,0,0,1,1.6523,0.87846,-0.69086,0,0,0,0,0,10,0.18792,1.2137e-06,9999,-1,0,13.281,0.10354,1.6523,0.87846,-0.69086,-5,0.011625,1.6523,1,0.87846,-0.69086,1,0.62532,0.59338,0,0,0,0,0,0,0,1
0,0,0,0,0,0,0,0,0.91118,0.27117,-0.89723,1,0.16186,0.0012051,-1.7693e-05,1,0,0,0.98768,999,999,999,0.93593,0.8176,0.44722,0,0,0,0,0,0,0,0,0,0,0,0,0,0,0,0,0,0,0,0,0,0,0,0,0,0,0,0,0,0,0,0,0,0,0,0,0,0,0.012746,0.91118,1,0.78719,0,0,0,0,0,0,0,0,0,0,0,0
0.39571,2.9579,-0.79522,1,0,0,0,0,1.3124,1.4565,-0.86916,1,-0.98479,0.0037863,0.00017926,5,0,0,1.419,999,999,999,0.65921,1.9184,0.19049,0.9721,0.16162,7.1971e-07,9999,1,-1,512.7,3.9551,0.26579,0,0,0,0,0,0,0,0,1,999,999,999,0,0,0,0,0,10,0.1485,0.00017926,9999,1,600.59,0,0.19049,0.69868,0.95803,-0.89183,6,0.014193,1.3124,1,0.98629,-0.89183,-1,-0.98479,-0.33334,0.39571,2.9579,-0.79522,1,1,0.057607,0.63319,0
0,0,0,0,0,0,0,0,0.69771,0,-0.55208,1,0.94892,-5.8423e-05,1.8359e-05,0,0,0,0.94548,0.53885,0.66221,-0.011601,0.90327,0.58352,0.45099,0.77312,0.090331,1.2184e-06,9999,1,-1,0,25.391,0.077204,0,0,0,0,0,0,0,0,1,999,999,999,0,0,0,0,0,0,0,0,0,0,0,0,0,0,0,0,0,0.028857,0.55196,-1,0.50117,0.43579,1,0.94892,0.69193,0,0,0,0,0,0,0,1
0,0,0,0,0,0,0,0,0.70839,0.8352,-0.62987,-1,-0.01188,-5.5307e-05,3.3205e-06,0,0,0,0.75677,999,999,999,1.0353,0.61332,0.27822,0.54418,0.13488,3.9251e-07,9999,1,1,751.95,7.2266,0.14229,0,0,0,0,0,0,0,0,1,999,999,999,0,0,0,0,0,0,0,0,0,0,0,0,0,0,0,0,0,0.0018301,0.70839,-1,0.83654,0.62354,-1,-0.01188,-0.24701,0,0,0,0,0,0,0,1
1.3592,0.65788,-0.78746,-1,0,0,0,0,0.94847,0.49256,0.20941,1,-0.016407,0.0025715,1.5883e-06,0,0,0,1.3801,999,999,999,1.0468,1.2571,0.25196,0,0,0,0,0,0,0,0,0,0,0,0,0,0,0,0,0,0,0,0,0,0,0,0,0,0,0,0,0,0,0,0,0,0,0,0,0,0,0.0024642,1.3592,-1,0.96091,0,0,0,0,0,0,0,0,0,0,0,0
0,0,0,0,0,0,0,0,0.78714,0.44601,-0.20911,1,9.4927e-05,-1.2837e-05,-1.1947e-05,0,0,0,0.98657,999,999,999,0.83096,0.4165,0.41001,0.29722,0.11928,4.3914e-07,9999,1,-1,664.06,5.6641,0.17153,0,0,0,0,0,0,0,0,1,0.52104,0.69076,-0.089403,0,0,0,0,0,10,0.11928,4.3914e-07,9999,-1,664.06,5.6641,0.17153,0.52104,0.69076,-0.089403,-0,0.0092113,0.78714,1,0.98873,0.40905,1,9.4927e-05,0.28937,0,0,0,0,0,0,0,0
0,0,0,0,0.80156,1.0853,-0.58131,-1,1.5368,0,-0.51325,1,0.39154,-0.083367,0,0,0,0,0.83119,999,999,999,0.94864,1.1846,0,0,0,0,0,0,0,0,0,0,0,0,0,0,0,0,0,0,0,0,0,0,0,0,0,0,0,0,0,0,0,0,0,0,0,0,0,0,0,0.00099322,1.5368,1,0.98758,0,0,0,0,0,0,0,0,0,0,0,1
0,0,0,0,0,0,0,0,1.6049,0.49222,0.41191,-1,-0.041048,0.0076219,0.00090337,0,0,0,1.8199,999,999,999,1.6063,1.658,0.54353,0,0,0,0,0,0,0,0,0,0,0,0,0,0,0,0,0,0,0,0,0,0,0,0,0,0,0,0,0,0,0,0,0,0,0,0,0,0,0.0027326,1.6049,-1,0.99184,0,0,0,0,0,0,0,0,0,0,0,0
0,0,0,0,0,0,0,0,1.5794,0.77388,-0.69979,1,-0.36713,0.023944,-5.9196e-05,1,1,0.49601,1.3807,999,999,999,1.1046,1.2544,0.62974,0.55137,0.18264,5.3076e-06,9999,1,1,0,3.8086,0.31906,0,0,0,0,0,0,0,0,1,999,999,999,0,0,0,0,0,0,0,0,0,0,0,0,0,0,0,0,0,0.018672,1.5794,1,0.98883,0.74807,-1,-0.36713,-0.022003,0,0,0,0,0,0,0,0
0.56234,1.6736,-0.37178,1,0,0,0,0,1.5229,0.36628,-0.38115,-1,-0.96514,0.10604,-0.00024381,0,1,0.50159,1.7251,999,999,999,1.9912,0.70298,0.71045,0,0,0,0,0,0,0,0,0,0,0,0,0,0,0,0,0,0,0,0,0,0,0,0,0,0,0,0,0,0,0,0,0,0,0,0,0,0,0.0028567,1.5229,-1,0.97593,0,0,0,0,0.56234,1.6736,-0.37178,1,1,0.01434,0.72516,0
0,0,0,0,0,0,0,0,1.2768,0.96459,0.14017,1,-0.9729,0.68306,-0.037112,0,0,0,1.6342,-0.82482,-0.61597,-0.76514,0.91416,1.8311,1.0782,0,0,0,0,0,0,0,0,0,0,0,0,0,0,0,0,0,0,0,0,0,0,0,0,0,0,0,0,0,0,0,0,0,0,0,0,0,0,0.008174,1.2768,1,0.97502,0,0,0,0,0,0,0,0,0,0,0,0
0,0,0,0,0,0,0,0,1.1616,0,-0.62502,-1,0.97025,0.034432,-0.022819,0,0,0,1.4676,0.82528,-0.93567,-0.58393,0.72806,1.077,1.4438,0,0,0,0,0,0,0,0,0,0,0,0,0,0,0,0,0,0,0,0,0,0,0,0,0,0,0,0,0,0,0,0,0,0,0,0,0,0,0.0016096,1.1616,-1,0.83279,0,0,0,0,0,0,0,0,0,0,0,1
0,0,0,0,1.6026,0.15865,-0.53426,1,0.36505,0.56797,0.52572,-1,0.0073901,-5.861e-07,-3.5517e-07,1,0,0,1.2986,999,999,999,2.3535,0.23172,0.11222,0.35784,0.15242,3.5517e-07,9999,1,-1,1162.1,10.938,0.11222,0,0,0,0,0,0,0,0,1,1.6026,0.89956,-0.48034,0,0,0,0,0,10,0.15242,3.5517e-07,9999,-1,1162.1,10.938,0.11222,1.6026,0.89956,-0.48034,-0,0.0051143,1.6026,1,0.89956,-0.48034,1,0.0073901,0.085583,0,0,0,0,0,0,0,1
0,0,0,0,0,0,0,0,0.6401,1.212,0.079184,-1,0.00088886,8.7943e-05,6.2776e-05,0,0,0,1.3484,0.75139,-0.88853,-0.74493,0.38981,0.77754,0.64449,0.84912,0.12644,1.5374e-06,9999,1,-1,0,7.7148,0.18184,0,0,0,0,0,0,0,0,1,0.57525,0.92476,-0.96223,0,0,0,0,0,10,0.12644,1.5374e-06,9999,-1,0,7.7148,0.18184,0.57525,0.92476,-0.96223,-2,0.016339,0.75139,1,0.88853,0.87839,1,8.7943e-05,0.6325,0,0,0,0,0,0,0,1
0.89362,0.32306,-0.95098,-1,0,0,0,0,0.94558,0.32306,-0.91882,1,-0.0019095,0.0001287,0,0,0,0,0.94647,999,999,999,0.7532,0.66549,0,0,0,0,0,0,0,0,0,0,0,0,0,0,0,0,0,0,0,0,0,0,0,0,0,0,0,0,0,0,0,0,0,0,0,0,0,0,0,0.01593,0.94558,1,0.92161,0,0,0,0,0.89362,0.32306,-0.95098,-1,1,0.0022899,0.92304,0
0,0,0,0,0,0,0,0,1.0856,1.1611,-0.47889,1,0.96239,0.00048946,-0.00031311,1,0,0,1.2147,999,999,999,1.2349,0.27515,0.7583,0,0,0,0,0,0,0,0,0,0,0,0,0,0,0,0,0,0,0,0,0,0,0,0,0,0,0,0,0,0,0,0,0,0,0,0,0,0,0.00095801,1.0856,1,0.98469,0,0,0,0,0,0,0,0,0,0,0,1
0,0,0,0,0,0,0,0,1.3739,0.80194,-0.61841,-1,-0.0071234,-4.5456e-06,3.6344e-07,0,0,0,1.4048,999,999,999,1.5365,0.33158,0.11954,0.8001,0.1593,3.6344e-07,9999,1,1,839.84,11.914,0.11954,0,0,0,0,0,0,0,0,1,999,999,999,0,0,0,0,0,0,0,0,0,0,0,0,0,0,0,0,0,0.00079372,1.3739,-1,0.87555,0.58432,-1,-0.0071234,-0.32632,0,0,0,0,0,0,0,1
0,0,0,0,0,0,0,0,1.3394,0.33884,-0.94432,-1,-0.11356,9.1978e-07,0,0,0,0,1.216,999,999,999,1.2079,0.30032,0,0.96406,0.19448,9.1978e-07,9999,1,1,664.06,3.6621,0.30032,0,0,0,0,0,0,0,0,1,1.3394,0.90277,-0.75909,0,0,0,0,0,10,0.19448,9.1978e-07,9999,1,664.06,3.6621,0.30032,1.3394,0.90277,-0.75909,1,0.0066639,1.3394,-1,0.90277,-0.75909,-1,-0.11356,-0.60234,0,0,0,0,0,0,0,1
0,0,0,0,0,0,0,0,1.5239,0.33116,0.0091056,-1,-0.095684,-0.0072612,-0.00059887,2,0,0,1.3388,-1.5239,-0.97491,-0.56832,1.0854,1.1111,0.34542,0.99369,0.15407,6.3206e-07,9999,1,1,644.53,4.1992,0.24491,0,0,0,0,0,0,0,0,1,1.5239,0.97491,-0.94744,0,0,0,0,0,10,0.15407,6.3206e-07,9999,1,644.53,4.1992,0.24491,1.5239,0.97491,-0.94744,5,0.0003217,1.5239,-1,0.97491,0.59441,-1,-0.095684,-0.88473,0,0,0,0,0,0,0,0
0,0,0,0,0,0,0,0,0.83027,0.1184,-0.44017,-1,-0.61689,0.00026252,0,0,0,0,0.80986,999,999,999,1.3887,0.95913,0,0,0,0,0,0,0,0,0,0,0,0,0,0,0,0,0,0,0,0,0,0,0,0,0,0,0,0,0,0,0,0,0,0,0,0,0,0,0,0.019319,0.83027,-1,0.69041,0,0,0,0,0,0,0,0,0,0,0,0
0,0,0,0,1.2449,0.39726,-0.31935,1,0.65362,0.13621,-0.18641,1,0.27553,-6.3913e-05,2.8798e-05,0,1,0.49886,1.1393,0.65362,-0.93202,-0.76215,1.9431,0.65091,0.45291,0.79458,0.14489,4.3195e-07,9999,1,-1,810.55,5.5176,0.16749,0,0,0,0,0,0,0,0,1,1.2449,0.85177,-0.41033,0,0,0,0,0,10,0.14622,6.7556e-07,9999,-1,532.23,4.0527,0.25588,0.65362,0.93202,-0.77757,-8,0.011524,1.2449,1,0.85177,-0.41033,1,0.27553,0.43616,0,0,0,0,0,0,0,1
1.74,0.16431,-0.97454,-1,0,0,0,0,0.51953,0.464,0.15608,-1,-0.0010717,0.00021491,-0.0001211,1,0,0,1.7463,-0.51953,-0.40343,-0.35095,2.239,0.2474,0.74661,0,0,0,0,0,0,0,0,0,0,0,0,0,0,0,0,0,0,0,0,0,0,0,0,0,0,0,0,0,0,0,0,0,0,0,0,0,0,0.013101,1.74,-1,0.99403,0,0,0,0,0,0,0,0,0,0,0,0
0,0,0,0,0,0,0,0,1.9309,0.29506,-0.93073,1,0.48389,-0.064042,6.6065e-07,0,0,0,1.8519,999,999,999,2.8376,1.2074,0.25227,0.51715,0.14845,3.3611e-07,9999,1,-1,3242.2,16.016,0.09352,0,0,0,0,0,0,0,0,1,1.9309,0.88788,-0.70512,0,0,0,0,0,10,0.14845,3.3611e-07,9999,-1,3242.2,16.016,0.09352,1.9309,0.88788,-0.70512,-6,0.0040848,1.9309,1,0.88788,-0.70512,1,0.48389,0.14123,0,0,0,0,0,0,0,1
1.8601,0.15233,-0.99206,1,0,0,0,0,0.32819,0.15233,-0.71636,-1,0.04835,0.00030119,-2.642e-05,1,0,0,1.7798,1.8601,-0.99263,-0.97891,1.2922,1.7986,0.48716,0.99559,0.061031,1.2357e-06,9999,1,-1,0,8.6914,0.11913,0,0,0,0,0,0,0,0,1,1.8601,0.99263,-0.99741,0,0,0,0,0,10,0.061031,1.2357e-06,9999,-1,0,8.6914,0.11913,1.8601,0.99263,-0.99741,-2,0.0084441,1.8601,1,0.99263,0.98987,1,0.04835,0.88417,0,0,0,0,0,0,0,1
0,0,0,0,0,0,0,0,0.38108,1.0994,-0.50181,1,1.3593e-05,-5.3251e-07,0,0,0,0,0.40137,999,999,999,0.42175,0.21363,0,0.76614,0.13927,5.3251e-07,9999,1,-1,541.99,4.2969,0.21363,0,0,0,0,0,0,0,0,1,999,999,999,0,0,0,0,0,0,0,0,0,0,0,0,0,0,0,0,0,0,0,0,0,-0.80052,1,1.3593e-05,0.43439,0,0,0,0,0,0,0,0
0,0,0,0,0,0,0,0,0.34233,0.51978,0.86599,1,0.99714,0.8056,-4.4251e-05,0,0,0,0.68752,999,999,999,0.53202,0.16285,0.56763,0,0,0,0,0,0,0,0,0,0,0,0,0,0,0,0,0,0,0,0,0,0,0,0,0,0,0,0,0,0,0,0,0,0,0,0,0,0,0.0076744,0.55714,-1,0.80529,0,0,0,0,0,0,0,0,0,0,0,1
0,0,0,0,0,0,0,0,0.47348,1.6149,-0.86411,-1,0.99986,-0.00051514,-0.00014188,4,1,0.4968,0.90995,999,999,999,0.31532,0.29099,0.69171,0.66262,0.17102,8.2254e-07,9999,0,1,424.8,4.2969,0.28529,0,0,0,0,0,0,0,0,1,0.50665,0.8925,-0.36463,0,0,0,0,0,10,0.17102,8.2254e-07,9999,1,424.8,4.2969,0.28529,0.50665,0.8925,-0.36463,0,0.0089107,0.50665,-1,0.8925,0.86181,-1,-0.00014188,-0.0040123,0,0,0,0,0,0,0,1
0,0,0,0,0,0,0,0,0.76314,0.70231,-0.68189,1,-0.9989,0.99027,-2.3827e-05,0,0,0,0.77758,999,999,999,0.47018,0.56605,0.47408,0,0,0,0,0,0,0,0,0,0,0,0,0,0,0,0,0,0,0,0,0,0,0,0,0,0,0,0,0,0,0,0,0,0,0,0,0,0,0.0013471,0.76314,1,0.94306,0,0,0,0,0,0,0,0,0,0,0,0
0,0,0,0,0,0,0,0,0.47721,1.4007,-0.68822,-1,0.99963,-0.98289,-0.00010092,0,0,0,0.85929,999,999,999,0.34359,0.75795,0.63306,0,0,0,0,0,0,0,0,0,0,0,0,0,0,0,0,0,0,0,0,0,0,0,0,0,0,0,0,0,0,0,0,0,0,0,0,0,0,0,0,0,0,0,0,0,0,0,0,0,0,0,0,0,0
0,0,0,0,0,0,0,0,0.89994,0.85226,0.22073,1,0.000868,-0.00011936,-4.7085e-05,2,1,0.49841,1.1504,999,999,999,0.87101,0.8599,0.57908,0.28282,0.24917,2.1683e-06,9999,1,1,478.52,3.5156,0.39134,0,0,0,0,0,0,0,0,1,0.62829,0.52946,-0.18193,0,0,0,0,0,10,0.24917,2.1683e-06,9999,1,478.52,3.5156,0.39134,0.62829,0.52946,-0.18193,4,0.0086227,0.89994,1,0.77659,-0.18193,-1,-0.00011936,-8.3894e-05,0,0,0,0,0,0,0,1
0,0,0,0,0,0,0,0,1.3771,0.35622,-0.055017,1,-0.99023,-0.58434,6.1287e-05,0,0,0,1.9991,-1.5015,-0.59449,-0.077255,0.67479,2.0645,1.8818,0.81549,0.17097,3.7131e-07,9999,1,1,654.3,2.9785,0.12613,0,0,0,0,0,0,0,0,1,999,999,999,0,0,0,0,0,0,0,0,0,0,0,0,0,0,0,0,0,0.004659,1.5015,-1,0.59449,0.36931,-1,-0.99023,-0.25436,0,0,0,0,0,0,0,0
0,0,0,0,0,0,0,0,0.57935,0.98633,0.22132,1,0.93462,-0.0025141,-0.0015521,1,0,0,0.84834,999,999,999,0.80334,0.69932,0.45657,0,0,0,0,0,0,0,0,0,0,0,0,0,0,0,0,0,0,0,0,0,0,0,0,0,0,0,0,0,0,0,0,0,0,0,0,0,0,0.012295,0.57935,1,0.81381,0,0,0,0,0,0,0,0,0,0,0,1
0,0,0,0,1.1758,0.41009,0.51522,-1,1.3878,0.46215,-0.87089,-1,-0.059457,0.013539,-0.0031821,1,0,0,1.73,-1.3878,-0.93826,-0.6744,1.3161,0.62048,1.2432,0.94401,0.061974,1.2151e-06,9999,0,1,0,15.82,0.10509,0,0,0,0,0,0,0,0,1,1.1758,0.87505,-0.98475,0,0,0,0,0,10,0.061974,1.2151e-06,9999,1,0,15.82,0.10509,1.1758,0.87505,-0.98475,0,0.0031676,1.3878,-1,0.93826,0.78027,-1,-0.0031821,-0.82132,0,0,0,0,0,0,0,0
0,0,0,0,0,0,0,0,1.8255,0,-0.57318,1,0.23429,-0.022026,0.0099135,1,0,0,1.2526,1.8255,-0.99405,-0.8253,1.1205,0.93673,1.2881,0,0,0,0,0,0,0,0,0,0,0,0,0,0,0,0,0,0,0,0,0,0,0,0,0,0,0,0,0,0,0,0,0,0,0,0,0,0,0.018919,1.8255,1,0.99405,0,0,0,0,0,0,0,0,0,0,0,1
0,0,0,0,0,0,0,0,0.65133,1.6171,-0.73418,-1,-0.018965,0.00061911,-0.00014642,0,0,0,1.1809,-0.85492,-0.98036,-0.5021,0.98517,0.49251,0.88596,0.23922,0.19025,1.1111e-06,9999,1,1,488.28,2.9297,0.32361,0,0,0,0,0,0,0,0,1,0.85492,0.98036,-0.043067,0,0,0,0,0,10,0.19025,1.1111e-06,9999,1,488.28,2.9297,0.32361,0.85492,0.98036,-0.043067,0,0.007182,0.85492,-1,0.98036,0.86653,-1,-0.018965,-0.0036478,0,0,0,0,0,0,0,0
0,0,0,0,0,0,0,0,2.0062,0.30591,0.63392,-1,-0.57776,-0.043734,0.00023857,0,0,0,1.2032,-2.0062,-0.99019,-0.59862,0.94242,1.3515,0.72612,0,0,0,0,0,0,0,0,0,0,0,0,0,0,0,0,0,0,0,0,0,0,0,0,0,0,0,0,0,0,0,0,0,0,0,0,0,0,0.0079628,2.0062,-1,0.99019,0,0,0,0,0,0,0,0,0,0,0,0
0.4315,1.1278,0.56812,-1,1.8119,0,-0.97603,1,0.69567,0.70624,0.27389,1,0.82954,0.024956,-5.1159e-05,0,0,0,1.8534,1.8119,-0.99442,-0.47528,0.95922,1.6813,0.47947,0.94485,0.088512,1.2897e-06,9999,1,-1,0,7.7148,0.13853,0,0,0,0,0,0,0,0,1,1.8119,0.99442,-0.91309,0,0,0,0,0,10,0.088512,1.2897e-06,9999,-1,0,7.7148,0.13853,1.8119,0.99442,-0.91309,-2,0.0022234,1.8119,1,0.99442,0.71603,1,0.82954,0.82202,0.4315,1.1278,0.56812,-1,1,0.0078677,0.28778,1
0,0,0,0,0,0,0,0,0.85016,0.70666,-0.90702,-1,0.99081,-0.083942,9.1228e-05,1,0,0,1.0784,999,999,999,0.54143,1.0483,0.82606,0.32791,0.093754,1.4567e-06,9999,0,-1,0,5.0781,0.17107,0,0,0,0,0,0,0,0,1,999,999,999,0,0,0,0,0,0,0,0,0,0,0,0,0,0,0,0,0,0.0064896,0.85016,-1,0.92469,-0.020899,1,0.99081,0.47425,0,0,0,0,0,0,0,1
0,0,0,0,0,0,0,0,1.3023,0.9508,-0.96294,1,0.044456,0.0039333,-5.474e-07,0,0,0,1.4045,999,999,999,1.4204,0.93183,0.219,0.9823,0.1777,5.474e-07,9999,1,-1,571.29,5.127,0.219,0,0,0,0,0,0,0,0,1,1.3023,0.96714,-0.99613,0,0,0,0,0,10,0.1777,5.474e-07,9999,-1,571.29,5.127,0.219,1.3023,0.96714,-0.99613,-2,0.0020779,1.3023,1,0.96714,-0.99613,1,0.044456,0.80209,0,0,0,0,0,0,0,1
0,0,0,0,1.2757,0.51471,-0.62135,-1,0.27964,1.4524,-0.96756,1,-0.029719,1.2716e-05,-1.1919e-05,1,0,0,1.3187,999,999,999,1.2959,0.41564,0.51856,0.62983,0.24839,7.344e-07,9999,1,1,478.52,3.9062,0.26886,0,0,0,0,0,0,0,0,1,1.2757,0.97633,-0.74841,0,0,0,0,0,10,0.24839,7.344e-07,9999,1,478.52,3.9062,0.26886,1.2757,0.97633,-0.74841,5,0.003748,1.2757,-1,0.97633,0.26913,-1,-1.1919e-05,-0.00014635,0,0,0,0,0,0,0,0
0.91066,0,-0.97706,-1,0,0,0,0,0,0,0,0,-0.000271,2.2041e-06,0,0,0,0,0.62933,999,999,999,0.65117,0.27703,0,0,0,0,0,0,0,0,0,0,0,0,0,0,0,0,0,0,0,0,0,0,0,0,0,0,0,0,0,0,0,0,0,0,0,0,0,0,0,0.0097721,0.91066,-1,0.97706,0,0,0,0,0.38239,0,-0.79857,1,2,0.0046817,0.79857,0
0,0,0,0,0,0,0,0,0.44625,0.088875,-0.96089,-1,-0.99998,0.0064783,6.1948e-05,1,1,0.49182,0.638,999,999,999,0.25287,0.6215,0.32649,0.82886,0.10822,3.569e-07,9999,1,1,986.33,11.23,0.11378,0,0,0,0,0,0,0,0,1,999,999,999,0,0,0,0,0,0,0,0,0,0,0,0,0,0,0,0,0,0,0,0,0,-0.086868,-1,-0.99998,-0.67203,0,0,0,0,0,0,0,0
0,0,0,0,0,0,0,0,0.57553,0.3217,-0.41527,-1,-0.00044563,0.00013039,-5.4984e-06,0,0,0,0.48756,999,999,999,0.34886,0.68413,0.34619,0,0,0,0,0,0,0,0,0,0,0,0,0,0,0,0,0,0,0,0,0,0,0,0,0,0,0,0,0,0,0,0,0,0,0,0,0,0,0.0051792,0.57553,-1,0.68675,0,0,0,0,0,0,0,0,0,0,0,1
0,0,0,0,0,0,0,0,0.78011,0.73209,0.73881,-1,-0.99718,0.95312,-2.3978e-06,0,0,0,0.88505,999,999,999,0.54447,1.2018,0.28338,0.95991,0.12699,5.8145e-07,9999,1,1,683.59,5.3223,0.23028,0,0,0,0,0,0,0,0,1,0.78011,0.99714,-0.96799,0,0,0,0,0,10,0.12699,5.8145e-07,9999,1,683.59,5.3223,0.23028,0.78011,0.99714,-0.96799,0,0.013671,0.78011,-1,0.99714,-0.96799,-1,-0.99718,-0.83267,0,0,0,0,0,0,0,1
0,0,0,0,1.1156,0,-0.36545,1,0.9852,0,-0.21998,-1,0.0023862,-0.00011219,1.7298e-05,0,0,0,1.3581,999,999,999,1.4797,0.80012,0.44494,0,0,0,0,0,0,0,0,0,0,0,0,0,0,0,0,0,0,0,0,0,0,0,0,0,0,0,0,0,0,0,0,0,0,0,0,0,0,0.01009,1.1156,1,0.83968,0,0,0,0,0,0,0,0,0,0,0,1
0,0,0,0,0,0,0,0,0.92826,0.75067,-0.69666,1,-0.99981,0.94917,-0.13348,1,0,0,1.585,-0.85288,0.85591,-0.8116,0.37464,0.61172,1.053,0.19814,0.12425,4.0721e-07,9999,0,1,830.08,3.2715,0.15234,0,0,0,0,0,0,0,0,1,0.85288,0.85591,-0.67601,0,0,0,0,0,10,0.12425,4.0721e-07,9999,1,830.08,3.2715,0.15234,0.85288,0.85591,-0.67601,0,0.016706,0.92826,1,0.60199,0.1533,-1,-0.99981,-0.2241,0,0,0,0,0,0,0,0
0,0,0,0,0,0,0,0,0.88181,0.76207,-0.82832,1,0.010803,-0.00012272,0,0,1,0.49168,1.0059,999,999,999,0.99327,0.76076,0,0,0,0,0,0,0,0,0,0,0,0,0,0,0,0,0,0,0,0,0,0,0,0,0,0,0,0,0,0,0,0,0,0,0,0,0,0,0,0.056362,0.88181,1,0.85041,0,0,0,0,0,0,0,0,0,0,0,0
0,0,0,0,0,0,0,0,0.53465,1.1739,-0.93088,-1,0.95381,1.7364e-05,-1.8232e-06,1,0,0,0.63093,999,999,999,0.36583,0.44521,0.37544,0.070379,0.11952,4.9537e-07,9999,1,-1,810.55,5.3711,0.19885,0,0,0,0,0,0,0,0,1,999,999,999,0,0,0,0,0,0,0,0,0,0,0,0,0,0,0,0,0,0.014772,0.53465,-1,0.44912,0.3494,1,0.95381,0.22265,0,0,0,0,0,0,0,0
0,0,0,0,0,0,0,0,0.89968,0.46075,-0.99643,1,0.00030976,0.0001323,2.2312e-05,1,0,0,0.82651,999,999,999,0.3064,0.69607,0.47064,0.76497,0.12708,4.2568e-07,9999,1,-1,800.78,5.127,0.16383,0,0,0,0,0,0,0,0,1,999,999,999,0,0,0,0,0,0,0,0,0,0,0,0,0,0,0,0,0,0.017662,0.89968,1,0.95458,0.80692,1,2.2312e-05,0.52,0,0,0,0,0,0,0,0
0,0,0,0,0,0,0,0,0.3153,0.21209,-0.0666,-1,-0.99811,-3.0903e-05,4.5146e-06,0,0,0,0.71406,-0.63341,-0.92361,-0.42559,0.39723,0.51074,0.33105,0.77716,0.2085,1.2106e-06,9999,1,1,522.46,5.2734,0.23053,0,0,0,0,0,0,0,0,1,999,999,999,0,0,0,0,0,0,0,0,0,0,0,0,0,0,0,0,0,0.0069342,0.63341,-1,0.92361,-0.92867,-1,-0.99811,-0.018854,0,0,0,0,0,0,0,0
0,0,0,0,0,0,0,0,0.84079,0.92238,-0.85079,1,-0.99831,0.99823,-0.017224,0,0,0,1.0376,-0.6063,-0.74443,-0.36364,0.39342,0.50775,0.84512,0,0,0,0,0,0,0,0,0,0,0,0,0,0,0,0,0,0,0,0,0,0,0,0,0,0,0,0,0,0,0,0,0,0,0,0,0,0,0.02309,0.84079,1,0.58213,0,0,0,0,0,0,0,0,0,0,0,1
0,0,0,0,0,0,0,0,0.8772,0.9007,0.48349,-1,-0.97696,-0.14473,4.9795e-05,1,0,0,1.0728,-0.75535,0.97561,-0.92374,0.80752,1.1787,0.46971,0.62258,0.18125,5.9171e-07,9999,1,1,595.7,4.1016,0.23343,0,0,0,0,0,0,0,0,1,0.8772,0.96323,-0.79829,0,0,0,0,0,10,0.18125,5.9171e-07,9999,1,595.7,4.1016,0.23343,0.8772,0.96323,-0.79829,4,0.0053132,0.8772,-1,0.96323,-0.79829,-1,-0.97696,-0.034266,0,0,0,0,0,0,0,0
0,0,0,0,0,0,0,0,1.5519,0.73107,-0.26494,-1,-0.99323,-0.00024963,-0.00011176,0,0,0,1.6324,-1.5519,0.90662,-0.17459,0.43853,0.67633,2.1088,0.9792,0.13063,3.4846e-07,9999,1,1,2089.8,11.523,0.10594,1,0,2.3937,1.0467,-0.49672,0.24449,0.009711,0.0067821,1,1.5519,0.90662,-0.96798,0,0,0,0,0,10,0.13063,3.4846e-07,9999,1,2089.8,11.523,0.10594,1.5519,0.90662,-0.96798,4,0.0032365,1.5519,-1,0.90662,0.41479,-1,-0.99323,-0.86946,0,0,0,0,0,0,0,0
0,0,0,0,0,0,0,0,0.85815,0.65299,0.21138,1,7.3107e-05,1.3782e-05,0,0,0,0,0.75296,999,999,999,0.66664,0.42303,0,0,0,0,0,0,0,0,0,0,0,0,0,0,0,0,0,0,0,0,0,0,0,0,0,0,0,0,0,0,0,0,0,0,0,0,0,0,0,0.013506,0.85815,1,0.9113,0,0,0,0,0,0,0,0,0,0,0,0
0,0,0,0,0,0,0,0,2.0106,0.24745,-0.9975,-1,-0.0075351,0.00030368,1.0279e-05,1,0,0,1.0714,999,999,999,1.3349,0.30379,0.50863,0.83841,0.12419,5.0892e-07,9999,1,-1,966.8,5.5664,0.20449,0,0,0,0,0,0,0,0,1,999,999,999,0,0,0,0,0,10,0.17415,0.00030368,9999,1,541.99,0,0.30379,2.0106,0.9931,-0.96779,0,0.025447,2.0106,-1,0.9931,0.75743,1,0.00030368,0.62668,0,0,0,0,0,0,0,0
0,0,0,0,1.7016,0.55994,-0.76682,-1,0.40888,1.3379,-0.65487,-1,-0.026702,6.5989e-06,-6.8165e-07,0,0,0,1.5509,999,999,999,1.4984,0.36047,0.25731,0,0,0,0,0,0,0,0,0,0,0,0,0,0,0,0,0,0,0,0,0,0,0,0,0,0,0,0,0,0,0,0,0,0,0,0,0,0,0.0019428,1.7016,-1,0.97483,0,0,0,0,0,0,0,0,0,0,0,0
0,0,0,0,1.0554,0,-0.74343,1,0.30676,0,0.20734,1,0.99343,0.072877,-4.8739e-05,0,0,0,1.081,999,999,999,0.4856,1.5138,0.58609,0.38799,0.15641,7.2326e-07,9999,1,-1,473.63,3.7109,0.26654,0,0,0,0,0,0,0,0,1,999,999,999,0,0,0,0,0,0,0,0,0,0,0,0,0,0,0,0,0,0.0040855,1.0554,1,0.83815,0.799,1,0.99343,0.073565,0,0,0,0,0,0,0,1
0,0,0,0,0,0,0,0,1.0412,0.71589,0.065108,1,-0.99898,0.153,0.0012046,1,2,0.49594,1.3441,999,999,999,0.37645,1.0211,0.97288,0.74754,0.059021,1.2102e-06,9999,0,-1,0,17.969,0.087704,0,1,0,0,0,0,0,0,1,0.65469,0.83626,-0.97613,0,0,0,0,0,10,0.059021,1.2102e-06,9999,-1,0,17.969,0.087704,0.65469,0.83626,-0.97613,-9,0.033738,1.0412,1,0.88346,0.011083,1,0.153,0.76054,0,0,0,0,0,0,0,0
0,0,0,0,0,0,0,0,1.0622,0.58306,-0.78033,1,0.41299,0.00057334,-0.00022584,0,0,0,1.2718,1.0622,-0.71828,-0.031878,1.0607,0.97294,0.77973,0,0,0,0,0,0,0,0,0,0,0,0,0,0,0,0,0,0,0,0,0,0,0,0,0,0,0,0,0,0,0,0,0,0,0,0,0,0,0.015356,1.0622,1,0.71828,0,0,0,0,0,0,0,0,0,0,0,1
0.91644,1.1146,-0.85774,1,0,0,0,0,0.73812,1.3626,0.12405,-1,-0.024741,0.016139,0.0058188,1,0,0,1.1846,999,999,999,0.85989,1.3492,0.59978,0.72738,0.13026,4.3409e-07,9999,1,-1,751.95,5.2246,0.1687,0,0,0,0,0,0,0,0,1,999,999,999,0,0,0,0,0,0,0,0,0,0,0,0,0,0,0,0,0,0.0078303,0.91644,1,0.82709,0.37061,1,0.016139,0.45203,0.91644,1.1146,-0.85774,1,1,0.0078303,0.82709,0
0,0,0,0,0,0,0,0,1.3243,0.41375,-0.82429,-1,-0.96328,0.009599,3.782e-05,1,0,0,1.4202,999,999,999,1.6756,0.6909,0.54032,0,0,0,0,0,0,0,0,0,0,0,0,0,0,0,0,0,0,0,0,0,0,0,0,0,0,0,0,0,0,0,0,0,0,0,0,0,0,0.01213,1.3243,-1,0.98742,0,0,0,0,0,0,0,0,0,0,0,0
0,0,0,0,1.6934,0.37995,-0.67436,-1,0.60303,1.1648,0.038859,-1,-0.99761,-0.259,6.8767e-05,2,0,0,1.3877,-1.6934,0.95858,-0.76257,0.53106,2.5446,0.58637,0.9915,0.13927,3.7181e-07,9999,0,1,2617.2,16.602,0.12654,0,0,0,0,0,0,0,0,1,1.6934,0.95858,-0.93268,0,0,0,0,0,10,0.13927,3.7181e-07,9999,1,2617.2,16.602,0.12654,1.6934,0.95858,-0.93268,2,0.011917,1.6934,-1,0.95858,0.92012,-1,-0.99761,-0.89,0,0,0,0,0,0,0,0
0,0,0,0,1.0603,1.6093,-0.88748,1,1.8095,0.39739,0.96056,1,0.74913,0.015293,-0.00012638,2,0,0,1.4484,1.0603,-0.90727,-0.89147,2.9174,0.78891,0.7689,0.96714,0.17516,1.2126e-06,9999,0,-1,0,22.07,0.08323,0,0,0,0,0,0,0,0,1,1.8095,0.99375,-0.93606,0,0,0,0,0,10,0.17516,1.2126e-06,9999,-1,0,22.07,0.08323,1.8095,0.99375,-0.93606,-2,0.011954,1.8095,1,0.99375,-0.93606,1,0.74913,0.75086,0,0,0,0,0,0,0,1
0,0,0,0,0.76074,0.14228,0.67485,1,0.84803,0.49189,-0.86567,1,0.060521,9.513e-05,-7.286e-05,2,0,0,1.2677,0.84803,-0.94345,-0.87124,1.0134,0.7096,0.68962,0,0,0,0,0,0,0,0,0,0,0,0,0,0,0,0,0,0,0,0,0,0,0,0,0,0,0,0,0,0,0,0,0,0,0,0,0,0,0.01341,0.85814,-1,0.79892,0,0,0,0,0,0,0,0,0,0,0,1
0,0,0,0,0,0,0,0,0.53891,0,0.22862,-1,0.99669,-6.9364e-05,-4.0281e-05,0,0,0,0.86781,999,999,999,0.45175,0.57878,0.55128,0.66152,0.14811,5.5483e-07,9999,1,-1,546.88,3.7109,0.22158,0,0,0,0,0,0,0,0,1,999,999,999,0,0,0,0,0,0,0,0,0,0,0,0,0,0,0,0,0,0.052927,0.80006,-1,0.70676,-0.70272,1,0.99669,0.22753,0,0,0,0,0,0,0,1
0.64107,1.4232,-0.56565,-1,0,0,0,0,0.34416,1.6929,-0.74619,1,0.99441,-0.00043012,0.00018681,3,0,0,0.73525,999,999,999,0.61896,0.72526,0.20931,0.99714,0.23887,4.5803e-06,9999,1,1,566.41,4.4922,0.33216,0,0,0,0,0,0,0,0,1,0.64107,0.77989,-0.74488,0,0,0,0,0,10,0.23887,4.5803e-06,9999,1,566.41,4.4922,0.33216,0.64107,0.77989,-0.74488,6,0.017168,0.64107,-1,0.77989,0.9828,-1,-8.9383e-06,-0.26292,0.64107,1.4232,-0.56565,-1,1,0.017168,0.77989,1
0,0,0,0,0,0,0,0,0.48849,1.5341,-0.96954,-1,-2.236e-05,6.4902e-07,0,0,0,0,0.52133,999,999,999,0.47212,0.24935,0,0,0,0,0,0,0,0,0,0,0,0,0,0,0,0,0,0,0,0,0,0,0,0,0,0,0,0,0,0,0,0,0,0,0,0,0,0,0,0,0,0,0,0,0,0,0,0,0,0,0,0,0,0,0
0,0,0,0,0,0,0,0,1.2391,0.65646,-0.89936,1,0.95066,-0.81897,1.558e-06,3,0,0,0.98422,999,999,999,0.97693,0.17593,0.18431,0.073624,0.099987,1.558e-06,9999,0,1,0,5.7617,0.18431,0,0,0,0,0,0,0,0,1,999,999,999,0,0,0,0,0,0,0,0,0,0,0,0,0,0,0,0,0,0.007675,1.2391,1,0.9596,-0.72181,-1,-0.81897,-0.40251,0,0,0,0,0,0,0,0
0,0,0,0,0,0,0,0,0.56245,2.2451,-0.99634,-1,-0.76831,0.039925,-0.0018238,1,0,0,0.88555,-0.56245,0.94174,-0.50079,0.1245,0.9469,0.84836,0.94,0.13598,1.9972e-06,9999,1,1,0,4.7363,0.22234,1,0,1.8022,-3.6666,6.913,0.031279,0.17199,0.57524,1,0.74356,0.96341,-0.99687,0,0,0,0,0,10,0.22201,0.76831,9999,-1,0,33.594,0.1245,0.57763,0.9174,-0.94656,-22,0.0091043,0.74356,-1,0.96341,-0.47889,-1,-0.76831,-0.77872,0,0,0,0,0,0,0,1
0,0,0,0,0,0,0,0,0.73563,1.2032,-0.98426,-1,-0.9665,1.2629e-05,9.845e-06,1,0,0,0.86116,999,999,999,0.84627,0.41502,0.39321,0.19851,0.18876,4.6213e-07,9999,1,-1,541.99,4.7852,0.18355,0,0,0,0,0,0,0,0,1,999,999,999,0,0,0,0,0,0,0,0,0,0,0,0,0,0,0,0,0,0.022322,0.73563,-1,0.96797,-0.059418,1,2.0329e-06,0.0034144,0,0,0,0,0,0,0,0
0,0,0,0,0.49083,1.3105,0.69326,-1,0.53997,1.7034,-0.88525,1,0.99996,-0.2771,0.00010969,0,0,0,0.87395,999,999,999,0.28783,0.64785,0.69137,0.99116,0.11209,1.3582e-06,9999,1,-1,0,6.3477,0.15441,0,0,0,0,0,0,0,0,1,0.53997,0.89978,-0.93593,0,0,0,0,0,10,0.11209,1.3582e-06,9999,-1,0,6.3477,0.15441,0.53997,0.89978,-0.93593,-2,0.0064621,0.52672,-1,0.89303,-0.82158,1,0.99996,0.89325,0,0,0,0,0,0,0,1
0,0,0,0,0,0,0,0,0.7293,1.1337,-0.58653,-1,0.99999,-0.9332,0.0018244,2,0,0,0.44719,999,999,999,0.22066,0.37285,0.64929,0.55154,0.14922,0.9332,9999,0,-1,0,7.7148,0.37285,0,0,0,0,0,0,0,0,1,999,999,999,0,0,0,0,0,0,0,0,0,0,0,0,0,0,0,0,0,0.019024,0.7293,-1,0.96817,-0.90642,1,0.99999,6.9123e-05,0,0,0,0,0,0,0,0
0,0,0,0,0.54518,1.5137,-0.2284,-1,0.68232,1.9231,-0.77453,-1,0.99757,-0.0010276,-0.00034182,0,0,0,1.0687,999,999,999,0.40583,0.9168,0.81837,0.5392,0.17532,4.0952e-07,9999,1,-1,820.31,4.8828,0.15384,0,0,0,0,0,0,0,0,1,0.60109,0.79096,-0.84711,0,0,0,0,0,10,0.17532,4.0952e-07,9999,-1,820.31,4.8828,0.15384,0.60109,0.79096,-0.84711,-0,0.020361,0.68232,-1,0.98217,-0.19862,1,0.99757,0.034777,0,0,0,0,0,0,0,1
0,0,0,0,0,0,0,0,0.69263,0.46049,-0.46022,1,0.14641,-0.00064729,4.6369e-05,3,1,0.5005,0.78111,0.64396,-0.92292,-0.53868,1.0747,0.44166,0.57532,0.76629,0.22897,4.485e-07,9999,0,-1,556.64,5.5664,0.17658,0,1,0,0,0,0,0,0,1,0.69263,0.80986,-0.99425,0,0,0,0,0,10,0.22897,4.485e-07,9999,-1,556.64,5.5664,0.17658,0.69263,0.80986,-0.99425,-9,0.029065,0.69263,1,0.80986,0.4929,1,4.6369e-05,0.0027965,0,0,0,0,0,0,0,1
0,0,0,0,0,0,0,0,0.77586,0.70466,0.2482,-1,0.35264,-0.02945,-9.0843e-05,0,0,0,1.0031,999,999,999,0.8212,0.84952,0.78397,0,0,0,0,0,0,0,0,0,0,0,0,0,0,0,0,0,0,0,0,0,0,0,0,0,0,0,0,0,0,0,0,0,0,0,0,0,0,0.011971,0.77586,-1,0.95318,0,0,0,0,0,0,0,0,0,0,0,0
1.4417,0.47261,-0.97932,1,0,0,0,0,0.81172,0.064239,-0.6443,-1,-0.00014932,7.5357e-05,0,0,0,0,1.6283,999,999,999,0.8073,1.6525,0,0,0,0,0,0,0,0,0,0,0,0,0,0,0,0,0,0,0,0,0,0,0,0,0,0,0,0,0,0,0,0,0,0,0,0,0,0,0,0.001394,1.4417,1,0.88156,0,0,0,0,0,0,0,0,0,0,0,1
0,0,0,0,0,0,0,0,1.7882,0.50478,-0.85684,-1,-0.15883,0.00012744,3.1017e-05,1,0,0,1.5716,999,999,999,2.7862,0.77187,0.51228,0.4957,0.22787,1.8913e-06,9999,1,1,498.05,3.8086,0.2654,0,0,0,0,0,0,0,0,1,1.7882,0.99805,-0.44458,0,0,0,0,0,10,0.22787,1.8913e-06,9999,1,498.05,3.8086,0.2654,1.7882,0.99805,-0.44458,4,0.0076178,1.7882,-1,0.99805,0.40046,-1,-1.8061e-06,-0.00044147,0,0,0,0,0,0,0,0
0,0,0,0,0.87356,0.81668,-0.63991,-1,0.27185,0.78403,-0.40224,1,0.93014,-0.00019822,-1.625e-05,0,0,0,0.9574,999,999,999,0.51316,0.83787,0.43874,0.95783,0.16784,5.2418e-07,9999,1,1,585.94,5.2246,0.2105,0,0,0,0,0,0,0,0,1,0.87356,0.88388,-0.94839,0,0,0,0,0,10,0.16784,5.2418e-07,9999,1,585.94,5.2246,0.2105,0.87356,0.88388,-0.94839,5,0.017637,0.87356,-1,0.88388,-0.12196,-1,-1.625e-05,-0.74519,0,0,0,0,0,0,0,1
0,0,0,0,0,0,0,0,0.99137,0.99187,-0.47351,1,-0.9912,0.8712,0.00020365,1,0,0,1.3126,999,999,999,0.62931,0.93028,0.37718,0.31406,0.11708,1.96e-06,9999,0,1,0,10.645,0.20973,0,0,0,0,0,0,0,0,1,0.90639,0.83436,-0.023693,0,0,0,0,0,10,0.11708,1.96e-06,9999,1,0,10.645,0.20973,0.90639,0.83436,-0.023693,2,0.014267,0.99137,1,0.9481,0.27674,-1,-0.9912,-0.3099,0,0,0,0,0,0,0,0
0,0,0,0,0.62772,0.25274,-0.96851,-1,0.58384,0.06459,0.092921,1,0.90836,-0.020803,0.00016311,0,0,0,0.86605,0.58384,-0.77265,-0.50013,1.1059,0.99485,0.7665,0,0,0,0,0,0,0,0,0,0,0,0,0,0,0,0,0,0,0,0,0,0,0,0,0,0,0,0,0,0,0,0,0,0,0,0,0,0,0.0024139,0.68094,1,0.93062,0,0,0,0,0,0,0,0,0,0,0,1
0,0,0,0,0,0,0,0,1.7592,1.2246,-0.41929,1,0.0069763,7.2781e-05,-3.0254e-05,0,0,0,1.647,0.52754,-0.93937,-0.89263,1.4745,0.67178,0.50893,0.5261,0.24371,1.8239e-05,9999,1,-1,0,3.8574,0.40895,0,0,0,0,0,0,0,0,1,1.7592,0.75973,-0.035258,0,0,0,0,0,10,0.24371,1.8239e-05,9999,-1,0,3.8574,0.40895,1.7592,0.75973,-0.035258,-5,0.016583,1.7592,1,0.75973,-0.035258,1,0.0069763,0.00014311,0,0,0,0,0,0,0,0
1.6263,0.10291,-0.71134,-1,0,0,0,0,0,0,0,0,-0.022842,0.00037834,0,0,0,0,0.95168,999,999,999,1.1014,0.53681,0,0,0,0,0,0,0,0,0,0,0,0,0,0,0,0,0,0,0,0,0,0,0,0,0,0,0,0,0,0,0,0,0,0,0,0,0,0,0,0.00089684,1.6263,-1,0.71709,0,0,0,0,0.40599,0.21127,-0.090711,1,2,0.031185,0.96225,0
0,0,0,0,0,0,0,0,0.54593,0.86283,-0.90929,-1,-0.0055802,-0.00066938,0.00016533,2,1,0.49942,0.60556,-0.54593,-0.8559,-0.68494,0.73504,0.68353,0.37949,0,0,0,0,0,0,0,0,0,0,0,0,0,0,0,0,0,0,0,0,0,0,0,0,0,0,0,0,0,0,0,0,0,0,0,0,0,0,0.012913,0.54593,-1,0.8559,0,0,0,0,0,0,0,0,0,0,0,0
0,0,0,0,0,0,0,0,1.7213,0.35409,-0.9442,-1,0.38015,-0.090046,9.8614e-05,0,1,0.4983,1.6075,999,999,999,0.73898,1.4039,0.71848,0,0,0,0,0,0,0,0,0,0,0,0,0,0,0,0,0,0,0,0,0,0,0,0,0,0,0,0,0,0,0,0,0,0,0,0,0,0,0.002674,1.7213,-1,0.95777,0,0,0,0,0,0,0,0,0,0,0,1
0,0,0,0,0,0,0,0,0.29103,0.45171,-0.52633,1,-9.4837e-05,5.6099e-06,-1.6347e-06,2,0,0,0.48756,999,999,999,0.74831,0.46652,0.19276,0,0,0,0,0,0,0,0,0,0,0,0,0,0,0,0,0,0,0,0,0,0,0,0,0,0,0,0,0,0,0,0,0,0,0,0,0,0,0.033707,0.51514,-1,0.22473,0,0,0,0,0,0,0,0,0,0,0,0
0,0,0,0,0,0,0,0,1.052,2.277,-0.7964,1,-0.98699,0.91117,0.04448,0,0,0,1.5282,-0.63513,-0.69485,-0.25948,0.72272,0.66251,1.6057,0,0,0,0,0,0,0,0,0,0,0,0,0,0,0,0,0,0,0,0,0,0,0,0,0,0,0,0,0,0,0,0,0,0,0,0,0,0,0.011856,1.052,1,0.76586,0,0,0,0,0,0,0,0,0,0,0,0
0.36057,0.24034,0.1744,-1,0,0,0,0,0.38235,0,0.16112,-1,0.83209,-0.50436,-2.7637e-05,1,1,0.50014,0.53772,999,999,999,0.18897,0.57521,0.49665,0.41093,0.19566,1.1082e-06,9999,1,-1,683.59,3.8574,0.3233,0,0,0,0,0,0,0,0,1,999,999,999,0,0,0,0,0,0,0,0,0,0,0,0,0,0,0,0,0,0,0,0,0,-0.054403,1,0.83209,0.0047558,0.36057,0.24034,0.1744,-1,1,0.23841,0.68899,1
1.6926,0.35312,-0.9274,1,0,0,0,0,0.23854,0.38243,-0.16546,1,0.00069166,6.1351e-07,0,0,0,0,1.4813,999,999,999,2.3879,0.23981,0,0.29428,0.23854,6.1351e-07,9999,1,1,541.99,3.7598,0.23981,0,0,0,0,0,0,0,0,1,999,999,999,0,0,0,0,0,0,0,0,0,0,0,0,0,0,0,0,0,0.0010412,1.6926,1,0.87307,0,0,0,0,0,0,0,0,0,0,0,1
0,0,0,0,0,0,0,0,0.57607,0.89124,-0.97657,-1,-0.042244,-6.7249e-05,-3.6508e-06,0,0,0,0.53858,999,999,999,0.93082,0.66842,0.43455,0.81892,0.18666,5.4487e-07,9999,1,1,610.35,4.8828,0.21811,0,0,0,0,0,0,0,0,1,0.57607,0.93784,-0.61529,0,0,0,0,0,10,0.18666,5.4487e-07,9999,1,610.35,4.8828,0.21811,0.57607,0.93784,-0.61529,5,0.0075623,0.57607,-1,0.93784,0.75987,-1,-3.6508e-06,-0.13518,0,0,0,0,0,0,0,0
0,0,0,0,0,0,0,0,0.70935,1.3482,-0.93735,1,-4.3342e-05,1.8187e-05,4.1414e-06,0,0,0,0.83282,999,999,999,0.5639,0.45002,0.44423,0,0,0,0,0,0,0,0,0,0,0,0,0,0,0,0,0,0,0,0,0,0,0,0,0,0,0,0,0,0,0,0,0,0,0,0,0,0,0.029223,0.70935,1,0.6557,0,0,0,0,0,0,0,0,0,0,0,0
0,0,0,0,0,0,0,0,0.71838,1.7055,-0.44527,1,-0.062774,-0.00017465,8.8168e-05,4,0,0,0.98404,999,999,999,0.76232,0.1447,0.76281,0.48043,0.18384,8.8133e-07,9999,0,1,478.52,2.9541,0.2947,0,0,0,0,0,0,0,0,1,0.60356,0.9056,-0.6255,0,0,0,0,0,10,0.18453,1.2142e-06,9999,-1,0,5.1758,0.10409,0.71838,0.98454,-0.022065,-0,0.00017316,0.71838,1,0.98454,-0.022065,1,8.8168e-05,0.0028783,0,0,0,0,0,0,0,1
0,0,0,0,1.0145,0.75184,-0.9312,1,0.60734,0.12866,0.80968,-1,0.40057,0.0023967,-3.8731e-05,1,0,0,1.3718,999,999,999,1.4758,0.99216,0.54487,0.92854,0.21872,6.0023e-07,9999,1,-1,512.7,3.1738,0.23598,0,0,0,0,0,0,0,0,1,999,999,999,0,0,0,0,0,0,0,0,0,0,0,0,0,0,0,0,0,0.012801,1.0145,1,0.81308,0.9307,1,0.0023967,0.13761,0,0,0,0,0,0,0,1
0.44027,2.3622,0.36649,1,0,0,0,0,0.94125,0.98506,-0.16909,-1,-0.81488,0.00041086,-3.3635e-05,0,0,0,1.212,-0.70214,-0.8168,-0.76399,1.2008,0.63498,0.52309,0,0,0,0,0,0,0,0,0,0,0,0,0,0,0,0,0,0,0,0,0,0,0,0,0,0,0,0,0,0,0,0,0,0,0,0,0,0,0.0023237,0.94125,-1,0.52145,0,0,0,0,0.44027,2.3622,0.36649,1,1,0.018951,0.86971,0
0,0,0,0,0,0,0,0,0.44141,0.52114,-0.05833,-1,-0.99947,-4.2538e-07,0,1,0,0,0.42591,999,999,999,0.4283,0.16366,0,0.58391,0.24563,4.2538e-07,9999,0,-1,849.61,6.8359,0.16366,0,0,0,0,0,0,0,0,1,999,999,999,0,0,0,0,0,0,0,0,0,0,0,0,0,0,0,0,0,0,0,0,0,0,0,0,0,0,0,0,0,0,0,0,0
0,0,0,0,0,0,0,0,0.73982,1.4304,-0.5136,1,0.99967,-0.22403,-0.055566,1,0,0,1.2149,999,999,999,0.408,0.65181,1.0606,0.86302,0.11457,3.4059e-07,9999,1,-1,712.89,3.5156,0.098171,0,0,0,0,0,0,0,0,1,999,999,999,0,0,0,0,0,10,0.17404,7.8822e-07,9999,1,429.69,4.4434,0.27926,0.81336,0.98999,-0.51152,4,0.014448,0.81336,-1,0.98999,0.7553,1,0.99967,0.68954,0,0,0,0,0,0,0,1
0,0,0,0,0,0,0,0,0.82183,0.90939,0.49457,1,0.029362,5.5168e-05,1.5187e-06,2,0,0,0.83615,0.82183,-0.86329,-0.73853,0.70969,0.59764,0.35757,0.99002,0.15606,6.1998e-07,9999,0,-1,571.29,4.248,0.24162,0,0,0,0,0,0,0,0,1,0.82183,0.86329,-0.87317,0,0,0,0,0,10,0.15606,6.1998e-07,9999,-1,571.29,4.248,0.24162,0.82183,0.86329,-0.87317,-6,0.0039537,0.82183,1,0.86329,0.95335,1,0.029362,0.87404,0,0,0,0,0,0,0,1
0,0,0,0,0,0,0,0,1.0085,0.97138,-0.29421,1,-0.9898,0.00075644,-6.4873e-05,0,0,0,1.0323,999,999,999,0.6551,0.79262,0.65731,0,0,0,0,0,0,0,0,0,0,0,0,0,0,0,0,0,0,0,0,0,0,0,0,0,0,0,0,0,0,0,0,0,0,0,0,0,0,0.0047189,1.0085,1,0.59852,0,0,0,0,0,0,0,0,0,0,0,0
0,0,0,0,0,0,0,0,0.28263,1.4295,-0.48636,-1,-0.99983,0.95714,-7.4919e-07,0,0,0,0.56851,999,999,999,0.33952,0.59641,0.27185,0.88071,0.24489,0.99983,9999,1,-1,1386.7,10.645,0.33952,1,0,-0.063149,0.50492,0.14967,0.041812,0.06633,0.097201,1,999,999,999,0,0,0,0,0,0,0,0,0,0,0,0,0,0,0,0,0,0,0,0,0,0.95301,1,0.95714,3.2509e-06,0,0,0,0,0,0,0,1
0,0,0,0,0,0,0,0,0.83778,0.35762,-0.69959,1,-0.99123,0.052541,3.721e-06,0,0,0,0.8082,999,999,999,0.64495,1.2616,0.43603,0.22404,0.087147,3.6603e-07,9999,1,1,917.97,8.3008,0.12175,0,0,0,0,0,0,0,0,1,999,999,999,0,0,0,0,0,10,0.22962,5.3644e-07,9999,-1,664.06,3.9062,0.21508,0.83778,0.87585,-0.95761,-0,0.0058607,0.83778,1,0.87585,0.34882,-1,-0.99123,-0.50046,0,0,0,0,0,0,0,0
0,0,0,0,0,0,0,0,1.1463,0.90604,-0.96556,-1,0.078827,-0.022452,8.8902e-06,2,1,0.49424,1.2164,999,999,999,0.83153,1.6729,0.38463,0.72442,0.21573,5.0765e-07,9999,1,-1,625,3.8086,0.20398,0,0,0,0,0,0,0,0,1,999,999,999,0,0,0,0,0,0,0,0,0,0,0,0,0,0,0,0,0,0,0,0,0,0.64964,1,0.078827,0.0054101,0,0,0,0,0,0,0,0
0,0,0,0,0,0,0,0,0.36682,0.031451,0.35005,-1,-0.011953,1.1087e-05,-7.4934e-06,3,0,0,0.68078,999,999,999,0.57404,0.40345,0.37063,0.21919,0.11372,3.3407e-07,9999,0,1,137.94,17.969,0.091352,0,0,0,0,0,0,0,0,1,999,999,999,0,0,0,0,0,0,0,0,0,0,0,0,0,0,0,0,0,0.011903,0.59239,1,0.75922,0.57741,-1,-7.4934e-06,-0.31486,0,0,0,0,0,0,0,1
0,0,0,0,0,0,0,0,1.6896,0.13983,-0.33942,1,0.95256,0.92938,-4.4784e-06,0,0,0,1.8614,1.0523,-0.88563,-0.59804,2.3102,0.99416,0.33044,0.99206,0.15989,4.1626e-07,9999,1,-1,751.95,5.957,0.15812,0,0,0,0,0,0,0,0,1,1.6896,0.90036,-0.94655,0,0,0,0,0,10,0.15989,4.1626e-07,9999,-1,751.95,5.957,0.15812,1.6896,0.90036,-0.94655,-2,0.0010752,1.6896,1,0.90036,0.8203,1,0.92938,0.87436,0,0,0,0,0,0,0,1
1.5604,0.11606,0.2525,1,0,0,0,0,1.4505,0.84016,-0.71146,-1,-0.16216,0.10485,-4.3739e-07,0,0,0,1.4192,999,999,999,2.0889,1.0221,0.17056,0.73959,0.12825,4.3739e-07,9999,1,-1,673.83,7.7148,0.17056,0,0,0,0,0,0,0,0,1,1.5604,0.9457,-0.48081,0,0,0,0,0,10,0.12825,4.3739e-07,9999,-1,673.83,7.7148,0.17056,1.5604,0.9457,-0.48081,-2,0.011985,1.5604,1,0.9457,-0.48081,1,0.10485,0.48171,0,0,0,0,0,0,0,1
0.98254,0.29317,-0.45794,1,0,0,0,0,0.63585,0.39767,0.40462,1,0.0026801,-0.0013755,0.00014707,0,0,0,1.4828,0.63585,0.8688,-0.9933,1.0192,1.0383,0.83101,0,0,0,0,0,0,0,0,0,0,0,0,0,0,0,0,0,0,0,0,0,0,0,0,0,0,0,0,0,0,0,0,0,0,0,0,0,0,0.0010612,0.98254,1,0.8946,0,0,0,0,0.98254,0.29317,-0.45794,1,1,0.0010612,0.8946,1
0,0,0,0,0,0,0,0,0.45776,0.26713,-0.081605,1,0.00038015,0.00010208,-3.9641e-05,1,0,0,0.84147,999,999,999,0.8463,0.69522,0.5485,0.67856,0.23201,4.014e-07,9999,1,1,1025.4,7.6172,0.14847,0,0,0,0,0,0,0,0,1,0.57024,0.85863,-0.22375,0,0,0,0,0,10,0.23201,4.014e-07,9999,1,1025.4,7.6172,0.14847,0.57024,0.85863,-0.22375,6,0.0076255,0.55668,-1,0.41896,0.73218,-1,-3.4089e-06,-0.00080917,0,0,0,0,0,0,0,0
0,0,0,0,0,0,0,0,0.91904,0.93686,0.093773,-1,0.97123,-0.9654,-0.53047,0,0,0,1.2172,999,999,999,0.50284,1.1026,0.85234,0.89636,0.10753,3.7562e-07,9999,1,1,1543,11.426,0.1296,1,0,-0.8644,-3.3693,-3.3889,0.028395,0.20267,0.11282,1,999,999,999,0,0,0,0,0,0,0,0,0,0,0,0,0,0,0,0,0,0.0063582,0.91904,-1,0.82089,0.20749,-1,-0.53047,-0.74504,0,0,0,0,0,0,0,0
0,0,0,0,0,0,0,0,1.1581,1.1822,-0.85096,-1,-0.010632,-0.00053928,2.7524e-05,1,0,0,1.4847,-1.1581,-0.97728,-0.72439,1.3322,0.88251,0.49666,0.87382,0.17946,4.8804e-07,9999,1,-1,673.83,4.4434,0.19566,0,0,0,0,0,0,0,0,1,999,999,999,0,0,0,0,0,0,0,0,0,0,0,0,0,0,0,0,0,0.0039576,1.1653,-1,0.80479,0.37728,1,2.7524e-05,0.32494,0,0,0,0,0,0,0,1
0.72323,0.12254,-0.21417,1,0,0,0,0,0.34962,0.42921,0.052503,-1,0.10717,-7.2206e-07,0,0,0,0,0.58512,999,999,999,1.1027,0.26629,0,0,0,0,0,0,0,0,0,0,0,0,0,0,0,0,0,0,0,0,0,0,0,0,0,0,0,0,0,0,0,0,0,0,0,0,0,0,0,1.1069e-05,0.72323,1,0.91985,0,0,0,0,0.72323,0.12254,-0.21417,1,1,1.1069e-05,0.91985,1
0,0,0,0,0,0,0,0,0.83825,1.0044,0.26659,1,-0.41004,0.0037563,-0.00030416,1,0,0,1.0522,-0.76575,-0.95315,-0.82762,1.0961,1.2508,0.68303,0.86906,0.20554,4.7328e-07,9999,0,1,634.77,4.3457,0.18893,0,0,0,0,0,0,0,0,1,999,999,999,0,0,0,0,0,10,0.14306,4.3027e-07,9999,1,620.12,4.6875,0.16652,0.76575,0.95315,-0.15434,6,0.0015931,0.83825,1,0.80988,0.26147,-1,-0.41004,-0.069988,0,0,0,0,0,0,0,0
0,0,0,0,0,0,0,0,0.76686,0.66449,-0.43262,-1,-0.93308,0.05749,-7.5793e-06,0,0,0,1.2098,999,999,999,1.0308,1.0165,0.37155,0,0,0,0,0,0,0,0,0,0,0,0,0,0,0,0,0,0,0,0,0,0,0,0,0,0,0,0,0,0,0,0,0,0,0,0,0,0,0.048205,0.86152,1,0.88374,0,0,0,0,0,0,0,0,0,0,0,0
0,0,0,0,0,0,0,0,0.069469,0.080725,0.36349,1,-0.0014304,0.00022259,-2.3704e-05,0,0,0,0.76963,999,999,999,0.56294,0.43174,0.47876,0.82456,0.069469,1.2426e-06,9999,1,1,0,7.7148,0.12239,0,0,0,0,0,0,0,0,1,999,999,999,0,0,0,0,0,0,0,0,0,0,0,0,0,0,0,0,0,0.076409,0.50862,-1,0.84963,0.79064,-1,-0.0014304,-0.74666,0,0,0,0,0,0,0,1
1.4222,0.045783,-0.93858,1,0,0,0,0,0.68898,0.045783,-0.66087,-1,0.0036158,-0.00027988,0.00012372,1,0,0,1.5788,999,999,999,1.5251,0.78739,0.80038,0.7661,0.068267,1.2573e-06,9999,1,-1,0,8.5938,0.12827,0,0,0,0,0,0,0,0,1,999,999,999,0,0,0,0,0,0,0,0,0,0,0,0,0,0,0,0,0,0.0054898,1.4222,1,0.93182,0.88304,1,0.0036158,0.7427,0,0,0,0,0,0,0,1
0,0,0,0,0,0,0,0,1.2626,0.89838,-0.62622,-1,1,-0.016903,4.4229e-05,1,0,0,1.0373,999,999,999,0.18461,0.97607,0.56757,0,0,0,0,0,0,0,0,0,0,0,0,0,0,0,0,0,0,0,0,0,0,0,0,0,0,0,0,0,0,0,0,0,0,0,0,0,0,0.0031136,1.2626,-1,0.95912,0,0,0,0,0,0,0,0,0,0,0,1
0,0,0,0,0,0,0,0,0.75402,0.91564,-0.86985,-1,-0.02098,-0.00010394,5.8128e-05,1,0,0,0.93038,-0.75402,-0.98234,-0.91793,0.85099,0.65624,0.61457,0,0,0,0,0,0,0,0,0,0,0,0,0,0,0,0,0,0,0,0,0,0,0,0,0,0,0,0,0,0,0,0,0,0,0,0,0,0,0.0071079,0.75402,-1,0.98234,0,0,0,0,0,0,0,0,0,0,0,0
0,0,0,0,0,0,0,0,0.93366,0.52592,-0.80344,1,-0.97269,0.95039,0,0,0,0,0.75315,999,999,999,0.41927,1.4341,0,0.66758,0.18132,0.97269,9999,1,-1,820.31,11.23,0.41927,0,0,0,0,0,0,0,0,1,999,999,999,0,0,0,0,0,0,0,0,0,0,0,0,0,0,0,0,0,0.017043,0.93366,1,0.93181,0.57672,1,0.95039,1.2322e-05,0,0,0,0,0,0,0,0
0,0,0,0,0,0,0,0,1.0999,0.74121,-0.80467,-1,-0.029296,-6.7725e-05,1.9896e-05,0,0,0,1.2751,-0.93858,-0.40622,-0.1593,1.0864,0.67147,0.55238,0,0,0,0,0,0,0,0,0,0,0,0,0,0,0,0,0,0,0,0,0,0,0,0,0,0,0,0,0,0,0,0,0,0,0,0,0,0,0.0035705,1.0999,-1,0.80191,0,0,0,0,0,0,0,0,0,0,0,1
0,0,0,0,0,0,0,0,1.156,0.94666,-0.3214,-1,-0.090333,1.2102e-06,4.5987e-07,1,0,0,1.1554,999,999,999,1.277,0.087667,0.18242,0.39805,0.1272,4.5987e-07,9999,1,1,644.53,5.8594,0.18242,0,0,0,0,0,0,0,0,1,999,999,999,0,0,0,0,0,0,0,0,0,0,0,0,0,0,0,0,0,0.016088,1.156,-1,0.95137,0.44925,-1,-0.090333,-0.25413,0,0,0,0,0,0,0,0
0,0,0,0,0.93035,1.8967,-0.78721,-1,1.1046,1.386,-0.18529,1,-0.039261,-0.00035411,0.00020086,0,0,0,1.6446,-0.93035,-0.81731,-0.88811,1.1647,0.87293,1.0629,0,0,0,0,0,0,0,0,0,0,0,0,0,0,0,0,0,0,0,0,0,0,0,0,0,0,0,0,0,0,0,0,0,0,0,0,0,0,0.026142,1.1046,1,0.94776,0,0,0,0,0,0,0,0,0,0,0,1
0,0,0,0,0,0,0,0,0.38569,0.50012,-0.66412,1,1.6843e-05,-5.4439e-07,0,0,0,0,0.42536,999,999,999,0.44228,0.21794,0,0,0,0,0,0,0,0,0,0,0,0,0,0,0,0,0,0,0,0,0,0,0,0,0,0,0,0,0,0,0,0,0,0,0,0,0,0,0,0,0,0,0,0,0,0,0,0,0,0,0,0,0,0,1
0.59223,2.409,-0.98252,1,0,0,0,0,0.65001,1.5528,-0.41653,-1,-0.98994,0.96394,0.71908,1,0,0,1.3078,-0.65001,0.78783,-0.57903,0.66041,0.71116,0.66487,0.93234,0.15605,1.4604e-06,9999,1,1,0,7.3242,0.1716,0,0,0,0,0,0,0,0,1,0.65001,0.78783,-0.88538,0,0,0,0,0,10,0.15605,1.4604e-06,9999,1,0,7.3242,0.1716,0.65001,0.78783,-0.88538,2,0.013058,0.65001,-1,0.78783,0.85228,-1,-0.98994,-0.70289,0.59223,2.409,-0.98252,1,1,0.33657,0.8075,0
0.24819,1.6188,-0.58933,1,0,0,0,0,1.695,0.31159,-0.76643,-1,-0.99999,-0.75203,-1.482e-05,0,0,0,1.1631,-1.695,0.99909,-0.97364,0.24787,2.7577,0.42985,0.94685,0.24819,2.8347e-06,9999,0,1,742.19,3.6133,0.39888,0,0,0,0,0,0,0,0,1,0.50364,0.96483,-0.89812,0,0,0,0,0,10,0.24819,2.8347e-06,9999,1,742.19,3.6133,0.39888,0.50364,0.96483,-0.89812,8,0.0063506,1.695,-1,0.99909,0.95059,-1,-0.75203,-0.027459,0.24819,1.6188,-0.58933,1,1,0.010972,0.94685,0
1.2795,0.058199,-0.98598,-1,0.57875,0.058199,-0.80782,1,0.27165,0.058199,-0.70844,-1,-0.015201,-0.00042165,0.00010398,1,0,0,1.2945,999,999,999,1.1552,0.65733,0.7166,0,0,0,0,0,0,0,0,0,0,0,0,0,0,0,0,0,0,0,0,0,0,0,0,0,0,0,0,0,0,0,0,0,0,0,0,0,0,0.0079077,1.2795,-1,0.97646,0,0,0,0,0,0,0,0,0,0,0,0
0,0,0,0,0,0,0,0,0.22828,1.7874,-0.96735,1,0.97085,-0.94177,-6.0643e-05,0,0,0,0.6589,999,999,999,0.29994,0.46435,0.6018,0.87265,0.1516,5.647e-07,9999,1,1,654.3,5.6152,0.22489,0,0,0,0,0,0,0,0,1,999,999,999,0,0,0,0,0,0,0,0,0,0,0,0,0,0,0,0,0,0,0,0,0,-0.39148,-1,-0.94177,-0.55169,0,0,0,0,0,0,0,0
0,0,0,0,0,0,0,0,0.89886,0.59105,-0.40219,-1,-0.94874,0.11892,3.7619e-05,0,0,0,1.115,999,999,999,1.2543,0.72504,0.5403,0,0,0,0,0,0,0,0,0,0,0,0,0,0,0,0,0,0,0,0,0,0,0,0,0,0,0,0,0,0,0,0,0,0,0,0,0,0,0.018308,0.89886,-1,0.93483,0,0,0,0,0,0,0,0,0,0,0,1
0.46212,0.88767,-0.031344,-1,0,0,0,0,0.079333,1.444,-0.9639,-1,0.0068493,-0.00013591,-1.2279e-06,3,0,0,0.45814,999,999,999,0.70404,0.34802,0.11494,0.61433,0.056826,1.2279e-06,9999,0,-1,0,3.2227,0.11494,1,0,1.8902,2.4922,3.4489,0.14975,0.22569,1.2154,1,999,999,999,0,0,0,0,0,0,0,0,0,0,0,0,0,0,0,0,0,0,0,0,0,0.92838,-1,-1.2279e-06,-0.76557,0.46212,0.88767,-0.031344,-1,1,0.033348,0.55231,1
0,0,0,0,0,0,0,0,0.3774,0.82708,-0.057263,1,0.00062434,2.3609e-05,-7.1581e-06,0,0,0,0.50974,999,999,999,0.56605,0.46235,0.3809,0.83538,0.17088,3.8254e-07,9999,1,-1,947.27,8.3008,0.13496,0,0,0,0,0,0,0,0,1,999,999,999,0,0,0,0,0,0,0,0,0,0,0,0,0,0,0,0,0,0,0,0,0,0.22454,1,0.00062434,0.29914,0,0,0,0,0,0,0,0
0.53528,0.097311,0.1127,-1,0,0,0,0,0.83326,0.19591,-0.72807,-1,-0.99617,-0.00067686,3.5327e-05,0,0,0,0.7898,-0.53528,0.78312,-0.75776,0.57516,0.77421,0.53072,0,0,0,0,0,0,0,0,0,0,0,0,0,0,0,0,0,0,0,0,0,0,0,0,0,0,0,0,0,0,0,0,0,0,0,0,0,0,0.0092414,0.83326,-1,0.98328,0,0,0,0,0.53528,0.097311,0.1127,-1,1,0.012463,0.78312,0
0,0,0,0,0,0,0,0,0.90949,0.46749,-0.54972,-1,-1,-0.96682,-6.5909e-05,1,1,0.49351,0.97526,-0.90949,0.89379,-0.87136,0.16833,1.3578,0.65126,0.37143,0.13912,4.8204e-07,9999,0,1,615.23,5.2734,0.19298,0,1,0,0,0,0,0,0,1,0.90949,0.89379,-0.54922,0,0,0,0,0,10,0.13912,4.8204e-07,9999,1,615.23,5.2734,0.19298,0.90949,0.89379,-0.54922,9,0.037628,0.90949,-1,0.89379,0.10437,-1,-1,-0.16352,0,0,0,0,0,0,0,0
1.0011,0.6799,0.96773,-1,0,0,0,0,1.5456,0.79073,-0.94279,1,0.9999,0.97462,0.95829,1,0,0,1.8766,999,999,999,0.32032,0.47872,1.6337,0.79728,0.13112,4.1675e-07,9999,1,-1,976.56,6.543,0.15842,0,0,0,0,0,0,0,0,1,1.5456,0.96207,-0.92763,0,0,0,0,0,10,0.13112,4.1675e-07,9999,-1,976.56,6.543,0.15842,1.5456,0.96207,-0.92763,-2,0.0025317,1.0011,-1,0.9799,0.32593,1,0.9999,0.53603,0,0,0,0,0,0,0,1
0.6343,0.83181,-0.53551,-1,0,0,0,0,0,0,0,0,-0.42364,0,0,0,0,0,0.53385,999,999,999,0.91744,0,0,0,0,0,0,0,0,0,0,0,0,0,0,0,0,0,0,0,0,0,0,0,0,0,0,0,0,0,0,0,0,0,0,0,0,0,0,0,0,0.0010888,0.6343,-1,0.56539,0,0,0,0,0.6343,0.83181,-0.53551,-1,1,0.0010888,0.56539,1
0,0,0,0,0,0,0,0,0.29772,0.3037,0.33016,1,-0.00060147,-3.2245e-06,1.5109e-06,1,0,0,0.39354,999,999,999,0.51176,0.30564,0.24808,0,0,0,0,0,0,0,0,0,0,0,0,0,0,0,0,0,0,0,0,0,0,0,0,0,0,0,0,0,0,0,0,0,0,0,0,0,0,0,0,0,0,0,0,0,0,0,0,0,0,0,0,0,0
0,0,0,0,0,0,0,0,1.038,0.78952,-0.50802,-1,-0.95572,-0.95414,-0.023031,2,1,0.50201,1.2772,-1.038,0.94295,-0.96909,0.65497,0.52119,1.4361,0,0,0,0,0,0,0,0,0,0,0,0,0,0,0,0,0,0,0,0,0,0,0,0,0,0,0,0,0,0,0,0,0,0,0,0,0,0,0.083545,1.038,-1,0.94295,0,0,0,0,0,0,0,0,0,0,0,1
0,0,0,0,0,0,0,0,0.15828,0.072252,-0.11645,1,0.0023372,-2.5463e-05,4.8551e-07,2,1,0.50083,0.15753,999,999,999,0.77531,0.48719,0.19454,0.14665,0.15828,4.8551e-07,9999,1,1,600.59,5.5176,0.19454,0,0,0,0,0,0,0,0,1,999,999,999,0,0,0,0,0,0,0,0,0,0,0,0,0,0,0,0,0,0,0,0,0,-0.89161,-1,-2.5463e-05,-0.029465,0,0,0,0,0,0,0,0
0,0,0,0,0,0,0,0,0.78917,0.10212,0.12797,-1,0.35829,-8.8675e-05,-8.2442e-05,0,0,0,1.5514,999,999,999,1.2056,0.73235,0.84403,0,0,0,0,0,0,0,0,0,0,0,0,0,0,0,0,0,0,0,0,0,0,0,0,0,0,0,0,0,0,0,0,0,0,0,0,0,0,0.0098955,1.0961,1,0.92282,0,0,0,0,0,0,0,0,0,0,0,1
0,0,0,0,0,0,0,0,1.0868,0.70429,-0.71154,-1,-0.61838,0.014433,0.0006385,0,0,0,1.2487,999,999,999,1.7472,1.031,0.46436,0.91691,0.19862,5.4584e-07,9999,0,1,541.99,4.8828,0.21845,0,0,0,0,0,0,0,0,1,999,999,999,0,0,0,0,0,0,0,0,0,0,0,0,0,0,0,0,0,0.0093378,1.0868,-1,0.59579,0.50792,-1,-0.61838,-0.29118,0,0,0,0,0,0,0,0
0,0,0,0,0,0,0,0,0.52658,0.29662,-0.082587,1,8.0174e-05,-2.1896e-06,0,0,0,0,0.559,999,999,999,0.68159,0.39221,0,0,0,0,0,0,0,0,0,0,0,0,0,0,0,0,0,0,0,0,0,0,0,0,0,0,0,0,0,0,0,0,0,0,0,0,0,0,0,0.026403,0.52658,1,0.50295,0,0,0,0,0,0,0,0,0,0,0,0
0,0,0,0,0,0,0,0,1.1099,0.53348,-0.36947,-1,-0.077938,-0.013988,-0.00014507,4,0,0,1.3458,-1.1099,0.4837,-0.4784,0.93481,1.408,0.69478,0.68897,0.085718,1.2097e-06,9999,0,-1,0,13.867,0.096044,0,0,0,0,0,0,0,0,1,999,999,999,0,0,0,0,0,10,0.18358,6.4409e-07,9999,1,522.46,4.4434,0.24808,0.59343,0.47805,-0.21264,6,0.0018357,1.1099,-1,0.4837,0.82571,1,4.1763e-05,0.68363,0,0,0,0,0,0,0,0
0.49898,0,0.45547,1,0,0,0,0,0.96427,0.49898,-0.96632,-1,0.43528,-0.035712,0,0,0,0,0.70832,999,999,999,0.67597,0.65808,0,0,0,0,0,0,0,0,0,0,0,0,0,0,0,0,0,0,0,0,0,0,0,0,0,0,0,0,0,0,0,0,0,0,0,0,0,0,0,0.01011,0.96427,-1,0.90051,0,0,0,0,0.49898,0,0.45547,1,1,0.015221,0.74539,1
0,0,0,0,0,0,0,0,1.1734,0.77091,-0.025709,1,-0.18487,0.14955,0.013541,0,0,0,1.8162,-0.8136,0.89219,-0.20116,0.71001,1.3736,1.1372,0,0,0,0,0,0,0,0,0,0,0,0,0,0,0,0,0,0,0,0,0,0,0,0,0,0,0,0,0,0,0,0,0,0,0,0,0,0,0.0066874,1.1734,1,0.66806,0,0,0,0,0,0,0,0,0,0,0,0
0,0,0,0,0,0,0,0,0.55476,0.1875,0.77138,-1,-0.57451,-9.2438e-06,-1.224e-06,1,0,0,0.56167,999,999,999,0.94609,0.38789,0.073104,0.65813,0.14581,1.224e-06,9999,0,-1,0,4.3945,0.073104,0,0,0,0,0,0,0,0,1,999,999,999,0,0,0,0,0,0,0,0,0,0,0,0,0,0,0,0,0,0.018714,0.55476,-1,0.95738,0,0,0,0,0,0,0,0,0,0,0,0
0,0,0,0,0,0,0,0,0.98773,0.81588,0.10359,-1,-0.9904,-0.96246,0.88486,1,0,0,1.502,-0.98773,-0.43863,-0.84566,0.45513,1.1467,0.85743,0.3712,0.20048,1.2144e-06,9999,1,-1,0,11.133,0.10437,0,0,0,0,0,0,0,0,1,0.62961,0.83977,-0.11188,0,0,0,0,0,10,0.20048,1.2144e-06,9999,-1,0,11.133,0.10437,0.62961,0.83977,-0.11188,-0,0.01236,0.98773,-1,0.43863,-0.11188,1,0.88486,0.0027551,0,0,0,0,0,0,0,0
0,0,0,0,0,0,0,0,1.934,0.42001,0.7383,1,0.3224,0.098416,-0.060936,1,0,0,2.3684,0.77799,0.83169,-0.84884,2.0905,1.137,1.2218,0.22305,0.16249,1.2135e-06,9999,0,1,0,19.922,0.082092,0,0,0,0,0,0,0,0,1,1.1209,0.93408,-0.14747,0,0,0,0,0,10,0.16249,1.2135e-06,9999,1,0,19.922,0.082092,1.1209,0.93408,-0.14747,5,0.021424,1.934,1,0.99937,0.049486,-1,-4.3391e-05,-0.029742,0,0,0,0,0,0,0,1
0,0,0,0,0,0,0,0,0.33264,0.89698,0.34819,1,1.0976e-05,-7.327e-07,0,0,0,0,0.37191,999,999,999,0.40257,0.26851,0,0.48479,0.18388,7.327e-07,9999,1,-1,683.59,4.0527,0.26851,0,0,0,0,0,0,0,0,1,999,999,999,0,0,0,0,0,0,0,0,0,0,0,0,0,0,0,0,0,0,0,0,0,0.60105,1,1.0976e-05,0.015715,0,0,0,0,0,0,0,0
0,0,0,0,0,0,0,0,0.67401,0.73299,-0.22654,1,0.99816,5.4239e-05,-6.5711e-07,0,0,0,0.77304,0.67401,0.74356,-0.21933,0.39634,0.60939,0.25139,0.80082,0.16085,6.1834e-07,9999,1,-1,351.56,3.6621,0.24117,0,0,0,0,0,0,0,0,1,0.67401,0.74356,-0.76,0,0,0,0,0,10,0.16085,6.1834e-07,9999,-1,351.56,3.6621,0.24117,0.67401,0.74356,-0.76,-0,0.027533,0.67401,1,0.74356,0.16037,1,0.99816,0.31419,0,0,0,0,0,0,0,1
0,0,0,0,0,0,0,0,0.30339,0.33315,0.15646,1,0.96017,0.0053041,1.6168e-05,2,1,0.49916,0.39214,999,999,999,0.60067,0.42378,0.43824,0,0,0,0,0,0,0,0,0,0,0,0,0,0,0,0,0,0,0,0,0,0,0,0,0,0,0,0,0,0,0,0,0,0,0,0,0,0,0,0,0,0,0,0,0,0,0,0,0,0,0,0,0,0
0,0,0,0,0,0,0,0,1.0013,0.46871,-0.4378,1,0.0015688,0.0011453,0.00063437,2,1,0.49442,1.2821,0.64291,0.97744,-0.90687,0.95838,0.85615,0.38206,0,0,0,0,0,0,0,0,0,0,0,0,0,0,0,0,0,0,0,0,0,0,0,0,0,0,0,0,0,0,0,0,0,0,0,0,0,0,0.015016,1.0013,1,0.96594,0,0,0,0,0,0,0,0,0,0,0,1
0,0,0,0,0,0,0,0,0.11869,0,-0.02964,1,0.00032077,-2.7127e-05,1.2298e-06,1,0,0,0.44597,999,999,999,0.60266,0.49491,0.0696,0.83107,0.11869,1.2298e-06,9999,1,1,0,3.1738,0.0696,0,0,0,0,0,0,0,0,1,999,999,999,0,0,0,0,0,0,0,0,0,0,0,0,0,0,0,0,0,0,0,0,0,-0.49461,-1,-2.7127e-05,-0.63918,0,0,0,0,0,0,0,1
0.84778,1.3577,-0.2771,-1,0,0,0,0,0.63908,0.89893,0.67051,1,-0.97129,0.23003,-0.066682,1,0,0,1.3517,999,999,999,0.81788,0.54211,1.0497,0.99899,0.15764,5.9325e-07,9999,0,1,449.22,5.2246,0.2339,0,0,0,0,0,0,0,0,1,999,999,999,0,0,0,0,0,10,0.19863,8.9737e-07,9999,1,444.34,3.9062,0.29709,0.84778,0.97653,-0.44755,5,0.0068235,0.84778,-1,0.97653,0.96919,-1,-0.97129,-0.89333,0.84778,1.3577,-0.2771,-1,1,0.0068235,0.97653,0
0,0,0,0,0,0,0,0,1.4734,2.4942,-0.98132,-1,-0.93596,-0.075511,0.0035272,0,0,0,1.7109,-1.4734,0.94775,-0.93459,0.71472,1.9629,0.92516,0.69726,0.24565,1.0715e-06,9999,1,1,625,3.7109,0.22061,0,0,0,0,0,0,0,0,1,0.82353,0.7947,-0.12506,0,0,0,0,0,10,0.24565,1.0715e-06,9999,1,625,3.7109,0.22061,0.82353,0.7947,-0.12506,6,0.022413,1.4734,-1,0.94775,-0.12506,-1,-0.93596,-0.00029162,0,0,0,0,0,0,0,0
0,0,0,0,0,0,0,0,0.59821,0.79339,-0.74819,-1,0.00034037,-7.3823e-05,-9.1613e-06,0,0,0,0.90348,999,999,999,0.91449,0.70122,0.38713,0.90418,0.13227,2.2853e-06,9999,1,-1,0,3.8086,0.23906,0,0,0,0,0,0,0,0,1,999,999,999,0,0,0,0,0,10,0.23286,5.5534e-07,9999,1,1269.5,4.6875,0.22209,0.59821,0.64877,-0.93357,0,0.06318,0.64698,1,0.63007,0.81563,1,0.00034037,0.70838,0,0,0,0,0,0,0,1
0,0,0,0,0,0,0,0,0.17532,0.37526,0.29326,-1,2.6077e-05,2.1452e-06,-1.3333e-06,0,0,0,0.51159,999,999,999,0.56818,0.27498,0.14924,0.92264,0.17532,5.7576e-07,9999,0,-1,585.94,5.0781,0.22848,0,0,0,0,0,0,0,0,1,999,999,999,0,0,0,0,0,0,0,0,0,0,0,0,0,0,0,0,0,0,0,0,0,-0.38553,1,2.6077e-05,0.5522,0,0,0,0,0,0,0,0
0,0,0,0,0,0,0,0,1.1345,0.1361,0.28701,1,0.21979,-0.00010256,3.2113e-06,1,0,0,0.77983,999,999,999,1.8502,0.65802,0.30534,0,0,0,0,0,0,0,0,0,0,0,0,0,0,0,0,0,0,0,0,0,0,0,0,0,0,0,0,0,0,0,0,0,0,0,0,0,0,0.002344,0.9999,-1,0.98523,0,0,0,0,0,0,0,0,0,0,0,0
1.56,0.91941,-0.98784,-1,0,0,0,0,0.88669,0.42379,0.31502,1,0.045023,-0.0042532,0,0,0,0,1.7568,999,999,999,0.87288,1.9911,0,0,0,0,0,0,0,0,0,0,0,0,0,0,0,0,0,0,0,0,0,0,0,0,0,0,0,0,0,0,0,0,0,0,0,0,0,0,0,0.0076469,1.56,-1,0.92769,0,0,0,0,0,0,0,0,0,0,0,0
0,0,0,0,0,0,0,0,0.79333,0.46473,-0.88344,1,0.00013365,6.5526e-05,-6.6947e-06,1,0,0,0.98381,999,999,999,0.6268,0.64355,0.36161,0.40188,0.15396,3.7498e-07,9999,0,1,664.06,3.3203,0.12909,0,0,0,0,0,0,0,0,1,999,999,999,0,0,0,0,0,0,0,0,0,0,0,0,0,0,0,0,0,0.0015219,0.79333,1,0.93269,0.9102,-1,-1.9819e-06,-0.086655,0,0,0,0,0,0,0,0
0,0,0,0,0,0,0,0,0.47816,0.63449,0.47204,-1,0.99637,-0.98616,-1.5162e-05,0,0,0,0.86584,999,999,999,0.57057,0.65514,0.43203,0,0,0,0,0,0,0,0,0,0,0,0,0,0,0,0,0,0,0,0,0,0,0,0,0,0,0,0,0,0,0,0,0,0,0,0,0,0,0.034567,0.87424,1,0.9803,0,0,0,0,0,0,0,0,0,0,0,1
0,0,0,0,0,0,0,0,1.1968,0.5875,-0.11944,1,0.14274,-6.7463e-05,0,0,1,0.499,0.72851,999,999,999,1.9511,0.66835,0,0,0,0,0,0,0,0,0,0,0,0,0,0,0,0,0,0,0,0,0,0,0,0,0,0,0,0,0,0,0,0,0,0,0,0,0,0,0,0.054435,1.1968,1,0.98264,0,0,0,0,0,0,0,0,0,0,0,0
0,0,0,0,0,0,0,0,1.1321,0.59349,-0.99852,1,0.97147,-0.06005,3.8498e-05,2,1,0.49892,1.1383,999,999,999,1.5877,1.0489,0.54395,0.3922,0.19147,5.0744e-07,9999,1,-1,551.76,4.834,0.20389,0,0,0,0,0,0,0,0,1,1.1321,0.87593,-0.058444,0,0,0,0,0,10,0.19147,5.0744e-07,9999,-1,551.76,4.834,0.20389,1.1321,0.87593,-0.058444,-5,0.010428,1.1321,1,0.87593,-0.058444,1,0.97147,0.0062535,0,0,0,0,0,0,0,1
0,0,0,0,0,0,0,0,1.8079,0.54397,-0.91487,-1,0.034075,-0.00026252,6.1433e-05,0,0,0,0.95241,999,999,999,0.99237,1.1412,0.64008,0,0,0,0,0,0,0,0,0,0,0,0,0,0,0,0,0,0,0,0,0,0,0,0,0,0,0,0,0,0,0,0,0,0,0,0,0,0,0.0062162,1.8079,-1,0.99219,0,0,0,0,0,0,0,0,0,0,0,1
0,0,0,0,1.1245,1.0896,0.77244,1,2.102,0.77805,-0.91466,-1,-0.82067,-0.44343,0.20376,0,0,0,2.4518,999,999,999,0.75857,2.8194,0.90824,0,0,0,0,0,0,0,0,0,0,0,0,0,0,0,0,0,0,0,0,0,0,0,0,0,0,0,0,0,0,0,0,0,0,0,0,0,0,0.0027961,2.102,-1,0.99354,0,0,0,0,0,0,0,0,0,0,0,0
1.0283,0.47338,-0.56676,1,0,0,0,0,0.1811,0.51419,0.56652,-1,0.10412,-4.2557e-07,-3.7282e-07,0,0,0,0.95523,999,999,999,1.3928,0.16377,0.12736,0.9378,0.074381,3.7282e-07,9999,1,-1,1328.1,5.2734,0.12736,0,0,0,0,0,0,0,0,1,1.0283,0.95683,-0.80433,0,0,0,0,0,10,0.074381,3.7282e-07,9999,-1,1328.1,5.2734,0.12736,1.0283,0.95683,-0.80433,-0,0.011628,1.0283,1,0.95683,-0.80433,1,0.10412,0.8147,0,0,0,0,0,0,0,1
0,0,0,0,0,0,0,0,0.92708,1.0862,0.59011,-1,-0.96815,0.19046,-0.047445,0,0,0,1.2611,-0.92708,-0.70287,-0.64178,1.3384,1.1857,1.1536,0,0,0,0,0,0,0,0,0,0,0,0,0,0,0,0,0,0,0,0,0,0,0,0,0,0,0,0,0,0,0,0,0,0,0,0,0,0,0.0073559,0.88296,-1,0.99451,0,0,0,0,0,0,0,0,0,0,0,0
0,0,0,0,0,0,0,0,1.1469,0.83475,-0.75296,-1,-0.018861,4.4654e-05,3.5046e-06,2,0,0,1.1205,999,999,999,1.5934,0.5092,0.3119,0,0,0,0,0,0,0,0,0,0,0,0,0,0,0,0,0,0,0,0,0,0,0,0,0,0,0,0,0,0,0,0,0,0,0,0,0,0,0.0055487,1.1469,-1,0.80721,0,0,0,0,0,0,0,0,0,0,0,1
0,0,0,0,0,0,0,0,1.6111,0,-0.97345,1,0.10519,-0.00017426,0,0,0,0,0.81888,999,999,999,1.0622,0.15021,0,0.2498,0.12967,0.00017426,9999,1,-1,703.12,0,0.15021,0,0,0,0,0,0,0,0,1,1.6111,0.98017,-0.070757,0,0,0,0,0,10,0.12967,0.00017426,9999,-1,703.12,0,0.15021,1.6111,0.98017,-0.070757,-11,0.0081456,1.6111,1,0.98017,-0.070757,1,0.10519,0.19738,0,0,0,0,0,0,0,1
0,0,0,0,0,0,0,0,0.37852,1.002,-0.90483,1,0.001434,-0.00063063,-3.282e-05,4,0,0,0.46763,999,999,999,0.4588,0.37694,0.52004,0.8229,0.095845,1.2667e-06,9999,1,-1,0,3.5156,0.13154,0,0,0,0,0,0,0,0,1,999,999,999,0,0,0,0,0,0,0,0,0,0,0,0,0,0,0,0,0,0,0,0,0,0.4787,1,0.001434,0.70024,0,0,0,0,0,0,0,1
1.1085,0.087292,0.90721,-1,0,0,0,0,1.3632,1.3449,-0.62219,-1,-0.96673,-0.049073,0.00027173,1,0,0,1.5075,-1.1085,-0.99255,-0.72311,1.9726,0.90618,0.28825,0.91631,0.11748,4.8213e-07,9999,1,1,634.77,5.957,0.19302,0,0,0,0,0,0,0,0,1,1.1085,0.99255,-0.94154,0,0,0,0,0,10,0.21611,0.00027173,9999,1,600.59,0,0.28825,1.3632,0.72172,-0.2659,5,0.038701,1.3632,-1,0.72172,0.88423,-1,-0.96673,-0.76042,0,0,0,0,0,0,0,0
0.96257,0.49995,0.68652,-1,0,0,0,0,0.4526,1.1022,-0.76784,1,-0.0066719,-6.0095e-05,5.0071e-06,1,0,0,0.93873,-0.75159,-0.84314,-0.76513,1.5505,0.63332,0.33897,0.19642,0.22445,5.0071e-06,9999,1,1,473.63,4.2969,0.33897,0,0,0,0,0,0,0,0,1,0.75159,0.84314,-0.17301,0,0,0,0,0,10,0.22445,5.0071e-06,9999,1,473.63,4.2969,0.33897,0.75159,0.84314,-0.17301,4,0.004067,0.75159,-1,0.84314,0.048685,-1,-0.0066719,-0.00026703,0.96257,0.49995,0.68652,-1,1,0.16365,0.98236,1
0,0,0,0,0,0,0,0,1.37,0.30177,-0.25625,-1,-0.091173,0.070505,-3.4988e-05,0,0,0,2.1882,999,999,999,1.4723,1.7165,0.52929,0.48904,0.24083,1.8578e-06,9999,1,1,468.75,3.6133,0.37721,0,0,0,0,0,0,0,0,1,1.37,0.99716,-0.47962,0,0,0,0,0,10,0.24083,1.8578e-06,9999,1,468.75,3.6133,0.37721,1.37,0.99716,-0.47962,5,0.00011048,1.6593,1,0.94751,-0.16452,-1,-3.4988e-05,-0.00016279,0,0,0,0,0,0,0,1
0,0,0,0,0,0,0,0,1.8514,0.32348,-0.41592,-1,-0.057439,-0.033384,4.6454e-05,2,1,0.49522,2.1083,-1.0022,0.95992,-0.92059,1.9126,1.4324,0.57673,0,0,0,0,0,0,0,0,0,0,0,0,0,0,0,0,0,0,0,0,0,0,0,0,0,0,0,0,0,0,0,0,0,0,0,0,0,0,0.004946,1.8514,-1,0.99007,0,0,0,0,0,0,0,0,0,0,0,0
0,0,0,0,0,0,0,0,1.2164,0.45221,-0.49003,-1,0.9971,-0.0075267,-0.00020901,0,1,0.49735,1.2234,999,999,999,0.54871,1.7427,0.24124,0,0,0,0,0,0,0,0,0,0,0,0,0,0,0,0,0,0,0,0,0,0,0,0,0,0,0,0,0,0,0,0,0,0,0,0,0,0,0.0052723,1.2164,-1,0.78211,0,0,0,0,0,0,0,0,0,0,0,1
0,0,0,0,0,0,0,0,0.69671,0.46425,0.1588,-1,0.99045,-0.98475,0.00017014,0,0,0,1.2484,0.64083,0.95622,-0.039254,0.64424,0.74081,0.79502,0.99136,0.24111,9.681e-07,9999,1,-1,468.75,5.127,0.30688,0,0,0,0,0,0,0,0,1,999,999,999,0,0,0,0,0,0,0,0,0,0,0,0,0,0,0,0,0,0.00033237,0.69671,-1,0.97957,0.29784,1,0.99045,0.19598,0,0,0,0,0,0,0,0
0,0,0,0,1.7811,0.2107,-0.96626,-1,0.097881,0.35786,0.86115,1,-0.023878,1.4856e-06,-1.3606e-06,1,0,0,1.6733,999,999,999,1.6716,0.17515,0.34617,0.9408,0.097881,1.4856e-06,9999,0,1,0,6.4453,0.17515,0,0,0,0,0,0,0,0,1,1.7811,0.99923,-0.94564,0,0,0,0,0,10,0.097881,1.4856e-06,9999,1,0,6.4453,0.17515,1.7811,0.99923,-0.94564,2,0.0042788,1.7811,-1,0.99923,-0.12033,-1,-1.3606e-06,-0.81419,0,0,0,0,0,0,0,0
0,0,0,0,0,0,0,0,1.5131,0.084084,-0.015651,-1,-0.95273,-0.22972,3.1203e-06,0,0,0,1.5771,-1.5131,0.7227,-0.091105,1.8796,2.1875,0.30318,0.24541,0.094453,4.023e-07,9999,1,1,751.95,6.25,0.14908,0,0,0,0,0,0,0,0,1,1.5131,0.7227,-0.46822,0,0,0,0,0,10,0.094453,4.023e-07,9999,1,751.95,6.25,0.14908,1.5131,0.7227,-0.46822,21,0.013249,1.5131,-1,0.7227,0.84387,-1,-0.95273,-0.45797,0,0,0,0,0,0,0,0
0,0,0,0,0,0,0,0,0.75218,1.3825,-0.84936,-1,-0.11695,0.00013322,4.6e-07,1,0,0,0.96537,999,999,999,0.86925,0.75253,0.18249,0.99406,0.10531,4.6e-07,9999,1,1,1093.8,4.4434,0.18249,0,0,0,0,0,0,0,0,1,999,999,999,0,0,0,0,0,0,0,0,0,0,0,0,0,0,0,0,0,0.0084856,0.75218,-1,0.6921,0.61413,-1,-0.11695,-0.89689,0,0,0,0,0,0,0,0
0.97432,0,0.29216,1,0,0,0,0,0.17777,0.97432,-0.85397,-1,0.0015396,-4.6564e-07,0,0,0,0,0.90163,999,999,999,0.88916,0.18528,0,0.94331,0.17777,4.6564e-07,9999,1,-1,654.3,5.1758,0.18528,0,0,0,0,0,0,0,0,1,0.97432,0.87226,-0.70087,0,0,0,0,0,10,0.17777,4.6564e-07,9999,-1,654.3,5.1758,0.18528,0.97432,0.87226,-0.70087,-2,0.03089,0.97432,1,0.87226,-0.70087,1,0.0015396,0.6279,0.97432,0,0.29216,1,1,0.03089,0.87226,1
0,0,0,0,0,0,0,0,0.64843,0.41376,0.35023,-1,0.99995,-0.00013047,1.217e-06,1,0,0,0.60619,999,999,999,0.29252,0.91976,0.078412,0.48066,0.067986,1.217e-06,9999,1,1,0,3.9062,0.078412,0,0,0,0,0,0,0,0,1,999,999,999,0,0,0,0,0,0,0,0,0,0,0,0,0,0,0,0,0,0.003909,0.64843,-1,0.92071,0.3097,-1,-0.00013047,-0.6878,0,0,0,0,0,0,0,0
0,0,0,0,0,0,0,0,0.45219,0.21216,0.30934,-1,-0.0053817,-6.3855e-05,-6.0817e-07,4,2,0.498,0.59604,999,999,999,0.66685,0.62122,0.23828,0.68662,0.1386,4.9245e-07,9999,0,1,615.23,4.5898,0.19759,0,1,0,0,0,0,0,0,1,999,999,999,0,0,0,0,0,0,0,0,0,0,0,0,0,0,0,0,0,0,0,0,0,0.64584,-1,-6.3855e-05,-0.334,0,0,0,0,0,0,0,0
0,0,0,0,0,0,0,0,2.376,0,-0.98906,1,-0.75849,0.027832,0,1,0,0,1.0185,999,999,999,2.044,1.5293,0,0,0,0,0,0,0,0,0,0,0,0,0,0,0,0,0,0,0,0,0,0,0,0,0,0,0,0,0,0,0,0,0,0,0,0,0,0,0,0.0071866,2.376,1,0.98906,0,0,0,0,0,0,0,0,0,0,0,1
0,0,0,0,0,0,0,0,1.5885,0.5113,-0.59808,-1,0.97039,-0.16707,-8.1129e-05,0,0,0,1.8323,999,999,999,0.81378,2.1583,0.71712,0,0,0,0,0,0,0,0,0,0,0,0,0,0,0,0,0,0,0,0,0,0,0,0,0,0,0,0,0,0,0,0,0,0,0,0,0,0,0.003507,1.5885,-1,0.96761,0,0,0,0,0,0,0,0,0,0,0,1
0,0,0,0,0,0,0,0,1.1575,0,0.15256,-1,0.91599,-0.43059,0.00045128,3,1,0.4974,0.76507,999,999,999,1.5102,1.8632,0.77196,0.22337,0.064653,1.2287e-06,9999,0,-1,0,9.375,0.11536,0,0,0,0,0,0,0,0,1,999,999,999,0,0,0,0,0,10,0.20511,3.76e-07,9999,1,976.56,8.4961,0.1299,1.1575,0.86096,-0.38731,0,0.0055273,1.1575,-1,0.86096,0.22679,1,0.91599,0.60736,0,0,0,0,0,0,0,1
0,0,0,0,0,0,0,0,1.8937,0.1805,-0.82153,-1,-7.1374e-05,9.2952e-06,1.3898e-06,0,0,0,1.5612,999,999,999,2.7612,0.38835,0.16033,0.7535,0.11445,1.3898e-06,9999,1,1,0,6.6406,0.16033,0,0,0,0,0,0,0,0,1,999,999,999,0,0,0,0,0,0,0,0,0,0,0,0,0,0,0,0,0,0.0029223,1.8937,-1,0.97236,0.58024,-1,-7.1374e-05,-0.5831,0,0,0,0,0,0,0,0
0,0,0,0,0,0,0,0,0.96158,0.51148,-0.27233,-1,0.50697,-0.0004766,-8.3924e-05,1,0,0,0.95064,999,999,999,1.4599,0.26971,0.75338,0,0,0,0,0,0,0,0,0,0,0,0,0,0,0,0,0,0,0,0,0,0,0,0,0,0,0,0,0,0,0,0,0,0,0,0,0,0,0.0059914,0.96158,-1,0.78593,0,0,0,0,0,0,0,0,0,0,0,0
0,0,0,0,0,0,0,0,0.41926,0.54419,-0.98065,-1,0.0033805,-4.2578e-05,0,1,1,0.49825,0.40558,999,999,999,0.70811,0.56074,0,0,0,0,0,0,0,0,0,0,0,0,0,0,0,0,0,0,0,0,0,0,0,0,0,0,0,0,0,0,0,0,0,0,0,0,0,0,0,0,0,0,0,0,0,0,0,0,0,0,0,0,0,0,0
0,0,0,0,0,0,0,0,0.56768,0.30563,-0.97901,1,7.994e-05,1.291e-05,-4.9349e-06,0,0,0,0.73084,999,999,999,0.72475,0.41702,0.4573,0,0,0,0,0,0,0,0,0,0,0,0,0,0,0,0,0,0,0,0,0,0,0,0,0,0,0,0,0,0,0,0,0,0,0,0,0,0,0.014121,0.56768,1,0.96866,0,0,0,0,0,0,0,0,0,0,0,1
0,0,0,0,0,0,0,0,2.2019,0.066138,-0.85696,-1,-0.258,-0.0016194,0.00043261,2,1,0.49617,2.1203,999,999,999,2.9995,0.70296,0.64865,0,0,0,0,0,0,0,0,0,0,0,0,0,0,0,0,0,0,0,0,0,0,0,0,0,0,0,0,0,0,0,0,0,0,0,0,0,0,0.0027815,2.2019,-1,0.98988,0,0,0,0,0,0,0,0,0,0,0,0
0,0,0,0,0,0,0,0,0.43234,0.25803,-0.16568,-1,-8.9364e-06,2.0653e-06,0,0,0,0,0.45048,999,999,999,0.38596,0.38697,0,0,0,0,0,0,0,0,0,0,0,0,0,0,0,0,0,0,0,0,0,0,0,0,0,0,0,0,0,0,0,0,0,0,0,0,0,0,0,0.053094,0.62949,1,0.46996,0,0,0,0,0,0,0,0,0,0,0,0
0.73805,0,0.085444,-1,0,0,0,0,0.75334,0.14719,-0.64615,1,0.96006,-0.039524,0.00044742,0,0,0,1.03,999,999,999,1.1829,0.9439,0.74094,0,0,0,0,0,0,0,0,0,0,0,0,0,0,0,0,0,0,0,0,0,0,0,0,0,0,0,0,0,0,0,0,0,0,0,0,0,0,0.0073832,0.73805,-1,0.72886,0,0,0,0,0.73805,0,0.085444,-1,1,0.0073832,0.72886,1
0,0,0,0,0,0,0,0,0.57213,1.8442,-0.68894,1,-0.99511,0.9925,0.21759,0,0,0,1.3168,-0.80686,0.97846,-0.94419,0.42433,0.65346,0.74507,0,0,0,0,0,0,0,0,0,0,0,0,0,0,0,0,0,0,0,0,0,0,0,0,0,0,0,0,0,0,0,0,0,0,0,0,0,0,0.0062541,0.80686,-1,0.97846,0,0,0,0,0,0,0,0,0,0,0,1
0,0,0,0,0,0,0,0,0.62127,0.19229,-0.39537,-1,0.0038897,-0.00010738,-7.9415e-05,3,0,0,1.0714,999,999,999,0.30284,0.61406,0.73318,0.84687,0.18026,1.3057e-06,9999,1,-1,0,6.9336,0.14277,0,0,0,0,0,0,0,0,1,999,999,999,0,0,0,0,0,0,0,0,0,0,0,0,0,0,0,0,0,0.011625,0.87796,-1,0.71701,0.93317,1,3.2735e-06,0.24166,0,0,0,0,0,0,0,1
0,0,0,0,0,0,0,0,0.64802,0.97017,-0.922,1,-0.96705,0.00076836,8.2178e-05,0,0,0,1.0691,999,999,999,0.47991,0.68877,0.73367,0.94466,0.12136,4.1905e-07,9999,1,-1,781.25,5.5176,0.15984,0,0,0,0,0,0,0,0,1,0.64802,0.79935,-0.55855,0,0,0,0,0,10,0.12136,4.1905e-07,9999,-1,781.25,5.5176,0.15984,0.64802,0.79935,-0.55855,-4,0.02138,0.64802,1,0.79935,-0.16538,-1,-0.96705,-0.030148,0,0,0,0,0,0,0,0
0,0,0,0,0,0,0,0,0.85648,0.81627,0.2503,-1,-0.22839,-0.0057523,-0.0033966,2,0,0,1.2204,999,999,999,1.1447,0.60354,0.36193,0,0,0,0,0,0,0,0,0,0,0,0,0,0,0,0,0,0,0,0,0,0,0,0,0,0,0,0,0,0,0,0,0,0,0,0,0,0,0.013464,0.85648,-1,0.91833,0,0,0,0,0,0,0,0,0,0,0,0
0,0,0,0,0,0,0,0,1.0408,1.5668,-0.97936,1,-0.96703,0.19151,0.00027889,1,0,0,1.1882,999,999,999,1.2325,1.6181,0.77075,0,0,0,0,0,0,0,0,0,0,0,0,0,0,0,0,0,0,0,0,0,0,0,0,0,0,0,0,0,0,0,0,0,0,0,0,0,0,0.034335,1.0408,1,0.94857,0,0,0,0,0,0,0,0,0,0,0,0
0,0,0,0,0,0,0,0,0.91275,1.0382,-0.65236,-1,0.2857,0.00021973,-0.00010017,1,1,0.50056,1.2344,999,999,999,1.3499,0.91273,0.69145,0.43866,0.052467,1.2096e-06,9999,0,-1,0,17.188,0.089568,0,0,0,0,0,0,0,0,1,0.83459,0.74201,-0.11863,0,0,0,0,0,10,0.052467,1.2096e-06,9999,-1,0,17.188,0.089568,0.83459,0.74201,-0.11863,-2,0.0058328,0.91275,-1,0.68742,-0.11863,1,0.2857,0.73731,0,0,0,0,0,0,0,1
0,0,0,0,0,0,0,0,1.0065,0.58777,-0.97279,-1,0.9875,-0.0032072,-3.7013e-07,0,0,0,1.1032,999,999,999,0.68092,0.87661,0.12517,0.27374,0.17463,3.7013e-07,9999,1,-1,800.78,7.3242,0.12517,0,0,0,0,0,0,0,0,1,0.71804,0.94317,-0.37589,0,0,0,0,0,10,0.17463,3.7013e-07,9999,-1,800.78,7.3242,0.12517,0.71804,0.94317,-0.37589,-8,0.0052131,1.0065,-1,0.98131,-0.37589,1,0.9875,0.014817,0,0,0,0,0,0,0,1
0,0,0,0,1.1009,0.80386,-0.49863,-1,1.5114,0.79097,-0.78712,-1,-0.93005,-0.018562,9.4353e-06,0,0,0,1.4966,-1.1009,0.62366,-0.084583,2.3054,1.6388,0.38961,0.089582,0.10092,4.0871e-07,9999,1,1,654.3,6.0547,0.15331,0,0,0,0,0,0,0,0,1,1.1009,0.62366,-0.65999,0,0,0,0,0,10,0.10092,4.0871e-07,9999,1,654.3,6.0547,0.15331,1.1009,0.62366,-0.65999,2,0.060654,1.5114,-1,0.72613,0.69225,-1,-0.93005,-0.39681,0,0,0,0,0,0,0,0
0,0,0,0,0,0,0,0,0.84129,0.91313,-0.79483,-1,-0.0029827,4.2718e-07,-4.2167e-07,0,0,0,0.83439,999,999,999,1.1051,0.16472,0.16143,0.51555,0.18923,4.2718e-07,9999,1,1,742.19,7.0312,0.16472,0,0,0,0,0,0,0,0,1,999,999,999,0,0,0,0,0,0,0,0,0,0,0,0,0,0,0,0,0,0.03695,0.84129,-1,0.98711,0.43208,-1,-0.0029827,-0.011668,0,0,0,0,0,0,0,1
0,0,0,0,0,0,0,0,0.24442,0.86625,-0.8036,-1,-0.036438,3.124e-05,-1.0109e-05,0,0,0,0.72486,999,999,999,0.93435,0.51236,0.39546,0.90007,0.24442,6.8205e-06,9999,1,-1,512.7,4.1504,0.36309,0,0,0,0,0,0,0,0,1,0.51385,0.92334,-0.76246,0,0,0,0,0,10,0.24442,6.8205e-06,9999,-1,512.7,4.1504,0.36309,0.51385,0.92334,-0.76246,-4,0.0086227,0.58274,-1,0.98395,0.89859,1,3.124e-05,0.0093399,0,0,0,0,0,0,0,0
0,0,0,0,0.78341,0.27276,-0.86823,1,0.55927,0.056893,0.63512,-1,0.10551,-4.3356e-05,0,0,0,0,0.94495,999,999,999,0.8559,0.56158,0,0,0,0,0,0,0,0,0,0,0,0,0,0,0,0,0,0,0,0,0,0,0,0,0,0,0,0,0,0,0,0,0,0,0,0,0,0,0,0.0062684,0.78341,1,0.99466,0,0,0,0,0,0,0,0,0,0,0,1
1.1013,0,-0.18582,-1,0,0,0,0,0.38681,0,0.58227,1,-0.99956,-0.00019596,3.5749e-05,1,0,0,1.174,-1.1013,-0.91362,-0.076047,0.34908,1.0808,0.53249,0.59637,0.11698,1.3271e-06,9999,0,1,0,5.3711,0.14786,0,0,0,0,0,0,0,0,1,1.1013,0.91362,-0.82168,0,0,0,0,0,10,0.11698,1.3271e-06,9999,1,0,5.3711,0.14786,1.1013,0.91362,-0.82168,2,0.0086942,1.1013,-1,0.91362,0.61737,-1,-0.99956,-0.42938,0,0,0,0,0,0,0,0
0,0,0,0,0,0,0,0,0.16578,0.90137,-0.80893,1,-0.00060005,-2.2193e-05,2.5062e-06,1,1,0.49923,0.55943,-0.51338,-0.73692,-0.6717,0.5283,0.47129,0.24955,0.94521,0.15838,3.981e-07,9999,0,-1,849.61,6.25,0.14621,0,0,0,0,0,0,0,0,1,999,999,999,0,0,0,0,0,10,0.082978,3.9913e-07,9999,1,878.91,7.8125,0.14692,0.51338,0.73692,-0.70095,5,0.010774,0.51338,-1,0.73692,0.97121,-1,-0.00060005,-0.52377,0,0,0,0,0,0,0,0
0,0,0,0,0,0,0,0,0.59482,0.68971,-0.90529,-1,-0.0001836,4.2023e-05,-1.4936e-05,2,1,0.49599,0.77158,999,999,999,0.39878,0.55281,0.43059,0.39213,0.19984,3.8069e-07,9999,0,1,937.5,8.2031,0.13355,0,1,0,0,0,0,0,0,1,999,999,999,0,0,0,0,0,0,0,0,0,0,0,0,0,0,0,0,0,0,0,0,0,0.38574,-1,-1.128e-05,-0.0031405,0,0,0,0,0,0,0,0
0,0,0,0,0,0,0,0,1.9689,0.51752,-0.83644,-1,-0.97036,-0.027562,2.7343e-06,0,0,0,1.6939,-1.9689,-0.98437,-0.98557,1.0675,1.5675,0.29326,0.47266,0.2057,4.4947e-07,9999,1,-1,712.89,4.9805,0.1771,0,0,0,0,0,0,0,0,1,999,999,999,0,0,0,0,0,10,0.23454,6.7509e-07,9999,1,610.35,4.0039,0.25577,0.70486,0.99898,-0.62641,6,0.0036035,1.9689,-1,0.98437,-0.62641,-1,-0.97036,-0.0003652,0,0,0,0,0,0,0,0
0,0,0,0,0,0,0,0,0.75233,0.57676,-0.93299,1,0.99415,0.010156,-0.00020512,0,0,0,0.8374,999,999,999,0.62087,1.1294,0.77831,0.95371,0.21773,6.9621e-07,9999,1,-1,522.46,3.7598,0.26065,0,0,0,0,0,0,0,0,1,0.75233,0.8938,-0.71896,0,0,0,0,0,10,0.21773,6.9621e-07,9999,-1,522.46,3.7598,0.26065,0.75233,0.8938,-0.71896,-0,0.0046545,0.75233,1,0.8938,-0.78209,1,0.99415,0.25667,0,0,0,0,0,0,0,0
0,0,0,0,0,0,0,0,0.62148,0.5741,0.55401,-1,0.0036675,-5.532e-05,-8.4993e-06,0,0,0,0.88077,999,999,999,0.81295,0.61404,0.3809,0,0,0,0,0,0,0,0,0,0,0,0,0,0,0,0,0,0,0,0,0,0,0,0,0,0,0,0,0,0,0,0,0,0,0,0,0,0,0.004094,0.62148,-1,0.67699,0,0,0,0,0,0,0,0,0,0,0,1
0,0,0,0,0,0,0,0,0.46189,1.4282,-0.75352,-1,0.98045,0.001401,-0.0001487,0,0,0,0.95104,999,999,999,0.52409,0.70552,0.83486,0.5529,0.20239,1.214e-06,9999,1,1,0,10.742,0.10393,0,0,0,0,0,0,0,0,1,0.63679,0.98735,-0.42832,0,0,0,0,0,10,0.20239,1.214e-06,9999,1,0,10.742,0.10393,0.63679,0.98735,-0.42832,5,0.0010585,0.63679,-1,0.98735,0.99903,1,0.98045,0.0023592,0,0,0,0,0,0,0,1
0,0,0,0,0.88938,0.5103,0.85972,-1,0.73502,1.4802,-0.95147,1,-0.15597,0.028088,-0.00076855,0,0,0,1.257,999,999,999,1.0414,0.67593,0.47681,0.98671,0.15063,3.9325e-07,9999,1,1,976.56,7.5195,0.14282,0,0,0,0,0,0,0,0,1,0.88938,0.90964,-0.8371,0,0,0,0,0,10,0.15063,3.9325e-07,9999,1,976.56,7.5195,0.14282,0.88938,0.90964,-0.8371,4,0.0052373,0.88938,-1,0.90964,-0.8371,-1,-0.15597,-0.87193,0,0,0,0,0,0,0,1
0,0,0,0,0,0,0,0,0.53503,1.0195,-0.47141,-1,-1.1692e-05,1.1422e-05,-1.2668e-06,0,0,0,0.4974,999,999,999,0.40812,0.40605,0.13158,0.91625,0.05993,1.2668e-06,9999,1,-1,0,6.8359,0.13158,0,0,0,0,0,0,0,0,1,999,999,999,0,0,0,0,0,0,0,0,0,0,0,0,0,0,0,0,0,0.022989,0.53503,-1,0.47767,-0.56887,1,1.1422e-05,0.79575,0,0,0,0,0,0,0,1
0,0,0,0,0,0,0,0,0.98883,1.2478,0.18272,1,-0.19918,8.1181e-05,-5.4569e-05,0,0,0,0.91574,999,999,999,1.2107,0.72896,0.60766,0,0,0,0,0,0,0,0,0,0,0,0,0,0,0,0,0,0,0,0,0,0,0,0,0,0,0,0,0,0,0,0,0,0,0,0,0,0,0.018803,0.98883,1,0.82912,0,0,0,0,0,0,0,0,0,0,0,1
0,0,0,0,0,0,0,0,1.1653,0.44677,-0.98724,1,0.49688,0.00070065,0.00017651,1,0,0,0.59723,1.1653,-0.93302,-0.54269,0.8506,0.74495,0.13198,0.31586,0.13722,0.00017651,9999,0,1,703.12,0,0.13198,0,0,0,0,0,0,0,0,1,999,999,999,0,0,0,0,0,0,0,0,0,0,0,0,0,0,0,0,0,0.011052,1.1653,1,0.93302,0,0,0,0,0,0,0,0,0,0,0,1
0,0,0,0,0.60122,2.3604,0.39442,1,1.5228,0.72633,-0.62971,-1,-0.99128,-0.93121,0.0001252,0,0,0,1.8667,-1.5228,-0.97149,-0.63323,0.4978,1.6803,0.7653,0.14027,0.22475,4.0388e-07,9999,1,1,859.38,6.2012,0.15014,0,0,0,0,0,0,0,0,1,1.5228,0.97149,-0.083721,0,0,0,0,0,10,0.22475,4.0388e-07,9999,1,859.38,6.2012,0.15014,1.5228,0.97149,-0.083721,5,0.0062071,1.5228,-1,0.97149,-0.083721,-1,-0.93121,-0.0002325,0,0,0,0,0,0,0,0
0,0,0,0,0,0,0,0,0.13528,1.7218,-0.96844,-1,3.03e-05,-5.5578e-06,-2.9438e-06,1,0,0,0.52939,999,999,999,0.57994,0.34702,0.2988,0.97469,0.13528,3.7333e-07,9999,0,-1,986.33,8.6914,0.12777,0,0,0,0,0,0,0,0,1,999,999,999,0,0,0,0,0,0,0,0,0,0,0,0,0,0,0,0,0,0,0,0,0,-0.027183,1,1.9584e-06,0.85769,0,0,0,0,0,0,0,0
0,0,0,0,0,0,0,0,0.36568,0.9178,0.31742,1,0.99698,-0.014258,8.4317e-05,3,1,0.49516,0.65139,999,999,999,0.41351,0.81496,0.67287,0.70177,0.23945,1.6427e-06,9999,0,-1,605.47,4.1504,0.25457,0,1,0,0,0,0,0,0,1,999,999,999,0,0,0,0,0,0,0,0,0,0,0,0,0,0,0,0,0,0,0,0,0,0.24528,1,0.99698,0.00051816,0,0,0,0,0,0,0,0
0,0,0,0,0,0,0,0,0.95473,1.6875,0.38774,1,-0.99803,0.055402,-8.1665e-05,0,1,0.49477,1.4518,-0.80823,0.56759,-0.40111,0.5115,1.1521,0.71113,0,0,0,0,0,0,0,0,0,0,0,0,0,0,0,0,0,0,0,0,0,0,0,0,0,0,0,0,0,0,0,0,0,0,0,0,0,0,0.0088844,0.95473,1,0.96609,0,0,0,0,0,0,0,0,0,0,0,0
0,0,0,0,0,0,0,0,1.4528,1.0038,-0.99517,-1,-0.97014,-0.012843,0.00074739,0,0,0,1.7077,999,999,999,1.6621,0.81685,0.84182,0,0,0,0,0,0,0,0,0,0,0,0,0,0,0,0,0,0,0,0,0,0,0,0,0,0,0,0,0,0,0,0,0,0,0,0,0,0,0.0048447,1.4528,-1,0.76212,0,0,0,0,0,0,0,0,0,0,0,0
0,0,0,0,0,0,0,0,0.73372,0.69223,0.43397,-1,0.99089,-0.96455,-9.533e-05,0,0,0,1.0932,0.57622,-0.56695,-0.57968,0.62869,1.1729,0.82221,0.41109,0.11371,1.213e-06,9999,1,1,0,20.312,0.082726,0,0,0,0,0,0,0,0,1,0.73372,0.55903,-0.48394,0,0,0,0,0,10,0.11371,1.213e-06,9999,1,0,20.312,0.082726,0.73372,0.55903,-0.48394,0,0.0014633,0.65245,-1,0.78352,-0.48394,-1,-0.96455,-0.35889,0,0,0,0,0,0,0,0
0.95315,0.10062,0.61458,1,0,0,0,0,1.6879,0.31836,-0.85155,-1,0.037552,-0.02348,0,0,0,0,1.9308,999,999,999,0.96209,1.8818,0,0,0,0,0,0,0,0,0,0,0,0,0,0,0,0,0,0,0,0,0,0,0,0,0,0,0,0,0,0,0,0,0,0,0,0,0,0,0,0.0015299,1.6879,-1,0.99833,0,0,0,0,0.95315,0.10062,0.61458,1,1,0.0032547,0.94284,0
0,0,0,0,0,0,0,0,1.1116,0.92642,-0.82825,1,-0.59873,0.0049879,0.00045581,3,0,0,1.0957,-0.75434,0.46435,-0.69481,0.42233,0.76968,0.80445,0.24531,0.12075,1.2166e-06,9999,1,-1,0,17.773,0.078793,0,0,0,0,0,0,0,0,1,0.52014,0.71303,-0.62229,0,0,0,0,0,10,0.12075,1.2166e-06,9999,-1,0,17.773,0.078793,0.52014,0.71303,-0.62229,-2,0.021354,1.1116,1,0.89028,0.41234,1,0.00015701,0.26524,0,0,0,0,0,0,0,1
0,0,0,0,0,0,0,0,0.92844,1.5381,0.0089697,1,-0.90655,0.00051471,0.00035857,1,0,0,1.3246,999,999,999,0.76345,0.36378,1.1624,0.9992,0.12866,4.0435e-07,9999,1,-1,820.31,6.9336,0.15045,0,0,0,0,0,0,0,0,1,0.92844,0.8807,-0.89373,0,0,0,0,0,10,0.12866,4.0435e-07,9999,-1,820.31,6.9336,0.15045,0.92844,0.8807,-0.89373,-4,0.0071765,0.92844,1,0.8807,0.91274,1,1.3406e-05,0.90653,0,0,0,0,0,0,0,0
0,0,0,0,0,0,0,0,0.51173,0.4801,-0.30802,-1,-0.99362,0.97736,-5.7131e-05,1,0,0,0.69833,-0.51173,-0.95825,-0.99182,0.44069,0.49119,0.6218,0,0,0,0,0,0,0,0,0,0,0,0,0,0,0,0,0,0,0,0,0,0,0,0,0,0,0,0,0,0,0,0,0,0,0,0,0,0,0.0072727,0.51173,-1,0.95825,0,0,0,0,0,0,0,0,0,0,0,0
0,0,0,0,0,0,0,0,0.2784,0.12055,0.18143,-1,0.006358,-1.2651e-05,-7.9384e-06,1,0,0,0.69673,999,999,999,0.25144,0.41517,0.49103,0.77513,0.10093,3.5397e-07,9999,0,1,859.38,8.6914,0.11112,0,0,0,0,0,0,0,0,1,999,999,999,0,0,0,0,0,0,0,0,0,0,0,0,0,0,0,0,0,0,0,0,0,0.95627,-1,-7.9384e-06,-0.65854,0,0,0,0,0,0,0,1
0,0,0,0,0,0,0,0,0.97919,1.1668,0.13406,1,-0.08659,-0.00076052,8.3613e-05,0,0,0,1.1565,999,999,999,1.2268,0.58722,0.70647,0.48179,0.20083,4.6856e-07,9999,1,1,561.52,6.9336,0.18668,0,0,0,0,0,0,0,0,1,0.78888,0.93814,-0.43816,0,0,0,0,0,10,0.24187,1.6234e-06,9999,-1,473.63,4.248,0.25366,0.97919,0.9185,-0.46181,-5,0.019193,0.97919,1,0.9185,-0.13604,-1,-0.00076052,-0.0040084,0,0,0,0,0,0,0,1
1.4356,0.23084,-0.244,1,0,0,0,0,0.5599,1.1977,-0.17178,-1,0.015394,0.005454,-0.0014794,2,0,0,1.4203,999,999,999,1.351,0.59742,0.87749,0,0,0,0,0,0,0,0,0,0,0,0,0,0,0,0,0,0,0,0,0,0,0,0,0,0,0,0,0,0,0,0,0,0,0,0,0,0,0.0090765,1.4356,1,0.96008,0,0,0,0,0,0,0,0,0,0,0,1
0,0,0,0,0,0,0,0,1.358,0.042738,-0.2769,1,0.96529,0.0009299,-0.00025246,3,1,0.49667,1.0064,999,999,999,2.1355,0.99628,0.27693,0.55075,0.073119,1.2124e-06,9999,0,1,0,10.645,0.1018,0,0,0,0,0,0,0,0,1,999,999,999,0,0,0,0,0,0,0,0,0,0,0,0,0,0,0,0,0,0.0040482,1.358,1,0.96706,0.15732,-1,-0.00025246,-0.69644,0,0,0,0,0,0,0,0
0,0,0,0,0,0,0,0,0.20209,1.1004,-0.92944,1,0.87732,-0.0005664,-3.6588e-06,1,0,0,0.86469,999,999,999,1.0709,0.3733,0.31515,0.18506,0.20209,3.8149e-07,9999,1,1,1103.5,8.7891,0.13416,0,0,0,0,0,0,0,0,1,999,999,999,0,0,0,0,0,10,0.23589,3.6588e-06,9999,-1,527.34,3.8574,0.31515,0.7734,0.8631,-0.74638,-4,0.0018722,0.7734,1,0.8631,-0.74638,1,0.87732,0.00019512,0,0,0,0,0,0,0,0
0,0,0,0,0,0,0,0,1.8998,0.31675,-0.82179,1,0.69661,0.085193,-4.6267e-06,1,0,0,2.1506,1.0285,-0.9589,-0.9908,2.3071,1.1062,0.45254,0.96875,0.088994,3.6552e-07,9999,1,-1,1005.9,15.43,0.12131,0,0,0,0,0,0,0,0,1,1.8998,0.98829,-0.91972,0,0,0,0,0,10,0.088994,3.6552e-07,9999,-1,1005.9,15.43,0.12131,1.8998,0.98829,-0.91972,-2,0.0077284,1.8998,1,0.98829,-0.91972,1,0.69661,0.85577,0,0,0,0,0,0,0,1
0,0,0,0,0,0,0,0,0.86976,1.9896,-0.31778,1,-0.98487,0.15093,-0.00016314,0,0,0,1.2881,-0.59904,0.59675,-0.81476,0.76088,1.3336,0.90769,0,0,0,0,0,0,0,0,0,0,0,0,0,0,0,0,0,0,0,0,0,0,0,0,0,0,0,0,0,0,0,0,0,0,0,0,0,0,0.00040682,0.86976,1,0.98014,0,0,0,0,0,0,0,0,0,0,0,0
0,0,0,0,0,0,0,0,0.42342,0.58344,0.72116,-1,0.99998,-0.99425,-0.086886,0,0,0,1.1718,999,999,999,0.24901,0.60607,0.85976,0.79988,0.19625,7.0996e-07,9999,1,1,556.64,4.4922,0.2637,0,0,0,0,0,0,0,0,1,0.81749,0.73161,-0.28813,0,0,0,0,0,10,0.19625,7.0996e-07,9999,1,556.64,4.4922,0.2637,0.81749,0.73161,-0.28813,0,0.0048315,0.81749,-1,0.73161,0.87941,-1,-0.99425,-0.061673,0,0,0,0,0,0,0,1
0,0,0,0,2.0706,0.32359,-0.79454,-1,0.21879,1.945,-0.89134,-1,-0.031038,0.00028654,-3.6988e-06,2,1,0.4965,1.9071,999,999,999,1.8213,0.68353,0.43556,0.95127,0.10429,4.0506e-07,9999,1,1,1103.5,5.4688,0.15092,0,0,0,0,0,0,0,0,1,2.0706,0.98852,-0.8984,0,0,0,0,0,10,0.10429,4.0506e-07,9999,1,1103.5,5.4688,0.15092,2.0706,0.98852,-0.8984,2,0.0057737,2.0706,-1,0.98852,0.60308,-1,-3.6988e-06,-0.82814,0,0,0,0,0,0,0,0
0,0,0,0,0,0,0,0,2.0315,0,-0.87156,1,0.0041181,0.002897,-0.00055919,1,1,0.49799,2.1301,2.0315,-0.94849,-0.86024,0.96137,2.3423,1.1049,0,0,0,0,0,0,0,0,0,0,0,0,0,0,0,0,0,0,0,0,0,0,0,0,0,0,0,0,0,0,0,0,0,0,0,0,0,0,0.009566,2.0315,1,0.94849,0,0,0,0,0,0,0,0,0,0,0,1
0,0,0,0,0.41701,2.145,0.53241,-1,0.98724,1.1048,0.60899,1,0.97779,-0.0084446,0.00012055,0,0,0,1.2448,0.65389,0.52691,-0.77143,0.87924,0.67222,0.78685,0.92083,0.22428,4.8177e-07,9999,1,-1,571.29,4.4922,0.19286,0,0,0,0,0,0,0,0,1,0.65389,0.52691,-0.65769,0,0,0,0,0,10,0.22428,4.8177e-07,9999,-1,571.29,4.4922,0.19286,0.65389,0.52691,-0.65769,-5,0.0038194,0.98724,1,0.8874,0.98662,1,0.97779,0.080007,0,0,0,0,0,0,0,1
0,0,0,0,0,0,0,0,0.44359,0.79897,-0.50253,-1,-5.4982e-06,4.0765e-07,0,1,0,0,0.45248,999,999,999,0.46508,0.15262,0,0.98954,0.12267,4.0765e-07,9999,0,1,800.78,5.5176,0.15262,0,0,0,0,0,0,0,0,1,999,999,999,0,0,0,0,0,0,0,0,0,0,0,0,0,0,0,0,0,0,0,0,0,-0.93478,-1,-5.4982e-06,-0.89056,0,0,0,0,0,0,0,0
0,0,0,0,0,0,0,0,0.78826,0.073588,0.5624,-1,-0.061364,4.9723e-07,3.4842e-07,2,0,0,0.76577,999,999,999,1.0647,0.19964,0.1059,0.81906,0.19598,3.4842e-07,9999,0,1,1347.7,8.9844,0.1059,0,0,0,0,0,0,0,0,1,0.78826,0.98224,-0.69925,0,0,0,0,0,10,0.19598,3.4842e-07,9999,1,1347.7,8.9844,0.1059,0.78826,0.98224,-0.69925,0,0.0090187,0.78826,-1,0.98224,-0.69925,-1,-0.061364,-0.080284,0,0,0,0,0,0,0,1
0,0,0,0,0,0,0,0,1.1843,0.69487,-0.5505,-1,-0.0050495,0.0013074,-2.7418e-05,2,0,0,1.3867,-0.59944,-0.90386,-0.63523,1.1747,0.45046,0.49624,0.7119,0.14201,5.9777e-07,9999,1,1,507.81,4.9805,0.23525,0,0,0,0,0,0,0,0,1,1.1843,0.90358,-0.9401,0,0,0,0,0,10,0.14201,5.9777e-07,9999,1,507.81,4.9805,0.23525,1.1843,0.90358,-0.9401,4,0.012477,1.1843,-1,0.90358,0.55187,-1,-1.2129e-06,-0.33586,0,0,0,0,0,0,0,1
0,0,0,0,0,0,0,0,1.1754,0,-0.13986,-1,0.94075,-0.0022529,0,0,0,0,1.0313,999,999,999,0.59888,0.88973,0,0,0,0,0,0,0,0,0,0,0,0,0,0,0,0,0,0,0,0,0,0,0,0,0,0,0,0,0,0,0,0,0,0,0,0,0,0,0,0.00049502,1.1754,-1,0.8049,0,0,0,0,0,0,0,0,0,0,0,0
0,0,0,0,0,0,0,0,1.7754,0.27627,-0.99571,1,0.0011983,-6.4438e-06,0,0,0,0,1.7347,999,999,999,2.3722,0.35859,0,0,0,0,0,0,0,0,0,0,0,0,0,0,0,0,0,0,0,0,0,0,0,0,0,0,0,0,0,0,0,0,0,0,0,0,0,0,0,0.00018099,1.7754,1,0.9888,0,0,0,0,0,0,0,0,0,0,0,1
0,0,0,0,0,0,0,0,0.88824,0.75554,-0.82548,1,0.91838,0.0021305,-0.00022866,1,0,0,1.3438,0.88824,0.99378,-0.63343,1.0727,1.0559,0.25978,0.99317,0.1641,5.3997e-07,9999,1,-1,625,4.9805,0.21636,0,0,0,0,0,0,0,0,1,0.80479,0.55983,-0.48842,0,0,0,0,0,10,0.1641,5.3997e-07,9999,-1,625,4.9805,0.21636,0.80479,0.55983,-0.48842,-2,0.0041009,0.88824,1,0.99378,-0.48842,1,0.91838,0.87123,0,0,0,0,0,0,0,1
0,0,0,0,0,0,0,0,1.2012,1.2531,0.21052,-1,-0.96615,0.92981,-0.010753,0,0,0,1.6887,-1.2012,0.96608,-0.85084,0.4148,1.37,1.8923,0,0,0,0,0,0,0,0,0,0,0,0,0,0,0,0,0,0,0,0,0,0,0,0,0,0,0,0,0,0,0,0,0,0,0,0,0,0,0.000236,1.2012,-1,0.96608,0,0,0,0,0,0,0,0,0,0,0,0
0,0,0,0,0,0,0,0,0.67355,1.3908,0.4375,-1,0.00042145,-1.298e-05,8.4732e-06,1,0,0,0.79039,999,999,999,0.67049,0.52425,0.38065,0.85677,0.070188,1.2293e-06,9999,1,-1,0,15.234,0.11572,0,0,0,0,0,0,0,0,1,999,999,999,0,0,0,0,0,10,0.16248,5.5984e-07,9999,1,556.64,4.541,0.22327,0.67355,0.94013,-0.5607,0,0.0041628,0.67355,-1,0.94013,-0.0742,1,0.00042145,0.75571,0,0,0,0,0,0,0,0
2.0244,0.24124,-0.2017,-1,0,0,0,0,0.88813,0.92457,0.34343,-1,-0.025419,-0.0024233,-6.4154e-05,1,0,0,2.3498,-2.0244,0.98326,-0.91879,0.7553,1.1049,2.5496,0.40281,0.12694,3.3259e-07,9999,0,1,2168,13.867,0.089758,0,0,0,0,0,0,0,0,1,0.88813,0.90405,-0.58588,0,0,0,0,0,10,0.12694,3.3259e-07,9999,1,2168,13.867,0.089758,0.88813,0.90405,-0.58588,0,0.018353,2.0244,-1,0.98326,0.3236,-1,-6.4154e-05,-0.25729,0,0,0,0,0,0,0,0
0,0,0,0,0,0,0,0,1.1604,0.24048,-0.94257,-1,-0.00042035,1.408e-05,0,0,0,0,0.92266,999,999,999,0.87364,0.42502,0,0,0,0,0,0,0,0,0,0,0,0,0,0,0,0,0,0,0,0,0,0,0,0,0,0,0,0,0,0,0,0,0,0,0,0,0,0,0,0.0052534,1.1604,-1,0.886,0,0,0,0,0,0,0,0,0,0,0,0
0,0,0,0,0,0,0,0,0.35311,0.33391,-0.54372,-1,-0.99995,1.3422e-05,5.0899e-06,0,0,0,0.65304,999,999,999,0.26943,0.42058,0.34023,0.95302,0.11426,3.9528e-07,9999,1,-1,722.66,4.248,0.14426,0,0,0,0,0,0,0,0,1,999,999,999,0,0,0,0,0,0,0,0,0,0,0,0,0,0,0,0,0,0,0,0,0,0.37276,-1,-0.99995,-0.67309,0,0,0,0,0,0,0,0
0,0,0,0,1.4809,0,-0.82491,-1,0.40122,0,-0.20056,1,-0.9996,-0.00015387,5.6166e-06,1,0,0,1.4492,999,999,999,0.41303,1.9845,0.34784,0,0,0,0,0,0,0,0,0,0,0,0,0,0,0,0,0,0,0,0,0,0,0,0,0,0,0,0,0,0,0,0,0,0,0,0,0,0,0.0072664,1.4809,-1,0.84048,0,0,0,0,0,0,0,0,0,0,0,0
0,0,0,0,1.2554,1.6726,-0.82096,1,0.93067,1.5106,0.10866,-1,0.069983,-0.0061101,-0.00090316,0,0,0,1.5596,0.54345,0.55016,-0.64725,0.93323,0.64265,1.1973,0,0,0,0,0,0,0,0,0,0,0,0,0,0,0,0,0,0,0,0,0,0,0,0,0,0,0,0,0,0,0,0,0,0,0,0,0,0,0.0086657,1.2554,1,0.82641,0,0,0,0,0,0,0,0,0,0,0,1
0,0,0,0,0,0,0,0,0.50845,0.20841,-0.73189,1,5.7301e-05,-3.0109e-05,1.5376e-05,0,0,0,0.92431,999,999,999,0.61208,0.5083,0.43337,0,0,0,0,0,0,0,0,0,0,0,0,0,0,0,0,0,0,0,0,0,0,0,0,0,0,0,0,0,0,0,0,0,0,0,0,0,0,0.014158,0.50845,1,0.99275,0,0,0,0,0,0,0,0,0,0,0,0
1.21,0.046247,0.23557,1,0.53414,1.21,-0.92903,-1,1.2056,0.48681,-0.64866,-1,-0.012609,0.00012893,-7.4071e-05,0,0,0,1.646,999,999,999,1.0625,1.655,0.70126,0,0,0,0,0,0,0,0,0,0,0,0,0,0,0,0,0,0,0,0,0,0,0,0,0,0,0,0,0,0,0,0,0,0,0,0,0,0,0.0019075,1.21,1,0.91296,0,0,0,0,0,0,0,0,0,0,0,1
0,0,0,0,0,0,0,0,2.019,0.46772,0.02525,1,0.90611,0.00017965,-9.7767e-06,3,0,0,2.5414,2.019,0.98452,-0.94576,1.7859,2.6992,0.39261,0.071884,0.097629,1.2954e-06,9999,0,-1,0,3.7598,0.046354,0,0,0,0,0,0,0,0,1,2.019,0.98452,-0.22847,0,0,0,0,0,10,0.097629,1.2954e-06,9999,-1,0,3.7598,0.046354,2.019,0.98452,-0.22847,-0,0.014368,2.019,1,0.98452,-0.10013,1,0.90611,0.42244,0,0,0,0,0,0,0,1
0.38386,2.0771,0.63467,-1,0,0,0,0,0.2744,1.46,-0.78658,1,0.53437,-0.010059,-0.00072556,2,1,0.50097,0.76633,999,999,999,0.64458,0.60416,0.49404,0.98309,0.16107,4.3225e-07,9999,1,-1,712.89,6.2012,0.16766,0,1,0,0,0,0,0,0,1,999,999,999,0,0,0,0,0,0,0,0,0,0,0,0,0,0,0,0,0,0,0,0,0,0.9946,1,0.53437,0.7715,0.38386,2.0771,0.63467,-1,1,0.031897,0.65221,1
0,0,0,0,0,0,0,0,0.40563,0.19697,-0.43276,-1,0.00041417,1.6923e-05,-3.2132e-06,0,0,0,0.7693,999,999,999,0.66332,0.44275,0.30538,0.10272,0.13899,4.2404e-07,9999,1,-1,742.19,9.7656,0.16286,0,0,0,0,0,0,0,0,1,0.57506,0.87905,-0.44045,0,0,0,0,0,10,0.13899,4.2404e-07,9999,-1,742.19,9.7656,0.16286,0.57506,0.87905,-0.44045,-0,0.040123,0.57506,1,0.87905,0.96332,1,1.6923e-05,0.039243,0,0,0,0,0,0,0,1
0,0,0,0,0,0,0,0,0.50857,0.6746,-0.78347,1,0.96062,0.0089861,-4.1041e-05,2,1,0.49751,0.87449,999,999,999,0.69675,0.67462,0.55443,0.75656,0.21747,3.9403e-07,9999,1,-1,859.38,6.0547,0.14337,0,0,0,0,0,0,0,0,1,999,999,999,0,0,0,0,0,10,0.21759,4.0248e-07,9999,-1,830.08,5.5664,0.1492,0.50857,0.79383,-0.47136,-6,0.0073035,0.62864,1,0.85706,0.6082,1,0.96062,0.0068214,0,0,0,0,0,0,0,0
0,0,0,0,0,0,0,0,0.20017,1.8673,-0.62799,1,-4.0665e-05,3.9437e-07,0,0,0,0,0.511,999,999,999,0.55291,0.14361,0,0.11439,0.20017,3.9437e-07,9999,1,1,820.31,5.1758,0.14361,0,0,0,0,0,0,0,0,1,999,999,999,0,0,0,0,0,0,0,0,0,0,0,0,0,0,0,0,0,0,0,0,0,-0.40064,-1,-4.0665e-05,-0.00099809,0,0,0,0,0,0,0,0
0,0,0,0,0,0,0,0,0.90716,0,-0.34888,1,-0.91528,0.00045115,-0.00021982,0,0,0,1.1644,-0.772,0.97238,-0.20743,0.30638,0.69989,0.80665,0.26694,0.24196,0.91528,9999,1,-1,0,15.43,0.30638,0,0,0,0,0,0,0,0,1,999,999,999,0,0,0,0,0,0,0,0,0,0,0,0,0,0,0,0,0,0.0018686,0.90716,1,0.72129,0.15702,1,0.00045115,1.4368e-05,0,0,0,0,0,0,0,0
0,0,0,0,0,0,0,0,0.89234,0.47041,-0.045786,-1,0.99799,-0.96777,-0.00042972,1,0,0,1.0333,999,999,999,0.5163,1.0676,0.24428,0,0,0,0,0,0,0,0,0,0,0,0,0,0,0,0,0,0,0,0,0,0,0,0,0,0,0,0,0,0,0,0,0,0,0,0,0,0,0.010477,0.89234,-1,0.95967,0,0,0,0,0,0,0,0,0,0,0,1
0,0,0,0,0,0,0,0,0.28386,1.4296,-0.72689,-1,-0.0001605,-9.918e-06,2.2384e-06,0,0,0,0.97505,999,999,999,0.87488,0.39383,0.27819,0.92991,0.22561,1.6673e-06,9999,0,1,576.17,6.25,0.25572,0,0,0,0,0,0,0,0,1,0.80159,0.85361,-0.98031,0,0,0,0,0,10,0.21431,2.2384e-06,9999,1,595.7,3.125,0.27819,0.80159,0.85361,-0.93282,4,0.0051086,0.80159,-1,0.85361,0.92234,-1,-9.918e-06,-0.091816,0,0,0,0,0,0,0,0
1.3575,0.3219,0.30876,1,1.2142,0.56845,-0.55853,-1,0.27605,1.7468,-0.79439,1,-0.051874,0.021953,-0.011011,0,1,0.50135,1.7951,999,999,999,1.0766,1.216,1.5526,0,0,0,0,0,0,0,0,0,0,0,0,0,0,0,0,0,0,0,0,0,0,0,0,0,0,0,0,0,0,0,0,0,0,0,0,0,0,0.006268,1.3575,1,0.95569,0,0,0,0,0,0,0,0,0,0,0,1
0,0,0,0,0.66524,0.57238,-0.95508,1,0.5551,0.18877,0.75407,1,0.14772,0.010154,-7.0601e-06,2,0,0,0.54019,0.5551,-0.36609,-0.56502,1.0867,0.29993,0.4829,0.76781,0.207,0.010154,9999,0,1,6093.8,24.023,0.29993,0,0,0,0,0,0,0,0,1,999,999,999,0,0,0,0,0,10,0.19075,5.8997e-07,9999,-1,576.17,5.2246,0.23291,0.66524,0.97243,-0.3536,-6,0.011252,0.5551,1,0.36609,0.23545,-1,-7.0601e-06,-0.01707,0,0,0,0,0,0,0,0
0,0,0,0,0,0,0,0,1.2909,0,-0.99995,-1,-0.043273,0,0,0,0,0,1.0414,999,999,999,1.0521,0,0,0,0,0,0,0,0,0,0,0,0,0,0,0,0,0,0,0,0,0,0,0,0,0,0,0,0,0,0,0,0,0,0,0,0,0,0,0,0,0.019102,1.2909,-1,0.99996,0,0,0,0,0,0,0,0,0,0,0,0
0.45081,1.898,-0.81416,-1,0,0,0,0,0.57551,1.896,0.96764,-1,0.99982,0.71922,-0.0048137,1,0,0,0.68846,999,999,999,0.34063,0.39377,0.86709,0.16406,0.24832,0.99982,9999,1,1,1660.2,10.254,0.34063,0,0,0,0,0,0,0,0,1,999,999,999,0,0,0,0,0,0,0,0,0,0,0,0,0,0,0,0,0,0.012765,0.57551,-1,0.82726,0.36766,-1,-0.0048137,-1.7335e-05,0.45081,1.898,-0.81416,-1,1,0.012612,0.99587,1
0,0,0,0,0,0,0,0,0.94553,0,-0.45763,-1,0.032709,-0.026272,-0.00033137,1,0,0,1.1773,999,999,999,1.2686,1.2884,0.73868,0,0,0,0,0,0,0,0,0,0,0,0,0,0,0,0,0,0,0,0,0,0,0,0,0,0,0,0,0,0,0,0,0,0,0,0,0,0,0.012556,0.94553,-1,0.89771,0,0,0,0,0,0,0,0,0,0,0,0
0,0,0,0,0,0,0,0,0.99763,0.57433,0.35227,1,-0.00014313,0.00010203,8.3531e-07,1,0,0,0.95981,999,999,999,0.8367,1.5354,0.28742,0,0,0,0,0,0,0,0,0,0,0,0,0,0,0,0,0,0,0,0,0,0,0,0,0,0,0,0,0,0,0,0,0,0,0,0,0,0,0.0098579,0.99763,1,0.91772,0,0,0,0,0,0,0,0,0,0,0,1
0,0,0,0,0,0,0,0,0.83774,0.2572,-0.80057,1,9.0157e-05,-1.2691e-05,2.0448e-06,2,1,0.49571,0.89136,999,999,999,0.7114,0.41547,0.27134,0.77715,0.15076,4.2607e-07,9999,1,1,693.36,5.6641,0.16406,0,0,0,0,0,0,0,0,1,999,999,999,0,0,0,0,0,10,0.21604,1.0666e-06,9999,-1,483.4,3.2227,0.31878,0.83774,0.94466,-0.20524,-9,0.0048886,0.83774,1,0.94466,0.80764,1,2.0448e-06,0.21033,0,0,0,0,0,0,0,1
0,0,0,0,0,0,0,0,0.79839,0.79656,0.0080267,1,8.5785e-05,-6.6929e-05,1.8283e-05,0,0,0,1.0855,999,999,999,0.7627,0.65883,0.45056,0.73417,0.23893,5.3251e-06,9999,1,-1,561.52,3.9551,0.34371,0,0,0,0,0,0,0,0,1,999,999,999,0,0,0,0,0,0,0,0,0,0,0,0,0,0,0,0,0,0.0082893,0.79839,1,0.89408,0.56432,1,1.8283e-05,0.0007601,0,0,0,0,0,0,0,0
0,0,0,0,0,0,0,0,1.436,0.1118,-0.73386,1,0.019334,5.793e-07,-4.9246e-07,0,0,0,1.2543,999,999,999,1.2347,0.2296,0.1976,0.53238,0.12444,4.9246e-07,9999,1,-1,561.52,4.834,0.1976,0,0,0,0,0,0,0,0,1,1.436,0.90211,-0.41843,0,0,0,0,0,10,0.12444,4.9246e-07,9999,-1,561.52,4.834,0.1976,1.436,0.90211,-0.41843,-5,0.00088794,1.436,1,0.90211,-0.41843,1,0.019334,0.32426,0,0,0,0,0,0,0,0
0,0,0,0,0,0,0,0,0.956,1.1756,-0.78251,1,0.8209,0.025908,-0.0017833,0,0,0,1.5287,0.956,-0.96126,-0.67037,0.99644,1.0276,1.1208,0,0,0,0,0,0,0,0,0,0,0,0,0,0,0,0,0,0,0,0,0,0,0,0,0,0,0,0,0,0,0,0,0,0,0,0,0,0,0.0090408,0.956,1,0.96126,0,0,0,0,0,0,0,0,0,0,0,1
0,0,0,0,0,0,0,0,0.32172,0.8393,-0.71982,-1,-1.4985e-05,-1.2682e-06,1.21e-06,1,0,0,0.38552,999,999,999,0.33378,0.33858,0.097216,0.26502,0.063624,1.21e-06,9999,0,1,0,13.672,0.097216,0,0,0,0,0,0,0,0,1,999,999,999,0,0,0,0,0,0,0,0,0,0,0,0,0,0,0,0,0,0,0,0,0,0.22211,-1,-1.2682e-06,-0.61513,0,0,0,0,0,0,0,0
0,0,0,0,0,0,0,0,1.1863,0.45411,0.72746,1,0.12516,-2.8378e-05,0,0,0,0,0.98873,999,999,999,1.807,0.50059,0,0,0,0,0,0,0,0,0,0,0,0,0,0,0,0,0,0,0,0,0,0,0,0,0,0,0,0,0,0,0,0,0,0,0,0,0,0,0,0.016075,1.1863,1,0.63641,0,0,0,0,0,0,0,0,0,0,0,1
0,0,0,0,0,0,0,0,1.267,0.096974,-0.77543,1,0.022908,1.3483e-05,-4.8713e-07,1,0,0,1.3335,999,999,999,1.4041,0.421,0.19526,0.92014,0.14877,4.8713e-07,9999,1,-1,683.59,5.2734,0.19526,0,0,0,0,0,0,0,0,1,1.267,0.73482,-0.94149,0,0,0,0,0,10,0.14877,4.8713e-07,9999,-1,683.59,5.2734,0.19526,1.267,0.73482,-0.94149,-6,0.01058,1.267,1,0.73482,0.77014,1,1.3483e-05,0.69423,0,0,0,0,0,0,0,1
0,0,0,0,0,0,0,0,0.67382,0.67138,-0.5351,1,0.98794,0.00016994,-2.6092e-05,0,0,0,0.96616,0.54739,0.98466,-0.76509,0.47518,0.70561,0.49013,0,0,0,0,0,0,0,0,0,0,0,0,0,0,0,0,0,0,0,0,0,0,0,0,0,0,0,0,0,0,0,0,0,0,0,0,0,0,0.015698,0.67382,1,0.74784,0,0,0,0,0,0,0,0,0,0,0,1
0,0,0,0,0,0,0,0,0.5907,1.1252,-0.9553,-1,-0.00091659,4.2516e-05,3.689e-06,2,0,0,0.71642,999,999,999,0.84969,0.56011,0.31585,0.70186,0.1415,3.5e-07,9999,1,-1,1347.7,8.3008,0.10741,0,0,0,0,0,0,0,0,1,999,999,999,0,0,0,0,0,10,0.16279,1.216e-06,9999,1,0,29.688,0.07936,0.5907,0.93233,-0.3996,0,0.051406,0.5907,-1,0.93233,0.67731,1,1.216e-06,0.32752,0,0,0,0,0,0,0,0
0,0,0,0,0,0,0,0,0.6381,0.8628,0.55677,-1,-0.0001743,2.7512e-06,1.2165e-06,1,0,0,0.66542,999,999,999,0.6827,0.29372,0.078899,0.14581,0.060691,1.2165e-06,9999,0,1,0,5.4199,0.078899,0,0,0,0,0,0,0,0,1,0.6381,0.6868,-0.74233,0,0,0,0,0,10,0.060691,1.2165e-06,9999,1,0,5.4199,0.078899,0.6381,0.6868,-0.74233,6,0.019095,0.6381,-1,0.6868,-0.74233,-1,-0.0001743,-0.6275,0,0,0,0,0,0,0,0
0,0,0,0,1.9814,0.1181,-0.96591,-1,0.49384,1.5404,0.95166,1,-0.95188,-0.00060631,3.3923e-05,3,0,0,1.9173,-1.9814,0.99096,-0.67401,0.52661,2.723,0.52456,0,0,0,0,0,0,0,0,0,0,0,0,0,0,0,0,0,0,0,0,0,0,0,0,0,0,0,0,0,0,0,0,0,0,0,0,0,0,0.00069479,1.9814,-1,0.99096,0,0,0,0,0,0,0,0,0,0,0,0
0,0,0,0,0,0,0,0,1.1787,0.6465,0.60963,-1,0.14223,-0.096866,-3.5024e-05,0,0,0,1.2524,999,999,999,1.2906,1.7274,0.522,0,0,0,0,0,0,0,0,0,0,0,0,0,0,0,0,0,0,0,0,0,0,0,0,0,0,0,0,0,0,0,0,0,0,0,0,0,0,0.00082772,1.1787,-1,0.85771,0,0,0,0,0,0,0,0,0,0,0,1
0,0,0,0,0,0,0,0,0.90072,2.2844,-0.97317,1,-0.98321,0.94883,0.75237,3,0,0,1.1968,-0.54076,0.44221,-0.82358,0.74815,0.57646,0.6909,0,0,0,0,0,0,0,0,0,0,0,0,0,0,0,0,0,0,0,0,0,0,0,0,0,0,0,0,0,0,0,0,0,0,0,0,0,0,0.025036,0.74123,1,0.8906,0,0,0,0,0,0,0,0,0,0,0,0
0,0,0,0,0,0,0,0,1.406,0.042286,-0.78427,1,0.014306,-0.0010625,0,0,0,0,1.4226,999,999,999,1.4309,0.62832,0,0,0,0,0,0,0,0,0,0,0,0,0,0,0,0,0,0,0,0,0,0,0,0,0,0,0,0,0,0,0,0,0,0,0,0,0,0,0,0.006364,1.406,1,0.60468,0,0,0,0,0,0,0,0,0,0,0,0
0,0,0,0,0,0,0,0,0.6554,0.38324,-0.55618,-1,-0.00017143,4.4834e-05,5.4317e-07,0,0,0,0.82507,999,999,999,0.61017,0.57004,0.21751,0.97095,0.19207,5.4317e-07,9999,1,1,634.77,4.834,0.21751,0,0,0,0,0,0,0,0,1,0.6554,0.83965,-0.84017,0,0,0,0,0,10,0.19207,5.4317e-07,9999,1,634.77,4.834,0.21751,0.6554,0.83965,-0.84017,6,0.0086278,0.6554,-1,0.83965,-0.84017,-1,-0.00017143,-0.66499,0,0,0,0,0,0,0,1
0,0,0,0,0.77597,0.38121,-0.31424,-1,1.2145,0.28628,-0.3228,1,-0.96892,-0.01681,0.00015481,0,0,0,1.2937,999,999,999,0.83509,1.1582,0.90461,0,0,0,0,0,0,0,0,0,0,0,0,0,0,0,0,0,0,0,0,0,0,0,0,0,0,0,0,0,0,0,0,0,0,0,0,0,0,0.0074781,1.2145,1,0.79222,0,0,0,0,0,0,0,0,0,0,0,0
0,0,0,0,1.2504,1.1774,-0.97196,1,0.97094,0,-0.30976,-1,-0.059408,0.036728,-0.00011138,0,0,0,1.466,-0.97094,-0.77459,-0.79631,1.0923,1.0964,0.71876,0,0,0,0,0,0,0,0,0,0,0,0,0,0,0,0,0,0,0,0,0,0,0,0,0,0,0,0,0,0,0,0,0,0,0,0,0,0,0.013771,1.2504,1,0.69232,0,0,0,0,0,0,0,0,0,0,0,1
0,0,0,0,0,0,0,0,0.71285,1.4079,-0.84646,-1,-0.88219,0.82783,0.00035168,2,0,0,0.66599,999,999,999,0.57811,0.76688,0.32225,0.12611,0.061502,1.2093e-06,9999,0,1,0,12.695,0.093926,0,0,0,0,0,0,0,0,1,0.71285,0.50736,-0.59057,0,0,0,0,0,10,0.061502,1.2093e-06,9999,1,0,12.695,0.093926,0.71285,0.50736,-0.59057,2,0.0027135,0.71285,-1,0.50736,-0.59057,-1,-0.88219,-0.62779,0,0,0,0,0,0,0,0
0,0,0,0,0,0,0,0,0.76362,2.0415,-0.94727,-1,-0.051359,0.0007325,0.00013128,1,0,0,0.81533,-0.76362,-0.95686,-0.8863,1.1695,0.68919,0.7735,0,0,0,0,0,0,0,0,0,0,0,0,0,0,0,0,0,0,0,0,0,0,0,0,0,0,0,0,0,0,0,0,0,0,0,0,0,0,0.0092271,0.76362,-1,0.95686,0,0,0,0,0,0,0,0,0,0,0,0
0.33812,0.85133,0.51022,-1,0,0,0,0,1.5257,0.8995,-0.99443,1,0.61432,-0.0006399,-8.4502e-06,1,0,0,1.5717,999,999,999,1.6536,0.47621,0.35477,0.87685,0.1451,4.5995e-07,9999,1,-1,1074.2,4.3945,0.18247,0,0,0,0,0,0,0,0,1,999,999,999,0,0,0,0,0,10,0.21169,8.4502e-06,9999,-1,0,3.418,0.35477,1.5257,0.93627,-0.12355,-11,0.0068681,1.5257,1,0.93627,0.98967,1,0.61432,0.59918,0.33812,0.85133,0.51022,-1,1,0.0044295,0.76143,1
0,0,0,0,1.6166,0.08153,-0.29273,1,0.41772,1.5518,-0.6227,-1,0.083201,-0.00083443,0,0,0,0,1.2938,999,999,999,1.2768,0.59426,0,0,0,0,0,0,0,0,0,0,0,0,0,0,0,0,0,0,0,0,0,0,0,0,0,0,0,0,0,0,0,0,0,0,0,0,0,0,0,0.0027657,1.6166,1,0.97006,0,0,0,0,0,0,0,0,0,0,0,1
0,0,0,0,0,0,0,0,0.58808,0.64923,-0.29575,1,2.1703e-05,-3.4e-06,3.5022e-07,1,0,0,0.55588,999,999,999,0.4688,0.30963,0.10762,0.080613,0.079267,3.5022e-07,9999,0,1,2265.6,6.1523,0.10762,0,0,0,0,0,0,0,0,1,999,999,999,0,0,0,0,0,0,0,0,0,0,0,0,0,0,0,0,0,0.020468,0.58808,1,0.39459,-0.52212,-1,-3.4e-06,-0.55297,0,0,0,0,0,0,0,0
2.0993,0,-0.95624,1,0,0,0,0,0,0,0,0,-0.00030495,6.3117e-05,0,0,0,0,2.1459,999,999,999,0.66469,2.5924,0,0,0,0,0,0,0,0,0,0,0,0,0,0,0,0,0,0,0,0,0,0,0,0,0,0,0,0,0,0,0,0,0,0,0,0,0,0,0,0.0044594,2.0993,1,0.97865,0,0,0,0,0.50082,0.75433,-0.27637,-1,2,0.010424,0.19251,1
1.579,0.15783,-0.80529,1,0,0,0,0,0.785,0.34273,0.13071,-1,-0.012756,0.00019695,7.4385e-07,2,1,0.50256,1.3934,999,999,999,0.61952,2.3511,0.27078,0.24901,0.20289,7.4385e-07,9999,0,1,522.46,4.0039,0.27078,0,1,0,0,0,0,0,0,1,999,999,999,0,0,0,0,0,0,0,0,0,0,0,0,0,0,0,0,0,0.0093659,1.579,1,0.95087,0.56724,-1,-0.012756,-0.0013962,0,0,0,0,0,0,0,1
0,0,0,0,1.3482,0.17052,0.03439,1,0.31801,0.17052,0.51943,-1,0.24662,0.24286,-5.0009e-06,3,0,0,1.1973,999,999,999,1.1584,0.68518,0.44737,0.81221,0.097958,1.213e-06,9999,0,1,0,5.0293,0.10267,0,0,0,0,0,0,0,0,1,999,999,999,0,0,0,0,0,0,0,0,0,0,0,0,0,0,0,0,0,0.0043686,1.3482,1,0.92659,0.011196,-1,-5.0009e-06,-0.68874,0,0,0,0,0,0,0,1
0,0,0,0,0,0,0,0,0.37206,0.99188,-0.9908,1,-3.9637e-05,5.5482e-07,0,0,0,0,0.34583,999,999,999,0.51424,0.22157,0,0,0,0,0,0,0,0,0,0,0,0,0,0,0,0,0,0,0,0,0,0,0,0,0,0,0,0,0,0,0,0,0,0,0,0,0,0,0,0,0,0,0,0,0,0,0,0,0,0,0,0,0,0,1
0.40892,0.59825,0.059474,1,0,0,0,0,1.6256,0.59606,-0.9552,1,0.96413,-0.00042753,0.00037276,2,0,0,1.4915,999,999,999,2.2991,0.34441,0.62547,0.86839,0.088187,3.6407e-07,9999,1,-1,600.59,7.6172,0.12008,0,0,0,0,0,0,0,0,1,999,999,999,0,0,0,0,0,0,0,0,0,0,0,0,0,0,0,0,0,0.019162,1.6256,1,0.96772,0.75052,1,0.96413,0.7429,0.40892,0.59825,0.059474,1,1,0.01142,0.51754,1
0,0,0,0,0,0,0,0,0.77453,0.34662,0.67747,-1,-0.95795,-0.0011413,-0.00028827,1,0,0,1.0906,-0.56788,0.99108,-0.57983,1.1093,0.73707,0.71819,0.55471,0.22427,1.3048e-06,9999,1,1,0,11.816,0.14254,0,0,0,0,0,0,0,0,1,0.77453,0.53066,-0.29884,0,0,0,0,0,10,0.22427,1.3048e-06,9999,1,0,11.816,0.14254,0.77453,0.53066,-0.29884,0,0.0057601,0.77453,-1,0.53066,-0.29884,-1,-0.95795,-0.00073448,0,0,0,0,0,0,0,0
0,0,0,0,0.97939,1.0094,-0.99889,1,0.46704,0.43096,0.43634,1,0.99817,0.17475,-5.7424e-07,0,0,0,0.82873,0.97939,0.84102,-0.46297,0.50947,1.5333,0.228,0.9161,0.22094,5.7424e-07,9999,1,-1,566.41,4.0039,0.228,0,0,0,0,0,0,0,0,1,0.97939,0.84102,-0.58696,0,0,0,0,0,10,0.22094,5.7424e-07,9999,-1,566.41,4.0039,0.228,0.97939,0.84102,-0.58696,-0,0.00302,0.97939,1,0.84102,0.9744,1,0.99817,0.089525,0,0,0,0,0,0,0,1
0,0,0,0,0,0,0,0,0.61461,0.93395,0.99361,1,0.92909,0.18214,-0.0019511,1,0,0,1.0529,999,999,999,0.34087,0.82822,0.85991,0,0,0,0,0,0,0,0,0,0,0,0,0,0,0,0,0,0,0,0,0,0,0,0,0,0,0,0,0,0,0,0,0,0,0,0,0,0,0.016625,0.70294,-1,0.93598,0,0,0,0,0,0,0,0,0,0,0,1
0.74094,0.49321,-0.14605,1,0,0,0,0,0.71318,0.4621,-0.57478,-1,-0.5299,0.067028,-6.1449e-05,0,0,0,1.0467,999,999,999,0.99414,1.0212,0.63883,0,0,0,0,0,0,0,0,0,0,0,0,0,0,0,0,0,0,0,0,0,0,0,0,0,0,0,0,0,0,0,0,0,0,0,0,0,0,0.0058874,0.74094,1,0.86543,0,0,0,0,0.74094,0.49321,-0.14605,1,1,0.0058874,0.86543,0
0.49066,2.3006,-0.98848,-1,0,0,0,0,0.40111,0.6385,0.65643,-1,-0.010542,0.0054408,-0.001889,1,0,0,0.99033,999,999,999,0.51267,0.87114,0.71873,0,0,0,0,0,0,0,0,0,0,0,0,0,0,0,0,0,0,0,0,0,0,0,0,0,0,0,0,0,0,0,0,0,0,0,0,0,0,0.017425,0.62306,-1,0.8826,0,0,0,0,0.49066,2.3006,-0.98848,-1,1,0.005317,0.29983,1
0,0,0,0,1.583,0.77339,-0.89508,-1,1.0255,0.64278,0.018356,1,-0.078431,0.028787,0,0,0,0,1.405,999,999,999,1.1124,1.2075,0,0,0,0,0,0,0,0,0,0,0,0,0,0,0,0,0,0,0,0,0,0,0,0,0,0,0,0,0,0,0,0,0,0,0,0,0,0,0,0.0012214,1.583,-1,0.91845,0,0,0,0,0,0,0,0,0,0,0,0
0,0,0,0,0,0,0,0,0.44996,0.1173,-0.13917,-1,0.62545,-0.015759,0.0053482,1,0,0,1.2137,1.0578,-0.93612,-0.75425,1.3539,0.86923,1.0562,0.9917,0.1647,6.521e-07,9999,1,-1,644.53,4.7363,0.25013,0,0,0,0,0,0,0,0,1,1.0578,0.93612,-0.97333,0,0,0,0,0,10,0.1647,6.521e-07,9999,-1,644.53,4.7363,0.25013,1.0578,0.93612,-0.97333,-2,0.010986,1.0578,1,0.93612,0.84099,1,0.62545,0.86634,0,0,0,0,0,0,0,1
1.7131,0,-0.92155,1,0,0,0,0,0.45427,0.079168,0.81739,1,0.00070264,0.00037863,-4.5262e-07,0,0,0,1.4235,1.7131,-0.9956,-0.84738,0.55571,1.3644,0.17874,0.51222,0.19123,4.5262e-07,9999,1,-1,610.35,7.5195,0.17874,0,0,0,0,0,0,0,0,1,999,999,999,0,0,0,0,0,0,0,0,0,0,0,0,0,0,0,0,0,0.015568,1.7131,1,0.9956,0.57203,1,0.00037863,0.0098449,0,0,0,0,0,0,0,1
0,0,0,0,0,0,0,0,0.73769,0.76211,-0.22469,1,0.020454,0.0050371,-3.1827e-05,1,0,0,1.0296,0.63299,-0.45595,-0.19253,0.9449,0.3971,0.5158,0,0,0,0,0,0,0,0,0,0,0,0,0,0,0,0,0,0,0,0,0,0,0,0,0,0,0,0,0,0,0,0,0,0,0,0,0,0,0.00034014,0.73489,-1,0.9311,0,0,0,0,0,0,0,0,0,0,0,0
0,0,0,0,0,0,0,0,1.4079,0.60632,-0.941,1,0.96988,0.001149,-8.1198e-05,0,0,0,1.1667,1.4079,-0.98986,-0.46007,0.97759,0.93607,0.70971,0,0,0,0,0,0,0,0,0,0,0,0,0,0,0,0,0,0,0,0,0,0,0,0,0,0,0,0,0,0,0,0,0,0,0,0,0,0,0.0043375,1.4079,1,0.98986,0,0,0,0,0,0,0,0,0,0,0,1
0,0,0,0,1.5046,0.47196,0.42406,1,0.61972,1.4434,-0.97445,-1,0.99998,0.08015,-7.6848e-05,0,0,0,1.7548,1.5046,0.96351,-0.90943,0.29346,1.9869,0.67208,0,0,0,0,0,0,0,0,0,0,0,0,0,0,0,0,0,0,0,0,0,0,0,0,0,0,0,0,0,0,0,0,0,0,0,0,0,0,0.020552,1.5046,1,0.96351,0,0,0,0,0,0,0,0,0,0,0,1
0,0,0,0,0,0,0,0,0.42327,1.0467,-0.29909,-1,-0.0004957,-2.7001e-05,2.5336e-05,3,0,0,0.57317,999,999,999,0.30943,0.38316,0.48658,0.86039,0.18411,6.1102e-07,9999,1,1,595.7,3.5156,0.2391,0,0,0,0,0,0,0,0,1,999,999,999,0,0,0,0,0,0,0,0,0,0,0,0,0,0,0,0,0,0,0,0,0,0.96068,1,1.2145e-06,0.00042957,0,0,0,0,0,0,0,0
0,0,0,0,0,0,0,0,0.40483,0.62441,-0.66965,-1,0.30953,-0.0012443,-0.00072871,3,0,0,0.38678,999,999,999,0.86426,0.63939,1.1711,0,0,0,0,0,0,0,0,0,0,0,0,0,0,0,0,0,0,0,0,0,0,0,0,0,0,0,0,0,0,0,0,0,0,0,0,0,0,0,0,0,0,0,0,0,0,0,0,0,0,0,0,0,0
0,0,0,0,0,0,0,0,2.4131,0,-0.83535,-1,-0.94659,0.82574,0.21419,0,0,0,2.8787,-2.4131,-0.99959,-0.88105,1.5453,0.87164,0.75252,0,0,0,0,0,0,0,0,0,0,0,0,0,0,0,0,0,0,0,0,0,0,0,0,0,0,0,0,0,0,0,0,0,0,0,0,0,0,0.0088557,2.4131,-1,0.99959,0,0,0,0,0,0,0,0,0,0,0,0
0,0,0,0,0,0,0,0,0.69815,0.43058,0.38553,1,-0.99965,0.97472,6.7507e-05,1,0,0,1.0441,999,999,999,0.34188,0.85693,0.71444,0.71737,0.21215,5.8182e-07,9999,1,1,546.88,4.4922,0.23039,0,0,0,0,0,0,0,0,1,999,999,999,0,0,0,0,0,0,0,0,0,0,0,0,0,0,0,0,0,0.0029066,0.69815,1,0.94472,0.3492,-1,-0.99965,-0.0068216,0,0,0,0,0,0,0,0
0,0,0,0,0,0,0,0,1.628,0.5362,-0.72745,1,0.98664,0.084451,0.00033359,3,0,0,1.8012,0.83879,-0.87799,-0.11497,0.78226,1.6774,0.98329,0.93172,0.19019,4.2648e-07,9999,1,1,712.89,6.0547,0.16431,0,0,0,0,0,0,0,0,1,999,999,999,0,0,0,0,0,0,0,0,0,0,0,0,0,0,0,0,0,0.087841,0.83879,1,0.87799,0,0,0,0,0,0,0,0,0,0,0,1
0,0,0,0,0,0,0,0,0.40823,0.43233,-0.96941,1,-1.213e-05,1.8456e-06,-1.2183e-06,2,0,0,0.46074,999,999,999,0.41139,0.26353,0.10819,0.99577,0.14893,4.0384e-07,9999,0,-1,673.83,3.2715,0.15011,0,0,0,0,0,0,0,0,1,999,999,999,0,0,0,0,0,0,0,0,0,0,0,0,0,0,0,0,0,0,0,0,0,0.76824,1,1.8456e-06,0.89333,0,0,0,0,0,0,0,1
0,0,0,0,0,0,0,0,0.38358,0.55085,-0.81977,-1,-0.99889,0.00060505,-0.00045019,2,0,0,0.53588,999,999,999,0.47443,0.37973,0.25541,0.27189,0.071924,1.2886e-06,9999,1,-1,0,9.1797,0.1382,0,0,0,0,0,0,0,0,1,999,999,999,0,0,0,0,0,0,0,0,0,0,0,0,0,0,0,0,0,0,0,0,0,0.67643,1,3.5909e-06,0.12545,0,0,0,0,0,0,0,1
0,0,0,0,0,0,0,0,0.68466,0.1431,0.335,1,0.98664,0.00017837,-3.3476e-05,3,0,0,0.9309,999,999,999,0.70758,0.18741,0.52288,0.88061,0.18887,0.00017837,9999,0,1,634.77,0,0.18741,1,0,2.2681,-1.4281,1.8106,0.15631,0.15051,0.063133,1,999,999,999,0,0,0,0,0,0,0,0,0,0,0,0,0,0,0,0,0,0.021299,0.68466,1,0.91841,0.89535,-1,-5.1957e-06,-0.013519,0,0,0,0,0,0,0,1
0,0,0,0,1.5746,0.70094,-0.83932,1,0.502,0.42996,0.97555,1,0.32364,0.036871,-1.0136e-05,0,0,0,1.5599,1.5746,-0.97706,-0.74304,0.82421,1.4817,0.39569,0,0,0,0,0,0,0,0,0,0,0,0,0,0,0,0,0,0,0,0,0,0,0,0,0,0,0,0,0,0,0,0,0,0,0,0,0,0,0.013659,1.5746,1,0.97706,0,0,0,0,0,0,0,0,0,0,0,1
0,0,0,0,0,0,0,0,1.8752,1.1793,-0.98201,-1,-0.74559,-0.056062,0.0013712,2,1,0.49703,1.6754,-1.1813,-0.99401,-0.75493,2.9574,0.96293,0.61114,0,0,0,0,0,0,0,0,0,0,0,0,0,0,0,0,0,0,0,0,0,0,0,0,0,0,0,0,0,0,0,0,0,0,0,0,0,0,0.011056,1.8752,-1,0.81951,0,0,0,0,0,0,0,0,0,0,0,0
0,0,0,0,0,0,0,0,1.0205,0.15309,-0.23301,1,-0.99437,0.00018501,-0.00010658,0,0,0,1.3307,999,999,999,0.60532,1.1481,0.6973,0.61669,0.18915,3.7736e-07,9999,1,1,917.97,7.5195,0.13097,0,0,0,0,0,0,0,0,1,999,999,999,0,0,0,0,0,0,0,0,0,0,0,0,0,0,0,0,0,0.034993,1.0205,1,0.87658,0.78477,-1,-0.99437,-0.018921,0,0,0,0,0,0,0,0
0.8726,0.45919,-0.19537,-1,0,0,0,0,0.31972,0.11033,0.53224,1,-0.96548,-0.019649,0.0001136,0,0,0,1.1825,-0.8726,0.70289,-0.70086,0.66472,1.1744,0.64196,0,0,0,0,0,0,0,0,0,0,0,0,0,0,0,0,0,0,0,0,0,0,0,0,0,0,0,0,0,0,0,0,0,0,0,0,0,0,0.0027953,0.8726,-1,0.70289,0,0,0,0,0.8726,0.45919,-0.19537,-1,1,0.0027953,0.70289,0
0,0,0,0,0,0,0,0,1.7926,0.38687,-0.57067,-1,-0.026262,5.9176e-07,5.6995e-07,0,0,0,0.93178,999,999,999,1.1948,0.23345,0.22662,0.93321,0.13843,5.9176e-07,9999,1,1,517.58,3.5645,0.23345,0,0,0,0,0,0,0,0,1,1.7926,0.97227,-0.82432,0,0,0,0,0,10,0.13843,5.9176e-07,9999,1,517.58,3.5645,0.23345,1.7926,0.97227,-0.82432,2,0.0092564,1.7926,-1,0.97227,-0.82432,-1,-0.026262,-0.75797,0,0,0,0,0,0,0,0
0,0,0,0,0,0,0,0,0.96654,1.4849,-0.97997,-1,-0.99834,0.97948,0.97719,0,0,0,1.299,999,999,999,0.46796,0.47142,0.83327,0,0,0,0,0,0,0,0,0,0,0,0,0,0,0,0,0,0,0,0,0,0,0,0,0,0,0,0,0,0,0,0,0,0,0,0,0,0,0.0034259,0.96654,-1,0.89315,0,0,0,0,0,0,0,0,0,0,0,1
0,0,0,0,0,0,0,0,0.45471,0.64566,-0.34385,1,-0.9863,-0.16679,6.402e-06,3,1,0.49187,0.78538,999,999,999,0.70212,1.0735,0.35808,0.63755,0.20551,8.2377e-07,9999,0,-1,517.58,4.1992,0.28549,0,1,0,0,0,0,0,0,1,999,999,999,0,0,0,0,0,0,0,0,0,0,0,0,0,0,0,0,0,0.0079036,0.56534,-1,0.91764,0.17968,1,6.402e-06,0.005929,0,0,0,0,0,0,0,0
0,0,0,0,0,0,0,0,0.44001,0.93705,0.7944,1,4.6522e-05,0,0,0,0,0,0.42809,999,999,999,0.57702,0,0,0,0,0,0,0,0,0,0,0,0,0,0,0,0,0,0,0,0,0,0,0,0,0,0,0,0,0,0,0,0,0,0,0,0,0,0,0,0,0,0,0,0,0,0,0,0,0,0,0,0,0,0,0,0
0,0,0,0,0,0,0,0,0.47136,0.49906,0.41961,1,1.3549e-05,1.1522e-05,-3.8428e-07,0,0,0,0.55533,999,999,999,0.42145,0.40683,0.13627,0.8195,0.22915,3.8428e-07,9999,1,-1,966.8,8.4961,0.13627,0,0,0,0,0,0,0,0,1,999,999,999,0,0,0,0,0,0,0,0,0,0,0,0,0,0,0,0,0,0,0,0,0,0.47847,1,1.1522e-05,0.0062614,0,0,0,0,0,0,0,0
0,0,0,0,0,0,0,0,0.8322,0.079308,0.63665,1,0.55206,-0.00089883,9.9088e-05,0,0,0,1.192,0.57158,0.74255,-0.57223,0.93402,0.98858,0.80895,0,0,0,0,0,0,0,0,0,0,0,0,0,0,0,0,0,0,0,0,0,0,0,0,0,0,0,0,0,0,0,0,0,0,0,0,0,0,0.014902,0.8322,1,0.9739,0,0,0,0,0,0,0,0,0,0,0,0
0,0,0,0,0,0,0,0,1.0696,1.1177,0.82485,-1,0.23411,-0.053191,-0.0075668,0,0,0,1.3164,0.66817,-0.94855,-0.20455,1.0725,1.066,1.307,0,0,0,0,0,0,0,0,0,0,0,0,0,0,0,0,0,0,0,0,0,0,0,0,0,0,0,0,0,0,0,0,0,0,0,0,0,0,0.016736,1.0696,-1,0.67559,0,0,0,0,0,0,0,0,0,0,0,0
1.9893,0,-0.99184,-1,0,0,0,0,0.85719,0.73343,0.95937,-1,-0.91735,0.0014674,-8.2494e-05,0,0,0,2.1493,-1.9893,-0.99927,-0.93668,1.0038,0.79386,2.0241,0.83021,0.17234,5.0374e-07,9999,1,1,590.82,4.541,0.20237,0,0,0,0,0,0,0,0,1,1.9893,0.99927,-0.84089,0,0,0,0,0,10,0.17234,5.0374e-07,9999,1,590.82,4.541,0.20237,1.9893,0.99927,-0.84089,2,0.0026761,1.9893,-1,0.99927,0.97184,-1,-0.91735,-0.27392,0,0,0,0,0,0,0,0
0,0,0,0,0,0,0,0,0.44879,1.0378,-0.80291,1,4.6691e-05,1.4701e-05,-7.7317e-07,0,0,0,0.58605,999,999,999,0.57752,0.42904,0.27648,0,0,0,0,0,0,0,0,0,0,0,0,0,0,0,0,0,0,0,0,0,0,0,0,0,0,0,0,0,0,0,0,0,0,0,0,0,0,0,0,0,0,0,0,0,0,0,0,0,0,0,0,0,0
0,0,0,0,0,0,0,0,0.3465,0.31227,0.50428,-1,-2.4643e-05,2.449e-05,-2.587e-06,4,0,0,0.59325,999,999,999,0.48329,0.48256,0.25302,0.27085,0.093922,1.3013e-06,9999,0,1,0,2.9541,0.044883,0,0,0,0,0,0,0,0,1,999,999,999,0,0,0,0,0,0,0,0,0,0,0,0,0,0,0,0,0,0.0053571,0.53679,1,0.80898,-0.066999,-1,-2.4643e-05,-0.46396,0,0,0,0,0,0,0,0
0,0,0,0,0,0,0,0,0.15967,0,-0.035239,1,-2.1164e-05,-4.6488e-06,3.2629e-06,1,0,0,0.55261,999,999,999,0.46604,0.33329,0.27655,0.96262,0.1219,1.2374e-06,9999,0,1,0,3.7109,0.065739,1,0,-0.13921,-0.27708,-0.89752,0.11084,0.73483,0.081189,1,999,999,999,0,0,0,0,0,0,0,0,0,0,0,0,0,0,0,0,0,0,0,0,0,0.97501,-1,-4.6488e-06,-0.84114,0,0,0,0,0,0,0,1
0,0,0,0,0,0,0,0,0.69371,0.4004,0.28247,-1,-0.9976,-0.93121,0.8826,0,0,0,1.4955,-0.76391,-0.69964,-0.72797,0.5323,0.92293,1.1773,0,0,0,0,0,0,0,0,0,0,0,0,0,0,0,0,0,0,0,0,0,0,0,0,0,0,0,0,0,0,0,0,0,0,0,0,0,0,0.0099521,0.94495,1,0.5819,0,0,0,0,0,0,0,0,0,0,0,0
0,0,0,0,0,0,0,0,1.1469,0.49996,-0.84318,1,0.96325,2.884e-05,2.2129e-05,2,0,0,1.2807,999,999,999,1.5143,0.50267,0.47096,0.46114,0.17562,3.4115e-07,9999,0,-1,2011.7,14.062,0.098736,0,0,0,0,0,0,0,0,1,999,999,999,0,0,0,0,0,0,0,0,0,0,0,0,0,0,0,0,0,0.0054181,1.1469,1,0.8742,0.066522,1,0.96325,0.026524,0,0,0,0,0,0,0,1
0,0,0,0,0,0,0,0,0.45357,0.19895,-0.98981,-1,0.053425,0.0020938,-0.0013717,3,0,0,0.43453,999,999,999,1.4385,0.49363,0.44635,0,0,0,0,0,0,0,0,0,0,0,0,0,0,0,0,0,0,0,0,0,0,0,0,0,0,0,0,0,0,0,0,0,0,0,0,0,0,0,0,0,0,0,0,0,0,0,0,0,0,0,0,0,1
0,0,0,0,0,0,0,0,1.0291,0.4931,-0.81346,-1,-0.11982,-0.027275,6.9606e-05,3,0,0,1.199,999,999,999,1.0605,1.4439,0.64341,0.50344,0.14865,3.9595e-07,9999,1,-1,947.27,7.5195,0.14472,0,0,0,0,0,0,0,0,1,999,999,999,0,0,0,0,0,10,0.20146,6.9289e-06,9999,1,0,3.9551,0.33994,0.52831,0.83137,-0.84992,4,0.0078557,1.0291,-1,0.82008,0.56159,1,5.9353e-06,0.13601,0,0,0,0,0,0,0,0
1.8462,0,-0.9281,1,0,0,0,0,0.26201,0.70831,0.62531,1,0.00012889,-2.4845e-05,-1.3092e-06,0,0,0,1.7989,999,999,999,2.4962,0.47835,0.34204,0.6927,0.13001,5.121e-07,9999,1,-1,673.83,3.8574,0.20578,0,0,0,0,0,0,0,0,1,1.8462,0.98223,-0.63149,0,0,0,0,0,10,0.21722,1.3092e-06,9999,-1,502.93,3.9551,0.34204,1.8462,0.98223,-0.22484,-8,0.0091569,1.8462,1,0.98223,-0.63149,1,0.00012889,0.41333,0,0,0,0,0,0,0,1
0.94703,0,0.94661,-1,0,0,0,0,0.72455,0.37251,-0.91154,-1,0.21715,-0.11581,-0.049324,0,0,0,1.2648,999,999,999,1.3197,0.88177,0.88826,0,0,0,0,0,0,0,0,0,0,0,0,0,0,0,0,0,0,0,0,0,0,0,0,0,0,0,0,0,0,0,0,0,0,0,0,0,0,0.0041609,0.94703,-1,0.99634,0,0,0,0,0.94703,0,0.94661,-1,1,0.0041609,0.99634,1
0,0,0,0,0,0,0,0,0.40768,1.0217,0.72917,-1,-0.99994,0.98859,1.3401e-05,0,0,0,0.57082,999,999,999,0.28492,0.51262,0.42043,0.41077,0.24862,0.98859,9999,1,1,810.55,6.25,0.51262,0,0,0,0,0,0,0,0,1,999,999,999,0,0,0,0,0,0,0,0,0,0,0,0,0,0,0,0,0,0,0,0,0,-0.32503,-1,-0.99994,-7.9416e-06,0,0,0,0,0,0,0,1
0,0,0,0,0,0,0,0,0.73112,1.1879,-0.59842,-1,-0.39922,-0.01735,0.00060931,1,0,0,0.98581,-0.5238,0.95284,-0.59582,0.74687,0.82918,0.50361,0.2435,0.13416,1.7888e-06,9999,1,1,0,5.2246,0.20697,0,0,0,0,0,0,0,0,1,0.5238,0.95284,-0.047388,0,0,0,0,0,10,0.13416,1.7888e-06,9999,1,0,5.2246,0.20697,0.5238,0.95284,-0.047388,0,0.004855,0.73112,-1,0.78659,0.76653,-1,-0.39922,-0.16331,0,0,0,0,0,0,0,0
0.5948,0,-0.90801,1,0,0,0,0,0,0,0,0,0.00024999,0,0,0,0,0,0.59134,999,999,999,0.71573,0,0,0,0,0,0,0,0,0,0,0,0,0,0,0,0,0,0,0,0,0,0,0,0,0,0,0,0,0,0,0,0,0,0,0,0,0,0,0,0,0.0076508,0.5948,1,0.9636,0,0,0,0,0.5948,0,-0.90801,1,1,0.0076508,0.9636,1
0,0,0,0,0,0,0,0,1.3352,0.77894,0.94272,1,0.21099,0.0041289,-4.1095e-06,1,0,0,1.256,999,999,999,1.1041,0.6326,0.44292,0.98098,0.085602,1.3718e-06,9999,0,-1,0,8.8867,0.15704,0,0,0,0,0,0,0,0,1,1.3352,0.96075,-0.88883,0,0,0,0,0,10,0.085602,1.3718e-06,9999,-1,0,8.8867,0.15704,1.3352,0.96075,-0.88883,-0,0.018211,1.3352,1,0.96075,-0.88883,1,0.21099,0.87292,0,0,0,0,0,0,0,0
0,0,0,0,0,0,0,0,1.6556,0.64009,-0.78752,1,-0.95662,-0.026449,0.0001449,0,0,0,1.8717,-0.51062,0.87875,-0.87598,1.3773,0.7405,2.5291,0,0,0,0,0,0,0,0,0,0,0,0,0,0,0,0,0,0,0,0,0,0,0,0,0,0,0,0,0,0,0,0,0,0,0,0,0,0,0.00099848,1.6556,1,0.98138,0,0,0,0,0,0,0,0,0,0,0,0
0,0,0,0,0,0,0,0,0.96653,0.59382,-0.96232,-1,0.99987,-0.00030433,-0.0001757,1,1,0.50094,1.0993,999,999,999,0.32917,0.79077,0.13651,0.9325,0.19571,8.9759e-07,9999,1,-1,458.98,4.1992,0.29713,0,0,0,0,0,0,0,0,1,999,999,999,0,0,0,0,0,10,0.21502,0.99987,9999,1,1425.8,13.867,0.32917,0.96653,0.92989,-0.14565,3,0.00048122,0.96653,-1,0.92989,0.35897,1,0.99987,0.40118,0,0,0,0,0,0,0,1
0,0,0,0,0,0,0,0,1.5848,0.16185,-0.23036,1,0.3288,-0.0034058,0.00014757,0,0,0,1.3137,1.5848,-0.98288,-0.74396,1.0983,1.5655,1.0235,0,0,0,0,0,0,0,0,0,0,0,0,0,0,0,0,0,0,0,0,0,0,0,0,0,0,0,0,0,0,0,0,0,0,0,0,0,0,0.0076251,1.5848,1,0.98288,0,0,0,0,0,0,0,0,0,0,0,1
0,0,0,0,0,0,0,0,0.12267,0.78465,0.11054,1,1.1958e-05,1.7928e-06,0,0,0,0,0.34518,999,999,999,0.41012,0.2073,0,0.96096,0.12267,1.7928e-06,9999,1,1,0,5.4199,0.2073,0,0,0,0,0,0,0,0,1,999,999,999,0,0,0,0,0,0,0,0,0,0,0,0,0,0,0,0,0,0,0,0,0,0,0,0,0,0,0,0,0,0,0,0,0
0.80947,0,0.078393,-1,0,0,0,0,0.54673,0,-0.60708,-1,-0.97931,-0.0974,0.023754,0,0,0,1.4584,-0.80947,0.88849,-0.8098,0.70707,0.83645,1.1919,0,0,0,0,0,0,0,0,0,0,0,0,0,0,0,0,0,0,0,0,0,0,0,0,0,0,0,0,0,0,0,0,0,0,0,0,0,0,0.017207,1.0811,1,0.98494,0,0,0,0,0.80947,0,0.078393,-1,1,0.0056028,0.88849,0
0,0,0,0,0,0,0,0,0.5516,0.89714,-0.44288,-1,0.96803,0.91563,-0.00051221,0,0,0,1.4322,0.8478,0.96427,-0.89439,1.0297,0.97479,0.75196,0.15237,0.12169,1.9308e-06,9999,1,-1,0,5.2246,0.21781,0,0,0,0,0,0,0,0,1,0.8478,0.96427,-0.19059,0,0,0,0,0,10,0.12169,1.9308e-06,9999,-1,0,5.2246,0.21781,0.8478,0.96427,-0.19059,-0,0.010931,0.89043,1,0.95368,0.40771,1,0.96803,0.2311,0,0,0,0,0,0,0,1
0,0,0,0,0.77857,0.73711,0.20847,-1,0.72917,0.93,-0.3489,1,0.0001967,-9.9203e-05,-4.1155e-07,1,0,0,1.0388,999,999,999,0.98291,0.9024,0.15514,0.89906,0.082308,4.1155e-07,9999,0,-1,712.89,4.541,0.15514,0,0,0,0,0,0,0,0,1,999,999,999,0,0,0,0,0,0,0,0,0,0,0,0,0,0,0,0,0,0.022084,0.77857,-1,0.80833,0.93632,1,0.0001967,0.77295,0,0,0,0,0,0,0,0
1.7108,0.55808,-0.93804,-1,0,0,0,0,1.1573,0.16611,0.61587,-1,-0.95491,0.40448,-5.193e-05,0,0,0,1.9779,-1.7108,0.94074,-0.83076,0.96109,0.89939,2.1535,0.79209,0.090078,1.2102e-06,9999,1,1,0,18.555,0.087648,0,0,0,0,0,0,0,0,1,1.7108,0.94074,-0.57469,0,0,0,0,0,10,0.090078,1.2102e-06,9999,1,0,18.555,0.087648,1.7108,0.94074,-0.57469,2,0.0007489,1.7108,-1,0.94074,0.91429,-1,-0.95491,-0.69951,0.55808,1.2582,-0.46338,1,2,0.051073,0.85335,0
0,0,0,0,0,0,0,0,0.77589,1.0392,-0.015904,1,0.94618,0.00077798,3.2228e-05,0,0,0,1.1609,0.62738,-0.83882,-0.98,0.53338,1.0081,0.51753,0.40022,0.10923,1.2756e-06,9999,1,-1,0,4.3457,0.05181,0,0,0,0,0,0,0,0,1,999,999,999,0,0,0,0,0,0,0,0,0,0,0,0,0,0,0,0,0,0.0046011,0.77589,1,0.8466,0.029171,1,0.94618,0.38863,0,0,0,0,0,0,0,1
0,0,0,0,0,0,0,0,0.26625,0.20432,0.63843,1,-0.6547,0.012595,8.3226e-07,0,0,0,0.70732,999,999,999,0.80661,1.0259,0.28692,0.5925,0.14922,5.209e-07,9999,1,-1,620.12,4.0527,0.20924,0,0,0,0,0,0,0,0,1,999,999,999,0,0,0,0,0,0,0,0,0,0,0,0,0,0,0,0,0,0.0043125,0.69979,1,0.61672,0.22484,1,0.012595,0.16778,0,0,0,0,0,0,0,0
0,0,0,0,0,0,0,0,0.669,0.27457,0.68736,1,0.99999,0.014366,0.000644,0,0,0,0.95157,0.669,-0.59297,-0.94656,0.24746,1.0324,0.39968,0,0,0,0,0,0,0,0,0,0,0,0,0,0,0,0,0,0,0,0,0,0,0,0,0,0,0,0,0,0,0,0,0,0,0,0,0,0,0.0017018,0.90742,-1,0.68517,0,0,0,0,0,0,0,0,0,0,0,1
0,0,0,0,0,0,0,0,1.0739,1.0574,-0.94548,1,-0.95183,0.45519,0.00060543,3,1,0.49832,1.1872,999,999,999,0.33994,1.523,0.3509,0,0,0,0,0,0,0,0,0,0,0,0,0,0,0,0,0,0,0,0,0,0,0,0,0,0,0,0,0,0,0,0,0,0,0,0,0,0,0.0011981,1.0739,1,0.56888,0,0,0,0,0,0,0,0,0,0,0,0
0,0,0,0,0,0,0,0,0.59156,1.3096,0.98034,1,0.00031721,4.885e-06,-1.8205e-06,1,0,0,0.68342,999,999,999,0.77849,0.33708,0.20955,0.56176,0.083454,1.2718e-06,9999,0,-1,0,10.547,0.1332,0,0,0,0,0,0,0,0,1,0.59156,0.89731,-0.69016,0,0,0,0,0,10,0.083454,1.2718e-06,9999,-1,0,10.547,0.1332,0.59156,0.89731,-0.69016,-6,0.0019857,0.59156,1,0.89731,-0.53203,1,4.885e-06,0.64552,0,0,0,0,0,0,0,0
0,0,0,0,0,0,0,0,2.3111,0.088289,-0.98219,1,0.020704,-3.9607e-06,0,1,0,0,2.2324,999,999,999,2.3187,0.29436,0,0.46166,0.2111,3.9607e-06,9999,0,-1,0,3.2227,0.29436,0,0,0,0,0,0,0,0,1,999,999,999,0,0,0,0,0,0,0,0,0,0,0,0,0,0,0,0,0,0.0028729,2.3111,1,0.99875,0.42263,1,0.020704,0.0015732,0,0,0,0,0,0,0,1
0,0,0,0,0,0,0,0,1.2087,0.69056,-0.93843,1,0.93746,-0.58114,2.7e-05,1,0,0,1.5097,999,999,999,1.3042,1.5018,0.4939,0.47495,0.22832,9.2263e-07,9999,1,1,434.57,3.125,0.30073,0,0,0,0,0,0,0,0,1,0.95869,0.91345,-0.080668,0,0,0,0,0,10,0.22832,9.2263e-07,9999,1,434.57,3.125,0.30073,0.95869,0.91345,-0.080668,4,0.0047831,1.2087,1,0.88202,-0.080668,-1,-0.58114,-0.0004019,0,0,0,0,0,0,0,1
0,0,0,0,0.65258,0,-0.9334,1,0.59369,0,0.070286,-1,-0.022224,0.00025165,0.00019262,1,0,0,0.85007,-0.59369,-0.71099,-0.99674,0.86554,0.97219,0.9173,0,0,0,0,0,0,0,0,0,0,0,0,0,0,0,0,0,0,0,0,0,0,0,0,0,0,0,0,0,0,0,0,0,0,0,0,0,0,0.0077627,0.64604,1,0.70692,0,0,0,0,0,0,0,0,0,0,0,0
0,0,0,0,0,0,0,0,1.3097,0.7562,0.31025,-1,0.054553,-0.035615,-7.2721e-06,2,1,0.49899,1.4285,0.5612,-0.54169,-0.61697,1.179,1.4204,0.36656,0.98028,0.11032,3.4325e-07,9999,1,-1,1406.2,10.156,0.10085,0,0,0,0,0,0,0,0,1,0.75831,0.96637,-0.90932,0,0,0,0,0,10,0.11032,3.4325e-07,9999,-1,1406.2,10.156,0.10085,0.75831,0.96637,-0.90932,-2,0.025593,1.3097,-1,0.86775,-0.90932,1,0.054553,0.87532,0,0,0,0,0,0,0,1
1.319,1.4161,0.46237,-1,0,0,0,0,1.1657,1.3949,-0.52272,-1,-0.041834,0.0020747,-0.0010416,2,1,0.49918,1.8701,-1.319,0.95069,-0.99187,1.5172,0.85,1.39,0,0,0,0,0,0,0,0,0,0,0,0,0,0,0,0,0,0,0,0,0,0,0,0,0,0,0,0,0,0,0,0,0,0,0,0,0,0,0.017504,1.319,-1,0.95069,0,0,0,0,0,0,0,0,0,0,0,1
0,0,0,0,0,0,0,0,0.16516,1.9378,-0.91539,-1,7.609e-05,-3.8035e-05,5.4208e-06,0,0,0,0.71132,999,999,999,0.68912,0.542,0.34509,0.24203,0.16516,4.8961e-07,9999,1,-1,512.7,3.8574,0.19635,0,0,0,0,0,0,0,0,1,999,999,999,0,0,0,0,0,0,0,0,0,0,0,0,0,0,0,0,0,0,0,0,0,0.81279,1,5.4208e-06,0.02645,0,0,0,0,0,0,0,1
0,0,0,0,0,0,0,0,0.76066,0.33285,-0.99123,-1,0.75423,-2.471e-05,-2.3685e-05,4,0,0,0.686,999,999,999,0.5479,0.48362,0.47714,0.29111,0.16657,3.7923e-07,9999,1,1,712.89,8.3008,0.13243,0,0,0,0,0,0,0,0,1,999,999,999,0,0,0,0,0,0,0,0,0,0,0,0,0,0,0,0,0,0.019871,0.76066,-1,0.55419,0.23289,-1,-2.471e-05,-0.028881,0,0,0,0,0,0,0,1
0,0,0,0,0,0,0,0,0.23681,0.41849,-0.25138,-1,-4.1919e-06,2.509e-06,5.8253e-07,0,0,0,0.33759,999,999,999,0.29933,0.40406,0.23062,0.98117,0.15011,5.8253e-07,9999,1,1,610.35,4.1992,0.23062,0,0,0,0,0,0,0,0,1,999,999,999,0,0,0,0,0,0,0,0,0,0,0,0,0,0,0,0,0,0,0,0,0,-0.068843,-1,-4.1919e-06,-0.85925,0,0,0,0,0,0,0,0
0,0,0,0,0,0,0,0,0.806,1.7966,-0.85365,-1,-0.93021,0.00011147,5.4849e-06,0,0,0,1.0355,999,999,999,0.96068,0.68345,0.346,0.85391,0.16101,5.2804e-07,9999,1,-1,634.77,5.127,0.21197,0,0,0,0,0,0,0,0,1,0.51936,0.84617,-0.86368,0,0,0,0,0,10,0.21426,7.0923e-07,9999,-1,473.63,4.2969,0.26354,0.51936,0.84617,-0.88236,-6,0.0049434,0.806,-1,0.91394,-0.86368,1,0.00011147,0.43375,0,0,0,0,0,0,0,1
0,0,0,0,0,0,0,0,0.49241,0,-0.47812,1,-7.8509e-05,4.8577e-05,-7.9875e-06,0,0,0,0.72666,999,999,999,0.72022,0.58553,0.49146,0.40262,0.16763,2.6654e-06,9999,1,1,0,4.2969,0.25622,0,0,0,0,0,0,0,0,1,999,999,999,0,0,0,0,0,0,0,0,0,0,0,0,0,0,0,0,0,0.026719,0.52365,-1,0.72922,0.16931,-1,-7.8509e-05,-0.038513,0,0,0,0,0,0,0,1
0,0,0,0,0,0,0,0,1.1345,0.22901,-0.86399,-1,0.1404,-0.037933,-1.1121e-05,2,0,0,1.0922,999,999,999,0.62384,1.5353,0.40371,0.50043,0.23633,1e-06,9999,1,-1,527.34,3.9551,0.31093,0,0,0,0,0,0,0,0,1,999,999,999,0,0,0,0,0,0,0,0,0,0,0,0,0,0,0,0,0,0.0041485,1.1345,-1,0.99115,0.28067,1,0.1404,0.00023179,0,0,0,0,0,0,0,1
0,0,0,0,0,0,0,0,0.80912,1.4832,-0.75539,1,0.96209,0.013854,-0.0002611,0,0,0,1.0286,0.5897,0.4948,-0.48231,0.59629,0.93145,0.6903,0,0,0,0,0,0,0,0,0,0,0,0,0,0,0,0,0,0,0,0,0,0,0,0,0,0,0,0,0,0,0,0,0,0,0,0,0,0,0.014607,0.80912,1,0.4817,0,0,0,0,0,0,0,0,0,0,0,1
0,0,0,0,0,0,0,0,1.4009,1.1645,-0.77092,-1,-0.99842,-0.048296,0.00036628,1,0,0,1.5815,-1.4009,0.95604,-0.99379,0.49869,1.8314,0.70324,0.14891,0.10193,3.994e-07,9999,1,1,791.02,7.3242,0.14711,0,0,0,0,0,0,0,0,1,1.4009,0.95604,-0.17108,0,0,0,0,0,10,0.10193,3.994e-07,9999,1,791.02,7.3242,0.14711,1.4009,0.95604,-0.17108,6,0.028845,1.4009,-1,0.95604,0.279,-1,-0.99842,-0.39636,0,0,0,0,0,0,0,0
0,0,0,0,0,0,0,0,0.42057,1.129,-0.059457,-1,0.00017418,1.65e-05,-1.6262e-05,0,0,0,0.68537,999,999,999,0.63758,0.44027,0.43881,0,0,0,0,0,0,0,0,0,0,0,0,0,0,0,0,0,0,0,0,0,0,0,0,0,0,0,0,0,0,0,0,0,0,0,0,0,0,0,0,0,0,0,0,0,0,0,0,0,0,0,0,0,0
0,0,0,0,0,0,0,0,0.81725,1.3849,-0.78636,1,-0.32017,0.0010185,7.9706e-05,1,0,0,1.042,-0.59443,-0.9587,-0.99927,0.56099,0.42798,0.70645,0.12872,0.23224,1.5331e-06,9999,1,-1,478.52,3.5156,0.35853,0,0,0,0,0,0,0,0,1,0.81725,0.56383,-0.84297,0,0,0,0,0,10,0.23224,1.5331e-06,9999,-1,478.52,3.5156,0.35853,0.81725,0.56383,-0.84297,-4,0.0033342,0.81725,1,0.56383,0.19219,1,0.0010185,0.00015723,0,0,0,0,0,0,0,0
0,0,0,0,0,0,0,0,0.4071,1.3458,-0.6593,-1,0.99587,0.0066552,-1.3604e-05,0,0,0,0.63745,999,999,999,0.4246,0.75565,0.42165,0.53795,0.10623,1.2124e-06,9999,1,-1,0,17.969,0.083514,0,0,0,0,0,0,0,0,1,999,999,999,0,0,0,0,0,0,0,0,0,0,0,0,0,0,0,0,0,0,0,0,0,0.87696,1,0.99587,0.47437,0,0,0,0,0,0,0,1
0,0,0,0,0,0,0,0,0.71815,0.32332,-0.9067,-1,-0.18102,-0.031866,0.0095841,2,1,0.4987,0.78613,999,999,999,0.99369,0.73191,0.68924,0.85915,0.1536,4.8494e-07,9999,1,1,615.23,5.3223,0.19428,0,0,0,0,0,0,0,0,1,999,999,999,0,0,0,0,0,10,0.22034,4.1465e-07,9999,1,800.78,6.1523,0.15711,0.71815,0.99291,-0.76664,0,0.0033706,0.71815,-1,0.99291,0.91216,-1,-0.18102,-0.50427,0,0,0,0,0,0,0,1
0,0,0,0,1.806,0.36739,-0.43347,1,1.2059,0.65922,-0.22127,1,0.052937,0.046792,-3.681e-07,1,0,0,1.6957,1.2059,0.87399,-0.70244,1.4446,1.8279,0.12349,0.13371,0.16892,3.681e-07,9999,0,-1,996.09,8.7891,0.12349,0,0,0,0,0,0,0,0,1,1.806,0.93189,-0.1242,0,0,0,0,0,10,0.16892,3.681e-07,9999,-1,996.09,8.7891,0.12349,1.806,0.93189,-0.1242,-5,0.0094202,1.806,1,0.93189,-0.060264,1,0.046792,0.012322,0,0,0,0,0,0,0,1
0,0,0,0,0,0,0,0,1.2418,0.37222,-0.37819,1,-0.99585,-0.96012,0.039261,1,0,0,1.4523,999,999,999,0.58422,1.0892,1.7832,0.7569,0.16471,3.5206e-07,9999,1,1,1347.7,9.7656,0.10934,0,0,0,0,0,0,0,0,1,0.71076,0.40068,-0.27479,0,0,0,0,0,10,0.14024,1.8706e-06,9999,-1,0,6.7383,0.21343,1.2418,0.99776,-0.24428,-0,0.015067,1.2418,1,0.99776,0.32323,-1,-0.99585,-0.20739,0,0,0,0,0,0,0,0
0,0,0,0,0,0,0,0,1.0517,0,-0.96747,1,-0.00010931,6.9106e-05,-2.6168e-05,1,0,0,0.97783,999,999,999,0.77255,0.66635,0.49048,0,0,0,0,0,0,0,0,0,0,0,0,0,0,0,0,0,0,0,0,0,0,0,0,0,0,0,0,0,0,0,0,0,0,0,0,0,0,0.0086661,1.0517,1,0.97602,0,0,0,0,0,0,0,0,0,0,0,1
0,0,0,0,0,0,0,0,0.3139,0.24913,0.24138,-1,-0.99999,0.99457,7.7337e-05,0,0,0,0.88716,999,999,999,0.22399,0.47705,0.71486,0,0,0,0,0,0,0,0,0,0,0,0,0,0,0,0,0,0,0,0,0,0,0,0,0,0,0,0,0,0,0,0,0,0,0,0,0,0,0.023141,0.54468,1,0.53989,0,0,0,0,0,0,0,0,0,0,0,0
0,0,0,0,0,0,0,0,0.77894,1.2366,-0.23077,-1,0.00021909,0.00018838,-6.6232e-05,0,1,0.50006,1.0041,999,999,999,0.73659,0.21234,0.66368,0,0,0,0,0,0,0,0,0,0,0,0,0,0,0,0,0,0,0,0,0,0,0,0,0,0,0,0,0,0,0,0,0,0,0,0,0,0,0.016761,0.77894,-1,0.37747,0,0,0,0,0,0,0,0,0,0,0,0
0,0,0,0,0,0,0,0,1.2236,0.2525,-0.17126,-1,0.73032,-0.005927,6.6806e-05,2,1,0.5004,1.4732,999,999,999,1.0916,1.5368,0.64417,0.61343,0.11916,3.3345e-07,9999,1,-1,2421.9,13.086,0.090685,0,0,0,0,0,0,0,0,1,0.7068,0.64107,-0.69561,0,0,0,0,0,10,0.11916,3.3345e-07,9999,-1,2421.9,13.086,0.090685,0.7068,0.64107,-0.69561,-5,0.0017289,1.2236,-1,0.98444,-0.69561,1,0.73032,0.42526,0,0,0,0,0,0,0,1
0,0,0,0,1.2629,0.080976,0.53759,-1,0.70682,1.2673,-0.71871,-1,-0.093591,-0.022312,0.0028746,0,0,0,1.6645,-1.2629,-0.96154,-0.79645,1.0306,1.2347,0.96093,0.4311,0.14949,3.5985e-07,9999,1,1,1240.2,8.9844,0.11641,0,0,0,0,0,0,0,0,1,1.2629,0.96154,-0.4419,0,0,0,0,0,10,0.14949,3.5985e-07,9999,1,1240.2,8.9844,0.11641,1.2629,0.96154,-0.4419,6,0.010415,1.2629,-1,0.96154,0.7464,-1,-4.4323e-05,-0.11451,0,0,0,0,0,0,0,0
0,0,0,0,2.2811,0.40661,-0.85477,-1,0.39687,0.26933,-0.66525,-1,-0.99367,-0.089538,-0.079724,2,0,0,1.5214,999,999,999,0.63382,1.6441,0.8935,0.88779,0.15735,7.455e-07,9999,1,1,605.47,3.9551,0.27111,0,0,0,0,0,0,0,0,1,2.2811,0.87532,-0.99901,0,0,0,0,0,10,0.15735,7.455e-07,9999,1,605.47,3.9551,0.27111,2.2811,0.87532,-0.99901,2,0.027357,2.2811,-1,0.87532,-0.36875,-1,-0.99367,-0.55629,0,0,0,0,0,0,0,0
0,0,0,0,0,0,0,0,1.129,0.24042,0.11138,-1,-0.0025656,8.8927e-05,6.7976e-07,0,0,0,0.88748,999,999,999,0.72293,0.79584,0.25687,0.96714,0.1595,6.4813e-07,9999,0,-1,722.66,3.9551,0.24912,0,0,0,0,0,0,0,0,1,999,999,999,0,0,0,0,0,10,0.23252,6.7976e-07,9999,1,561.52,6.3477,0.25687,1.129,0.88129,-0.17438,4,0.0064651,1.129,-1,0.88129,0.60417,1,8.8927e-05,0.8042,0,0,0,0,0,0,0,1
0,0,0,0,0,0,0,0,0.63167,0.37056,-0.23405,-1,-0.98433,-5.3343e-05,3.5165e-05,0,0,0,0.889,999,999,999,0.70525,0.60524,0.52979,0.36509,0.077198,1.2669e-06,9999,1,-1,0,8.9844,0.1316,0,0,0,0,0,0,0,0,1,999,999,999,0,0,0,0,0,0,0,0,0,0,0,0,0,0,0,0,0,0.0068974,0.63167,-1,0.58954,0.6358,-1,-0.98433,-0.048671,0,0,0,0,0,0,0,0
0,0,0,0,0,0,0,0,0.84381,0.38722,-0.76861,1,0.048674,-5.7521e-06,1.2172e-06,1,0,0,0.80035,999,999,999,1.2158,0.34969,0.10725,0.88669,0.048529,1.2172e-06,9999,0,1,0,10.352,0.10725,0,0,0,0,0,0,0,0,1,999,999,999,0,0,0,0,0,0,0,0,0,0,0,0,0,0,0,0,0,0.009191,0.84381,1,0.93741,-0.55749,-1,-5.7521e-06,-0.78099,0,0,0,0,0,0,0,0
0,0,0,0,0,0,0,0,0.66155,0.54535,0.047406,1,-8.1049e-05,6.634e-05,1.5532e-05,1,0,0,0.9666,999,999,999,0.74152,0.65192,0.43434,0.17512,0.2131,4.0318e-07,9999,0,-1,869.14,7.1289,0.14967,0,0,0,0,0,0,0,0,1,0.66155,0.57531,-0.42679,0,0,0,0,0,10,0.2131,4.0318e-07,9999,-1,869.14,7.1289,0.14967,0.66155,0.57531,-0.42679,-0,0.010813,1.052,-1,0.80501,-0.056775,1,1.5532e-05,0.00050989,0,0,0,0,0,0,0,1
0,0,0,0,0,0,0,0,0.67013,1.3648,-0.54139,1,0.9999,0.15862,-0.0015825,0,0,0,0.97826,0.67013,0.71317,-0.34629,0.38026,1.0818,1.0674,0,0,0,0,0,0,0,0,0,0,0,0,0,0,0,0,0,0,0,0,0,0,0,0,0,0,0,0,0,0,0,0,0,0,0,0,0,0,0.0057317,0.82149,-1,0.89041,0,0,0,0,0,0,0,0,0,0,0,1
0,0,0,0,0,0,0,0,0.80387,0.66018,0.095118,1,-0.0074849,7.074e-05,1.1173e-05,1,1,0.49708,0.75845,999,999,999,0.61945,0.68567,0.40412,0.81887,0.19059,4.321e-07,9999,1,1,673.83,5.4688,0.16757,0,0,0,0,0,0,0,0,1,999,999,999,0,0,0,0,0,0,0,0,0,0,0,0,0,0,0,0,0,0.015435,0.80387,1,0.83943,-0.96602,-1,-0.0074849,-0.10967,0,0,0,0,0,0,0,0
0,0,0,0,1.3892,0,-0.68702,-1,0.06698,0.2458,-0.61215,1,-0.017053,1.2692e-06,-4.6492e-07,1,0,0,1.3064,999,999,999,1.8843,0.13236,0.18492,0.4808,0.06698,1.2692e-06,9999,1,1,0,6.7383,0.13236,0,0,0,0,0,0,0,0,1,1.3892,0.89361,-0.077906,0,0,0,0,0,10,0.06698,1.2692e-06,9999,1,0,6.7383,0.13236,1.3892,0.89361,-0.077906,2,0.0058502,1.3892,-1,0.89361,-0.077906,-1,-0.017053,-0.693,0,0,0,0,0,0,0,0
0.2523,1.6902,0.31473,1,0,0,0,0,1.1039,0.92788,-0.98463,1,-0.99869,0.97079,0.00043223,2,1,0.49106,1.234,-0.709,-0.96079,-0.10538,0.48562,1.7402,0.24565,0.46469,0.089727,1.4852e-06,9999,0,-1,0,6.3477,0.17509,0,1,0,0,0,0,0,0,1,999,999,999,0,0,0,0,0,10,0.23778,2.2948e-06,9999,1,561.52,3.418,0.28007,0.709,0.96079,-0.83575,4,0.0034184,1.1039,1,0.79616,0.90065,1,0.97079,0.55086,0.2523,1.6902,0.31473,1,1,0.38275,0.55049,0
0.67144,0.25609,0.49972,-1,0,0,0,0,1.0486,0.14954,-0.92286,-1,-0.70086,-0.14743,-0.0043738,1,1,0.49607,1.394,-1.0486,-0.97441,-0.73224,1.8254,0.66816,0.95445,0,0,0,0,0,0,0,0,0,0,0,0,0,0,0,0,0,0,0,0,0,0,0,0,0,0,0,0,0,0,0,0,0,0,0,0,0,0,0.0025777,1.0486,-1,0.97441,0,0,0,0,0.67144,0.25609,0.49972,-1,1,0.015367,0.86287,1
1.8746,0,-0.35326,1,0,0,0,0,1.0068,1.317,-0.022875,1,-0.00017495,9.2569e-05,6.155e-05,1,0,0,2.0105,999,999,999,0.17003,0.80644,2.4854,0.96769,0.1443,0.00017495,9999,0,-1,751.95,0,0.17003,0,0,0,0,0,0,0,0,1,1.8746,0.98403,-0.95876,0,0,0,0,0,10,0.1443,0.00017495,9999,-1,751.95,0,0.17003,1.8746,0.98403,-0.95876,-2,0.010087,1.8746,1,0.98403,0.84592,1,9.2569e-05,0.83303,0,0,0,0,0,0,0,1
1.4142,0.47002,-0.41258,1,0,0,0,0,1.1984,1.1996,-0.79964,1,0.038512,0.0051368,-7.812e-06,0,0,0,1.567,1.4142,-0.65938,-0.21666,1.8611,1.9449,0.374,0,0,0,0,0,0,0,0,0,0,0,0,0,0,0,0,0,0,0,0,0,0,0,0,0,0,0,0,0,0,0,0,0,0,0,0,0,0,0.00074347,1.4142,1,0.65938,0,0,0,0,0.47002,0.35222,0.84758,-1,2,0.013296,0.51373,1
0,0,0,0,0,0,0,0,0.51877,0.54607,-0.90242,1,0.042748,2.5735e-05,-1.7107e-06,2,1,0.49324,0.48651,0.51877,-0.77201,-0.94434,1.3574,0.48846,0.20015,0.90586,0.10594,1.7107e-06,9999,0,-1,0,4.3945,0.20015,0,0,0,0,0,0,0,0,1,0.51877,0.77201,-0.75873,0,0,0,0,0,10,0.10594,1.7107e-06,9999,-1,0,4.3945,0.20015,0.51877,0.77201,-0.75873,-2,0.021791,0.51877,1,0.77201,0.78387,1,0.042748,0.75959,0,0,0,0,0,0,0,1
0,0,0,0,0.76205,1.1791,-0.63216,1,0.436,0.36777,0.21795,-1,0.21695,0.012445,-2.0154e-05,0,0,0,0.90884,999,999,999,0.80062,1.1699,0.46076,0,0,0,0,0,0,0,0,0,0,0,0,0,0,0,0,0,0,0,0,0,0,0,0,0,0,0,0,0,0,0,0,0,0,0,0,0,0,0.019063,0.76205,1,0.59467,0,0,0,0,0,0,0,0,0,0,0,0
0,0,0,0,0,0,0,0,0.48073,0.038388,0.12469,-1,-0.98228,0.00056034,-0.00024441,1,0,0,0.90017,-0.64737,-0.96562,-0.92103,0.81529,0.85816,0.58055,0,0,0,0,0,0,0,0,0,0,0,0,0,0,0,0,0,0,0,0,0,0,0,0,0,0,0,0,0,0,0,0,0,0,0,0,0,0,0.011987,0.64737,-1,0.96562,0,0,0,0,0,0,0,0,0,0,0,0
0,0,0,0,0,0,0,0,0.83851,0.63671,-0.77004,1,0.95617,0.00058779,-2.3399e-05,1,0,0,1.0871,999,999,999,0.96588,0.37693,0.47727,0.97466,0.12473,4.0121e-07,9999,0,-1,869.14,6.4453,0.14834,0,0,0,0,0,0,0,0,1,0.83851,0.77306,-0.89403,0,0,0,0,0,10,0.12473,4.0121e-07,9999,-1,869.14,6.4453,0.14834,0.83851,0.77306,-0.89403,-0,0.0094522,0.83851,1,0.77306,0.84041,1,0.95617,0.64899,0,0,0,0,0,0,0,1
0,0,0,0,0,0,0,0,1.1384,0.7159,-0.77859,1,0.89924,0.74987,-0.0069628,0,0,0,1.5105,0.74598,0.89516,-0.87984,1.368,0.95296,0.48469,0.97237,0.12262,3.8501e-07,9999,1,-1,917.97,7.1289,0.13682,0,0,0,0,0,0,0,0,1,0.74598,0.89516,-0.78686,0,0,0,0,0,10,0.12262,3.8501e-07,9999,-1,917.97,7.1289,0.13682,0.74598,0.89516,-0.78686,-2,0.00095146,1.1384,1,0.98447,-0.78686,1,0.74987,0.85938,0,0,0,0,0,0,0,1
0,0,0,0,0,0,0,0,1.1104,1.1356,-0.82538,1,-0.97521,0.28874,0.0023761,1,0,0,1.1762,-0.63111,-0.90614,-0.90849,0.84028,0.92976,0.79788,0,0,0,0,0,0,0,0,0,0,0,0,0,0,0,0,0,0,0,0,0,0,0,0,0,0,0,0,0,0,0,0,0,0,0,0,0,0,0.0044061,1.1104,1,0.98476,0,0,0,0,0,0,0,0,0,0,0,1
0,0,0,0,0,0,0,0,1.0411,1.283,-0.5538,-1,-0.96577,0.38941,0.079939,0,0,0,1.5247,-0.62798,-0.80809,-0.94587,1.3081,1.0043,0.82361,0.97342,0.090421,1.3416e-06,9999,1,1,0,6.0547,0.15103,0,0,0,0,0,0,0,0,1,0.62798,0.80809,-0.69356,0,0,0,0,0,10,0.090421,1.3416e-06,9999,1,0,6.0547,0.15103,0.62798,0.80809,-0.69356,4,0.0036307,1.0411,-1,0.9555,0.88259,-1,-0.96577,-0.86285,0,0,0,0,0,0,0,1
0,0,0,0,0.90776,1.0127,-0.89961,1,0.74158,0.51032,0.9831,-1,-0.0037547,0.00037056,-4.1308e-06,0,0,0,1.2182,999,999,999,1.0081,0.84493,0.44403,0,0,0,0,0,0,0,0,0,0,0,0,0,0,0,0,0,0,0,0,0,0,0,0,0,0,0,0,0,0,0,0,0,0,0,0,0,0,0.00049704,0.90776,1,0.73473,0,0,0,0,0,0,0,0,0,0,0,1
0,0,0,0,0,0,0,0,0.65005,0.49211,-0.49993,1,1.9743e-05,1.287e-05,-1.2263e-06,1,0,0,0.52089,999,999,999,0.45857,0.41673,0.071659,0.9074,0.12405,1.2263e-06,9999,1,-1,0,24.414,0.071659,0,0,0,0,0,0,0,0,1,999,999,999,0,0,0,0,0,0,0,0,0,0,0,0,0,0,0,0,0,0.013071,0.65005,1,0.69152,0.98004,1,1.287e-05,0.73382,0,0,0,0,0,0,0,0
0,0,0,0,1.452,0.45291,-0.86272,1,0.37731,0.13495,-0.75946,1,0.24296,-0.0012713,9.7694e-05,1,0,0,1.384,999,999,999,0.53199,0.58977,2.1263,0.59987,0.10603,1.2684e-06,9999,0,-1,0,25.391,0.054,0,0,0,0,0,0,0,0,1,1.452,0.94397,-0.41144,0,0,0,0,0,10,0.10603,1.2684e-06,9999,-1,0,25.391,0.054,1.452,0.94397,-0.41144,-2,0.01967,1.452,1,0.94397,-0.39575,1,0.24296,0.51834,0,0,0,0,0,0,0,1
0.84331,0.15162,0.95888,1,0,0,0,0,1.0574,0.99492,-0.94143,1,0.98428,0.029198,-6.1943e-05,1,0,0,1.0968,0.84331,0.99656,-0.92186,0.69238,1.2452,0.63848,0,0,0,0,0,0,0,0,0,0,0,0,0,0,0,0,0,0,0,0,0,0,0,0,0,0,0,0,0,0,0,0,0,0,0,0,0,0,0.028548,1.0574,1,0.91374,0,0,0,0,0.84331,0.15162,0.95888,1,1,0.013783,0.99656,1
0,0,0,0,0,0,0,0,0.32693,0.91305,0.11947,1,0.98467,-0.93631,-3.4801e-05,3,0,0,0.67973,999,999,999,0.53063,0.46407,0.52639,0.25531,0.09653,1.226e-06,9999,0,1,0,3.6133,0.07181,0,0,0,0,0,0,0,0,1,999,999,999,0,0,0,0,0,10,0.22018,1.0206e-06,9999,1,634.77,3.5645,0.21659,0.63262,0.75307,-0.45646,21,0.016622,0.63262,-1,0.75307,0.36723,-1,-0.93631,-0.44572,0,0,0,0,0,0,0,0
0,0,0,0,0.8583,1.279,-0.77035,1,0.6425,0.17055,0.91321,-1,-0.079669,9.2913e-05,-6.2531e-05,0,0,0,1.4597,-0.6425,0.31273,-0.40984,2.0525,0.74489,0.64561,0,0,0,0,0,0,0,0,0,0,0,0,0,0,0,0,0,0,0,0,0,0,0,0,0,0,0,0,0,0,0,0,0,0,0,0,0,0,0.0032639,1.3384,-1,0.73654,0,0,0,0,0,0,0,0,0,0,0,1
0,0,0,0,0,0,0,0,0.56968,0.15837,0.45491,1,0.64288,-0.019228,4.6922e-05,0,0,0,1.4467,0.56968,-0.79911,-0.73033,1.4655,1.0903,0.5764,0.90209,0.13533,5.0698e-07,9999,1,-1,605.47,5.2734,0.2037,0,0,0,0,0,0,0,0,1,0.56968,0.79911,-0.47976,0,0,0,0,0,10,0.13533,5.0698e-07,9999,-1,605.47,5.2734,0.2037,0.56968,0.79911,-0.47976,-2,0.01355,1.1308,1,0.82747,0.61278,1,0.64288,0.69519,0,0,0,0,0,0,0,1
0,0,0,0,0,0,0,0,1.0515,1.6166,-0.74431,1,0.21653,0.023959,-0.00079515,0,0,0,1.4348,1.0515,-0.9815,-0.86358,1.4932,0.91655,0.72242,0,0,0,0,0,0,0,0,0,0,0,0,0,0,0,0,0,0,0,0,0,0,0,0,0,0,0,0,0,0,0,0,0,0,0,0,0,0,0.013687,1.0515,1,0.9815,0,0,0,0,0,0,0,0,0,0,0,0
0.98858,0.052528,0.84579,1,0,0,0,0,0.95346,1.1871,-0.50628,-1,-0.017637,0.0073633,0.00015312,0,0,0,1.3684,999,999,999,0.94962,1.3643,0.44215,0,0,0,0,0,0,0,0,0,0,0,0,0,0,0,0,0,0,0,0,0,0,0,0,0,0,0,0,0,0,0,0,0,0,0,0,0,0,0.02025,0.95346,-1,0.9679,0,0,0,0,0.98858,0.052528,0.84579,1,1,0.03338,0.78438,0
0,0,0,0,0,0,0,0,0.92774,1.3555,0.18721,-1,0.80207,-0.066593,-0.00056699,0,0,0,0.97328,999,999,999,0.1594,1.2675,0.54333,0.21392,0.15493,6.0874e-07,9999,1,1,581.05,4.0039,0.23845,0,0,0,0,0,0,0,0,1,999,999,999,0,0,0,0,0,10,0.22564,0.80207,9999,1,0,34.375,0.1594,0.92774,0.92936,-0.089855,22,0.012244,0.92774,-1,0.92936,0.94983,-1,-0.00056699,-0.0021583,0,0,0,0,0,0,0,1
0,0,0,0,0,0,0,0,1.1259,1.4756,-0.84755,-1,0.95378,-0.93994,-6.3787e-05,0,0,0,1.4404,999,999,999,1.1252,1.4732,0.65115,0.97896,0.15616,4.0799e-07,9999,1,-1,849.61,4.4922,0.15285,0,0,0,0,0,0,0,0,1,0.82569,0.97888,-0.99368,0,0,0,0,0,10,0.15616,4.0799e-07,9999,-1,849.61,4.4922,0.15285,0.82569,0.97888,-0.99368,-2,0.014308,1.1259,-1,0.98836,-0.99368,1,0.95378,0.84539,0,0,0,0,0,0,0,1
0,0,0,0,0,0,0,0,1.3353,0.22704,-0.028082,1,0.035089,-0.030265,-2.6624e-05,1,1,0.49592,1.9055,999,999,999,1.4687,1.4019,0.57175,0,0,0,0,0,0,0,0,0,0,0,0,0,0,0,0,0,0,0,0,0,0,0,0,0,0,0,0,0,0,0,0,0,0,0,0,0,0,0.0093511,1.3353,1,0.9852,0,0,0,0,0,0,0,0,0,0,0,0
0,0,0,0,0,0,0,0,0.7169,0.17461,0.088823,1,0.9616,-0.060293,-0.00056713,1,0,0,1.3533,999,999,999,0.82102,1.1477,0.54321,0,0,0,0,0,0,0,0,0,0,0,0,0,0,0,0,0,0,0,0,0,0,0,0,0,0,0,0,0,0,0,0,0,0,0,0,0,0,0.033592,0.94884,-1,0.99013,0,0,0,0,0,0,0,0,0,0,0,1
0,0,0,0,0,0,0,0,1.3247,0.37159,-0.63685,-1,-0.90878,0.69566,-0.20463,2,0,0,1.6529,-0.57792,-0.86019,-0.9551,1.4776,0.75459,0.89444,0.67989,0.2169,1.4568e-06,9999,1,1,517.58,3.4668,0.35332,0,0,0,0,0,0,0,0,1,0.57792,0.86019,-0.3101,0,0,0,0,0,10,0.2169,1.4568e-06,9999,1,517.58,3.4668,0.35332,0.57792,0.86019,-0.3101,0,0.0025297,1.3247,-1,0.93527,0.37972,-1,-0.90878,-0.00313,0,0,0,0,0,0,0,1
0,0,0,0,0,0,0,0,0.74486,1.3135,0.52446,-1,-0.00014276,3.1889e-05,-2.4913e-05,2,1,0.5002,1.0124,-0.60642,0.65179,-0.28784,0.74804,0.50784,0.48458,0.28445,0.1605,4.3429e-07,9999,0,1,781.25,6.1035,0.16882,0,1,0,0,0,0,0,0,1,0.74486,0.89541,-0.54787,0,0,0,0,0,10,0.1605,4.3429e-07,9999,1,781.25,6.1035,0.16882,0.74486,0.89541,-0.54787,9,0.0063507,0.74486,-1,0.89541,0.0029144,-1,-2.4913e-05,-0.04284,0,0,0,0,0,0,0,0
0,0,0,0,0,0,0,0,2.3388,0.34636,-0.92101,1,0.012259,3.1851e-05,-3.4771e-07,1,1,0.50349,1.7413,999,999,999,1.7959,0.5159,0.10522,0.77867,0.11846,3.4771e-07,9999,0,-1,976.56,12.5,0.10522,0,1,0,0,0,0,0,0,1,999,999,999,0,0,0,0,0,0,0,0,0,0,0,0,0,0,0,0,0,0.009101,2.3388,1,0.99833,0.76426,1,0.012259,0.58514,0,0,0,0,0,0,0,0
0,0,0,0,0,0,0,0,0.58271,0.69224,0.5591,1,0.99985,0.9995,-0.99927,0,0,0,0.77974,0.58271,0.87631,-0.18939,0.36076,0.42482,0.4479,0.29526,0.05927,1.2643e-06,9999,1,-1,0,7.5195,0.13073,0,0,0,0,0,0,0,0,1,0.58271,0.87631,-0.13292,0,0,0,0,0,10,0.05927,1.2643e-06,9999,-1,0,7.5195,0.13073,0.58271,0.87631,-0.13292,-2,0.036338,0.80827,-1,0.97325,0.038591,1,0.9995,0.63924,0,0,0,0,0,0,0,1
0,0,0,0,1.9509,0.11798,-0.40394,-1,0.12859,1.1469,-0.11193,1,-0.038769,1.6803e-05,4.3077e-07,0,0,0,1.9671,999,999,999,1.9928,0.44204,0.1668,0.96089,0.12859,4.3077e-07,9999,1,1,615.23,6.4453,0.1668,0,0,0,0,0,0,0,0,1,1.9509,0.9693,-0.86346,0,0,0,0,0,10,0.12859,4.3077e-07,9999,1,615.23,6.4453,0.1668,1.9509,0.9693,-0.86346,2,0.013477,1.9509,-1,0.9693,-0.86346,-1,-0.038769,-0.8335,0,0,0,0,0,0,0,0
0,0,0,0,0,0,0,0,0.22619,0.32713,0.68089,-1,0.00055353,-1.2097e-05,6.5111e-06,2,0,0,0.64327,999,999,999,0.31369,0.41115,0.35941,0.52927,0.045252,1.2098e-06,9999,0,1,0,15.234,0.088901,0,0,0,0,0,0,0,0,1,999,999,999,0,0,0,0,0,10,0.17234,4.1356e-07,9999,1,673.83,3.8574,0.15642,0.52432,0.96135,-0.38284,4,0.0030284,0.52432,-1,0.96135,0.73889,-1,-1.2097e-05,-0.80219,0,0,0,0,0,0,0,1
0,0,0,0,0,0,0,0,2.2776,0.15106,-0.72027,1,0.00037574,0.0003431,-7.5041e-05,2,1,0.49782,2.4102,0.86188,0.97346,-0.98486,2.3681,1.151,0.61516,0,0,0,0,0,0,0,0,0,0,0,0,0,0,0,0,0,0,0,0,0,0,0,0,0,0,0,0,0,0,0,0,0,0,0,0,0,0,0.0029481,2.2776,1,0.98875,0,0,0,0,0,0,0,0,0,0,0,1
0,0,0,0,0,0,0,0,0.60172,1.8454,-0.35952,1,3.2653e-05,-2.703e-05,7.2816e-06,2,0,0,0.76107,999,999,999,0.51935,0.49447,0.36832,0.77239,0.16962,6.4946e-07,9999,1,-1,517.58,5.0781,0.24946,0,0,0,0,0,0,0,0,1,999,999,999,0,0,0,0,0,0,0,0,0,0,0,0,0,0,0,0,0,0.0096532,0.60172,1,0.91052,0.94373,1,3.2653e-05,0.019848,0,0,0,0,0,0,0,0
0,0,0,0,0,0,0,0,0.58327,1.0922,-0.20486,-1,0.99738,-0.00019088,0,0,0,0,0.67625,999,999,999,0.40851,0.73981,0,0,0,0,0,0,0,0,0,0,0,0,0,0,0,0,0,0,0,0,0,0,0,0,0,0,0,0,0,0,0,0,0,0,0,0,0,0,0,0.00093502,0.58327,-1,0.71723,0,0,0,0,0,0,0,0,0,0,0,0
0,0,0,0,0,0,0,0,1.0836,0.10607,0.21206,1,0.97123,0.36621,-0.00039064,3,0,0,1.2709,0.77485,0.59389,-0.47289,0.82934,1.0535,0.79201,0.95623,0.11901,5.3555e-07,9999,0,-1,625,4.0039,0.21475,0,0,0,0,0,0,0,0,1,1.0836,0.91634,-0.88792,0,0,0,0,0,10,0.11901,5.3555e-07,9999,-1,625,4.0039,0.21475,1.0836,0.91634,-0.88792,-2,0.0068339,1.0836,1,0.91634,0.69732,1,0.36621,0.8306,0,0,0,0,0,0,0,1
0,0,0,0,0,0,0,0,0.3813,0.25027,-0.53665,1,0.00060173,-1.4356e-06,-5.0145e-07,2,0,0,0.47464,999,999,999,0.5115,0.16788,0.20142,0.85386,0.10768,3.6193e-07,9999,1,-1,1445.3,8.8867,0.11823,0,0,0,0,0,0,0,0,1,999,999,999,0,0,0,0,0,0,0,0,0,0,0,0,0,0,0,0,0,0,0,0,0,0.028166,1,0.00060173,0.25312,0,0,0,0,0,0,0,1
0,0,0,0,0,0,0,0,0.82265,0.19814,-0.71971,-1,-0.0034536,4.4097e-07,0,1,1,0.49753,0.82322,999,999,999,1.025,0.17254,0,0.84523,0.14064,4.4097e-07,9999,0,1,742.19,5.5664,0.17254,0,0,0,0,0,0,0,0,1,999,999,999,0,0,0,0,0,0,0,0,0,0,0,0,0,0,0,0,0,0.0068494,0.82265,-1,0.99515,0.82891,-1,-0.0034536,-0.55717,0,0,0,0,0,0,0,0
0,0,0,0,0,0,0,0,1.3832,0.36781,-0.78787,1,0.042417,0.008481,-2.3378e-06,1,1,0.49728,1.3647,1.3832,0.9092,-0.63336,0.9528,1.7312,0.28147,0,0,0,0,0,0,0,0,0,0,0,0,0,0,0,0,0,0,0,0,0,0,0,0,0,0,0,0,0,0,0,0,0,0,0,0,0,0,0.0018934,1.3832,1,0.9092,0,0,0,0,0,0,0,0,0,0,0,0
0.81603,1.7547,-0.51011,1,0,0,0,0,0.65791,0.48384,0.69379,1,-0.17452,0.024485,-6.1037e-05,0,0,0,1.3425,-0.50505,0.75664,-0.011476,1.1486,0.91792,0.61493,0.83248,0.077826,3.6542e-07,9999,1,-1,1230.5,9.2773,0.12123,0,0,0,0,0,0,0,0,1,0.65791,0.41547,-0.11769,0,0,0,0,0,10,0.077826,3.6542e-07,9999,-1,1230.5,9.2773,0.12123,0.65791,0.41547,-0.11769,-4,0.014592,0.81603,1,0.97921,0.92631,1,0.024485,0.73767,0.81603,1.7547,-0.51011,1,1,0.014592,0.97921,0
0,0,0,0,0,0,0,0,0.55234,0.83905,-0.62997,-1,-0.98188,0.00058038,-9.3335e-05,3,1,0.4981,1.0862,-0.55234,-0.9232,-0.50429,0.66094,0.33148,0.70371,0.64714,0.20634,5.2021e-07,9999,1,1,605.47,4.6875,0.20897,0,0,0,0,0,0,0,0,1,0.57164,0.87983,-0.84772,0,0,0,0,0,10,0.20634,5.2021e-07,9999,1,605.47,4.6875,0.20897,0.57164,0.87983,-0.84772,0,0.016274,0.57164,-1,0.87983,-0.98002,-1,-0.98188,-0.0059309,0,0,0,0,0,0,0,1
0,0,0,0,0,0,0,0,1.2797,0.66535,-0.10412,-1,-0.90122,0.88025,-0.00017177,1,0,0,1.5598,-0.72594,-0.94124,-0.57521,1.3567,0.2441,0.70608,0.4562,0.20222,5.1886e-07,9999,1,1,546.88,4.6387,0.20845,0,0,0,0,0,0,0,0,1,0.72594,0.94124,-0.1723,0,0,0,0,0,10,0.20222,5.1886e-07,9999,1,546.88,4.6387,0.20845,0.72594,0.94124,-0.1723,5,0.023167,1.2797,-1,0.7678,0.89874,-1,-0.90122,-0.0032515,0,0,0,0,0,0,0,0
0,0,0,0,0,0,0,0,2.2755,0,-0.073388,-1,-0.95407,-0.11702,0.00069971,0,0,0,1.9359,-2.2755,-0.98826,-0.92573,2.7971,1.5674,0.53747,0,0,0,0,0,0,0,0,0,0,0,0,0,0,0,0,0,0,0,0,0,0,0,0,0,0,0,0,0,0,0,0,0,0,0,0,0,0,0.0029921,2.2755,-1,0.98826,0,0,0,0,0,0,0,0,0,0,0,0
0,0,0,0,0,0,0,0,0.35741,0.5202,-0.0031764,1,-0.0029023,3.2062e-05,0,0,0,0,0.42626,999,999,999,0.51361,0.51681,0,0,0,0,0,0,0,0,0,0,0,0,0,0,0,0,0,0,0,0,0,0,0,0,0,0,0,0,0,0,0,0,0,0,0,0,0,0,0,0,0,0,0,0,0,0,0,0,0,0,0,0,0,0,0
0,0,0,0,0,0,0,0,0.84597,1.3265,-0.21639,-1,-0.03967,-0.00058107,0.00019274,2,0,0,1.0712,999,999,999,0.90636,0.53105,0.21989,0.98898,0.11886,4.3369e-07,9999,0,1,947.27,3.6621,0.16848,0,0,0,0,0,0,0,0,1,999,999,999,0,0,0,0,0,10,0.2272,5.0058e-06,9999,1,493.16,4.1504,0.33895,0.84597,0.74965,-0.92745,5,0.0088045,0.84597,-1,0.74965,0.94079,-1,-0.03967,-0.88984,0,0,0,0,0,0,0,0
0,0,0,0,1.2358,0.30593,-0.78092,-1,0.96293,0.25281,-0.45952,1,-0.092841,0.00023322,0,0,0,0,1.152,999,999,999,1.8607,0.73407,0,0,0,0,0,0,0,0,0,0,0,0,0,0,0,0,0,0,0,0,0,0,0,0,0,0,0,0,0,0,0,0,0,0,0,0,0,0,0,0.0014813,1.2358,-1,0.81428,0,0,0,0,0,0,0,0,0,0,0,0
0,0,0,0,0,0,0,0,0.91583,0.10162,-0.88296,-1,-7.3038e-05,6.4818e-05,0,1,0,0,0.84963,999,999,999,0.66302,0.65397,0,0,0,0,0,0,0,0,0,0,0,0,0,0,0,0,0,0,0,0,0,0,0,0,0,0,0,0,0,0,0,0,0,0,0,0,0,0,0,0.0067236,0.91583,-1,0.82154,0,0,0,0,0,0,0,0,0,0,0,1
0,0,0,0,0,0,0,0,0.89107,0.57372,-0.92331,1,0.085989,4.2666e-05,-6.5099e-07,0,0,0,0.81547,999,999,999,0.6611,0.56111,0.24985,0,0,0,0,0,0,0,0,0,0,0,0,0,0,0,0,0,0,0,0,0,0,0,0,0,0,0,0,0,0,0,0,0,0,0,0,0,0,0.00091746,0.89107,1,0.90217,0,0,0,0,0,0,0,0,0,0,0,1
0,0,0,0,0,0,0,0,0.34972,0.57655,-0.45204,1,-0.99888,-1.3762e-05,1.3239e-05,3,1,0.49792,0.55907,999,999,999,0.47544,0.42289,0.41932,0.073991,0.05629,3.2591e-07,9999,0,1,222.17,13.086,0.082293,0,0,0,0,0,0,0,0,1,999,999,999,0,0,0,0,0,0,0,0,0,0,0,0,0,0,0,0,0,0,0,0,0,0.29633,-1,-0.99888,-0.65765,0,0,0,0,0,0,0,0
0,0,0,0,0,0,0,0,0.49927,0.89397,-0.69082,1,-1.0172e-05,-7.7973e-06,7.4496e-06,2,0,0,0.7079,999,999,999,0.39599,0.37385,0.48664,0.43685,0.068162,1.2979e-06,9999,0,1,0,7.3242,0.14074,0,0,0,0,0,0,0,0,1,999,999,999,0,0,0,0,0,0,0,0,0,0,0,0,0,0,0,0,0,0,0,0,0,0.63673,-1,-1.2196e-06,-0.63301,0,0,0,0,0,0,0,1
0,0,0,0,0,0,0,0,0.71898,0.35965,0.92609,1,0.073642,0.014248,5.5633e-07,1,0,0,0.53349,999,999,999,1.1571,1.1299,0.22209,0,0,0,0,0,0,0,0,0,0,0,0,0,0,0,0,0,0,0,0,0,0,0,0,0,0,0,0,0,0,0,0,0,0,0,0,0,0,0.024354,0.71898,1,0.98975,0,0,0,0,0,0,0,0,0,0,0,1
0,0,0,0,0,0,0,0,1.2516,0.05755,-0.67856,-1,-0.27861,-0.043675,1.6394e-05,0,0,0,1.3786,-1.2516,0.94121,-0.66229,0.83826,1.6918,0.4396,0,0,0,0,0,0,0,0,0,0,0,0,0,0,0,0,0,0,0,0,0,0,0,0,0,0,0,0,0,0,0,0,0,0,0,0,0,0,0.0074103,1.2516,-1,0.94121,0,0,0,0,0,0,0,0,0,0,0,1
0,0,0,0,0,0,0,0,0.49601,0.68822,-0.7678,-1,-0.014806,-3.9597e-05,2.4687e-05,2,1,0.49719,0.69706,999,999,999,0.9132,0.54772,0.48339,0.96199,0.12659,4.8872e-07,9999,1,1,664.06,6.4453,0.19596,0,0,0,0,0,0,0,0,1,999,999,999,0,0,0,0,0,0,0,0,0,0,0,0,0,0,0,0,0,0.00097583,0.56153,-1,0.53428,0.88633,-1,-3.9597e-05,-0.83716,0,0,0,0,0,0,0,1
0.7986,0.22841,-0.26034,-1,0,0,0,0,0.64432,0.4983,-0.44054,1,0.26148,-0.00029905,0,0,1,0.49913,0.78689,999,999,999,1.0138,0.65733,0,0,0,0,0,0,0,0,0,0,0,0,0,0,0,0,0,0,0,0,0,0,0,0,0,0,0,0,0,0,0,0,0,0,0,0,0,0,0,0.0036335,0.7986,-1,0.91708,0,0,0,0,0.7986,0.22841,-0.26034,-1,1,0.0036335,0.91708,0
0,0,0,0,0,0,0,0,0.73246,0,-0.78673,1,2.219e-05,2.403e-06,-4.3602e-07,1,0,0,0.46461,999,999,999,0.47127,0.28355,0.16979,0.22305,0.15187,4.1569e-07,9999,1,1,771.48,6.3477,0.15776,0,0,0,0,0,0,0,0,1,999,999,999,0,0,0,0,0,0,0,0,0,0,0,0,0,0,0,0,0,0.023244,0.73246,1,0.91972,0,0,0,0,0,0,0,0,0,0,0,0
0.48073,2.08,-0.86326,-1,0,0,0,0,0.39409,1.9197,-0.98141,-1,-0.00052701,1.6965e-05,-1.3998e-05,1,0,0,0.88155,999,999,999,0.51174,0.443,0.42448,0.27279,0.082712,1.22e-06,9999,0,1,0,24.805,0.075957,0,0,0,0,0,0,0,0,1,999,999,999,0,0,0,0,0,0,0,0,0,0,0,0,0,0,0,0,0,0,0,0,0,0.98097,1,1.22e-06,0.0015101,0.48073,2.08,-0.86326,-1,1,0.019297,0.83475,1
0,0,0,0,0,0,0,0,0.81922,0.96383,0.76885,1,-0.44795,-0.087178,0.00074835,0,0,0,1.0764,-0.64468,-0.3885,-0.014225,0.94124,0.85197,0.81353,0.56104,0.19902,4.065e-07,9999,1,1,839.84,6.8359,0.15187,0,0,0,0,0,0,0,0,1,0.64468,0.3885,-0.41426,0,0,0,0,0,10,0.19902,4.065e-07,9999,1,839.84,6.8359,0.15187,0.64468,0.3885,-0.41426,0,0.0035648,0.81922,1,0.65016,-0.011518,-1,-0.44795,-0.0064809,0,0,0,0,0,0,0,1
0,0,0,0,0,0,0,0,0.76953,0.50052,0.84137,1,0.72726,-0.017005,0.0054136,1,0,0,1.391,999,999,999,1.0083,1.1792,0.42615,0.58306,0.19831,6.1997e-07,9999,0,1,566.41,5.3711,0.24162,0,0,0,0,0,0,0,0,1,999,999,999,0,0,0,0,0,0,0,0,0,0,0,0,0,0,0,0,0,0.02914,1.1104,-1,0.89656,0.85964,-1,-8.8224e-06,-0.0076694,0,0,0,0,0,0,0,1
0,0,0,0,0,0,0,0,0.86086,0.97253,-0.88748,1,0.89505,0.070144,-5.3303e-07,1,0,0,0.95892,0.86086,-0.94761,-0.57386,0.69261,1.0432,0.21383,0.55506,0.085409,3.5416e-07,9999,0,-1,1992.2,13.867,0.11128,0,0,0,0,0,0,0,0,1,999,999,999,0,0,0,0,0,10,0.23007,4.3046e-07,9999,-1,712.89,5.0781,0.16663,0.86086,0.94761,-0.74533,-0,0.0043845,0.86086,1,0.94761,-0.34162,1,0.89505,0.63031,0,0,0,0,0,0,0,1
0,0,0,0,0,0,0,0,0.7904,0.48108,-0.96094,1,0.85849,-0.0021774,7.9342e-05,1,0,0,1.0586,0.7904,-0.84177,-0.0062257,0.80722,0.49734,0.7248,0.93268,0.080174,3.4351e-07,9999,1,-1,463.87,12.109,0.10111,0,0,0,0,0,0,0,0,1,0.56043,0.9739,-0.98929,0,0,0,0,0,10,0.18577,6.5014e-07,9999,-1,541.99,5.1758,0.24963,0.56433,0.51614,-0.4734,-0,0.0020163,0.7904,1,0.84177,0.17255,1,0.85849,0.80814,0,0,0,0,0,0,0,0
0,0,0,0,0,0,0,0,0.33959,0.89584,0.61688,1,0.91651,0.76373,-2.5702e-05,1,0,0,0.74453,999,999,999,0.5957,0.11915,0.48826,0.99497,0.18293,5.7772e-07,9999,1,-1,537.11,4.4434,0.2291,0,0,0,0,0,0,0,0,1,0.52087,0.86438,-0.84763,0,0,0,0,0,10,0.19946,7.0495e-07,9999,-1,478.52,4.0527,0.2626,0.52087,0.86438,-0.34822,-0,0.017676,0.52087,1,0.86438,0.26343,1,0.76373,0.83217,0,0,0,0,0,0,0,1
0,0,0,0,0,0,0,0,0.73171,0.18393,0.70893,-1,-0.15832,-5.5268e-05,1.6975e-05,0,0,0,0.86533,-0.54414,0.92828,-0.57701,1.1607,0.60659,0.44305,0.74141,0.16224,5.4535e-07,9999,1,-1,590.82,4.2969,0.21828,0,0,0,0,0,0,0,0,1,999,999,999,0,0,0,0,0,10,0.16897,3.8471e-07,9999,1,1015.6,6.6406,0.13659,0.73171,0.58829,-0.76906,5,0.014395,0.73171,-1,0.58829,0.7989,-1,-5.5268e-05,-0.06415,0,0,0,0,0,0,0,0
0,0,0,0,0,0,0,0,1.4401,0.52789,-0.54521,-1,-0.085242,0.0012191,0.00058767,2,1,0.49915,1.5531,999,999,999,1.2482,0.44417,1.392,0.87783,0.13993,3.9742e-07,9999,0,1,820.31,6.3477,0.14574,0,1,0,0,0,0,0,0,1,999,999,999,0,0,0,0,0,10,0.21683,1.4376e-06,9999,-1,517.58,4.0527,0.35195,0.9996,0.92823,-0.010476,-4,0.018069,1.4401,-1,0.98363,0.89432,-1,-0.085242,-0.62636,0,0,0,0,0,0,0,1
0,0,0,0,0,0,0,0,0.86648,0.037866,-0.98205,1,0.084814,0,0,0,0,0,0.70365,999,999,999,1.262,0,0,0,0,0,0,0,0,0,0,0,0,0,0,0,0,0,0,0,0,0,0,0,0,0,0,0,0,0,0,0,0,0,0,0,0,0,0,0,0,0.010762,0.86648,1,0.98923,0,0,0,0,0,0,0,0,0,0,0,0
0,0,0,0,0,0,0,0,0.63143,1.3657,-0.77394,1,-0.00014594,1.0927e-05,6.6817e-06,0,0,0,0.87044,999,999,999,0.79178,0.40217,0.47904,0.79716,0.12859,5.2898e-07,9999,1,-1,581.05,4.6387,0.21232,0,0,0,0,0,0,0,0,1,0.63143,0.95023,-0.8019,0,0,0,0,0,10,0.12859,5.2898e-07,9999,-1,581.05,4.6387,0.21232,0.63143,0.95023,-0.8019,-0,0.0079536,0.63143,1,0.95023,0.66219,1,6.6817e-06,0.38729,0,0,0,0,0,0,0,0
0,0,0,0,0,0,0,0,0.78861,0.51252,-0.79175,-1,-0.96561,4.3443e-06,0,0,0,0,0.81247,999,999,999,0.99512,0.44784,0,0,0,0,0,0,0,0,0,0,0,0,0,0,0,0,0,0,0,0,0,0,0,0,0,0,0,0,0,0,0,0,0,0,0,0,0,0,0,0.0059037,0.78861,-1,0.69018,0,0,0,0,0,0,0,0,0,0,0,0
0,0,0,0,0,0,0,0,1.2528,0.34809,-0.95947,-1,0.92225,-0.036989,-0.0063504,1,0,0,1.3025,999,999,999,1.2314,1.5096,0.82075,0.72191,0.10807,4.3473e-07,9999,1,1,712.89,7.4219,0.16906,0,0,0,0,0,0,0,0,1,1.2528,0.97169,-0.68096,0,0,0,0,0,10,0.11488,1.8024e-06,9999,1,0,4.1992,0.20809,1.2528,0.97169,-0.37776,0,0.017494,1.2528,-1,0.97169,-0.68096,-1,-0.036989,-0.59311,0,0,0,0,0,0,0,1
0.8503,0.63228,-0.49247,1,0,0,0,0,0.41546,0.061315,0.79433,-1,0.014381,0.00043711,-1.0604e-05,1,1,0.49669,0.98756,999,999,999,0.82189,0.63282,0.39957,0.96154,0.10531,1.561e-06,9999,1,-1,0,4.5898,0.18466,0,0,0,0,0,0,0,0,1,0.8503,0.70866,-0.49791,0,0,0,0,0,10,0.10531,1.561e-06,9999,-1,0,4.5898,0.18466,0.8503,0.70866,-0.49791,-2,0.026012,0.8503,1,0.70866,0.9898,1,0.00043711,0.84455,0.8503,0.63228,-0.49247,1,1,0.026012,0.70866,1
0,0,0,0,1.3222,0.21837,-0.65269,1,0.93876,0.2225,-0.16607,1,0.96852,0.00074608,-1.2721e-06,1,0,0,1.3489,1.3222,-0.92426,-0.63681,1.0496,1.0131,0.052868,0.83306,0.083521,1.2721e-06,9999,0,-1,0,7.3242,0.052868,0,0,0,0,0,0,0,0,1,0.93876,0.88289,-0.51757,0,0,0,0,0,10,0.083521,1.2721e-06,9999,-1,0,7.3242,0.052868,0.93876,0.88289,-0.51757,-8,0.015888,1.3222,1,0.92426,0.95591,1,0.96852,0.55499,0,0,0,0,0,0,0,1
0,0,0,0,0,0,0,0,1.1723,1.0356,-0.88479,1,-0.1181,-0.059332,0.00020731,0,0,0,1.7121,-0.94051,0.8701,-0.79691,1.2317,1.0924,0.85855,0.65243,0.13116,4.1741e-07,9999,1,1,732.42,7.0312,0.15883,0,0,0,0,0,0,0,0,1,0.94051,0.8701,-0.31231,0,0,0,0,0,10,0.13116,4.1741e-07,9999,1,732.42,7.0312,0.15883,0.94051,0.8701,-0.31231,0,0.0011389,1.1723,1,0.90431,0.547,-1,-0.1181,-0.3604,0,0,0,0,0,0,0,0
0,0,0,0,0,0,0,0,1.0881,0.62152,-0.94803,1,0.78891,0.13987,-2.7906e-05,3,0,0,0.77399,1.0881,0.91904,-0.99963,0.14636,1.7589,0.49846,0.7726,0.080241,3.4858e-07,9999,0,-1,605.47,3.9551,0.10606,0,0,0,0,0,0,0,0,1,1.0881,0.91904,-0.46864,0,0,0,0,0,10,0.080241,3.4858e-07,9999,-1,605.47,3.9551,0.10606,1.0881,0.91904,-0.46864,-0,0.0035598,1.0881,1,0.91904,0.47537,1,0.78891,0.71808,0,0,0,0,0,0,0,1
0,0,0,0,0,0,0,0,0.72207,0.79224,-0.90839,1,-0.99986,0.93456,-0.00023262,3,1,0.49662,0.72648,999,999,999,0.35829,0.38226,0.26296,0,0,0,0,0,0,0,0,0,0,0,0,0,0,0,0,0,0,0,0,0,0,0,0,0,0,0,0,0,0,0,0,0,0,0,0,0,0,0.0089647,0.72207,1,0.84438,0,0,0,0,0,0,0,0,0,0,0,0
0,0,0,0,0,0,0,0,1.3745,0.39683,-0.59149,1,-0.83859,0.025868,5.4621e-06,1,0,0,1.6263,999,999,999,0.90483,1.3408,0.34568,0.80938,0.21593,1.4589e-06,9999,1,1,424.8,3.6621,0.35346,0,0,0,0,0,0,0,0,1,0.82678,0.41647,-0.40215,0,0,0,0,0,10,0.21593,1.4589e-06,9999,1,424.8,3.6621,0.35346,0.82678,0.41647,-0.40215,6,0.0058155,1.3745,1,0.87715,-0.40215,-1,-0.83859,-0.016438,0,0,0,0,0,0,0,0
0,0,0,0,0.93159,1.6437,-0.94851,-1,0.94475,0.19655,0.68414,-1,0.99444,-0.94073,-0.018429,2,1,0.49904,1.331,999,999,999,0.61443,0.32912,1.3823,0.9463,0.1384,3.7948e-07,9999,1,1,888.67,7.4219,0.13262,1,0,-0.74986,-5.352,0.13973,0.0057101,0.16258,0.02549,1,0.93159,0.81739,-0.95948,0,0,0,0,0,10,0.2001,8.7479e-07,9999,1,502.93,3.8574,0.2937,0.94475,0.95807,-0.016544,8,0.0069327,0.94475,-1,0.95807,-0.73477,-1,-0.94073,-0.78948,0,0,0,0,0,0,0,0
0,0,0,0,0,0,0,0,0.4216,1.3253,-0.88243,1,-0.95814,-0.012552,0.00010567,2,0,0,1.0108,-0.57178,0.34422,-0.49738,0.29203,0.91053,0.65902,0.95483,0.12862,1.2108e-06,9999,0,1,0,17.969,0.086322,0,0,0,0,0,0,0,0,1,0.57178,0.34422,-0.16573,0,0,0,0,0,10,0.12862,1.2108e-06,9999,1,0,17.969,0.086322,0.57178,0.34422,-0.16573,2,0.0071838,0.8317,1,0.69069,0.72331,-1,-0.95814,-0.82088,0,0,0,0,0,0,0,0
0,0,0,0,0,0,0,0,1.3408,0.42225,-0.86566,1,0.2662,-0.00046852,-7.0216e-05,1,0,0,1.1178,999,999,999,1.9924,0.35413,0.68441,0.59002,0.16917,5.7607e-07,9999,1,-1,571.29,3.8574,0.22858,0,0,0,0,0,0,0,0,1,1.3408,0.98989,-0.66742,0,0,0,0,0,10,0.16917,5.7607e-07,9999,-1,571.29,3.8574,0.22858,1.3408,0.98989,-0.66742,-0,0.013186,1.3408,1,0.98989,-0.66742,1,0.2662,0.062238,0,0,0,0,0,0,0,1
0,0,0,0,1.0375,1.455,-0.984,1,0.48977,0.84777,-0.62385,1,0.93698,0.0019774,0.00072597,2,0,0,0.93394,1.0375,0.64841,-0.17817,0.45488,1.6066,0.77372,0.26689,0.14616,5.6197e-07,9999,1,-1,556.64,4.6387,0.22399,0,0,0,0,0,0,0,0,1,1.0375,0.64841,-0.34072,0,0,0,0,0,10,0.14616,5.6197e-07,9999,-1,556.64,4.6387,0.22399,1.0375,0.64841,-0.34072,-2,0.0070585,1.0375,1,0.64841,0.6333,1,0.93698,0.096397,0,0,0,0,0,0,0,1
0,0,0,0,0,0,0,0,0.80092,0.98515,-0.78198,1,-0.00078992,7.2411e-05,-6.3097e-05,0,0,0,1.1134,999,999,999,0.84039,0.68406,0.64847,0.80672,0.21133,5.4927e-07,9999,1,1,541.99,4.5898,0.21966,0,0,0,0,0,0,0,0,1,0.76562,0.93969,-0.69101,0,0,0,0,0,10,0.21133,5.4927e-07,9999,1,541.99,4.5898,0.21966,0.76562,0.93969,-0.69101,0,0.0041193,0.80092,1,0.85156,-0.69101,-1,-0.00078992,-0.022845,0,0,0,0,0,0,0,0
0,0,0,0,0,0,0,0,0.087175,0.30958,0.20046,-1,1.1579e-05,7.3333e-06,-1.3039e-06,0,0,0,0.55873,999,999,999,0.40726,0.36889,0.14229,0.93694,0.11468,3.471e-07,9999,0,-1,2285.2,14.453,0.10463,0,0,0,0,0,0,0,0,1,999,999,999,0,0,0,0,0,0,0,0,0,0,0,0,0,0,0,0,0,0,0,0,0,0.7621,1,1.1579e-05,0.79871,0,0,0,0,0,0,0,0
0.81907,0,-0.28333,-1,0,0,0,0,2.0017,0,-0.71618,-1,-0.41688,-0.00072679,1.5445e-05,0,0,0,1.4628,-2.0017,0.89057,-0.45126,0.71394,3.2038,0.4338,0,0,0,0,0,0,0,0,0,0,0,0,0,0,0,0,0,0,0,0,0,0,0,0,0,0,0,0,0,0,0,0,0,0,0,0,0,0,0.010953,2.0017,-1,0.89057,0,0,0,0,0.81907,0,-0.28333,-1,1,0.010305,0.79654,0
0,0,0,0,0,0,0,0,1.4331,1.0174,-0.9015,-1,0.99995,-0.058843,1.6534e-06,0,0,0,1.3902,999,999,999,0.28052,1.3844,0.19466,0.97661,0.19037,4.6442e-07,9999,0,-1,693.36,4.541,0.18468,0,0,0,0,0,0,0,0,1,999,999,999,0,0,0,0,0,10,0.10164,1.6534e-06,9999,1,0,4.4922,0.19466,1.4331,0.97861,-0.24864,6,8.7707e-05,1.4331,-1,0.97861,-0.055993,1,0.99995,0.70965,0,0,0,0,0,0,0,1
0,0,0,0,0,0,0,0,1.5932,0.066034,0.14764,1,0.14225,-0.00050094,3.3436e-06,1,0,0,1.6158,999,999,999,1.9813,0.59592,0.30256,0,0,0,0,0,0,0,0,0,0,0,0,0,0,0,0,0,0,0,0,0,0,0,0,0,0,0,0,0,0,0,0,0,0,0,0,0,0,0.0044022,1.5932,1,0.98968,0,0,0,0,0,0,0,0,0,0,0,0
1.0337,0.13284,-0.81085,-1,0,0,0,0,0.66196,0.32235,-0.45622,1,-0.067987,0.00030393,1.6381e-05,1,0,0,1.0999,999,999,999,1.1625,0.3039,0.43953,0.58648,0.20783,0.00030393,9999,0,1,625,0,0.3039,0,0,0,0,0,0,0,0,1,1.0337,0.90482,-0.63064,0,0,0,0,0,10,0.20783,0.00030393,9999,1,625,0,0.3039,1.0337,0.90482,-0.63064,21,0.0017544,1.0337,-1,0.90482,-0.63064,-1,-0.067987,-0.0035201,0.20783,0.11452,0.50273,1,2,0.15914,0.58648,1
0,0,0,0,0,0,0,0,0.37225,1.4079,0.53144,-1,-0.00012986,0,0,0,0,0,0.33219,999,999,999,0.33414,0,0,0,0,0,0,0,0,0,0,0,0,0,0,0,0,0,0,0,0,0,0,0,0,0,0,0,0,0,0,0,0,0,0,0,0,0,0,0,0,0,0,0,0,0,0,0,0,0,0,0,0,0,0,0,0
0,0,0,0,0.70538,0,-0.51826,1,1.1671,0,-0.95758,1,0.92791,0.00098787,-6.7432e-05,1,0,0,1.4545,999,999,999,1.3598,0.98573,0.66483,0.89393,0.08192,1.2892e-06,9999,0,-1,0,7.0312,0.13837,0,0,0,0,0,0,0,0,1,999,999,999,0,0,0,0,0,0,0,0,0,0,0,0,0,0,0,0,0,0.0071338,1.1671,1,0.97607,0.95365,1,0.92791,0.76879,0,0,0,0,0,0,0,1
0,0,0,0,0,0,0,0,0.57925,1.3359,-0.84107,-1,-0.00019638,-0.00014465,1.7865e-05,2,0,0,1.0553,-0.68642,-0.84329,-0.38615,0.69116,0.753,0.4482,0.57806,0.099173,3.6284e-07,9999,0,1,1425.8,9.2773,0.11902,0,0,0,0,0,0,0,0,1,0.57925,0.75893,-0.93649,0,0,0,0,0,10,0.099173,3.6284e-07,9999,1,1425.8,9.2773,0.11902,0.57925,0.75893,-0.93649,5,0.023234,0.68642,-1,0.84329,0.85609,-1,-2.9631e-06,-0.55335,0,0,0,0,0,0,0,0
0,0,0,0,1.0805,0.26026,0.58302,-1,1.0167,1.4496,-0.96937,-1,-0.9935,-0.047861,8.5539e-05,0,0,0,1.4186,-1.0805,0.93672,-0.36627,0.62269,1.4676,0.76877,0,0,0,0,0,0,0,0,0,0,0,0,0,0,0,0,0,0,0,0,0,0,0,0,0,0,0,0,0,0,0,0,0,0,0,0,0,0,0.013305,1.0805,-1,0.93672,0,0,0,0,0,0,0,0,0,0,0,0
0,0,0,0,0,0,0,0,0.88038,0.33147,-0.82454,1,0.023659,-0.0015048,4.6256e-06,0,0,0,0.89123,999,999,999,1.3208,0.73379,0.33291,0.66805,0.09366,3.7207e-07,9999,1,-1,976.56,7.8125,0.12675,0,0,0,0,0,0,0,0,1,999,999,999,0,0,0,0,0,10,0.21527,3.8366e-07,9999,-1,908.2,8.8867,0.13581,0.88038,0.91604,-0.41945,-0,0.011927,0.88038,1,0.91604,0.64641,1,0.023659,0.63929,0,0,0,0,0,0,0,1
0,0,0,0,0,0,0,0,0.776,0.64077,-0.9667,-1,-0.00024355,-0.00017445,-0.00012718,1,0,0,0.96193,-0.59017,-0.37044,-0.23101,0.73277,0.1472,0.87053,0,0,0,0,0,0,0,0,0,0,0,0,0,0,0,0,0,0,0,0,0,0,0,0,0,0,0,0,0,0,0,0,0,0,0,0,0,0,0.035462,0.776,-1,0.62084,0,0,0,0,0,0,0,0,0,0,0,1
0.40062,1.3101,0.35934,1,1.7709,0.47477,-0.98182,-1,0,0,0,0,-0.0069809,0.00050156,0,0,0,0,1.7826,999,999,999,2.0473,0.59892,0,0,0,0,0,0,0,0,0,0,0,0,0,0,0,0,0,0,0,0,0,0,0,0,0,0,0,0,0,0,0,0,0,0,0,0,0,0,0,0.010104,1.7709,-1,0.96083,0,0,0,0,0.40062,1.3101,0.35934,1,1,0.012298,0.6684,0
0,0,0,0,0,0,0,0,0.51736,1.1123,-0.094339,-1,-0.96762,0.0011855,-1.4268e-05,0,0,0,0.78374,999,999,999,0.7583,0.76786,0.42627,0.77904,0.11631,1.2979e-06,9999,1,1,0,8.0078,0.14074,0,0,0,0,0,0,0,0,1,999,999,999,0,0,0,0,0,10,0.20956,9.6099e-07,9999,1,507.81,3.6621,0.30595,0.51736,0.40189,-0.72298,6,0.022638,0.51736,-1,0.40189,0.87804,-1,-0.96762,-0.59632,0,0,0,0,0,0,0,0
0,0,0,0,0,0,0,0,0.55996,0.27582,0.72077,-1,-0.99948,0.50062,0.0041042,0,0,0,0.64265,999,999,999,0.42772,0.76173,0.56264,0,0,0,0,0,0,0,0,0,0,0,0,0,0,0,0,0,0,0,0,0,0,0,0,0,0,0,0,0,0,0,0,0,0,0,0,0,0,0.0034241,0.55996,-1,0.90286,0,0,0,0,0,0,0,0,0,0,0,1
0,0,0,0,0,0,0,0,0.57,0.38168,-0.85632,1,0.90691,0.00018143,-0.00017735,1,1,0.4981,0.60013,999,999,999,0.28773,0.1139,0.18347,0.97118,0.12361,5.481e-07,9999,1,-1,625,5.0781,0.21925,0,0,0,0,0,0,0,0,1,0.57,0.97915,-0.91244,0,0,0,0,0,10,0.13652,0.00017735,9999,-1,634.77,0,0.18347,0.57,0.97915,-0.25,-6,0.00077344,0.50295,-1,0.80563,-0.91244,1,0.90691,0.85676,0,0,0,0,0,0,0,1
0,0,0,0,0,0,0,0,1.9157,0.057393,-0.94098,-1,-0.0018451,-0.00050507,-1.2415e-05,1,1,0.49791,2.0217,-0.58292,-0.97791,-0.96558,2.4586,0.59275,0.52119,0.98256,0.07599,3.4127e-07,9999,1,1,1796.9,15.82,0.098859,0,0,0,0,0,0,0,0,1,1.9157,0.99824,-0.97099,0,0,0,0,0,10,0.07599,3.4127e-07,9999,1,1796.9,15.82,0.098859,1.9157,0.99824,-0.97099,2,0.0045406,1.9157,-1,0.99824,0.99961,-1,-0.00050507,-0.87238,0,0,0,0,0,0,0,0
0,0,0,0,0,0,0,0,0.78453,0.9698,-0.79431,1,-0.99819,0.95952,0.81493,1,0,0,1.1617,-0.52407,0.84916,-0.56145,0.50867,0.9608,0.17197,0,0,0,0,0,0,0,0,0,0,0,0,0,0,0,0,0,0,0,0,0,0,0,0,0,0,0,0,0,0,0,0,0,0,0,0,0,0,0.0084248,0.78453,1,0.76932,0,0,0,0,0,0,0,0,0,0,0,1
0,0,0,0,0,0,0,0,0.21124,1.4332,-0.86485,1,1.0437e-06,5.8482e-07,-3.7783e-07,0,1,0.50086,0.31627,999,999,999,0.31617,0.23132,0.13133,0.75105,0.21124,1.0437e-06,9999,1,1,483.4,3.5645,0.31617,0,1,0,0,0,0,0,0,1,999,999,999,0,0,0,0,0,0,0,0,0,0,0,0,0,0,0,0,0,0,0,0,0,-0.82306,1,1.0437e-06,0.00039398,0,0,0,0,0,0,0,1
0,0,0,0,0,0,0,0,0.75654,0,-0.96172,1,0.00071,3.7978e-07,0,0,0,0,0.76094,999,999,999,0.80249,0.13285,0,0.74963,0.20672,3.7978e-07,9999,1,1,908.2,6.4453,0.13285,0,0,0,0,0,0,0,0,1,999,999,999,0,0,0,0,0,0,0,0,0,0,0,0,0,0,0,0,0,0.010034,0.75654,1,0.96172,0,0,0,0,0,0,0,0,0,0,0,0
0,0,0,0,0,0,0,0,0.87346,0.076959,-0.85042,1,0.00011168,0,0,0,0,0,0.67134,999,999,999,0.68701,0,0,0,0,0,0,0,0,0,0,0,0,0,0,0,0,0,0,0,0,0,0,0,0,0,0,0,0,0,0,0,0,0,0,0,0,0,0,0,0,0.0098915,0.87346,1,0.97928,0,0,0,0,0,0,0,0,0,0,0,1
0,0,0,0,0,0,0,0,1.1625,0.93946,0.92334,-1,-0.9998,-0.95374,0.54426,0,0,0,1.3136,-1.1625,-0.91195,-0.1095,0.34522,1.0068,0.81983,0.99838,0.14874,5.9098e-07,9999,1,1,517.58,4.0039,0.23321,0,0,0,0,0,0,0,0,1,1.1625,0.91195,-0.9217,0,0,0,0,0,10,0.14874,5.9098e-07,9999,1,517.58,4.0039,0.23321,1.1625,0.91195,-0.9217,2,0.00078653,1.1625,-1,0.91195,0.47559,-1,-0.9998,-0.8988,0,0,0,0,0,0,0,0
0,0,0,0,0.55596,0.45943,-0.98174,1,0.32124,0.42892,0.76466,1,0.019273,0.00057975,2.4349e-06,2,0,0,0.50163,999,999,999,0.89601,0.27738,0.28454,0,0,0,0,0,0,0,0,0,0,0,0,0,0,0,0,0,0,0,0,0,0,0,0,0,0,0,0,0,0,0,0,0,0,0,0,0,0,0,0,0,0,0,0,0,0,0,0,0,0,0,0,0,1
0,0,0,0,0,0,0,0,0.53241,1.3719,-0.85253,-1,-0.0095885,-0.0075985,0.0063921,1,0,0,1.192,999,999,999,0.77801,0.69262,0.72724,0.96667,0.14655,4.9576e-07,9999,1,-1,634.77,4.2969,0.19902,0,0,0,0,0,0,0,0,1,0.62336,0.99306,-0.98224,0,0,0,0,0,10,0.14655,4.9576e-07,9999,-1,634.77,4.2969,0.19902,0.62336,0.99306,-0.98224,-0,0.020856,0.62135,-1,0.97887,0.6569,1,0.00056749,0.82752,0,0,0,0,0,0,0,0
0,0,0,0,0,0,0,0,0.38363,0.57195,0.72406,1,0.99994,-0.033341,-2.6879e-05,1,0,0,0.46371,999,999,999,0.31757,1.4893,0.57209,0.2793,0.075827,1.2528e-06,9999,1,-1,0,3.8574,0.059347,0,0,0,0,0,0,0,0,1,999,999,999,0,0,0,0,0,0,0,0,0,0,0,0,0,0,0,0,0,0,0,0,0,0.23182,1,0.99994,0.56348,0,0,0,0,0,0,0,1
0,0,0,0,0,0,0,0,0.82086,1.5758,-0.92975,1,-0.11682,0.0009373,2.1795e-05,4,1,0.49933,1.3472,999,999,999,1.0515,0.97681,0.46927,0.41468,0.13332,4.1142e-07,9999,1,1,810.55,6.2012,0.15506,0,0,0,0,0,0,0,0,1,0.89853,0.72607,-0.91994,0,0,0,0,0,10,0.13332,4.1142e-07,9999,1,810.55,6.2012,0.15506,0.89853,0.72607,-0.91994,6,0.0074366,0.82086,1,0.92403,0.83051,-1,-7.6732e-06,-0.21367,0,0,0,0,0,0,0,0
0,0,0,0,2.026,0.035351,-0.66987,1,0.64087,1.5913,-0.29365,1,0.97799,0.076837,-1.323e-06,0,0,0,2.0049,999,999,999,0.77525,1.9097,0.34318,0.8003,0.17803,6.5283e-07,9999,1,-1,498.05,4.1992,0.25031,0,0,0,0,0,0,0,0,1,2.026,0.91899,-0.52303,0,0,0,0,0,10,0.21169,1.323e-06,9999,-1,463.87,3.7109,0.34318,2.026,0.91899,-0.79553,-6,0.00053337,2.026,1,0.91899,0.3755,1,0.97799,0.0037071,0,0,0,0,0,0,0,1
0,0,0,0,0,0,0,0,0.46514,0.97561,-0.90994,1,0.98305,0.038868,-0.00048375,0,0,0,1.1168,0.58159,0.70522,-0.58415,0.70394,0.39568,0.51793,0.17024,0.22618,4.7717e-07,9999,1,-1,849.61,4.9316,0.19075,0,0,0,0,0,0,0,0,1,0.58159,0.70522,-0.7649,0,0,0,0,0,10,0.22618,4.7717e-07,9999,-1,849.61,4.9316,0.19075,0.58159,0.70522,-0.7649,-5,0.0059417,0.62253,-1,0.77887,-0.073187,1,0.98305,0.00022864,0,0,0,0,0,0,0,1
0,0,0,0,0,0,0,0,0.74624,1.3715,-0.66362,-1,-0.99666,0.96512,0.10415,0,0,0,1.4925,-0.74624,0.84375,-0.47425,0.56213,0.41046,1.1496,0.63463,0.13966,4.021e-07,9999,0,-1,810.55,5.1758,0.14895,0,0,0,0,0,0,0,0,1,1.0834,0.9587,-0.41082,0,0,0,0,0,10,0.13929,5.8908e-07,9999,1,449.22,5.3223,0.23264,0.74624,0.84375,-0.054044,4,0.0039353,1.0834,1,0.9587,0.88317,1,0.96512,0.27127,0,0,0,0,0,0,0,1
0,0,0,0,0,0,0,0,0.86338,0.31436,-0.8428,-1,-0.6199,1.3941e-06,0,0,0,0,0.55436,999,999,999,1.4401,0.24177,0,0,0,0,0,0,0,0,0,0,0,0,0,0,0,0,0,0,0,0,0,0,0,0,0,0,0,0,0,0,0,0,0,0,0,0,0,0,0,0.081746,0.86338,-1,0.84789,0,0,0,0,0,0,0,0,0,0,0,1
0,0,0,0,0,0,0,0,1.4688,0.81381,-0.64107,1,-0.13206,0.11334,-2.3153e-05,0,0,0,1.7539,999,999,999,1.1158,1.9464,0.5625,0.83381,0.16554,5.9809e-07,9999,1,-1,532.23,7.3242,0.23534,0,0,0,0,0,0,0,0,1,999,999,999,0,0,0,0,0,10,0.22814,4.1049e-07,9999,1,869.14,4.9316,0.15447,0.97949,0.99131,-0.2119,6,0.0044359,1.4688,1,0.96102,0.83409,1,0.11334,0.34372,0,0,0,0,0,0,0,0
0,0,0,0,0,0,0,0,0.87771,0,-0.42139,-1,-0.99077,9.3819e-05,2.801e-05,0,1,0.49944,0.95638,999,999,999,0.67648,0.69199,0.49893,0,0,0,0,0,0,0,0,0,0,0,0,0,0,0,0,0,0,0,0,0,0,0,0,0,0,0,0,0,0,0,0,0,0,0,0,0,0,0.01398,0.87771,-1,0.77704,0,0,0,0,0,0,0,0,0,0,0,0
0,0,0,0,0,0,0,0,1.0829,0.91007,0.17796,1,-0.99923,0.17773,0.14973,2,0,0,1.2049,999,999,999,0.45052,0.9636,1.6841,0.91478,0.15155,1.2487e-06,9999,1,-1,0,9.2773,0.12496,0,0,0,0,0,0,0,0,1,1.0829,0.95636,-0.9468,0,0,0,0,0,10,0.15155,1.2487e-06,9999,-1,0,9.2773,0.12496,1.0829,0.95636,-0.9468,-0,0.035511,1.0829,1,0.95636,-0.93673,1,0.17773,0.66765,0,0,0,0,0,0,0,1
0,0,0,0,0,0,0,0,1.0811,1.0942,-0.31518,1,0.96426,0.73887,-0.17932,0,0,0,1.5445,1.0811,0.86074,-0.64778,1.1899,1.1352,0.87336,0,0,0,0,0,0,0,0,0,0,0,0,0,0,0,0,0,0,0,0,0,0,0,0,0,0,0,0,0,0,0,0,0,0,0,0,0,0,0.00072781,1.0811,1,0.86074,0,0,0,0,0,0,0,0,0,0,0,0
0,0,0,0,0,0,0,0,0.83409,1.0434,-0.56975,-1,0.0098361,-0.0079514,2.9677e-05,4,0,0,0.98767,999,999,999,0.63549,1.0447,0.50639,0.47404,0.21657,2.4424e-06,9999,1,-1,541.99,3.8086,0.28477,0,0,0,0,0,0,0,0,1,999,999,999,0,0,0,0,0,0,0,0,0,0,0,0,0,0,0,0,0,0.0043357,0.83409,-1,0.86693,0.19157,1,0.0098361,0.001039,0,0,0,0,0,0,0,0
0,0,0,0,0.84887,1.6468,0.22145,-1,1.5494,1.0824,-0.85441,1,0.96287,-0.01828,0.017505,2,0,0,1.5571,999,999,999,2.3936,0.99671,0.64083,0,0,0,0,0,0,0,0,0,0,0,0,0,0,0,0,0,0,0,0,0,0,0,0,0,0,0,0,0,0,0,0,0,0,0,0,0,0,0.0050686,1.5494,1,0.97772,0,0,0,0,0,0,0,0,0,0,0,1
0,0,0,0,0,0,0,0,0.62844,0.96563,-0.72203,-1,0.97007,-0.96762,-4.284e-05,0,0,0,1.1042,999,999,999,0.87054,0.93368,0.5609,0.16546,0.23707,4.9671e-07,9999,1,1,615.23,5.2734,0.19942,0,0,0,0,0,0,0,0,1,0.62844,0.88485,-0.089628,0,0,0,0,0,10,0.23707,4.9671e-07,9999,1,615.23,5.2734,0.19942,0.62844,0.88485,-0.089628,5,0.0085473,0.75278,1,0.97875,-0.089628,-1,-0.96762,-0.00013186,0,0,0,0,0,0,0,0
0,0,0,0,0,0,0,0,0.53292,1.29,-0.24506,1,-0.99998,0.96523,-0.00042446,0,0,0,1.1271,-0.64362,0.91062,-0.4684,0.26255,0.81977,0.87773,0.6565,0.18215,5.8056e-07,9999,1,-1,732.42,4.834,0.23,0,0,0,0,0,0,0,0,1,0.56428,0.46036,-0.11366,0,0,0,0,0,10,0.18215,5.8056e-07,9999,-1,732.42,4.834,0.23,0.56428,0.46036,-0.11366,-0,0.0087568,0.64362,-1,0.91062,-0.87589,1,0.96523,0.039907,0,0,0,0,0,0,0,1
0.72886,0.038133,0.75706,-1,0,0,0,0,0.62813,0.16742,-0.39111,-1,-0.81807,-9.1048e-05,5.0158e-06,0,0,0,0.90648,-0.72886,0.97271,-0.78482,0.72039,1.1199,0.3391,0,0,0,0,0,0,0,0,0,0,0,0,0,0,0,0,0,0,0,0,0,0,0,0,0,0,0,0,0,0,0,0,0,0,0,0,0,0,0.011835,0.72886,-1,0.97271,0,0,0,0,0.72886,0.038133,0.75706,-1,1,0.011835,0.97271,0
0,0,0,0,0,0,0,0,1.1021,1.3625,-0.31285,1,0.054336,0.00013623,8.0711e-05,5,2,0.49625,1.3432,0.53083,-0.97886,-0.51091,1.6764,0.87282,0.64994,0.70108,0.18089,1.3119e-06,9999,0,-1,0,6.0547,0.1443,0,1,0,0,0,0,0,0,1,0.53083,0.97886,-0.79474,0,0,0,0,0,10,0.18089,1.3119e-06,9999,-1,0,6.0547,0.1443,0.53083,0.97886,-0.79474,-9,0.010462,1.1021,1,0.67217,0.66316,1,0.00013623,0.060174,0,0,0,0,0,0,0,0
0,0,0,0,0,0,0,0,0.64188,1.558,-0.45261,-1,-0.99985,0.90649,-0.001275,1,0,0,1.0015,-0.64188,-0.99813,-0.62961,0.31609,1.0558,0.70316,0.21858,0.12057,3.3739e-07,9999,1,-1,1699.2,12.207,0.094868,0,0,0,0,0,0,0,0,1,0.64771,0.75798,-0.39622,0,0,0,0,0,10,0.12057,3.3739e-07,9999,-1,1699.2,12.207,0.094868,0.64771,0.75798,-0.39622,-5,0.015554,0.64188,-1,0.99813,-0.39622,1,0.90649,0.25958,0,0,0,0,0,0,0,0
0,0,0,0,0,0,0,0,0.98116,0.69305,-0.97629,1,0.58298,-6.7496e-07,0,0,0,0,0.62934,999,999,999,1.6326,0.25574,0,0.62213,0.23436,6.7496e-07,9999,1,-1,576.17,4.0527,0.25574,0,0,0,0,0,0,0,0,1,999,999,999,0,0,0,0,0,0,0,0,0,0,0,0,0,0,0,0,0,0.0014323,0.98116,1,0.72684,0.16493,1,0.58298,0.0004391,0,0,0,0,0,0,0,1
0,0,0,0,0,0,0,0,0.76726,0.7515,0.15034,-1,-0.99988,-0.32663,3.4459e-05,0,0,0,0.86669,-0.76726,-0.32513,-0.4868,0.35169,1.2067,0.52704,0.6406,0.18674,5.8227e-07,9999,1,1,527.34,4.6875,0.23053,0,0,0,0,0,0,0,0,1,0.76726,0.32513,-0.63053,0,0,0,0,0,10,0.18674,5.8227e-07,9999,1,527.34,4.6875,0.23053,0.76726,0.32513,-0.63053,0,0.011314,0.76726,-1,0.32513,-0.11999,-1,-0.99988,-0.026188,0,0,0,0,0,0,0,0
0,0,0,0,0,0,0,0,0.20735,0.67879,0.78583,1,0.99982,1.9046e-05,-4.7072e-06,0,0,0,0.48425,999,999,999,0.34041,0.45479,0.33424,0.9261,0.20735,0.99982,9999,1,1,1308.6,11.523,0.34041,0,0,0,0,0,0,0,0,1,999,999,999,0,0,0,0,0,0,0,0,0,0,0,0,0,0,0,0,0,0,0,0,0,0.46979,-1,-4.7072e-06,-1.3332e-05,0,0,0,0,0,0,0,1
0,0,0,0,0,0,0,0,0.39645,0.32035,-0.073214,1,0.98532,-0.16926,-3.9758e-06,2,0,0,0.47836,999,999,999,0.6539,1.045,0.32142,0.55985,0.24963,4.9356e-07,9999,1,1,620.12,4.4434,0.19807,0,0,0,0,0,0,0,0,1,999,999,999,0,0,0,0,0,0,0,0,0,0,0,0,0,0,0,0,0,0.0051259,0.50581,-1,0.48674,0.85886,-1,-3.9758e-06,-0.00010209,0,0,0,0,0,0,0,1
0,0,0,0,0,0,0,0,0.85643,1.2954,-0.95405,1,-0.0041902,0.00025317,4.4238e-05,0,0,0,1.1162,999,999,999,0.94047,0.92573,0.56761,0.38365,0.22198,6.2944e-07,9999,1,-1,537.11,3.9062,0.24421,0,0,0,0,0,0,0,0,1,999,999,999,0,0,0,0,0,0,0,0,0,0,0,0,0,0,0,0,0,0.009643,0.85643,1,0.87573,0.89261,1,4.4238e-05,0.00051465,0,0,0,0,0,0,0,0
1.9055,0.12918,-0.9055,-1,0,0,0,0,0.15889,0.90508,-0.55296,1,-7.0065e-05,7.5567e-07,0,0,0,0,1.3438,999,999,999,2.9072,0.27312,0,0.068848,0.15889,7.5567e-07,9999,1,1,537.11,3.6133,0.27312,0,0,0,0,0,0,0,0,1,999,999,999,0,0,0,0,0,0,0,0,0,0,0,0,0,0,0,0,0,0.0066255,1.9055,-1,0.99499,0.14844,-1,-7.0065e-05,-0.020015,0,0,0,0,0,0,0,0
0,0,0,0,0,0,0,0,0.67954,0.76777,-0.032413,1,0.89727,0.12809,-2.1913e-05,0,0,0,0.78072,0.67954,-0.42407,-0.37142,0.26988,1.0881,0.46987,0,0,0,0,0,0,0,0,0,0,0,0,0,0,0,0,0,0,0,0,0,0,0,0,0,0,0,0,0,0,0,0,0,0,0,0,0,0,0.021569,0.67954,1,0.42407,0,0,0,0,0,0,0,0,0,0,0,0
0,0,0,0,0,0,0,0,1.0673,1.0973,-0.0080782,1,0.99201,0.043575,-0.00011193,2,0,0,1.2456,999,999,999,0.42658,1.4036,0.73496,0.65799,0.081888,1.218e-06,9999,0,-1,0,3.6621,0.077543,0,0,0,0,0,0,0,0,1,999,999,999,0,0,0,0,0,10,0.14563,4.8413e-07,9999,-1,54.932,5.6641,0.19392,1.0673,0.95926,-0.91762,-0,0.0090887,0.62505,-1,0.91528,0.62448,1,0.99201,0.6914,0,0,0,0,0,0,0,1
0,0,0,0,2.0872,0,-0.9715,1,0.48723,0.075731,0.29857,1,-0.2783,0.00018828,1.3661e-05,3,1,0.50081,2.0616,999,999,999,1.2169,2.0876,0.4216,0,0,0,0,0,0,0,0,0,0,0,0,0,0,0,0,0,0,0,0,0,0,0,0,0,0,0,0,0,0,0,0,0,0,0,0,0,0,0.012389,2.0872,1,0.98394,0,0,0,0,0,0,0,0,0,0,0,1
0,0,0,0,0,0,0,0,0.41595,1.8656,-0.37313,1,-0.99902,0.00014591,4.2391e-05,1,0,0,0.60226,999,999,999,0.40374,0.54417,0.55914,0.37357,0.10565,1.6839e-06,9999,0,-1,0,3.6133,0.19764,0,0,0,0,0,0,0,0,1,999,999,999,0,0,0,0,0,0,0,0,0,0,0,0,0,0,0,0,0,0,0,0,0,-0.083613,-1,-0.99902,-0.0021305,0,0,0,0,0,0,0,0
0,0,0,0,0,0,0,0,1.1302,0.090227,-0.68529,1,-0.014786,0.004104,0,0,0,0,1.3037,999,999,999,1.3022,1.0418,0,0,0,0,0,0,0,0,0,0,0,0,0,0,0,0,0,0,0,0,0,0,0,0,0,0,0,0,0,0,0,0,0,0,0,0,0,0,0,0.020731,1.1302,1,0.88216,0,0,0,0,0,0,0,0,0,0,0,0
0,0,0,0,0,0,0,0,0.60637,0.44421,-0.47986,1,-0.99226,0.95884,-0.00027183,0,0,0,0.85318,999,999,999,0.64483,0.92545,0.8701,0,0,0,0,0,0,0,0,0,0,0,0,0,0,0,0,0,0,0,0,0,0,0,0,0,0,0,0,0,0,0,0,0,0,0,0,0,0,0.00089683,0.61995,-1,0.889,0,0,0,0,0,0,0,0,0,0,0,0
0,0,0,0,0,0,0,0,0.68236,0.3126,-0.83025,1,0.37308,-0.0002084,5.2997e-05,1,0,0,0.96125,0.68236,-0.90598,-0.0042898,0.4633,0.80084,0.59816,0,0,0,0,0,0,0,0,0,0,0,0,0,0,0,0,0,0,0,0,0,0,0,0,0,0,0,0,0,0,0,0,0,0,0,0,0,0,0.0040537,0.68236,1,0.90598,0,0,0,0,0,0,0,0,0,0,0,1
0,0,0,0,0,0,0,0,0.81179,0.93528,-0.54567,-1,-0.98946,0.052418,-0.0001226,0,0,0,1.562,-0.81179,-0.65376,-0.595,0.50694,1.3616,0.83974,0,0,0,0,0,0,0,0,0,0,0,0,0,0,0,0,0,0,0,0,0,0,0,0,0,0,0,0,0,0,0,0,0,0,0,0,0,0,0.01717,1.031,1,0.98536,0,0,0,0,0,0,0,0,0,0,0,0
0,0,0,0,1.9211,0.52696,-0.82586,-1,1.0817,0.44566,0.6739,1,-0.00048291,8.3133e-05,0,0,0,0,1.3518,999,999,999,3.02,0.75157,0,0,0,0,0,0,0,0,0,0,0,0,0,0,0,0,0,0,0,0,0,0,0,0,0,0,0,0,0,0,0,0,0,0,0,0,0,0,0,0.013758,1.9211,-1,0.99975,0,0,0,0,0,0,0,0,0,0,0,0
0,0,0,0,0,0,0,0,0.74979,0.84961,-0.77173,-1,0.93443,-0.91509,-6.7312e-05,1,1,0.49804,1.0412,999,999,999,0.94869,1.0609,0.63455,0.34693,0.073776,1.211e-06,9999,0,1,0,16.797,0.099566,0,0,0,0,0,0,0,0,1,999,999,999,0,0,0,0,0,0,0,0,0,0,0,0,0,0,0,0,0,0.024657,0.74979,-1,0.87156,0.095101,-1,-0.91509,-0.5902,0,0,0,0,0,0,0,1
0,0,0,0,0,0,0,0,1.9743,0.2106,-0.29095,-1,-0.99884,-0.70203,2.1574e-06,1,0,0,1.3456,-1.9743,0.9871,-0.95845,0.47769,3.1295,0.27541,0.94139,0.16237,3.7299e-07,9999,1,1,927.73,7.7148,0.1275,0,0,0,0,0,0,0,0,1,1.9743,0.9871,-0.95082,0,0,0,0,0,10,0.17678,3.5699e-07,9999,1,1738.3,10.352,0.11387,1.9743,0.9871,-0.94983,0,0.0049714,1.9743,-1,0.9871,0.90799,-1,-0.99884,-0.70726,0,0,0,0,0,0,0,0
0,0,0,0,0,0,0,0,0.4047,0.53584,-0.65314,-1,0.069054,-0.023013,-5.0799e-05,0,0,0,0.74783,999,999,999,1.0578,0.99233,0.5948,0,0,0,0,0,0,0,0,0,0,0,0,0,0,0,0,0,0,0,0,0,0,0,0,0,0,0,0,0,0,0,0,0,0,0,0,0,0,0.0485,0.67482,1,0.97819,0,0,0,0,0,0,0,0,0,0,0,0
0,0,0,0,0,0,0,0,1.1787,1.2425,0.15035,-1,1,-0.94317,-0.061899,0,0,0,1.5295,999,999,999,0.17449,0.89891,1.4805,0.8983,0.23449,7.0227e-07,9999,0,-1,546.88,4.0039,0.26201,0,0,0,0,0,0,0,0,1,999,999,999,0,0,0,0,0,10,0.2215,3.0753e-06,9999,1,0,5.957,0.27081,1.1787,0.9894,-0.86625,0,0.010866,1.1787,-1,0.9894,0.51571,1,1,0.02077,0,0,0,0,0,0,0,1
0,0,0,0,0,0,0,0,0.80713,0.70856,-0.063057,1,0.012951,-0.0019229,0.00017781,2,0,0,0.83748,999,999,999,1.1587,0.48566,0.18533,0.80942,0.17652,1.3224e-06,9999,1,1,0,4.8828,0.14679,0,0,0,0,0,0,0,0,1,999,999,999,0,0,0,0,0,0,0,0,0,0,0,0,0,0,0,0,0,0.011034,0.80713,1,0.94518,0.40754,-1,-2.1002e-06,-0.1957,0,0,0,0,0,0,0,1
0,0,0,0,0,0,0,0,0.72495,0.64753,0.29599,1,0.97383,0.00015688,4.9897e-05,1,0,0,1.1151,999,999,999,0.93122,0.96579,0.57562,0,0,0,0,0,0,0,0,0,0,0,0,0,0,0,0,0,0,0,0,0,0,0,0,0,0,0,0,0,0,0,0,0,0,0,0,0,0,0.019571,0.72495,1,0.98897,0,0,0,0,0,0,0,0,0,0,0,0
0,0,0,0,0,0,0,0,0.47604,0.052034,-0.63538,1,0.97104,-3.514e-05,2.4472e-05,3,0,0,0.53354,999,999,999,0.8856,0.45351,0.47897,0.98987,0.21759,1.0501e-05,9999,0,1,0,3.4668,0.3705,0,0,0,0,0,0,0,0,1,999,999,999,0,0,0,0,0,0,0,0,0,0,0,0,0,0,0,0,0,0,0,0,0,0.94157,-1,-3.514e-05,-0.001421,0,0,0,0,0,0,0,1
0,0,0,0,1.4941,0,-0.81991,-1,0.85883,0.49821,0.77551,-1,0.35221,-0.29644,-0.00025054,1,0,0,0.85366,999,999,999,0.83937,1.3835,0.96815,0,0,0,0,0,0,0,0,0,0,0,0,0,0,0,0,0,0,0,0,0,0,0,0,0,0,0,0,0,0,0,0,0,0,0,0,0,0,0.0038016,1.4941,-1,0.99778,0,0,0,0,0,0,0,0,0,0,0,0
0,0,0,0,1.6353,0.31396,-0.43662,1,0.81304,0.36344,0.55846,-1,0.95512,0.14565,-0.0094489,0,0,0,2.0557,1.6353,0.90929,-0.27693,0.95985,1.8897,1.0838,0.97403,0.14572,0.0001745,9999,1,-1,791.02,0,0.16544,0,0,0,0,0,0,0,0,1,1.6353,0.90929,-0.80506,0,0,0,0,0,10,0.14572,0.0001745,9999,-1,791.02,0,0.16544,1.6353,0.90929,-0.80506,-2,0.0045043,1.6353,1,0.90929,0.78124,1,0.95512,0.84681,0,0,0,0,0,0,0,1
0,0,0,0,0,0,0,0,1.1473,0.37189,-0.6506,1,-0.23238,0.22101,0,1,0,0,1.2288,999,999,999,0.76176,1.4347,0,0,0,0,0,0,0,0,0,0,0,0,0,0,0,0,0,0,0,0,0,0,0,0,0,0,0,0,0,0,0,0,0,0,0,0,0,0,0,0.0022603,1.1473,1,0.95135,0,0,0,0,0,0,0,0,0,0,0,1
0,0,0,0,0,0,0,0,0.86907,0.5695,-0.30922,1,-0.99743,0.97734,3.0741e-05,0,0,0,0.92192,999,999,999,0.53447,0.69924,0.51061,0,0,0,0,0,0,0,0,0,0,0,0,0,0,0,0,0,0,0,0,0,0,0,0,0,0,0,0,0,0,0,0,0,0,0,0,0,0,0.017984,0.86907,1,0.77348,0,0,0,0,0,0,0,0,0,0,0,1
0.73899,0.038695,-0.94347,1,0,0,0,0,0.21804,0.038695,0.17763,1,0.00047857,-1.23e-06,6.5734e-07,2,0,0,0.53355,999,999,999,0.52213,0.069496,0.25144,0.99282,0.18339,3.4788e-07,9999,0,-1,571.29,4.2969,0.10538,1,0,0.28783,0.1025,-2.0229,0.18131,0.10394,0.091974,1,999,999,999,0,0,0,0,0,0,0,0,0,0,0,0,0,0,0,0,0,0.0019183,0.73899,1,0.98102,0.98809,1,0.00047857,0.82222,0.73899,0.038695,-0.94347,1,1,0.0019183,0.98102,1
0,0,0,0,0,0,0,0,0.89485,0.73975,-0.57554,1,0.99193,-1.3335e-05,7.7384e-06,0,0,0,0.86659,999,999,999,0.67233,0.41998,0.48704,0,0,0,0,0,0,0,0,0,0,0,0,0,0,0,0,0,0,0,0,0,0,0,0,0,0,0,0,0,0,0,0,0,0,0,0,0,0,0.037523,0.89485,1,0.81658,0,0,0,0,0,0,0,0,0,0,0,1
0,0,0,0,0,0,0,0,1.1995,0.69942,-0.98367,1,0.083637,5.2768e-07,-4.5681e-07,0,0,0,1.199,999,999,999,1.292,0.21183,0.18089,0.99431,0.16114,5.2768e-07,9999,0,1,654.3,5.3711,0.21183,0,0,0,0,0,0,0,0,1,999,999,999,0,0,0,0,0,10,0.12535,4.5681e-07,9999,-1,644.53,6.8359,0.18089,1.1995,0.95691,-0.73231,-0,0.00055297,1.1995,1,0.95691,-0.73231,1,0.083637,0.30513,0,0,0,0,0,0,0,1
0,0,0,0,1.0107,0.89472,-0.76757,-1,0.76327,0,0.51936,-1,0.23636,-0.0030467,0.00018092,0,0,0,1.5086,999,999,999,0.89601,1.2989,0.78789,0,0,0,0,0,0,0,0,0,0,0,0,0,0,0,0,0,0,0,0,0,0,0,0,0,0,0,0,0,0,0,0,0,0,0,0,0,0,0.0077855,1.0268,1,0.54477,0,0,0,0,0,0,0,0,0,0,0,0
0,0,0,0,1.1799,0.23543,-0.94526,1,0.83891,0.22222,0.37639,-1,-0.31018,-0.0003168,0.00018568,0,0,0,1.3608,-0.88236,-0.92263,-0.67832,1.3291,0.84436,0.95005,0,0,0,0,0,0,0,0,0,0,0,0,0,0,0,0,0,0,0,0,0,0,0,0,0,0,0,0,0,0,0,0,0,0,0,0,0,0,0.00039926,1.1799,1,0.88172,0,0,0,0,0,0,0,0,0,0,0,1
2.1737,0.056412,-0.93343,-1,0,0,0,0,0.25413,0.1984,0.92641,1,-6.5834e-05,5.2798e-05,6.328e-07,0,0,0,2.235,999,999,999,2.7529,0.59753,0.24511,0,0,0,0,0,0,0,0,0,0,0,0,0,0,0,0,0,0,0,0,0,0,0,0,0,0,0,0,0,0,0,0,0,0,0,0,0,0,0.017053,2.1737,-1,0.96025,0,0,0,0,0,0,0,0,0,0,0,0
0,0,0,0,0,0,0,0,0.24618,0.69432,0.78745,1,-0.30488,-3.8202e-05,1.709e-05,3,1,0.49898,0.34625,999,999,999,0.8845,0.54261,0.44373,0.77634,0.24618,1.1397e-06,9999,1,1,605.47,4.1016,0.22565,0,0,0,0,0,0,0,0,1,999,999,999,0,0,0,0,0,0,0,0,0,0,0,0,0,0,0,0,0,0,0,0,0,0.038177,-1,-3.8202e-05,-0.000679,0,0,0,0,0,0,0,1
0,0,0,0,0,0,0,0,0.79009,1.387,-0.80495,1,-0.40994,0.23501,0.076731,2,0,0,1.0065,999,999,999,0.14403,1.1715,0.99824,0.76301,0.17124,3.5786e-07,9999,1,-1,1210.9,14.453,0.11465,0,0,0,0,0,0,0,0,1,0.79009,0.75272,-0.98777,0,0,0,0,0,10,0.17124,3.5786e-07,9999,-1,1210.9,14.453,0.11465,0.79009,0.75272,-0.98777,-4,0.0038072,0.78101,1,0.86942,0.92081,1,0.00045656,0.16574,0,0,0,0,0,0,0,0
0,0,0,0,0,0,0,0,1.3434,0.51094,-0.98641,1,0.91994,0.83191,-9.8564e-06,0,0,0,1.1669,999,999,999,0.31878,1.1165,0.3933,0.70667,0.13169,0.91994,9999,1,1,0,14.062,0.31878,0,0,0,0,0,0,0,0,1,999,999,999,0,0,0,0,0,0,0,0,0,0,0,0,0,0,0,0,0,0.017616,1.3434,1,0.95882,-0.65264,-1,-9.8564e-06,-0.0006014,0,0,0,0,0,0,0,1
0,0,0,0,0,0,0,0,0.88356,1.1775,-0.91923,-1,0.99976,-0.99939,-0.40547,0,0,0,1.5098,0.6913,-0.96882,-0.15686,0.38246,0.43649,1.8949,0,0,0,0,0,0,0,0,0,0,0,0,0,0,0,0,0,0,0,0,0,0,0,0,0,0,0,0,0,0,0,0,0,0,0,0,0,0,0.006465,1.1875,-1,0.70056,0,0,0,0,0,0,0,0,0,0,0,0
0,0,0,0,0,0,0,0,0.8916,1.2572,-0.93912,-1,-0.99768,0.32408,3.9729e-06,0,0,0,0.65151,999,999,999,0.52962,1.1235,0.32136,0.45769,0.17257,5.0898e-07,9999,1,-1,585.94,4.8828,0.20452,0,0,0,0,0,0,0,0,1,0.70083,0.99947,-0.48436,0,0,0,0,0,10,0.17257,5.0898e-07,9999,-1,585.94,4.8828,0.20452,0.70083,0.99947,-0.48436,-6,0.013097,0.8916,-1,0.57534,-0.33355,1,3.9729e-06,0.032375,0,0,0,0,0,0,0,0
0,0,0,0,0,0,0,0,0.9478,0.22463,-0.43688,-1,-0.68223,0.0015522,0.00016725,0,0,0,1.1406,999,999,999,0.81788,0.68722,0.67069,0,0,0,0,0,0,0,0,0,0,0,0,0,0,0,0,0,0,0,0,0,0,0,0,0,0,0,0,0,0,0,0,0,0,0,0,0,0,0.018286,0.9478,-1,0.8564,0,0,0,0,0,0,0,0,0,0,0,1
0,0,0,0,0,0,0,0,0.88211,0.76342,0.80896,-1,-0.021585,0.0001815,-0.00017522,1,0,0,1.1332,-0.63543,-0.26592,-0.62381,1.1972,0.1971,0.84645,0,0,0,0,0,0,0,0,0,0,0,0,0,0,0,0,0,0,0,0,0,0,0,0,0,0,0,0,0,0,0,0,0,0,0,0,0,0,0.030735,0.88211,-1,0.83264,0,0,0,0,0,0,0,0,0,0,0,0
0,0,0,0,1.5161,0.13146,-0.44195,1,1.1373,0.84966,0.19537,1,0.1141,0.05335,3.8634e-05,1,1,0.49862,1.7193,1.1373,-0.8238,-0.622,2.2222,1.0885,0.54365,0,0,0,0,0,0,0,0,0,0,0,0,0,0,0,0,0,0,0,0,0,0,0,0,0,0,0,0,0,0,0,0,0,0,0,0,0,0,0.0079345,1.5161,1,0.95426,0,0,0,0,0,0,0,0,0,0,0,1
0.38333,0.74,-0.69942,-1,0,0,0,0,0.55126,0,-0.30191,1,0.96938,-0.13775,-0.00010153,3,0,0,0.92542,999,999,999,0.91526,0.62069,0.79903,0.71028,0.11841,4.3037e-07,9999,0,-1,781.25,10.156,0.16657,0,0,0,0,0,0,0,0,1,0.55126,0.98045,-0.60291,0,0,0,0,0,10,0.11841,4.3037e-07,9999,-1,781.25,10.156,0.16657,0.55126,0.98045,-0.60291,-2,0.0018283,0.81801,-1,0.89657,-0.60291,1,0.96938,0.51975,0.38333,0.74,-0.69942,-1,1,0.20288,0.87796,1
0.76973,0.33391,0.077815,-1,0,0,0,0,0.85873,0,-0.074354,-1,-0.9596,0.68548,-0.020337,2,0,0,1.2369,-0.76973,-0.91481,-0.90074,1.1478,0.60355,1.1272,0.59732,0.11689,4.6648e-07,9999,1,-1,751.95,5.7129,0.18568,0,0,0,0,0,0,0,0,1,999,999,999,0,0,0,0,0,0,0,0,0,0,0,0,0,0,0,0,0,0.029708,0.85873,-1,0.83492,-0.34718,1,0.68548,0.4309,0.76973,0.33391,0.077815,-1,1,0.026322,0.91481,0
0,0,0,0,0,0,0,0,0.85153,0.8393,-0.94981,-1,0.96353,-0.70051,-0.00014753,3,0,0,1.1105,999,999,999,0.68243,1.0088,0.69595,0,0,0,0,0,0,0,0,0,0,0,0,0,0,0,0,0,0,0,0,0,0,0,0,0,0,0,0,0,0,0,0,0,0,0,0,0,0,0.01918,0.85153,-1,0.87973,0,0,0,0,0,0,0,0,0,0,0,0
0,0,0,0,0,0,0,0,1.0169,0.86439,-0.92655,-1,0.95815,-0.95132,-0.00010576,0,0,0,1.4865,0.67612,-0.77234,-0.89917,1.0906,1.2992,0.77872,0,0,0,0,0,0,0,0,0,0,0,0,0,0,0,0,0,0,0,0,0,0,0,0,0,0,0,0,0,0,0,0,0,0,0,0,0,0,0.043131,1.0169,-1,0.67512,0,0,0,0,0,0,0,0,0,0,0,0
0,0,0,0,0,0,0,0,0.13733,0,0.3268,-1,2.7319e-05,-2.0968e-06,0,0,0,0,0.33533,999,999,999,0.49579,0.2286,0,0.55428,0.13733,2.0968e-06,9999,1,-1,0,5.1758,0.2286,0,0,0,0,0,0,0,0,1,999,999,999,0,0,0,0,0,0,0,0,0,0,0,0,0,0,0,0,0,0,0,0,0,-0.41264,1,2.7319e-05,0.23333,0,0,0,0,0,0,0,0
0,0,0,0,0,0,0,0,1.1392,0,-0.91454,-1,-0.00028419,-2.3584e-05,3.7927e-06,3,1,0.49227,0.6855,999,999,999,0.74394,0.47814,0.31785,0,0,0,0,0,0,0,0,0,0,0,0,0,0,0,0,0,0,0,0,0,0,0,0,0,0,0,0,0,0,0,0,0,0,0,0,0,0,0.0010241,0.67739,-1,0.70972,0,0,0,0,0,0,0,0,0,0,0,1
0,0,0,0,0,0,0,0,0.68101,0.91673,-0.96764,-1,-0.080535,-2.9174e-06,0,0,0,0,0.72226,999,999,999,0.78624,0.29813,0,0.98606,0.2312,2.9174e-06,9999,1,-1,502.93,3.5645,0.29813,0,0,0,0,0,0,0,0,1,999,999,999,0,0,0,0,0,0,0,0,0,0,0,0,0,0,0,0,0,0.0038213,0.68101,-1,0.97844,0,0,0,0,0,0,0,0,0,0,0,0
0,0,0,0,0,0,0,0,0.52593,0.22591,0.40937,-1,-0.72368,-0.058251,4.7906e-05,0,0,0,1.1911,-0.74118,-0.47585,-0.10036,0.64237,1.0117,0.57151,0.66578,0.17764,8.5368e-07,9999,1,1,483.4,3.9551,0.29041,0,0,0,0,0,0,0,0,1,0.74118,0.47585,-0.42109,0,0,0,0,0,10,0.17764,8.5368e-07,9999,1,483.4,3.9551,0.29041,0.74118,0.47585,-0.42109,0,0.0022433,0.70524,-1,0.8228,-0.55597,-1,-0.72368,-0.056696,0,0,0,0,0,0,0,0
0,0,0,0,0,0,0,0,2.062,0,-0.78161,1,0.20181,-1.7294e-05,-8.7267e-07,1,0,0,2.082,999,999,999,2.3355,0.44492,0.29338,0.55483,0.21173,8.7267e-07,9999,1,-1,488.28,4.3457,0.29338,0,0,0,0,0,0,0,0,1,2.062,0.99349,-0.52442,0,0,0,0,0,10,0.21173,8.7267e-07,9999,-1,488.28,4.3457,0.29338,2.062,0.99349,-0.52442,-5,0.00014886,2.062,1,0.99349,-0.52442,1,0.20181,0.0021516,0,0,0,0,0,0,0,1
0,0,0,0,1.0923,0.23515,-0.36212,-1,1.3915,0.3004,-0.78375,-1,0.9995,-0.856,-0.015375,0,0,0,1.3186,999,999,999,0.35378,2.1828,1.6758,0,0,0,0,0,0,0,0,0,0,0,0,0,0,0,0,0,0,0,0,0,0,0,0,0,0,0,0,0,0,0,0,0,0,0,0,0,0,0.007027,1.3915,-1,0.82786,0,0,0,0,0,0,0,0,0,0,0,0
0,0,0,0,1.5973,0,-0.70666,1,0.72848,0.57799,0.26551,-1,0.058359,-0.047007,-1.9572e-05,0,0,0,1.5617,999,999,999,1.3595,0.97234,0.4554,0,0,0,0,0,0,0,0,0,0,0,0,0,0,0,0,0,0,0,0,0,0,0,0,0,0,0,0,0,0,0,0,0,0,0,0,0,0,0.0071263,1.5973,1,0.98521,0,0,0,0,0,0,0,0,0,0,0,1
0,0,0,0,0,0,0,0,0.60953,0.73184,-0.64425,1,-0.94498,0.78701,-0.012255,1,1,0.49564,0.76056,999,999,999,0.45268,0.95248,1.0531,0.79163,0.15413,3.9049e-07,9999,1,-1,869.14,7.7148,0.14085,0,0,0,0,0,0,0,0,1,0.60953,0.82338,-0.99295,0,0,0,0,0,10,0.15413,3.9049e-07,9999,-1,869.14,7.7148,0.14085,0.60953,0.82338,-0.99295,-5,0.03809,0.60953,1,0.82338,-0.86497,-1,-0.94498,-0.35374,0,0,0,0,0,0,0,0
0,0,0,0,0,0,0,0,0.34946,0.46502,0.8153,1,-0.99837,0.93455,-1.3924e-05,2,1,0.498,0.75491,999,999,999,0.39232,1.0035,0.42234,0,0,0,0,0,0,0,0,0,0,0,0,0,0,0,0,0,0,0,0,0,0,0,0,0,0,0,0,0,0,0,0,0,0,0,0,0,0,0.0001817,0.61782,1,0.63802,0,0,0,0,0,0,0,0,0,0,0,1
0,0,0,0,0,0,0,0,0.78208,0.667,0.011028,1,-0.99913,0.93486,0.00022265,4,1,0.49806,0.99159,999,999,999,0.37125,0.38472,1.0524,0.64937,0.10005,3.9107e-07,9999,1,-1,791.02,3.3691,0.14127,0,0,0,0,0,0,0,0,1,0.78208,0.93259,-0.85667,0,0,0,0,0,10,0.10005,3.9107e-07,9999,-1,791.02,3.3691,0.14127,0.78208,0.93259,-0.85667,-22,0.0070446,0.78208,1,0.93259,-0.71564,1,0.93486,0.59296,0,0,0,0,0,0,0,0
1.8684,0.60161,-0.98162,1,0,0,0,0,0.5038,0.67319,0.42228,1,0.97888,6.5134e-05,3.6423e-05,0,0,0,1.9252,1.8684,-0.9323,-0.55937,0.85057,2.4355,0.53527,0.52518,0.074938,3.5176e-07,9999,1,-1,1738.3,12.012,0.10906,0,0,0,0,0,0,0,0,1,1.8684,0.9323,-0.48176,0,0,0,0,0,10,0.074938,3.5176e-07,9999,-1,1738.3,12.012,0.10906,1.8684,0.9323,-0.48176,-0,0.0098615,1.8684,1,0.9323,0.2403,1,0.97888,0.67474,0,0,0,0,0,0,0,1
0,0,0,0,0,0,0,0,0.68547,0.47748,-0.77667,-1,0.96566,-0.9602,-0.021709,0,0,0,1.0821,0.9779,-0.85968,-0.74783,0.75734,1.2231,1.0357,0.67617,0.11927,3.8788e-07,9999,1,-1,859.38,7.7148,0.13894,0,0,0,0,0,0,0,0,1,999,999,999,0,0,0,0,0,10,0.13665,6.1688e-07,9999,-1,561.52,4.3945,0.24076,0.9779,0.85968,-0.2598,-5,0.0055631,0.9779,1,0.85968,-0.74302,1,0.96566,0.48105,0,0,0,0,0,0,0,1
0,0,0,0,0,0,0,0,0.76993,1.2438,-0.33804,1,0.025082,-0.00041686,0.00014459,2,0,0,0.9965,0.76993,-0.95566,-0.70665,0.86415,0.78979,0.7686,0.63643,0.19432,4.8814e-07,9999,1,-1,644.53,4.1016,0.1957,0,0,0,0,0,0,0,0,1,0.76993,0.95566,-0.81917,0,0,0,0,0,10,0.19432,4.8814e-07,9999,-1,644.53,4.1016,0.1957,0.76993,0.95566,-0.81917,-5,0.00013697,0.76993,1,0.95566,0.67069,1,4.7255e-06,0.014509,0,0,0,0,0,0,0,1
0,0,0,0,0,0,0,0,0.53107,1.0727,-0.77121,-1,0.99407,0.91729,-0.0011735,0,0,0,0.93177,999,999,999,0.59685,0.31151,1.1817,0.14687,0.1485,6.0264e-07,9999,1,1,546.88,4.3945,0.23668,0,0,0,0,0,0,0,0,1,0.53107,0.55698,-0.46819,0,0,0,0,0,10,0.14943,0.91729,9999,1,0,19.922,0.31151,0.82586,0.91281,-0.88804,22,0.0071538,0.82586,-1,0.91281,0.53701,-1,-0.0011735,-0.0582,0,0,0,0,0,0,0,1
0,0,0,0,0,0,0,0,0.85833,0.54651,-0.78316,-1,0.94264,-0.0047044,4.2069e-05,1,0,0,1.2029,999,999,999,1.2244,1.237,0.55843,0,0,0,0,0,0,0,0,0,0,0,0,0,0,0,0,0,0,0,0,0,0,0,0,0,0,0,0,0,0,0,0,0,0,0,0,0,0,0.0049516,0.85833,-1,0.59843,0,0,0,0,0,0,0,0,0,0,0,1
1.1565,0.8827,-0.16646,1,0,0,0,0,1.5371,0.53036,-0.06252,1,0.96346,0.0052984,-3.0686e-06,0,0,0,1.6385,1.1565,-0.93902,-0.9634,2.3355,1.0232,0.30192,0,0,0,0,0,0,0,0,0,0,0,0,0,0,0,0,0,0,0,0,0,0,0,0,0,0,0,0,0,0,0,0,0,0,0,0,0,0,0.013759,1.5371,1,0.99115,0,0,0,0,0,0,0,0,0,0,0,1
0,0,0,0,0,0,0,0,0.23831,1.1099,-0.95241,-1,0.067357,7.6249e-05,-4.6603e-05,1,0,0,1.0283,0.74237,-0.99485,-0.83652,0.95716,0.68406,0.56903,0.89444,0.23831,4.3212e-07,9999,1,-1,664.06,6.3477,0.16758,0,0,0,0,0,0,0,0,1,0.5903,0.85733,-0.96472,0,0,0,0,0,10,0.23831,4.3212e-07,9999,-1,664.06,6.3477,0.16758,0.5903,0.85733,-0.96472,-5,0.018033,0.74237,1,0.99485,0.89958,1,7.6249e-05,0.013659,0,0,0,0,0,0,0,0
0,0,0,0,0,0,0,0,0.73454,0.34709,-0.81755,1,6.889e-05,-6.6344e-05,-6.9465e-07,1,1,0.49692,0.6909,999,999,999,0.66872,0.66422,0.2603,0.52082,0.18601,6.9465e-07,9999,1,-1,581.05,4.4434,0.2603,0,0,0,0,0,0,0,0,1,999,999,999,0,0,0,0,0,0,0,0,0,0,0,0,0,0,0,0,0,0.0014873,0.73454,1,0.6869,0.20296,1,6.889e-05,0.015228,0,0,0,0,0,0,0,0
0,0,0,0,0.71563,0.91874,0.87941,-1,0.99516,0.72339,-0.86852,-1,0.72497,-0.0072946,-0.001882,2,0,0,1.5182,0.60216,-0.97718,-0.45609,0.99431,0.87461,0.9016,0,0,0,0,0,0,0,0,0,0,0,0,0,0,0,0,0,0,0,0,0,0,0,0,0,0,0,0,0,0,0,0,0,0,0,0,0,0,0.0034144,0.99516,-1,0.96793,0,0,0,0,0,0,0,0,0,0,0,1
0,0,0,0,0,0,0,0,0.32391,0.28241,-0.13141,1,0.26199,-0.00017605,-1.8936e-05,1,2,0.49377,0.46128,999,999,999,1.4435,0.13441,0.45419,0,0,0,0,0,0,0,0,0,0,0,0,0,0,0,0,0,0,0,0,0,0,0,0,0,0,0,0,0,0,0,0,0,0,0,0,0,0,0,0,0,0,0,0,0,0,0,0,0,0,0,0,0,0
0,0,0,0,0,0,0,0,0.94896,1.1597,-0.77962,1,0.02899,-0.0001273,1.0614e-05,0,0,0,1.0713,999,999,999,1.3783,0.79294,0.39965,0.516,0.23713,4.9872e-06,9999,1,-1,502.93,3.8574,0.33866,0,0,0,0,0,0,0,0,1,999,999,999,0,0,0,0,0,0,0,0,0,0,0,0,0,0,0,0,0,0.013769,0.94896,1,0.75596,0.88753,1,1.0614e-05,0.00022699,0,0,0,0,0,0,0,0
0.35702,0.59351,-0.15831,-1,1.1509,1.2131,-0.62156,1,0.98637,0.59351,0.11077,-1,0.99998,-0.0042924,0.0042923,1,0,0,1.4346,999,999,999,0.26716,1.0951,0.87773,0.58067,0.1289,4.2947e-07,9999,0,1,732.42,4.6387,0.16605,1,0,-1.4276,-2.1434,2.7266,0.039633,0.11392,0.098912,1,0.98637,0.85623,-0.74317,0,0,0,0,0,10,0.1289,4.2947e-07,9999,1,732.42,4.6387,0.16605,0.98637,0.85623,-0.74317,11,0.0014376,1.1509,1,0.93635,0.96553,-1,-1.9903e-05,-0.3177,0.35702,0.59351,-0.15831,-1,1,0.068454,0.55471,1
0,0,0,0,0,0,0,0,0.40591,0.1862,0.038007,-1,0.94857,0.00063237,-5.7036e-05,0,0,0,0.86684,999,999,999,1.0535,0.37925,0.61895,0.60199,0.22131,4.84e-07,9999,1,1,673.83,3.8574,0.19386,0,0,0,0,0,0,0,0,1,999,999,999,0,0,0,0,0,0,0,0,0,0,0,0,0,0,0,0,0,0.0045099,0.69949,1,0.62947,-0.099118,-1,-5.7036e-05,-0.0012016,0,0,0,0,0,0,0,1
0,0,0,0,0,0,0,0,1.6841,0.22221,-0.76474,-1,-0.96425,-0.042001,3.058e-05,0,0,0,1.8822,-0.76702,-0.71132,-0.7122,2.1264,1.1198,0.51037,0.91236,0.17291,5.2091e-07,9999,1,1,610.35,5.4688,0.20924,0,0,0,0,0,0,0,0,1,0.76702,0.71132,-0.81457,0,0,0,0,0,10,0.17291,5.2091e-07,9999,1,610.35,5.4688,0.20924,0.76702,0.71132,-0.81457,2,0.0072141,1.6841,-1,0.9994,0.92379,-1,-0.96425,-0.52832,0,0,0,0,0,0,0,0
0,0,0,0,0,0,0,0,1.0065,0.96631,-0.15737,-1,-0.61494,0.0003917,-4.8668e-05,0,0,0,1.2703,999,999,999,1.6344,0.8073,0.58576,0.48516,0.091893,3.6896e-07,9999,1,-1,1093.8,7.7148,0.1242,0,0,0,0,0,0,0,0,1,0.89711,0.51171,-0.4847,0,0,0,0,0,10,0.091893,3.6896e-07,9999,-1,1093.8,7.7148,0.1242,0.89711,0.51171,-0.4847,-2,0.020947,1.0065,-1,0.86174,-0.58555,-1,-0.61494,-0.057998,0,0,0,0,0,0,0,1
0,0,0,0,0,0,0,0,0.94997,1.5312,-0.94364,-1,0.96533,-0.026128,-0.0030681,1,0,0,1.3381,999,999,999,0.53124,0.72596,0.97866,0,0,0,0,0,0,0,0,0,0,0,0,0,0,0,0,0,0,0,0,0,0,0,0,0,0,0,0,0,0,0,0,0,0,0,0,0,0,0.0066783,0.94997,-1,0.9065,0,0,0,0,0,0,0,0,0,0,0,1
0,0,0,0,0,0,0,0,0.79377,0.53455,-0.82417,1,-0.97539,0.46679,0.0089119,0,0,0,1.2309,-0.8072,-0.9914,-0.87869,0.86161,1.3167,1.1733,0,0,0,0,0,0,0,0,0,0,0,0,0,0,0,0,0,0,0,0,0,0,0,0,0,0,0,0,0,0,0,0,0,0,0,0,0,0,0.0097139,0.81534,1,0.86184,0,0,0,0,0,0,0,0,0,0,0,0
0.55945,0,0.12894,1,0,0,0,0,0.62694,0,-0.28162,1,0.41975,-0.00048071,2.2454e-05,1,0,0,0.97454,0.62694,-0.74598,-0.97465,0.87636,0.70854,0.47253,0.9636,0.19409,3.8048e-07,9999,1,-1,957.03,6.2012,0.13339,0,0,0,0,0,0,0,0,1,0.55945,0.64163,-0.49356,0,0,0,0,0,10,0.19409,3.8048e-07,9999,-1,957.03,6.2012,0.13339,0.55945,0.64163,-0.49356,-2,0.010337,0.8129,-1,0.83911,-0.49356,1,0.41975,0.6032,0.55945,0,0.12894,1,1,0.015132,0.64163,1
0,0,0,0,1.4451,0.75948,-0.80766,1,0.89862,0.71343,0.19815,-1,0.10271,-0.0069582,-4.4849e-06,0,0,0,1.0805,999,999,999,0.94417,1.2712,0.33055,0,0,0,0,0,0,0,0,0,0,0,0,0,0,0,0,0,0,0,0,0,0,0,0,0,0,0,0,0,0,0,0,0,0,0,0,0,0,0.035026,1.4451,1,0.95861,0,0,0,0,0,0,0,0,0,0,0,1
0,0,0,0,0,0,0,0,1.829,0.04445,-0.97288,-1,-0.0536,3.5154e-05,0,0,0,0,1.0949,999,999,999,1.2301,0.52999,0,0,0,0,0,0,0,0,0,0,0,0,0,0,0,0,0,0,0,0,0,0,0,0,0,0,0,0,0,0,0,0,0,0,0,0,0,0,0,0.017146,1.829,-1,0.96358,0,0,0,0,0,0,0,0,0,0,0,0
0,0,0,0,0,0,0,0,0.53397,1.3942,-0.68682,1,0.95102,-1.7439e-05,-1.5491e-05,1,0,0,0.6282,999,999,999,0.33531,0.44576,0.43396,0.94317,0.092403,4.1534e-07,9999,0,-1,1074.2,5.8105,0.15754,0,0,0,0,0,0,0,0,1,0.53397,0.72097,-0.45035,0,0,0,0,0,10,0.092403,4.1534e-07,9999,-1,1074.2,5.8105,0.15754,0.53397,0.72097,-0.45035,-2,0.0069765,0.50102,-1,0.43966,-0.45035,1,0.95102,0.81904,0,0,0,0,0,0,0,1
0,0,0,0,0,0,0,0,0.77693,0.56848,0.39774,1,0.0042464,0.00024743,-1.8505e-05,2,0,0,1.079,0.69541,-0.66672,-0.80232,1.1196,0.83128,0.4518,0.92661,0.10942,3.3065e-07,9999,0,-1,2578.1,14.453,0.08763,0,0,0,0,0,0,0,0,1,0.77693,0.92264,-0.73264,0,0,0,0,0,10,0.10942,3.3065e-07,9999,-1,2578.1,14.453,0.08763,0.77693,0.92264,-0.73264,-2,0.011382,0.77693,1,0.92264,0.34957,1,0.00024743,0.78615,0,0,0,0,0,0,0,1
0,0,0,0,0,0,0,0,0.32155,1.0652,-0.64813,1,0.93752,-0.067199,5.2301e-05,0,0,0,0.99591,999,999,999,0.42443,1.0239,0.55925,0.69242,0.15552,1.2145e-06,9999,1,-1,0,14.453,0.080993,0,0,0,0,0,0,0,0,1,999,999,999,0,0,0,0,0,10,0.20614,0.93752,9999,1,0,8.0078,0.42443,0.69095,0.5204,-0.13956,22,0.0188,0.69095,-1,0.5204,-0.66137,1,0.93752,0.20056,0,0,0,0,0,0,0,1
0,0,0,0,0,0,0,0,1.2429,0.91339,-0.99356,1,0.95415,-0.00010323,0.00010014,0,0,0,1.0021,0.54415,0.66615,-0.47354,0.76302,0.6616,0.84124,0,0,0,0,0,0,0,0,0,0,0,0,0,0,0,0,0,0,0,0,0,0,0,0,0,0,0,0,0,0,0,0,0,0,0,0,0,0,0.0077206,1.2429,1,0.96133,0,0,0,0,0,0,0,0,0,0,0,1
0,0,0,0,0,0,0,0,0.4335,0.57973,0.16273,1,0.99996,-1.945e-05,5.9862e-06,2,1,0.49675,0.60138,999,999,999,0.28664,0.45699,0.3528,0.30439,0.12445,3.4117e-07,9999,1,-1,2128.9,12.012,0.098756,1,0,0.0045167,0.074116,-1.5419,0.038796,0.187,0.010915,1,999,999,999,0,0,0,0,0,0,0,0,0,0,0,0,0,0,0,0,0,0,0,0,0,0.99876,1,0.99996,0.25171,0,0,0,0,0,0,0,0
0,0,0,0,0,0,0,0,0.58721,1.1973,-0.28587,1,0.99728,-0.0049979,6.5527e-05,0,0,0,1.0178,0.58721,-0.88278,-0.67338,0.40978,0.93746,0.63845,0.67332,0.15082,6.5137e-07,9999,1,-1,444.34,4.8828,0.24994,0,0,0,0,0,0,0,0,1,0.58721,0.88278,-0.78404,0,0,0,0,0,10,0.234,4.4235e-07,9999,1,722.66,4.4434,0.17329,0.65405,0.86622,-0.57266,0,0.0057608,0.65405,-1,0.86622,0.51505,1,0.99728,0.21757,0,0,0,0,0,0,0,0
0,0,0,0,0,0,0,0,1.0806,0.55622,0.21645,1,-0.98218,0.93754,-0.0047961,1,0,0,1.7827,999,999,999,0.75367,0.43851,1.1166,0.67338,0.18485,0.93754,9999,0,1,0,9.375,0.43851,0,0,0,0,0,0,0,0,1,0.51324,0.99853,-0.65897,0,0,0,0,0,10,0.18485,0.93754,9999,1,0,9.375,0.43851,0.51324,0.99853,-0.65897,22,0.0087388,1.0806,1,0.77339,0.0042546,-1,-0.98218,-1.2574e-05,0,0,0,0,0,0,0,1
0,0,0,0,0,0,0,0,1.3653,0,0.68038,1,0.99969,-0.1104,-0.0052607,1,0,0,1.8046,1.3653,0.97789,-0.90076,0.36029,1.28,0.59193,0,0,0,0,0,0,0,0,0,0,0,0,0,0,0,0,0,0,0,0,0,0,0,0,0,0,0,0,0,0,0,0,0,0,0,0,0,0,0.0062698,1.3653,1,0.97789,0,0,0,0,0,0,0,0,0,0,0,1
0,0,0,0,0,0,0,0,1.2685,0.82603,-0.6067,-1,0.99947,-0.96852,-0.00057215,0,0,0,1.6569,999,999,999,0.34924,1.8969,0.78909,0,0,0,0,0,0,0,0,0,0,0,0,0,0,0,0,0,0,0,0,0,0,0,0,0,0,0,0,0,0,0,0,0,0,0,0,0,0,0.0065929,1.2685,-1,0.8947,0,0,0,0,0,0,0,0,0,0,0,1
0,0,0,0,1.5702,0.11866,0.64142,-1,0.46535,1.5738,-0.90613,1,-0.016216,0.00056557,2.5651e-05,0,0,0,1.7178,999,999,999,1.7176,0.54453,0.48784,0,0,0,0,0,0,0,0,0,0,0,0,0,0,0,0,0,0,0,0,0,0,0,0,0,0,0,0,0,0,0,0,0,0,0,0,0,0,0.0096909,1.5702,-1,0.98727,0,0,0,0,0,0,0,0,0,0,0,0
0,0,0,0,0,0,0,0,0.98882,0.36873,-0.80465,1,0.047045,-0.0059097,2.7854e-06,1,1,0.5014,1.0533,999,999,999,1.0905,0.53348,0.29465,0.56319,0.1873,5.8796e-07,9999,1,-1,551.76,4.6387,0.23229,0,0,0,0,0,0,0,0,1,0.98882,0.93946,-0.51967,0,0,0,0,0,10,0.1873,5.8796e-07,9999,-1,551.76,4.6387,0.23229,0.98882,0.93946,-0.51967,-4,0.0019668,0.98882,1,0.93946,-0.58013,1,2.7854e-06,0.016456,0,0,0,0,0,0,0,0
0,0,0,0,0,0,0,0,0.62145,0.90382,0.77545,1,0.018592,0.0024907,-0.00058948,2,1,0.49148,0.83584,0.62145,-0.83457,-0.8819,0.32563,0.75756,0.37721,0.92558,0.068919,1.2326e-06,9999,0,-1,0,9.5703,0.11755,0,1,0,0,0,0,0,0,1,999,999,999,0,0,0,0,0,10,0.12088,1.9132e-06,9999,-1,0,3.3691,0.21656,0.62145,0.83457,-0.6613,-0,0.0081431,0.62145,1,0.83457,0.91259,1,0.018592,0.65637,0,0,0,0,0,0,0,0
0,0,0,0,0,0,0,0,1.2199,0.51971,0.83351,-1,-0.041916,-0.026815,7.9427e-05,0,0,0,1.4944,-1.2199,-0.91068,-0.70248,1.0232,1.3992,0.64255,0,0,0,0,0,0,0,0,0,0,0,0,0,0,0,0,0,0,0,0,0,0,0,0,0,0,0,0,0,0,0,0,0,0,0,0,0,0,0.0065823,1.2199,-1,0.91068,0,0,0,0,0,0,0,0,0,0,0,0
0,0,0,0,0,0,0,0,0.54766,0.81528,0.84731,1,0.0042499,0.00014023,0,0,1,0.49776,0.61064,999,999,999,0.34356,0.73491,0,0,0,0,0,0,0,0,0,0,0,0,0,0,0,0,0,0,0,0,0,0,0,0,0,0,0,0,0,0,0,0,0,0,0,0,0,0,0,0.0057512,0.54766,1,0.94444,0,0,0,0,0,0,0,0,0,0,0,0
0,0,0,0,0,0,0,0,1.0209,1.3128,-0.9462,-1,-0.87557,0.0053939,1.5431e-05,0,0,0,1.2031,999,999,999,1.4074,0.91427,0.43372,0.42129,0.12848,3.5011e-07,9999,1,1,1240.2,10.352,0.10751,0,0,0,0,0,0,0,0,1,999,999,999,0,0,0,0,0,0,0,0,0,0,0,0,0,0,0,0,0,0.0046687,1.0209,-1,0.97987,0.57442,-1,-0.87557,-0.25072,0,0,0,0,0,0,0,0
0,0,0,0,0,0,0,0,0.55738,0.68231,0.90715,1,-0.96979,0.002339,0.00055736,0,0,0,0.92187,999,999,999,0.55085,0.7664,0.31341,0,0,0,0,0,0,0,0,0,0,0,0,0,0,0,0,0,0,0,0,0,0,0,0,0,0,0,0,0,0,0,0,0,0,0,0,0,0,0.0049508,0.62401,1,0.89768,0,0,0,0,0,0,0,0,0,0,0,0
0,0,0,0,0,0,0,0,0.43028,0.34873,0.74731,1,-0.88341,0.025129,0.000912,1,0,0,0.79849,999,999,999,0.24849,0.31094,0.87043,0.88128,0.20736,1.2771e-06,9999,1,-1,429.69,4.1016,0.33935,0,0,0,0,0,0,0,0,1,999,999,999,0,0,0,0,0,10,0.16017,0.88341,9999,-1,0,28.516,0.24849,0.67138,0.9769,-0.063466,-0,0.0075661,0.67138,1,0.9769,0.85906,1,0.000912,0.10378,0,0,0,0,0,0,0,0
0,0,0,0,0,0,0,0,0.45169,0.39732,0.66092,-1,-0.99962,0.0050632,-3.9159e-05,0,0,0,0.8475,999,999,999,0.40951,0.94981,0.54657,0.56907,0.16503,4.2982e-07,9999,1,-1,693.36,5.127,0.16626,0,0,0,0,0,0,0,0,1,999,999,999,0,0,0,0,0,0,0,0,0,0,0,0,0,0,0,0,0,0.0013424,0.66526,1,0.75339,0.12111,1,0.0050632,0.072475,0,0,0,0,0,0,0,0
0,0,0,0,0,0,0,0,0.95834,0.8975,-0.88345,-1,-0.0035147,-7.4507e-05,2.7675e-05,1,0,0,1.1511,-0.65037,-0.64872,-0.077426,0.95068,0.6382,0.49536,0.47684,0.12937,5.563e-07,9999,0,1,732.42,3.5645,0.22208,0,0,0,0,0,0,0,0,1,0.95834,0.77295,-0.18753,0,0,0,0,0,10,0.12937,5.563e-07,9999,1,732.42,3.5645,0.22208,0.95834,0.77295,-0.18753,8,0.0096703,0.95834,-1,0.77295,-0.18753,-1,-0.0035147,-0.26087,0,0,0,0,0,0,0,0
0,0,0,0,0,0,0,0,0.86909,0.7785,-0.16486,-1,-0.1885,0.00010171,-9.0114e-06,1,2,0.49091,0.92147,999,999,999,0.67395,0.7048,0.38576,0.66547,0.16415,6.0966e-07,9999,0,1,556.64,5.4688,0.23871,0,1,0,0,0,0,0,0,1,0.86909,0.95047,-0.79331,0,0,0,0,0,10,0.16415,6.0966e-07,9999,1,556.64,5.4688,0.23871,0.86909,0.95047,-0.79331,9,0.0093696,0.86909,-1,0.95047,0.33243,-1,-9.0114e-06,-0.11893,0,0,0,0,0,0,0,1
0,0,0,0,0,0,0,0,0.54144,1.3604,-0.71739,-1,0.018504,6.6585e-05,-2.15e-05,1,0,0,0.83566,0.53254,0.65013,-0.6985,0.71281,0.61443,0.46777,0.14503,0.096818,4.4922e-07,9999,0,-1,742.19,4.0527,0.17696,0,0,0,0,0,0,0,0,1,999,999,999,0,0,0,0,0,0,0,0,0,0,0,0,0,0,0,0,0,0.0081408,0.53254,1,0.65013,0.55477,1,6.6585e-05,0.435,0,0,0,0,0,0,0,1
0,0,0,0,0,0,0,0,1.1789,1.5213,-0.94007,1,0.94423,-0.05176,-1.0069e-06,0,0,0,1.4393,999,999,999,1.658,1.1061,0.21547,0,0,0,0,0,0,0,0,0,0,0,0,0,0,0,0,0,0,0,0,0,0,0,0,0,0,0,0,0,0,0,0,0,0,0,0,0,0,0.012282,1.1789,1,0.9503,0,0,0,0,0,0,0,0,0,0,0,1
1.0393,0.21463,0.78424,-1,0,0,0,0,1.1,1.0393,-0.8981,1,0.051518,-0.0009935,0.00010429,0,0,0,1.4831,1.1,-0.65134,-0.051509,1.3993,1.3793,0.69894,0,0,0,0,0,0,0,0,0,0,0,0,0,0,0,0,0,0,0,0,0,0,0,0,0,0,0,0,0,0,0,0,0,0,0,0,0,0,0.030494,1.1,1,0.65134,0,0,0,0,0,0,0,0,0,0,0,1
0,0,0,0,0,0,0,0,1.7225,0.053578,-0.91093,1,0.96242,-0.00030427,6.4066e-05,0,0,0,1.8208,0.54746,-0.864,-0.82213,2.2077,0.63196,0.64833,0.98207,0.20601,8.88e-07,9999,1,-1,527.34,3.8086,0.2957,0,0,0,0,0,0,0,0,1,0.54746,0.864,-0.79617,0,0,0,0,0,10,0.20601,8.88e-07,9999,-1,527.34,3.8086,0.2957,0.54746,0.864,-0.79617,-2,0.0060556,1.7225,1,0.99696,0.98703,1,0.96242,0.60416,0,0,0,0,0,0,0,1
0,0,0,0,0,0,0,0,0.64611,0.86078,-0.40603,-1,-0.15896,3.8032e-05,-1.7389e-05,2,0,0,0.88454,999,999,999,1.0557,0.54202,0.44547,0.17639,0.10935,1.393e-06,9999,1,1,0,7.1289,0.16089,0,0,0,0,0,0,0,0,1,0.64611,0.91778,-0.020246,0,0,0,0,0,10,0.10935,1.393e-06,9999,1,0,7.1289,0.16089,0.64611,0.91778,-0.020246,0,0.0060004,0.54132,1,0.36281,-0.020246,-1,-0.15896,-0.34115,0,0,0,0,0,0,0,0
1.0972,0.57364,-0.46304,-1,0,0,0,0,1.0823,0.24178,-0.12217,1,-0.72593,0.042785,-0.0093212,3,1,0.49816,1.289,-1.0972,-0.83209,-0.78812,0.41389,1.3598,0.73368,0,0,0,0,0,0,0,0,0,0,0,0,0,0,0,0,0,0,0,0,0,0,0,0,0,0,0,0,0,0,0,0,0,0,0,0,0,0,0.0088354,1.0972,-1,0.83209,0,0,0,0,0,0,0,0,0,0,0,0
0,0,0,0,0,0,0,0,0.99323,0.96298,-0.52641,1,0.99998,-0.23449,0.085718,0,0,0,1.1263,999,999,999,0.25525,1.4585,0.77262,0,0,0,0,0,0,0,0,0,0,0,0,0,0,0,0,0,0,0,0,0,0,0,0,0,0,0,0,0,0,0,0,0,0,0,0,0,0,0.0056749,0.99323,1,0.96154,0,0,0,0,0,0,0,0,0,0,0,1
0,0,0,0,0,0,0,0,0.52669,0.64479,0.8983,-1,0.95511,-0.00018221,-6.6664e-05,0,0,0,1.0645,999,999,999,1.2695,0.69893,0.66599,0,0,0,0,0,0,0,0,0,0,0,0,0,0,0,0,0,0,0,0,0,0,0,0,0,0,0,0,0,0,0,0,0,0,0,0,0,0,0.00069993,0.72639,-1,0.98021,0,0,0,0,0,0,0,0,0,0,0,0
0,0,0,0,0,0,0,0,2.3496,0,-0.64496,1,0.00030078,9.4388e-05,-5.6008e-05,1,0,0,1.4794,2.3496,0.98317,-0.78473,0.47894,3.782,0.61702,0,0,0,0,0,0,0,0,0,0,0,0,0,0,0,0,0,0,0,0,0,0,0,0,0,0,0,0,0,0,0,0,0,0,0,0,0,0,0.0049306,0.72526,-1,0.9588,0,0,0,0,0,0,0,0,0,0,0,0
0,0,0,0,0,0,0,0,1.9648,0.59968,-0.57368,1,0.75135,0.022208,-0.019015,1,0,0,2.048,1.1892,-0.96833,-0.80318,2.8859,1.3533,0.57416,0,0,0,0,0,0,0,0,0,0,0,0,0,0,0,0,0,0,0,0,0,0,0,0,0,0,0,0,0,0,0,0,0,0,0,0,0,0,0.0049686,1.9648,1,0.92223,0,0,0,0,0,0,0,0,0,0,0,1
0,0,0,0,0,0,0,0,1.5757,0.46808,-0.93844,1,0.95958,0.91455,5.0807e-06,1,1,0.49469,1.6942,1.5757,0.99727,-0.81192,0.82069,2.1395,0.34009,0.93519,0.19945,4.6899e-07,9999,1,-1,654.3,4.6875,0.18689,0,0,0,0,0,0,0,0,1,1.5757,0.99727,-0.90654,0,0,0,0,0,10,0.19945,4.6899e-07,9999,-1,654.3,4.6875,0.18689,1.5757,0.99727,-0.90654,-8,0.0049997,1.5757,1,0.99727,0.97563,1,0.95958,0.3728,0,0,0,0,0,0,0,1
0,0,0,0,0,0,0,0,0.99079,0.82252,-0.25855,1,0.040993,0.0045122,-0.00059218,0,0,0,1.0868,999,999,999,1.2332,0.21493,0.42673,0.78033,0.20759,0.0045122,9999,1,1,10000,42.578,0.21493,0,0,0,0,0,0,0,0,1,999,999,999,0,0,0,0,0,0,0,0,0,0,0,0,0,0,0,0,0,0.015536,0.99079,1,0.91174,-0.63397,-1,-0.00059218,-0.02024,0,0,0,0,0,0,0,0
0,0,0,0,0,0,0,0,0.57365,0.1294,0.89131,1,0.088993,-0.00075937,7.8512e-05,0,0,0,1.4607,0.57365,0.98438,-0.52592,1.0974,0.99097,0.72241,0,0,0,0,0,0,0,0,0,0,0,0,0,0,0,0,0,0,0,0,0,0,0,0,0,0,0,0,0,0,0,0,0,0,0,0,0,0,0.025576,0.88308,-1,0.99905,0,0,0,0,0,0,0,0,0,0,0,1
0,0,0,0,0,0,0,0,2.3554,0,-0.92794,1,0.013381,0.00095297,-7.4312e-05,1,0,0,1.9811,999,999,999,1.691,0.79394,2.1658,0.9823,0.13933,2.4839e-06,9999,1,-1,0,4.1992,0.24857,0,0,0,0,0,0,0,0,1,2.3554,0.99765,-0.97394,0,0,0,0,0,10,0.13933,2.4839e-06,9999,-1,0,4.1992,0.24857,2.3554,0.99765,-0.97394,-2,0.001408,2.3554,1,0.99765,0.18348,1,0.00095297,0.87118,0,0,0,0,0,0,0,1
0,0,0,0,0,0,0,0,0.60936,0.53786,0.35336,1,0.94445,0.00026766,-3.3113e-06,1,0,0,0.75992,999,999,999,0.98788,0.46072,0.30764,0.64482,0.10815,3.5261e-07,9999,0,1,1289.1,10.84,0.10986,0,0,0,0,0,0,0,0,1,999,999,999,0,0,0,0,0,0,0,0,0,0,0,0,0,0,0,0,0,0.021324,0.60936,1,0.59759,0.87189,-1,-1.4396e-06,-0.53611,0,0,0,0,0,0,0,1
0,0,0,0,0,0,0,0,0.71003,0.73312,0.78013,-1,-0.0084349,-0.00015532,-1.8662e-06,1,0,0,0.70054,999,999,999,0.66527,1.0081,0.37763,0.14275,0.17858,3.5766e-07,9999,1,1,1347.7,12.012,0.11446,0,0,0,0,0,0,0,0,1,999,999,999,0,0,0,0,0,0,0,0,0,0,0,0,0,0,0,0,0,0.0080349,0.71003,-1,0.95506,0.14972,-1,-0.00015532,-0.0059449,0,0,0,0,0,0,0,1
0,0,0,0,0,0,0,0,0.23739,1.088,-0.81878,1,5.1087e-07,0,0,0,0,0,0.2044,999,999,999,0.20528,0,0,0.72074,0.23739,5.1087e-07,9999,1,1,566.41,4.834,0.20528,0,0,0,0,0,0,0,0,1,999,999,999,0,0,0,0,0,0,0,0,0,0,0,0,0,0,0,0,0,0,0,0,0,0,0,0,0,0,0,0,0,0,0,0,1
0,0,0,0,0,0,0,0,1.4696,0.48924,-0.99655,1,0.26676,-6.3085e-07,0,0,0,0,1.0291,999,999,999,2.2715,0.24459,0,0.34791,0.20425,6.3085e-07,9999,1,-1,541.99,3.8574,0.24459,0,0,0,0,0,0,0,0,1,999,999,999,0,0,0,0,0,0,0,0,0,0,0,0,0,0,0,0,0,0.018067,1.4696,1,0.99731,0.27898,1,0.26676,0.0018512,0,0,0,0,0,0,0,1
0,0,0,0,0,0,0,0,0.90055,0.14097,-0.097907,-1,-0.94479,-6.7346e-05,4.7383e-06,1,0,0,0.87707,999,999,999,1.3773,0.66952,0.33475,0,0,0,0,0,0,0,0,0,0,0,0,0,0,0,0,0,0,0,0,0,0,0,0,0,0,0,0,0,0,0,0,0,0,0,0,0,0,0.024303,0.90055,-1,0.84993,0,0,0,0,0,0,0,0,0,0,0,1
0,0,0,0,0,0,0,0,1.3718,0.058431,-0.86357,-1,0.362,-0.0001836,4.388e-05,1,0,0,1.1776,999,999,999,1.703,1.0798,0.56607,0,0,0,0,0,0,0,0,0,0,0,0,0,0,0,0,0,0,0,0,0,0,0,0,0,0,0,0,0,0,0,0,0,0,0,0,0,0,0.0027634,1.3718,-1,0.89626,0,0,0,0,0,0,0,0,0,0,0,0
0,0,0,0,0,0,0,0,0.21402,0.22335,0.23084,1,-0.95714,0.91092,-0.00012971,3,1,0.50135,0.88123,-0.69894,-0.8028,-0.91214,0.83105,0.29621,0.75488,0.16732,0.13124,2.2201e-06,9999,0,-1,0,3.2227,0.23563,0,0,0,0,0,0,0,0,1,999,999,999,0,0,0,0,0,10,0.21402,0.91092,9999,1,0,14.062,0.29621,0.69894,0.8028,-0.77554,22,0.0027448,0.53781,-1,0.88316,0.23876,-1,-0.95714,-0.023975,0,0,0,0,0,0,0,0
0,0,0,0,0,0,0,0,0.13677,1.4302,-0.69189,-1,0.99017,0.97132,-0.89055,0,0,0,0.9623,999,999,999,0.67072,0.77817,0.78084,0.44887,0.13677,1.2143e-06,9999,1,-1,0,15.43,0.081158,0,0,0,0,0,0,0,0,1,999,999,999,0,0,0,0,0,0,0,0,0,0,0,0,0,0,0,0,0,0.018683,0.66319,-1,0.73012,0.21281,1,0.99017,0.19818,0,0,0,0,0,0,0,1
0,0,0,0,0,0,0,0,1.0902,1.4366,-0.91566,-1,-0.00035344,-8.4048e-05,5.1114e-05,0,0,0,0.95717,-1.0902,-0.76684,-0.51625,0.71931,0.74911,0.6159,0.89394,0.15458,6.1643e-07,9999,1,-1,493.16,4.6387,0.24063,0,0,0,0,0,0,0,0,1,999,999,999,0,0,0,0,0,0,0,0,0,0,0,0,0,0,0,0,0,0.0075943,1.0902,-1,0.76684,0.63546,1,5.2387e-06,0.59149,0,0,0,0,0,0,0,1
0,0,0,0,0,0,0,0,0.3705,1.718,-0.94708,-1,-0.96704,-9.7845e-05,2.2672e-05,4,0,0,1.1771,-0.79215,0.60633,-0.60188,0.79735,0.71626,0.47368,0.74376,0.087225,3.5132e-07,9999,1,1,1054.7,13.477,0.10865,0,0,0,0,0,0,0,0,1,999,999,999,0,0,0,0,0,10,0.21251,4.4391e-07,9999,1,917.97,5.5664,0.17413,0.79215,0.60633,-0.48767,0,0.0007311,0.79215,-1,0.60633,0.71115,-1,-0.96704,-0.6925,0,0,0,0,0,0,0,0
0,0,0,0,0,0,0,0,0.39332,0.57315,-0.53195,-1,-0.9104,0.49098,-3.5498e-05,4,1,0.50065,0.58428,999,999,999,0.57821,0.59487,0.42686,0.98687,0.16941,6.0538e-07,9999,1,1,664.06,3.3691,0.23748,1,0,0.13097,0.22123,-0.39084,0.027327,0.099628,0.14222,1,999,999,999,0,0,0,0,0,0,0,0,0,0,0,0,0,0,0,0,0,0,0,0,0,0.9963,-1,-0.9104,-0.84286,0,0,0,0,0,0,0,0
0,0,0,0,0,0,0,0,1.9904,0.46392,-0.76623,-1,0.00052938,0.00030209,-7.415e-05,1,0,0,2.1215,0.77099,-0.60111,-0.22465,0.68152,0.7548,2.3649,0.41403,0.18433,3.4171e-07,9999,0,-1,275.88,12.891,0.099299,0,0,0,0,0,0,0,0,1,999,999,999,0,0,0,0,0,0,0,0,0,0,0,0,0,0,0,0,0,0.010792,1.9904,-1,0.9916,0.17186,1,0.00030209,0.011955,0,0,0,0,0,0,0,0
0,0,0,0,0,0,0,0,0.58011,1.5732,-0.96533,1,5.8357e-05,2.772e-06,-6.3091e-07,0,0,0,0.65694,999,999,999,0.62538,0.26033,0.2446,0.98933,0.16408,6.3091e-07,9999,1,-1,551.76,3.8574,0.2446,0,0,0,0,0,0,0,0,1,999,999,999,0,0,0,0,0,0,0,0,0,0,0,0,0,0,0,0,0,0.01433,0.58011,1,0.65052,0.71977,1,5.8357e-05,0.86083,0,0,0,0,0,0,0,1
0,0,0,0,0,0,0,0,1.0306,0.62835,0.80069,-1,-0.05068,0.00099029,-5.1869e-05,2,1,0.50293,1.1551,999,999,999,1.1913,0.42545,0.59917,0.90442,0.13863,5.437e-07,9999,1,1,595.7,5.5176,0.2177,0,0,0,0,0,0,0,0,1,999,999,999,0,0,0,0,0,0,0,0,0,0,0,0,0,0,0,0,0,0,0,0,0,0.77461,-1,-0.05068,-0.68988,0,0,0,0,0,0,0,1
0,0,0,0,0,0,0,0,0.45193,1.4711,-0.99356,-1,0.97873,-0.0038813,5.9749e-05,4,2,0.49858,0.79915,999,999,999,0.79265,0.58764,0.60022,0.84068,0.092793,4.004e-07,9999,0,1,966.8,5.2246,0.14779,0,0,0,0,0,0,0,0,1,999,999,999,0,0,0,0,0,0,0,0,0,0,0,0,0,0,0,0,0,0,0,0,0,-0.213,1,0.97873,0.16902,0,0,0,0,0,0,0,0
0,0,0,0,0,0,0,0,1.1854,1.3697,-0.48917,1,0.9999,0.95673,-0.76639,0,0,0,1.6635,1.1854,-0.86485,-0.36126,0.31916,1.3468,0.67782,0.13843,0.1288,0.9999,9999,1,1,1503.9,14.062,0.31916,0,0,0,0,0,0,0,0,1,999,999,999,0,0,0,0,0,0,0,0,0,0,0,0,0,0,0,0,0,0.013554,1.1854,1,0.86485,0.29805,-1,-0.76639,-8.7374e-05,0,0,0,0,0,0,0,1
0,0,0,0,0,0,0,0,1.1057,1.392,-0.18595,1,0.99992,-0.9821,-0.053324,1,0,0,1.6842,999,999,999,0.31224,0.61121,1.3385,0.39017,0.13119,4.139e-07,9999,1,1,1113.3,4.6387,0.15663,0,0,0,0,0,0,0,0,1,0.95313,0.88462,-0.63525,0,0,0,0,0,10,0.13119,4.139e-07,9999,1,1113.3,4.6387,0.15663,0.95313,0.88462,-0.63525,5,0.011879,1.1057,1,0.97429,-0.72297,-1,-0.9821,-0.22295,0,0,0,0,0,0,0,0
0,0,0,0,0,0,0,0,0.6569,1.2944,0.81993,1,-0.96415,0.00095007,7.3686e-07,0,0,0,0.81658,999,999,999,0.98869,0.99296,0.26937,0.51582,0.18867,4.6343e-07,9999,1,1,610.35,5.7617,0.18419,0,0,0,0,0,0,0,0,1,0.62681,0.39664,-0.82476,0,0,0,0,0,10,0.18867,4.6343e-07,9999,1,610.35,5.7617,0.18419,0.62681,0.39664,-0.82476,0,0.013365,0.6569,1,0.7034,0.73504,-1,-0.96415,-0.00014478,0,0,0,0,0,0,0,0
0,0,0,0,0,0,0,0,0.94423,0.53037,0.10009,-1,0.080987,-0.056506,-7.4554e-05,1,0,0,0.89015,999,999,999,1.0997,0.97361,0.62942,0.8858,0.23543,1.4943e-06,9999,0,1,0,3.7598,0.17632,0,0,0,0,0,0,0,0,1,0.6461,0.54929,-0.126,0,0,0,0,0,10,0.23543,1.4943e-06,9999,1,0,3.7598,0.17632,0.6461,0.54929,-0.126,14,0.014781,0.94423,-1,0.95934,0.95935,-1,-7.4554e-05,-0.014102,0,0,0,0,0,0,0,1
0,0,0,0,0,0,0,0,0.4808,0.9206,0.20974,-1,-1.8019e-05,9.9664e-06,6.7083e-06,1,0,0,0.65922,999,999,999,0.44907,0.50655,0.36177,0.27394,0.16975,5.5548e-07,9999,1,1,644.53,5.0781,0.2218,0,0,0,0,0,0,0,0,1,999,999,999,0,0,0,0,0,0,0,0,0,0,0,0,0,0,0,0,0,0,0,0,0,0.80451,1,9.9664e-06,0.00019081,0,0,0,0,0,0,0,1
0,0,0,0,0,0,0,0,0.88705,0.1387,0.12787,1,0.014358,-0.00019863,0.000126,0,0,0,1.3566,0.67424,0.9612,-0.83111,1.1144,0.79162,0.88359,0,0,0,0,0,0,0,0,0,0,0,0,0,0,0,0,0,0,0,0,0,0,0,0,0,0,0,0,0,0,0,0,0,0,0,0,0,0,0.0044964,0.88705,1,0.72997,0,0,0,0,0,0,0,0,0,0,0,0
0,0,0,0,0,0,0,0,0.66423,0.62376,-0.32804,-1,-0.34209,0.29633,-0.00057741,6,2,0.4961,1.1892,-0.6476,0.99679,-0.93715,0.81853,0.66034,0.32939,0,0,0,0,0,0,0,0,0,0,0,0,0,0,0,0,0,0,0,0,0,0,0,0,0,0,0,0,0,0,0,0,0,0,0,0,0,0,0.0084857,0.81043,1,0.81187,0,0,0,0,0,0,0,0,0,0,0,0
0,0,0,0,0,0,0,0,0.26865,0.2813,0.81869,-1,5.112e-05,-2.6877e-06,-1.242e-06,1,0,0,0.26993,999,999,999,0.59555,0.29197,0.063682,0.10664,0.046287,1.242e-06,9999,1,-1,0,3.6621,0.063682,0,0,0,0,0,0,0,0,1,999,999,999,0,0,0,0,0,0,0,0,0,0,0,0,0,0,0,0,0,0,0,0,0,-0.55128,1,5.112e-05,0.68043,0,0,0,0,0,0,0,1
0.63816,1.5665,-0.41864,-1,0,0,0,0,1.1762,0.81493,-0.57801,1,-0.15821,0.030599,0.00017414,3,1,0.4961,1.2607,999,999,999,0.60122,1.6765,0.15417,0.058743,0.10092,1.3473e-06,9999,1,1,0,3.2227,0.15221,0,0,0,0,0,0,0,0,1,0.63816,0.82206,-0.58209,0,0,0,0,0,10,0.10092,1.3473e-06,9999,1,0,3.2227,0.15221,0.63816,0.82206,-0.58209,21,0.017032,1.1762,1,0.88074,-0.58209,-1,-0.15821,-0.39193,0.63816,1.5665,-0.41864,-1,1,0.14179,0.82206,0
0,0,0,0,0,0,0,0,0.37432,0.189,0.82794,-1,-0.0014856,6.7183e-05,3.3015e-06,1,0,0,0.5543,999,999,999,0.462,0.66677,0.30742,0,0,0,0,0,0,0,0,0,0,0,0,0,0,0,0,0,0,0,0,0,0,0,0,0,0,0,0,0,0,0,0,0,0,0,0,0,0,0,0,0,0,0,0,0,0,0,0,0,0,0,0,0,1
0.54422,0.50747,-0.94997,-1,0,0,0,0,0.76896,0.12982,-0.68292,1,0.0001749,-2.9804e-05,6.8045e-06,0,0,0,1.0019,999,999,999,0.88711,0.44375,0.3629,0,0,0,0,0,0,0,0,0,0,0,0,0,0,0,0,0,0,0,0,0,0,0,0,0,0,0,0,0,0,0,0,0,0,0,0,0,0,0.00456,0.76896,1,0.92397,0,0,0,0,0.54422,0.50747,-0.94997,-1,1,0.0061728,0.80638,0
0,0,0,0,0,0,0,0,0.73441,0.56034,0.021281,1,0.0062711,-4.0852e-05,-2.1308e-05,0,0,0,0.96141,999,999,999,0.85932,0.54996,0.46678,0,0,0,0,0,0,0,0,0,0,0,0,0,0,0,0,0,0,0,0,0,0,0,0,0,0,0,0,0,0,0,0,0,0,0,0,0,0,0.0044451,0.73441,1,0.93941,0,0,0,0,0,0,0,0,0,0,0,1
0,0,0,0,0,0,0,0,1.4534,0.87876,-0.89528,1,0.94696,0.16877,-5.6397e-05,0,0,0,1.3586,0.86761,0.92658,-0.62304,1.0891,1.4056,0.61318,0,0,0,0,0,0,0,0,0,0,0,0,0,0,0,0,0,0,0,0,0,0,0,0,0,0,0,0,0,0,0,0,0,0,0,0,0,0,0.0066763,1.4534,1,0.86956,0,0,0,0,0,0,0,0,0,0,0,1
0,0,0,0,0,0,0,0,0.44249,0,0.59902,-1,0.00088674,-0.00046581,0,0,0,0,0.66971,999,999,999,0.58223,0.67688,0,0,0,0,0,0,0,0,0,0,0,0,0,0,0,0,0,0,0,0,0,0,0,0,0,0,0,0,0,0,0,0,0,0,0,0,0,0,0,0.0069674,0.67549,1,0.95112,0,0,0,0,0,0,0,0,0,0,0,1
0,0,0,0,0,0,0,0,0.81685,0.86361,0.91703,-1,-0.54476,-0.00022297,4.9715e-05,1,0,0,0.99447,-0.83754,-0.99232,-0.9591,1.335,0.69581,0.58969,0.14891,0.066909,1.2093e-06,9999,0,1,0,17.773,0.091278,0,0,0,0,0,0,0,0,1,0.81685,0.98675,-0.078717,0,0,0,0,0,10,0.066909,1.2093e-06,9999,1,0,17.773,0.091278,0.81685,0.98675,-0.078717,4,0.0071125,0.91326,1,0.90511,-0.078717,-1,-0.54476,-0.6031,0,0,0,0,0,0,0,1
0,0,0,0,0,0,0,0,1.4375,0.44051,-0.50211,-1,-0.034339,1.104e-05,-3.83e-07,0,0,0,1.3927,999,999,999,1.3767,0.40307,0.13531,0.85541,0.12813,3.6861e-07,9999,1,1,1152.3,9.082,0.12391,0,0,0,0,0,0,0,0,1,1.4375,0.94744,-0.65797,0,0,0,0,0,10,0.12813,3.6861e-07,9999,1,1152.3,9.082,0.12391,1.4375,0.94744,-0.65797,2,0.0014989,1.4375,-1,0.94744,-0.65797,-1,-0.034339,-0.63524,0,0,0,0,0,0,0,0
1.8101,0.074976,-0.85589,1,0,0,0,0,0.49717,0.64085,0.13447,-1,-0.39458,0.00042881,-3.5316e-05,1,0,0,1.6747,999,999,999,0.47263,1.5795,0.53051,0.84633,0.099597,1.6055e-06,9999,1,-1,0,5.8594,0.18968,0,0,0,0,0,0,0,0,1,1.8101,0.97613,-0.90963,0,0,0,0,0,10,0.099597,1.6055e-06,9999,-1,0,5.8594,0.18968,1.8101,0.97613,-0.90963,-2,0.0072443,1.8101,1,0.97613,-0.90963,1,0.00042881,0.7079,0,0,0,0,0,0,0,1
1.9976,0.093953,-0.75438,1,0,0,0,0,0.76469,0.81698,0.44655,-1,-0.96595,0.085587,-0.000571,1,0,0,2.2215,999,999,999,1.0536,0.99701,0.32501,0,0,0,0,0,0,0,0,0,0,0,0,0,0,0,0,0,0,0,0,0,0,0,0,0,0,0,0,0,0,0,0,0,0,0,0,0,0,0.00024546,1.9976,1,0.98177,0,0,0,0,0,0,0,0,0,0,0,1
0,0,0,0,0,0,0,0,1.0053,1.1299,-0.44039,1,-0.054093,0.0484,0.0046417,0,1,0.50182,1.2914,999,999,999,0.71187,1.2466,0.55017,0,0,0,0,0,0,0,0,0,0,0,0,0,0,0,0,0,0,0,0,0,0,0,0,0,0,0,0,0,0,0,0,0,0,0,0,0,0,0.031183,1.0053,1,0.95056,0,0,0,0,0,0,0,0,0,0,0,1
0,0,0,0,0,0,0,0,0.47944,0.28175,0.97683,1,5.3683e-05,-1.1454e-05,0,0,0,0,0.61608,999,999,999,0.60696,0.40631,0,0,0,0,0,0,0,0,0,0,0,0,0,0,0,0,0,0,0,0,0,0,0,0,0,0,0,0,0,0,0,0,0,0,0,0,0,0,0,0,0,0,0,0,0,0,0,0,0,0,0,0,0,0,1
0,0,0,0,0,0,0,0,2.0164,0.70322,-0.70102,1,0.37778,0.10171,-0.002653,2,0,0,2.0058,2.0164,-0.98929,-0.91167,1.8288,1.8237,0.59849,0.94786,0.20856,8.1557e-06,9999,1,-1,0,3.1738,0.35216,0,0,0,0,0,0,0,0,1,2.0164,0.98929,-0.89154,0,0,0,0,0,10,0.20856,8.1557e-06,9999,-1,0,3.1738,0.35216,2.0164,0.98929,-0.89154,-0,0.0019762,2.0164,1,0.98929,0.99532,1,0.37778,0.33558,0,0,0,0,0,0,0,1
0,0,0,0,0,0,0,0,0.35741,0.50586,0.12161,1,3.0788e-05,-2.7144e-05,-6.9912e-06,0,0,0,0.70894,999,999,999,0.50354,0.49499,0.36506,0.97979,0.19389,7.2752e-07,9999,0,-1,585.94,4.3457,0.26744,0,0,0,0,0,0,0,0,1,999,999,999,0,0,0,0,0,10,0.13282,3.8099e-07,9999,1,957.03,6.4453,0.13378,0.6353,0.76831,-0.14942,0,0.024158,0.6353,-1,0.76831,-0.75658,1,3.0788e-05,0.70187,0,0,0,0,0,0,0,1
0,0,0,0,1.4809,0.13615,0.33157,1,0.95113,0.90931,0.077048,1,-0.99999,0.95055,0.13839,0,0,0,1.7396,999,999,999,0.23415,1.1305,1.9428,0,0,0,0,0,0,0,0,0,0,0,0,0,0,0,0,0,0,0,0,0,0,0,0,0,0,0,0,0,0,0,0,0,0,0,0,0,0,0.019164,1.4809,1,0.8437,0,0,0,0,0,0,0,0,0,0,0,0
0,0,0,0,0,0,0,0,0.51143,0.22661,-0.7908,-1,0.024045,-0.00041632,-8.0466e-05,1,0,0,1.0126,999,999,999,1.3483,0.57695,0.72466,0,0,0,0,0,0,0,0,0,0,0,0,0,0,0,0,0,0,0,0,0,0,0,0,0,0,0,0,0,0,0,0,0,0,0,0,0,0,0.016073,0.8533,1,0.92954,0,0,0,0,0,0,0,0,0,0,0,1
0,0,0,0,0,0,0,0,0.75163,0.070872,-0.49042,-1,0.0037876,-0.00042528,0,0,0,0,0.92126,999,999,999,0.94399,0.52281,0,0,0,0,0,0,0,0,0,0,0,0,0,0,0,0,0,0,0,0,0,0,0,0,0,0,0,0,0,0,0,0,0,0,0,0,0,0,0,0.008793,0.80734,1,0.70267,0,0,0,0,0,0,0,0,0,0,0,0
0,0,0,0,0,0,0,0,0.83243,0.93159,0.62861,1,-0.96955,-0.93627,0.16034,0,0,0,1.6568,-1.1573,-0.99014,-0.95175,0.92991,1.0579,0.98209,0.75106,0.14754,5.4717e-07,9999,1,-1,644.53,5.3223,0.21892,0,0,0,0,0,0,0,0,1,0.83243,0.60712,-0.40551,0,0,0,0,0,10,0.14754,5.4717e-07,9999,-1,644.53,5.3223,0.21892,0.83243,0.60712,-0.40551,-0,0.00023047,1.1573,-1,0.99014,-0.31614,1,0.16034,0.34351,0,0,0,0,0,0,0,0
1.6808,0.30009,-0.92872,-1,0,0,0,0,0.68026,0.29553,0.8165,-1,-0.0073204,-0.00026494,6.2884e-05,0,0,0,1.735,-1.6808,-0.9611,-0.88382,0.95344,1.5562,0.63951,0,0,0,0,0,0,0,0,0,0,0,0,0,0,0,0,0,0,0,0,0,0,0,0,0,0,0,0,0,0,0,0,0,0,0,0,0,0,0.019477,1.6808,-1,0.9611,0,0,0,0,0,0,0,0,0,0,0,0
0,0,0,0,1.0474,0.78472,0.57482,-1,1.3964,0.73005,-0.57651,1,0.046321,-0.0057152,-1.6368e-05,1,0,0,1.7684,999,999,999,1.5304,1.0301,0.43945,0.10022,0.059718,1.2092e-06,9999,0,-1,0,5.0293,0.092739,0,0,0,0,0,0,0,0,1,1.3964,0.81346,-0.59952,0,0,0,0,0,10,0.059718,1.2092e-06,9999,-1,0,5.0293,0.092739,1.3964,0.81346,-0.59952,-6,0.016862,1.3964,1,0.81346,-0.59952,1,0.046321,0.63948,0,0,0,0,0,0,0,0
0,0,0,0,0,0,0,0,0.29156,0.53366,0.72647,-1,-5.7407e-06,5.6611e-06,5.7612e-07,0,0,0,0.47366,999,999,999,0.46827,0.32423,0.2286,0.91453,0.10708,4.0329e-07,9999,1,-1,654.3,5.6641,0.14974,0,0,0,0,0,0,0,0,1,999,999,999,0,0,0,0,0,0,0,0,0,0,0,0,0,0,0,0,0,0,0,0,0,0.73534,1,5.6611e-06,0.77032,0,0,0,0,0,0,0,1
0,0,0,0,0,0,0,0,0.9318,0.37064,-0.16488,1,0.098568,0.083605,4.3856e-07,2,0,0,1.1876,0.73712,-0.72359,-0.69278,1.0423,0.89297,0.17121,0,0,0,0,0,0,0,0,0,0,0,0,0,0,0,0,0,0,0,0,0,0,0,0,0,0,0,0,0,0,0,0,0,0,0,0,0,0,0.006232,0.9318,1,0.98495,0,0,0,0,0,0,0,0,0,0,0,0
0,0,0,0,0,0,0,0,1.3679,0,-0.43598,-1,-0.00012159,1.7207e-05,-4.1367e-07,1,0,0,1.3159,999,999,999,1.859,0.44441,0.15649,0.90036,0.15302,3.4246e-07,9999,0,1,458.98,3.6621,0.10006,0,0,0,0,0,0,0,0,1,1.3679,0.9993,-0.88558,0,0,0,0,0,10,0.15302,3.4246e-07,9999,1,458.98,3.6621,0.10006,1.3679,0.9993,-0.88558,21,0.012788,1.3679,-1,0.9993,-0.88558,-1,-0.00012159,-0.6187,0,0,0,0,0,0,0,0
0,0,0,0,0,0,0,0,0.68451,0.92419,0.3988,1,-0.77324,0.1925,-0.0084917,2,0,0,1.0539,-0.7066,0.92012,-0.47897,0.13,1.2712,0.95482,0.64194,0.18348,0.77324,9999,0,-1,0,43.75,0.13,0,0,0,0,0,0,0,0,1,0.68451,0.92153,-0.5492,0,0,0,0,0,10,0.18348,0.77324,9999,-1,0,43.75,0.13,0.68451,0.92153,-0.5492,-22,0.013482,0.7066,-1,0.92012,0.56498,1,1.9498e-05,3.1124e-05,0,0,0,0,0,0,0,0
1.4132,0.24518,0.88455,-1,0,0,0,0,1.3215,1.0801,-0.93527,1,0.96717,-0.032801,7.3614e-07,0,0,0,1.5967,999,999,999,1.9236,1.1044,0.26922,0.88518,0.20243,7.3614e-07,9999,1,1,673.83,2.7588,0.26922,0,0,0,0,0,0,0,0,1,1.4132,0.99161,-0.86469,0,0,0,0,0,10,0.20243,7.3614e-07,9999,1,673.83,2.7588,0.26922,1.4132,0.99161,-0.86469,21,0.020873,1.4132,-1,0.99161,-0.86469,-1,-0.032801,-0.14702,0,0,0,0,0,0,0,0
0,0,0,0,0,0,0,0,0.52859,0.32326,0.18558,1,0.0010671,0.00072066,-0.0006605,3,0,0,0.76785,999,999,999,0.43218,0.75815,0.38813,0.41328,0.23085,0.0006605,9999,0,-1,444.34,0,0.38813,0,0,0,0,0,0,0,0,1,0.52859,0.94372,-0.10926,0,0,0,0,0,10,0.23085,0.0006605,9999,-1,444.34,0,0.38813,0.52859,0.94372,-0.10926,-4,0.019317,0.53444,-1,0.41747,0.46189,1,0.0010671,0.00028571,0,0,0,0,0,0,0,0
0,0,0,0,0,0,0,0,1.3618,0.37535,-0.32683,-1,-0.0056284,-0.00059259,0.000181,4,2,0.50123,1.6378,-0.63584,-0.96411,-0.96977,1.6368,0.34048,0.9607,0.46186,0.18295,3.5226e-07,9999,0,1,1894.5,13.672,0.10953,0,1,0,0,0,0,0,0,1,1.3618,0.94649,-0.17578,0,0,0,0,0,10,0.18295,3.5226e-07,9999,1,1894.5,13.672,0.10953,1.3618,0.94649,-0.17578,5,0.0092379,0.66194,1,0.33078,0.9345,-1,-1.7736e-06,-0.015602,0,0,0,0,0,0,0,1
0,0,0,0,0,0,0,0,0.89837,0.48669,-0.88692,-1,-5.3664e-05,1.2579e-06,0,1,0,0,0.49764,999,999,999,0.60556,0.12849,0,0.83462,0.053404,1.2579e-06,9999,0,1,0,8.3984,0.12849,0,0,0,0,0,0,0,0,1,0.89837,0.95533,-0.92256,0,0,0,0,0,10,0.053404,1.2579e-06,9999,1,0,8.3984,0.12849,0.89837,0.95533,-0.92256,2,0.032747,0.89837,-1,0.95533,-0.92256,-1,-5.3664e-05,-0.76497,0,0,0,0,0,0,0,0
0,0,0,0,0,0,0,0,1.1713,0.71878,0.61536,1,0.90953,0.0001147,-7.7314e-05,0,0,0,1.4739,999,999,999,1.603,0.5939,0.7166,0,0,0,0,0,0,0,0,0,0,0,0,0,0,0,0,0,0,0,0,0,0,0,0,0,0,0,0,0,0,0,0,0,0,0,0,0,0,0.017624,1.1713,1,0.93426,0,0,0,0,0,0,0,0,0,0,0,1
0.51571,1.2131,-0.7177,1,0,0,0,0,0.2381,0.24971,0.26526,-1,0.00081666,0.00030795,-6.7944e-07,0,0,0,0.64862,0.51571,-0.81746,-0.4999,0.65524,0.70654,0.25679,0.89757,0.16187,6.7944e-07,9999,1,-1,488.28,4.1504,0.25679,0,0,0,0,0,0,0,0,1,0.51571,0.81746,-0.55805,0,0,0,0,0,10,0.20706,3.5761e-07,9999,-1,1484.4,10.742,0.11442,0.51571,0.81746,-0.22153,-4,0.00095412,0.51571,1,0.81746,0.96287,1,0.00081666,0.55655,0.51571,1.2131,-0.7177,1,1,0.00095412,0.81746,0
0.40637,1.0392,0.26528,1,0,0,0,0,0.9777,0.67795,-0.68206,-1,0.060095,0.0014701,0.00062778,1,0,0,0.72258,999,999,999,0.65183,0.84591,0.33446,0.78932,0.13243,5.2995e-07,9999,1,-1,590.82,5.4199,0.21268,0,0,0,0,0,0,0,0,1,999,999,999,0,0,0,0,0,0,0,0,0,0,0,0,0,0,0,0,0,0.018364,0.53172,1,0.98234,-0.001549,1,0.060095,0.5168,0.40637,1.0392,0.26528,1,1,0.012245,0.46464,0
0,0,0,0,0,0,0,0,1.1659,0.15851,0.020313,1,0.045301,0,0,0,0,0,1.1443,999,999,999,1.4402,0,0,0,0,0,0,0,0,0,0,0,0,0,0,0,0,0,0,0,0,0,0,0,0,0,0,0,0,0,0,0,0,0,0,0,0,0,0,0,0,0.0073824,1.1659,1,0.75726,0,0,0,0,0,0,0,0,0,0,0,1
0,0,0,0,1.5002,0.043881,0.63356,-1,0.83739,1.4028,-0.94635,-1,-0.96373,-0.086785,0.00022213,2,0,0,1.9349,-1.5002,0.98477,-0.98439,1.1283,1.5811,0.2542,0,0,0,0,0,0,0,0,0,0,0,0,0,0,0,0,0,0,0,0,0,0,0,0,0,0,0,0,0,0,0,0,0,0,0,0,0,0,1.7444e-05,1.5002,-1,0.98477,0,0,0,0,0,0,0,0,0,0,0,0
0,0,0,0,0,0,0,0,0.52831,0.84356,-0.092215,-1,-0.98259,0.0027892,0.00056817,1,2,0.50251,1.1016,999,999,999,0.72676,0.71611,0.54232,0.88541,0.20976,8.2273e-07,9999,1,1,468.75,4.2969,0.28532,0,0,0,0,0,0,0,0,1,999,999,999,0,0,0,0,0,0,0,0,0,0,0,0,0,0,0,0,0,0.007122,0.81032,1,0.86639,0.71561,-1,-0.98259,-0.096643,0,0,0,0,0,0,0,1
0,0,0,0,0,0,0,0,0.74927,0.61643,-0.98277,-1,-3.1514e-05,-3.3847e-07,0,1,0,0,0.43856,999,999,999,0.51444,0.095994,0,0,0,0,0,0,0,0,0,0,0,0,0,0,0,0,0,0,0,0,0,0,0,0,0,0,0,0,0,0,0,0,0,0,0,0,0,0,0,0.0018738,0.74927,-1,0.92392,0,0,0,0,0,0,0,0,0,0,0,1
1.2392,0,-0.87542,-1,0,0,0,0,0.44456,0,-0.53352,1,-0.0016957,0.00042601,5.2219e-07,0,0,0,0.88535,999,999,999,1.967,0.65634,0.20974,0.23583,0.23317,5.2219e-07,9999,1,1,610.35,4.0039,0.20974,0,0,0,0,0,0,0,0,1,1.2392,0.93389,-0.26467,0,0,0,0,0,10,0.23317,5.2219e-07,9999,1,610.35,4.0039,0.20974,1.2392,0.93389,-0.26467,5,0.0026213,1.2392,-1,0.93389,-0.26467,-1,-0.0016957,-0.00017692,0,0,0,0,0,0,0,0
0,0,0,0,0,0,0,0,0.87899,0.31503,-0.62485,-1,-0.87171,0.052669,0.00021509,1,0,0,1.1206,999,999,999,1.0129,1.1254,0.9113,0.77896,0.12152,1.7916e-06,9999,1,1,0,5.0781,0.2072,0,0,0,0,0,0,0,0,1,0.87899,0.73536,-0.84737,0,0,0,0,0,10,0.12152,1.7916e-06,9999,1,0,5.0781,0.2072,0.87899,0.73536,-0.84737,6,0.012185,0.87899,-1,0.73536,-0.84737,-1,-0.87171,-0.56916,0,0,0,0,0,0,0,0
0,0,0,0,0,0,0,0,0.47506,0.14805,-0.035794,1,0.99918,-0.95532,-0.030661,0,0,0,1.2755,999,999,999,0.45544,1.1777,1.1586,0,0,0,0,0,0,0,0,0,0,0,0,0,0,0,0,0,0,0,0,0,0,0,0,0,0,0,0,0,0,0,0,0,0,0,0,0,0,0.017964,0.89157,-1,0.86781,0,0,0,0,0,0,0,0,0,0,0,1
0,0,0,0,0,0,0,0,0.83972,0.83267,-0.47255,-1,-0.17395,8.1179e-05,-2.3495e-05,1,0,0,0.99123,-0.58099,-0.98916,-0.91207,1.3609,0.70894,0.47774,0,0,0,0,0,0,0,0,0,0,0,0,0,0,0,0,0,0,0,0,0,0,0,0,0,0,0,0,0,0,0,0,0,0,0,0,0,0,0.0078931,0.68895,1,0.85165,0,0,0,0,0,0,0,0,0,0,0,1
0,0,0,0,0,0,0,0,0.59535,0.12254,0.15889,1,0.11561,0.00035133,6.4034e-05,2,0,0,0.96401,0.59535,0.79337,-0.046934,0.93001,0.71643,0.65152,0.37888,0.13887,3.5538e-07,9999,0,-1,1503.9,7.8125,0.1124,0,0,0,0,0,0,0,0,1,0.59535,0.79337,-0.57502,0,0,0,0,0,10,0.13887,3.5538e-07,9999,-1,1503.9,7.8125,0.1124,0.59535,0.79337,-0.57502,-6,0.017841,0.75568,1,0.53635,0.41468,1,0.11561,0.16689,0,0,0,0,0,0,0,0
0,0,0,0,1.2199,0.56766,-0.94541,1,0.47262,0.46644,0.68974,-1,0.057351,-0.00038514,1.8692e-06,2,1,0.4979,1.2785,999,999,999,1.6475,0.51738,0.37779,0.50619,0.2388,1.8692e-06,9999,0,1,458.98,3.5156,0.37779,0,1,0,0,0,0,0,0,1,999,999,999,0,0,0,0,0,0,0,0,0,0,0,0,0,0,0,0,0,0.0093565,1.2199,1,0.96956,-0.031058,-1,-0.00038514,-0.00019544,0,0,0,0,0,0,0,1
0,0,0,0,0,0,0,0,1.3506,0,-0.96306,1,0.037339,-0.00073481,1.2128e-06,2,0,0,1.0284,999,999,999,2.096,0.928,0.08308,0.28735,0.18556,9.6085e-07,9999,0,-1,424.8,4.1016,0.30593,0,0,0,0,0,0,0,0,1,999,999,999,0,0,0,0,0,0,0,0,0,0,0,0,0,0,0,0,0,0.014801,1.3506,1,0.96306,0.055775,1,0.037339,0.0066113,0,0,0,0,0,0,0,1
0,0,0,0,0.69122,1.421,-0.4449,1,0.68905,1.4047,0.297,1,0.99951,-0.98409,-0.936,1,0,0,1.117,0.69122,-0.63533,-0.89209,0.42425,0.59958,0.39564,0.71639,0.16732,3.8866e-07,9999,0,-1,927.73,8.0078,0.13951,0,0,0,0,0,0,0,0,1,0.75544,0.90872,-0.81336,0,0,0,0,0,10,0.19794,0.936,9999,-1,0,9.5703,0.39564,0.69122,0.63533,-0.41261,-22,0.0017268,0.75544,1,0.90872,0.12214,1,0.99951,0.14055,0,0,0,0,0,0,0,0
0,0,0,0,0.88337,0.68427,-0.48678,-1,0.047533,1.3012,-0.64297,-1,0.00063436,0.00017729,-0.00012759,6,2,0.50337,0.94291,999,999,999,0.38428,0.12828,0.93687,0.96383,0.047533,1.2101e-06,9999,0,-1,0,10.352,0.097513,0,0,0,0,0,0,0,0,1,999,999,999,0,0,0,0,0,10,0.18595,0.00017729,9999,1,898.44,0,0.12828,0.88337,0.84439,-0.46376,0,0.0080371,0.88337,-1,0.84439,-0.35946,1,7.4806e-06,0.8399,0,0,0,0,0,0,0,1
0,0,0,0,0,0,0,0,0.76966,1.9148,-0.94607,-1,-0.232,-0.0099925,8.6878e-05,1,0,0,1.1199,-0.51938,-0.96821,-0.55774,1.2193,0.69291,0.74817,0.33267,0.07374,1.2606e-06,9999,0,1,0,10.156,0.12945,0,0,0,0,0,0,0,0,1,0.76966,0.54628,-0.29439,0,0,0,0,0,10,0.07374,1.2606e-06,9999,1,0,10.156,0.12945,0.76966,0.54628,-0.29439,6,0.031548,0.76966,-1,0.54628,-0.29439,-1,-0.232,-0.58566,0,0,0,0,0,0,0,1
0,0,0,0,0,0,0,0,0.5742,1.7312,-0.514,1,5.3916e-05,-4.2678e-07,0,0,0,0,0.58321,999,999,999,0.60781,0.16448,0,0.96973,0.12724,4.2678e-07,9999,1,-1,693.36,4.1992,0.16448,0,0,0,0,0,0,0,0,1,0.5742,0.91364,-0.80292,0,0,0,0,0,10,0.12724,4.2678e-07,9999,-1,693.36,4.1992,0.16448,0.5742,0.91364,-0.80292,-2,0.0090947,0.5742,1,0.91364,-0.80292,1,5.3916e-05,0.85228,0,0,0,0,0,0,0,1
0,0,0,0,0,0,0,0,1.5663,0,-0.806,-1,-0.99901,-0.12057,9.6699e-05,0,0,0,1.53,-1.5663,0.68366,-0.4584,0.46736,2.3302,0.83058,0,0,0,0,0,0,0,0,0,0,0,0,0,0,0,0,0,0,0,0,0,0,0,0,0,0,0,0,0,0,0,0,0,0,0,0,0,0,0.0093774,1.5663,-1,0.68366,0,0,0,0,0,0,0,0,0,0,0,0
0,0,0,0,0,0,0,0,0.44119,0.097703,0.96205,-1,-0.97674,-0.00048774,7.1168e-05,0,0,0,1.1391,-0.73776,-0.89241,-0.66412,0.68991,0.94962,0.68236,0,0,0,0,0,0,0,0,0,0,0,0,0,0,0,0,0,0,0,0,0,0,0,0,0,0,0,0,0,0,0,0,0,0,0,0,0,0,0.0088074,0.73776,-1,0.89241,0,0,0,0,0,0,0,0,0,0,0,0
0,0,0,0,0,0,0,0,1.2018,0.63367,0.25136,-1,-0.15159,9.6576e-05,1.5642e-05,1,0,0,1.3596,-0.66837,-0.30196,-0.35196,1.7356,0.76911,0.43502,0.99914,0.10312,4.5843e-07,9999,0,1,256.35,4.5898,0.1817,0,0,0,0,0,0,0,0,1,0.66837,0.30196,-0.3059,0,0,0,0,0,10,0.10312,4.5843e-07,9999,1,256.35,4.5898,0.1817,0.66837,0.30196,-0.3059,2,0.031854,1.2018,-1,0.99375,0.98913,-1,-0.15159,-0.90409,0,0,0,0,0,0,0,0
0,0,0,0,0,0,0,0,0.15861,1.779,-0.67642,1,0.0016067,-6.1917e-05,-1.2194e-06,1,0,0,0.62032,999,999,999,0.73125,0.55556,0.076427,0.88246,0.12295,4.7844e-07,9999,1,-1,683.59,5.9082,0.19133,0,0,0,0,0,0,0,0,1,999,999,999,0,0,0,0,0,0,0,0,0,0,0,0,0,0,0,0,0,0,0,0,0,-0.24685,1,0.0016067,0.63887,0,0,0,0,0,0,0,1
0.41372,0.43333,-0.88895,1,0,0,0,0,0.54897,0.43333,-0.85611,-1,-0.00052068,-5.1049e-05,3.9264e-06,1,1,0.50287,0.65516,999,999,999,0.58068,0.5654,0.32047,0.73498,0.15354,4.6875e-07,9999,1,-1,634.77,3.9062,0.18678,0,0,0,0,0,0,0,0,1,999,999,999,0,0,0,0,0,0,0,0,0,0,0,0,0,0,0,0,0,0.00087893,0.54897,-1,0.91057,0.98648,1,3.9264e-06,0.068151,0.41372,0.43333,-0.88895,1,1,0.032957,0.90984,0
0,0,0,0,0,0,0,0,0.83094,0,-0.52113,1,-0.014337,3.6338e-05,3.3129e-05,0,0,0,0.89955,999,999,999,0.97514,0.5346,0.52107,0.81678,0.17985,6.8815e-07,9999,1,-1,429.69,4.0039,0.25882,0,0,0,0,0,0,0,0,1,0.83094,0.80809,-0.52865,0,0,0,0,0,10,0.17985,6.8815e-07,9999,-1,429.69,4.0039,0.25882,0.83094,0.80809,-0.52865,-1,0.0027992,0.83094,1,0.80809,0.96754,1,3.3129e-05,0.18211,0,0,0,0,0,0,0,0
0,0,0,0,0,0,0,0,1.948,0.192,-0.836,-1,-0.95458,-0.47333,1.3621e-05,1,0,0,1.5218,-1.948,0.99746,-0.82035,1.1383,3.2311,0.4218,0,0,0,0,0,0,0,0,0,0,0,0,0,0,0,0,0,0,0,0,0,0,0,0,0,0,0,0,0,0,0,0,0,0,0,0,0,0,0.016874,1.371,-1,0.85328,0,0,0,0,0,0,0,0,0,0,0,0
0,0,0,0,0,0,0,0,1.5916,0.17776,-0.94349,1,-0.00067229,0.00053115,0,0,0,0,1.6302,999,999,999,0.74354,1.7549,0,0,0,0,0,0,0,0,0,0,0,0,0,0,0,0,0,0,0,0,0,0,0,0,0,0,0,0,0,0,0,0,0,0,0,0,0,0,0,0.0031184,1.5916,1,0.99667,0,0,0,0,0,0,0,0,0,0,0,1
0,0,0,0,0,0,0,0,1.292,0.93551,-0.92958,1,-0.99959,0.016818,0.0012103,3,0,0,1.3465,999,999,999,0.34683,1.5268,0.44351,0.39021,0.11276,1.2092e-06,9999,0,-1,0,15.82,0.092905,0,0,0,0,0,0,0,0,1,1.292,0.9631,-0.36504,0,0,0,0,0,10,0.11276,1.2092e-06,9999,-1,0,15.82,0.092905,1.292,0.9631,-0.36504,-5,0.0042706,1.292,1,0.9631,-0.021953,1,1.2193e-06,0.35999,0,0,0,0,0,0,0,0
0,0,0,0,0,0,0,0,2.1103,0.2854,-0.91028,-1,-0.00023058,-7.4421e-05,-4.546e-05,1,1,0.49591,1.9537,-0.65718,-0.81063,-0.72078,3.1036,0.65332,0.57208,0.98036,0.12864,3.3595e-07,9999,1,1,1757.8,18.164,0.09335,0,0,0,0,0,0,0,0,1,2.1103,0.99013,-0.96471,0,0,0,0,0,10,0.12864,3.3595e-07,9999,1,1757.8,18.164,0.09335,2.1103,0.99013,-0.96471,2,0.010775,2.1103,-1,0.99013,0.81134,-1,-7.4421e-05,-0.87249,0,0,0,0,0,0,0,0
1.5179,0.57908,-0.48633,-1,0,0,0,0,1.5789,0.33981,-0.14876,1,0.027508,-0.0006008,0,0,0,0,1.7719,999,999,999,1.4802,2.3553,0,0,0,0,0,0,0,0,0,0,0,0,0,0,0,0,0,0,0,0,0,0,0,0,0,0,0,0,0,0,0,0,0,0,0,0,0,0,0,0.01037,1.5789,1,0.94687,0,0,0,0,0,0,0,0,0,0,0,0
0,0,0,0,0,0,0,0,1.5338,0.53803,-0.67685,-1,0.20576,-0.055413,5.4133e-06,0,0,0,1.7216,999,999,999,1.0047,1.6726,0.34498,0,0,0,0,0,0,0,0,0,0,0,0,0,0,0,0,0,0,0,0,0,0,0,0,0,0,0,0,0,0,0,0,0,0,0,0,0,0,0.062314,1.5338,-1,0.97403,0,0,0,0,0,0,0,0,0,0,0,0
0.39194,2.1223,-0.62597,1,0,0,0,0,1.3445,0.95695,-0.68749,1,-0.99942,0.053083,0.0062603,0,0,0,1.8855,-0.53143,-0.99272,-0.94413,0.43498,1.1772,1.5322,0.98603,0.14878,4.3495e-07,9999,0,-1,742.19,4.834,0.16919,1,0,-0.077482,-0.50263,0.28098,0.0030035,0.15233,0.053044,1,1.1005,0.98701,-0.95219,0,0,0,0,0,10,0.14878,4.3495e-07,9999,-1,742.19,4.834,0.16919,1.1005,0.98701,-0.95219,-4,0.0065966,1.3445,1,0.96035,-0.93754,-1,-0.99942,-0.87047,0.39194,2.1223,-0.62597,1,1,0.061558,0.15321,0
0,0,0,0,0,0,0,0,0.35184,1.0274,-0.22516,-1,0.94222,-5.3206e-05,-1.0717e-05,1,0,0,0.88401,999,999,999,0.94936,0.58836,0.40049,0.45984,0.049906,1.2097e-06,9999,0,1,0,2.8809,0.089257,0,0,0,0,0,0,0,0,1,999,999,999,0,0,0,0,0,0,0,0,0,0,0,0,0,0,0,0,0,0.013642,0.77,-1,0.81595,0.80537,-1,-5.3206e-05,-0.75915,0,0,0,0,0,0,0,1
0,0,0,0,0,0,0,0,0.82539,0.57106,0.00085458,-1,0.94114,-0.068832,3.4844e-05,2,0,0,0.72049,999,999,999,0.30663,1.1555,0.49345,0,0,0,0,0,0,0,0,0,0,0,0,0,0,0,0,0,0,0,0,0,0,0,0,0,0,0,0,0,0,0,0,0,0,0,0,0,0,0.0044265,0.82539,-1,0.49979,0,0,0,0,0,0,0,0,0,0,0,1
0,0,0,0,0,0,0,0,0.70358,0.064405,-0.6842,-1,-0.13934,5.2643e-06,-3.6837e-06,1,0,0,0.59508,999,999,999,1.0717,0.34283,0.31566,0.67293,0.071776,1.2093e-06,9999,0,1,0,16.016,0.094142,0,0,0,0,0,0,0,0,1,0.70358,0.97298,-0.48686,0,0,0,0,0,10,0.071776,1.2093e-06,9999,1,0,16.016,0.094142,0.70358,0.97298,-0.48686,2,0.046203,0.70358,-1,0.97298,-0.48686,-1,-0.13934,-0.73208,0,0,0,0,0,0,0,0
0,0,0,0,0,0,0,0,0.67834,1.4948,-0.54356,1,-0.66497,-0.003771,0.00017682,0,0,0,1.326,-0.67197,-0.96111,-0.55561,0.52646,0.56558,0.91699,0.78088,0.092557,4.0847e-07,9999,1,-1,791.02,7.8125,0.15316,0,0,0,0,0,0,0,0,1,0.67834,0.86333,-0.89368,0,0,0,0,0,10,0.092557,4.0847e-07,9999,-1,791.02,7.8125,0.15316,0.67834,0.86333,-0.89368,-5,0.0062895,0.75083,1,0.90313,0.94578,1,0.00017682,0.68839,0,0,0,0,0,0,0,1
0,0,0,0,0,0,0,0,0.54095,0.56726,0.61376,-1,0.99544,-0.95005,-0.00050895,2,1,0.49792,0.73935,999,999,999,0.56871,0.59611,0.82721,0,0,0,0,0,0,0,0,0,0,0,0,0,0,0,0,0,0,0,0,0,0,0,0,0,0,0,0,0,0,0,0,0,0,0,0,0,0,0.00073797,0.54095,-1,0.75634,0,0,0,0,0,0,0,0,0,0,0,1
0,0,0,0,0,0,0,0,0.4818,1.5586,-0.87311,-1,0.9999,-0.77611,-0.0065322,0,0,0,0.70386,999,999,999,0.34239,0.57055,0.30651,0.14814,0.045153,1.2195e-06,9999,1,-1,0,14.648,0.10917,0,0,0,0,0,0,0,0,1,0.58451,0.64241,-0.25117,0,0,0,0,0,10,0.045153,1.2195e-06,9999,-1,0,14.648,0.10917,0.58451,0.64241,-0.25117,-0,0.027905,0.58451,1,0.64241,-0.25117,1,0.9999,0.6764,0,0,0,0,0,0,0,0
2.1008,0.089605,-0.60912,1,1.6031,0.27157,0.16385,-1,0,0,0,0,-0.00011436,7.6047e-05,0,0,1,0.49728,2.5535,999,999,999,2.0922,2.1448,0,0,0,0,0,0,0,0,0,0,0,0,0,0,0,0,0,0,0,0,0,0,0,0,0,0,0,0,0,0,0,0,0,0,0,0,0,0,0,0.022413,2.1008,1,0.97801,0,0,0,0,0,0,0,0,0,0,0,1
0.49683,0.49441,0.77793,-1,0,0,0,0,1.5072,0.26177,-0.84101,-1,-0.97173,-0.021723,0.016915,4,0,0,1.8215,-1.5072,0.98144,-0.54999,0.93547,1.7485,0.56294,0,0,0,0,0,0,0,0,0,0,0,0,0,0,0,0,0,0,0,0,0,0,0,0,0,0,0,0,0,0,0,0,0,0,0,0,0,0,0.0036585,1.5072,-1,0.98144,0,0,0,0,0.49683,0.49441,0.77793,-1,1,0.012165,0.22716,1
0,0,0,0,0,0,0,0,0.34575,0.74886,0.9366,-1,-0.97465,0.00050643,-1.9777e-05,1,0,0,0.99695,999,999,999,0.74487,0.5917,0.55204,0.45106,0.19457,6.4365e-07,9999,1,1,507.81,4.248,0.24796,0,0,0,0,0,0,0,0,1,999,999,999,0,0,0,0,0,10,0.22147,3.8152e-07,9999,-1,1025.4,6.7383,0.13419,0.6329,0.73828,-0.14335,-6,0.008173,0.94623,-1,0.86729,0.31226,-1,-0.97465,-0.0060126,0,0,0,0,0,0,0,0
0,0,0,0,0,0,0,0,0.91917,0.41154,0.0079871,1,0.96281,0.00083398,-4.3133e-06,0,0,0,0.93825,999,999,999,1.3739,0.63362,0.32759,0,0,0,0,0,0,0,0,0,0,0,0,0,0,0,0,0,0,0,0,0,0,0,0,0,0,0,0,0,0,0,0,0,0,0,0,0,0,0.0081966,0.91917,1,0.96576,0,0,0,0,0,0,0,0,0,0,0,1
0,0,0,0,0,0,0,0,1.4706,0.38649,-0.92515,-1,0.40725,-0.00056127,-0.00049404,2,0,0,1.4552,999,999,999,0.84125,0.37213,1.8658,0.74721,0.16219,6.516e-07,9999,1,1,585.94,4.248,0.25,0,0,0,0,0,0,0,0,1,1.4706,0.98327,-0.61531,0,0,0,0,0,10,0.16219,6.516e-07,9999,1,585.94,4.248,0.25,1.4706,0.98327,-0.61531,2,0.007572,1.4706,-1,0.98327,0.90673,-1,-0.00056127,-0.21405,0,0,0,0,0,0,0,0
0,0,0,0,1.0736,0.84241,0.3488,1,0.24135,0.92581,0.26871,-1,0.002689,8.19e-06,-9.8488e-07,0,0,0,0.78476,999,999,999,0.78112,0.35247,0.30904,0.67341,0.17299,4.3213e-07,9999,1,-1,888.67,8.7891,0.16759,0,0,0,0,0,0,0,0,1,1.0736,0.88076,-0.24755,0,0,0,0,0,10,0.17299,4.3213e-07,9999,-1,888.67,8.7891,0.16759,1.0736,0.88076,-0.24755,-0,0.014608,1.0736,1,0.88076,0.44975,1,8.19e-06,0.006637,0,0,0,0,0,0,0,0
0,0,0,0,0,0,0,0,0.57981,0.056186,-0.56654,-1,-0.99298,-0.066066,0.00017412,1,0,0,1.1436,999,999,999,0.6139,0.81236,0.15652,0.60038,0.23733,0.00017412,9999,0,1,722.66,0,0.15652,0,0,0,0,0,0,0,0,1,0.57981,0.66458,-0.1834,0,0,0,0,0,10,0.23733,0.00017412,9999,1,722.66,0,0.15652,0.57981,0.66458,-0.1834,5,0.014093,0.81272,1,0.99927,0.89012,-1,-0.99298,-0.00030401,0,0,0,0,0,0,0,0
0,0,0,0,0,0,0,0,1.3651,0.32438,-0.90826,-1,-0.30749,-0.044945,0.0027553,2,1,0.49915,1.4437,-1.3651,0.94694,-0.95509,1.3793,1.7664,1.0275,0.99787,0.2053,4.7606e-07,9999,1,1,683.59,4.541,0.19023,0,0,0,0,0,0,0,0,1,1.3651,0.94694,-0.92572,0,0,0,0,0,10,0.2053,4.7606e-07,9999,1,683.59,4.541,0.19023,1.3651,0.94694,-0.92572,0,0.010156,1.3651,-1,0.94694,0.78108,-1,-0.30749,-0.71922,0,0,0,0,0,0,0,1
0,0,0,0,0,0,0,0,0.55226,0.47328,0.51677,-1,-0.0016799,-1.5054e-06,5.6495e-07,0,0,0,0.42998,999,999,999,0.8724,0.17779,0.22498,0.56195,0.11557,1.5054e-06,9999,1,-1,0,6.25,0.17779,1,0,0.76614,0.33012,-0.029206,0.1656,0.003223,0.3244,1,999,999,999,0,0,0,0,0,10,0.24284,4.6102e-07,9999,1,620.12,4.7852,0.183,0.55226,0.75333,-0.76905,0,0.078112,0.55226,-1,0.75333,0.96678,-1,-1.5054e-06,-0.37757,0,0,0,0,0,0,0,0
1.495,0.49663,-0.8205,1,0,0,0,0,0.23072,1.7707,0.29722,-1,0.00012224,4.3283e-07,-4.3015e-07,1,0,0,1.4879,999,999,999,1.9004,0.16799,0.16645,0.97093,0.099825,3.8128e-07,9999,0,-1,937.5,8.4961,0.134,0,0,0,0,0,0,0,0,1,1.495,0.99181,-0.98131,0,0,0,0,0,10,0.099825,3.8128e-07,9999,-1,937.5,8.4961,0.134,1.495,0.99181,-0.98131,-2,0.0055955,1.495,1,0.99181,-0.98131,1,0.00012224,0.85996,0,0,0,0,0,0,0,1
0,0,0,0,0,0,0,0,1.492,0.31353,0.25275,-1,0.95924,-0.90313,0.46623,1,0,0,1.8882,999,999,999,1.795,1.2822,0.88433,0,0,0,0,0,0,0,0,0,0,0,0,0,0,0,0,0,0,0,0,0,0,0,0,0,0,0,0,0,0,0,0,0,0,0,0,0,0,0.0031615,1.492,-1,0.99166,0,0,0,0,0,0,0,0,0,0,0,1
0,0,0,0,0,0,0,0,0.53806,0.3357,-0.7955,-1,-0.12554,0.032425,3.1759e-05,4,1,0.49254,0.5671,999,999,999,0.84688,0.81824,0.5155,0.71601,0.11712,3.3691e-07,9999,0,1,683.59,3.9551,0.094365,0,0,0,0,0,0,0,0,1,0.53806,0.92493,-0.43822,0,0,0,0,0,10,0.11712,3.3691e-07,9999,1,683.59,3.9551,0.094365,0.53806,0.92493,-0.43822,8,0.00049951,0.53806,-1,0.92493,-0.43822,-1,-0.12554,-0.53377,0,0,0,0,0,0,0,0
0,0,0,0,0,0,0,0,0.58644,0.87764,-0.68659,-1,0.00020605,-4.1805e-05,-3.8776e-06,0,0,0,0.85411,999,999,999,0.68214,0.55737,0.31953,0,0,0,0,0,0,0,0,0,0,0,0,0,0,0,0,0,0,0,0,0,0,0,0,0,0,0,0,0,0,0,0,0,0,0,0,0,0,0.0021059,0.58898,1,0.93629,0,0,0,0,0,0,0,0,0,0,0,0
0.55814,0.94381,0.14055,-1,0,0,0,0,1.701,0.55814,-0.91782,-1,-0.31313,0.0091624,0.00012758,0,0,0,1.7117,999,999,999,2.6682,1.2378,0.87779,0,0,0,0,0,0,0,0,0,0,0,0,0,0,0,0,0,0,0,0,0,0,0,0,0,0,0,0,0,0,0,0,0,0,0,0,0,0,8.4617e-05,1.701,-1,0.8746,0,0,0,0,0.55814,0.94381,0.14055,-1,1,0.025249,0.69855,0
0,0,0,0,0,0,0,0,0.58818,0.51095,-0.14121,-1,0.0040284,-0.0002441,-0.00014575,1,1,0.49709,0.83696,999,999,999,0.90837,0.71959,0.56503,0,0,0,0,0,0,0,0,0,0,0,0,0,0,0,0,0,0,0,0,0,0,0,0,0,0,0,0,0,0,0,0,0,0,0,0,0,0,0.05631,0.55597,1,0.7084,0,0,0,0,0,0,0,0,0,0,0,0
0.2568,1.0762,0.33086,-1,0,0,0,0,0.35543,1.7514,-0.87392,1,-6.5319e-05,3.3127e-05,8.2856e-06,0,0,0,0.61413,999,999,999,0.65948,0.52139,0.49398,0,0,0,0,0,0,0,0,0,0,0,0,0,0,0,0,0,0,0,0,0,0,0,0,0,0,0,0,0,0,0,0,0,0,0,0,0,0,0,0,0,0,0,0,0,0,0.2568,1.0762,0.33086,-1,1,0.063395,0.83585,0
0,0,0,0,0,0,0,0,0.90372,0.7773,-0.61943,-1,0.97956,-0.059999,-0.039436,3,1,0.49592,1.3987,999,999,999,0.71099,0.8669,1.0694,0.88348,0.16805,5.5287e-07,9999,0,-1,581.05,3.9551,0.22091,0,1,0,0,0,0,0,0,1,0.76548,0.38151,-0.76904,0,0,0,0,0,10,0.16805,5.5287e-07,9999,-1,581.05,3.9551,0.22091,0.76548,0.38151,-0.76904,-9,0.0076339,0.90372,-1,0.96092,0.34023,1,0.97956,0.31707,0,0,0,0,0,0,0,1
1.9345,0.10008,-0.82309,-1,0,0,0,0,0.56422,0.17543,0.19182,1,-0.0047322,7.576e-05,3.7797e-05,0,0,0,1.5724,999,999,999,1.4596,0.71527,0.53429,0,0,0,0,0,0,0,0,0,0,0,0,0,0,0,0,0,0,0,0,0,0,0,0,0,0,0,0,0,0,0,0,0,0,0,0,0,0,0.0064858,1.9345,-1,0.9243,0,0,0,0,0,0,0,0,0,0,0,0
0,0,0,0,0,0,0,0,0.39405,0.16872,-0.64176,-1,-1.7294e-05,0,0,0,0,0,0.39754,999,999,999,0.44492,0,0,0,0,0,0,0,0,0,0,0,0,0,0,0,0,0,0,0,0,0,0,0,0,0,0,0,0,0,0,0,0,0,0,0,0,0,0,0,0,0,0,0,0,0,0,0,0,0,0,0,0,0,0,0,1
0,0,0,0,0,0,0,0,1.445,0,-0.80253,-1,-0.96344,-0.024662,1.2828e-06,2,0,0,1.2718,-1.445,-0.92274,-0.98113,1.0363,1.1562,0.13654,0.35051,0.22329,1.254e-06,9999,1,-1,0,8.7891,0.12704,0,0,0,0,0,0,0,0,1,999,999,999,0,0,0,0,0,10,0.23114,3.9831e-07,9999,1,869.14,6.543,0.14636,0.67193,0.94808,-0.25608,5,0.00074408,1.445,-1,0.92274,-0.25608,-1,-0.96344,-0.00039021,0,0,0,0,0,0,0,0
0,0,0,0,0,0,0,0,0.97272,0.32156,-0.55721,1,0.55196,0.010415,-1.5218e-05,2,0,0,0.90603,0.97272,0.94869,-0.82882,0.11429,1.4338,0.43238,0.73971,0.072504,1.211e-06,9999,1,-1,168.46,16.211,0.099549,0,0,0,0,0,0,0,0,1,0.97272,0.94869,-0.49295,0,0,0,0,0,10,0.072504,1.211e-06,9999,-1,168.46,16.211,0.099549,0.97272,0.94869,-0.49295,-6,0.030343,0.5971,-1,0.86281,0.24949,1,0.55196,0.73297,0,0,0,0,0,0,0,0
0,0,0,0,0,0,0,0,0.84938,0,-0.96594,1,0.056478,5.6729e-07,0,0,0,0,0.74057,999,999,999,1.244,0.22575,0,0.38376,0.2254,5.6729e-07,9999,1,1,449.22,3.5156,0.22575,0,0,0,0,0,0,0,0,1,999,999,999,0,0,0,0,0,0,0,0,0,0,0,0,0,0,0,0,0,0.0069996,0.84938,1,0.96594,0,0,0,0,0,0,0,0,0,0,0,1
0,0,0,0,0,0,0,0,1.0614,1.1763,-0.53058,1,0.93058,0.042699,-6.5627e-07,0,0,0,1.3534,999,999,999,1.5099,1.0122,0.25118,0.97276,0.12442,4.8683e-07,9999,1,-1,556.64,4.541,0.19513,0,0,0,0,0,0,0,0,1,999,999,999,0,0,0,0,0,0,0,0,0,0,0,0,0,0,0,0,0,0.0048205,1.0614,1,0.97774,0.9426,1,0.93058,0.85946,0,0,0,0,0,0,0,1
0,0,0,0,0,0,0,0,0.39958,1.6463,-0.94105,1,0.00063201,7.4244e-05,-3.9041e-05,0,0,0,0.76219,999,999,999,0.47525,0.62438,0.59703,0.85753,0.17459,4.6044e-07,9999,1,-1,771.48,4.6387,0.18271,0,0,0,0,0,0,0,0,1,999,999,999,0,0,0,0,0,0,0,0,0,0,0,0,0,0,0,0,0,0,0,0,0,0.81025,1,2.3925e-06,0.32241,0,0,0,0,0,0,0,1
1.8373,0.068136,0.9665,-1,0,0,0,0,0.070721,1.8373,-0.34198,1,-6.2791e-05,1.2093e-06,0,1,0,0,1.8222,999,999,999,2.0422,0.091786,0,0.41652,0.070721,1.2093e-06,9999,0,1,0,16.797,0.091786,0,0,0,0,0,0,0,0,1,1.8373,0.99933,-0.38613,0,0,0,0,0,10,0.070721,1.2093e-06,9999,1,0,16.797,0.091786,1.8373,0.99933,-0.38613,6,0.015264,1.8373,-1,0.99933,-0.38613,-1,-6.2791e-05,-0.63755,0,0,0,0,0,0,0,1
0,0,0,0,0,0,0,0,0.45433,2.1706,-0.52392,1,-6.4902e-05,6.386e-05,-3.4365e-07,1,0,0,0.55071,999,999,999,0.63658,0.64222,0.10125,0.77714,0.1206,3.436e-07,9999,1,1,1503.9,11.426,0.10119,0,0,0,0,0,0,0,0,1,999,999,999,0,0,0,0,0,0,0,0,0,0,0,0,0,0,0,0,0,0,0,0,0,-0.54462,-1,-6.4902e-05,-0.57229,0,0,0,0,0,0,0,0
0,0,0,0,1.625,0.45826,0.57453,-1,1.5258,0.72463,-0.74592,1,0.54177,-0.059638,-0.052876,0,0,0,2.1644,999,999,999,1.9587,0.98568,1.4644,0,0,0,0,0,0,0,0,0,0,0,0,0,0,0,0,0,0,0,0,0,0,0,0,0,0,0,0,0,0,0,0,0,0,0,0,0,0,0.0054138,1.625,-1,0.99423,0,0,0,0,0,0,0,0,0,0,0,0
0,0,0,0,0,0,0,0,1.8384,0.064375,0.06985,-1,0.048806,-0.0095849,-0.0016454,0,0,0,2.0889,999,999,999,1.3813,1.9426,0.87483,0.084939,0.21146,1.1698e-06,9999,1,1,498.05,3.9062,0.32955,0,0,0,0,0,0,0,0,1,999,999,999,0,0,0,0,0,0,0,0,0,0,0,0,0,0,0,0,0,0.00071449,1.8384,-1,0.98483,0.078657,-1,-0.0095849,-0.00043263,0,0,0,0,0,0,0,0
0.65747,1.3692,-0.97955,1,0,0,0,0,0.72714,0.29516,0.24559,1,-0.99643,0.7898,0.030967,1,0,0,1.028,999,999,999,0.41938,0.6461,1.0084,0.76704,0.11752,4.7677e-07,9999,0,1,634.77,4.7852,0.19056,1,0,3.7591,-2.2155,5.4163,0.17893,0.073067,0.53964,1,999,999,999,0,0,0,0,0,0,0,0,0,0,0,0,0,0,0,0,0,0.0011371,0.72714,1,0.89748,0.92045,-1,-0.99643,-0.57884,0.65747,1.3692,-0.97955,1,1,0.0064308,0.37006,1
0,0,0,0,0,0,0,0,1.7138,0.65464,-0.77883,1,-0.9152,0.03139,0.00015059,0,0,0,1.8385,999,999,999,0.55787,1.5382,0.62524,0,0,0,0,0,0,0,0,0,0,0,0,0,0,0,0,0,0,0,0,0,0,0,0,0,0,0,0,0,0,0,0,0,0,0,0,0,0,0.016478,1.7138,1,0.98488,0,0,0,0,0,0,0,0,0,0,0,0
0,0,0,0,0,0,0,0,1.1201,0.68831,-0.93906,1,0.017312,0.00058972,-1.3927e-05,1,0,0,1.1408,999,999,999,1.2098,0.33829,0.424,0,0,0,0,0,0,0,0,0,0,0,0,0,0,0,0,0,0,0,0,0,0,0,0,0,0,0,0,0,0,0,0,0,0,0,0,0,0,0.0087727,1.1201,1,0.81508,0,0,0,0,0,0,0,0,0,0,0,1
0,0,0,0,0,0,0,0,0.78727,0.72983,-0.58157,-1,0.99995,-0.00066716,-8.6362e-05,1,0,0,1.0905,0.53898,0.6284,-0.23312,0.30958,0.38908,0.76831,0.735,0.21215,1.4258e-06,9999,1,-1,463.87,3.7109,0.35109,0,0,0,0,0,0,0,0,1,0.53898,0.6284,-0.053274,0,0,0,0,0,10,0.21215,1.4258e-06,9999,-1,463.87,3.7109,0.35109,0.53898,0.6284,-0.053274,-0,0.013462,0.78727,-1,0.99322,-0.94997,1,0.99995,0.0082884,0,0,0,0,0,0,0,0
0,0,0,0,0,0,0,0,0.63396,0.54802,0.65735,1,-0.89447,0.00016172,-1.7636e-05,2,0,0,0.7266,999,999,999,0.26523,0.87276,0.44689,0.79696,0.23791,0.89447,9999,1,-1,0,19.336,0.26523,0,0,0,0,0,0,0,0,1,999,999,999,0,0,0,0,0,0,0,0,0,0,0,0,0,0,0,0,0,0.028224,0.63396,1,0.91595,0.58937,1,0.00016172,3.5668e-06,0,0,0,0,0,0,0,0
0,0,0,0,2.0892,0,-0.99351,-1,0.16565,0.70851,0.97369,-1,-0.30869,1.2268e-06,-6.958e-07,1,0,0,2.0248,999,999,999,2.0921,0.071357,0.26056,0.92042,0.16565,6.958e-07,9999,1,-1,468.75,4.248,0.26056,0,0,0,0,0,0,0,0,1,999,999,999,0,0,0,0,0,0,0,0,0,0,0,0,0,0,0,0,0,0.0066235,2.0892,-1,0.9983,0.44613,1,1.2268e-06,0.61224,0,0,0,0,0,0,0,0
0,0,0,0,0,0,0,0,1.1181,0.90328,0.4066,1,0.167,2.6785e-06,-2.3098e-06,2,1,0.49682,0.83489,999,999,999,0.86543,0.29171,0.28056,0,0,0,0,0,0,0,0,0,0,0,0,0,0,0,0,0,0,0,0,0,0,0,0,0,0,0,0,0,0,0,0,0,0,0,0,0,0,0.018887,1.1181,1,0.90821,0,0,0,0,0,0,0,0,0,0,0,0
0,0,0,0,0,0,0,0,0.80645,1.0929,0.3593,1,-0.99982,-0.00059228,0.00033395,1,0,0,1.0177,999,999,999,0.37114,0.71542,1.0117,0.75747,0.13015,3.8222e-07,9999,1,1,1035.2,5.8594,0.13472,0,0,0,0,0,0,0,0,1,999,999,999,0,0,0,0,0,0,0,0,0,0,0,0,0,0,0,0,0,0.00092104,0.80645,1,0.99131,0.99565,-1,-0.99982,-0.49004,0,0,0,0,0,0,0,0
0,0,0,0,0,0,0,0,0.67431,0.57568,0.88882,1,0.85288,-0.0033922,0.00016766,2,0,0,1.4674,0.67431,0.94062,-0.82438,1.2628,0.67694,0.7401,0,0,0,0,0,0,0,0,0,0,0,0,0,0,0,0,0,0,0,0,0,0,0,0,0,0,0,0,0,0,0,0,0,0,0,0,0,0,0.013744,1.0043,1,0.7096,0,0,0,0,0,0,0,0,0,0,0,1
0,0,0,0,0,0,0,0,1.2449,0.16194,-0.77074,-1,1,-0.97272,0.00017421,1,1,0.49869,0.78054,999,999,999,0.16449,0.81671,0.15141,0.41386,0.12495,0.00017421,9999,1,1,761.72,0,0.15141,0,1,0,0,0,0,0,0,1,1.2449,0.90988,-0.362,0,0,0,0,0,10,0.12495,0.00017421,9999,1,761.72,0,0.15141,1.2449,0.90988,-0.362,9,0.025594,1.2449,-1,0.90988,-0.362,-1,-0.97272,-0.27491,0,0,0,0,0,0,0,0
0,0,0,0,0,0,0,0,0.91288,0.28017,0.99932,-1,0.95686,-0.89857,-0.02818,1,1,0.49916,1.2607,999,999,999,0.3658,0.9775,1.3776,0.74551,0.13079,2.0394e-06,9999,1,-1,0,5.0781,0.22506,0,0,0,0,0,0,0,0,1,0.55536,0.47922,-0.90919,0,0,0,0,0,10,0.13079,2.0394e-06,9999,-1,0,5.0781,0.22506,0.55536,0.47922,-0.90919,-5,0.0072355,0.92187,-1,0.9782,-0.90919,1,0.95686,0.47038,0,0,0,0,0,0,0,1
0,0,0,0,0.52963,0.69772,-0.64683,1,0.43973,0.58365,-0.96433,-1,8.0916e-05,-1.0166e-05,0,0,0,0,0.61904,999,999,999,0.73075,0.39594,0,0,0,0,0,0,0,0,0,0,0,0,0,0,0,0,0,0,0,0,0,0,0,0,0,0,0,0,0,0,0,0,0,0,0,0,0,0,0,0.0032847,0.52963,1,0.76649,0,0,0,0,0,0,0,0,0,0,0,0
0,0,0,0,0,0,0,0,0.33526,0.70859,0.66027,1,0.00062024,-1.4945e-05,8.7059e-06,0,0,0,0.63864,999,999,999,0.49114,0.43065,0.38289,0,0,0,0,0,0,0,0,0,0,0,0,0,0,0,0,0,0,0,0,0,0,0,0,0,0,0,0,0,0,0,0,0,0,0,0,0,0,0,0,0,0,0,0,0,0,0,0,0,0,0,0,0,0
0,0,0,0,0,0,0,0,0.62318,0.47171,-0.4528,-1,-7.9366e-05,4.8319e-06,0,0,0,0,0.70798,999,999,999,0.7324,0.33624,0,0,0,0,0,0,0,0,0,0,0,0,0,0,0,0,0,0,0,0,0,0,0,0,0,0,0,0,0,0,0,0,0,0,0,0,0,0,0,0.01176,0.62318,-1,0.95414,0,0,0,0,0,0,0,0,0,0,0,0
0,0,0,0,0,0,0,0,0.57963,1.2949,-0.65502,1,0.0058373,-3.853e-06,1.9683e-06,0,0,0,0.72553,999,999,999,0.64061,0.31905,0.38258,0.92896,0.21991,3.853e-06,9999,1,-1,488.28,3.7598,0.31905,0,0,0,0,0,0,0,0,1,0.57963,0.98052,-0.90764,0,0,0,0,0,10,0.21991,3.853e-06,9999,-1,488.28,3.7598,0.31905,0.57963,0.98052,-0.90764,-0,0.0023153,0.57963,1,0.98052,0.73761,1,1.9683e-06,0.12934,0,0,0,0,0,0,0,0
0,0,0,0,0,0,0,0,0.7292,0,-0.97975,1,1.8926e-05,0,0,0,0,0,0.51956,999,999,999,0.54868,0,0,0,0,0,0,0,0,0,0,0,0,0,0,0,0,0,0,0,0,0,0,0,0,0,0,0,0,0,0,0,0,0,0,0,0,0,0,0,0,0.0062626,0.7292,1,0.97974,0,0,0,0,0,0,0,0,0,0,0,0
0,0,0,0,1.2801,0.1743,-0.70967,1,0.63571,0.39029,-0.35821,-1,0.14761,-0.00049888,-2.8698e-05,3,0,0,1.397,999,999,999,1.5664,0.2819,0.50196,0.38907,0.10441,4.3809e-07,9999,0,1,644.53,7.2266,0.17095,0,0,0,0,0,0,0,0,1,0.63571,0.77535,-0.25606,0,0,0,0,0,10,0.10441,4.3809e-07,9999,1,644.53,7.2266,0.17095,0.63571,0.77535,-0.25606,9,0.0078542,1.2801,1,0.87832,-0.14676,-1,-0.00049888,-0.41967,0,0,0,0,0,0,0,1
0,0,0,0,0,0,0,0,0.97328,0.22162,0.78597,-1,0.99005,-0.98457,-0.00015673,2,1,0.49392,1.1335,999,999,999,0.67565,0.62145,0.85797,0,0,0,0,0,0,0,0,0,0,0,0,0,0,0,0,0,0,0,0,0,0,0,0,0,0,0,0,0,0,0,0,0,0,0,0,0,0,0.0149,0.51876,1,0.89954,0,0,0,0,0,0,0,0,0,0,0,0
0,0,0,0,0,0,0,0,1.2949,1.0112,0.90382,1,-0.97511,-0.90733,0.062768,0,0,0,1.94,-0.89913,0.75392,-0.16872,0.49279,1.3326,1.3435,0.44586,0.073871,1.3093e-06,9999,1,1,0,3.2715,0.14367,0,0,0,0,0,0,0,0,1,999,999,999,0,0,0,0,0,0,0,0,0,0,0,0,0,0,0,0,0,0.018755,1.2949,1,0.99994,0.16348,-1,-0.90733,-0.63665,0,0,0,0,0,0,0,0
0,0,0,0,0,0,0,0,0.44317,0.28114,0.52689,-1,-3.065e-05,1.6475e-05,1.2162e-06,0,0,0,0.5856,999,999,999,0.50747,0.44005,0.1063,0.90373,0.06811,1.2162e-06,9999,1,1,0,15.43,0.1063,0,0,0,0,0,0,0,0,1,999,999,999,0,0,0,0,0,0,0,0,0,0,0,0,0,0,0,0,0,0,0,0,0,-0.8699,-1,-3.065e-05,-0.78392,0,0,0,0,0,0,0,1
0,0,0,0,0,0,0,0,0.58342,0.72243,0.97168,1,0.52554,3.0414e-05,-9.0991e-06,0,1,0.50406,0.75586,999,999,999,0.83877,0.50943,0.36018,0.60741,0.23612,9.0991e-06,9999,1,-1,0,3.3691,0.36018,0,0,0,0,0,0,0,0,1,0.58342,0.99839,-0.60252,0,0,0,0,0,10,0.23612,9.0991e-06,9999,-1,0,3.3691,0.36018,0.58342,0.99839,-0.60252,-6,0.035438,0.58342,1,0.99839,-0.89407,1,3.0414e-05,0.00034875,0,0,0,0,0,0,0,0
0,0,0,0,0,0,0,0,1.3224,0.36091,-0.97979,-1,-0.037464,-1.0917e-05,0,0,0,0,1.3316,999,999,999,1.6062,0.37327,0,0.92505,0.22939,1.0917e-05,9999,1,-1,0,4.2969,0.37327,0,0,0,0,0,0,0,0,1,999,999,999,0,0,0,0,0,0,0,0,0,0,0,0,0,0,0,0,0,0.011193,1.3224,-1,0.90514,0,0,0,0,0,0,0,0,0,0,0,0
0,0,0,0,0,0,0,0,0.77401,1.6587,-0.86176,1,0.88152,-0.78167,0.0013059,0,0,0,0.99645,999,999,999,0.24584,0.61939,1.0119,0.63192,0.13169,0.88152,9999,1,1,0,18.555,0.24584,0,0,0,0,0,0,0,0,1,0.5637,0.72725,-0.77855,0,0,0,0,0,10,0.13169,0.88152,9999,1,0,18.555,0.24584,0.5637,0.72725,-0.77855,22,0.0096534,0.77401,1,0.9483,-0.77855,-1,-0.78167,-0.00052383,0,0,0,0,0,0,0,1
0,0,0,0,0,0,0,0,0.71798,1.2101,0.76339,-1,0.00026256,5.9388e-05,-3.6267e-05,2,0,0,0.73608,999,999,999,0.73267,0.63069,0.52757,0,0,0,0,0,0,0,0,0,0,0,0,0,0,0,0,0,0,0,0,0,0,0,0,0,0,0,0,0,0,0,0,0,0,0,0,0,0,0.011373,0.71798,-1,0.63536,0,0,0,0,0,0,0,0,0,0,0,0
0,0,0,0,0,0,0,0,1.2951,0.74385,0.58029,1,0.011353,-2.0086e-05,-1.8261e-05,2,1,0.49529,1.4216,999,999,999,1.4531,0.46039,0.45044,0,0,0,0,0,0,0,0,0,0,0,0,0,0,0,0,0,0,0,0,0,0,0,0,0,0,0,0,0,0,0,0,0,0,0,0,0,0,0.0079442,1.2951,1,0.89432,0,0,0,0,0,0,0,0,0,0,0,0
0,0,0,0,0,0,0,0,1.2253,1.302,-0.75634,-1,0.9875,-0.10899,-0.00060107,0,0,0,1.3987,999,999,999,0.70692,1.4891,0.51216,0.57826,0.19343,7.2153e-07,9999,1,-1,478.52,4.7363,0.26618,0,0,0,0,0,0,0,0,1,0.5307,0.99553,-0.50338,0,0,0,0,0,10,0.19343,7.2153e-07,9999,-1,478.52,4.7363,0.26618,0.5307,0.99553,-0.50338,-4,0.014508,1.2253,-1,0.97775,-0.50338,1,0.9875,0.011052,0,0,0,0,0,0,0,1
0,0,0,0,0,0,0,0,0.8128,0.98107,-0.54216,-1,0.52719,-0.021797,-0.00011138,0,0,0,0.98553,999,999,999,0.56681,1.228,0.73504,0.19575,0.11077,3.4109e-07,9999,1,1,1699.2,14.453,0.098677,0,0,0,0,0,0,0,0,1,999,999,999,0,0,0,0,0,0,0,0,0,0,0,0,0,0,0,0,0,0.01874,0.8128,-1,0.89688,0.42269,-1,-0.00011138,-0.33359,0,0,0,0,0,0,0,1
0,0,0,0,0.65169,1.1028,0.75247,-1,0.71007,1.4098,-0.9536,1,-0.00012813,9.8135e-05,1.2318e-06,0,0,0,0.96691,999,999,999,0.74394,0.75103,0.11715,0.83967,0.16099,8.0056e-07,9999,1,-1,410.16,4.7852,0.28148,0,0,0,0,0,0,0,0,1,0.71007,0.69788,-0.44237,0,0,0,0,0,10,0.22502,1.2318e-06,9999,1,0,7.8125,0.11715,0.65169,0.92366,-0.13255,5,0.00015022,0.71007,1,0.69788,-0.44237,1,9.8135e-05,0.39783,0,0,0,0,0,0,0,0
0.85946,0.3658,0.87244,-1,1.7321,0,-0.93297,1,0.1707,1.0048,0.59549,-1,-0.096112,0.00020154,-4.3856e-07,0,0,0,1.9231,999,999,999,1.0455,1.8299,0.17121,0.86518,0.1707,4.3856e-07,9999,1,-1,673.83,9.375,0.17121,0,0,0,0,0,0,0,0,1,1.7321,0.99678,-0.82834,0,0,0,0,0,10,0.1707,4.3856e-07,9999,-1,673.83,9.375,0.17121,1.7321,0.99678,-0.82834,-2,8.5663e-05,1.7321,1,0.99678,-0.82834,1,0.00020154,0.38087,0.85946,0.3658,0.87244,-1,1,0.027153,0.99717,1
0,0,0,0,0,0,0,0,0.55616,0.4505,0.027985,-1,-0.90659,-0.15007,0.019457,0,0,0,1.391,-0.74376,-0.90439,-0.39454,0.28708,1.0821,1.3351,0.682,0.13358,4.0399e-07,9999,1,1,742.19,4.2969,0.15021,0,0,0,0,0,0,0,0,1,0.74376,0.90439,-0.91079,0,0,0,0,0,10,0.13358,4.0399e-07,9999,1,742.19,4.2969,0.15021,0.74376,0.90439,-0.91079,8,0.0033724,0.92737,1,0.82834,0.26357,-1,-0.90659,-0.37144,0,0,0,0,0,0,0,0
0,0,0,0,0,0,0,0,1.262,0.78028,-0.69668,1,0.050575,7.3546e-07,4.8573e-07,0,0,0,1.2831,999,999,999,1.3782,0.26908,0.19464,0.97744,0.14939,4.6626e-07,9999,1,-1,522.46,3.1738,0.18558,0,0,0,0,0,0,0,0,1,1.262,0.83577,-0.79242,0,0,0,0,0,10,0.14939,4.6626e-07,9999,-1,522.46,3.1738,0.18558,1.262,0.83577,-0.79242,-6,0.015513,1.262,1,0.83577,-0.79242,1,0.050575,0.85091,0,0,0,0,0,0,0,0
0,0,0,0,1.5994,0.13418,-0.85358,-1,0.91804,0,0.48017,1,-0.13117,-6.8914e-05,6.2277e-05,1,0,0,1.358,999,999,999,2.3687,0.50144,0.64478,0,0,0,0,0,0,0,0,0,0,0,0,0,0,0,0,0,0,0,0,0,0,0,0,0,0,0,0,0,0,0,0,0,0,0,0,0,0,0.010728,1.5994,-1,0.9878,0,0,0,0,0,0,0,0,0,0,0,0
0,0,0,0,0,0,0,0,0.65449,0.33707,0.67203,-1,0.97116,-0.96589,-6.7982e-05,0,0,0,0.99645,999,999,999,0.29648,0.91024,0.6704,0.95351,0.23126,5.7239e-07,9999,1,1,468.75,3.7598,0.2274,0,0,0,0,0,0,0,0,1,0.65449,0.88758,-0.82128,0,0,0,0,0,10,0.23126,5.7239e-07,9999,1,468.75,3.7598,0.2274,0.65449,0.88758,-0.82128,6,0.0082579,0.90433,-1,0.80984,-0.82128,-1,-0.96589,-0.11909,0,0,0,0,0,0,0,0
0,0,0,0,0,0,0,0,0.43351,0.71095,0.75581,-1,-0.99996,0.94064,1.2198e-06,1,0,0,0.4808,999,999,999,0.3011,0.5799,0.10945,0.97771,0.045486,1.2198e-06,9999,0,1,0,13.867,0.10945,0,0,0,0,0,0,0,0,1,999,999,999,0,0,0,0,0,0,0,0,0,0,0,0,0,0,0,0,0,0,0,0,0,-0.35631,-1,-0.99996,-0.8551,0,0,0,0,0,0,0,0
0,0,0,0,0,0,0,0,0.70548,0.30835,-0.098547,1,0.017273,-0.00030706,0.0002769,0,0,0,1.0012,999,999,999,0.77592,0.48737,0.86176,0.92234,0.18959,7.3248e-07,9999,1,1,527.34,4.1016,0.26847,0,0,0,0,0,0,0,0,1,999,999,999,0,0,0,0,0,10,0.2492,1.6573e-06,9999,-1,429.69,3.5645,0.36627,0.70548,0.98182,-0.44862,-6,0.002136,0.70548,1,0.98182,0.47788,1,0.017273,8.3699e-05,0,0,0,0,0,0,0,1
1.1666,0.12029,-0.097371,1,0,0,0,0,0.23039,0.073703,0.55887,-1,0.09852,-1.1782e-06,-6.3992e-07,0,0,0,1.1893,999,999,999,1.4508,0.22834,0.24699,0.83251,0.15039,6.3992e-07,9999,1,-1,634.77,3.7598,0.24699,0,0,0,0,0,0,0,0,1,1.1666,0.95004,-0.65044,0,0,0,0,0,10,0.15039,6.3992e-07,9999,-1,634.77,3.7598,0.24699,1.1666,0.95004,-0.65044,-2,0.0055352,1.1666,1,0.95004,-0.65044,1,0.09852,0.46671,0,0,0,0,0,0,0,1
0,0,0,0,0,0,0,0,0.63466,0.41152,-0.17176,1,0.9439,4.635e-05,2.1634e-05,0,0,0,1.1758,0.63466,-0.97674,-0.96761,1.302,0.57051,0.46838,0.97574,0.0969,4.2987e-07,9999,1,-1,937.5,6.25,0.16629,0,0,0,0,0,0,0,0,1,0.63466,0.97674,-0.91047,0,0,0,0,0,10,0.11951,1.6462e-06,9999,-1,0,5.2734,0.19393,0.63466,0.97674,-0.82022,-0,0.0051587,0.973,1,0.97108,0.95026,1,0.9439,0.86724,0,0,0,0,0,0,0,1
0,0,0,0,0,0,0,0,1.4829,1.0859,-0.98747,-1,0.99922,-0.01964,-1.3278e-05,0,0,0,1.5415,999,999,999,0.47178,1.9756,0.41959,0.13346,0.24179,4.921e-07,9999,1,1,634.77,5.1758,0.19744,0,0,0,0,0,0,0,0,1,1.4829,0.90029,-0.37734,0,0,0,0,0,10,0.24179,4.921e-07,9999,1,634.77,5.1758,0.19744,1.4829,0.90029,-0.37734,0,0.0032605,1.4829,-1,0.90029,-0.25482,-1,-5.9951e-06,-0.00010526,0,0,0,0,0,0,0,1
0,0,0,0,0,0,0,0,0.74912,1.1638,-0.66415,-1,0.99793,-2.961e-05,-2.1473e-06,1,0,0,0.76445,999,999,999,0.52007,0.50609,0.23157,0.82597,0.14377,2.1473e-06,9999,0,-1,0,8.1055,0.23157,0,0,0,0,0,0,0,0,1,0.55116,0.73772,-0.8652,0,0,0,0,0,10,0.14377,2.1473e-06,9999,-1,0,8.1055,0.23157,0.55116,0.73772,-0.8652,-4,0.020446,0.74912,-1,0.68413,-0.8652,1,0.99793,0.50101,0,0,0,0,0,0,0,1
0,0,0,0,0,0,0,0,1.4909,0.83456,-0.3909,-1,0.175,-0.042707,-0.0012821,1,0,0,1.815,999,999,999,0.92055,1.7773,0.4487,0,0,0,0,0,0,0,0,0,0,0,0,0,0,0,0,0,0,0,0,0,0,0,0,0,0,0,0,0,0,0,0,0,0,0,0,0,0,0.0011041,1.4909,-1,0.98734,0,0,0,0,0,0,0,0,0,0,0,1
0,0,0,0,0,0,0,0,0.63338,0.32988,-0.16962,-1,-0.017882,0.00062659,0.00040539,2,1,0.49372,1.1564,999,999,999,0.9953,0.37194,0.84319,0.31566,0.21613,1.2309e-06,9999,0,-1,0,9.1797,0.11661,0,1,0,0,0,0,0,0,1,0.72177,0.92194,-0.046794,0,0,0,0,0,10,0.21613,1.2309e-06,9999,-1,0,9.1797,0.11661,0.72177,0.92194,-0.046794,-0,0.010912,0.72177,1,0.92194,0.62759,1,2.6071e-05,0.00065208,0,0,0,0,0,0,0,1
0,0,0,0,0,0,0,0,0.31595,0.44811,0.19184,-1,4.7303e-05,-8.4341e-06,6.4336e-07,1,0,0,0.42884,999,999,999,0.58025,0.38027,0.24789,0.8304,0.12286,4.5267e-07,9999,1,-1,849.61,5.7617,0.17876,0,0,0,0,0,0,0,0,1,999,999,999,0,0,0,0,0,0,0,0,0,0,0,0,0,0,0,0,0,0,0,0,0,-0.0051944,1,4.7303e-05,0.62181,0,0,0,0,0,0,0,1
0,0,0,0,0,0,0,0,0.30878,0.093303,0.62151,1,-6.6931e-05,1.8881e-05,-1.2017e-05,1,0,0,0.77249,999,999,999,0.59828,0.45389,0.41056,0.87865,0.20851,6.0251e-07,9999,0,-1,571.29,4.6387,0.23665,0,0,0,0,0,0,0,0,1,999,999,999,0,0,0,0,0,0,0,0,0,0,0,0,0,0,0,0,0,0.016118,0.56423,-1,0.67713,-0.90043,1,1.8881e-05,0.09228,0,0,0,0,0,0,0,1
0,0,0,0,0,0,0,0,1.3054,0.19834,0.11244,-1,-0.98046,-0.041084,-0.00084315,0,0,0,1.6082,-1.3054,0.97586,-0.37858,0.75631,1.7548,0.61479,0.093231,0.24273,4.1872e-07,9999,1,1,683.59,5.8105,0.15964,0,0,0,0,0,0,0,0,1,0.77996,0.51786,-0.25663,0,0,0,0,0,10,0.24273,4.1872e-07,9999,1,683.59,5.8105,0.15964,0.77996,0.51786,-0.25663,0,0.015224,1.3054,-1,0.97586,-0.25663,-1,-0.98046,-9.9863e-05,0,0,0,0,0,0,0,0
0,0,0,0,0,0,0,0,0.2123,1.0952,-0.87827,1,0.037075,1.4323e-05,-1.1814e-05,1,0,0,0.80347,999,999,999,0.9877,0.52892,0.51797,0.87717,0.24333,4.1704e-07,9999,0,1,1210.9,5.3711,0.1586,0,0,0,0,0,0,0,0,1,999,999,999,0,0,0,0,0,10,0.228,1.8023e-06,9999,1,458.98,3.5156,0.37435,0.50187,0.72303,-0.50265,4,0.011536,0.50187,-1,0.72303,0.63394,-1,-3.8917e-06,-0.00047249,0,0,0,0,0,0,0,1
0,0,0,0,0,0,0,0,1.4341,0.14476,-0.0068671,1,-0.99413,0.97695,0.83693,0,0,0,1.6376,999,999,999,0.48082,0.49286,1.5969,0.47183,0.24082,0.99413,9999,1,-1,947.27,6.7383,0.48082,0,0,0,0,0,0,0,0,1,999,999,999,0,0,0,0,0,0,0,0,0,0,0,0,0,0,0,0,0,0.010434,1.4341,1,0.85527,0.71269,1,0.97695,6.4268e-06,0,0,0,0,0,0,0,1
0,0,0,0,0,0,0,0,1.4672,0.93221,-0.94187,1,0.96701,-0.49366,0.091016,1,0,0,1.7121,1.4672,-0.98918,-0.96633,1.2801,1.3078,1.2976,0.12299,0.16939,1.2093e-06,9999,0,-1,0,14.258,0.09422,0,0,0,0,0,0,0,0,1,1.4672,0.98918,-0.0073536,0,0,0,0,0,10,0.16939,1.2093e-06,9999,-1,0,14.258,0.09422,1.4672,0.98918,-0.0073536,-6,0.013765,1.4672,1,0.98918,-0.11811,1,0.96701,0.011293,0,0,0,0,0,0,0,1
0,0,0,0,0,0,0,0,1.7339,0.48422,-0.94197,-1,-0.034139,-0.0020587,4.1681e-07,0,1,0.49993,1.6233,-1.7339,-0.86991,-0.63355,0.91851,1.3972,0.15846,0.21323,0.18231,4.1681e-07,9999,1,1,810.55,6.543,0.15846,0,0,0,0,0,0,0,0,1,999,999,999,0,0,0,0,0,0,0,0,0,0,0,0,0,0,0,0,0,0.0067723,1.7339,-1,0.86991,0.49194,-1,-0.034139,-0.0061412,0,0,0,0,0,0,0,0
0,0,0,0,0,0,0,0,0.55628,1.5748,-0.94996,-1,-4.8823e-05,2.7084e-05,7.5633e-06,0,1,0.4924,0.7072,999,999,999,0.54985,0.43592,0.46487,0.43402,0.22649,4.599e-07,9999,1,1,986.33,5.4688,0.18244,0,0,0,0,0,0,0,0,1,0.55628,0.96361,-0.59903,0,0,0,0,0,10,0.22649,4.599e-07,9999,1,986.33,5.4688,0.18244,0.55628,0.96361,-0.59903,0,0.046247,0.55628,-1,0.96361,-0.59903,-1,-4.8823e-05,-0.00041638,0,0,0,0,0,0,0,0
0.81975,0.45984,-0.44693,-1,0,0,0,0,0.90654,0.78664,-0.9496,-1,-0.96903,-0.055855,0.00053565,4,0,0,1.1601,999,999,999,1.3876,1.1005,0.30284,0.99863,0.19127,7.4424e-07,9999,1,1,527.34,3.7109,0.27086,0,0,0,0,0,0,0,0,1,999,999,999,0,0,0,0,0,10,0.2391,6.1469e-07,9999,1,566.41,4.1016,0.24014,0.81975,0.83598,-0.062087,5,0.022632,0.90654,-1,0.73433,0.74324,-1,-0.96903,-0.8136,0.81975,0.45984,-0.44693,-1,1,0.20894,0.83598,0
0,0,0,0,0,0,0,0,0.14745,0.55565,0.76325,-1,0.76532,4.9011e-05,-7.1671e-07,0,0,0,0.51036,999,999,999,0.79374,0.58733,0.26515,0.62064,0.14745,3.4137e-07,9999,1,-1,2246.1,12.5,0.09896,0,0,0,0,0,0,0,0,1,999,999,999,0,0,0,0,0,0,0,0,0,0,0,0,0,0,0,0,0,0,0,0,0,0.82817,1,0.76532,0.066218,0,0,0,0,0,0,0,0
0,0,0,0,0,0,0,0,1.9487,0,-0.7279,1,0.63929,-9.8298e-05,-5.7596e-07,0,0,0,1.1677,999,999,999,3.2115,0.71707,0.22855,0.96963,0.13031,3.4677e-07,9999,1,-1,1386.7,13.672,0.10431,0,0,0,0,0,0,0,0,1,1.9487,0.98085,-0.916,0,0,0,0,0,10,0.13031,3.4677e-07,9999,-1,1386.7,13.672,0.10431,1.9487,0.98085,-0.916,-2,0.022112,1.9487,1,0.98085,-0.916,1,0.63929,0.85034,0,0,0,0,0,0,0,1
0,0,0,0,0,0,0,0,1.0137,0.18366,-0.72821,-1,-0.0081111,1.2135e-06,0,0,0,0,0.93347,999,999,999,1.408,0.08206,0,0.67261,0.11938,1.2135e-06,9999,1,1,0,19.727,0.08206,0,0,0,0,0,0,0,0,1,1.0137,0.77692,-0.82948,0,0,0,0,0,10,0.11938,1.2135e-06,9999,1,0,19.727,0.08206,1.0137,0.77692,-0.82948,5,0.0086876,1.0137,-1,0.77692,-0.82948,-1,-0.0081111,-0.47684,0,0,0,0,0,0,0,0
0,0,0,0,0,0,0,0,0.76429,0.77698,-0.96937,-1,-0.96542,0.0012155,-4.6695e-07,0,0,0,0.83253,999,999,999,1.1922,0.94647,0.18591,0.84409,0.23949,3.9887e-07,9999,0,-1,908.2,7.2266,0.14675,0,0,0,0,0,0,0,0,1,0.63807,0.30394,-0.62983,0,0,0,0,0,10,0.23949,3.9887e-07,9999,-1,908.2,7.2266,0.14675,0.63807,0.30394,-0.62983,-6,0.012349,0.76429,-1,0.82102,0.082036,1,0.0012155,0.002026,0,0,0,0,0,0,0,0
0,0,0,0,0,0,0,0,0.84449,0.99467,0.88539,1,0.94324,-1.2196e-06,5.4804e-07,1,0,0,0.86705,999,999,999,1.0624,0.076215,0.21923,0.92119,0.091211,3.5975e-07,9999,1,-1,839.84,9.2773,0.11633,0,0,0,0,0,0,0,0,1,0.84449,0.96113,-0.99281,0,0,0,0,0,10,0.091211,3.5975e-07,9999,-1,839.84,9.2773,0.11633,0.84449,0.96113,-0.99281,-2,0.01817,0.84449,1,0.96113,-0.99281,1,0.94324,0.79092,0,0,0,0,0,0,0,1
1.0328,0.87153,0.13513,-1,0,0,0,0,0.25564,1.4422,0.13329,-1,-0.043608,-1.2131e-06,-6.7233e-07,1,0,0,1.061,999,999,999,1.1128,0.082656,0.25511,0,0,0,0,0,0,0,0,0,0,0,0,0,0,0,0,0,0,0,0,0,0,0,0,0,0,0,0,0,0,0,0,0,0,0,0,0,0,0.0017803,1.0328,-1,0.99864,0,0,0,0,0,0,0,0,0,0,0,1
0,0,0,0,0,0,0,0,1.4664,0,-0.38019,1,0.0055947,-0.00038293,-0.00021231,1,0,0,1.5512,999,999,999,1.8457,0.68899,0.24476,0.96324,0.16259,0.00021231,9999,0,-1,605.47,0,0.24476,0,0,0,0,0,0,0,0,1,1.4664,0.88178,-0.72453,0,0,0,0,0,10,0.16259,0.00021231,9999,-1,605.47,0,0.24476,1.4664,0.88178,-0.72453,-2,0.00059113,1.4664,1,0.88178,0.46305,1,1.1692e-05,0.78293,0,0,0,0,0,0,0,1
0,0,0,0,0,0,0,0,0.88405,1.0408,-0.95035,1,0.025208,0.0001743,6.5571e-05,1,1,0.49995,0.83551,0.88405,-0.53511,-0.62634,0.95218,0.14958,0.60409,0.48924,0.14946,0.0001743,9999,0,1,791.02,0,0.14958,1,1,-0.56129,-0.12988,0.060942,0.36142,0.11287,0.10416,1,999,999,999,0,0,0,0,0,0,0,0,0,0,0,0,0,0,0,0,0,0.021705,0.88405,1,0.53511,0.98041,-1,-3.0401e-05,-0.12743,0,0,0,0,0,0,0,1
0,0,0,0,0,0,0,0,0.60353,1.0663,-0.83777,-1,-0.99378,-0.22679,-8.0904e-05,0,0,0,1.0943,-0.60353,-0.41796,-0.93525,0.43973,0.78392,0.6913,0.75882,0.083059,1.4029e-06,9999,1,1,0,5.6152,0.1626,0,0,0,0,0,0,0,0,1,0.69282,0.74478,-0.70155,0,0,0,0,0,10,0.083059,1.4029e-06,9999,1,0,5.6152,0.1626,0.69282,0.74478,-0.70155,4,0.018595,0.69282,-1,0.74478,-0.48984,-1,-0.99378,-0.70832,0,0,0,0,0,0,0,1
0,0,0,0,0,0,0,0,0.38962,0.18835,-0.90235,-1,-0.013144,-0.00017658,-4.107e-06,2,0,0,0.38404,999,999,999,0.78346,0.18003,0.32387,0.68,0.12648,4.4884e-07,9999,1,1,761.72,5.8594,0.17676,0,0,0,0,0,0,0,0,1,999,999,999,0,0,0,0,0,0,0,0,0,0,0,0,0,0,0,0,0,0,0,0,0,0.77408,-1,-0.013144,-0.42819,0,0,0,0,0,0,0,0
0,0,0,0,0,0,0,0,0.51637,0.32612,-0.071381,1,0.0071756,4.254e-05,-8.9443e-06,0,0,0,0.80755,0.50331,0.91674,-0.8376,0.45515,0.60321,0.38513,0.91834,0.11844,4.2421e-07,9999,1,-1,781.25,5.8594,0.16296,0,0,0,0,0,0,0,0,1,0.51637,0.96428,-0.8986,0,0,0,0,0,10,0.11844,4.2421e-07,9999,-1,781.25,5.8594,0.16296,0.51637,0.96428,-0.8986,-4,0.0028232,0.51637,1,0.96428,0.97424,1,4.254e-05,0.76251,0,0,0,0,0,0,0,0
0,0,0,0,0,0,0,0,0.19885,0.14725,0.53715,1,-0.99549,0.89677,-0.48212,0,0,0,0.88149,-0.66634,0.614,-0.34572,0.59098,0.98331,1.1404,0.79848,0.18042,5.0097e-07,9999,1,-1,673.83,5.2734,0.20122,0,0,0,0,0,0,0,0,1,999,999,999,0,0,0,0,0,10,0.19885,1.2665e-06,9999,1,0,7.4219,0.13149,0.66634,0.614,-0.98138,6,0.0051014,0.66634,-1,0.614,0.75988,1,0.89677,0.14836,0,0,0,0,0,0,0,1
0,0,0,0,0,0,0,0,0.43809,0.88132,-0.31096,-1,-0.00074104,-0.00023113,-0.00013347,4,0,0,0.71669,999,999,999,0.47669,0.26178,0.68788,0.051958,0.086954,1.3064e-06,9999,0,1,0,4.6387,0.14294,0,0,0,0,0,0,0,0,1,999,999,999,0,0,0,0,0,0,0,0,0,0,0,0,0,0,0,0,0,0.00078377,0.58492,1,0.7166,0.69144,-1,-0.00074104,-0.50527,0,0,0,0,0,0,0,0
0,0,0,0,0,0,0,0,1.036,0,-0.56741,1,0.94983,0,0,0,0,0,1.0224,999,999,999,1.3323,0,0,0,0,0,0,0,0,0,0,0,0,0,0,0,0,0,0,0,0,0,0,0,0,0,0,0,0,0,0,0,0,0,0,0,0,0,0,0,0,0.0044199,1.036,1,0.82912,0,0,0,0,0,0,0,0,0,0,0,0
0,0,0,0,0,0,0,0,2.0737,0.082961,-0.25268,-1,-0.16807,-0.00018621,4.0214e-07,0,0,0,2.0323,-0.99521,-0.94491,-0.88051,2.8004,0.71259,0.14897,0.46813,0.21105,4.0214e-07,9999,1,1,585.94,6.0059,0.14897,0,0,0,0,0,0,0,0,1,2.0737,0.98412,-0.32262,0,0,0,0,0,10,0.21105,4.0214e-07,9999,1,585.94,6.0059,0.14897,2.0737,0.98412,-0.32262,5,0.0062988,2.0737,-1,0.98412,0.58648,-1,-0.00018621,-0.0016157,0,0,0,0,0,0,0,0
0,0,0,0,0,0,0,0,0.18775,2.4077,-0.58546,1,-1.1748e-05,-1.2181e-06,1.2096e-06,2,1,0.49726,0.41385,999,999,999,0.40854,0.07747,0.095671,0.085522,0.10636,1.2181e-06,9999,1,-1,0,20.312,0.07747,0,0,0,0,0,0,0,0,1,999,999,999,0,0,0,0,0,0,0,0,0,0,0,0,0,0,0,0,0,0,0,0,0,0.8945,1,1.2096e-06,0.3481,0,0,0,0,0,0,0,0
0,0,0,0,0,0,0,0,1.2594,0.71416,0.55216,-1,-0.9406,0.0010565,2.7714e-05,0,0,0,1.6078,999,999,999,1.6465,1.1955,0.49759,0,0,0,0,0,0,0,0,0,0,0,0,0,0,0,0,0,0,0,0,0,0,0,0,0,0,0,0,0,0,0,0,0,0,0,0,0,0,0.0079933,1.2594,-1,0.98458,0,0,0,0,0,0,0,0,0,0,0,0
0,0,0,0,0.88753,0,-0.93494,-1,0.29004,0,0.77558,1,-0.00039837,2.0829e-06,0,0,0,0,0.91314,999,999,999,1.1328,0.27274,0,0,0,0,0,0,0,0,0,0,0,0,0,0,0,0,0,0,0,0,0,0,0,0,0,0,0,0,0,0,0,0,0,0,0,0,0,0,0,0.0088692,0.88753,-1,0.99437,0,0,0,0,0,0,0,0,0,0,0,0
0.96154,1.4195,-0.075335,1,0,0,0,0,0.68403,0.33381,0.76181,1,-0.42347,0.20881,-0.19576,0,0,0,1.8792,-1.5326,0.79276,-0.43412,0.66047,1.074,1.8657,0,0,0,0,0,0,0,0,0,0,0,0,0,0,0,0,0,0,0,0,0,0,0,0,0,0,0,0,0,0,0,0,0,0,0,0,0,0,0.016919,1.5326,-1,0.79276,0,0,0,0,0.96154,1.4195,-0.075335,1,1,0.012572,0.71987,0
0,0,0,0,0,0,0,0,0.45487,0.31518,0.43074,1,-0.98774,0.00014601,0,1,0,0,0.34693,999,999,999,0.23235,0.3553,0,0,0,0,0,0,0,0,0,0,0,0,0,0,0,0,0,0,0,0,0,0,0,0,0,0,0,0,0,0,0,0,0,0,0,0,0,0,0,0,0,0,0,0,0,0,0,0,0,0,0,0,0,0,1
0,0,0,0,0,0,0,0,0.70064,0.27638,0.91323,1,0.99855,-0.00012162,3.6926e-05,2,1,0.49761,0.72518,999,999,999,0.49306,0.54951,0.5933,0.3862,0.15301,6.8909e-07,9999,0,-1,781.25,3.9062,0.25904,0,1,0,0,0,0,0,0,1,0.70064,0.98526,-0.51916,0,0,0,0,0,10,0.15301,6.8909e-07,9999,-1,781.25,3.9062,0.25904,0.70064,0.98526,-0.51916,-9,0.016003,0.70064,1,0.98526,-0.51916,1,0.99855,0.088177,0,0,0,0,0,0,0,1
0,0,0,0,0,0,0,0,0.53096,0.3446,-0.41726,1,0.00063837,-0.00017161,-3.1855e-05,4,0,0,0.77958,999,999,999,0.38835,0.77473,0.51493,0.91241,0.23018,3.2713e-06,9999,0,1,488.28,3.6621,0.30673,0,0,0,0,0,0,0,0,1,0.54538,0.39426,-0.15713,0,0,0,0,0,10,0.23018,3.2713e-06,9999,1,488.28,3.6621,0.30673,0.54538,0.39426,-0.15713,0,0.0033816,0.54538,-1,0.39426,-0.15713,-1,-0.00017161,-0.042041,0,0,0,0,0,0,0,0
0,0,0,0,0,0,0,0,0.70284,0,0.041202,-1,0.11043,-0.0052643,0,0,0,0,0.98153,999,999,999,0.77366,0.95159,0,0,0,0,0,0,0,0,0,0,0,0,0,0,0,0,0,0,0,0,0,0,0,0,0,0,0,0,0,0,0,0,0,0,0,0,0,0,0,0.0011976,0.7633,1,0.56932,0,0,0,0,0,0,0,0,0,0,0,1
0,0,0,0,1.3748,0.11733,-0.58099,-1,0.11075,0.72049,-0.24158,1,0.82553,-0.0093383,0,1,0,0,1.2765,999,999,999,0.1824,1.8388,0,0.6885,0.11075,0.82553,9999,0,1,0,16.602,0.1824,0,0,0,0,0,0,0,0,1,1.3748,0.98197,-0.56117,0,0,0,0,0,10,0.11075,0.82553,9999,1,0,16.602,0.1824,1.3748,0.98197,-0.56117,2,0.0068263,1.3748,-1,0.98197,-0.56117,-1,-0.0093383,-0.0093332,0,0,0,0,0,0,0,0
1.5147,0.45812,-0.9769,-1,0,0,0,0,0.45977,0.45812,-0.96118,-1,-0.0039218,-0.0014004,7.518e-07,0,0,0,1.532,999,999,999,0.49964,1.467,0.27236,0.86437,0.23594,7.518e-07,9999,1,1,551.76,4.0527,0.27236,0,0,0,0,0,0,0,0,1,999,999,999,0,0,0,0,0,0,0,0,0,0,0,0,0,0,0,0,0,0.0089659,1.5147,-1,0.96729,0.90039,-1,-0.0039218,-0.0082475,0,0,0,0,0,0,0,0
0,0,0,0,0,0,0,0,1.1524,0.39933,-0.69488,-1,-0.10548,-0.032372,-2.6219e-06,1,1,0.49719,1.4863,999,999,999,1.2422,0.98572,0.25446,0.9963,0.17169,2.6219e-06,9999,0,-1,0,3.5156,0.25446,0,0,0,0,0,0,0,0,1,999,999,999,0,0,0,0,0,0,0,0,0,0,0,0,0,0,0,0,0,0.01143,1.1524,-1,0.90128,0,0,0,0,0,0,0,0,0,0,0,1
2.0528,0.6004,-0.99493,1,0,0,0,0,0.37456,1.5264,0.77548,1,-0.99972,0.99276,4.4588e-05,0,0,0,1.9938,999,999,999,0.40767,0.63534,1.9777,0.93972,0.10984,1.4167e-06,9999,1,-1,0,6.0059,0.1649,0,0,0,0,0,0,0,0,1,2.0528,0.96904,-0.94421,0,0,0,0,0,10,0.10984,1.4167e-06,9999,-1,0,6.0059,0.1649,2.0528,0.96904,-0.94421,-2,0.0026672,2.0528,1,0.96904,0.48827,1,0.99276,0.80689,0,0,0,0,0,0,0,1
0,0,0,0,0,0,0,0,0.59128,0.82862,-0.60888,1,0.94775,1.5132e-06,1.5064e-06,3,0,0,0.59572,999,999,999,0.94668,0.24819,0.17792,0.77925,0.053861,1.2092e-06,9999,0,-1,0,13.867,0.092543,0,0,0,0,0,0,0,0,1,999,999,999,0,0,0,0,0,10,0.098193,3.427e-07,9999,-1,1796.9,14.844,0.1003,0.59128,0.94683,-0.23743,-4,0.00021356,0.59128,1,0.94683,0.58619,1,0.94775,0.76497,0,0,0,0,0,0,0,0
0.57008,0.30277,-0.36131,-1,0,0,0,0,0.12798,0.1134,0.82292,-1,-0.1172,6.8435e-07,-5.3014e-07,0,0,0,0.58068,999,999,999,0.7883,0.25794,0.21275,0.81164,0.12798,5.3014e-07,9999,1,-1,561.52,4.3945,0.21275,0,0,0,0,0,0,0,0,1,999,999,999,0,0,0,0,0,0,0,0,0,0,0,0,0,0,0,0,0,0.00061755,0.57008,-1,0.32063,0,0,0,0,0.57008,0.30277,-0.36131,-1,1,0.00061755,0.32063,0
0.44406,0.85017,-0.89034,-1,0,0,0,0,0.43797,0.3905,0.36461,1,-0.0003607,0.00022246,3.9574e-05,3,1,0.50052,0.79635,999,999,999,0.59079,0.72331,0.54529,0,0,0,0,0,0,0,0,0,0,0,0,0,0,0,0,0,0,0,0,0,0,0,0,0,0,0,0,0,0,0,0,0,0,0,0,0,0,0,0,0,0,0,0,0,0,0.44406,0.85017,-0.89034,-1,1,0.010308,0.7986,0
0,0,0,0,0,0,0,0,0.55688,0.32319,0.35444,1,2.6238e-05,-1.2191e-06,0,1,0,0,0.49485,999,999,999,0.49081,0.076645,0,0.92173,0.15042,1.2191e-06,9999,0,-1,0,15.43,0.076645,0,0,0,0,0,0,0,0,1,999,999,999,0,0,0,0,0,0,0,0,0,0,0,0,0,0,0,0,0,0.0034099,0.55688,1,0.88765,0.79386,1,2.6238e-05,0.69251,0,0,0,0,0,0,0,1
1.2616,0.76239,-0.88223,1,0.72471,0.80808,0.48386,-1,0.57936,1.0164,-0.64698,-1,-0.045693,0.00064311,-0.00011156,2,0,0,1.3577,-0.57936,0.74326,-0.87071,0.8554,0.45459,0.74592,0.8893,0.1933,3.8345e-07,9999,1,1,937.5,7.7148,0.13565,0,0,0,0,0,0,0,0,1,0.57936,0.74326,-0.41752,0,0,0,0,0,10,0.1933,3.8345e-07,9999,1,937.5,7.7148,0.13565,0.57936,0.74326,-0.41752,6,0.022841,1.2616,1,0.94316,0.44494,-1,-0.045693,-0.23997,0,0,0,0,0,0,0,0
0,0,0,0,0,0,0,0,1.1367,1.8261,-0.89054,-1,-0.041863,-0.032779,-0.00019359,3,0,0,1.7168,-1.1367,-0.94845,-0.98337,1.2723,1.1137,0.22123,0.91757,0.17803,0.00019359,9999,1,-1,654.3,0,0.22123,0,0,0,0,0,0,0,0,1,0.61664,0.95032,-0.92247,0,0,0,0,0,10,0.17803,0.00019359,9999,-1,654.3,0,0.22123,0.61664,0.95032,-0.92247,-2,0.0063725,1.1367,-1,0.94845,0.88322,1,2.9904e-05,0.50662,0,0,0,0,0,0,0,1
0,0,0,0,0,0,0,0,0.83455,0.053932,0.12121,1,-0.99979,0.98894,0.11578,0,0,0,1.2289,-0.60867,-0.95229,-0.69813,0.38434,0.72358,1.3202,0.68795,0.19264,4.9913e-07,9999,1,1,703.12,5.4199,0.20045,0,0,0,0,0,0,0,0,1,0.81728,0.78961,-0.3321,0,0,0,0,0,10,0.19264,4.9913e-07,9999,1,703.12,5.4199,0.20045,0.81728,0.78961,-0.3321,5,0.0060485,0.83455,1,0.80283,0.71025,-1,-0.99979,-0.024402,0,0,0,0,0,0,0,0
0,0,0,0,0,0,0,0,1.1811,0,-0.90853,-1,-0.0003034,0,0,0,0,0,0.81411,999,999,999,0.87092,0,0,0,0,0,0,0,0,0,0,0,0,0,0,0,0,0,0,0,0,0,0,0,0,0,0,0,0,0,0,0,0,0,0,0,0,0,0,0,0,0.0073247,1.1811,-1,0.98599,0,0,0,0,0,0,0,0,0,0,0,0
0,0,0,0,0,0,0,0,0.931,1.2864,-0.19318,-1,0.99091,-0.055915,0.019876,1,1,0.49579,1.325,0.60128,-0.76413,-0.68712,0.61743,1.0183,0.84132,0,0,0,0,0,0,0,0,0,0,0,0,0,0,0,0,0,0,0,0,0,0,0,0,0,0,0,0,0,0,0,0,0,0,0,0,0,0,0.094297,0.931,-1,0.98379,0,0,0,0,0,0,0,0,0,0,0,1
0,0,0,0,0,0,0,0,1.3303,0.3756,0.56601,1,0.99808,-0.71282,0.058094,1,0,0,1.6477,1.3303,0.96103,-0.77383,0.39785,0.45875,1.6358,0.87483,0.22799,1.3681e-06,9999,1,-1,0,9.7656,0.15633,0,0,0,0,0,0,0,0,1,1.3303,0.96103,-0.72863,0,0,0,0,0,10,0.22799,1.3681e-06,9999,-1,0,9.7656,0.15633,1.3303,0.96103,-0.72863,-5,0.0098665,1.3303,1,0.96103,0.99148,1,0.99808,0.020449,0,0,0,0,0,0,0,1
0,0,0,0,0,0,0,0,0.17179,1.2059,-0.91567,-1,-1.7583e-05,5.8488e-07,-3.6866e-07,0,0,0,0.36727,999,999,999,0.44659,0.23134,0.12396,0.74627,0.17179,3.6866e-07,9999,0,-1,625,4.0039,0.12396,0,0,0,0,0,0,0,0,1,999,999,999,0,0,0,0,0,0,0,0,0,0,0,0,0,0,0,0,0,0,0,0,0,0.4908,-1,-1.7583e-05,-0.010202,0,0,0,0,0,0,0,0
0,0,0,0,0,0,0,0,1.6006,0.13567,-0.29182,1,-0.014387,0.0026319,0,0,0,0,1.519,999,999,999,1.4303,2.5266,0,0,0,0,0,0,0,0,0,0,0,0,0,0,0,0,0,0,0,0,0,0,0,0,0,0,0,0,0,0,0,0,0,0,0,0,0,0,0,0.0038998,1.6006,1,0.89868,0,0,0,0,0,0,0,0,0,0,0,1
0,0,0,0,0,0,0,0,1.3042,0.54607,-0.94937,1,0.96915,-0.30366,-3.8066e-05,2,1,0.49784,1.4658,999,999,999,1.6416,0.88995,0.54216,0.75426,0.11718,4.431e-07,9999,1,-1,605.47,6.1035,0.1737,0,0,0,0,0,0,0,0,1,1.3042,0.95226,-0.87907,0,0,0,0,0,10,0.11718,4.431e-07,9999,-1,605.47,6.1035,0.1737,1.3042,0.95226,-0.87907,-6,0.0040142,1.3042,1,0.95226,-0.87907,1,0.96915,0.56871,0,0,0,0,0,0,0,1
0,0,0,0,0,0,0,0,1.5845,0.89065,-0.41679,-1,0.97026,-8.0689e-05,6.9665e-05,0,0,0,1.6438,0.5926,0.55268,-0.68346,0.96257,2.4372,0.67878,0.94295,0.12195,3.8131e-07,9999,1,-1,1054.7,6.8359,0.13402,0,0,0,0,0,0,0,0,1,0.5926,0.55268,-0.65822,0,0,0,0,0,10,0.12195,3.8131e-07,9999,-1,1054.7,6.8359,0.13402,0.5926,0.55268,-0.65822,-2,0.0019582,1.5845,-1,0.78782,0.88959,1,0.97026,0.80327,0,0,0,0,0,0,0,1
0,0,0,0,0,0,0,0,1.1344,0,0.33115,-1,0.52513,-0.066325,-0.052066,0,0,0,1.4249,999,999,999,0.6479,1.2556,1.3923,0,0,0,0,0,0,0,0,0,0,0,0,0,0,0,0,0,0,0,0,0,0,0,0,0,0,0,0,0,0,0,0,0,0,0,0,0,0,0.0017341,1.1344,-1,0.95688,0,0,0,0,0,0,0,0,0,0,0,1
0,0,0,0,0,0,0,0,0.39174,0.61151,-0.2611,1,-0.9983,7.7679e-07,3.9187e-07,1,0,0,0.32214,999,999,999,0.42502,0.27715,0.14184,0.35205,0.16856,3.9187e-07,9999,1,1,751.95,5.4199,0.14184,0,0,0,0,0,0,0,0,1,999,999,999,0,0,0,0,0,0,0,0,0,0,0,0,0,0,0,0,0,0,0,0,0,0.045548,-1,-0.9983,-0.031034,0,0,0,0,0,0,0,0
0,0,0,0,0,0,0,0,0.55395,1.3424,-0.45062,1,0.99866,-0.94811,-0.75498,0,0,0,0.92777,0.55395,0.71355,-0.6275,0.4875,0.31878,0.66424,0,0,0,0,0,0,0,0,0,0,0,0,0,0,0,0,0,0,0,0,0,0,0,0,0,0,0,0,0,0,0,0,0,0,0,0,0,0,0.023796,0.53952,-1,0.51295,0,0,0,0,0,0,0,0,0,0,0,0
1.3774,0.69069,-0.90992,1,0.64174,0,0.62589,-1,0.78773,0.90749,-0.39342,1,0.876,0.0029798,-0.00026694,0,0,0,1.6866,1.3774,-0.69409,-0.01361,1.0467,1.4931,0.80048,0,0,0,0,0,0,0,0,0,0,0,0,0,0,0,0,0,0,0,0,0,0,0,0,0,0,0,0,0,0,0,0,0,0,0,0,0,0,0.0026196,1.3774,1,0.69409,0,0,0,0,0,0,0,0,0,0,0,1
0,0,0,0,0,0,0,0,1.1879,0.14106,-0.9769,1,-0.99996,0.0001041,0,1,0,0,0.66305,999,999,999,0.28369,0.7955,0,0.24109,0.19551,0.99996,9999,0,-1,1855.5,16.016,0.28369,0,0,0,0,0,0,0,0,1,999,999,999,0,0,0,0,0,0,0,0,0,0,0,0,0,0,0,0,0,0.0073244,1.1879,1,0.97934,0.19992,1,0.0001041,2.0854e-05,0,0,0,0,0,0,0,0
0,0,0,0,0,0,0,0,1.5506,0.5485,0.051957,1,-0.06624,0.049886,4.3967e-05,0,0,0,1.9849,999,999,999,1.087,1.87,0.56649,0.592,0.10442,4.4617e-07,9999,1,-1,791.02,5.5664,0.17535,0,0,0,0,0,0,0,0,1,1.5506,0.97018,-0.69547,0,0,0,0,0,10,0.10442,4.4617e-07,9999,-1,791.02,5.5664,0.17535,1.5506,0.97018,-0.69547,-5,0.017907,1.5506,1,0.97018,0.92901,1,4.3967e-05,0.52471,0,0,0,0,0,0,0,1
0,0,0,0,0,0,0,0,1.3884,0.86368,0.040784,1,0.94285,0.084057,-0.00017256,0,0,0,1.8358,1.3884,0.97937,-0.88059,1.0041,1.9065,0.89237,0,0,0,0,0,0,0,0,0,0,0,0,0,0,0,0,0,0,0,0,0,0,0,0,0,0,0,0,0,0,0,0,0,0,0,0,0,0,0.0074562,1.3884,1,0.97937,0,0,0,0,0,0,0,0,0,0,0,1
0.33607,0,-0.65118,-1,0,0,0,0,1.1679,0,-0.41608,-1,-0.038508,-0.014263,0.00062617,2,0,0,1.4094,-0.76616,0.82518,-0.71603,1.34,1.1147,0.37144,0.57573,0.2268,0.00037058,9999,0,1,576.17,0,0.21066,1,0,-6.0566,-0.55814,0.046314,0.25185,0.0083627,0.027447,1,1.1679,0.9563,-0.35818,0,0,0,0,0,10,0.2268,0.00037058,9999,1,576.17,0,0.21066,1.1679,0.9563,-0.35818,21,0.012729,1.1679,-1,0.9563,0.9762,-1,-0.00056954,-0.00064947,0.33607,0,-0.65118,-1,1,0.3276,0.4345,0
0,0,0,0,0,0,0,0,0.90903,1.3037,-0.90683,1,-0.99928,0.043972,0.001425,1,0,0,1.1505,999,999,999,0.44696,0.79569,1.1772,0,0,0,0,0,0,0,0,0,0,0,0,0,0,0,0,0,0,0,0,0,0,0,0,0,0,0,0,0,0,0,0,0,0,0,0,0,0,0.020005,0.90903,1,0.94243,0,0,0,0,0,0,0,0,0,0,0,0
0.54412,0.60143,0.73306,-1,0,0,0,0,1.0426,1.2367,-0.07212,1,0.94764,-0.00056515,0.00038433,0,0,0,1.3524,0.57411,0.96448,-0.86104,0.85082,0.64468,0.79691,0.27446,0.10688,3.181e-07,9999,1,-1,1308.6,18.164,0.073009,0,0,0,0,0,0,0,0,1,0.57411,0.96448,-0.05341,0,0,0,0,0,10,0.10688,3.181e-07,9999,-1,1308.6,18.164,0.073009,0.57411,0.96448,-0.05341,-0,0.004232,1.0426,1,0.96307,0.51298,1,0.94764,0.37751,0.54412,0.60143,0.73306,-1,1,0.030927,0.43899,1
0,0,0,0,0,0,0,0,0.30191,0.94349,0.89115,1,0.99995,6.6717e-07,-3.7796e-07,0,0,0,0.36679,999,999,999,0.30888,0.25386,0.13144,0.71219,0.11306,3.7796e-07,9999,1,-1,888.67,9.668,0.13144,0,0,0,0,0,0,0,0,1,999,999,999,0,0,0,0,0,0,0,0,0,0,0,0,0,0,0,0,0,0,0,0,0,-0.22549,1,0.99995,0.55642,0,0,0,0,0,0,0,1
0,0,0,0,0,0,0,0,1.0785,0.55284,0.81755,-1,-0.74908,-0.0001087,1.2263e-06,1,1,0.49738,1.2859,-0.7493,-0.98628,-0.98437,1.4451,0.72503,0.23156,0,0,0,0,0,0,0,0,0,0,0,0,0,0,0,0,0,0,0,0,0,0,0,0,0,0,0,0,0,0,0,0,0,0,0,0,0,0,0.0080843,1.0785,-1,0.97505,0,0,0,0,0,0,0,0,0,0,0,0
1.4008,0.59803,-0.88174,1,0.73599,0.27842,0.21442,-1,0,0,0,0,0.085603,-0.00058976,0,0,0,0,1.1937,999,999,999,1.0312,0.86264,0,0,0,0,0,0,0,0,0,0,0,0,0,0,0,0,0,0,0,0,0,0,0,0,0,0,0,0,0,0,0,0,0,0,0,0,0,0,0,0.0033195,1.4008,1,0.98213,0,0,0,0,0,0,0,0,0,0,0,1
0,0,0,0,0,0,0,0,0.58848,0.53946,-0.3532,1,0.016569,-0.007738,4.4682e-05,2,0,0,0.76917,0.60943,-0.59509,-0.040241,0.94823,0.61622,0.55784,0.92683,0.15604,3.3662e-07,9999,1,-1,2695.3,12.012,0.094061,0,0,0,0,0,0,0,0,1,0.58848,0.78203,-0.95873,0,0,0,0,0,10,0.15604,3.3662e-07,9999,-1,2695.3,12.012,0.094061,0.58848,0.78203,-0.95873,-5,0.0011253,0.60943,1,0.59509,0.49559,1,7.9625e-06,0.68518,0,0,0,0,0,0,0,0
0.48676,1.2523,0.1967,-1,0,0,0,0,0.68252,0.24025,0.8211,1,-0.52692,2.6765e-05,1.4932e-06,1,0,0,0.55677,999,999,999,0.76412,0.49324,0.17618,0.78463,0.094106,1.4932e-06,9999,0,1,0,3.6133,0.17618,1,0,-0.19442,-2.471,5.0851,0.0038038,0.38556,1.8919,1,999,999,999,0,0,0,0,0,0,0,0,0,0,0,0,0,0,0,0,0,0.0031074,0.68252,1,0.52299,0.97011,-1,-0.52692,-0.68546,0.48676,1.2523,0.1967,-1,1,0.015055,0.64573,1
0,0,0,0,0,0,0,0,1.3372,0.93937,-0.14772,1,0.86434,-0.0045694,0.00062077,0,0,0,1.7205,1.0147,0.47102,-0.49598,1.2996,0.80466,0.93828,0,0,0,0,0,0,0,0,0,0,0,0,0,0,0,0,0,0,0,0,0,0,0,0,0,0,0,0,0,0,0,0,0,0,0,0,0,0,0.0060837,1.3372,1,0.92623,0,0,0,0,0,0,0,0,0,0,0,1
0,0,0,0,0,0,0,0,1.296,0.42259,0.67919,1,0.027158,0.0001948,-3.3605e-05,1,0,0,1.4401,999,999,999,1.3681,0.22309,0.52343,0.62747,0.13009,0.0001948,9999,0,1,683.59,0,0.22309,0,0,0,0,0,0,0,0,1,0.74741,0.46345,-0.73598,0,0,0,0,0,10,0.17373,9.2984e-07,9999,1,463.87,4.4922,0.30173,0.74741,0.46345,-0.41746,6,0.013493,1.296,1,0.97544,0.36904,-1,-3.3605e-05,-0.048973,0,0,0,0,0,0,0,0
0,0,0,0,0,0,0,0,0.66335,0.98527,-0.75132,1,0.91451,0.00041875,-4.2956e-05,0,0,0,0.91173,999,999,999,0.55868,0.65965,0.56227,0.55619,0.24944,7.1083e-06,9999,1,1,527.34,4.3945,0.36639,0,0,0,0,0,0,0,0,1,999,999,999,0,0,0,0,0,0,0,0,0,0,0,0,0,0,0,0,0,0.015909,0.66335,1,0.92904,0.096556,-1,-4.2956e-05,-0.00010244,0,0,0,0,0,0,0,0
0,0,0,0,0.77454,0.10703,-0.66513,-1,0.81631,0.10703,-0.30505,1,0.92515,-0.071656,3.0326e-05,0,0,0,0.76797,0.81631,-0.47045,-0.20835,0.87303,1.1879,0.50925,0,0,0,0,0,0,0,0,0,0,0,0,0,0,0,0,0,0,0,0,0,0,0,0,0,0,0,0,0,0,0,0,0,0,0,0,0,0,0.012427,0.77454,-1,0.95069,0,0,0,0,0,0,0,0,0,0,0,1
0,0,0,0,0,0,0,0,1.2445,1.0468,0.78144,1,0.95185,-0.0024617,9.7624e-05,0,0,0,1.7944,0.93665,-0.75358,-0.82264,1.801,1.1436,0.6709,0.94171,0.087171,1.4483e-06,9999,1,-1,0,4.541,0.16983,0,0,0,0,0,0,0,0,1,0.93665,0.75358,-0.92183,0,0,0,0,0,10,0.087171,1.4483e-06,9999,-1,0,4.541,0.16983,0.93665,0.75358,-0.92183,-2,0.007715,1.2445,1,0.99345,0.97375,1,0.95185,0.81805,0,0,0,0,0,0,0,1
0,0,0,0,0,0,0,0,0.61187,0,-0.50955,1,-0.97967,-0.00024478,0.00012824,2,1,0.49776,0.81139,999,999,999,0.56971,0.76314,0.8158,0,0,0,0,0,0,0,0,0,0,0,0,0,0,0,0,0,0,0,0,0,0,0,0,0,0,0,0,0,0,0,0,0,0,0,0,0,0,0.027297,0.50375,-1,0.41896,0,0,0,0,0,0,0,0,0,0,0,0
0,0,0,0,0,0,0,0,1.4878,0.92687,-0.43851,-1,0.96198,-0.034214,0.00021738,1,0,0,1.5082,0.54344,-0.86931,-0.92632,1.12,2.275,0.2498,0,0,0,0,0,0,0,0,0,0,0,0,0,0,0,0,0,0,0,0,0,0,0,0,0,0,0,0,0,0,0,0,0,0,0,0,0,0,0.010213,1.4878,-1,0.97244,0,0,0,0,0,0,0,0,0,0,0,1
0,0,0,0,0,0,0,0,0.49432,1.3858,-0.35867,-1,0.99888,0.00064897,-0.00016087,4,0,0,0.85305,999,999,999,0.47506,0.42013,0.74218,0.55721,0.2418,2.855e-06,9999,1,1,454.1,3.1738,0.2965,0,0,0,0,0,0,0,0,1,999,999,999,0,0,0,0,0,0,0,0,0,0,0,0,0,0,0,0,0,0,0,0,0,0.29989,-1,-0.00010455,-0.00017949,0,0,0,0,0,0,0,1
0,0,0,0,0,0,0,0,2.0691,0.32098,-0.99422,-1,-0.23974,0,0,0,0,0,0.66455,999,999,999,1.2722,0,0,0,0,0,0,0,0,0,0,0,0,0,0,0,0,0,0,0,0,0,0,0,0,0,0,0,0,0,0,0,0,0,0,0,0,0,0,0,0,0.027402,2.0691,-1,0.98007,0,0,0,0,0,0,0,0,0,0,0,0
0,0,0,0,0,0,0,0,0.40738,0.82657,0.98952,1,0.85838,7.209e-05,2.6544e-05,1,0,0,0.75086,999,999,999,0.21697,0.64004,0.4922,0.90115,0.1156,0.85838,9999,0,1,0,20.117,0.21697,0,0,0,0,0,0,0,0,1,999,999,999,0,0,0,0,0,0,0,0,0,0,0,0,0,0,0,0,0,0.015387,0.53142,1,0.96332,-0.71728,-1,-1.1927e-05,-0.043328,0,0,0,0,0,0,0,0
0,0,0,0,0,0,0,0,1.1699,0.065717,0.33594,-1,-0.51481,0.0088958,-0.00048862,0,0,0,1.6307,-1.1699,-0.97338,-0.79037,1.488,1.443,1.1258,0,0,0,0,0,0,0,0,0,0,0,0,0,0,0,0,0,0,0,0,0,0,0,0,0,0,0,0,0,0,0,0,0,0,0,0,0,0,0.0006734,1.1699,-1,0.97338,0,0,0,0,0,0,0,0,0,0,0,0
0,0,0,0,0,0,0,0,1.3941,0.26161,0.17093,-1,-0.016876,-0.0056231,7.2159e-05,0,1,0.50043,1.6834,-1.3941,-0.83508,-0.96751,1.2513,1.3318,0.67489,0.62265,0.22127,4.4792e-07,9999,1,1,654.3,6.3477,0.17628,0,0,0,0,0,0,0,0,1,0.95306,0.79103,-0.57196,0,0,0,0,0,10,0.22127,4.4792e-07,9999,1,654.3,6.3477,0.17628,0.95306,0.79103,-0.57196,6,0.0054421,1.3941,-1,0.83508,0.41096,-1,-0.0056231,-0.0013687,0,0,0,0,0,0,0,1
0,0,0,0,0,0,0,0,1.9399,0,-0.74994,1,0.96254,0,0,0,0,0,1.6856,999,999,999,1.6856,0,0,0,0,0,0,0,0,0,0,0,0,0,0,0,0,0,0,0,0,0,0,0,0,0,0,0,0,0,0,0,0,0,0,0,0,0,0,0,0,0.013574,1.9399,1,0.96824,0,0,0,0,0,0,0,0,0,0,0,1
0,0,0,0,0,0,0,0,0.47545,0.59084,0.77491,-1,0.00062051,-0.00017521,3.5473e-05,0,0,0,0.83434,999,999,999,0.36517,0.73478,0.51696,0.86153,0.14571,6.5416e-07,9999,1,-1,576.17,3.6621,0.25065,0,0,0,0,0,0,0,0,1,999,999,999,0,0,0,0,0,0,0,0,0,0,0,0,0,0,0,0,0,0.063308,0.5521,-1,0.65814,0.82373,1,3.5473e-05,0.56111,0,0,0,0,0,0,0,1
0.90647,0.28283,-0.17856,-1,0,0,0,0,0.45018,0.11778,0.22465,1,-0.00033522,0.00018089,-2.5362e-06,2,1,0.50324,0.57673,999,999,999,0.59473,0.71232,0.28761,0.80946,0.21688,2.5362e-06,9999,0,-1,444.34,3.9062,0.28761,0,1,0,0,0,0,0,0,1,999,999,999,0,0,0,0,0,0,0,0,0,0,0,0,0,0,0,0,0,0.0023084,0.90647,-1,0.96079,0.15595,1,0.00018089,0.015217,0.90647,0.28283,-0.17856,-1,1,0.0023084,0.96079,1
0.73314,0,0.83012,-1,0,0,0,0,0.91485,0.80195,-0.55186,-1,-0.022253,-0.013507,0.00041647,1,0,0,1.1757,-0.73314,-0.95187,-0.68047,1.2545,1.1466,0.34156,0.84213,0.21435,0.00041647,9999,1,1,483.4,0,0.34156,0,0,0,0,0,0,0,0,1,0.73314,0.95187,-0.94962,0,0,0,0,0,10,0.21435,0.00041647,9999,1,483.4,0,0.34156,0.73314,0.95187,-0.94962,4,0.013281,0.91485,-1,0.86836,0.98802,-1,-0.013507,-0.031855,0.73314,0,0.83012,-1,1,0.00061553,0.95187,1
0.29638,0.26443,-0.75149,-1,0,0,0,0,0.19821,0.22944,0.06031,1,-9.7083e-06,-3.6108e-06,4.5901e-07,1,0,0,0.3438,999,999,999,0.39202,0.31415,0.182,0.95618,0.19821,4.5901e-07,9999,1,1,615.23,5.1758,0.182,0,0,0,0,0,0,0,0,1,999,999,999,0,0,0,0,0,0,0,0,0,0,0,0,0,0,0,0,0,0,0,0,0,0.81998,-1,-9.7083e-06,-0.5138,0.29638,0.26443,-0.75149,-1,1,0.012204,0.37644,1
0,0,0,0,0,0,0,0,1.6038,0.26034,-0.45972,1,0.049977,-0.0026821,-1.5382e-06,0,0,0,1.5381,999,999,999,1.3018,1.1051,0.35886,0.21206,0.21977,1.5382e-06,9999,1,-1,493.16,3.6621,0.35886,0,0,0,0,0,0,0,0,1,999,999,999,0,0,0,0,0,0,0,0,0,0,0,0,0,0,0,0,0,0.0036034,1.6038,1,0.82842,0.036043,1,0.049977,0.0003698,0,0,0,0,0,0,0,1
0,0,0,0,0,0,0,0,2.0863,0.076133,-0.22379,-1,0.17408,-0.068068,-0.050635,1,1,0.49744,2.4422,999,999,999,1.5056,2.0354,1.4516,0,0,0,0,0,0,0,0,0,0,0,0,0,0,0,0,0,0,0,0,0,0,0,0,0,0,0,0,0,0,0,0,0,0,0,0,0,0,0.020295,2.0863,-1,0.99567,0,0,0,0,0,0,0,0,0,0,0,0
0,0,0,0,0.61897,1.0723,-0.14867,1,0.51761,1.5794,-0.78486,1,0.0050118,0.00014786,-1.5687e-05,0,0,0,0.79128,999,999,999,0.99082,0.75268,0.43531,0.8232,0.14089,5.9937e-07,9999,1,-1,266.11,5.2246,0.23572,0,0,0,0,0,0,0,0,1,0.51761,0.48875,-0.35763,0,0,0,0,0,10,0.14089,5.9937e-07,9999,-1,266.11,5.2246,0.23572,0.51761,0.48875,-0.35763,-0,0.012664,0.51761,1,0.48875,0.90246,1,0.0050118,0.51512,0,0,0,0,0,0,0,1
0,0,0,0,0,0,0,0,1.2143,0.73959,-0.66494,1,0.016196,-0.00021247,-7.6519e-05,1,0,0,1.5133,999,999,999,1.3758,0.90105,0.64406,0.47289,0.20828,3.7699e-07,9999,1,1,683.59,4.541,0.13068,0,0,0,0,0,0,0,0,1,999,999,999,0,0,0,0,0,0,0,0,0,0,0,0,0,0,0,0,0,0.011624,1.2143,1,0.53991,0.35519,-1,-0.00021247,-0.0020739,0,0,0,0,0,0,0,0
0,0,0,0,0.45298,2.0069,-0.2734,1,0.88576,1.4263,-0.71427,-1,-0.47726,0.00075973,7.2497e-05,0,0,0,1.0814,999,999,999,1.3154,0.87558,0.67696,0.59485,0.22218,1.3165e-06,9999,1,-1,0,4.9316,0.1454,0,0,0,0,0,0,0,0,1,999,999,999,0,0,0,0,0,10,0.24444,1.2715e-05,9999,-1,0,3.8574,0.29253,0.64258,0.78552,-0.27487,-0,0.0037575,0.88576,-1,0.84807,0.16827,1,0.00075973,0.0010699,0,0,0,0,0,0,0,1
0,0,0,0,0,0,0,0,0.4457,0.95399,-0.50586,-1,-5.3469e-05,1.678e-05,0,0,0,0,0.57627,999,999,999,0.60417,0.44191,0,0,0,0,0,0,0,0,0,0,0,0,0,0,0,0,0,0,0,0,0,0,0,0,0,0,0,0,0,0,0,0,0,0,0,0,0,0,0,0,0,0,0,0,0,0,0,0,0,0,0,0,0,0,1
0,0,0,0,0,0,0,0,0.65399,0.72447,-0.73783,1,0.99884,-0.012183,9.3584e-05,0,0,0,1.1847,999,999,999,0.47939,1.2123,0.68969,0,0,0,0,0,0,0,0,0,0,0,0,0,0,0,0,0,0,0,0,0,0,0,0,0,0,0,0,0,0,0,0,0,0,0,0,0,0,0.015669,0.9099,-1,0.66073,0,0,0,0,0,0,0,0,0,0,0,1
0,0,0,0,0,0,0,0,0.31567,0.28231,0.42002,-1,-2.7719e-05,-5.0524e-06,0,1,0,0,0.31304,999,999,999,0.49756,0.33966,0,0,0,0,0,0,0,0,0,0,0,0,0,0,0,0,0,0,0,0,0,0,0,0,0,0,0,0,0,0,0,0,0,0,0,0,0,0,0,0,0,0,0,0,0,0,0,0,0,0,0,0,0,0,0
0,0,0,0,0,0,0,0,1.1351,1.4677,-0.89099,1,0.99998,0.024431,-4.9679e-05,0,0,0,1.3489,999,999,999,0.26181,1.3626,0.47788,0,0,0,0,0,0,0,0,0,0,0,0,0,0,0,0,0,0,0,0,0,0,0,0,0,0,0,0,0,0,0,0,0,0,0,0,0,0,0.0040169,1.1351,1,0.91713,0,0,0,0,0,0,0,0,0,0,0,1
0.66659,0.34202,-0.56688,-1,0,0,0,0,0.56234,0.38924,-0.50376,1,0.97423,-0.33695,-0.15559,1,1,0.49816,0.80895,999,999,999,0.84469,0.64313,1.1386,0,0,0,0,0,0,0,0,0,0,0,0,0,0,0,0,0,0,0,0,0,0,0,0,0,0,0,0,0,0,0,0,0,0,0,0,0,0,0.016695,0.66659,-1,0.8475,0,0,0,0,0.66659,0.34202,-0.56688,-1,1,0.016695,0.8475,1
1.3511,0,-0.95133,-1,0,0,0,0,0.35732,0,-0.37329,-1,-0.90622,-0.025306,-6.1661e-07,0,0,0,1.3236,999,999,999,0.28633,1.2956,0.24068,0.91378,0.20632,6.1661e-07,9999,1,-1,566.41,4.541,0.24068,0,0,0,0,0,0,0,0,1,999,999,999,0,0,0,0,0,0,0,0,0,0,0,0,0,0,0,0,0,0.013808,1.3511,-1,0.95501,0,0,0,0,0,0,0,0,0,0,0,0
0,0,0,0,0,0,0,0,0.69356,1.4822,-0.76718,-1,0.99127,-0.0073989,-3.1817e-05,0,0,0,0.87335,999,999,999,0.68009,0.43938,0.51575,0.7989,0.22219,1.5445e-06,9999,1,1,488.28,3.418,0.35927,0,0,0,0,0,0,0,0,1,0.69356,0.77314,-0.84361,0,0,0,0,0,10,0.22219,1.5445e-06,9999,1,488.28,3.418,0.35927,0.69356,0.77314,-0.84361,5,0.022072,0.69356,-1,0.77314,0.68555,-1,-0.0073989,-0.0082244,0,0,0,0,0,0,0,0
0,0,0,0,0,0,0,0,0.4479,1.8363,-0.97608,-1,-6.1819e-05,9.6717e-06,-5.6028e-06,0,0,0,0.56407,999,999,999,0.64092,0.3917,0.34765,0.96453,0.13458,3.9332e-07,9999,1,1,917.97,5.5176,0.14287,0,0,0,0,0,0,0,0,1,999,999,999,0,0,0,0,0,0,0,0,0,0,0,0,0,0,0,0,0,0,0,0,0,0.56005,-1,-5.6028e-06,-0.83628,0,0,0,0,0,0,0,0
1.4892,0.72884,-0.71575,-1,0,0,0,0,1.3696,0.18854,-0.50073,1,-0.98097,-0.084504,0.059462,0,0,0,1.8367,-1.4892,-0.66451,-0.19819,0.76091,1.2177,1.8569,0.81714,0.12675,5.5967e-07,9999,1,1,615.23,5.4199,0.22322,0,0,0,0,0,0,0,0,1,1.4892,0.66451,-0.28094,0,0,0,0,0,10,0.12675,5.5967e-07,9999,1,615.23,5.4199,0.22322,1.4892,0.66451,-0.28094,2,0.0042035,1.4892,-1,0.66451,-0.54318,-1,-0.98097,-0.58696,0,0,0,0,0,0,0,0
0,0,0,0,0,0,0,0,0.17384,0.97746,-0.77766,-1,0.00044172,3.4494e-06,-1.2811e-06,2,1,0.49641,0.35097,999,999,999,0.64151,0.31071,0.050216,0.98026,0.17384,7.1674e-07,9999,1,-1,502.93,4.1992,0.26516,0,0,0,0,0,0,0,0,1,999,999,999,0,0,0,0,0,0,0,0,0,0,0,0,0,0,0,0,0,0,0,0,0,0.77671,1,3.4494e-06,0.6316,0,0,0,0,0,0,0,1
0,0,0,0,0,0,0,0,1.1751,0.25399,0.61636,1,-0.96678,0.0024925,1.5719e-06,1,0,0,1.3072,999,999,999,0.77556,1.4739,0.25116,0.99854,0.15722,4.6824e-07,9999,1,-1,634.77,4.4922,0.18653,0,0,0,0,0,0,0,0,1,1.1751,0.99769,-0.9933,0,0,0,0,0,10,0.15722,4.6824e-07,9999,-1,634.77,4.4922,0.18653,1.1751,0.99769,-0.9933,-6,0.00052963,1.1751,1,0.99769,0.35081,-1,-0.96678,-0.0014179,0,0,0,0,0,0,0,0
0,0,0,0,0,0,0,0,0.53689,0.84878,-0.79865,-1,-0.99855,6.746e-06,3.0163e-06,1,0,0,0.62694,999,999,999,0.49309,0.36222,0.30063,0.72464,0.16454,1.2566e-06,9999,0,1,0,6.6406,0.128,0,0,0,0,0,0,0,0,1,999,999,999,0,0,0,0,0,10,0.16235,4.6065e-07,9999,1,600.59,3.8574,0.18281,0.53689,0.23167,-0.4553,6,0.028357,0.53689,-1,0.23167,0.50019,-1,-0.99855,-0.16822,0,0,0,0,0,0,0,0
0,0,0,0,0,0,0,0,1.1264,1.8113,-0.40442,-1,-0.99438,-0.067472,-0.0018137,0,0,0,1.5116,-1.1264,0.96266,-0.89561,0.43594,1.5468,1.0236,0.97633,0.13961,4.0023e-07,9999,0,1,771.48,6.7383,0.14768,0,0,0,0,0,0,0,0,1,1.1264,0.96266,-0.97462,0,0,0,0,0,10,0.22892,1.1391e-05,9999,1,0,2.6367,0.37627,0.95272,0.9286,-0.65434,5,0.010577,1.1264,-1,0.96266,0.77832,-1,-0.99438,-0.85808,0,0,0,0,0,0,0,0
0,0,0,0,0,0,0,0,1.2155,0.35896,-0.6755,1,0.98196,0.016823,7.1092e-05,0,0,0,1.3499,1.2155,-0.88922,-0.91228,0.54243,1.1025,0.65463,0.93395,0.10562,1.349e-06,9999,1,-1,0,6.7383,0.15257,0,0,0,0,0,0,0,0,1,1.2155,0.88922,-0.69414,0,0,0,0,0,10,0.10562,1.349e-06,9999,-1,0,6.7383,0.15257,1.2155,0.88922,-0.69414,-4,0.00050496,1.2155,1,0.88922,0.84994,1,0.98196,0.80032,0,0,0,0,0,0,0,0
0,0,0,0,0,0,0,0,1.1374,1.1805,-0.97118,1,0.8859,-2.384e-05,1.2199e-06,2,0,0,1.1687,999,999,999,1.0746,0.47942,0.07603,0,0,0,0,0,0,0,0,0,0,0,0,0,0,0,0,0,0,0,0,0,0,0,0,0,0,0,0,0,0,0,0,0,0,0,0,0,0,0.0037389,1.1374,1,0.94728,0,0,0,0,0,0,0,0,0,0,0,1
0,0,0,0,0,0,0,0,0.78753,1.0929,0.32716,1,0.30905,0.015128,-0.00012163,0,0,0,1.0915,0.78753,-0.37752,-0.03423,0.79244,1.1383,0.78963,0.86218,0.088982,1.3803e-06,9999,1,-1,0,5.5664,0.15861,0,0,0,0,0,0,0,0,1,0.78753,0.37752,-0.49173,0,0,0,0,0,10,0.18206,1.0007e-06,9999,-1,478.52,3.7109,0.31102,0.78753,0.37752,-0.043447,-4,0.0051121,0.78753,1,0.37752,0.88706,1,0.30905,0.73747,0,0,0,0,0,0,0,1
0,0,0,0,0,0,0,0,0.49167,0.45101,-0.60689,-1,0.85063,-1.8018e-05,0,0,0,0,0.47605,999,999,999,0.20835,0.44907,0,0.69681,0.22038,0.85063,9999,1,1,0,21.484,0.20835,0,0,0,0,0,0,0,0,1,999,999,999,0,0,0,0,0,0,0,0,0,0,0,0,0,0,0,0,0,0,0,0,0,0.29633,-1,-1.8018e-05,-5.3832e-06,0,0,0,0,0,0,0,1
0,0,0,0,0,0,0,0,1.7426,0.37381,-0.93933,-1,-0.99532,-0.32976,0.00041875,0,0,0,1.6368,-1.7426,0.98294,-0.23824,0.42908,2.4693,0.52291,0.30128,0.2451,0.99532,9999,1,-1,986.33,7.6172,0.42908,0,0,0,0,0,0,0,0,1,999,999,999,0,0,0,0,0,0,0,0,0,0,0,0,0,0,0,0,0,0.030605,1.7426,-1,0.98294,0.53429,1,0.00041875,1.2143e-05,0,0,0,0,0,0,0,0
0,0,0,0,0,0,0,0,1.397,0.051322,-0.2465,1,-0.94359,0.059626,4.5246e-05,0,0,0,1.7703,999,999,999,1.553,1.826,0.57081,0.10801,0.23395,9.1099e-07,9999,1,1,390.62,6.3477,0.29874,0,0,0,0,0,0,0,0,1,999,999,999,0,0,0,0,0,0,0,0,0,0,0,0,0,0,0,0,0,0.023737,1.397,1,0.67832,0.83853,-1,-0.94359,-0.00014218,0,0,0,0,0,0,0,0
0,0,0,0,0,0,0,0,1.6265,0.91333,-0.93646,1,0.075995,-9.1298e-07,-5.7771e-07,0,0,0,0.72154,999,999,999,1.029,0.29936,0.2291,0.33521,0.13745,5.7771e-07,9999,1,-1,634.77,5.0293,0.2291,0,0,0,0,0,0,0,0,1,1.6265,0.80956,-0.61553,0,0,0,0,0,10,0.13745,5.7771e-07,9999,-1,634.77,5.0293,0.2291,1.6265,0.80956,-0.61553,-2,0.023045,1.6265,1,0.80956,0.20282,1,0.075995,0.00034568,0,0,0,0,0,0,0,1
0,0,0,0,0,0,0,0,0.75332,0,-0.9936,1,0.97823,0.013078,-0.00060832,2,0,0,0.82677,999,999,999,0.55697,0.78097,0.50467,0,0,0,0,0,0,0,0,0,0,0,0,0,0,0,0,0,0,0,0,0,0,0,0,0,0,0,0,0,0,0,0,0,0,0,0,0,0,0.011797,0.75332,1,0.95381,0,0,0,0,0,0,0,0,0,0,0,0
0,0,0,0,0,0,0,0,1.0883,1.0459,-0.06883,-1,-0.046369,-0.026142,0.0019552,0,0,0,1.6678,-1.0883,-0.9782,-0.85588,0.92819,1.0531,1.1722,0.58376,0.15859,5.0863e-07,9999,1,1,732.42,4.4434,0.20438,0,0,0,0,0,0,0,0,1,1.0883,0.9782,-0.68084,0,0,0,0,0,10,0.19656,5.2079e-07,9999,-1,634.77,4.4434,0.2092,0.57903,0.86996,-0.91774,-0,1.6321e-05,1.0883,-1,0.9782,0.60041,1,0.0019552,0.012172,0,0,0,0,0,0,0,1
0.80263,0.11237,-0.28011,-1,0,0,0,0,0.34662,0.041583,-0.10627,-1,-0.95522,0.0003197,-0.00028018,1,1,0.49486,0.85939,-0.80263,-0.86208,-0.83051,0.52324,0.74917,0.62074,0,0,0,0,0,0,0,0,0,0,0,0,0,0,0,0,0,0,0,0,0,0,0,0,0,0,0,0,0,0,0,0,0,0,0,0,0,0,0.0030793,0.80263,-1,0.86208,0,0,0,0,0.80263,0.11237,-0.28011,-1,1,0.0030793,0.86208,0
0,0,0,0,0,0,0,0,0.92901,1.392,-0.98943,-1,-0.04861,0.00057057,-1.0609e-05,0,0,0,1.0861,999,999,999,1.0893,0.32472,0.39961,0.97875,0.24367,0.00057057,9999,1,1,478.52,0,0.32472,0,0,0,0,0,0,0,0,1,0.92901,0.83975,-0.91006,0,0,0,0,0,10,0.24367,0.00057057,9999,1,478.52,0,0.32472,0.92901,0.83975,-0.91006,6,0.0035475,0.92901,-1,0.83975,-0.40619,-1,-1.0609e-05,-0.11076,0,0,0,0,0,0,0,1
0,0,0,0,0,0,0,0,1.3688,0,-0.33492,1,0.657,0.13025,-0.00018182,1,0,0,1.2048,1.3688,-0.98256,-0.52576,0.66964,1.0093,0.67813,0.89764,0.10977,1.7914e-06,9999,1,1,0,4.834,0.20718,0,0,0,0,0,0,0,0,1,999,999,999,0,0,0,0,0,0,0,0,0,0,0,0,0,0,0,0,0,0.027073,1.3688,1,0.98256,0.79176,-1,-2.3335e-05,-0.74345,0,0,0,0,0,0,0,1
1.1538,0.82281,-0.42523,1,0,0,0,0,0.522,0.18852,0.33924,1,-0.078223,0.00092774,7.727e-05,1,0,0,1.3215,999,999,999,1.1104,0.85518,0.66432,0.51411,0.12673,5.6653e-07,9999,0,-1,133.06,8.3984,0.2255,0,0,0,0,0,0,0,0,1,1.1538,0.83941,-0.032816,0,0,0,0,0,10,0.12673,5.6653e-07,9999,-1,133.06,8.3984,0.2255,1.1538,0.83941,-0.032816,-5,0.0010726,1.1538,1,0.83941,0.8041,1,7.727e-05,0.2965,0,0,0,0,0,0,0,1
0,0,0,0,0,0,0,0,1.2517,0.7524,-0.76197,-1,-0.92575,-0.19996,-0.00063155,2,1,0.49883,1.0139,-1.2517,-0.97643,-0.24244,0.50376,0.82271,0.47595,0.5752,0.094316,4.1438e-07,9999,1,1,327.15,5.4688,0.15694,0,0,0,0,0,0,0,0,1,1.2517,0.97643,-0.57034,0,0,0,0,0,10,0.094316,4.1438e-07,9999,1,327.15,5.4688,0.15694,1.2517,0.97643,-0.57034,0,0.021259,1.2517,-1,0.97643,-0.65202,-1,-0.92575,-0.58503,0,0,0,0,0,0,0,0
0.55713,1.4439,0.10702,-1,0,0,0,0,0.98945,0.60659,-0.82222,1,-0.87789,0.040028,0.038561,2,1,0.49472,1.3157,-0.58323,0.70587,-0.068412,0.2409,0.71518,1.3928,0,0,0,0,0,0,0,0,0,0,0,0,0,0,0,0,0,0,0,0,0,0,0,0,0,0,0,0,0,0,0,0,0,0,0,0,0,0,0.0033018,0.98945,1,0.84913,0,0,0,0,0.55713,1.4439,0.10702,-1,1,0.0029083,0.47199,1
0,0,0,0,0,0,0,0,1.1291,1.0051,-0.80437,-1,0.99932,-0.00055972,-0.00021521,0,0,0,1.3522,999,999,999,0.44366,0.82314,0.9801,0.53281,0.17397,6.9741e-07,9999,1,-1,512.7,3.9062,0.26092,0,0,0,0,0,0,0,0,1,0.67182,0.46536,-0.91524,0,0,0,0,0,10,0.17397,6.9741e-07,9999,-1,512.7,3.9062,0.26092,0.67182,0.46536,-0.91524,-8,0.0072742,1.1291,-1,0.62265,-0.7476,1,0.99932,0.037154,0,0,0,0,0,0,0,1
0.36415,1.574,0.56171,1,0,0,0,0,0.97683,1.6857,-0.88631,-1,-0.95632,0.023492,-0.00061223,1,0,0,1.1827,-0.62572,-0.59352,-0.56408,1.3061,0.97432,0.38087,0,0,0,0,0,0,0,0,0,0,0,0,0,0,0,0,0,0,0,0,0,0,0,0,0,0,0,0,0,0,0,0,0,0,0,0,0,0,0.036061,0.97683,-1,0.96506,0,0,0,0,0.36415,1.574,0.56171,1,1,0.055368,0.85189,0
0,0,0,0,0,0,0,0,1.109,0.9557,-0.82252,1,0.070587,0.0043125,0.00031264,2,0,0,1.6158,0.991,0.90032,-0.92629,1.1115,0.40293,1.1353,0,0,0,0,0,0,0,0,0,0,0,0,0,0,0,0,0,0,0,0,0,0,0,0,0,0,0,0,0,0,0,0,0,0,0,0,0,0,0.0026537,1.109,1,0.95071,0,0,0,0,0,0,0,0,0,0,0,1
0,0,0,0,0,0,0,0,0.61824,1.012,0.59615,1,0.99844,-0.059029,-0.023344,1,0,0,1.0059,0.61824,-0.78073,-0.89224,0.50282,1.0342,0.79056,0.55811,0.070703,1.2222e-06,9999,0,-1,0,8.6914,0.11125,0,0,0,0,0,0,0,0,1,0.61824,0.78073,-0.935,0,0,0,0,0,10,0.070703,1.2222e-06,9999,-1,0,8.6914,0.11125,0.61824,0.78073,-0.935,-4,0.0022065,0.74526,-1,0.87746,0.77768,1,0.99844,0.71129,0,0,0,0,0,0,0,1
0,0,0,0,0,0,0,0,0.29736,0.47366,0.98884,-1,-0.0269,0.0020086,3.4899e-06,2,1,0.50202,0.59904,999,999,999,1.0488,0.48973,0.28289,0,0,0,0,0,0,0,0,0,0,0,0,0,0,0,0,0,0,0,0,0,0,0,0,0,0,0,0,0,0,0,0,0,0,0,0,0,0,0.011891,0.6985,-1,0.62644,0,0,0,0,0,0,0,0,0,0,0,1
0.74868,0,-0.87296,1,0,0,0,0,0.25833,0.24565,0.99977,-1,0.10509,-0.0035486,0.0027513,3,1,0.49436,0.87994,999,999,999,0.82729,0.33317,1.0318,0.73293,0.18084,7.9624e-07,9999,1,-1,512.7,4.2969,0.28071,0,0,0,0,0,0,0,0,1,999,999,999,0,0,0,0,0,0,0,0,0,0,0,0,0,0,0,0,0,0.0045508,0.74868,1,0.89344,0.85533,1,0.0027513,0.07879,0.74868,0,-0.87296,1,1,0.0045508,0.89344,1
0,0,0,0,0,0,0,0,2.0952,0.3152,-0.72047,-1,-0.91682,-0.71444,0.00011416,0,0,0,1.7637,-2.0952,0.99799,-0.7743,0.94876,3.3105,0.87002,0,0,0,0,0,0,0,0,0,0,0,0,0,0,0,0,0,0,0,0,0,0,0,0,0,0,0,0,0,0,0,0,0,0,0,0,0,0,0.0024649,2.0952,-1,0.99799,0,0,0,0,0,0,0,0,0,0,0,0
0,0,0,0,1.7018,0.67494,-0.81312,1,1.2164,0.26396,0.47135,1,0.95786,0.00042128,-3.9905e-05,0,0,0,1.6093,1.7018,-0.98456,-0.89341,1.899,1.2807,0.54977,0,0,0,0,0,0,0,0,0,0,0,0,0,0,0,0,0,0,0,0,0,0,0,0,0,0,0,0,0,0,0,0,0,0,0,0,0,0,0.0026551,1.7018,1,0.98456,0,0,0,0,0,0,0,0,0,0,0,1
0,0,0,0,0,0,0,0,0.49329,1.2112,-0.88969,1,0.99752,0.98429,0.00010521,1,0,0,1.084,0.58798,-0.42556,-0.37411,0.5293,0.74293,0.38034,0.79489,0.15077,6.5937e-07,9999,1,-1,551.76,3.5156,0.25195,0,0,0,0,0,0,0,0,1,0.58798,0.42556,-0.17183,0,0,0,0,0,10,0.15077,6.5937e-07,9999,-1,551.76,3.5156,0.25195,0.58798,0.42556,-0.17183,-0,0.0056439,0.63406,-1,0.7661,0.78754,1,0.98429,0.38946,0,0,0,0,0,0,0,1
0,0,0,0,0,0,0,0,0.73307,0.7193,0.45665,1,0.97135,1.3815e-06,1.2284e-06,1,0,0,0.77273,999,999,999,0.90993,0.34779,0.070407,0.60567,0.12711,1.2162e-06,9999,1,-1,0,4.0039,0.079213,0,0,0,0,0,0,0,0,1,999,999,999,0,0,0,0,0,0,0,0,0,0,0,0,0,0,0,0,0,0.0021484,0.73307,1,0.98942,0.48418,1,0.97135,0.35199,0,0,0,0,0,0,0,0
0,0,0,0,0,0,0,0,1.9857,0.68763,-0.78624,-1,-0.036368,0.00026918,0,0,0,0,1.8234,999,999,999,2.9405,0.96129,0,0,0,0,0,0,0,0,0,0,0,0,0,0,0,0,0,0,0,0,0,0,0,0,0,0,0,0,0,0,0,0,0,0,0,0,0,0,0,0.0013542,1.9857,-1,0.99643,0,0,0,0,0,0,0,0,0,0,0,0
0,0,0,0,0,0,0,0,1.0414,1.2089,-0.6054,-1,-0.96294,0.19992,-7.8911e-05,1,0,0,1.113,-1.0414,-0.84264,-0.69916,0.93825,1.1992,0.72019,0.90952,0.14619,4.2575e-07,9999,0,-1,800.78,7.4219,0.16388,0,0,0,0,0,0,0,0,1,0.76288,0.66162,-0.2994,0,0,0,0,0,10,0.13679,2.346e-06,9999,1,0,4.9316,0.24211,1.0414,0.84264,-0.6789,2,0.0064703,1.0414,-1,0.84264,-0.2994,1,0.19992,0.67517,0,0,0,0,0,0,0,0
0,0,0,0,0,0,0,0,0.13865,0,-0.97077,1,2.0978e-05,-3.8705e-06,1.2159e-06,2,1,0.49833,0.076281,999,999,999,0.46505,0.31939,0.079428,0.97077,0.13865,1.2159e-06,9999,1,1,0,24.023,0.079428,0,0,0,0,0,0,0,0,1,999,999,999,0,0,0,0,0,0,0,0,0,0,0,0,0,0,0,0,0,0,0,0,0,-0.073,-1,-3.8705e-06,-0.8465,0,0,0,0,0,0,0,0
2.0535,0,-0.958,1,0,0,0,0,0,0,0,0,0.0035864,-9.849e-05,0,0,0,0,1.2037,999,999,999,1.4031,0.3354,0,0,0,0,0,0,0,0,0,0,0,0,0,0,0,0,0,0,0,0,0,0,0,0,0,0,0,0,0,0,0,0,0,0,0,0,0,0,0,0.0043062,2.0535,1,0.98713,0,0,0,0,0.3498,0,-0.087062,-1,2,0.006939,0.3447,1
0,0,0,0,0,0,0,0,0.57622,0.46451,0.88913,1,0.0066229,-7.5535e-05,2.0086e-05,1,0,0,0.86262,0.57622,-0.99987,-0.94568,0.7958,0.69529,0.45978,0.71409,0.12689,4.3503e-07,9999,1,-1,761.72,6.0059,0.16923,0,0,0,0,0,0,0,0,1,999,999,999,0,0,0,0,0,0,0,0,0,0,0,0,0,0,0,0,0,0.0069081,0.57694,-1,0.74561,0.72197,1,2.0086e-05,0.46229,0,0,0,0,0,0,0,0
0,0,0,0,0.88372,0.97943,0.43187,-1,0.96329,1.2476,-0.098702,-1,-0.014932,-0.0021286,-0.00023816,0,0,0,1.5788,-0.88372,-0.82563,-0.93314,1.1448,0.90628,1.0739,0.53152,0.12246,3.3712e-07,9999,1,-1,1660.2,10.156,0.09458,0,0,0,0,0,0,0,0,1,0.6325,0.90002,-0.18436,0,0,0,0,0,10,0.12246,3.3712e-07,9999,-1,1660.2,10.156,0.09458,0.6325,0.90002,-0.18436,-0,0.0016336,0.96329,-1,0.97307,-0.15239,1,3.3708e-05,0.33986,0,0,0,0,0,0,0,1
0.50887,1.1932,0.23121,1,0,0,0,0,0.14104,2.1526,-0.22712,1,6.5198e-06,-5.8271e-07,4.3821e-07,0,0,0,0.41609,999,999,999,0.35952,0.23067,0.17102,0.12741,0.14104,4.3821e-07,9999,1,1,693.36,5.4199,0.17102,0,0,0,0,0,0,0,0,1,999,999,999,0,0,0,0,0,0,0,0,0,0,0,0,0,0,0,0,0,0.022959,0.50887,1,0.21963,0,0,0,0,0.50887,1.1932,0.23121,1,1,0.022959,0.21963,1
0.3436,0.82179,-0.86652,-1,0,0,0,0,0.30847,0.48321,0.86255,1,-5.3437e-05,-4.4117e-05,8.746e-06,1,1,0.50003,0.82646,999,999,999,0.52249,0.56457,0.3573,0.96032,0.23612,8.746e-06,9999,0,1,0,3.8086,0.3573,0,0,0,0,0,0,0,0,1,0.53873,0.70097,-0.54226,0,0,0,0,0,10,0.23612,8.746e-06,9999,1,0,3.8086,0.3573,0.53873,0.70097,-0.54226,0,0.023655,0.53873,-1,0.70097,0.79981,-1,-7.0499e-06,-0.00046123,0.3436,0.82179,-0.86652,-1,1,0.10656,0.74931,0
0,0,0,0,0,0,0,0,1.8299,1.4243,-0.92683,1,-0.22327,0.022193,-0.0077948,1,0,0,2.0116,999,999,999,0.87813,2.4388,0.97332,0.033798,0.15482,4.4594e-07,9999,0,1,781.25,4.6875,0.17523,0,0,0,0,0,0,0,0,1,0.71075,0.8395,-0.33466,0,0,0,0,0,10,0.15482,4.4594e-07,9999,1,781.25,4.6875,0.17523,0.71075,0.8395,-0.33466,5,0.0077372,1.8299,1,0.93629,0.11417,-1,-0.22327,-0.023381,0,0,0,0,0,0,0,0
0.81417,0.77458,-0.94683,1,0,0,0,0,0.89806,0,0.19451,-1,0.087858,0.040806,-0.00037594,0,0,0,1.1647,0.81417,0.84517,-0.030965,1.1978,1.2144,0.52889,0.18232,0.070247,1.2104e-06,9999,1,1,0,4.3945,0.087089,1,0,-2.7981,-0.18876,0.37496,0.48155,0.0074446,0.29887,1,0.89806,0.8466,-0.040694,0,0,0,0,0,10,0.070247,1.2104e-06,9999,1,0,4.3945,0.087089,0.89806,0.8466,-0.040694,21,0.024459,0.89806,-1,0.8466,0.86988,-1,-1.2669e-05,-0.58558,0.81417,0.77458,-0.94683,1,1,0.021537,0.84517,1
0,0,0,0,0,0,0,0,0.72112,0.83055,-0.12145,-1,-0.0014738,1.4642e-05,0,0,0,0,0.79122,999,999,999,0.9164,0.4287,0,0,0,0,0,0,0,0,0,0,0,0,0,0,0,0,0,0,0,0,0,0,0,0,0,0,0,0,0,0,0,0,0,0,0,0,0,0,0,0.0057741,0.72112,-1,0.3966,0,0,0,0,0,0,0,0,0,0,0,1
0,0,0,0,0,0,0,0,0.53499,1.4162,0.41619,1,0.99607,-0.99274,-5.149e-05,0,0,0,0.9606,0.53499,0.8976,-0.79388,0.57565,0.61621,0.59708,0,0,0,0,0,0,0,0,0,0,0,0,0,0,0,0,0,0,0,0,0,0,0,0,0,0,0,0,0,0,0,0,0,0,0,0,0,0,0.005256,0.53499,1,0.8976,0,0,0,0,0,0,0,0,0,0,0,1
0,0,0,0,0,0,0,0,0.78672,1.0606,0.8933,-1,0.99998,-4.8771e-05,3.6167e-05,1,0,0,0.69621,999,999,999,0.2627,0.58602,0.53388,0.49023,0.21683,3.6669e-07,9999,0,-1,947.27,8.1055,0.12231,0,0,0,0,0,0,0,0,1,999,999,999,0,0,0,0,0,0,0,0,0,0,0,0,0,0,0,0,0,0.010124,0.78672,-1,0.99623,0.66245,1,0.99998,0.0010741,0,0,0,0,0,0,0,1
0.83044,0.33502,-0.24492,1,0,0,0,0,0.78652,0.92115,-0.42343,-1,-0.0076012,0.0016849,0,0,0,0,0.97937,999,999,999,1.2025,0.79228,0,0,0,0,0,0,0,0,0,0,0,0,0,0,0,0,0,0,0,0,0,0,0,0,0,0,0,0,0,0,0,0,0,0,0,0,0,0,0,0.0023334,0.78652,-1,0.79332,0,0,0,0,0.83044,0.33502,-0.24492,1,1,0.022816,0.80249,1
0,0,0,0,0,0,0,0,0.63352,0.72889,0.080241,1,0.93528,0.00057412,-0.00017528,2,1,0.49355,0.79036,999,999,999,0.78151,0.32712,0.17253,0.74166,0.060832,1.2092e-06,9999,0,-1,0,2.2461,0.092928,0,1,0,0,0,0,0,0,1,0.63352,0.60971,-0.010013,0,0,0,0,0,10,0.060832,1.2092e-06,9999,-1,0,2.2461,0.092928,0.63352,0.60971,-0.010013,-5,0.0071032,0.63352,1,0.60971,-0.010013,1,0.93528,0.75785,0,0,0,0,0,0,0,0
0,0,0,0,0,0,0,0,1.056,1.5206,-0.90817,-1,-0.99988,-0.0061387,4.6929e-05,0,0,0,1.1238,999,999,999,0.30934,1.5482,0.55655,0.8124,0.19857,6.1714e-07,9999,0,-1,693.36,4.5898,0.24083,0,0,0,0,0,0,0,0,1,999,999,999,0,0,0,0,0,0,0,0,0,0,0,0,0,0,0,0,0,0.0052736,1.056,-1,0.9039,0.84055,1,4.275e-05,0.062355,0,0,0,0,0,0,0,0
0,0,0,0,0,0,0,0,1.1353,0.58976,-0.97698,1,0.0017433,0.00079242,-6.0788e-06,0,0,0,0.89685,0.50144,0.23009,-0.048756,0.78358,0.55296,0.354,0,0,0,0,0,0,0,0,0,0,0,0,0,0,0,0,0,0,0,0,0,0,0,0,0,0,0,0,0,0,0,0,0,0,0,0,0,0,0.0082952,1.1353,1,0.98094,0,0,0,0,0,0,0,0,0,0,0,1
0,0,0,0,0,0,0,0,0.2842,0.70169,-0.8898,1,0.92382,-0.00036785,-1.0587e-05,2,0,0,0.61407,999,999,999,0.33076,0.68601,0.39943,0,0,0,0,0,0,0,0,0,0,0,0,0,0,0,0,0,0,0,0,0,0,0,0,0,0,0,0,0,0,0,0,0,0,0,0,0,0,0,0,0,0,0,0,0,0,0,0,0,0,0,0,0,1
0,0,0,0,0,0,0,0,0.23847,1.5247,-0.43029,1,-3.059e-05,3.0972e-06,-4.5875e-07,0,0,0,0.40603,999,999,999,0.51034,0.30262,0.18187,0.68077,0.13099,4.3987e-07,9999,1,1,664.06,5.4688,0.17193,0,0,0,0,0,0,0,0,1,999,999,999,0,0,0,0,0,0,0,0,0,0,0,0,0,0,0,0,0,0,0,0,0,0.59949,-1,-3.059e-05,-0.00014526,0,0,0,0,0,0,0,0
0,0,0,0,0,0,0,0,0.58329,0.39723,-0.43548,-1,-0.002161,6.3866e-07,3.861e-07,2,0,0,0.49924,999,999,999,0.89339,0.24666,0.13763,0.65441,0.12757,3.861e-07,9999,0,1,673.83,3.9551,0.13763,0,0,0,0,0,0,0,0,1,999,999,999,0,0,0,0,0,0,0,0,0,0,0,0,0,0,0,0,0,0.0041815,0.58329,-1,0.38172,0.34817,-1,-0.002161,-0.39274,0,0,0,0,0,0,0,1
0,0,0,0,0,0,0,0,0.46078,0.40648,-0.028409,1,7.9934e-05,-7.5869e-05,-2.6185e-06,2,1,0.49988,0.83165,999,999,999,0.68846,0.71238,0.29001,0.3065,0.069704,1.3113e-06,9999,0,1,0,6.7383,0.14415,0,0,0,0,0,0,0,0,1,999,999,999,0,0,0,0,0,0,0,0,0,0,0,0,0,0,0,0,0,0.011242,0.70683,1,0.79062,0.38986,-1,-2.6185e-06,-0.59743,0,0,0,0,0,0,0,1
1.8551,0,-0.59818,1,0,0,0,0,0.44964,1.6823,-0.61529,-1,-0.00078021,8.4386e-05,-5.2006e-05,2,1,0.49996,1.7098,999,999,999,0.64147,2.7362,0.5915,0,0,0,0,0,0,0,0,0,0,0,0,0,0,0,0,0,0,0,0,0,0,0,0,0,0,0,0,0,0,0,0,0,0,0,0,0,0,0.0028862,1.8551,1,0.99219,0,0,0,0,0,0,0,0,0,0,0,1
0,0,0,0,0,0,0,0,0.89389,1.4794,-0.054716,-1,-0.96706,0.029778,0.00045032,0,0,0,1.0252,-0.89389,-0.98554,-0.87453,0.92003,1.2395,0.68155,0,0,0,0,0,0,0,0,0,0,0,0,0,0,0,0,0,0,0,0,0,0,0,0,0,0,0,0,0,0,0,0,0,0,0,0,0,0,0.02513,0.89389,-1,0.98554,0,0,0,0,0,0,0,0,0,0,0,0
0,0,0,0,1.2005,0.095622,-0.93214,1,0.63233,0,-0.73885,1,0.0073344,2.3797e-05,0,0,0,0,1.2785,999,999,999,1.594,0.56431,0,0,0,0,0,0,0,0,0,0,0,0,0,0,0,0,0,0,0,0,0,0,0,0,0,0,0,0,0,0,0,0,0,0,0,0,0,0,0,0.00032533,1.2005,1,0.89473,0,0,0,0,0,0,0,0,0,0,0,1
0,0,0,0,0,0,0,0,0.71135,0.6773,0.96505,1,-0.97982,0.036068,-3.5399e-05,0,0,0,1.124,999,999,999,0.8141,0.93623,0.52872,0,0,0,0,0,0,0,0,0,0,0,0,0,0,0,0,0,0,0,0,0,0,0,0,0,0,0,0,0,0,0,0,0,0,0,0,0,0,0.0018032,0.77551,-1,0.95025,0,0,0,0,0,0,0,0,0,0,0,0
0,0,0,0,0,0,0,0,1.031,1.0063,-0.45194,1,0.001056,-0.00019158,-1.3889e-05,0,0,0,1.2737,999,999,999,1.227,0.69536,0.52721,0,0,0,0,0,0,0,0,0,0,0,0,0,0,0,0,0,0,0,0,0,0,0,0,0,0,0,0,0,0,0,0,0,0,0,0,0,0,0.003332,1.031,1,0.78474,0,0,0,0,0,0,0,0,0,0,0,1
0,0,0,0,0,0,0,0,0.81576,0.50261,-0.75803,-1,-0.0024203,8.5283e-05,-1.0966e-05,0,0,0,1.1415,999,999,999,0.92596,0.74325,0.40249,0.88945,0.109,4.0374e-07,9999,1,1,869.14,7.4219,0.15004,0,0,0,0,0,0,0,0,1,999,999,999,0,0,0,0,0,0,0,0,0,0,0,0,0,0,0,0,0,0.030214,0.81576,-1,0.82944,0.92364,-1,-2.3565e-06,-0.73393,0,0,0,0,0,0,0,0
0,0,0,0,0,0,0,0,0.90553,1.3422,-0.89057,1,0.097516,-3.9433e-06,-1.9974e-06,0,0,0,0.98449,999,999,999,1.0132,0.3208,0.22235,0.55805,0.10135,4.4712e-07,9999,1,1,693.36,6.4453,0.17586,0,0,0,0,0,0,0,0,1,999,999,999,0,0,0,0,0,0,0,0,0,0,0,0,0,0,0,0,0,0.014658,0.90553,1,0.48864,-0.11207,-1,-1.9974e-06,-0.52443,0,0,0,0,0,0,0,1
1.6915,0,0.077343,1,0,0,0,0,1.1278,0.57944,0.041444,-1,-0.54052,0.040002,0.020409,0,0,0,1.5602,999,999,999,1.8507,1.2633,0.8,0.97729,0.14418,5.7923e-07,9999,1,-1,561.52,4.834,0.22958,0,0,0,0,0,0,0,0,1,1.6915,0.97227,-0.92875,0,0,0,0,0,10,0.14418,5.7923e-07,9999,-1,561.52,4.834,0.22958,1.6915,0.97227,-0.92875,-2,0.0023251,1.6915,1,0.97227,0.54483,1,0.020409,0.85626,0,0,0,0,0,0,0,1
1.5105,0.034768,-0.67396,-1,0,0,0,0,0.64399,0.81962,-0.5286,1,-0.00067879,2.0396e-05,2.3357e-06,0,0,0,1.5081,999,999,999,1.4931,0.46204,0.2416,0.65467,0.14658,2.3357e-06,9999,1,1,0,4.834,0.2416,0,0,0,0,0,0,0,0,1,1.5105,0.94365,-0.57793,0,0,0,0,0,10,0.14658,2.3357e-06,9999,1,0,4.834,0.2416,1.5105,0.94365,-0.57793,2,0.00097364,1.5105,-1,0.94365,-0.57793,-1,-0.00067879,-0.23324,0,0,0,0,0,0,0,0
0,0,0,0,0,0,0,0,0.78982,1.611,0.37832,1,-0.99303,0.99266,0.97766,0,0,0,1.2322,999,999,999,0.64725,0.61087,0.95668,0.99968,0.12294,3.8816e-07,9999,1,-1,712.89,6.25,0.13915,0,0,0,0,0,0,0,0,1,0.78982,0.9156,-0.92517,0,0,0,0,0,10,0.12294,3.8816e-07,9999,-1,712.89,6.25,0.13915,0.78982,0.9156,-0.92517,-2,0.032389,0.78982,1,0.9156,0.89333,1,0.99266,0.90752,0,0,0,0,0,0,0,1
0,0,0,0,0,0,0,0,0.59559,0.57572,-0.37597,1,-0.53945,0.0076368,0.00055069,3,1,0.49733,1.2613,-0.52503,-0.69665,-0.80066,0.79873,0.88496,0.55366,0.79131,0.19964,3.6982e-07,9999,0,-1,1289.1,8.3008,0.12491,0,1,0,0,0,0,0,0,1,0.64679,0.62077,-0.53063,0,0,0,0,0,10,0.19964,3.6982e-07,9999,-1,1289.1,8.3008,0.12491,0.64679,0.62077,-0.53063,-9,0.017958,0.67939,-1,0.72428,0.77124,1,0.00055069,0.044026,0,0,0,0,0,0,0,0
0,0,0,0,0,0,0,0,1.1742,0.1882,-0.94204,-1,-0.98865,-0.015921,0.00066715,4,0,0,1.217,-1.1742,-0.93141,-0.22956,0.611,1.1739,0.50868,0.19196,0.12625,3.4621e-07,9999,0,1,976.56,5.0293,0.10376,0,0,0,0,0,0,0,0,1,1.1742,0.93141,-0.12188,0,0,0,0,0,10,0.12625,3.4621e-07,9999,1,976.56,5.0293,0.10376,1.1742,0.93141,-0.12188,8,0.0011014,1.1742,-1,0.93141,-0.73518,-1,-0.98865,-0.20639,0,0,0,0,0,0,0,0
0.41984,0.89006,-0.21808,-1,0,0,0,0,1.0141,0.41611,-0.29305,1,0.94901,-2.4528e-05,1.0811e-05,0,0,0,1.1914,999,999,999,1.1872,0.48251,0.40125,0,0,0,0,0,0,0,0,0,0,0,0,0,0,0,0,0,0,0,0,0,0,0,0,0,0,0,0,0,0,0,0,0,0,0,0,0,0,0.0037734,1.0141,1,0.80036,0,0,0,0,0.41984,0.89006,-0.21808,-1,1,0.021621,0.92274,1
0,0,0,0,0,0,0,0,0.84657,1.4376,-0.39261,-1,0.91825,-0.38499,0.0026793,1,0,0,1.0832,0.74987,0.90526,-0.8543,0.31409,1.3364,1.0771,0,0,0,0,0,0,0,0,0,0,0,0,0,0,0,0,0,0,0,0,0,0,0,0,0,0,0,0,0,0,0,0,0,0,0,0,0,0,0.024394,0.84657,-1,0.8024,0,0,0,0,0,0,0,0,0,0,0,1
0,0,0,0,0,0,0,0,1.2291,0.45365,0.26567,-1,0.95863,-0.92849,-0.065501,1,0,0,1.9706,0.93949,0.73706,-0.89865,0.61721,1.4318,1.3991,0.97163,0.07609,1.2631e-06,9999,1,1,0,7.6172,0.13034,0,0,0,0,0,0,0,0,1,1.2291,0.85776,-0.84237,0,0,0,0,0,10,0.07609,1.2631e-06,9999,1,0,7.6172,0.13034,1.2291,0.85776,-0.84237,2,0.0048162,1.2256,-1,0.78986,0.75172,-1,-0.92849,-0.8574,0,0,0,0,0,0,0,0
0,0,0,0,0,0,0,0,0.11753,1.6176,-0.56801,1,-0.99986,0.998,7.493e-06,1,0,0,0.57704,999,999,999,0.39393,0.51762,0.37062,0.5356,0.11753,4.7214e-07,9999,0,1,673.83,4.541,0.1884,0,0,0,0,0,0,0,0,1,999,999,999,0,0,0,0,0,0,0,0,0,0,0,0,0,0,0,0,0,0,0,0,0,-0.31425,-1,-0.99986,-0.38257,0,0,0,0,0,0,0,0
0,0,0,0,0,0,0,0,1.7132,0.79021,-0.69688,-1,-0.60286,0.00022182,-5.3512e-05,1,0,0,1.9074,-0.59345,-0.96718,-0.95247,2.1836,0.25392,0.60621,0.98058,0.11083,4.0701e-07,9999,1,1,917.97,4.3945,0.1522,0,0,0,0,0,0,0,0,1,0.59345,0.96718,-0.958,0,0,0,0,0,10,0.11083,4.0701e-07,9999,1,917.97,4.3945,0.1522,0.59345,0.96718,-0.958,2,0.011596,1.7132,-1,0.99836,0.98174,-1,-0.60286,-0.87582,0,0,0,0,0,0,0,0
0,0,0,0,0,0,0,0,0.98488,1.6748,0.97159,-1,-0.02164,-0.016581,6.8897e-05,1,0,0,1.2018,-0.64242,0.94249,-0.88502,0.87606,1.0221,0.67749,0,0,0,0,0,0,0,0,0,0,0,0,0,0,0,0,0,0,0,0,0,0,0,0,0,0,0,0,0,0,0,0,0,0,0,0,0,0,0.019244,0.98488,-1,0.95206,0,0,0,0,0,0,0,0,0,0,0,1
0,0,0,0,0,0,0,0,1.4531,0.26966,-0.96881,-1,-0.00062693,1.3548e-05,-5.1736e-07,0,0,0,1.4275,999,999,999,1.9266,0.42144,0.20786,0.84376,0.18698,5.1736e-07,9999,1,-1,625,5.5664,0.20786,0,0,0,0,0,0,0,0,1,999,999,999,0,0,0,0,0,0,0,0,0,0,0,0,0,0,0,0,0,0.011628,1.4531,-1,0.97854,-0.67926,1,1.3548e-05,0.17693,0,0,0,0,0,0,0,0
0,0,0,0,0,0,0,0,0.58863,1.8711,-0.95688,-1,0.95463,0.93533,0.0010906,1,0,0,0.9889,0.51348,0.62793,-0.13328,0.51767,0.47645,0.75145,0.92,0.14715,1.9843e-06,9999,1,-1,0,5.2734,0.22148,0,0,0,0,0,0,0,0,1,999,999,999,0,0,0,0,0,0,0,0,0,0,0,0,0,0,0,0,0,0.0062117,0.58863,-1,0.80007,0.80023,1,0.93533,0.69969,0,0,0,0,0,0,0,1
0,0,0,0,0,0,0,0,1.7369,0.35616,-0.71954,1,0.96234,0.00010431,1.6126e-05,0,0,0,1.8995,0.6867,-0.9107,-0.92378,2.2063,0.85869,0.31814,0,0,0,0,0,0,0,0,0,0,0,0,0,0,0,0,0,0,0,0,0,0,0,0,0,0,0,0,0,0,0,0,0,0,0,0,0,0,0.00040482,1.7369,1,0.99797,0,0,0,0,0,0,0,0,0,0,0,1
0,0,0,0,0,0,0,0,1.3046,0.77883,-0.35437,-1,-0.95047,0.89783,0.052664,2,0,0,1.4031,-0.82087,-0.94563,-0.81443,1.9492,0.4778,1.4336,0.92511,0.08787,1.4899e-06,9999,0,1,0,6.4453,0.17573,0,0,0,0,0,0,0,0,1,0.82087,0.94563,-0.78194,0,0,0,0,0,10,0.08787,1.4899e-06,9999,1,0,6.4453,0.17573,0.82087,0.94563,-0.78194,2,0.0011548,1.3046,-1,0.80272,0.83705,-1,-0.95047,-0.7971,0,0,0,0,0,0,0,0
0,0,0,0,0,0,0,0,0.66928,0.43634,-0.32663,-1,2.3424e-05,-1.3867e-05,9.171e-06,0,0,0,0.91335,999,999,999,0.47739,0.52861,0.38625,0.99701,0.16605,5.3043e-07,9999,1,1,683.59,4.9316,0.21286,0,0,0,0,0,0,0,0,1,999,999,999,0,0,0,0,0,0,0,0,0,0,0,0,0,0,0,0,0,0.0022434,0.66928,-1,0.69188,0.67677,-1,-1.3867e-05,-0.87839,0,0,0,0,0,0,0,1
0,0,0,0,0,0,0,0,1.0302,0.85428,-0.6991,-1,-0.00010867,-6.4143e-05,-3.204e-05,2,1,0.49203,0.92737,999,999,999,0.77517,0.65201,0.51606,0.92185,0.10125,1.2226e-06,9999,0,1,0,33.594,0.074009,0,1,0,0,0,0,0,0,1,999,999,999,0,0,0,0,0,0,0,0,0,0,0,0,0,0,0,0,0,0.0019838,1.0302,-1,0.956,0.8022,-1,-0.00010867,-0.78565,0,0,0,0,0,0,0,0
0,0,0,0,0,0,0,0,1.2298,0.8511,0.1737,1,0.96928,0.0014841,-1.1586e-05,1,0,0,1.0369,1.2298,-0.97873,-0.8817,0.77574,0.91948,0.40731,0,0,0,0,0,0,0,0,0,0,0,0,0,0,0,0,0,0,0,0,0,0,0,0,0,0,0,0,0,0,0,0,0,0,0,0,0,0,0.0086808,1.2298,1,0.97873,0,0,0,0,0,0,0,0,0,0,0,0
0,0,0,0,0,0,0,0,0.81098,2.4243,-0.9592,1,0.019712,-3.5886e-05,1.2825e-06,1,0,0,0.65841,999,999,999,1.2322,0.53294,0.049812,0.57772,0.081688,1.2825e-06,9999,0,1,0,1.7822,0.049812,0,0,0,0,0,0,0,0,1,999,999,999,0,0,0,0,0,0,0,0,0,0,0,0,0,0,0,0,0,0.017098,0.81098,1,0.99532,-0.38103,-1,-3.5886e-05,-0.66335,0,0,0,0,0,0,0,0
0,0,0,0,0,0,0,0,0.923,1.3659,-0.47523,-1,0.99996,-0.94434,-0.026724,1,0,0,1.248,999,999,999,0.27275,0.53503,1.2133,0.59109,0.070456,1.2931e-06,9999,0,-1,0,4.6875,0.13947,1,0,-2.0319,-1.7483,-5.6603,0.16057,0.34636,1.6768,1,999,999,999,0,0,0,0,0,10,0.20619,5.6122e-06,9999,1,0,4.2969,0.32354,0.923,0.94854,-0.57483,4,0.0069155,0.923,-1,0.94854,-0.12851,1,0.99996,0.72342,0,0,0,0,0,0,0,1
0.47748,2.5269,-0.8178,-1,0,0,0,0,0.35744,2.3949,-0.92349,1,0.89754,-0.05593,-0.00031665,0,0,0,0.95899,0.75942,-0.90716,-0.67414,0.50955,0.6346,0.48465,0,0,0,0,0,0,0,0,0,0,0,0,0,0,0,0,0,0,0,0,0,0,0,0,0,0,0,0,0,0,0,0,0,0,0,0,0,0,0.015936,0.75942,1,0.90716,0,0,0,0,0.47748,2.5269,-0.8178,-1,1,0.019322,0.97972,0
0,0,0,0,0,0,0,0,0.69296,0.57608,-0.93166,1,-0.78462,0.38088,-1.2412e-05,2,0,0,0.73479,999,999,999,0.14201,0.91514,0.29003,0.42923,0.11754,3.7261e-07,9999,1,-1,986.33,8.0078,0.12719,0,0,0,0,0,0,0,0,1,0.69296,0.98752,-0.5545,0,0,0,0,0,10,0.11754,3.7261e-07,9999,-1,986.33,8.0078,0.12719,0.69296,0.98752,-0.5545,-4,0.0056485,0.69296,1,0.98752,-0.5545,1,0.38088,0.33557,0,0,0,0,0,0,0,1
0,0,0,0,0,0,0,0,1.5588,0.47412,-0.59877,-1,-0.99742,-0.027324,4.7209e-05,0,0,0,1.6355,-1.5588,0.96243,-0.90196,0.53859,2.1634,0.57982,0,0,0,0,0,0,0,0,0,0,0,0,0,0,0,0,0,0,0,0,0,0,0,0,0,0,0,0,0,0,0,0,0,0,0,0,0,0,0.00045069,1.5588,-1,0.96243,0,0,0,0,0,0,0,0,0,0,0,0
0,0,0,0,0,0,0,0,0.40741,0,-0.15691,-1,0.026349,-1.0194e-05,1.0214e-06,1,0,0,0.44295,999,999,999,0.83353,0.50806,0.31354,0.90254,0.21254,1.0214e-06,9999,1,1,478.52,3.4668,0.31354,0,0,0,0,0,0,0,0,1,999,999,999,0,0,0,0,0,0,0,0,0,0,0,0,0,0,0,0,0,0,0,0,0,-0.78143,-1,-1.0194e-05,-0.1136,0,0,0,0,0,0,0,1
0,0,0,0,0,0,0,0,1.2099,0.97311,0.50417,1,0.96834,0.54426,-0.0031188,1,0,0,1.7108,0.96541,-0.9585,-0.85038,1.247,0.94987,1.0299,0.9955,0.097964,3.7117e-07,9999,0,-1,966.8,7.4219,0.12602,0,0,0,0,0,0,0,0,1,1.2099,0.94448,-0.91482,0,0,0,0,0,10,0.097964,3.7117e-07,9999,-1,966.8,7.4219,0.12602,1.2099,0.94448,-0.91482,-2,0.01441,1.2099,1,0.94448,0.95443,1,0.54426,0.89745,0,0,0,0,0,0,0,1
0,0,0,0,0,0,0,0,1.0472,1.3312,-0.56928,1,-0.0058217,0.00014034,-4.5605e-05,2,0,0,0.79945,-0.88678,-0.98467,-0.97825,0.90784,0.6917,0.57319,0.93377,0.12471,5.7614e-07,9999,0,-1,947.27,3.3203,0.22861,0,0,0,0,0,0,0,0,1,1.0472,0.99169,-0.97197,0,0,0,0,0,10,0.10506,1.2162e-06,9999,1,0,25,0.079179,0.55841,0.92742,-0.56274,0,0.016623,1.0472,1,0.99169,0.99526,1,1.5991e-06,0.78238,0,0,0,0,0,0,0,1
0,0,0,0,0,0,0,0,0.4373,0.62042,-0.7143,-1,0.61971,-1.4326e-05,0,0,0,0,0.74595,999,999,999,0.76688,0.4266,0,0,0,0,0,0,0,0,0,0,0,0,0,0,0,0,0,0,0,0,0,0,0,0,0,0,0,0,0,0,0,0,0,0,0,0,0,0,0,0.00044449,0.62714,1,0.36098,0,0,0,0,0,0,0,0,0,0,0,1
0,0,0,0,1.7064,0,-0.95246,-1,0,0,0,0,-0.10917,0.059506,0,1,1,0.498,1.2639,999,999,999,2.5942,0.82591,0,0,0,0,0,0,0,0,0,0,0,0,0,0,0,0,0,0,0,0,0,0,0,0,0,0,0,0,0,0,0,0,0,0,0,0,0,0,0,0.0014054,1.7064,-1,0.97302,0,0,0,0,0,0,0,0,0,0,0,0
0,0,0,0,0,0,0,0,0.72316,0.62991,-0.43601,1,0.15074,2.3547e-05,-6.461e-06,1,0,0,0.72498,999,999,999,1.1634,0.478,0.3588,0.61297,0.10121,3.7309e-07,9999,0,-1,976.56,7.9102,0.12758,0,0,0,0,0,0,0,0,1,999,999,999,0,0,0,0,0,0,0,0,0,0,0,0,0,0,0,0,0,0.031388,0.72316,1,0.94895,0.44523,1,0.15074,0.56207,0,0,0,0,0,0,0,1
1.5911,0.099629,-0.9785,1,0,0,0,0,0.5831,0.35041,-0.12057,-1,-0.00066621,6.0805e-05,5.902e-07,0,0,0,1.2936,999,999,999,0.77875,2.4614,0.23297,0.43961,0.20104,4.0695e-07,9999,1,-1,644.53,4.9316,0.15217,0,0,0,0,0,0,0,0,1,1.5911,0.87939,-0.023284,0,0,0,0,0,10,0.20104,4.0695e-07,9999,-1,644.53,4.9316,0.15217,1.5911,0.87939,-0.023284,-8,0.0013444,1.5911,1,0.87939,-0.023284,1,6.0805e-05,0.0033781,0,0,0,0,0,0,0,1
0,0,0,0,0,0,0,0,1.4349,0,-0.78654,-1,-0.0083174,-0.00012729,3.5245e-05,0,0,0,1.5512,-0.6001,0.86839,-0.71756,1.3931,0.85764,0.52968,0.94012,0.11011,1.6427e-06,9999,1,1,0,4.8828,0.19357,0,0,0,0,0,0,0,0,1,1.4349,0.95752,-0.94337,0,0,0,0,0,10,0.11011,1.6427e-06,9999,1,0,4.8828,0.19357,1.4349,0.95752,-0.94337,2,0.0051254,1.4349,-1,0.95752,0.66548,-1,-0.00012729,-0.80739,0,0,0,0,0,0,0,0
0,0,0,0,0,0,0,0,0.62939,0.47734,0.63065,-1,-0.60645,-0.0001706,-6.229e-05,2,0,0,1.0001,-0.94964,-0.70519,-0.39038,1.4732,0.74321,0.63052,0,0,0,0,0,0,0,0,0,0,0,0,0,0,0,0,0,0,0,0,0,0,0,0,0,0,0,0,0,0,0,0,0,0,0,0,0,0,0.0070976,0.88857,-1,0.37063,0,0,0,0,0,0,0,0,0,0,0,0
0,0,0,0,0,0,0,0,1.2675,0.35329,-0.88521,-1,0.96568,-0.029954,0.015843,1,0,0,1.6234,999,999,999,1.3917,1.2656,1.0203,0,0,0,0,0,0,0,0,0,0,0,0,0,0,0,0,0,0,0,0,0,0,0,0,0,0,0,0,0,0,0,0,0,0,0,0,0,0,0.0051964,1.2675,-1,0.88774,0,0,0,0,0,0,0,0,0,0,0,1
0,0,0,0,0,0,0,0,0.7758,0.58483,-0.7292,-1,0.99986,0.33847,-9.0918e-05,1,0,0,0.86347,999,999,999,0.31426,1.1342,0.76819,0.83556,0.17311,5.8606e-07,9999,1,-1,483.4,3.9062,0.23171,0,0,0,0,0,0,0,0,1,999,999,999,0,0,0,0,0,0,0,0,0,0,0,0,0,0,0,0,0,0.017877,0.7758,-1,0.70719,-0.56298,1,0.99986,0.27933,0,0,0,0,0,0,0,1
0,0,0,0,0,0,0,0,0.41453,0.50058,-0.06012,1,0.99987,-0.98129,-0.00022798,2,0,0,0.68552,999,999,999,0.32782,0.64093,0.25922,0.31355,0.080019,1.283e-06,9999,0,-1,0,3.5156,0.049683,0,0,0,0,0,0,0,0,1,999,999,999,0,0,0,0,0,0,0,0,0,0,0,0,0,0,0,0,0,0.0073801,0.5295,-1,0.8121,0.49911,1,0.99987,0.54891,0,0,0,0,0,0,0,1
0,0,0,0,1.2193,0,0.34443,1,0.84105,0.39615,-0.69126,1,-0.99038,0.95102,0.00028139,0,0,0,1.3396,999,999,999,0.66393,0.85622,1.777,0.93713,0.13601,4.0472e-07,9999,1,-1,781.25,5.6152,0.1507,0,0,0,0,0,0,0,0,1,1.2193,0.93987,-0.80475,0,0,0,0,0,10,0.13601,4.0472e-07,9999,-1,781.25,5.6152,0.1507,1.2193,0.93987,-0.80475,-2,0.012598,1.2193,1,0.93987,0.96226,1,0.95102,0.77202,0,0,0,0,0,0,0,1
0,0,0,0,0,0,0,0,0.74752,0.30753,-0.65857,1,0.0054528,-0.0020075,0.00050271,5,0,0,0.80346,0.57346,-0.54447,-0.097216,0.74037,0.48968,0.36138,0.6382,0.15161,3.5897e-07,9999,1,-1,820.31,4.3457,0.11563,0,0,0,0,0,0,0,0,1,999,999,999,0,0,0,0,0,0,0,0,0,0,0,0,0,0,0,0,0,0.0023934,0.74752,1,0.78187,0.53902,1,0.0054528,0.18094,0,0,0,0,0,0,0,1
0,0,0,0,0,0,0,0,6.1627,1.2095,-0.98448,-1,0.82179,-5.7096e-07,4.8347e-07,2,0,0,4.3896,999,999,999,0.83937,0.22694,0.19362,0.14022,0.14048,5.7096e-07,9999,0,-1,917.97,4.541,0.22694,0,0,0,0,0,0,0,0,1,999,999,999,0,0,0,0,0,0,0,0,0,0,0,0,0,0,0,0,0,0.02262,0.51194,1,0.24126,0.41465,1,0.82179,0.093324,0,0,0,0,0,0,0,1
0,0,0,0,0,0,0,0,1.5364,0.43307,0.99879,1,0.15577,-0.00078141,2.5421e-05,1,1,0.49895,1.4452,999,999,999,2.2452,0.5892,0.48651,0.55532,0.072952,1.2736e-06,9999,1,1,0,3.1738,0.052411,1,0,0.26166,0.20141,0.34159,0.24235,0.066501,0.077823,1,999,999,999,0,0,0,0,0,10,0.096707,1.2112e-06,9999,-1,0,4.0039,0.085541,1.5364,0.97396,-0.63564,-21,0.0036828,0.65787,-1,0.91107,0.96376,-1,-1.2112e-06,-0.69923,0,0,0,0,0,0,0,0
0,0,0,0,0,0,0,0,0.63864,1.0594,-0.78983,1,8.5798e-05,5.8685e-05,-1.4613e-06,0,0,0,0.76036,999,999,999,0.7705,0.62572,0.17173,0.35998,0.209,1.4613e-06,9999,1,-1,0,3.8086,0.17173,0,0,0,0,0,0,0,0,1,999,999,999,0,0,0,0,0,0,0,0,0,0,0,0,0,0,0,0,0,0.011967,0.63864,1,0.85778,0.59103,1,8.5798e-05,0.0013185,0,0,0,0,0,0,0,1
0,0,0,0,0,0,0,0,0.7589,0.3173,-0.70731,1,0.99156,0.19062,-1.1794e-06,2,0,0,0.97222,999,999,999,0.6519,0.94589,0.33048,0.43393,0.20087,1.1794e-06,9999,0,-1,385.74,3.8086,0.33048,0,0,0,0,0,0,0,0,1,0.7589,0.76335,-0.24136,0,0,0,0,0,10,0.20087,1.1794e-06,9999,-1,385.74,3.8086,0.33048,0.7589,0.76335,-0.24136,-6,0.02585,0.7589,1,0.76335,-0.24136,1,0.99156,0.003357,0,0,0,0,0,0,0,1
0,0,0,0,0,0,0,0,1.673,0.038266,0.052376,1,0.35899,-0.00068343,-0.00014742,1,0,0,1.1445,999,999,999,2.7018,0.39135,0.71872,0,0,0,0,0,0,0,0,0,0,0,0,0,0,0,0,0,0,0,0,0,0,0,0,0,0,0,0,0,0,0,0,0,0,0,0,0,0,0.010104,1.673,1,0.99991,0,0,0,0,0,0,0,0,0,0,0,1
0,0,0,0,1.5301,0.63635,0.37376,-1,1.0594,1.704,-0.53876,1,-0.79142,-0.14566,0.00017998,0,0,0,1.7826,-1.5301,0.99185,-0.54493,0.14888,2.0479,0.94186,0.63699,0.21503,0.79142,9999,1,-1,0,33.203,0.14888,0,0,0,0,0,0,0,0,1,999,999,999,0,0,0,0,0,0,0,0,0,0,0,0,0,0,0,0,0,0.0096896,1.5301,-1,0.99185,0.53157,1,1.2825e-05,7.6682e-06,0,0,0,0,0,0,0,0
0,0,0,0,0,0,0,0,0.6264,0.84993,0.47765,-1,-0.00058546,0.00015879,5.0771e-05,0,0,0,0.93562,999,999,999,0.85232,0.3718,0.59093,0.79623,0.16026,2.2459e-06,9999,0,-1,0,5.8594,0.23701,0,0,0,0,0,0,0,0,1,999,999,999,0,0,0,0,0,10,0.14341,3.6552e-07,9999,1,1210.9,8.6914,0.12132,0.6264,0.99346,-0.52953,4,0.020672,0.6264,-1,0.99346,0.95703,1,1.8817e-05,0.31048,0,0,0,0,0,0,0,1
0,0,0,0,0.73469,0.46482,0.86015,1,0.51116,1.0583,-0.90511,1,0.0040254,-6.0375e-05,5.0533e-05,1,0,0,1.0133,0.51116,-0.99111,-0.9938,0.88218,0.636,0.59369,0.88953,0.15798,4.062e-07,9999,1,-1,761.72,11.328,0.15167,0,0,0,0,0,0,0,0,1,0.73469,0.986,-0.94347,0,0,0,0,0,10,0.1737,4.3802e-06,9999,-1,0,3.3203,0.30311,0.73469,0.986,-0.26423,-6,0.0018321,0.73469,1,0.986,0.90135,1,5.0533e-05,0.55734,0,0,0,0,0,0,0,0
0,0,0,0,0,0,0,0,0.70765,1.9639,-0.94299,1,0.0060767,-0.00050591,9.1101e-05,4,2,0.49459,0.84355,0.70765,-0.64783,-0.48484,0.53986,0.31987,0.65243,0.33568,0.19229,1.1262e-06,9999,0,1,468.75,3.7598,0.32518,0,1,0,0,0,0,0,0,1,999,999,999,0,0,0,0,0,0,0,0,0,0,0,0,0,0,0,0,0,0.010249,0.70765,1,0.64783,0.88415,1,1.1262e-06,0.0029541,0,0,0,0,0,0,0,1
0,0,0,0,0,0,0,0,0.79352,1.534,-0.83911,-1,0.18615,3.0038e-05,-7.6545e-06,0,0,0,0.65276,999,999,999,0.97355,0.50797,0.48657,0.19735,0.14582,4.3263e-07,9999,1,-1,800.78,5.957,0.16787,0,0,0,0,0,0,0,0,1,0.60164,0.87461,-0.63699,0,0,0,0,0,10,0.14582,4.3263e-07,9999,-1,800.78,5.957,0.16787,0.60164,0.87461,-0.63699,-4,0.055939,0.79352,-1,0.79815,-0.37473,1,3.0038e-05,0.081098,0,0,0,0,0,0,0,0
0.90839,0,-0.36645,-1,0,0,0,0,0.98538,0,-0.93973,-1,-0.039664,-0.039642,9.4659e-06,0,0,0,1.353,999,999,999,1.2381,1.0594,0.38988,0.34492,0.12866,3.4761e-07,9999,1,1,1503.9,11.328,0.10512,0,0,0,0,0,0,0,0,1,0.90839,0.97095,-0.37118,0,0,0,0,0,10,0.12866,3.4761e-07,9999,1,1503.9,11.328,0.10512,0.90839,0.97095,-0.37118,2,0.0054971,0.98538,-1,0.56267,0.57137,-1,-0.039642,-0.23031,0.90839,0,-0.36645,-1,1,0.009114,0.97095,0
0,0,0,0,0,0,0,0,1.3661,1.3859,0.99384,1,0.94748,-0.00033223,-1.2611e-06,1,0,0,1.3818,999,999,999,1.3872,0.56304,0.056391,0.059627,0.067981,1.2611e-06,9999,0,-1,0,3.0029,0.056391,0,0,0,0,0,0,0,0,1,1.3661,0.97854,-0.22947,0,0,0,0,0,10,0.067981,1.2611e-06,9999,-1,0,3.0029,0.056391,1.3661,0.97854,-0.22947,-11,0.0032738,1.3661,1,0.97854,-0.22947,1,0.94748,0.61479,0,0,0,0,0,0,0,1
0,0,0,0,1.2074,1.409,0.45982,1,1.2413,1.8861,-0.72719,-1,-0.95809,0.036369,-8.2346e-05,1,0,0,1.8551,-0.5685,0.93055,-0.95681,1.3214,1.6964,0.65701,0.54463,0.15629,3.7312e-07,9999,0,1,1171.9,7.7148,0.1276,0,0,0,0,0,0,0,0,1,1.2413,0.9824,-0.68915,0,0,0,0,0,10,0.15629,3.7312e-07,9999,1,1171.9,7.7148,0.1276,1.2413,0.9824,-0.68915,4,0.012326,1.2413,-1,0.9824,-0.68915,-1,-0.95809,-0.10565,0,0,0,0,0,0,0,0
0,0,0,0,0,0,0,0,0.51085,1.6535,-0.11358,1,-0.0040464,0.00030676,4.569e-07,0,0,0,0.52366,999,999,999,0.70066,0.78017,0.18093,0.68689,0.10861,3.9706e-07,9999,1,-1,859.38,7.6172,0.1455,0,0,0,0,0,0,0,0,1,999,999,999,0,0,0,0,0,0,0,0,0,0,0,0,0,0,0,0,0,0.006777,0.51085,1,0.96712,0.57967,1,0.00030676,0.56458,0,0,0,0,0,0,0,1
0,0,0,0,1.4075,0,-0.70455,1,0.48717,0.65977,-0.62225,-1,0.99997,0.00039939,-2.3777e-05,0,0,0,0.75595,999,999,999,0.27688,0.8871,0.47912,0,0,0,0,0,0,0,0,0,0,0,0,0,0,0,0,0,0,0,0,0,0,0,0,0,0,0,0,0,0,0,0,0,0,0,0,0,0,0.0018793,1.4075,1,0.92712,0,0,0,0,0,0,0,0,0,0,0,1
0,0,0,0,0,0,0,0,0.4418,0.72009,0.48649,1,3.2338e-05,-2.2034e-05,-1.2918e-06,2,0,0,0.62299,999,999,999,0.518,0.47042,0.047304,0.11419,0.072313,1.2918e-06,9999,0,-1,0,3.6133,0.047304,0,0,0,0,0,0,0,0,1,999,999,999,0,0,0,0,0,0,0,0,0,0,0,0,0,0,0,0,0,0,0,0,0,0.091781,1,3.2338e-05,0.5846,0,0,0,0,0,0,0,0
0,0,0,0,0,0,0,0,1.1452,1.4206,-0.81332,1,0.14349,0.051676,-0.00038705,1,0,0,1.4993,0.5177,-0.82262,-0.85029,1.4585,1.7397,0.11101,0.9837,0.21352,2.4545e-06,9999,0,-1,517.58,3.418,0.28515,0,0,0,0,0,0,0,0,1,0.5177,0.82262,-0.73311,0,0,0,0,0,10,0.1268,3.0376e-07,9999,-1,600.59,13.086,0.054094,1.1452,0.86271,-0.37374,-0,0.00027238,1.1452,1,0.86271,0.93327,1,0.14349,0.52504,0,0,0,0,0,0,0,1
0,0,0,0,0,0,0,0,0.84852,1.1726,0.42787,-1,0.93428,0.9154,-0.019577,4,1,0.49769,1.2803,999,999,999,0.66031,0.52746,0.87759,0.42817,0.06388,1.2093e-06,9999,1,-1,0,12.891,0.09116,0,0,0,0,0,0,0,0,1,999,999,999,0,0,0,0,0,10,0.13112,3.3623e-07,9999,1,1953.1,5.5176,0.093654,0.54889,0.76762,-0.90641,5,0.01,0.84852,-1,0.76583,0.88878,1,0.9154,0.67891,0,0,0,0,0,0,0,1
0,0,0,0,0,0,0,0,0.40765,0.4052,-0.81867,1,0.99964,0.00033741,0.00014635,1,0,0,0.601,999,999,999,0.41658,0.78977,0.35576,0.4342,0.11795,3.6062e-07,9999,1,-1,1464.8,9.8633,0.11709,0,0,0,0,0,0,0,0,1,0.5118,0.85182,-0.78032,0,0,0,0,0,10,0.11795,3.6062e-07,9999,-1,1464.8,9.8633,0.11709,0.5118,0.85182,-0.78032,-0,0.0029572,0.5118,1,0.85182,0.21687,1,0.99964,0.33409,0,0,0,0,0,0,0,0
0,0,0,0,0,0,0,0,1.1077,0.97489,0.6544,-1,0.97558,-0.52614,0.00052702,2,0,0,1.2862,0.89675,-0.95362,-0.85735,0.92908,1.8487,0.71714,0.73422,0.13976,3.1949e-07,9999,0,-1,7500,17.773,0.081162,0,0,0,0,0,0,0,0,1,0.66556,0.95378,-0.57552,0,0,0,0,0,10,0.13976,3.1949e-07,9999,-1,7500,17.773,0.081162,0.66556,0.95378,-0.57552,-4,0.0082911,0.89675,1,0.95362,-0.57552,1,0.97558,0.38477,0,0,0,0,0,0,0,1
0,0,0,0,0,0,0,0,0.82887,0.2921,-0.12476,-1,0.99903,-0.0052981,0.00018369,1,1,0.49882,1.1667,999,999,999,0.46583,1.199,0.20259,0.49148,0.1735,5.2562e-07,9999,1,-1,693.36,5.7617,0.21105,0,1,0,0,0,0,0,0,1,0.68192,0.4222,-0.99452,0,0,0,0,0,10,0.1735,5.2562e-07,9999,-1,693.36,5.7617,0.21105,0.68192,0.4222,-0.99452,-6,0.0068875,0.82887,-1,0.63173,-0.20035,1,0.99903,0.033581,0,0,0,0,0,0,0,1
0,0,0,0,0,0,0,0,0.80243,0.30934,0.53889,1,0.21274,-2.4093e-06,1.765e-06,0,0,0,0.69829,999,999,999,1.242,0.28374,0.2601,0.83423,0.1516,4.8675e-07,9999,1,-1,571.29,3.8574,0.19509,0,0,0,0,0,0,0,0,1,999,999,999,0,0,0,0,0,0,0,0,0,0,0,0,0,0,0,0,0,0.0031412,0.80243,1,0.96209,0.69625,1,0.21274,0.46121,0,0,0,0,0,0,0,0
0,0,0,0,0,0,0,0,0.37831,1.1195,-0.75037,1,-0.14141,-0.090582,0.00020374,2,1,0.49827,0.88182,-0.6923,0.98073,-0.81935,0.97152,0.78113,0.62325,0.83913,0.23292,1.4814e-06,9999,1,-1,512.7,3.7109,0.35504,0,0,0,0,0,0,0,0,1,999,999,999,0,0,0,0,0,0,0,0,0,0,0,0,0,0,0,0,0,0.026124,0.6923,-1,0.98073,0.70707,1,2.3268e-05,0.0064138,0,0,0,0,0,0,0,0
0,0,0,0,0,0,0,0,0.24437,0.66071,0.7855,-1,-0.00059482,0.00052777,7.6027e-05,2,0,0,0.92155,999,999,999,0.5186,0.3663,0.70994,0.94901,0.16048,3.5358e-07,9999,1,-1,634.77,10.156,0.11075,0,0,0,0,0,0,0,0,1,999,999,999,0,0,0,0,0,10,0.22239,1.5187e-06,9999,1,620.12,3.3691,0.35757,0.66824,0.85485,-0.83352,4,0.0020807,0.71047,1,0.64655,0.75492,1,0.00052777,0.74159,0,0,0,0,0,0,0,1
0,0,0,0,0,0,0,0,0.68552,0.60742,0.10022,-1,-0.54018,-0.054998,0.00032739,3,0,0,1.016,999,999,999,1.7535,1.0962,0.61731,0.70312,0.10328,3.3737e-07,9999,1,1,3085.9,17.188,0.09485,0,0,0,0,0,0,0,0,1,1.0488,0.95648,-0.87841,0,0,0,0,0,10,0.10328,3.3737e-07,9999,1,3085.9,17.188,0.09485,1.0488,0.95648,-0.87841,2,0.015326,1.0028,1,0.83536,-0.87841,-1,-0.54018,-0.60685,0,0,0,0,0,0,0,0
0,0,0,0,0,0,0,0,1.3424,0.97688,-0.39601,1,0.016028,-0.00035305,5.5111e-07,0,0,0,1.6475,999,999,999,1.5417,0.94682,0.2203,0.48432,0.15158,5.5111e-07,9999,1,1,585.94,3.7598,0.2203,0,0,0,0,0,0,0,0,1,999,999,999,0,0,0,0,0,0,0,0,0,0,0,0,0,0,0,0,0,0.017634,1.3424,1,0.80486,0.43182,-1,-0.00035305,-0.11464,0,0,0,0,0,0,0,1
0,0,0,0,0,0,0,0,1.0788,0,-0.13325,-1,-0.99974,-0.035451,1.2191e-06,1,0,0,1.1333,-1.0788,0.84223,-0.78741,0.33322,1.3237,0.076605,0.81792,0.16158,1.2191e-06,9999,0,1,0,23.633,0.076605,0,0,0,0,0,0,0,0,1,1.0788,0.84223,-0.3847,0,0,0,0,0,10,0.16158,1.2191e-06,9999,1,0,23.633,0.076605,1.0788,0.84223,-0.3847,2,0.00092963,1.0788,-1,0.84223,0.87153,-1,-0.99974,-0.34273,0,0,0,0,0,0,0,0
0,0,0,0,0,0,0,0,0.89797,0,-0.97438,1,0.00042165,0.00018616,-2.1491e-06,2,0,0,0.84554,999,999,999,0.82587,0.91208,0.23167,0.28024,0.21041,2.1491e-06,9999,1,-1,0,5.1758,0.23167,0,0,0,0,0,0,0,0,1,999,999,999,0,0,0,0,0,0,0,0,0,0,0,0,0,0,0,0,0,0.01933,0.89797,1,0.97438,0.54397,1,0.00018616,0.00088662,0,0,0,0,0,0,0,0
0,0,0,0,0,0,0,0,0.36938,0.80242,0.64309,-1,-0.38477,0.00017729,6.0869e-05,2,0,0,0.72824,999,999,999,0.73762,0.18322,0.6272,0.5695,0.24105,1.5944e-06,9999,1,-1,0,6.6406,0.18846,0,0,0,0,0,0,0,0,1,999,999,999,0,0,0,0,0,0,0,0,0,0,0,0,0,0,0,0,0,0,0,0,0,0.74964,1,6.6705e-06,0.0001983,0,0,0,0,0,0,0,0
0,0,0,0,0,0,0,0,0.56469,0.75273,-0.44907,1,0.1819,-1.2564e-06,-4.1927e-07,0,0,0,0.57402,999,999,999,0.75338,0.33756,0.15998,0.82922,0.1064,4.1927e-07,9999,1,-1,551.76,4.3457,0.15998,0,0,0,0,0,0,0,0,1,999,999,999,0,0,0,0,0,10,0.21363,1.2564e-06,9999,-1,473.63,3.7598,0.33756,0.56469,0.92269,-0.5119,-5,0.015696,0.56469,1,0.92269,0.58253,1,0.1819,0.67763,0,0,0,0,0,0,0,1
0,0,0,0,0,0,0,0,1.0581,0.46349,-0.19452,-1,-0.030505,-0.00013555,7.3508e-06,0,0,0,1.1949,-0.7652,-0.55902,-0.64379,1.5519,0.92551,0.36908,0,0,0,0,0,0,0,0,0,0,0,0,0,0,0,0,0,0,0,0,0,0,0,0,0,0,0,0,0,0,0,0,0,0,0,0,0,0,0.027734,1.0581,-1,0.97133,0,0,0,0,0,0,0,0,0,0,0,1
0,0,0,0,0,0,0,0,1.3404,0.093105,-0.93209,-1,-0.016275,-0.011426,0.00017764,1,0,0,1.3802,999,999,999,1.6586,0.52209,0.18465,0,0,0,0,0,0,0,0,0,0,0,0,0,0,0,0,0,0,0,0,0,0,0,0,0,0,0,0,0,0,0,0,0,0,0,0,0,0,0.011143,1.3404,-1,0.97856,0,0,0,0,0,0,0,0,0,0,0,1
0,0,0,0,0,0,0,0,0.22071,1.1198,-0.79408,-1,-0.0030353,6.6997e-05,4.7571e-06,2,0,0,0.64569,999,999,999,0.52191,0.49471,0.33505,0.48545,0.070873,1.2193e-06,9999,1,1,0,2.6855,0.076487,0,0,0,0,0,0,0,0,1,999,999,999,0,0,0,0,0,0,0,0,0,0,0,0,0,0,0,0,0,0,0,0,0,-0.16365,-1,-0.0030353,-0.67536,0,0,0,0,0,0,0,1
0,0,0,0,0,0,0,0,0.33429,0,-0.26375,1,0.99999,7.3216e-05,-9.7817e-06,1,1,0.50068,0.6892,999,999,999,0.21511,0.6552,0.39266,0,0,0,0,0,0,0,0,0,0,0,0,0,0,0,0,0,0,0,0,0,0,0,0,0,0,0,0,0,0,0,0,0,0,0,0,0,0,0,0,0,0,0,0,0,0,0,0,0,0,0,0,0,1
0,0,0,0,0,0,0,0,0.76261,0.67187,0.53862,-1,0.011338,-5.8852e-05,0,0,0,0,1.1253,999,999,999,1.0727,0.62956,0,0,0,0,0,0,0,0,0,0,0,0,0,0,0,0,0,0,0,0,0,0,0,0,0,0,0,0,0,0,0,0,0,0,0,0,0,0,0,0.0034511,0.92854,1,0.69635,0,0,0,0,0,0,0,0,0,0,0,1
0,0,0,0,0.54714,2.2749,-0.13639,1,0.091641,1.8467,-0.93516,-1,8.5006e-05,8.1023e-05,-4.4383e-05,6,1,0.49735,1.0534,999,999,999,0.69896,0.65975,0.56765,0.6516,0.11107,3.2707e-07,9999,1,1,2011.7,3.2715,0.083618,0,0,0,0,0,0,0,0,1,0.52399,0.52918,-0.037541,0,0,0,0,0,10,0.11107,3.2707e-07,9999,1,2011.7,3.2715,0.083618,0.52399,0.52918,-0.037541,21,0.077996,0.52399,-1,0.52918,0.89004,1,1.255e-06,0.35084,0,0,0,0,0,0,0,0
0,0,0,0,0,0,0,0,0.26182,0.4668,0.015279,1,-0.99999,-1.2064e-05,4.4078e-06,1,0,0,0.58201,999,999,999,0.2274,0.41091,0.32923,0,0,0,0,0,0,0,0,0,0,0,0,0,0,0,0,0,0,0,0,0,0,0,0,0,0,0,0,0,0,0,0,0,0,0,0,0,0,0,0,0,0,0,0,0,0,0,0,0,0,0,0,0,1
0,0,0,0,0,0,0,0,0.78628,0.15479,-0.52752,1,0.00018905,-1.2476e-05,2.8117e-06,1,0,0,0.89107,999,999,999,0.92047,0.41391,0.41363,0.48485,0.14049,2.433e-06,9999,0,-1,0,4.9805,0.24626,0,0,0,0,0,0,0,0,1,999,999,999,0,0,0,0,0,0,0,0,0,0,0,0,0,0,0,0,0,0.0012828,0.78628,1,0.58466,0.97698,1,2.8117e-06,0.18269,0,0,0,0,0,0,0,1
0,0,0,0,0,0,0,0,1.0289,1.0457,0.028347,1,-0.98917,0.010154,-1.1237e-05,0,0,0,1.0679,-0.52612,-0.80119,-0.77053,0.68165,1.5303,0.40462,0.32309,0.10765,3.8377e-07,9999,1,1,820.31,7.3242,0.13589,0,0,0,0,0,0,0,0,1,0.52612,0.80119,-0.43857,0,0,0,0,0,10,0.10765,3.8377e-07,9999,1,820.31,7.3242,0.13589,0.52612,0.80119,-0.43857,2,0.0028506,1.0289,1,0.83056,0.86998,-1,-0.98917,-0.38108,0,0,0,0,0,0,0,0
0,0,0,0,0,0,0,0,0.83455,0.75652,-0.057165,1,0.99771,-0.915,0.00011024,0,0,0,1.2282,999,999,999,0.52553,1.3124,0.72103,0.65435,0.17067,7.6202e-07,9999,0,1,502.93,3.9062,0.27435,0,0,0,0,0,0,0,0,1,999,999,999,0,0,0,0,0,10,0.16854,7.5117e-07,9999,-1,463.87,4.4434,0.27224,0.83455,0.88987,-0.4758,-5,0.013316,0.89007,-1,0.88084,0.90283,-1,-0.915,-0.079295,0,0,0,0,0,0,0,1
0,0,0,0,0,0,0,0,1.0846,0.13361,-0.93226,1,-0.99667,0.00013803,1.1519e-06,0,0,0,0.82219,999,999,999,0.55949,0.71491,0.32779,0,0,0,0,0,0,0,0,0,0,0,0,0,0,0,0,0,0,0,0,0,0,0,0,0,0,0,0,0,0,0,0,0,0,0,0,0,0,0.0014764,1.0846,1,0.93547,0,0,0,0,0,0,0,0,0,0,0,0
0,0,0,0,0,0,0,0,0.80006,1.5671,-0.70073,1,-0.11087,6.6222e-05,-3.0015e-06,0,0,0,0.85931,999,999,999,1.2308,0.65104,0.30026,0.74986,0.11684,4.5457e-07,9999,1,1,771.48,5.957,0.17974,0,0,0,0,0,0,0,0,1,999,999,999,0,0,0,0,0,0,0,0,0,0,0,0,0,0,0,0,0,0.02294,0.80006,1,0.96377,0.074189,-1,-0.11087,-0.5666,0,0,0,0,0,0,0,0
0,0,0,0,0,0,0,0,1.2793,1.9179,-0.91844,1,0.36334,5.8244e-05,5.0404e-05,0,0,0,1.1505,999,999,999,2.0773,0.62467,0.59258,0.098244,0.21641,1.6706e-06,9999,1,-1,493.16,4.5898,0.25587,0,0,0,0,0,0,0,0,1,1.2793,0.77916,-0.39376,0,0,0,0,0,10,0.21641,1.6706e-06,9999,-1,493.16,4.5898,0.25587,1.2793,0.77916,-0.39376,-6,0.037092,1.2793,1,0.77916,0.92985,1,5.8244e-05,0.00033536,0,0,0,0,0,0,0,1
0,0,0,0,0,0,0,0,1.358,0.050641,0.19262,1,0.9832,0.74622,-0.062226,1,0,0,1.2237,1.358,-0.96313,-0.73828,0.75832,0.99189,0.97343,0.67502,0.22211,2.7764e-06,9999,1,-1,488.28,4.1016,0.29441,0,0,0,0,0,0,0,0,1,1.358,0.96313,-0.5192,0,0,0,0,0,10,0.22211,2.7764e-06,9999,-1,488.28,4.1016,0.29441,1.358,0.96313,-0.5192,-0,0.0006638,1.358,1,0.96313,0.51514,1,0.9832,0.001891,0,0,0,0,0,0,0,1
0,0,0,0,0,0,0,0,1.4158,0,-0.84768,-1,-0.043469,0.00036739,0,0,0,0,1.5033,999,999,999,1.3744,0.88258,0,0,0,0,0,0,0,0,0,0,0,0,0,0,0,0,0,0,0,0,0,0,0,0,0,0,0,0,0,0,0,0,0,0,0,0,0,0,0,0.0031121,1.4158,-1,0.84768,0,0,0,0,0,0,0,0,0,0,0,1
0,0,0,0,0,0,0,0,0.41663,1.0713,-0.67081,-1,-0.9993,3.5408e-05,-2.5712e-05,1,1,0.4981,0.73748,999,999,999,0.44756,0.531,0.48835,0.96455,0.12831,1.3568e-06,9999,1,-1,0,5.6152,0.15414,0,0,0,0,0,0,0,0,1,999,999,999,0,0,0,0,0,0,0,0,0,0,0,0,0,0,0,0,0,0,0,0,0,-0.23149,-1,-0.9993,-0.10621,0,0,0,0,0,0,0,0
0,0,0,0,0,0,0,0,0.55454,1.3827,-0.93719,-1,-0.99872,0.99209,-0.00017433,1,0,0,0.74518,-0.55454,-0.95775,-0.92677,0.38392,0.61505,0.16309,0.68374,0.14494,4.572e-07,9999,0,1,620.12,5.8105,0.18108,0,0,0,0,0,0,0,0,1,999,999,999,0,0,0,0,0,0,0,0,0,0,0,0,0,0,0,0,0,0.012553,0.55454,-1,0.95775,-0.77042,-1,-0.99872,-0.27672,0,0,0,0,0,0,0,0
0,0,0,0,0,0,0,0,0.36755,0,-0.89475,1,3.0695e-06,-6.0073e-07,-3.4526e-07,1,0,0,0.34421,999,999,999,0.30194,0.23612,0.10283,0.92159,0.1697,6.0073e-07,9999,1,-1,541.99,6.4453,0.23612,0,0,0,0,0,0,0,0,1,999,999,999,0,0,0,0,0,0,0,0,0,0,0,0,0,0,0,0,0,0,0,0,0,0.65141,1,3.0695e-06,0.58999,0,0,0,0,0,0,0,1
0,0,0,0,0,0,0,0,1.7174,0.16132,-0.83246,1,0.049999,-1.9061e-05,0,0,0,0,1.5972,999,999,999,1.533,0.45487,0,0,0,0,0,0,0,0,0,0,0,0,0,0,0,0,0,0,0,0,0,0,0,0,0,0,0,0,0,0,0,0,0,0,0,0,0,0,0,0.0060871,1.7174,1,0.97777,0,0,0,0,0,0,0,0,0,0,0,1
0,0,0,0,0,0,0,0,1.1974,1.2833,-0.40719,1,0.10674,3.0032e-05,-2.2923e-05,3,0,0,1.2166,999,999,999,1.2246,0.50796,0.47493,0.41611,0.048353,1.2216e-06,9999,0,-1,0,11.719,0.11081,0,0,0,0,0,0,0,0,1,1.1974,0.9652,-0.16886,0,0,0,0,0,10,0.048353,1.2216e-06,9999,-1,0,11.719,0.11081,1.1974,0.9652,-0.16886,-0,0.0077136,1.1974,1,0.9652,-0.16886,1,0.10674,0.74187,0,0,0,0,0,0,0,1
0,0,0,0,0,0,0,0,1.1127,0.27466,-0.99455,-1,-0.99977,-0.044621,0,0,0,0,1.1189,-1.1127,-0.97897,-0.97645,0.32856,1.3136,0,0.96554,0.22611,0.99977,9999,1,-1,1425.8,14.648,0.32856,0,0,0,0,0,0,0,0,1,999,999,999,0,0,0,0,0,0,0,0,0,0,0,0,0,0,0,0,0,0.0037248,1.1127,-1,0.97897,0,0,0,0,0,0,0,0,0,0,0,0
0,0,0,0,0,0,0,0,1.5303,0.80857,-0.44862,1,0.084836,-6.0866e-05,3.2038e-05,1,0,0,1.595,0.61836,-0.84895,-0.60556,2.0585,0.57936,0.41188,0,0,0,0,0,0,0,0,0,0,0,0,0,0,0,0,0,0,0,0,0,0,0,0,0,0,0,0,0,0,0,0,0,0,0,0,0,0,0.012011,1.5303,1,0.92833,0,0,0,0,0,0,0,0,0,0,0,1
0,0,0,0,0,0,0,0,0.52695,0.59651,0.19108,1,0.88061,0.72659,0.29884,4,1,0.49245,0.68484,0.52695,0.71198,-0.2913,0.21044,0.11498,0.85015,0.99641,0.057795,1.219e-06,9999,0,-1,0,20.508,0.076726,0,1,0,0,0,0,0,0,1,0.52695,0.71198,-0.6615,0,0,0,0,0,10,0.057795,1.219e-06,9999,-1,0,20.508,0.076726,0.52695,0.71198,-0.6615,-5,0.0093336,0.52695,1,0.71198,-0.6615,1,0.29884,0.88381,0,0,0,0,0,0,0,1
0,0,0,0,0,0,0,0,0.7467,0.62106,-0.76398,1,3.8945e-05,2.7996e-05,-1.3208e-06,1,0,0,0.74151,999,999,999,0.54198,0.4986,0.343,0.9658,0.13846,1.2467e-06,9999,0,-1,0,3.3203,0.061702,0,0,0,0,0,0,0,0,1,999,999,999,0,0,0,0,0,0,0,0,0,0,0,0,0,0,0,0,0,0.0066115,0.7467,1,0.93508,0.91294,1,3.8945e-05,0.83537,0,0,0,0,0,0,0,1
0,0,0,0,0,0,0,0,1.6295,0.22652,-0.48772,-1,-0.04068,-0.032396,6.3754e-05,0,0,0,1.6572,-1.6295,-0.97696,-0.76014,1.2195,1.3562,0.6482,0,0,0,0,0,0,0,0,0,0,0,0,0,0,0,0,0,0,0,0,0,0,0,0,0,0,0,0,0,0,0,0,0,0,0,0,0,0,0.0053524,1.6295,-1,0.97696,0,0,0,0,0,0,0,0,0,0,0,1
0,0,0,0,0,0,0,0,0.7202,0.42125,-0.93758,1,0.00080717,2.2853e-06,-3.4282e-07,1,0,0,0.63794,999,999,999,1.081,0.27976,0.10042,0.98848,0.17743,3.4282e-07,9999,0,-1,2187.5,14.844,0.10042,0,0,0,0,0,0,0,0,1,0.7202,0.88482,-0.85482,0,0,0,0,0,10,0.17743,3.4282e-07,9999,-1,2187.5,14.844,0.10042,0.7202,0.88482,-0.85482,-0,0.024563,0.7202,1,0.88482,0.75103,1,2.2853e-06,0.82637,0,0,0,0,0,0,0,0
0,0,0,0,0,0,0,0,0.84999,0.54068,-0.064555,-1,0.10067,-0.0094916,-0.00064799,0,0,0,1.3745,999,999,999,1.2886,1.2309,0.48059,0.24316,0.16759,2.2709e-06,9999,1,1,0,4.1016,0.23832,0,0,0,0,0,0,0,0,1,0.84999,0.48718,-0.32117,0,0,0,0,0,10,0.16759,2.2709e-06,9999,1,0,4.1016,0.23832,0.84999,0.48718,-0.32117,4,0.0047472,1.0175,1,0.85143,-0.32117,-1,-0.0094916,-0.022222,0,0,0,0,0,0,0,1
0,0,0,0,0,0,0,0,0.56907,1.3022,-0.83805,1,-0.90007,0.0001151,-2.2904e-05,3,0,0,0.70059,999,999,999,0.58363,0.87906,0.47484,0.89929,0.19338,3.6737e-07,9999,0,-1,1025.4,11.035,0.12287,0,0,0,0,0,0,0,0,1,0.56907,0.75756,-0.71589,0,0,0,0,0,10,0.19338,3.6737e-07,9999,-1,1025.4,11.035,0.12287,0.56907,0.75756,-0.71589,-4,0.02594,0.56907,1,0.75756,-0.05261,-1,-0.90007,-0.061166,0,0,0,0,0,0,0,0
0,0,0,0,1.1068,0,-0.81261,1,0.71932,0,-0.76389,1,0.99302,0.02971,-3.7086e-07,0,0,0,1.2441,999,999,999,0.641,1.4164,0.12576,0.8319,0.076224,3.7086e-07,9999,1,-1,1328.1,10.449,0.12576,0,0,0,0,0,0,0,0,1,999,999,999,0,0,0,0,0,0,0,0,0,0,0,0,0,0,0,0,0,0.004236,1.1068,1,0.81261,0.80613,1,0.99302,0.73971,0,0,0,0,0,0,0,1
0.75699,1.2911,0.27378,-1,0,0,0,0,0.73223,1.1077,-0.22806,1,0.96341,-0.00021558,0,0,0,0,0.96272,999,999,999,1.1402,0.81859,0,0,0,0,0,0,0,0,0,0,0,0,0,0,0,0,0,0,0,0,0,0,0,0,0,0,0,0,0,0,0,0,0,0,0,0,0,0,0,0.0036644,0.75699,-1,0.66529,0,0,0,0,0.75699,1.2911,0.27378,-1,1,0.0036644,0.66529,1
0,0,0,0,0,0,0,0,0.78088,0.2711,-0.79391,-1,0.97652,0.00017744,-2.8378e-05,1,1,0.50186,0.5144,999,999,999,0.21913,0.18385,0.50059,0.36072,0.22837,4.619e-07,9999,1,-1,566.41,5.957,0.18344,0,0,0,0,0,0,0,0,1,999,999,999,0,0,0,0,0,0,0,0,0,0,0,0,0,0,0,0,0,0.013045,0.78088,-1,0.9785,0.21383,1,0.97652,0.00030581,0,0,0,0,0,0,0,1
0,0,0,0,0.51431,0.19887,-0.9439,-1,0.98823,0.19887,-0.038459,-1,-0.96949,-0.0019425,-0.000232,0,0,0,1.3284,-0.98823,-0.79612,-0.85362,0.89809,0.79685,1.4118,0,0,0,0,0,0,0,0,0,0,0,0,0,0,0,0,0,0,0,0,0,0,0,0,0,0,0,0,0,0,0,0,0,0,0,0,0,0,0.0081829,0.98823,-1,0.79612,0,0,0,0,0,0,0,0,0,0,0,0
0,0,0,0,1.7676,0,-0.96483,-1,0.26199,1.132,0.48946,-1,-0.0099316,-1.4073e-06,1.2838e-06,1,0,0,1.141,999,999,999,1.2527,0.34973,0.13683,0.87359,0.1047,4.2971e-07,9999,1,1,800.78,5.4199,0.16619,0,0,0,0,0,0,0,0,1,1.7676,0.99423,-0.82749,0,0,0,0,0,10,0.1047,4.2971e-07,9999,1,800.78,5.4199,0.16619,1.7676,0.99423,-0.82749,2,0.01085,1.7676,-1,0.99423,0.86819,-1,-1.4073e-06,-0.72289,0,0,0,0,0,0,0,0
0,0,0,0,0,0,0,0,1.428,0.083169,-0.92331,1,0.98098,-0.95598,0.068733,2,2,0.49591,1.3698,1.428,0.99299,-0.48361,0.72863,0.52133,0.95507,0,0,0,0,0,0,0,0,0,0,0,0,0,0,0,0,0,0,0,0,0,0,0,0,0,0,0,0,0,0,0,0,0,0,0,0,0,0,0.020734,1.428,1,0.99299,0,0,0,0,0,0,0,0,0,0,0,0
0,0,0,0,0,0,0,0,1.0989,0.68825,-0.93699,1,0.059159,0.00057968,-1.3888e-06,2,1,0.49883,0.97112,999,999,999,0.8692,0.52078,0.16015,0.95777,0.22561,4.6398e-07,9999,1,-1,722.66,6.7383,0.18446,0,0,0,0,0,0,0,0,1,999,999,999,0,0,0,0,0,0,0,0,0,0,0,0,0,0,0,0,0,0.016061,1.0989,1,0.85947,0.94692,1,0.059159,0.1884,0,0,0,0,0,0,0,0
0,0,0,0,0,0,0,0,0.99002,0.91379,-0.93811,-1,0.952,-0.010497,2.9814e-05,0,0,0,1.1608,0.77374,-0.84871,-0.41103,1.1089,0.86179,0.50661,0.50341,0.11906,3.5927e-07,9999,1,1,1308.6,9.9609,0.1159,0,0,0,0,0,0,0,0,1,999,999,999,0,0,0,0,0,10,0.21125,4.7983e-07,9999,-1,664.06,5.5664,0.19197,0.77374,0.84871,-0.046673,-6,0.017543,0.99002,-1,0.89175,-0.34671,1,0.952,0.00052079,0,0,0,0,0,0,0,1
0,0,0,0,0,0,0,0,0.46538,0.10387,0.8514,-1,-0.99976,0.92584,0.00012661,1,1,0.49783,1.3144,999,999,999,0.38518,1.1407,0.75539,0,0,0,0,0,0,0,0,0,0,0,0,0,0,0,0,0,0,0,0,0,0,0,0,0,0,0,0,0,0,0,0,0,0,0,0,0,0,0.010434,0.8223,1,0.98708,0,0,0,0,0,0,0,0,0,0,0,1
0,0,0,0,0,0,0,0,0.54422,1.0034,-0.86634,1,0.028249,-3.2166e-05,-1.1137e-05,2,0,0,0.96252,0.54422,-0.59309,-0.3641,0.72101,0.51725,0.40384,0.99287,0.1619,5.5121e-07,9999,1,-1,546.88,4.541,0.22033,0,0,0,0,0,0,0,0,1,0.54422,0.59309,-0.66063,0,0,0,0,0,10,0.1619,5.5121e-07,9999,-1,546.88,4.541,0.22033,0.54422,0.59309,-0.66063,-2,0.005685,0.68539,1,0.96571,0.93697,1,0.028249,0.8737,0,0,0,0,0,0,0,1
0.96827,0,-0.81295,-1,0,0,0,0,0.794,0,-0.65291,1,0.84105,-0.014838,-0.0067184,1,0,0,1.1966,999,999,999,1.0946,0.80012,0.50186,0.78742,0.10558,4.3997e-07,9999,0,1,703.12,5.6641,0.17199,0,0,0,0,0,0,0,0,1,999,999,999,0,0,0,0,0,0,0,0,0,0,0,0,0,0,0,0,0,0.004027,0.96827,-1,0.81295,0.28551,-1,-0.014838,-0.64912,0.96827,0,-0.81295,-1,1,0.004027,0.81295,0
0,0,0,0,1.8906,0,-0.88783,-1,0.21054,0,0.31259,1,-9.7846e-05,-5.5134e-05,5.3856e-05,0,0,0,1.4623,999,999,999,2.9144,0.61236,0.60615,0.58825,0.21054,5.6692e-07,9999,1,1,620.12,4.3945,0.22563,0,0,0,0,0,0,0,0,1,1.8906,0.9263,-0.51064,0,0,0,0,0,10,0.21054,5.6692e-07,9999,1,620.12,4.3945,0.22563,1.8906,0.9263,-0.51064,5,0.0042979,1.8906,-1,0.9263,0.031856,-1,-5.5134e-05,-0.0028271,0,0,0,0,0,0,0,0
0,0,0,0,1.5132,0,-0.77845,-1,0.88801,0.23165,-0.33986,-1,-0.9708,-0.057456,0.00053094,1,0,0,1.1767,-1.5132,-0.92302,-0.32355,1.4236,1.0909,0.3669,0,0,0,0,0,0,0,0,0,0,0,0,0,0,0,0,0,0,0,0,0,0,0,0,0,0,0,0,0,0,0,0,0,0,0,0,0,0,0.0034257,1.5132,-1,0.92302,0,0,0,0,0,0,0,0,0,0,0,0
0,0,0,0,0,0,0,0,0.7069,0,-0.85792,-1,-0.026962,-7.2699e-06,0,1,0,0,0.57689,999,999,999,1.0602,0.34358,0,0.90402,0.20419,7.2699e-06,9999,0,-1,0,4.2969,0.34358,0,0,0,0,0,0,0,0,1,999,999,999,0,0,0,0,0,0,0,0,0,0,0,0,0,0,0,0,0,0.0063376,0.7069,-1,0.85792,0,0,0,0,0,0,0,0,0,0,0,1
0,0,0,0,0,0,0,0,1.4057,0.92623,-0.30523,1,-0.93077,0.015676,1.7724e-05,0,0,0,1.675,999,999,999,0.93913,1.6476,0.4474,0.63667,0.22122,3.7224e-06,9999,1,-1,468.75,4.3457,0.31644,0,0,0,0,0,0,0,0,1,1.4057,0.9795,-0.61256,0,0,0,0,0,10,0.22122,3.7224e-06,9999,-1,468.75,4.3457,0.31644,1.4057,0.9795,-0.61256,-6,0.0060298,1.4057,1,0.9795,0.10908,1,1.7724e-05,0.0015129,0,0,0,0,0,0,0,0
0,0,0,0,0,0,0,0,0.53204,0.53473,0.43272,-1,0.98657,-0.0009923,-0.00039482,1,0,0,0.80399,999,999,999,0.238,0.77663,0.67907,0.97312,0.1264,3.8082e-07,9999,1,1,947.27,7.5195,0.13365,0,0,0,0,0,0,0,0,1,0.53204,0.29494,-0.067073,0,0,0,0,0,10,0.1264,3.8082e-07,9999,1,947.27,7.5195,0.13365,0.53204,0.29494,-0.067073,4,0.001774,0.53204,-1,0.29494,-0.25265,1,0.98657,0.0076563,0,0,0,0,0,0,0,1
0,0,0,0,0,0,0,0,0.58408,0.32819,0.46662,1,-9.8828e-05,4.5231e-05,-7.2936e-07,0,0,0,0.69246,999,999,999,0.77347,0.571,0.26782,0.7072,0.20343,7.2936e-07,9999,1,-1,512.7,4.7852,0.26782,0,0,0,0,0,0,0,0,1,0.58408,0.72524,-0.95492,0,0,0,0,0,10,0.20343,7.2936e-07,9999,-1,512.7,4.7852,0.26782,0.58408,0.72524,-0.95492,-4,0.028704,0.50211,-1,0.3784,-0.95492,1,4.5231e-05,0.012677,0,0,0,0,0,0,0,1
0,0,0,0,0,0,0,0,0.43428,0.13652,-0.44137,1,0.99933,-0.952,-4.4505e-05,0,0,0,0.78169,999,999,999,0.44243,0.28832,0.56866,0.23663,0.24055,6.8365e-06,9999,1,1,473.63,4.7852,0.36328,0,0,0,0,0,0,0,0,1,999,999,999,0,0,0,0,0,0,0,0,0,0,0,0,0,0,0,0,0,0.0066637,0.63866,-1,0.61756,-0.51872,-1,-0.952,-0.00012132,0,0,0,0,0,0,0,1
0,0,0,0,0,0,0,0,1.219,0.41432,0.040952,-1,-0.88357,-0.021937,0.018413,1,0,0,1.7817,-1.219,0.40635,-0.67083,1.2152,1.6835,1.0475,0.81137,0.19719,4.2224e-07,9999,1,-1,634.77,5.5176,0.16178,0,0,0,0,0,0,0,0,1,0.90014,0.54168,-0.66465,0,0,0,0,0,10,0.19633,3.6059e-07,9999,1,1523.4,17.773,0.11707,1.0121,0.9017,-0.43478,0,0.0031169,1.219,-1,0.40635,-0.43478,-1,-0.88357,-0.0016229,0,0,0,0,0,0,0,0
0,0,0,0,0,0,0,0,0.97627,0.27376,0.50025,1,-0.99795,-0.99536,0.00011613,2,0,0,0.97498,999,999,999,0.51859,0.16662,0.82721,0.49337,0.10195,4.55e-07,9999,0,-1,722.66,4.9805,0.17996,0,0,0,0,0,0,0,0,1,0.97627,0.95677,-0.22452,0,0,0,0,0,10,0.10195,4.55e-07,9999,-1,722.66,4.9805,0.17996,0.97627,0.95677,-0.22452,-6,0.030545,0.97627,1,0.95677,-0.22452,1,0.00011613,0.48059,0,0,0,0,0,0,0,0
1.9626,0,-0.82563,-1,0.71066,1.3727,-0.2545,1,0,0,0,0,0.0009629,-7.9751e-05,0,0,0,0,2.0512,999,999,999,0.94813,2.1182,0,0,0,0,0,0,0,0,0,0,0,0,0,0,0,0,0,0,0,0,0,0,0,0,0,0,0,0,0,0,0,0,0,0,0,0,0,0,0,0.011161,1.9626,-1,0.99432,0,0,0,0,0,0,0,0,0,0,0,0
0,0,0,0,0.6457,1.5762,-0.2982,-1,0.85822,1.7654,-0.52797,1,0.95141,-7.6966e-05,0,0,0,0,1.0212,999,999,999,1.1985,0.70854,0,0,0,0,0,0,0,0,0,0,0,0,0,0,0,0,0,0,0,0,0,0,0,0,0,0,0,0,0,0,0,0,0,0,0,0,0,0,0,0.0031448,0.85822,1,0.58258,0,0,0,0,0,0,0,0,0,0,0,1
0,0,0,0,0.60758,0.80551,0.82636,-1,1.398,0.74982,-0.51351,1,0.76298,0.18154,-6.8938e-05,0,0,0,1.378,0.60975,-0.26095,-0.50963,2.2015,0.78536,0.67197,0,0,0,0,0,0,0,0,0,0,0,0,0,0,0,0,0,0,0,0,0,0,0,0,0,0,0,0,0,0,0,0,0,0,0,0,0,0,0.033746,1.398,1,0.95797,0,0,0,0,0,0,0,0,0,0,0,1
0,0,0,0,0,0,0,0,1.2409,1.3145,0.68226,1,0.75041,0.011038,-5.5018e-05,0,0,0,1.3205,0.82897,0.59921,-0.065919,1.9904,0.99567,0.61219,0,0,0,0,0,0,0,0,0,0,0,0,0,0,0,0,0,0,0,0,0,0,0,0,0,0,0,0,0,0,0,0,0,0,0,0,0,0,0.0067891,1.2409,1,0.72065,0,0,0,0,0,0,0,0,0,0,0,0
0,0,0,0,0,0,0,0,0.56321,1.1422,-0.29267,1,0.99987,-0.00063458,9.6288e-05,0,0,0,1.0322,0.56321,0.95857,-0.45071,0.39259,0.65097,0.68642,0.95842,0.20224,7.184e-07,9999,0,1,620.12,3.418,0.26552,0,0,0,0,0,0,0,0,1,0.53269,0.31364,-0.57085,0,0,0,0,0,10,0.1492,4.8405e-07,9999,1,605.47,4.6875,0.19388,0.73739,0.81041,-0.90611,0,0.013364,0.73739,-1,0.81041,0.51325,1,0.99987,0.10599,0,0,0,0,0,0,0,1
0,0,0,0,0,0,0,0,1.4012,0.72066,-0.8881,-1,-0.12868,-0.059451,0.012708,2,1,0.49746,1.5029,-1.4012,0.96896,-0.73316,1.0444,2.0535,0.76396,0,0,0,0,0,0,0,0,0,0,0,0,0,0,0,0,0,0,0,0,0,0,0,0,0,0,0,0,0,0,0,0,0,0,0,0,0,0,0.002055,1.4012,-1,0.96896,0,0,0,0,0,0,0,0,0,0,0,0
0,0,0,0,0,0,0,0,0.68573,1.7588,0.42193,-1,0.99901,0.0052151,-0.0048128,3,0,0,1.0414,999,999,999,0.46657,0.40262,0.90268,0.77462,0.21275,2.1019e-06,9999,1,1,512.7,4.3457,0.27343,0,0,0,0,0,0,0,0,1,0.68573,0.5736,-0.87301,0,0,0,0,0,10,0.21275,2.1019e-06,9999,1,512.7,4.3457,0.27343,0.68573,0.5736,-0.87301,0,0.02034,0.68573,-1,0.5736,0.31603,-1,-1.723e-06,-0.012908,0,0,0,0,0,0,0,0
0,0,0,0,0,0,0,0,1.2874,0.94838,-0.022826,1,0.0043981,-1.5536e-05,-8.9572e-06,0,0,0,1.3841,999,999,999,1.4847,0.43436,0.38525,0.93114,0.20619,7.3698e-07,9999,1,1,556.64,4.1504,0.26939,0,0,0,0,0,0,0,0,1,999,999,999,0,0,0,0,0,0,0,0,0,0,0,0,0,0,0,0,0,0.014997,1.2874,1,0.98207,0.83103,-1,-1.5536e-05,-0.27312,0,0,0,0,0,0,0,0
0,0,0,0,0,0,0,0,1.3543,0.072218,-0.70824,1,-0.079053,4.1351e-05,0,0,0,0,1.4872,999,999,999,1.3942,1.8143,0,0,0,0,0,0,0,0,0,0,0,0,0,0,0,0,0,0,0,0,0,0,0,0,0,0,0,0,0,0,0,0,0,0,0,0,0,0,0,0.0034235,1.3543,1,0.92441,0,0,0,0,0,0,0,0,0,0,0,1
0.72495,1.176,-0.16465,1,0,0,0,0,0.4588,1.2645,-0.79676,-1,-0.98221,0.10362,-6.0739e-05,1,0,0,1.1156,999,999,999,0.83901,0.75379,0.62074,0.87384,0.086589,3.9815e-07,9999,0,-1,1347.7,7.8125,0.14625,0,0,0,0,0,0,0,0,1,999,999,999,0,0,0,0,0,0,0,0,0,0,0,0,0,0,0,0,0,0.011946,0.5668,-1,0.36468,0.49988,1,0.10362,0.74877,0.72495,1.176,-0.16465,1,1,0.048861,0.84212,0
0,0,0,0,0,0,0,0,0.72003,0.70904,-0.70135,-1,-0.9996,0.99378,-0.028478,1,1,0.50027,1.0366,-0.55882,0.99705,-0.56821,0.36922,0.60827,0.8768,0.22929,0.10839,4.2153e-07,9999,1,-1,898.44,7.1289,0.16135,0,1,0,0,0,0,0,0,1,0.89387,0.89761,-0.12054,0,0,0,0,0,10,0.10839,4.2153e-07,9999,-1,898.44,7.1289,0.16135,0.89387,0.89761,-0.12054,-9,0.0053259,0.89387,1,0.89761,0.60949,1,0.99378,0.35854,0,0,0,0,0,0,0,0
0,0,0,0,0,0,0,0,0.59226,0.10391,-0.87602,1,0.00010758,5.568e-05,0,0,0,0,0.79448,999,999,999,0.75929,0.58795,0,0,0,0,0,0,0,0,0,0,0,0,0,0,0,0,0,0,0,0,0,0,0,0,0,0,0,0,0,0,0,0,0,0,0,0,0,0,0,0.018206,0.54959,1,0.93941,0,0,0,0,0,0,0,0,0,0,0,1
0,0,0,0,0,0,0,0,0.5449,0.82158,-0.9404,-1,-0.9954,0.98833,-0.020978,1,0,0,1.043,999,999,999,0.59569,0.6906,1.0269,0.10739,0.075216,1.2941e-06,9999,1,1,0,8.4961,0.13973,0,0,0,0,0,0,0,0,1,999,999,999,0,0,0,0,0,10,0.23872,9.3196e-07,9999,-1,498.05,3.8086,0.30203,0.58978,0.97149,-0.92389,-6,0.024564,0.58978,1,0.97149,0.61878,-1,-0.9954,-0.57139,0,0,0,0,0,0,0,0
0,0,0,0,0,0,0,0,0.70084,0.86199,0.71049,1,-0.97658,0.0014532,-0.00019345,2,1,0.49631,0.93228,999,999,999,0.89611,0.93522,0.22101,0.29952,0.15988,0.00019345,9999,1,-1,576.17,0,0.22101,0,0,0,0,0,0,0,0,1,0.70084,0.96226,-0.27235,0,0,0,0,0,10,0.15988,0.00019345,9999,-1,576.17,0,0.22101,0.70084,0.96226,-0.27235,-0,0.0094533,0.70084,1,0.96226,-0.27235,1,0.0014532,0.046845,0,0,0,0,0,0,0,0
0,0,0,0,0,0,0,0,0.98296,0.60769,-0.34184,1,0.96077,-0.17487,-0.00064904,1,0,0,1.1975,999,999,999,1.1503,1.1687,0.42094,0.089091,0.12177,1.9502e-06,9999,0,1,0,3.8574,0.21917,0,0,0,0,0,0,0,0,1,999,999,999,0,0,0,0,0,10,0.18309,4.4027e-07,9999,1,664.06,5.127,0.17215,0.77589,0.82505,-0.86445,0,0.020249,0.98296,1,0.95361,0.0048318,-1,-0.17487,-0.20951,0,0,0,0,0,0,0,0
0,0,0,0,0,0,0,0,0.3815,0,0.66556,-1,-8.9245e-05,-4.8523e-06,1.9915e-06,0,0,0,0.57201,999,999,999,0.75987,0.33656,0.22196,0.93504,0.14011,1.9915e-06,9999,1,1,0,5.3223,0.22196,1,0,-3.1482,3.0303,-5.8094,0.1438,0.14734,0.60453,1,999,999,999,0,0,0,0,0,0,0,0,0,0,0,0,0,0,0,0,0,0.018874,0.52825,-1,0.87768,0.98518,-1,-8.9245e-05,-0.75876,0,0,0,0,0,0,0,0
0,0,0,0,0,0,0,0,0.62041,0.75599,-0.68657,1,6.6196e-05,-6.2366e-05,-4.8898e-05,1,0,0,1.0085,999,999,999,0.66388,0.64241,0.58585,0,0,0,0,0,0,0,0,0,0,0,0,0,0,0,0,0,0,0,0,0,0,0,0,0,0,0,0,0,0,0,0,0,0,0,0,0,0,0.012374,0.62041,1,0.95672,0,0,0,0,0,0,0,0,0,0,0,1
0,0,0,0,0,0,0,0,1.0368,0.068413,-0.95774,-1,-0.022652,1.0657e-05,0,0,0,0,0.57371,999,999,999,0.65882,0.4,0,0,0,0,0,0,0,0,0,0,0,0,0,0,0,0,0,0,0,0,0,0,0,0,0,0,0,0,0,0,0,0,0,0,0,0,0,0,0,0.013227,1.0368,-1,0.94913,0,0,0,0,0,0,0,0,0,0,0,0
0,0,0,0,0,0,0,0,0.7917,0.041623,-0.58346,1,0.16778,0.015691,4.8385e-06,1,0,0,0.91386,0.7917,0.78213,-0.18226,1.4967,1.0232,0.33634,0.18438,0.20993,1.4228e-06,9999,1,-1,0,6.3477,0.16588,0,0,0,0,0,0,0,0,1,0.7917,0.78213,-0.22836,0,0,0,0,0,10,0.20993,1.4228e-06,9999,-1,0,6.3477,0.16588,0.7917,0.78213,-0.22836,-0,0.0082714,0.7917,1,0.78213,0.82388,1,4.8385e-06,0.00065085,0,0,0,0,0,0,0,1
0.92606,0.073172,-0.78742,1,0.73375,0.073172,-0.6813,-1,0,0,0,0,0.004481,-0.00078914,0.00023499,2,1,0.49948,1.1453,999,999,999,1.2332,0.90942,0.26479,0,0,0,0,0,0,0,0,0,0,0,0,0,0,0,0,0,0,0,0,0,0,0,0,0,0,0,0,0,0,0,0,0,0,0,0,0,0,0.024863,0.92606,1,0.81846,0,0,0,0,0.92606,0.073172,-0.78742,1,1,0.024863,0.81846,1
0,0,0,0,1.3792,0,-0.92041,-1,0.53254,0,0.58559,-1,-0.96212,-0.39092,5.0596e-05,0,0,0,1.0947,-1.3792,0.87976,-0.63472,0.64012,2.2066,0.59393,0,0,0,0,0,0,0,0,0,0,0,0,0,0,0,0,0,0,0,0,0,0,0,0,0,0,0,0,0,0,0,0,0,0,0,0,0,0,0.024044,1.3792,-1,0.87976,0,0,0,0,0,0,0,0,0,0,0,0
0,0,0,0,0,0,0,0,1.1612,0.174,-0.49976,1,0.0053669,-5.2834e-06,0,0,0,0,1.0868,999,999,999,1.0507,0.3431,0,0,0,0,0,0,0,0,0,0,0,0,0,0,0,0,0,0,0,0,0,0,0,0,0,0,0,0,0,0,0,0,0,0,0,0,0,0,0,0.0066019,1.1612,1,0.99563,0,0,0,0,0,0,0,0,0,0,0,1
0,0,0,0,0,0,0,0,0.40149,0.044979,-0.6904,-1,-3.2638e-06,0,0,0,0,0,0.29755,999,999,999,0.30655,0,0,0,0,0,0,0,0,0,0,0,0,0,0,0,0,0,0,0,0,0,0,0,0,0,0,0,0,0,0,0,0,0,0,0,0,0,0,0,0,0,0,0,0,0,0,0,0,0,0,0,0,0,0,0,0
0,0,0,0,0,0,0,0,1.2424,0.5671,-0.51553,1,0.92113,9.9323e-06,-3.6727e-06,2,0,0,1.2934,999,999,999,1.3002,0.39396,0.28759,0.50912,0.083198,3.3116e-07,9999,0,-1,1914.1,16.992,0.088198,0,0,0,0,0,0,0,0,1,999,999,999,0,0,0,0,0,0,0,0,0,0,0,0,0,0,0,0,0,0.010967,1.2424,1,0.95297,0.69958,1,0.92113,0.61798,0,0,0,0,0,0,0,1
0,0,0,0,0,0,0,0,0.46676,0,0.49205,1,-0.0055046,-0.00023901,2.4009e-05,0,0,0,0.93225,999,999,999,0.778,0.80944,0.47665,0.32986,0.18258,1.0251e-06,9999,1,-1,541.99,3.5156,0.31398,0,0,0,0,0,0,0,0,1,999,999,999,0,0,0,0,0,0,0,0,0,0,0,0,0,0,0,0,0,0.0048853,0.70073,-1,0.72925,0.27932,1,2.4009e-05,0.010028,0,0,0,0,0,0,0,0
0,0,0,0,0,0,0,0,0.72009,0.91238,0.4933,1,-0.99994,0.1318,0.0071908,6,0,0,0.80102,999,999,999,0.27488,1.0109,0.3584,0.97447,0.18171,3.9022e-07,9999,0,-1,1171.9,7.6172,0.14065,0,0,0,0,0,0,0,0,1,0.72009,0.98911,-0.97059,0,0,0,0,0,10,0.18418,1.2108e-06,9999,-1,0,7.0312,0.099058,0.72009,0.98911,-0.11044,-0,0.0032317,0.72009,1,0.98911,-0.97059,1,0.1318,0.75117,0,0,0,0,0,0,0,1
0,0,0,0,0,0,0,0,1.0744,1.0416,-0.69187,1,-0.34765,-0.0043778,0.00029348,0,0,0,1.1825,999,999,999,1.2246,1.0715,0.95031,0,0,0,0,0,0,0,0,0,0,0,0,0,0,0,0,0,0,0,0,0,0,0,0,0,0,0,0,0,0,0,0,0,0,0,0,0,0,0.0072155,1.0744,1,0.913,0,0,0,0,0,0,0,0,0,0,0,1
1.7343,0,-0.96229,-1,0,0,0,0,0.48657,0.19093,0.27553,1,-0.046756,0.0010852,0,0,0,0,1.3257,999,999,999,1.3348,0.77563,0,0,0,0,0,0,0,0,0,0,0,0,0,0,0,0,0,0,0,0,0,0,0,0,0,0,0,0,0,0,0,0,0,0,0,0,0,0,0,0.0034191,1.7343,-1,0.98415,0,0,0,0,0,0,0,0,0,0,0,0
0,0,0,0,0,0,0,0,0.69092,0.95493,-0.90008,-1,0.99999,-0.49268,-0.00047549,3,1,0.49759,0.73131,999,999,999,0.24687,0.97795,0.2691,0.97441,0.12109,0.99999,9999,0,1,2187.5,20.898,0.24687,0,0,0,0,0,0,0,0,1,999,999,999,0,0,0,0,0,0,0,0,0,0,0,0,0,0,0,0,0,0.011292,0.69092,-1,0.88383,0.93065,-1,-3.5531e-05,-0.018252,0,0,0,0,0,0,0,1
0,0,0,0,0,0,0,0,0.4716,0.723,-0.77925,-1,-1,-0.99917,5.7616e-07,1,0,0,0.47815,999,999,999,0.20112,0.45513,0.22861,0.75582,0.13342,5.7616e-07,9999,0,1,546.88,4.8828,0.22861,0,0,0,0,0,0,0,0,1,999,999,999,0,0,0,0,0,0,0,0,0,0,0,0,0,0,0,0,0,0,0,0,0,-0.14176,-1,-1,-0.46427,0,0,0,0,0,0,0,0
0,0,0,0,0,0,0,0,1.084,0.55626,-0.29219,1,0.94917,5.3018e-05,-5.2476e-05,0,0,0,1.4108,0.54146,0.92463,-0.91267,1.1379,0.58849,0.60187,0.17758,0.22642,3.9444e-07,9999,1,-1,644.53,5.3223,0.14366,0,0,0,0,0,0,0,0,1,0.54146,0.92463,-0.22523,0,0,0,0,0,10,0.22642,3.9444e-07,9999,-1,644.53,5.3223,0.14366,0.54146,0.92463,-0.22523,-14,0.0074871,1.084,1,0.79846,0.59473,1,0.94917,0.00022908,0,0,0,0,0,0,0,0
0,0,0,0,0,0,0,0,0.2988,0.21349,0.82868,-1,0.99998,-0.00018086,-4.8279e-05,1,0,0,0.63843,999,999,999,0.26649,0.19533,0.58301,0.63467,0.14717,4.4437e-07,9999,1,-1,664.06,5.8105,0.17439,1,0,1.4463,0.44604,-1.9725,0.10821,0.0034296,0.037408,1,999,999,999,0,0,0,0,0,0,0,0,0,0,0,0,0,0,0,0,0,0,0,0,0,0.869,1,0.99998,0.21114,0,0,0,0,0,0,0,1
0,0,0,0,0,0,0,0,0.88832,0.24247,0.60007,-1,-0.98709,0.00022189,1.2782e-05,1,0,0,0.69769,999,999,999,0.64086,0.25398,0.41612,0.84985,0.1461,0.00022189,9999,0,1,581.05,0,0.25398,0,0,0,0,0,0,0,0,1,0.88832,0.98282,-0.81305,0,0,0,0,0,10,0.1461,0.00022189,9999,1,581.05,0,0.25398,0.88832,0.98282,-0.81305,2,0.0089222,0.88832,-1,0.98282,-0.81305,-1,-0.98709,-0.53318,0,0,0,0,0,0,0,0
0,0,0,0,0,0,0,0,0.30809,0.4003,0.91941,-1,-0.98029,4.0726e-05,2.4684e-06,0,0,0,0.47103,999,999,999,0.48589,0.59995,0.28557,0.39404,0.21093,2.4684e-06,9999,1,1,654.3,3.6621,0.28557,0,0,0,0,0,0,0,0,1,999,999,999,0,0,0,0,0,0,0,0,0,0,0,0,0,0,0,0,0,0,0,0,0,-0.68155,-1,-0.98029,-0.0012688,0,0,0,0,0,0,0,0
0,0,0,0,0,0,0,0,1.3421,0.85742,0.24009,-1,-0.071963,0.068095,-0.0028055,0,0,0,1.8467,999,999,999,1.3657,1.3578,0.70992,0,0,0,0,0,0,0,0,0,0,0,0,0,0,0,0,0,0,0,0,0,0,0,0,0,0,0,0,0,0,0,0,0,0,0,0,0,0,0.013216,1.3421,-1,0.98587,0,0,0,0,0,0,0,0,0,0,0,1
0,0,0,0,0,0,0,0,0.66442,1.449,-0.62122,-1,0.0035452,4.7218e-05,-3.8394e-05,0,0,0,0.97558,999,999,999,0.92327,0.57871,0.54352,0,0,0,0,0,0,0,0,0,0,0,0,0,0,0,0,0,0,0,0,0,0,0,0,0,0,0,0,0,0,0,0,0,0,0,0,0,0,0.013906,0.72135,1,0.90703,0,0,0,0,0,0,0,0,0,0,0,1
0,0,0,0,0,0,0,0,0.19201,0.55606,-0.9347,-1,0.40223,3.514e-06,2.7225e-06,1,0,0,0.42378,999,999,999,1.0321,0.28353,0.29294,0.59087,0.17775,4.7191e-07,9999,0,-1,634.77,4.1504,0.18828,0,0,0,0,0,0,0,0,1,999,999,999,0,0,0,0,0,0,0,0,0,0,0,0,0,0,0,0,0,0,0,0,0,0.89658,1,2.7225e-06,0.028601,0,0,0,0,0,0,0,1
0,0,0,0,0,0,0,0,0.97419,1.243,-0.91926,1,0.99978,0.15012,-0.057467,2,0,0,0.85106,0.97419,0.87956,-0.35955,0.39644,1.5278,1.0409,0.73228,0.16027,1.2177e-06,9999,1,-1,0,14.844,0.077818,0,0,0,0,0,0,0,0,1,0.97419,0.87956,-0.64634,0,0,0,0,0,10,0.16027,1.2177e-06,9999,-1,0,14.844,0.077818,0.97419,0.87956,-0.64634,-5,0.0036592,0.97419,1,0.87956,0.43897,1,0.99978,0.2097,0,0,0,0,0,0,0,0
0.39628,1.4558,0.4478,1,0,0,0,0,0.83468,1.7849,-0.33876,-1,0.97385,-0.26666,0.00025949,0,0,0,1.07,999,999,999,0.62196,1.3528,1.0309,0.39313,0.12982,3.5042e-07,9999,1,-1,1201.2,9.5703,0.10781,0,0,0,0,0,0,0,0,1,999,999,999,0,0,0,0,0,0,0,0,0,0,0,0,0,0,0,0,0,0.0067472,0.83633,1,0.71292,0.35173,1,0.97385,0.2336,0.39628,1.4558,0.4478,1,1,0.0048386,0.6047,0
0,0,0,0,0,0,0,0,0.35327,0.68015,-0.70376,-1,1.9195e-05,-4.8832e-06,0,0,0,0,0.45814,999,999,999,0.45559,0.33705,0,0,0,0,0,0,0,0,0,0,0,0,0,0,0,0,0,0,0,0,0,0,0,0,0,0,0,0,0,0,0,0,0,0,0,0,0,0,0,0,0,0,0,0,0,0,0,0,0,0,0,0,0,0,1
0.84784,0,-0.8692,1,0,0,0,0,0.32002,0,0.68128,-1,0.00039859,0.00017413,-4.1706e-06,2,1,0.49777,0.93889,999,999,999,1.0232,0.15734,0.32503,0.39365,0.19118,0.00017413,9999,0,1,683.59,0,0.15734,0,1,0,0,0,0,0,0,1,999,999,999,0,0,0,0,0,0,0,0,0,0,0,0,0,0,0,0,0,0.0080183,0.84784,1,0.96369,-0.36271,-1,-4.1706e-06,-0.0064276,0.84784,0,-0.8692,1,1,0.0080183,0.96369,1
0,0,0,0,0,0,0,0,0.9256,0,0.027514,-1,0.011389,-5.0187e-05,0,0,0,0,0.7363,999,999,999,0.95609,0.59212,0,0,0,0,0,0,0,0,0,0,0,0,0,0,0,0,0,0,0,0,0,0,0,0,0,0,0,0,0,0,0,0,0,0,0,0,0,0,0,0.013037,0.9256,-1,0.94367,0,0,0,0,0,0,0,0,0,0,0,0
0,0,0,0,0,0,0,0,0.68819,0.3985,0.3831,-1,-0.00017431,-7.5734e-05,1.2927e-06,2,0,0,0.673,999,999,999,0.16277,0.70048,0.13935,0,0,0,0,0,0,0,0,0,0,0,0,0,0,0,0,0,0,0,0,0,0,0,0,0,0,0,0,0,0,0,0,0,0,0,0,0,0,0.010172,0.68819,-1,0.83408,0,0,0,0,0,0,0,0,0,0,0,1
0,0,0,0,0,0,0,0,0.92696,0.73337,0.19129,-1,0.9596,0.64869,-0.00021272,0,0,0,1.1257,999,999,999,0.63627,1.6296,0.79147,0.55031,0.2132,1.4915e-06,9999,1,-1,703.12,3.3203,0.24706,0,0,0,0,0,0,0,0,1,999,999,999,0,0,0,0,0,0,0,0,0,0,0,0,0,0,0,0,0,0.0041583,0.92696,-1,0.7998,0.10208,1,0.9596,0.0018576,0,0,0,0,0,0,0,1
0,0,0,0,0,0,0,0,0.74797,0.48639,0.19905,-1,-0.13018,-5.3036e-07,4.0852e-07,0,0,0,0.48648,999,999,999,1.1988,0.21283,0.15319,0.52829,0.13665,5.3036e-07,9999,1,-1,527.34,5.0781,0.21283,0,0,0,0,0,0,0,0,1,999,999,999,0,0,0,0,0,10,0.19365,4.0852e-07,9999,1,722.66,4.9316,0.15319,0.74797,0.82226,-0.062207,0,0.013866,0.74797,-1,0.82226,-0.062207,-1,-0.13018,-0.0031296,0,0,0,0,0,0,0,1
0,0,0,0,0.66118,0.80809,-0.42715,-1,0.54406,0.079836,0.78194,1,0.46252,-0.00020025,2.2361e-05,0,0,0,0.94403,0.54406,-0.91377,-0.97504,1.8249,0.901,0.35739,0.077093,0.069498,1.2493e-06,9999,1,-1,0,9.082,0.12522,0,0,0,0,0,0,0,0,1,0.54406,0.91377,-0.052003,0,0,0,0,0,10,0.069498,1.2493e-06,9999,-1,0,9.082,0.12522,0.54406,0.91377,-0.052003,-2,0.098274,1.1154,1,0.9254,0.21972,1,0.46252,0.6043,0,0,0,0,0,0,0,1
0,0,0,0,0,0,0,0,0.34315,0.37334,0.51604,-1,0.66653,0.17765,-7.6603e-07,0,0,0,0.97404,999,999,999,0.81733,1.0206,0.27512,0,0,0,0,0,0,0,0,0,0,0,0,0,0,0,0,0,0,0,0,0,0,0,0,0,0,0,0,0,0,0,0,0,0,0,0,0,0,0.0090363,0.86915,1,0.91223,0,0,0,0,0,0,0,0,0,0,0,1
0,0,0,0,0,0,0,0,0.44957,0.42206,0.15346,-1,-0.00011071,-4.2915e-06,4.7235e-07,0,0,0,0.52624,999,999,999,0.43865,0.3272,0.18849,0.40426,0.11346,4.7235e-07,9999,1,1,498.05,7.5195,0.18849,0,0,0,0,0,0,0,0,1,999,999,999,0,0,0,0,0,0,0,0,0,0,0,0,0,0,0,0,0,0,0,0,0,-0.20731,-1,-4.2915e-06,-0.35876,0,0,0,0,0,0,0,1
0.5208,1.1849,0.92339,1,0,0,0,0,0.6477,1.027,-0.69149,1,0.0021381,-0.000105,3.7596e-05,1,0,0,1.0522,0.6477,-0.82072,-0.7278,0.60699,0.71259,0.5402,0,0,0,0,0,0,0,0,0,0,0,0,0,0,0,0,0,0,0,0,0,0,0,0,0,0,0,0,0,0,0,0,0,0,0,0,0,0,0.0054447,0.5208,1,0.36078,0,0,0,0,0.5208,1.1849,0.92339,1,1,0.0054447,0.36078,0
0,0,0,0,0,0,0,0,0.44498,0.13388,0.46009,1,6.4051e-05,-1.5084e-05,8.0073e-06,1,0,0,0.76741,999,999,999,0.6488,0.43091,0.37601,0.82161,0.22116,3.7995e-07,9999,1,-1,927.73,7.3242,0.13298,0,0,0,0,0,0,0,0,1,999,999,999,0,0,0,0,0,0,0,0,0,0,0,0,0,0,0,0,0,0,0,0,0,0.26546,1,8.0073e-06,0.012981,0,0,0,0,0,0,0,1
0,0,0,0,0,0,0,0,0.86096,1.4473,-0.99405,-1,-0.97774,-0.00017285,-0.00010086,0,0,0,1.013,-0.86096,-0.81084,-0.91372,0.71538,0.66737,0.75164,0,0,0,0,0,0,0,0,0,0,0,0,0,0,0,0,0,0,0,0,0,0,0,0,0,0,0,0,0,0,0,0,0,0,0,0,0,0,0.018957,0.86096,-1,0.81084,0,0,0,0,0,0,0,0,0,0,0,0
0,0,0,0,0,0,0,0,1.2433,1.1942,-0.28538,-1,-0.99522,-0.46585,-0.013254,0,0,0,1.7756,-1.047,-0.69973,-0.87088,0.42993,1.4101,1.6378,0.8061,0.097544,1.2116e-06,9999,1,1,0,16.016,0.10061,0,0,0,0,0,0,0,0,1,1.2433,0.89551,-0.97362,0,0,0,0,0,10,0.097544,1.2116e-06,9999,1,0,16.016,0.10061,1.2433,0.89551,-0.97362,2,0.014167,1.2433,-1,0.89551,0.28366,-1,-0.46585,-0.68636,0,0,0,0,0,0,0,0
0,0,0,0,0,0,0,0,0.94272,1.2969,-0.26504,-1,-0.030182,-0.00022886,-8.656e-05,0,0,0,0.96734,-0.94272,-0.97746,-0.24037,0.97032,0.76734,0.64569,0.54411,0.18177,4.7943e-07,9999,1,1,673.83,4.4922,0.19179,0,0,0,0,0,0,0,0,1,999,999,999,0,0,0,0,0,0,0,0,0,0,0,0,0,0,0,0,0,0.019703,0.94272,-1,0.97746,0.69843,-1,-8.656e-05,-0.022734,0,0,0,0,0,0,0,0
0,0,0,0,1.2849,0.48866,-0.7075,-1,0.61257,0.2721,-0.87269,1,-0.97406,0.00017094,-6.076e-05,0,0,0,1.2063,-1.2849,0.97896,-0.51854,0.49254,0.82511,2.0074,0.92775,0.16558,3.4269e-06,9999,1,1,0,3.7109,0.28119,0,0,0,0,0,0,0,0,1,0.59072,0.65696,-0.87844,0,0,0,0,0,10,0.16558,3.4269e-06,9999,1,0,3.7109,0.28119,0.59072,0.65696,-0.87844,0,0.013842,1.2849,-1,0.97896,-0.87844,-1,-0.97406,-0.64034,0,0,0,0,0,0,0,0
0,0,0,0,0,0,0,0,1.6082,0.96018,0.46004,1,0.091036,0.03511,-0.0013316,0,0,0,1.9723,1.6082,-0.97032,-0.86028,1.3807,1.7287,0.9157,0.037474,0.15756,4.3292e-07,9999,1,-1,742.19,5.5664,0.16804,0,0,0,0,0,0,0,0,1,0.93227,0.92922,-0.16102,0,0,0,0,0,10,0.15756,4.3292e-07,9999,-1,742.19,5.5664,0.16804,0.93227,0.92922,-0.16102,-5,0.0028209,1.6082,1,0.97032,0.19944,1,0.03511,0.019234,0,0,0,0,0,0,0,1
0,0,0,0,0,0,0,0,0.645,0.45454,-0.010881,1,-0.99981,0.97108,-0.058881,1,0,0,1.0656,-0.57519,0.91049,-0.47722,0.32341,0.88292,0.97378,0.41614,0.1983,7.0712e-07,9999,1,1,527.34,4.7852,0.26308,0,0,0,0,0,0,0,0,1,0.70162,0.44334,-0.53077,0,0,0,0,0,10,0.1983,7.0712e-07,9999,1,527.34,4.7852,0.26308,0.70162,0.44334,-0.53077,5,0.0012335,0.645,1,0.76573,-0.78629,-1,-0.99981,-0.0038982,0,0,0,0,0,0,0,0
0,0,0,0,0,0,0,0,0.78196,0.64402,0.015233,-1,-0.00010627,1.2748e-05,-5.523e-06,0,0,0,0.94088,999,999,999,0.72365,0.41587,0.34653,0.75988,0.067493,1.2627e-06,9999,1,-1,0,7.0312,0.13018,0,0,0,0,0,0,0,0,1,999,999,999,0,0,0,0,0,10,0.24925,5.523e-06,9999,-1,444.34,4.834,0.34653,0.56781,0.79547,-0.47608,-6,0.0028447,0.78196,-1,0.66118,0.23852,1,1.2748e-05,0.74415,0,0,0,0,0,0,0,1
0,0,0,0,0,0,0,0,0.57328,0.53818,0.79371,-1,-0.00018284,3.9864e-07,0,1,0,0,0.59196,999,999,999,0.70191,0.14659,0,0.44429,0.21263,3.9864e-07,9999,0,1,830.08,5.6152,0.14659,0,0,0,0,0,0,0,0,1,999,999,999,0,0,0,0,0,0,0,0,0,0,0,0,0,0,0,0,0,0.015065,0.57328,-1,0.97698,0.51399,-1,-0.00018284,-0.0013048,0,0,0,0,0,0,0,1
0,0,0,0,0,0,0,0,0.63338,0.48364,-0.88084,1,-0.31175,7.675e-05,1.2024e-05,1,0,0,0.90454,999,999,999,0.5673,0.6502,0.41061,0.70461,0.086062,1.2108e-06,9999,1,-1,0,19.336,0.098998,0,0,0,0,0,0,0,0,1,0.51008,0.26564,-0.66143,0,0,0,0,0,10,0.086062,1.2108e-06,9999,-1,0,19.336,0.098998,0.51008,0.26564,-0.66143,-2,0.032957,0.51008,1,0.26564,-0.2898,-1,-0.31175,-0.48916,0,0,0,0,0,0,0,1
0,0,0,0,0,0,0,0,1.7129,0.64497,-0.91673,1,0.18422,-0.0010119,-1.3725e-05,0,0,0,1.7221,999,999,999,2.4456,0.84592,0.42265,0,0,0,0,0,0,0,0,0,0,0,0,0,0,0,0,0,0,0,0,0,0,0,0,0,0,0,0,0,0,0,0,0,0,0,0,0,0,0.0067523,1.7129,1,0.99921,0,0,0,0,0,0,0,0,0,0,0,1
0,0,0,0,0,0,0,0,0.41927,0.42718,-0.73126,-1,2.5998e-05,-2.5797e-05,9.6157e-06,4,1,0.49753,0.65969,999,999,999,0.48969,0.48867,0.37836,0,0,0,0,0,0,0,0,0,0,0,0,0,0,0,0,0,0,0,0,0,0,0,0,0,0,0,0,0,0,0,0,0,0,0,0,0,0,0,0,0,0,0,0,0,0,0,0,0,0,0,0,0,0
0,0,0,0,0,0,0,0,0.681,0.13907,0.55512,-1,0.21058,-0.074406,0.00020689,1,0,0,0.63415,999,999,999,0.76671,1.0183,0.23886,0.39855,0.2342,7.7316e-07,9999,1,-1,571.29,3.2227,0.27647,0,0,0,0,0,0,0,0,1,999,999,999,0,0,0,0,0,0,0,0,0,0,0,0,0,0,0,0,0,0.0009239,0.681,-1,0.87397,0.87274,1,0.00020689,0.00022088,0,0,0,0,0,0,0,1
0,0,0,0,0,0,0,0,0.84035,1.0612,-0.00060257,-1,-0.94526,-0.00026428,3.7709e-05,4,1,0.4953,1.1852,999,999,999,1.1601,0.83657,0.54068,0,0,0,0,0,0,0,0,0,0,0,0,0,0,0,0,0,0,0,0,0,0,0,0,0,0,0,0,0,0,0,0,0,0,0,0,0,0,0.021121,0.81487,1,0.73262,0,0,0,0,0,0,0,0,0,0,0,1
0,0,0,0,0,0,0,0,0.29255,0.15117,0.25822,-1,-0.97804,-0.045491,0,1,0,0,0.97692,999,999,999,0.55543,1.0138,0,0,0,0,0,0,0,0,0,0,0,0,0,0,0,0,0,0,0,0,0,0,0,0,0,0,0,0,0,0,0,0,0,0,0,0,0,0,0,0.0020625,0.96804,-1,0.85746,0,0,0,0,0,0,0,0,0,0,0,1
0,0,0,0,0,0,0,0,0.72026,1.3041,-0.76464,-1,0.97579,-0.90038,-0.0061004,0,0,0,1.0863,999,999,999,0.8215,0.70302,0.57044,0.92265,0.20138,0.0002394,9999,1,1,581.05,0,0.26806,0,0,0,0,0,0,0,0,1,0.72026,0.95968,-0.78651,0,0,0,0,0,10,0.20138,0.0002394,9999,1,581.05,0,0.26806,0.72026,0.95968,-0.78651,6,0.018003,0.72026,-1,0.95968,0.87655,-1,-0.90038,-0.28634,0,0,0,0,0,0,0,1
1.0614,0,-0.24669,1,0,0,0,0,0.37419,0,0.47726,1,0.98745,0.097845,-0.00017412,1,0,0,1.4154,1.0614,-0.78018,-0.24029,0.71179,1.0459,0.15595,0.84593,0.14115,0.00017412,9999,0,-1,751.95,0,0.15595,0,0,0,0,0,0,0,0,1,1.0614,0.78018,-0.35759,0,0,0,0,0,10,0.14115,0.00017412,9999,-1,751.95,0,0.15595,1.0614,0.78018,-0.35759,-2,0.021144,1.0614,1,0.78018,0.96052,1,0.98745,0.55543,0,0,0,0,0,0,0,1
0,0,0,0,0,0,0,0,0.60699,0.79827,-0.78226,1,-0.47279,0.0055991,0.00047909,1,0,0,0.94588,999,999,999,0.9692,0.79605,0.75088,0.38576,0.12824,1.2215e-06,9999,1,-1,0,3.5156,0.074778,0,0,0,0,0,0,0,0,1,0.56324,0.79843,-0.8274,0,0,0,0,0,10,0.12824,1.2215e-06,9999,-1,0,3.5156,0.074778,0.56324,0.79843,-0.8274,-21,0.00018565,0.60699,1,0.96008,0.78921,1,0.00047909,0.058794,0,0,0,0,0,0,0,0
0,0,0,0,0,0,0,0,0.70124,1.3937,-0.98248,-1,-0.26827,-0.00061645,-3.5862e-05,1,0,0,0.98336,-0.50067,-0.98298,-0.89248,0.71374,0.36104,0.53296,0.80208,0.083503,1.3252e-06,9999,0,1,0,7.8125,0.14743,0,0,0,0,0,0,0,0,1,0.50067,0.98298,-0.77201,0,0,0,0,0,10,0.083503,1.3252e-06,9999,1,0,7.8125,0.14743,0.50067,0.98298,-0.77201,2,0.0059895,0.70124,-1,0.80882,0.4512,-1,-0.26827,-0.71801,0,0,0,0,0,0,0,0
0.79855,1.5679,0.61109,1,0,0,0,0,0.93471,1.3382,-0.6019,-1,-0.99999,-0.067737,0.012779,0,0,0,1.3037,-0.93471,0.98805,-0.81421,0.2098,1.2161,0.78244,0.90285,0.24595,2.4437e-06,9999,1,-1,541.99,4.1504,0.28481,0,0,0,0,0,0,0,0,1,999,999,999,0,0,0,0,0,0,0,0,0,0,0,0,0,0,0,0,0,0.016097,0.93471,-1,0.98805,0.95465,1,0.012779,0.0088237,0.79855,1.5679,0.61109,1,1,0.0071147,0.98991,0
1.1207,0.050973,-0.43321,1,0,0,0,0,0.72935,0.12355,0.32252,-1,0.45516,0.07674,-0.00018094,1,0,0,1.298,1.1207,-0.99359,-0.45453,0.45757,1.0065,0.93724,0,0,0,0,0,0,0,0,0,0,0,0,0,0,0,0,0,0,0,0,0,0,0,0,0,0,0,0,0,0,0,0,0,0,0,0,0,0,0.019777,1.1207,1,0.99359,0,0,0,0,0,0,0,0,0,0,0,1
0,0,0,0,0.65607,0.25499,-0.31333,-1,0.48957,0.4154,0.42834,-1,-0.00021723,-7.0985e-06,2.4775e-06,2,0,0,0.73266,999,999,999,0.99266,0.47743,0.28585,0.91772,0.2134,2.4775e-06,9999,1,1,458.98,2.6855,0.28585,0,0,0,0,0,0,0,0,1,999,999,999,0,0,0,0,0,0,0,0,0,0,0,0,0,0,0,0,0,0.010872,0.65607,-1,0.99178,0.85952,-1,-0.00021723,-0.14764,0,0,0,0,0,0,0,0
0,0,0,0,0,0,0,0,1.5322,0.62566,-0.88545,-1,-0.026996,-0.018727,3.2832e-05,2,1,0.49401,1.4642,-0.63921,0.69325,-0.66084,1.2975,0.93336,0.51974,0,0,0,0,0,0,0,0,0,0,0,0,0,0,0,0,0,0,0,0,0,0,0,0,0,0,0,0,0,0,0,0,0,0,0,0,0,0,0.012752,1.5322,-1,0.97908,0,0,0,0,0,0,0,0,0,0,0,0
0,0,0,0,0,0,0,0,0.83339,0.39875,-0.10188,-1,0.95048,-0.94166,-0.00061505,0,0,0,1.4492,999,999,999,0.67888,1.189,0.63438,0.82322,0.17537,7.0497e-07,9999,1,-1,546.88,4.0039,0.2626,0,0,0,0,0,0,0,0,1,0.79582,0.73062,-0.33794,0,0,0,0,0,10,0.17537,7.0497e-07,9999,-1,546.88,4.0039,0.2626,0.79582,0.73062,-0.33794,-0,0.018384,0.83339,-1,0.82926,0.24915,-1,-0.94166,-0.09502,0,0,0,0,0,0,0,0
0,0,0,0,0,0,0,0,1.6062,0.61194,0.86847,1,0.95519,-0.73149,0.0077468,0,0,0,1.6036,1.6062,-0.98722,-0.84828,1.4549,1.867,1.2337,0,0,0,0,0,0,0,0,0,0,0,0,0,0,0,0,0,0,0,0,0,0,0,0,0,0,0,0,0,0,0,0,0,0,0,0,0,0,0.00013471,1.6062,1,0.98722,0,0,0,0,0,0,0,0,0,0,0,0
0,0,0,0,0,0,0,0,0.8342,1.5707,-0.97144,-1,0.26827,-0.00020008,-0.00019895,1,0,0,0.943,999,999,999,0.88864,0.69866,1.0229,0,0,0,0,0,0,0,0,0,0,0,0,0,0,0,0,0,0,0,0,0,0,0,0,0,0,0,0,0,0,0,0,0,0,0,0,0,0,0.024064,0.8342,-1,0.9641,0,0,0,0,0,0,0,0,0,0,0,1
0,0,0,0,1.4281,0.2279,-0.89349,-1,0.56474,1.0486,0.26846,1,-0.0057564,-0.00013555,-5.1857e-05,1,0,0,1.1622,-1.4281,0.96161,-0.67198,0.41078,0.34009,2.1546,0.34334,0.18016,9.6499e-07,9999,1,1,463.87,4.2969,0.30647,0,0,0,0,0,0,0,0,1,999,999,999,0,0,0,0,0,0,0,0,0,0,0,0,0,0,0,0,0,0.004206,1.4281,-1,0.96161,0.077104,-1,-5.1857e-05,-0.012781,0,0,0,0,0,0,0,0
0,0,0,0,0,0,0,0,0.67975,0.51861,-0.088821,-1,-0.014435,-4.2712e-06,1.3428e-06,0,1,0.49557,0.67475,999,999,999,0.94213,0.30095,0.15127,0.78272,0.1901,4.2712e-06,9999,1,-1,0,3.5156,0.30095,0,0,0,0,0,0,0,0,1,999,999,999,0,0,0,0,0,10,0.24593,1.3428e-06,9999,1,0,7.1289,0.15127,0.67975,0.57156,-0.73779,6,0.0010814,0.67975,-1,0.57156,0.065228,-1,-0.014435,-0.037381,0,0,0,0,0,0,0,1
0,0,0,0,0,0,0,0,1.2469,0.55867,-0.80016,-1,-0.054976,-0.049898,2.1537e-06,0,0,0,1.327,-0.85545,0.92983,-0.95558,1.1077,1.2432,0.23193,0.5515,0.13186,2.1537e-06,9999,1,1,0,4.4434,0.23193,0,0,0,0,0,0,0,0,1,1.2469,0.97159,-0.3667,0,0,0,0,0,10,0.13186,2.1537e-06,9999,1,0,4.4434,0.23193,1.2469,0.97159,-0.3667,6,0.01963,1.2469,-1,0.97159,0.22847,-1,-0.049898,-0.27481,0,0,0,0,0,0,0,1
0,0,0,0,0,0,0,0,3.044,0.90025,-0.99091,-1,0.95969,-0.32611,-0.29382,3,0,0,1.4356,999,999,999,0.63813,2.2838,1.9325,0.46307,0.15223,4.659e-07,9999,1,1,673.83,4.834,0.1854,0,0,0,0,0,0,0,0,1,999,999,999,0,0,0,0,0,10,0.1624,6.0752e-07,9999,1,546.88,4.9316,0.2381,3.044,0.96983,-0.087278,6,0.07103,3.044,-1,0.96983,-0.89495,1,0.95969,0.00039255,0,0,0,0,0,0,0,1
0,0,0,0,1.6875,0.049465,-0.20043,-1,0.9269,0.56957,0.43287,1,-0.40834,-0.069204,0.0016262,1,0,0,2.0073,-1.6875,0.9842,-0.36067,1.1397,2.1359,0.94315,0.94505,0.072708,1.2502e-06,9999,0,1,0,9.668,0.12557,0,0,0,0,0,0,0,0,1,1.6875,0.9842,-0.87384,0,0,0,0,0,10,0.072708,1.2502e-06,9999,1,0,9.668,0.12557,1.6875,0.9842,-0.87384,2,0.0008462,1.6875,-1,0.9842,0.75166,-1,-0.40834,-0.82306,0,0,0,0,0,0,0,0
0,0,0,0,1.1169,0.3316,-0.80976,1,0.73562,0,-0.1607,-1,0.30628,-0.00025125,0,1,0,0,0.97618,999,999,999,1.7771,0.76777,0,0,0,0,0,0,0,0,0,0,0,0,0,0,0,0,0,0,0,0,0,0,0,0,0,0,0,0,0,0,0,0,0,0,0,0,0,0,0,0.0036355,0.73562,-1,0.84462,0,0,0,0,0,0,0,0,0,0,0,1
0,0,0,0,0,0,0,0,1.1272,0.97767,-0.9016,-1,0.99936,7.6081e-05,-3.0033e-05,1,0,0,1.167,999,999,999,0.43989,0.64058,1.5774,0,0,0,0,0,0,0,0,0,0,0,0,0,0,0,0,0,0,0,0,0,0,0,0,0,0,0,0,0,0,0,0,0,0,0,0,0,0,0.0070243,1.1272,-1,0.99123,0,0,0,0,0,0,0,0,0,0,0,1
0,0,0,0,0,0,0,0,0.8227,0.22153,-0.3148,1,0.9972,5.4285e-05,0,0,0,0,0.75763,0.8227,-0.77376,-0.3741,0.54453,0.60947,0,0,0,0,0,0,0,0,0,0,0,0,0,0,0,0,0,0,0,0,0,0,0,0,0,0,0,0,0,0,0,0,0,0,0,0,0,0,0,0.0059529,0.8227,1,0.77376,0,0,0,0,0,0,0,0,0,0,0,0
0,0,0,0,0,0,0,0,0.38968,1.5604,-0.99001,-1,0.000179,-0.00017138,8.1683e-06,1,0,0,0.58912,999,999,999,0.39421,0.44569,0.37764,0.96234,0.11424,1.2317e-06,9999,0,-1,0,3.5156,0.068582,0,0,0,0,0,0,0,0,1,999,999,999,0,0,0,0,0,0,0,0,0,0,0,0,0,0,0,0,0,0,0,0,0,0.00088033,1,0.000179,0.84378,0,0,0,0,0,0,0,1
0,0,0,0,0,0,0,0,1.0154,0,-0.76728,1,0.14887,0.00018013,-5.1459e-05,1,0,0,1.0952,999,999,999,0.92064,0.19319,0.59733,0,0,0,0,0,0,0,0,0,0,0,0,0,0,0,0,0,0,0,0,0,0,0,0,0,0,0,0,0,0,0,0,0,0,0,0,0,0,0.001967,1.0154,1,0.59238,0,0,0,0,0,0,0,0,0,0,0,0
0,0,0,0,0,0,0,0,1.5736,0,-0.60333,-1,-0.15035,-0.048962,3.7477e-05,1,0,0,1.393,-1.5736,-0.99023,-0.96191,1.4963,1.2478,0.53971,0,0,0,0,0,0,0,0,0,0,0,0,0,0,0,0,0,0,0,0,0,0,0,0,0,0,0,0,0,0,0,0,0,0,0,0,0,0,0.00718,1.5736,-1,0.99023,0,0,0,0,0,0,0,0,0,0,0,0
0,0,0,0,0,0,0,0,0.33174,0.83957,-0.52902,1,1.772e-05,-7.0562e-06,4.8283e-06,1,0,0,0.55715,999,999,999,0.54485,0.3658,0.33618,0.37617,0.13561,4.2269e-07,9999,1,-1,751.95,5.9082,0.16205,0,0,0,0,0,0,0,0,1,999,999,999,0,0,0,0,0,0,0,0,0,0,0,0,0,0,0,0,0,0,0,0,0,0.85972,1,1.772e-05,0.022915,0,0,0,0,0,0,0,1
0,0,0,0,0,0,0,0,1.3086,0.80206,-0.45274,1,0.34392,-6.2822e-06,-4.1315e-06,0,0,0,0.85102,999,999,999,2.0911,0.47469,0.44405,0,0,0,0,0,0,0,0,0,0,0,0,0,0,0,0,0,0,0,0,0,0,0,0,0,0,0,0,0,0,0,0,0,0,0,0,0,0,0.00027692,1.3086,1,0.86616,0,0,0,0,0,0,0,0,0,0,0,1
0,0,0,0,0,0,0,0,0.7922,0.65492,-0.45008,1,-0.99239,0.89578,0.088725,3,2,0.49977,1.0238,999,999,999,0.62288,0.57221,1.2486,0.25051,0.11018,3.4617e-07,9999,1,1,1425.8,10.254,0.10373,0,0,0,0,0,0,0,0,1,0.52572,0.38675,-0.40522,0,0,0,0,0,10,0.11018,3.4617e-07,9999,1,1425.8,10.254,0.10373,0.52572,0.38675,-0.40522,0,0.0117,0.52572,-1,0.38675,0.52977,-1,-0.99239,-0.34285,0,0,0,0,0,0,0,0
0,0,0,0,0,0,0,0,2.2447,0.54308,-0.79086,1,0.96045,0.26296,-0.00016895,1,0,0,2.1672,1.4087,0.99837,-0.98922,1.731,2.0729,0.783,0.58486,0.064416,1.2113e-06,9999,0,-1,0,21.875,0.085329,0,0,0,0,0,0,0,0,1,2.2447,0.97962,-0.46261,0,0,0,0,0,10,0.064416,1.2113e-06,9999,-1,0,21.875,0.085329,2.2447,0.97962,-0.46261,-9,0.0048149,2.2447,1,0.97962,0.56046,1,0.26296,0.74677,0,0,0,0,0,0,0,0
0,0,0,0,0,0,0,0,0.80847,1.0699,-0.84591,1,0.00047805,0.00017389,-2.0294e-06,1,0,0,0.86864,0.80847,0.85456,-0.1556,0.27049,0.92298,0.22443,0.97667,0.2288,1.6824e-06,9999,0,-1,532.23,4.248,0.25641,0,0,0,0,0,0,0,0,1,0.80847,0.85456,-0.8908,0,0,0,0,0,10,0.2288,1.6824e-06,9999,-1,532.23,4.248,0.25641,0.80847,0.85456,-0.8908,-0,0.011908,0.80847,1,0.85456,0.80676,1,0.00017389,0.001653,0,0,0,0,0,0,0,1
1.9642,0,-0.76773,-1,0,0,0,0,1.1418,0.19371,0.74301,-1,-0.97099,0.055457,-7.35e-05,1,0,0,2.1656,-1.9642,0.90059,-0.85102,0.80389,1.4162,2.5988,0.4767,0.13433,3.9785e-07,9999,0,1,908.2,7.1289,0.14604,0,0,0,0,0,0,0,0,1,1.9642,0.90059,-0.70634,0,0,0,0,0,10,0.13433,3.9785e-07,9999,1,908.2,7.1289,0.14604,1.9642,0.90059,-0.70634,2,0.020758,1.9642,-1,0.90059,0.52864,-1,-0.97099,-0.22376,0,0,0,0,0,0,0,0
0,0,0,0,0,0,0,0,1.31,0.6726,0.65806,1,0.94045,-0.038133,-0.031386,1,0,0,1.9899,999,999,999,1.5596,1.0261,1.7343,0,0,0,0,0,0,0,0,0,0,0,0,0,0,0,0,0,0,0,0,0,0,0,0,0,0,0,0,0,0,0,0,0,0,0,0,0,0,0.020977,1.31,1,0.92927,0,0,0,0,0,0,0,0,0,0,0,0
0,0,0,0,0.72117,0.5644,-0.74604,1,0.41496,0.62232,0.49217,-1,0.33568,-4.0637e-06,-2.1157e-06,0,0,0,0.82143,999,999,999,0.92727,0.32307,0.38914,0,0,0,0,0,0,0,0,0,0,0,0,0,0,0,0,0,0,0,0,0,0,0,0,0,0,0,0,0,0,0,0,0,0,0,0,0,0,0.012678,0.72117,1,0.9722,0,0,0,0,0,0,0,0,0,0,0,1
0,0,0,0,0,0,0,0,0.40629,0.70749,-0.62139,-1,-0.98682,0.001557,-2.707e-06,2,0,0,0.80783,999,999,999,0.75428,0.80919,0.39005,0.060106,0.064021,1.2109e-06,9999,0,-1,0,11.328,0.086041,0,0,0,0,0,0,0,0,1,999,999,999,0,0,0,0,0,0,0,0,0,0,0,0,0,0,0,0,0,0.012757,0.65314,-1,0.98361,0.41311,-1,-0.98682,-0.27941,0,0,0,0,0,0,0,1
0,0,0,0,0,0,0,0,0.22777,1.2711,-0.62729,1,-6.4517e-06,1.3133e-06,5.1537e-07,1,0,0,0.39478,999,999,999,0.35869,0.042014,0.20707,0.15645,0.22777,5.1537e-07,9999,1,1,625,4.0527,0.20707,0,0,0,0,0,0,0,0,1,999,999,999,0,0,0,0,0,0,0,0,0,0,0,0,0,0,0,0,0,0,0,0,0,0.072869,-1,-6.4517e-06,-0.00020451,0,0,0,0,0,0,0,1
0,0,0,0,0,0,0,0,1.0798,0.27023,0.58864,1,0.19191,-0.00016322,0.00011724,0,0,0,1.2046,0.73574,-0.77219,-0.54056,1.7426,0.7867,0.84559,0.21787,0.20763,8.7671e-07,9999,1,-1,415.04,3.5645,0.294,0,0,0,0,0,0,0,0,1,1.0798,0.5513,-0.17689,0,0,0,0,0,10,0.20763,8.7671e-07,9999,-1,415.04,3.5645,0.294,1.0798,0.5513,-0.17689,-4,0.011211,1.0798,1,0.5513,0.78153,1,0.00011724,0.00086483,0,0,0,0,0,0,0,0
1.0452,0,0.53677,-1,0,0,0,0,1.2194,0.15157,-0.48982,-1,-0.57545,-0.15514,0.00066397,1,0,0,1.1675,-1.0452,-0.98419,-0.99312,1.9669,0.75248,0.7918,0,0,0,0,0,0,0,0,0,0,0,0,0,0,0,0,0,0,0,0,0,0,0,0,0,0,0,0,0,0,0,0,0,0,0,0,0,0,0.0087941,1.2194,-1,0.98096,0,0,0,0,0,0,0,0,0,0,0,0
0,0,0,0,0,0,0,0,1.1773,0,-0.59363,1,0.95836,-0.00047913,1.2095e-06,2,1,0.49855,0.96122,999,999,999,1.7684,0.73488,0.095484,0.17777,0.16076,5.9142e-07,9999,1,-1,546.88,4.5898,0.23335,0,0,0,0,0,0,0,0,1,999,999,999,0,0,0,0,0,0,0,0,0,0,0,0,0,0,0,0,0,0.0020456,1.1773,1,0.90112,0.25149,1,0.95836,0.028014,0,0,0,0,0,0,0,1
0.26956,2.6039,-0.11598,-1,0,0,0,0,0.77721,0.23255,0.76595,1,0.9997,0.99912,-0.067579,3,0,0,1.1772,0.77721,-0.43019,-0.37949,0.35961,0.45676,1.1773,0.20817,0.057977,1.2438e-06,9999,0,-1,0,7.8125,0.12291,0,0,0,0,0,0,0,0,1,0.79475,0.80456,-0.35836,0,0,0,0,0,10,0.057977,1.2438e-06,9999,-1,0,7.8125,0.12291,0.79475,0.80456,-0.35836,-5,0.012663,0.83515,-1,0.74944,-0.35836,1,0.99912,0.63216,0.26956,2.6039,-0.11598,-1,1,0.082258,0.88228,1
0,0,0,0,0,0,0,0,0.67362,0.63419,0.89571,-1,0.97752,0.96131,-0.03173,0,1,0.49755,1.4913,999,999,999,0.93422,1.0686,1.0778,0.87395,0.084132,3.3575e-07,9999,1,-1,2246.1,15.039,0.093141,0,1,0,0,0,0,0,0,1,0.84518,0.41554,-0.085608,0,0,0,0,0,10,0.084132,3.3575e-07,9999,-1,2246.1,15.039,0.093141,0.84518,0.41554,-0.085608,-2,0.00099854,1.1529,1,0.7334,0.87061,1,0.97752,0.75148,0,0,0,0,0,0,0,1
0,0,0,0,0,0,0,0,0.40844,0.38546,0.72498,1,-6.159e-05,1.0558e-05,-1.7118e-06,0,0,0,0.74176,999,999,999,0.64097,0.39919,0.25775,0.92149,0.1253,3.7538e-07,9999,1,1,927.73,9.7656,0.12941,0,0,0,0,0,0,0,0,1,999,999,999,0,0,0,0,0,0,0,0,0,0,0,0,0,0,0,0,0,0.0077235,0.58346,-1,0.53379,0.68979,-1,-6.159e-05,-0.75769,0,0,0,0,0,0,0,1
0,0,0,0,0,0,0,0,1.2087,0.46176,-0.92124,1,-0.00039788,0.00033069,6.3858e-05,0,0,0,0.92498,999,999,999,0.77583,0.76415,0.6446,0.73259,0.14729,5.2331e-07,9999,1,-1,620.12,4.834,0.21017,0,0,0,0,0,0,0,0,1,1.2087,0.8341,-0.24662,0,0,0,0,0,10,0.14729,5.2331e-07,9999,-1,620.12,4.834,0.21017,1.2087,0.8341,-0.24662,-5,0.022897,1.2087,1,0.8341,0.58833,1,6.3858e-05,0.31865,0,0,0,0,0,0,0,1
1.9158,0.051794,-0.97256,1,0,0,0,0,0.49588,1.1207,-0.66601,-1,0.00035592,-5.6257e-05,-1.2502e-06,0,0,0,1.6247,999,999,999,2.8048,0.57008,0.12558,0.60456,0.072851,1.2502e-06,9999,1,-1,0,7.9102,0.12558,0,0,0,0,0,0,0,0,1,1.9158,0.98401,-0.6401,0,0,0,0,0,10,0.072851,1.2502e-06,9999,-1,0,7.9102,0.12558,1.9158,0.98401,-0.6401,-5,0.025174,1.9158,1,0.98401,-0.6401,1,0.00035592,0.7167,0,0,0,0,0,0,0,1
0,0,0,0,0,0,0,0,1.0861,0.51115,-0.90359,-1,-0.052861,4.831e-05,1.3206e-06,0,0,0,1.2007,999,999,999,1.1873,0.58441,0.23748,0.80042,0.17691,4.4945e-07,9999,1,-1,644.53,4.3945,0.17708,1,0,2.5097,-1.9898,-1.3259,0.062672,0.044177,0.010239,1,999,999,999,0,0,0,0,0,0,0,0,0,0,0,0,0,0,0,0,0,0.015916,1.0861,-1,0.90421,0.98883,1,1.3206e-06,0.17733,0,0,0,0,0,0,0,0
0,0,0,0,0,0,0,0,0.56764,0.26289,-0.3,-1,0.0063022,-6.461e-05,-3.0196e-05,3,1,0.49743,0.8274,999,999,999,0.25071,0.64981,0.50867,0.82612,0.22278,0.0063022,9999,1,1,6718.8,37.109,0.25071,0,0,0,0,0,0,0,0,1,999,999,999,0,0,0,0,0,0,0,0,0,0,0,0,0,0,0,0,0,0.0094308,0.56764,-1,0.92066,0.88131,-1,-3.0196e-05,-0.01141,0,0,0,0,0,0,0,1
0,0,0,0,0,0,0,0,0.75505,1.1289,-0.98255,-1,-0.99277,0.94911,3.9649e-05,2,0,0,0.97442,999,999,999,0.54865,0.76644,0.54872,0.76299,0.10797,1.4558e-06,9999,0,1,0,3.4668,0.17093,0,0,0,0,0,0,0,0,1,0.75505,0.68985,-0.85384,0,0,0,0,0,10,0.10797,1.4558e-06,9999,1,0,3.4668,0.17093,0.75505,0.68985,-0.85384,0,0.012625,0.75505,-1,0.68985,-0.85384,-1,-0.99277,-0.62248,0,0,0,0,0,0,0,1
0,0,0,0,0,0,0,0,1.0693,0.45359,0.63366,1,0.96503,3.5763e-05,-1.6034e-06,2,0,0,1.2133,0.56751,0.89856,-0.96948,1.3903,0.53255,0.25269,0.85669,0.091411,1.4481e-06,9999,0,-1,0,6.8359,0.16979,0,0,0,0,0,0,0,0,1,1.0693,0.94114,-0.64805,0,0,0,0,0,10,0.091411,1.4481e-06,9999,-1,0,6.8359,0.16979,1.0693,0.94114,-0.64805,-0,0.0072668,1.0693,1,0.94114,-0.64805,1,0.96503,0.73016,0,0,0,0,0,0,0,1
0,0,0,0,0,0,0,0,0.80835,0.88629,-0.82238,1,0.9975,-0.00051818,3.0411e-05,0,0,0,0.89536,999,999,999,0.53575,0.59304,0.50962,0.91434,0.15953,3.4816e-07,9999,1,-1,1240.2,15.039,0.10566,0,0,0,0,0,0,0,0,1,999,999,999,0,0,0,0,0,0,0,0,0,0,0,0,0,0,0,0,0,0.018553,0.80835,1,0.86294,0.99364,1,0.9975,0.62688,0,0,0,0,0,0,0,1
0,0,0,0,0,0,0,0,1.3997,0.2476,-0.88758,1,0.055318,0.0050933,-0.0013846,4,1,0.49815,1.3372,999,999,999,1.8735,0.93005,1.7111,0.52596,0.074659,3.4779e-07,9999,0,-1,156.25,9.1797,0.1053,0,0,0,0,0,0,0,0,1,1.3997,0.90754,-0.46398,0,0,0,0,0,10,0.074659,3.4779e-07,9999,-1,156.25,9.1797,0.1053,1.3997,0.90754,-0.46398,-6,0,0,0,0,0.78702,1,0.0050933,0.67665,0,0,0,0,0,0,0,0
0,0,0,0,0,0,0,0,0.37508,1.1016,-0.67181,-1,2.7958e-05,-9.4311e-06,6.4198e-06,2,1,0.49226,0.69255,999,999,999,0.49869,0.38957,0.35829,0.37341,0.079972,1.3443e-06,9999,0,1,0,9.2773,0.1516,0,0,0,0,0,0,0,0,1,999,999,999,0,0,0,0,0,0,0,0,0,0,0,0,0,0,0,0,0,0,0,0,0,0.35846,-1,-4.7613e-06,-0.56737,0,0,0,0,0,0,0,1
0,0,0,0,0,0,0,0,1.4962,0.22613,-0.98147,1,0.00057646,-0.00057548,-8.077e-05,0,0,0,1.6394,999,999,999,2.0325,0.69438,0.7413,0,0,0,0,0,0,0,0,0,0,0,0,0,0,0,0,0,0,0,0,0,0,0,0,0,0,0,0,0,0,0,0,0,0,0,0,0,0,0.0012604,1.4962,1,0.97858,0,0,0,0,0,0,0,0,0,0,0,0
1.9873,0,-0.95741,1,0,0,0,0,0.20428,0.15501,0.12177,-1,0.00032216,2.3878e-05,-1.2332e-06,0,0,0,1.2622,999,999,999,3.1556,0.47961,0.067783,0.95674,0.067448,1.2332e-06,9999,1,-1,0,30.859,0.067783,0,0,0,0,0,0,0,0,1,1.9873,0.97677,-0.92756,0,0,0,0,0,10,0.067448,1.2332e-06,9999,-1,0,30.859,0.067783,1.9873,0.97677,-0.92756,-2,0.034164,1.9873,1,0.97677,0.19423,1,2.3878e-05,0.83645,0,0,0,0,0,0,0,1
0,0,0,0,0,0,0,0,2.0746,0.74356,-0.73945,-1,-0.94076,-0.010786,-1.9337e-05,0,0,0,2.0389,-1.3008,-0.99936,-0.97941,3.124,1.1082,0.45638,0.58809,0.16845,4.9683e-07,9999,0,1,712.89,4.0039,0.19947,0,0,0,0,0,0,0,0,1,2.0746,0.97871,-0.63634,0,0,0,0,0,10,0.1508,3.5154e-07,9999,1,1660.2,10.742,0.10886,2.0746,0.97871,-0.011649,6,0.030385,2.0746,-1,0.97871,-0.011649,-1,-0.94076,-0.057255,0,0,0,0,0,0,0,0
0,0,0,0,0,0,0,0,0.63271,0.99101,0.63167,-1,-0.97276,0.0014377,-2.0313e-05,2,0,0,0.88446,999,999,999,0.95204,0.64279,0.55279,0.93564,0.12664,3.5028e-07,9999,1,-1,1835.9,22.656,0.10768,0,0,0,0,0,0,0,0,1,999,999,999,0,0,0,0,0,0,0,0,0,0,0,0,0,0,0,0,0,0.0089187,0.63271,-1,0.96989,0.70552,1,0.0014377,0.78355,0,0,0,0,0,0,0,0
0,0,0,0,0,0,0,0,1.732,0.21953,-0.46364,1,0.96177,-5.7823e-07,0,0,0,0,1.2623,999,999,999,1.3023,0.22927,0,0.43538,0.16946,5.7823e-07,9999,1,-1,483.4,5.4199,0.22927,0,0,0,0,0,0,0,0,1,999,999,999,0,0,0,0,0,0,0,0,0,0,0,0,0,0,0,0,0,0.017486,1.732,1,0.93966,0.11729,1,0.96177,0.037405,0,0,0,0,0,0,0,0
0,0,0,0,0,0,0,0,0.34564,1.6433,-0.89152,1,0.99366,3.2297e-05,-2.292e-05,1,0,0,0.71596,999,999,999,0.44044,0.55654,0.47491,0.93518,0.10822,1.7262e-06,9999,1,-1,0,4.3945,0.20156,0,0,0,0,0,0,0,0,1,999,999,999,0,0,0,0,0,0,0,0,0,0,0,0,0,0,0,0,0,0.004392,0.55219,-1,0.98228,0.63472,1,0.99366,0.80058,0,0,0,0,0,0,0,1
0,0,0,0,0,0,0,0,0.74062,1.1225,0.4819,1,0.00045544,-2.5726e-06,-4.7398e-07,0,0,0,0.79189,999,999,999,1.0057,0.28868,0.18926,0.92473,0.22839,4.7398e-07,9999,0,-1,703.12,5.957,0.18926,0,0,0,0,0,0,0,0,1,0.74062,0.94788,-0.97248,0,0,0,0,0,10,0.22839,4.7398e-07,9999,-1,703.12,5.957,0.18926,0.74062,0.94788,-0.97248,-4,0.0025115,0.74062,1,0.94788,0.53939,-1,-2.5726e-06,-0.00051867,0,0,0,0,0,0,0,0
0.57423,0.49862,-0.69408,-1,0,0,0,0,0.31663,0.49862,0.12384,-1,0.00016065,-3.2235e-05,-1.2563e-05,0,0,0,0.75453,999,999,999,0.80293,0.48683,0.52208,0.54852,0.231,9.1524e-07,9999,1,1,634.77,2.9541,0.29968,0,0,0,0,0,0,0,0,1,0.57423,0.7832,-0.80833,0,0,0,0,0,10,0.231,9.1524e-07,9999,1,634.77,2.9541,0.29968,0.57423,0.7832,-0.80833,9,0.0080818,0.52853,1,0.73375,-0.14046,-1,-1.2563e-05,-0.00040867,0.57423,0.49862,-0.69408,-1,1,0.025557,0.7832,0
0,0,0,0,0,0,0,0,0.21406,0.10643,0.41083,1,-0.00024594,-9.8175e-06,5.5308e-06,2,0,0,0.78542,999,999,999,0.71592,0.39301,0.34664,0.38121,0.056804,1.2149e-06,9999,0,-1,0,22.266,0.080507,0,0,0,0,0,0,0,0,1,999,999,999,0,0,0,0,0,10,0.21406,8.2052e-07,9999,1,712.89,4.248,0.28494,0.59752,0.65795,-0.70472,22,0.030606,0.51335,1,0.61962,0.73527,1,5.5308e-06,0.68601,0,0,0,0,0,0,0,1
0,0,0,0,0,0,0,0,0.46685,0.60347,0.39576,-1,0.07184,-2.8366e-05,1.5927e-05,1,1,0.50174,0.64572,999,999,999,1.1368,0.50085,0.43667,0,0,0,0,0,0,0,0,0,0,0,0,0,0,0,0,0,0,0,0,0,0,0,0,0,0,0,0,0,0,0,0,0,0,0,0,0,0,0.0023048,0.7161,1,0.64722,0,0,0,0,0,0,0,0,0,0,0,0
1.2939,0.074225,-0.9549,-1,0,0,0,0,0.35403,0,0.21018,1,-0.095028,2.5829e-05,0,0,0,0,1.0558,999,999,999,1.0289,0.4889,0,0,0,0,0,0,0,0,0,0,0,0,0,0,0,0,0,0,0,0,0,0,0,0,0,0,0,0,0,0,0,0,0,0,0,0,0,0,0,0.012544,1.2939,-1,0.96953,0,0,0,0,0,0,0,0,0,0,0,0
0,0,0,0,0.74945,0.17734,-0.56973,-1,0.82843,0.43298,-0.94536,-1,-0.17959,0.037128,-0.00023109,0,0,0,1.1844,999,999,999,1.266,1.0816,0.79416,0.46894,0.21418,9.0473e-07,9999,1,-1,449.22,6.0547,0.29817,0,0,0,0,0,0,0,0,1,999,999,999,0,0,0,0,0,0,0,0,0,0,0,0,0,0,0,0,0,0.01277,0.82843,-1,0.89928,0.40367,1,0.037128,0.0012461,0,0,0,0,0,0,0,0
0.93892,0,-0.77949,-1,0,0,0,0,0,0,0,0,0.0046328,-0.0040388,0,1,1,0.49879,0.91894,999,999,999,1.0013,0.98616,0,0,0,0,0,0,0,0,0,0,0,0,0,0,0,0,0,0,0,0,0,0,0,0,0,0,0,0,0,0,0,0,0,0,0,0,0,0,0,0.0029272,0.93892,-1,0.86232,0,0,0,0,0.93892,0,-0.77949,-1,1,0.0029272,0.86232,0
0,0,0,0,0,0,0,0,0.63952,0.2308,-0.51092,1,0.018093,-0.014035,-0.00016002,1,0,0,0.97596,999,999,999,0.90345,0.75233,0.92566,0,0,0,0,0,0,0,0,0,0,0,0,0,0,0,0,0,0,0,0,0,0,0,0,0,0,0,0,0,0,0,0,0,0,0,0,0,0,0.0017035,0.76818,-1,0.75811,0,0,0,0,0,0,0,0,0,0,0,0
0,0,0,0,0,0,0,0,0.56552,1.7687,-0.61892,-1,0.00050946,-8.5612e-05,1.4688e-06,3,0,0,0.74451,999,999,999,0.58937,0.76807,0.1728,0.85716,0.12104,1.4688e-06,9999,0,1,0,4.1992,0.1728,0,0,0,0,0,0,0,0,1,999,999,999,0,0,0,0,0,10,0.20616,3.621e-07,9999,1,1220.7,7.2266,0.11838,0.56552,0.96521,-0.66125,6,0.0028704,0.56552,-1,0.96521,0.78966,-1,-8.5612e-05,-0.66323,0,0,0,0,0,0,0,1
0,0,0,0,0,0,0,0,0.72765,0.62302,0.6386,-1,-0.00012643,-6.3845e-05,-4.439e-05,0,0,0,1.018,-0.72765,-0.90922,-0.33981,1.0577,0.64963,0.56625,0.5447,0.22696,2.1148e-06,9999,1,-1,551.76,3.3691,0.27389,0,0,0,0,0,0,0,0,1,999,999,999,0,0,0,0,0,0,0,0,0,0,0,0,0,0,0,0,0,0.0024466,0.72765,-1,0.90922,-0.29945,1,4.3823e-05,0.00056211,0,0,0,0,0,0,0,1
0,0,0,0,0,0,0,0,1.422,0.63249,-0.67064,1,0.078492,-0.059192,-6.4284e-05,0,0,0,1.2833,999,999,999,0.88036,1.3559,0.69708,0,0,0,0,0,0,0,0,0,0,0,0,0,0,0,0,0,0,0,0,0,0,0,0,0,0,0,0,0,0,0,0,0,0,0,0,0,0,0.013192,1.422,1,0.68384,0,0,0,0,0,0,0,0,0,0,0,1
0,0,0,0,1.441,0.38554,0.18371,-1,1.6627,0.65243,-0.40194,1,0.99683,-0.001128,-0.00059282,2,0,0,1.4439,1.6627,0.9465,-0.66748,0.41179,1.0724,0.34065,0.32942,0.24462,2.137e-06,9999,1,-1,488.28,4.0039,0.27469,0,0,0,0,0,0,0,0,1,999,999,999,0,0,0,0,0,0,0,0,0,0,0,0,0,0,0,0,0,0.016029,1.6627,1,0.9465,-0.33131,1,0.99683,0.00010766,0,0,0,0,0,0,0,1
0,0,0,0,0,0,0,0,0.90982,0.05333,-0.79783,-1,0.92584,-0.88041,-0.4988,2,1,0.49949,1.2286,999,999,999,1.2549,1.3836,1.1823,0,0,0,0,0,0,0,0,0,0,0,0,0,0,0,0,0,0,0,0,0,0,0,0,0,0,0,0,0,0,0,0,0,0,0,0,0,0,0.0019853,0.90982,-1,0.98058,0,0,0,0,0,0,0,0,0,0,0,1
0,0,0,0,0,0,0,0,1.4103,0.23059,-0.87086,-1,-0.030306,9.955e-07,7.0018e-07,0,0,0,1.2867,999,999,999,1.9667,0.31037,0.26154,0.16338,0.17981,9.955e-07,9999,1,1,473.63,4.2969,0.31037,0,0,0,0,0,0,0,0,1,999,999,999,0,0,0,0,0,0,0,0,0,0,0,0,0,0,0,0,0,0.0065664,1.4103,-1,0.94182,0.075244,-1,-0.030306,-0.0059405,0,0,0,0,0,0,0,0
0,0,0,0,0,0,0,0,1.347,0.75967,-0.99934,1,0.02865,5.551e-05,-6.7824e-06,0,0,0,1.5456,999,999,999,1.4731,0.61467,0.48009,0,0,0,0,0,0,0,0,0,0,0,0,0,0,0,0,0,0,0,0,0,0,0,0,0,0,0,0,0,0,0,0,0,0,0,0,0,0,0.0041294,1.347,1,0.84659,0,0,0,0,0,0,0,0,0,0,0,1
0.40958,0.63851,-0.46354,1,0,0,0,0,0.85124,0.71275,-0.034348,-1,-0.0020113,4.7475e-06,-1.3155e-06,1,0,0,0.86186,999,999,999,0.77096,0.33489,0.041505,0,0,0,0,0,0,0,0,0,0,0,0,0,0,0,0,0,0,0,0,0,0,0,0,0,0,0,0,0,0,0,0,0,0,0,0,0,0,0.0087066,0.85124,-1,0.99692,0,0,0,0,0.40958,0.63851,-0.46354,1,1,0.004782,0.39823,1
0.73413,1.1959,-0.89728,-1,0,0,0,0,0.60341,0.3986,-0.80566,1,0.99423,-0.0052248,2.8121e-05,0,0,0,1.0903,0.5504,0.90095,-0.64905,0.61837,0.69631,0.49932,0,0,0,0,0,0,0,0,0,0,0,0,0,0,0,0,0,0,0,0,0,0,0,0,0,0,0,0,0,0,0,0,0,0,0,0,0,0,0.026414,0.73413,-1,0.93227,0,0,0,0,0.73413,1.1959,-0.89728,-1,1,0.026414,0.93227,1
0,0,0,0,0,0,0,0,1.0822,1.1033,0.13093,-1,-0.039661,-0.00011933,-3.3759e-05,0,0,0,1.3531,999,999,999,1.394,0.38741,0.52102,0.97755,0.15385,3.8634e-07,9999,1,1,1210.9,7.9102,0.13781,0,0,0,0,0,0,0,0,1,1.0822,0.9236,-0.85685,0,0,0,0,0,10,0.15385,3.8634e-07,9999,1,1210.9,7.9102,0.13781,1.0822,0.9236,-0.85685,2,0.0014179,1.0822,-1,0.9236,0.82308,-1,-0.00011933,-0.84516,0,0,0,0,0,0,0,0
0,0,0,0,0,0,0,0,1.2575,0.93349,-0.97452,-1,0.99982,-0.059601,0.0026998,1,1,0.4991,1.273,999,999,999,0.34106,0.98662,0.96945,0.79307,0.14633,0.99982,9999,1,1,1250,15.625,0.34106,0,0,0,0,0,0,0,0,1,1.2575,0.99822,-0.78089,0,0,0,0,0,10,0.14633,0.99982,9999,1,1250,15.625,0.34106,1.2575,0.99822,-0.78089,22,0.023389,1.2575,-1,0.99822,-0.69433,-1,-1.7761e-06,-0.00016693,0,0,0,0,0,0,0,1
0,0,0,0,0,0,0,0,0.98044,0.69379,-0.0070957,-1,-0.28047,-0.00019401,-0.00012814,1,0,0,1.0889,-0.57099,0.94886,-0.91122,0.82702,0.22189,0.71663,0.30645,0.15044,5.8703e-07,9999,1,-1,634.77,5.6641,0.23201,0,0,0,0,0,0,0,0,1,0.52432,0.84312,-0.084912,0,0,0,0,0,10,0.15044,5.8703e-07,9999,-1,634.77,5.6641,0.23201,0.52432,0.84312,-0.084912,-6,0.01458,0.98044,-1,0.96183,-0.084912,1,1.1997e-05,0.084398,0,0,0,0,0,0,0,1
1.5413,0.74262,-0.66875,-1,0,0,0,0,1.0011,1.1054,-0.24289,-1,-0.9695,-0.00047962,4.2344e-07,0,0,0,1.2216,-1.5413,0.97021,-0.54862,0.78907,2.4453,0.1625,0.61909,0.11698,4.2344e-07,9999,1,1,761.72,5.957,0.1625,0,0,0,0,0,0,0,0,1,1.0011,0.73221,-0.1533,0,0,0,0,0,10,0.11698,4.2344e-07,9999,1,761.72,5.957,0.1625,1.0011,0.73221,-0.1533,5,0.037529,1.5413,-1,0.97021,-0.1533,-1,-0.9695,-0.44787,0,0,0,0,0,0,0,0
0,0,0,0,0,0,0,0,0.68461,0.59936,0.062795,1,-0.00050735,0.00026993,0.00025048,1,0,0,1.0559,999,999,999,0.8439,0.28727,0.9344,0,0,0,0,0,0,0,0,0,0,0,0,0,0,0,0,0,0,0,0,0,0,0,0,0,0,0,0,0,0,0,0,0,0,0,0,0,0,0.01645,0.68461,1,0.86205,0,0,0,0,0,0,0,0,0,0,0,0
0,0,0,0,0,0,0,0,0.66223,1.1036,-0.014338,-1,-0.0007128,-1.7436e-06,-1.2104e-06,2,0,0,0.74939,999,999,999,0.79718,0.20311,0.087131,0.37074,0.11973,4.7531e-07,9999,1,1,810.55,4.8828,0.18989,0,0,0,0,0,0,0,0,1,0.66223,0.67929,-0.36968,0,0,0,0,0,10,0.11973,4.7531e-07,9999,1,810.55,4.8828,0.18989,0.66223,0.67929,-0.36968,4,0.012425,0.66223,-1,0.67929,0.74462,-1,-1.7436e-06,-0.0012163,0,0,0,0,0,0,0,1
0,0,0,0,0,0,0,0,0.72326,0.27752,-0.96604,-1,0.017203,-4.2455e-06,1.9028e-06,1,1,0.49992,0.32449,999,999,999,0.88269,0.4461,0.21581,0.6597,0.19522,1.9028e-06,9999,1,1,0,4.7363,0.21581,0,1,0,0,0,0,0,0,1,999,999,999,0,0,0,0,0,0,0,0,0,0,0,0,0,0,0,0,0,0.012804,0.72326,-1,0.96206,0.50417,-1,-4.2455e-06,-0.016001,0,0,0,0,0,0,0,0
0,0,0,0,0,0,0,0,0.33658,0.090114,0.1834,1,-0.99953,0.99788,2.6805e-06,0,0,0,0.46679,999,999,999,0.3755,0.52213,0.29177,0.41109,0.20368,4.0354e-07,9999,0,-1,761.72,7.7148,0.14991,0,0,0,0,0,0,0,0,1,999,999,999,0,0,0,0,0,0,0,0,0,0,0,0,0,0,0,0,0,0,0,0,0,-0.60169,1,0.99788,3.264e-05,0,0,0,0,0,0,0,0
0,0,0,0,1.5301,0,-0.67457,-1,0.5841,0.10498,0.62957,1,-0.14071,0.049931,-0.00029129,0,0,0,1.4581,999,999,999,2.1783,0.92094,0.48173,0,0,0,0,0,0,0,0,0,0,0,0,0,0,0,0,0,0,0,0,0,0,0,0,0,0,0,0,0,0,0,0,0,0,0,0,0,0,0.0021342,1.5301,-1,0.93237,0,0,0,0,0,0,0,0,0,0,0,0
0,0,0,0,1.4049,0.4986,-0.86782,-1,0.92029,0.58313,0.60755,-1,-0.083413,0.057756,0.0027263,1,1,0.49703,1.6934,-0.92029,-0.93135,-0.9196,1.889,0.92617,0.51918,0,0,0,0,0,0,0,0,0,0,0,0,0,0,0,0,0,0,0,0,0,0,0,0,0,0,0,0,0,0,0,0,0,0,0,0,0,0,0.014266,1.4049,-1,0.98878,0,0,0,0,0,0,0,0,0,0,0,0
0,0,0,0,0,0,0,0,0.6113,0.38365,0.13299,1,-0.9627,-0.41898,0.00038256,2,1,0.4984,0.89027,999,999,999,1.222,0.68603,0.60302,0.492,0.20513,5.0471e-07,9999,1,1,654.3,4.4922,0.20277,0,1,0,0,0,0,0,0,1,999,999,999,0,0,0,0,0,0,0,0,0,0,0,0,0,0,0,0,0,0.0092116,0.77304,-1,0.9974,0.50813,-1,-0.9627,-0.0029037,0,0,0,0,0,0,0,1
0,0,0,0,0,0,0,0,0.63006,0,-0.16978,-1,0.97864,-6.6045e-05,3.7274e-06,1,0,0,0.78296,999,999,999,0.85683,0.66079,0.31655,0,0,0,0,0,0,0,0,0,0,0,0,0,0,0,0,0,0,0,0,0,0,0,0,0,0,0,0,0,0,0,0,0,0,0,0,0,0,0.0057685,0.63006,-1,0.98329,0,0,0,0,0,0,0,0,0,0,0,1
0,0,0,0,0,0,0,0,2.0931,0.078572,-0.70565,1,0.95825,0.19078,-0.00019517,0,0,0,2.276,2.0931,-0.97635,-0.89169,1.2305,2.049,0.22365,0.19141,0.068151,1.2691e-06,9999,1,-1,0,5.9082,0.13232,0,0,0,0,0,0,0,0,1,2.0931,0.97635,-0.065056,0,0,0,0,0,10,0.068151,1.2691e-06,9999,-1,0,5.9082,0.13232,2.0931,0.97635,-0.065056,-0,0.004799,2.0931,1,0.97635,0.35439,1,0.95825,0.59384,0,0,0,0,0,0,0,1
0,0,0,0,0,0,0,0,0.29472,0.11875,0.82392,-1,-2.8954e-05,-7.3278e-06,5.473e-07,0,0,0,0.44219,999,999,999,0.57466,0.36883,0.21897,0,0,0,0,0,0,0,0,0,0,0,0,0,0,0,0,0,0,0,0,0,0,0,0,0,0,0,0,0,0,0,0,0,0,0,0,0,0,0,0,0,0,0,0,0,0,0,0,0,0,0,0,0,1
0.62512,0.3271,0.32694,-1,1.3191,0.045841,-0.68015,1,0.48601,0.95222,-0.37077,-1,-7.0644e-05,6.4805e-05,-1.4245e-05,2,1,0.49706,1.1039,-0.62512,-0.76763,-0.054261,0.68635,2.0322,0.42612,0,0,0,0,0,0,0,0,0,0,0,0,0,0,0,0,0,0,0,0,0,0,0,0,0,0,0,0,0,0,0,0,0,0,0,0,0,0,0.00095557,1.3191,1,0.94937,0,0,0,0,0.62512,0.3271,0.32694,-1,1,0.030985,0.76763,1
0,0,0,0,0,0,0,0,0.81442,0.66782,-0.19225,-1,-0.53941,-0.00055224,-7.7568e-05,0,0,0,1.1846,-0.81442,-0.72688,-0.43176,0.74623,0.91535,0.72307,0,0,0,0,0,0,0,0,0,0,0,0,0,0,0,0,0,0,0,0,0,0,0,0,0,0,0,0,0,0,0,0,0,0,0,0,0,0,0.0011475,0.93686,-1,0.92677,0,0,0,0,0,0,0,0,0,0,0,0
0,0,0,0,0,0,0,0,0.61179,1.634,-0.866,1,0.33255,-6.4922e-05,-6.4552e-05,3,0,0,1.1064,999,999,999,0.75005,0.57122,0.63918,0.99958,0.23614,2.0096e-06,9999,0,1,512.7,3.7598,0.27002,0,0,0,0,0,0,0,0,1,0.63377,0.84584,-0.83422,0,0,0,0,0,10,0.23614,2.0096e-06,9999,1,512.7,3.7598,0.27002,0.63377,0.84584,-0.83422,9,0.0044514,0.61179,1,0.8278,0.43359,-1,-6.4922e-05,-0.32176,0,0,0,0,0,0,0,1
0,0,0,0,0,0,0,0,0.13312,1.2287,-0.46745,1,-5.0481e-05,1.4496e-06,-1.2202e-06,2,0,0,0.56331,999,999,999,0.5885,0.17002,0.10969,0.70761,0.09304,1.4496e-06,9999,1,1,0,5.6152,0.17002,1,0,0.16339,2.8164,-5.0557,0.069788,0.50438,1.8867,1,999,999,999,0,0,0,0,0,10,0.13312,4.8231e-07,9999,1,712.89,4.9805,0.1931,0.52616,0.89202,-0.45777,0,0.015573,0.52616,-1,0.89202,0.87582,-1,-1.2202e-06,-0.65895,0,0,0,0,0,0,0,1
0,0,0,0,0.92731,0.82859,-0.98567,1,0.62923,0.77287,-0.8227,-1,0.99955,-0.98113,-0.00027222,2,1,0.49884,1.1298,0.92731,-0.94066,-0.3651,0.37421,0.74345,0.5903,0.63448,0.15206,0.99955,9999,1,1,1113.3,9.082,0.37421,0,0,0,0,0,0,0,0,1,0.62923,0.9956,-0.70332,0,0,0,0,0,10,0.15206,0.99955,9999,1,1113.3,9.082,0.37421,0.62923,0.9956,-0.70332,22,0.0027201,0.92731,1,0.94066,0.53156,-1,-0.98113,-4.3092e-05,0,0,0,0,0,0,0,0
0,0,0,0,0,0,0,0,1.0569,0.61233,0.50625,1,-0.18873,9.7512e-05,3.5528e-06,1,0,0,1.0548,999,999,999,1.9118,0.76072,0.31293,0.1612,0.23501,3.5528e-06,9999,1,1,561.52,3.418,0.31293,0,0,0,0,0,0,0,0,1,1.1959,0.93431,-0.19003,0,0,0,0,0,10,0.23501,3.5528e-06,9999,1,561.52,3.418,0.31293,1.1959,0.93431,-0.19003,9,0.024189,1.1959,-1,0.93431,-0.19003,-1,-0.18873,-0.00014422,0,0,0,0,0,0,0,0
0,0,0,0,0,0,0,0,0.66021,1.7998,-0.99434,1,0.9749,-0.91512,-7.5093e-06,0,0,0,0.85086,999,999,999,0.81817,0.55702,0.3708,0.51759,0.24952,5.7762e-07,9999,1,1,537.11,4.7363,0.22907,0,0,0,0,0,0,0,0,1,999,999,999,0,0,0,0,0,0,0,0,0,0,0,0,0,0,0,0,0,0.009075,0.50227,-1,0.37071,0.18674,-1,-0.91512,-9.4188e-05,0,0,0,0,0,0,0,1
0,0,0,0,0,0,0,0,2.0061,0.9901,0.88098,1,0.88547,-0.048246,6.9808e-05,0,0,0,2.2545,999,999,999,0.65337,1.3173,2.5044,0,0,0,0,0,0,0,0,0,0,0,0,0,0,0,0,0,0,0,0,0,0,0,0,0,0,0,0,0,0,0,0,0,0,0,0,0,0,0.0078968,2.0061,1,0.97351,0,0,0,0,0,0,0,0,0,0,0,1
0,0,0,0,0,0,0,0,0.97684,0.10491,0.0026785,1,-0.32447,6.9394e-05,-1.9457e-05,0,0,0,0.88984,999,999,999,1.1081,0.70419,0.45703,0.67522,0.21997,9.9699e-07,9999,1,1,468.75,3.5156,0.31056,0,0,0,0,0,0,0,0,1,0.70807,0.4727,-0.27082,0,0,0,0,0,10,0.21997,9.9699e-07,9999,1,468.75,3.5156,0.31056,0.70807,0.4727,-0.27082,6,0.0086343,0.97684,1,0.80874,0.85962,-1,-1.9457e-05,-0.0022898,0,0,0,0,0,0,0,0
0,0,0,0,0,0,0,0,1.4837,0.98458,-0.90513,-1,-0.017311,8.981e-05,0,0,0,0,1.4147,999,999,999,2.0276,0.40041,0,0,0,0,0,0,0,0,0,0,0,0,0,0,0,0,0,0,0,0,0,0,0,0,0,0,0,0,0,0,0,0,0,0,0,0,0,0,0,0.0023999,1.4837,-1,0.71315,0,0,0,0,0,0,0,0,0,0,0,0
0,0,0,0,0,0,0,0,0.49265,0.38711,0.92773,-1,-0.99497,0.00026244,-1.9176e-05,2,2,0.49753,0.98909,999,999,999,0.60359,0.87392,0.4494,0.41646,0.24034,7.9235e-07,9999,0,1,546.88,3.8086,0.28001,0,1,0,0,0,0,0,0,1,999,999,999,0,0,0,0,0,0,0,0,0,0,0,0,0,0,0,0,0,0.012512,0.70034,1,0.90645,-0.86834,-1,-0.99497,-0.00015084,0,0,0,0,0,0,0,0
0,0,0,0,0,0,0,0,1.4211,0.78762,-0.83422,1,0.00082151,1.4265e-05,-5.1865e-07,0,0,0,0.86968,999,999,999,2.3074,0.42625,0.20836,0.73207,0.16886,5.1865e-07,9999,1,-1,615.23,5.1758,0.20836,0,0,0,0,0,0,0,0,1,1.4211,0.955,-0.50056,0,0,0,0,0,10,0.16886,5.1865e-07,9999,-1,615.23,5.1758,0.20836,1.4211,0.955,-0.50056,-4,0.0014977,1.4211,1,0.955,0.68315,1,1.4265e-05,0.14613,0,0,0,0,0,0,0,0
0,0,0,0,0,0,0,0,1.1317,0,0.22548,1,0.079121,0.03601,-0.018495,0,0,0,1.5904,1.0881,-0.55578,-0.10685,1.6161,1.4069,1.1376,0,0,0,0,0,0,0,0,0,0,0,0,0,0,0,0,0,0,0,0,0,0,0,0,0,0,0,0,0,0,0,0,0,0,0,0,0,0,0.010858,1.1317,1,0.81681,0,0,0,0,0,0,0,0,0,0,0,1
0,0,0,0,0,0,0,0,0.86543,1.1532,-0.37475,-1,-0.0011386,0.00035855,-3.7909e-07,0,0,0,1.1129,999,999,999,0.91398,0.95466,0.13232,0.99642,0.17857,3.7909e-07,9999,1,-1,800.78,7.8125,0.13232,0,0,0,0,0,0,0,0,1,0.73319,0.90551,-0.86643,0,0,0,0,0,10,0.17857,3.7909e-07,9999,-1,800.78,7.8125,0.13232,0.73319,0.90551,-0.86643,-2,0.014385,0.86543,-1,0.87453,-0.86643,1,0.00035855,0.8508,0,0,0,0,0,0,0,1
1.2457,0.68859,-0.44818,-1,0,0,0,0,1.356,0.49899,-0.31069,-1,-0.41022,-0.03265,0.00017829,1,0,0,1.6271,-1.356,-0.91889,-0.55642,0.85981,1.2541,0.18713,0.73831,0.15424,0.00017829,9999,0,1,703.12,0,0.18713,0,0,0,0,0,0,0,0,1,1.2457,0.9303,-0.45537,0,0,0,0,0,10,0.15424,0.00017829,9999,1,703.12,0,0.18713,1.2457,0.9303,-0.45537,2,0.00068782,1.356,-1,0.91889,-0.2543,-1,-0.41022,-0.26727,0.54869,0.067586,-0.61063,-1,2,0.078819,0.83765,0
1.6324,0,-0.17575,1,0,0,0,0,0.96957,0.62423,-0.34218,1,0.96802,0.00035102,-4.7634e-06,1,0,0,1.3689,1.6324,0.97481,-0.65444,0.95551,2.5942,0.33515,0.98456,0.18149,3.5046e-07,9999,0,-1,1406.2,11.719,0.10784,0,0,0,0,0,0,0,0,1,1.6324,0.97481,-0.92115,0,0,0,0,0,10,0.18149,3.5046e-07,9999,-1,1406.2,11.719,0.10784,1.6324,0.97481,-0.92115,-2,0.026669,1.6324,1,0.97481,0.76767,1,0.96802,0.7963,0,0,0,0,0,0,0,1
0,0,0,0,0,0,0,0,1.0377,1.3811,0.33478,1,-0.056599,0.00012068,8.6838e-05,0,0,0,1.1953,-0.58904,-0.85776,-0.8302,1.2723,0.71556,0.71332,0.95758,0.15188,2.5118e-06,9999,1,-1,0,4.9316,0.2498,0,0,0,0,0,0,0,0,1,1.0377,0.914,-0.94815,0,0,0,0,0,10,0.15188,2.5118e-06,9999,-1,0,4.9316,0.2498,1.0377,0.914,-0.94815,-2,0.01079,1.0377,1,0.914,0.22627,1,0.00012068,0.79321,0,0,0,0,0,0,0,1
0,0,0,0,0,0,0,0,1.6315,0.15982,-0.71571,-1,-0.07653,0.033654,-0.00063456,1,0,0,1.7255,999,999,999,1.3954,1.256,0.38234,0.37611,0.077853,1.3625e-06,9999,1,1,0,7.4219,0.15526,0,0,0,0,0,0,0,0,1,0.62654,0.59615,-0.50131,0,0,0,0,0,10,0.077853,1.3625e-06,9999,1,0,7.4219,0.15526,0.62654,0.59615,-0.50131,0,0.0027874,1.6315,-1,0.99283,0.37209,-1,-0.07653,-0.58003,0,0,0,0,0,0,0,0
0,0,0,0,0,0,0,0,0.11174,0,-0.006874,-1,-0.95932,3.8129e-05,-2.0396e-05,5,1,0.4956,0.63815,999,999,999,0.62685,0.59563,0.46151,0.9624,0.11174,3.6972e-07,9999,0,-1,1044.9,8.3984,0.12483,0,1,0,0,0,0,0,0,1,999,999,999,0,0,0,0,0,0,0,0,0,0,0,0,0,0,0,0,0,0,0,0,0,0.45349,1,1.4041e-06,0.84463,0,0,0,0,0,0,0,0
0,0,0,0,0,0,0,0,0.65219,0.62621,0.096189,1,0.27017,0.14115,-7.8809e-06,2,0,0,0.78023,999,999,999,0.68685,0.91357,0.37471,0.54295,0.14553,1.2194e-06,9999,0,1,0,13.867,0.1091,0,0,0,0,0,0,0,0,1,999,999,999,0,0,0,0,0,0,0,0,0,0,0,0,0,0,0,0,0,0.09931,0.65219,1,0.91966,0.52108,-1,-7.8809e-06,-0.16899,0,0,0,0,0,0,0,1
0,0,0,0,0,0,0,0,0.58037,0.99356,-0.9151,-1,0.99922,-2.5095e-05,4.9189e-06,0,0,0,0.70128,999,999,999,0.43226,0.48544,0.33761,0,0,0,0,0,0,0,0,0,0,0,0,0,0,0,0,0,0,0,0,0,0,0,0,0,0,0,0,0,0,0,0,0,0,0,0,0,0,0.0058531,0.58037,-1,0.9444,0,0,0,0,0,0,0,0,0,0,0,1
0,0,0,0,0,0,0,0,1.0295,0.29094,-0.69589,-1,-0.00015702,1.9483e-06,-1.2293e-06,0,0,0,0.8176,999,999,999,0.77797,0.38138,0.33514,0,0,0,0,0,0,0,0,0,0,0,0,0,0,0,0,0,0,0,0,0,0,0,0,0,0,0,0,0,0,0,0,0,0,0,0,0,0,0.015762,1.0295,-1,0.84068,0,0,0,0,0,0,0,0,0,0,0,0
0,0,0,0,0,0,0,0,0.44469,1.1318,-0.65765,1,2.7255e-05,-4.5402e-06,-6.0112e-07,0,0,0,0.58581,999,999,999,0.4955,0.33149,0.23624,0.3983,0.11205,4.1601e-07,9999,1,-1,732.42,7.0312,0.15796,0,0,0,0,0,0,0,0,1,999,999,999,0,0,0,0,0,0,0,0,0,0,0,0,0,0,0,0,0,0,0,0,0,-0.52267,1,2.7255e-05,0.36746,0,0,0,0,0,0,0,1
0,0,0,0,0,0,0,0,0.78931,1.0171,0.96388,1,0.35992,4.8293e-05,-8.7634e-06,3,0,0,0.99592,0.59024,-0.79435,-0.82886,1.2414,0.58418,0.38343,0.28777,0.14751,5.8922e-07,9999,0,-1,537.11,7.1289,0.23268,0,0,0,0,0,0,0,0,1,0.78931,0.96997,-0.21135,0,0,0,0,0,10,0.14751,5.8922e-07,9999,-1,537.11,7.1289,0.23268,0.78931,0.96997,-0.21135,-5,0.0060824,0.78931,1,0.96997,0.67305,1,4.8293e-05,0.094487,0,0,0,0,0,0,0,1
0,0,0,0,0,0,0,0,1.3382,0.98834,-0.66778,1,0.97153,0.00046491,7.1449e-06,0,0,0,1.2644,0.70448,0.8908,-0.64076,1.0078,0.93021,0.36679,0.39786,0.10312,3.4351e-07,9999,1,-1,1601.6,10.938,0.10111,0,0,0,0,0,0,0,0,1,1.3382,0.82684,-0.25127,0,0,0,0,0,10,0.10312,3.4351e-07,9999,-1,1601.6,10.938,0.10111,1.3382,0.82684,-0.25127,-0,0.0051521,1.3382,1,0.82684,-0.25127,1,0.97153,0.43131,0,0,0,0,0,0,0,1
0,0,0,0,0,0,0,0,1.16,0,-0.64634,-1,-0.96107,0,0,0,0,0,1.0555,999,999,999,1.645,0,0,0,0,0,0,0,0,0,0,0,0,0,0,0,0,0,0,0,0,0,0,0,0,0,0,0,0,0,0,0,0,0,0,0,0,0,0,0,0,0.013493,1.16,-1,0.98269,0,0,0,0,0,0,0,0,0,0,0,0
0,0,0,0,0,0,0,0,0.462,0.95636,0.30183,-1,-0.98824,4.1915e-05,-3.6711e-05,0,0,0,0.77022,999,999,999,0.69134,0.558,0.53535,0,0,0,0,0,0,0,0,0,0,0,0,0,0,0,0,0,0,0,0,0,0,0,0,0,0,0,0,0,0,0,0,0,0,0,0,0,0,0.010316,0.65943,1,0.74653,0,0,0,0,0,0,0,0,0,0,0,0
0,0,0,0,0,0,0,0,0.51776,0.75513,0.92569,1,-0.27528,0.00065765,-0.00036242,8,0,0,0.6708,999,999,999,1.2839,0.73365,0.56611,0.91846,0.10432,1.2102e-06,9999,0,1,0,11.133,0.087605,0,0,0,0,0,0,0,0,1,999,999,999,0,0,0,0,0,0,0,0,0,0,0,0,0,0,0,0,0,0.0068034,0.70076,1,0.94186,-0.57408,-1,-0.27528,-0.7785,0,0,0,0,0,0,0,0
0,0,0,0,0,0,0,0,0.81845,0.91756,0.31803,-1,0.96837,0.00044312,-3.1992e-05,1,1,0.49865,0.618,999,999,999,0.70129,0.34826,0.51646,0.89694,0.14299,1.2499e-06,9999,1,-1,0,4.3945,0.060428,0,0,0,0,0,0,0,0,1,999,999,999,0,0,0,0,0,10,0.20016,1.3221e-06,9999,1,444.34,3.125,0.3431,0.81845,0.85699,-0.63897,0,0.0063244,0.81845,-1,0.85699,-0.43853,1,0.96837,0.65636,0,0,0,0,0,0,0,1
0,0,0,0,0,0,0,0,0.71348,0,0.68336,1,-0.010667,0.00037986,0.00019296,0,0,0,0.9113,999,999,999,0.66243,0.82815,0.78403,0.11131,0.13177,1.2265e-06,9999,1,-1,0,32.812,0.071514,0,0,0,0,0,0,0,0,1,0.52882,0.60254,-0.817,0,0,0,0,0,10,0.13177,1.2265e-06,9999,-1,0,32.812,0.071514,0.52882,0.60254,-0.817,-2,0.038934,1.0755,-1,0.59832,0.361,1,0.00037986,0.13852,0,0,0,0,0,0,0,1
0,0,0,0,0.92174,1.2188,-0.10023,1,1.9401,0.37373,-0.50975,-1,0.24578,-0.22869,-0.079753,0,0,0,2.3464,999,999,999,1.4355,1.384,2.0434,0,0,0,0,0,0,0,0,0,0,0,0,0,0,0,0,0,0,0,0,0,0,0,0,0,0,0,0,0,0,0,0,0,0,0,0,0,0,0.0015171,1.9401,-1,0.99754,0,0,0,0,0,0,0,0,0,0,0,0
0,0,0,0,0,0,0,0,1.0348,0.18757,-0.37417,1,-0.96972,0.0023351,0,0,0,0,1.2499,999,999,999,1.4284,1.3224,0,0,0,0,0,0,0,0,0,0,0,0,0,0,0,0,0,0,0,0,0,0,0,0,0,0,0,0,0,0,0,0,0,0,0,0,0,0,0,0.00021402,1.0348,1,0.91474,0,0,0,0,0,0,0,0,0,0,0,0
0,0,0,0,0.82807,0.203,-0.7633,-1,0.43281,0.41806,-0.75056,1,-0.29077,6.4014e-05,4.7745e-06,0,0,0,0.73571,999,999,999,1.3142,0.63248,0.33533,0.60742,0.23494,3.6392e-06,9999,1,-1,585.94,3.5645,0.31474,0,0,0,0,0,0,0,0,1,999,999,999,0,0,0,0,0,0,0,0,0,0,0,0,0,0,0,0,0,0.018363,0.82807,-1,0.90728,0.90745,1,4.7745e-06,0.00038482,0,0,0,0,0,0,0,0
0,0,0,0,0,0,0,0,0.63487,1.0329,-0.47538,1,-0.91993,0.00028668,7.3369e-05,1,0,0,1.0231,999,999,999,0.70982,0.76861,0.50604,0.39362,0.16126,3.5362e-07,9999,0,-1,898.44,8.3008,0.11079,0,0,0,0,0,0,0,0,1,0.63487,0.72096,-0.73912,0,0,0,0,0,10,0.16126,3.5362e-07,9999,-1,898.44,8.3008,0.11079,0.63487,0.72096,-0.73912,-0,0.011825,0.59339,-1,0.9279,-0.070103,-1,-0.91993,-0.00027566,0,0,0,0,0,0,0,0
1.2199,0,-0.57096,1,0,0,0,0,0.70863,0.038981,-0.25003,1,0.99835,0.0077579,-0.00011186,0,0,0,1.4702,1.2199,0.85628,-0.4788,0.46081,1.2917,0.75507,0,0,0,0,0,0,0,0,0,0,0,0,0,0,0,0,0,0,0,0,0,0,0,0,0,0,0,0,0,0,0,0,0,0,0,0,0,0,0.0053395,1.2199,1,0.85628,0,0,0,0,0,0,0,0,0,0,0,1
0,0,0,0,0,0,0,0,0.82393,0.95671,0.13457,1,-0.0026186,0.00096821,2.6522e-05,0,0,0,0.97595,999,999,999,0.74672,0.82965,0.49174,0,0,0,0,0,0,0,0,0,0,0,0,0,0,0,0,0,0,0,0,0,0,0,0,0,0,0,0,0,0,0,0,0,0,0,0,0,0,0.0065022,0.82393,1,0.93585,0,0,0,0,0,0,0,0,0,0,0,0
0,0,0,0,0,0,0,0,0.72593,0,-0.12975,-1,0.99369,-0.96996,-6.7898e-05,2,0,0,0.89838,999,999,999,0.61311,1.0606,0.67032,0,0,0,0,0,0,0,0,0,0,0,0,0,0,0,0,0,0,0,0,0,0,0,0,0,0,0,0,0,0,0,0,0,0,0,0,0,0,0.0085806,0.98101,1,0.90538,0,0,0,0,0,0,0,0,0,0,0,0
0,0,0,0,0,0,0,0,1.3221,0.37632,0.19614,1,0.075562,1.1129e-05,-6.7134e-06,2,0,0,1.055,999,999,999,2.0383,0.40377,0.36183,0.72564,0.11401,1.2758e-06,9999,0,-1,0,38.281,0.051735,0,0,0,0,0,0,0,0,1,1.3221,0.89139,-0.93159,0,0,0,0,0,10,0.11401,1.2758e-06,9999,-1,0,38.281,0.051735,1.3221,0.89139,-0.93159,-5,0.0028444,1.3221,1,0.89139,0.074009,1,1.1129e-05,0.56184,0,0,0,0,0,0,0,0
1.6428,0.06279,-0.66987,1,0,0,0,0,0.40915,0.56825,0.86814,-1,6.8265e-05,-3.6189e-05,-3.1516e-05,1,0,0,1.7552,999,999,999,1.8664,0.53431,0.51445,0,0,0,0,0,0,0,0,0,0,0,0,0,0,0,0,0,0,0,0,0,0,0,0,0,0,0,0,0,0,0,0,0,0,0,0,0,0,0.00045115,1.6428,1,0.95166,0,0,0,0,0,0,0,0,0,0,0,1
0,0,0,0,0,0,0,0,1.0318,1.1638,-0.8942,1,-0.19462,0.060701,0.00020082,2,0,0,1.0131,999,999,999,1.3047,1.0428,0.23149,0.9552,0.15905,0.00020082,9999,0,1,454.1,0,0.23149,0,0,0,0,0,0,0,0,1,999,999,999,0,0,0,0,0,0,0,0,0,0,0,0,0,0,0,0,0,0.025286,1.0318,1,0.88666,0.69232,-1,-0.19462,-0.76696,0,0,0,0,0,0,0,1
0,0,0,0,0,0,0,0,0.60636,1.1476,-0.65765,-1,-0.98842,0.010822,0.0044829,2,0,0,0.70047,999,999,999,0.46386,0.71951,0.96755,0.3965,0.19678,3.8529e-07,9999,0,-1,927.73,7.2266,0.13703,0,0,0,0,0,0,0,0,1,0.62723,0.9724,-0.27615,0,0,0,0,0,10,0.19678,3.8529e-07,9999,-1,927.73,7.2266,0.13703,0.62723,0.9724,-0.27615,-4,0.019913,0.62723,1,0.9724,-0.27615,1,0.0044829,0.0041107,0,0,0,0,0,0,0,0
0,0,0,0,0,0,0,0,0.64428,0.32105,-0.0029193,-1,-0.28273,-0.024049,-2.2769e-05,2,1,0.49093,1.1673,-0.64428,-0.70084,-0.82962,0.86558,0.97153,0.47416,0.79823,0.17658,5.5948e-07,9999,1,1,527.34,4.3457,0.22316,0,0,0,0,0,0,0,0,1,0.71686,0.98287,-0.80074,0,0,0,0,0,10,0.17658,5.5948e-07,9999,1,527.34,4.3457,0.22316,0.71686,0.98287,-0.80074,5,0.0022217,0.71686,-1,0.98287,0.92195,-1,-1.1006e-05,-0.17641,0,0,0,0,0,0,0,0
0.8471,0,-0.80865,1,0,0,0,0,0.99026,0,-0.20872,-1,-0.91862,0.1151,-0.085022,0,0,0,1.4259,-0.99026,0.80053,-0.60601,0.94612,0.73358,1.1277,0,0,0,0,0,0,0,0,0,0,0,0,0,0,0,0,0,0,0,0,0,0,0,0,0,0,0,0,0,0,0,0,0,0,0,0,0,0,0.014914,0.99026,-1,0.80053,0,0,0,0,0.8471,0,-0.80865,1,1,0.005375,0.80201,0
0,0,0,0,0,0,0,0,0.34667,0.42258,0.44701,-1,6.9453e-05,1.5297e-05,-6.2878e-07,0,0,0,0.64215,999,999,999,0.64841,0.43287,0.24403,0.92437,0.13764,4.4818e-07,9999,1,1,732.42,5.957,0.17642,0,0,0,0,0,0,0,0,1,999,999,999,0,0,0,0,0,0,0,0,0,0,0,0,0,0,0,0,0,0.0070624,0.51356,1,0.73479,0,0,0,0,0,0,0,0,0,0,0,1
0,0,0,0,0,0,0,0,0.70532,0.57297,-0.6603,1,-0.9632,0.79554,0.0059119,7,1,0.49946,1.1338,-0.53031,0.85751,-0.70501,0.82628,0.15298,0.60822,0.90737,0.11966,1.5787e-06,9999,1,1,0,7.7148,0.1867,0,0,0,0,0,0,0,0,1,0.8264,0.96514,-0.98299,0,0,0,0,0,10,0.11966,1.5787e-06,9999,1,0,7.7148,0.1867,0.8264,0.96514,-0.98299,0,0.018962,0.8264,-1,0.96514,0.66064,-1,-0.9632,-0.71572,0,0,0,0,0,0,0,0
0,0,0,0,0,0,0,0,0.71316,1.244,-0.94794,-1,-0.96215,0.000735,-0.00020897,0,0,0,1.401,-0.71316,0.88988,-0.87131,1.3046,0.71973,0.73572,0,0,0,0,0,0,0,0,0,0,0,0,0,0,0,0,0,0,0,0,0,0,0,0,0,0,0,0,0,0,0,0,0,0,0,0,0,0,0.001287,0.84497,-1,0.80565,0,0,0,0,0,0,0,0,0,0,0,1
0,0,0,0,0,0,0,0,0.83973,0.13171,0.0191,1,0.003829,4.0203e-05,5.7143e-06,1,0,0,1.1038,0.6034,-0.91735,-0.61181,1.0626,0.5505,0.34918,0.79511,0.22026,5.102e-07,9999,1,-1,791.02,5.1758,0.20501,0,0,0,0,0,0,0,0,1,0.6034,0.91735,-0.63387,0,0,0,0,0,10,0.22026,5.102e-07,9999,-1,791.02,5.1758,0.20501,0.6034,0.91735,-0.63387,-0,0.01292,0.83973,1,0.73891,0.90981,1,5.7143e-06,0.0091716,0,0,0,0,0,0,0,1
0,0,0,0,0,0,0,0,0.32531,0.25089,0.43229,1,0.97612,0.96056,-0.16869,2,0,0,0.88132,0.57484,0.63846,-0.41011,0.80038,0.96441,0.63737,0.36829,0.18491,4.8624e-07,9999,0,-1,478.52,4.1992,0.19486,0,0,0,0,0,0,0,0,1,999,999,999,0,0,0,0,0,0,0,0,0,0,0,0,0,0,0,0,0,0.043297,0.66863,1,0.95482,0.40429,1,0.97612,0.0096865,0,0,0,0,0,0,0,1
0,0,0,0,0,0,0,0,0.89611,1.0018,-0.78731,1,-0.99948,0.96183,5.1396e-05,0,0,0,1.1369,999,999,999,0.43289,0.95226,0.58364,0.74339,0.2066,8.6839e-07,9999,1,-1,615.23,4.1992,0.29272,0,0,0,0,0,0,0,0,1,999,999,999,0,0,0,0,0,0,0,0,0,0,0,0,0,0,0,0,0,0.01967,0.89611,1,0.61098,0.71689,1,0.96183,0.01445,0,0,0,0,0,0,0,1
0,0,0,0,0,0,0,0,0.3069,0.16953,0.63109,-1,0.33,-0.00042543,4.8111e-05,1,0,0,0.90919,999,999,999,0.62014,0.24193,0.58359,0,0,0,0,0,0,0,0,0,0,0,0,0,0,0,0,0,0,0,0,0,0,0,0,0,0,0,0,0,0,0,0,0,0,0,0,0,0,0.0065718,0.90203,1,0.77811,0,0,0,0,0,0,0,0,0,0,0,1
0,0,0,0,0,0,0,0,0.94874,0.29949,-0.30268,1,0.053162,1.2559e-05,-1.1388e-05,0,0,0,0.9954,999,999,999,1.4189,0.41452,0.40579,0.95942,0.18981,4.2237e-07,9999,1,-1,683.59,5.4199,0.16186,0,0,0,0,0,0,0,0,1,0.94874,0.92585,-0.97561,0,0,0,0,0,10,0.18981,4.2237e-07,9999,-1,683.59,5.4199,0.16186,0.94874,0.92585,-0.97561,-4,0.0057128,0.94874,1,0.92585,0.24448,1,1.2559e-05,0.61716,0,0,0,0,0,0,0,0
0,0,0,0,0,0,0,0,0.74293,1.1441,-0.69375,-1,-0.0031901,9.0394e-07,-5.6536e-07,0,0,0,0.69409,999,999,999,0.62313,0.29805,0.22511,0.9191,0.20228,5.6536e-07,9999,0,-1,673.83,3.6133,0.22511,0,0,0,0,0,0,0,0,1,999,999,999,0,0,0,0,0,0,0,0,0,0,0,0,0,0,0,0,0,0.015781,0.74293,-1,0.62082,0.84694,-1,-0.0031901,-0.12661,0,0,0,0,0,0,0,1
0.35496,0.30369,0.82924,-1,0,0,0,0,1.0901,0.17124,-0.52236,-1,-0.016601,-0.0061554,6.6479e-05,0,0,0,1.2212,-1.0901,-0.9569,-0.89716,0.54248,1.0293,0.65373,0,0,0,0,0,0,0,0,0,0,0,0,0,0,0,0,0,0,0,0,0,0,0,0,0,0,0,0,0,0,0,0,0,0,0,0,0,0,0.012723,1.0901,-1,0.9569,0,0,0,0,0.35496,0.30369,0.82924,-1,1,0.053905,0.73039,1
0,0,0,0,0,0,0,0,0.70802,0.75377,0.19371,-1,0.94297,-0.88049,-0.10189,1,0,0,1.3253,999,999,999,0.7784,0.24537,1.102,0.90721,0.14627,5.3764e-07,9999,1,1,571.29,6.6406,0.21552,0,0,0,0,0,0,0,0,1,0.9381,0.72302,-0.7229,0,0,0,0,0,10,0.14627,5.3764e-07,9999,1,571.29,6.6406,0.21552,0.9381,0.72302,-0.7229,4,0.0014736,0.9381,-1,0.72302,0.15454,-1,-0.88049,-0.66881,0,0,0,0,0,0,0,1
0,0,0,0,0,0,0,0,0.57348,0.4763,-0.77857,-1,0.0066693,-0.0024948,-0.00015812,0,0,0,0.76872,999,999,999,0.73658,0.91708,0.70324,0,0,0,0,0,0,0,0,0,0,0,0,0,0,0,0,0,0,0,0,0,0,0,0,0,0,0,0,0,0,0,0,0,0,0,0,0,0,0.0070935,0.57348,-1,0.93535,0,0,0,0,0,0,0,0,0,0,0,0
0,0,0,0,0,0,0,0,0.56867,0.16576,-0.033611,1,-0.18888,0.023037,-5.4054e-05,0,0,0,1.1113,999,999,999,0.92662,0.86357,0.60694,0.86477,0.21248,5.0425e-07,9999,1,1,566.41,4.0527,0.20258,0,0,0,0,0,0,0,0,1,999,999,999,0,0,0,0,0,0,0,0,0,0,0,0,0,0,0,0,0,0.001535,1.008,-1,0.84915,0.99948,-1,-0.18888,-0.054988,0,0,0,0,0,0,0,0
0,0,0,0,0.61151,1.2964,-0.92502,1,0.45078,0.63985,-0.70732,1,-0.99998,0.011847,-0.0033302,2,0,0,0.67428,999,999,999,0.25996,0.74247,0.7651,0,0,0,0,0,0,0,0,0,0,0,0,0,0,0,0,0,0,0,0,0,0,0,0,0,0,0,0,0,0,0,0,0,0,0,0,0,0,0.01184,0.61151,1,0.70949,0,0,0,0,0,0,0,0,0,0,0,0
0,0,0,0,0,0,0,0,1.2367,0.098251,-0.68576,1,0.062311,0.00049816,0.00013978,2,1,0.50111,1.3718,999,999,999,1.4275,0.2815,0.76617,0,0,0,0,0,0,0,0,0,0,0,0,0,0,0,0,0,0,0,0,0,0,0,0,0,0,0,0,0,0,0,0,0,0,0,0,0,0,0.0043213,1.2367,1,0.95958,0,0,0,0,0,0,0,0,0,0,0,1
0,0,0,0,0,0,0,0,0.50977,0.055889,-0.5404,1,0.03359,-0.00024111,6.9981e-05,1,0,0,0.65896,999,999,999,0.6884,0.26929,0.60893,0.3843,0.17973,0.00024111,9999,1,-1,644.53,0,0.26929,0,0,0,0,0,0,0,0,1,0.50977,0.90459,-0.33683,0,0,0,0,0,10,0.17973,0.00024111,9999,-1,644.53,0,0.26929,0.50977,0.90459,-0.33683,-8,0.027247,0.51063,1,0.80235,0.27622,1,0.03359,0.015322,0,0,0,0,0,0,0,1
0,0,0,0,1.8121,0.52097,-0.96637,1,0.6554,0.69517,0.49872,-1,0.97874,0.015725,-0.000143,0,0,0,1.9531,1.8121,-0.93576,-0.80518,0.74614,1.8709,0.76302,0,0,0,0,0,0,0,0,0,0,0,0,0,0,0,0,0,0,0,0,0,0,0,0,0,0,0,0,0,0,0,0,0,0,0,0,0,0,0.014615,1.8121,1,0.93576,0,0,0,0,0,0,0,0,0,0,0,1
0.71875,0.060784,-0.40287,1,0,0,0,0,0.76674,0.19862,-0.59841,1,0.18862,2.8966e-05,0,0,0,0,0.59759,0.71875,-0.85511,-0.4922,1.2223,0.48442,0,0,0,0,0,0,0,0,0,0,0,0,0,0,0,0,0,0,0,0,0,0,0,0,0,0,0,0,0,0,0,0,0,0,0,0,0,0,0,0.003377,0.76674,1,0.86853,0,0,0,0,0.71875,0.060784,-0.40287,1,1,0.010523,0.85511,1
0.69855,0.33525,-0.058265,-1,0,0,0,0,1.0195,0,-0.31584,1,0.97821,-0.074125,-0.059626,3,1,0.49784,1.3245,999,999,999,0.73967,1.0059,1.3523,0,0,0,0,0,0,0,0,0,0,0,0,0,0,0,0,0,0,0,0,0,0,0,0,0,0,0,0,0,0,0,0,0,0,0,0,0,0,0.00033684,1.0195,1,0.57402,0,0,0,0,0.69855,0.33525,-0.058265,-1,1,0.0044234,0.8899,1
0,0,0,0,0,0,0,0,0.68458,0.65498,-0.44794,-1,0.93704,-7.1342e-05,-5.1018e-05,0,0,0,0.94237,999,999,999,0.41039,0.68325,0.54984,0.16833,0.2228,1.4576e-06,9999,0,1,576.17,3.0029,0.35337,0,0,0,0,0,0,0,0,1,999,999,999,0,0,0,0,0,10,0.19771,0.93704,9999,1,0,11.426,0.41039,0.68458,0.93179,-0.23309,22,0.023455,0.68458,-1,0.93179,0.046633,-1,-7.1342e-05,-0.00027522,0,0,0,0,0,0,0,1
0,0,0,0,0,0,0,0,0.92942,0.96746,0.65114,-1,0.65446,-0.00010687,1.7713e-06,2,0,0,1.0374,999,999,999,1.0922,1.1109,0.2055,0.38,0.086191,4.1592e-07,9999,1,1,820.31,7.6172,0.1579,0,0,0,0,0,0,0,0,1,999,999,999,0,0,0,0,0,10,0.24657,4.3784e-07,9999,-1,585.94,4.0527,0.17081,0.64546,0.70588,-0.25359,-0,0.012235,0.92942,-1,0.96701,0.57747,-1,-0.00010687,-0.53435,0,0,0,0,0,0,0,0
0,0,0,0,0,0,0,0,0.67666,0.6419,-0.11825,-1,-0.91869,6.7921e-05,1.7048e-05,4,2,0.50098,0.83603,999,999,999,0.79358,0.64357,0.44334,0,0,0,0,0,0,0,0,0,0,0,0,0,0,0,0,0,0,0,0,0,0,0,0,0,0,0,0,0,0,0,0,0,0,0,0,0,0,0.0058905,0.67666,-1,0.82441,0,0,0,0,0,0,0,0,0,0,0,0
1.2116,0.43128,-0.9709,-1,0,0,0,0,0.46902,0.59175,0.48623,-1,-0.089217,-4.1923e-05,-9.8536e-06,2,1,0.49552,1.2461,999,999,999,1.1789,0.558,0.39328,0.23203,0.10286,1.3565e-06,9999,1,1,0,6.1523,0.15408,0,0,0,0,0,0,0,0,1,1.2116,0.99597,-0.24998,0,0,0,0,0,10,0.10286,1.3565e-06,9999,1,0,6.1523,0.15408,1.2116,0.99597,-0.24998,2,0.010259,1.2116,-1,0.99597,0.87696,-1,-4.1923e-05,-0.39984,0,0,0,0,0,0,0,0
0,0,0,0,0,0,0,0,1.1547,0.51474,-0.21726,1,0.077938,0.043681,-4.4803e-05,0,0,0,1.0741,999,999,999,1.0165,1.74,0.56694,0,0,0,0,0,0,0,0,0,0,0,0,0,0,0,0,0,0,0,0,0,0,0,0,0,0,0,0,0,0,0,0,0,0,0,0,0,0,0.012865,1.1547,1,0.96589,0,0,0,0,0,0,0,0,0,0,0,0
0,0,0,0,0,0,0,0,0.30543,0.50703,-0.01732,1,-0.9998,0.98765,-0.023041,1,0,0,0.53405,999,999,999,0.32404,0.46645,0.69874,0.88065,0.24019,1.4901e-06,9999,0,-1,693.36,3.6621,0.24699,0,0,0,0,0,0,0,0,1,999,999,999,0,0,0,0,0,0,0,0,0,0,0,0,0,0,0,0,0,0,0,0,0,-0.47366,1,0.98765,0.0011118,0,0,0,0,0,0,0,1
0,0,0,0,0,0,0,0,0.87147,1.0674,-0.0059151,-1,-0.36872,0.00049817,0.00045879,1,0,0,0.96478,999,999,999,1.3815,0.28151,0.54088,0.44519,0.22362,1.5609e-06,9999,1,1,458.98,3.5645,0.36033,0,0,0,0,0,0,0,0,1,0.59046,0.28485,-0.27864,0,0,0,0,0,10,0.22362,1.5609e-06,9999,1,458.98,3.5645,0.36033,0.59046,0.28485,-0.27864,0,0.0028273,0.87147,-1,0.9396,0.19777,-1,-0.36872,-0.00053617,0,0,0,0,0,0,0,0
0,0,0,0,0,0,0,0,0.43861,1.4715,-0.92866,-1,-0.00033264,-1.7588e-05,1.124e-05,0,0,0,0.84525,999,999,999,0.7391,0.44662,0.51449,0.44519,0.15766,4.0676e-07,9999,1,1,810.55,6.6406,0.15205,0,0,0,0,0,0,0,0,1,999,999,999,0,0,0,0,0,0,0,0,0,0,0,0,0,0,0,0,0,0.0094166,0.598,-1,0.94572,0.36635,-1,-9.9111e-06,-0.077829,0,0,0,0,0,0,0,1
0,0,0,0,0,0,0,0,0.25972,0.22377,0.38335,1,-0.99981,-0.62601,0.12364,2,0,0,0.61255,999,999,999,0.31786,0.80159,0.51408,0.91408,0.046992,1.2374e-06,9999,0,1,0,25.391,0.065716,0,0,0,0,0,0,0,0,1,999,999,999,0,0,0,0,0,0,0,0,0,0,0,0,0,0,0,0,0,0,0,0,0,-0.81823,-1,-0.62601,-0.79592,0,0,0,0,0,0,0,0
0,0,0,0,0,0,0,0,0.37927,0.18851,-0.56201,-1,0.00026179,-3.2335e-05,2.2753e-05,2,1,0.49188,1.2664,999,999,999,0.99294,0.51799,0.47408,0.65678,0.12672,4.8533e-07,9999,1,1,615.23,5.1758,0.19446,0,0,0,0,0,0,0,0,1,999,999,999,0,0,0,0,0,0,0,0,0,0,0,0,0,0,0,0,0,0.0040206,0.88744,1,0.94156,0.58223,-1,-3.2335e-05,-0.40224,0,0,0,0,0,0,0,1
0,0,0,0,0,0,0,0,1.2449,0.31084,0.30126,1,0.22662,0.0013132,-0.0010384,0,0,0,1.3764,0.9784,-0.64834,-0.58666,1.936,1.1671,0.41142,0.059274,0.12829,3.5743e-07,9999,1,-1,1064.5,10.742,0.11426,0,0,0,0,0,0,0,0,1,1.2449,0.99151,-0.18359,0,0,0,0,0,10,0.12829,3.5743e-07,9999,-1,1064.5,10.742,0.11426,1.2449,0.99151,-0.18359,-2,0.01715,1.2449,1,0.99151,-0.18359,1,0.22662,0.14607,0,0,0,0,0,0,0,1
0,0,0,0,0,0,0,0,0.4572,0.45337,-0.050325,1,8.6861e-06,-5.5489e-07,5.5482e-07,2,0,0,0.48628,999,999,999,0.3827,0.2216,0.22157,0.66135,0.048179,3.3451e-07,9999,0,1,1142.6,7.1289,0.091824,0,0,0,0,0,0,0,0,1,999,999,999,0,0,0,0,0,0,0,0,0,0,0,0,0,0,0,0,0,0,0,0,0,-0.10106,1,8.6861e-06,0.69023,0,0,0,0,0,0,0,1
0,0,0,0,0,0,0,0,0.85411,1.1309,0.67108,-1,-0.9316,-0.91834,-0.0073159,1,0,0,1.3429,-0.85411,0.96077,-0.5861,0.54477,1.1805,0.56906,0.40573,0.19149,3.484e-07,9999,1,1,1084,13.477,0.10588,0,0,0,0,0,0,0,0,1,0.85411,0.96077,-0.49217,0,0,0,0,0,10,0.19149,3.484e-07,9999,1,1084,13.477,0.10588,0.85411,0.96077,-0.49217,9,0.002952,0.85411,-1,0.96077,0.63457,-1,-0.9316,-0.006561,0,0,0,0,0,0,0,0
0.59755,1.7869,-0.87002,-1,0,0,0,0,0.45651,1.0545,-0.89338,1,-0.96568,-0.22533,8.1147e-05,0,0,0,0.76317,999,999,999,0.40785,0.95097,0.67591,0,0,0,0,0,0,0,0,0,0,0,0,0,0,0,0,0,0,0,0,0,0,0,0,0,0,0,0,0,0,0,0,0,0,0,0,0,0,0.015986,0.59755,-1,0.59542,0,0,0,0,0.59755,1.7869,-0.87002,-1,1,0.015986,0.59542,0
0,0,0,0,1.4572,0,-0.76241,-1,0.95702,0.10334,0.55575,-1,-0.90349,0.00080669,-0.00015436,0,0,0,1.7321,-1.4572,0.92758,-0.85868,0.9991,1.0858,2.2189,0.092313,0.1109,3.8777e-07,9999,1,1,830.08,8.7891,0.13887,0,0,0,0,0,0,0,0,1,1.4572,0.92758,-0.13199,0,0,0,0,0,10,0.1109,3.8777e-07,9999,1,830.08,8.7891,0.13887,1.4572,0.92758,-0.13199,2,0.0081635,1.4572,-1,0.92758,0.23427,-1,-0.90349,-0.30841,0,0,0,0,0,0,0,0
0,0,0,0,0,0,0,0,0.98967,1.4508,-0.37438,-1,0.086576,-0.00013179,-8.0331e-05,0,0,0,1.4243,999,999,999,1.1875,0.83877,0.73851,0,0,0,0,0,0,0,0,0,0,0,0,0,0,0,0,0,0,0,0,0,0,0,0,0,0,0,0,0,0,0,0,0,0,0,0,0,0,0.01603,0.98967,-1,0.94195,0,0,0,0,0,0,0,0,0,0,0,0
0,0,0,0,0,0,0,0,1.0376,0.44799,0.070011,-1,-0.91162,-0.052042,5.1938e-07,0,0,0,1.4909,-1.0705,-0.90389,-0.49418,1.3126,1.1353,0.20865,0.9201,0.13428,5.1938e-07,9999,1,1,576.17,5.0293,0.20865,0,0,0,0,0,0,0,0,1,1.0705,0.90389,-0.96445,0,0,0,0,0,10,0.13428,5.1938e-07,9999,1,576.17,5.0293,0.20865,1.0705,0.90389,-0.96445,2,0.0061536,1.0705,-1,0.90389,0.57076,-1,-0.91162,-0.73703,0,0,0,0,0,0,0,0
0,0,0,0,0.88577,1.1425,-0.76395,1,0.55574,0.43521,0.15989,-1,0.0030398,-4.659e-05,-2.5374e-05,0,0,0,1.1697,999,999,999,1.1149,0.57653,0.48661,0,0,0,0,0,0,0,0,0,0,0,0,0,0,0,0,0,0,0,0,0,0,0,0,0,0,0,0,0,0,0,0,0,0,0,0,0,0,0.0036675,0.88577,1,0.9108,0,0,0,0,0,0,0,0,0,0,0,1
0.51587,0.68345,-0.15882,1,0,0,0,0,0.42967,0.42726,0.81629,-1,0.00063699,-0.00025513,0.00018462,3,0,0,0.6511,999,999,999,0.67398,0.45328,0.10558,0.35106,0.13702,1.2219e-06,9999,0,1,0,26.953,0.074543,0,0,0,0,0,0,0,0,1,999,999,999,0,0,0,0,0,0,0,0,0,0,0,0,0,0,0,0,0,0.018956,0.51587,1,0.34152,0.58427,-1,-0.00025513,-0.17256,0.51587,0.68345,-0.15882,1,1,0.018956,0.34152,1
0,0,0,0,0,0,0,0,0.83684,0.50264,0.47692,1,0.18967,0.0026346,-4.6153e-07,0,0,0,0.89083,0.83684,-0.97518,-0.96656,1.3121,0.67961,0.18325,0.57544,0.20931,4.6153e-07,9999,1,-1,585.94,4.6387,0.18325,0,0,0,0,0,0,0,0,1,0.8331,0.97267,-0.39106,0,0,0,0,0,10,0.20931,4.6153e-07,9999,-1,585.94,4.6387,0.18325,0.8331,0.97267,-0.39106,-6,0.010763,0.83684,1,0.97518,0.42678,1,0.0026346,0.0029323,0,0,0,0,0,0,0,0
0,0,0,0,0,0,0,0,0.34738,0,-0.95966,1,1.3503e-05,0,0,0,1,0.50088,0.34793,999,999,999,0.42114,0,0,0,0,0,0,0,0,0,0,0,0,0,0,0,0,0,0,0,0,0,0,0,0,0,0,0,0,0,0,0,0,0,0,0,0,0,0,0,0,0,0,0,0,0,0,0,0,0,0,0,0,0,0,0,0
0,0,0,0,0,0,0,0,1.0594,1.3878,-0.16271,1,-0.96393,0.44041,0.0019172,0,0,0,1.1803,-0.6822,-0.92121,-0.72959,1.1629,1.7151,0.48538,0.62379,0.21419,5.5631e-07,9999,0,-1,537.11,3.7598,0.22208,0,0,0,0,0,0,0,0,1,1.0594,0.8256,-0.68053,0,0,0,0,0,10,0.21419,5.5631e-07,9999,-1,537.11,3.7598,0.22208,1.0594,0.8256,-0.68053,-4,0.0002176,1.0594,1,0.8256,-0.094047,-1,-0.96393,-0.00016448,0,0,0,0,0,0,0,0
1.2234,0.57114,-0.99709,1,0.56128,0,0.81382,1,0.26877,0.57114,-0.35635,-1,0.12817,0.10511,-1.2096e-06,0,0,0,1.0445,1.2234,-0.96457,-0.79765,0.86074,0.96753,0.095912,0.73101,0.059925,1.2096e-06,9999,1,-1,0,13.086,0.095912,0,0,0,0,0,0,0,0,1,0.56128,0.92614,-0.81258,0,0,0,0,0,10,0.059925,1.2096e-06,9999,-1,0,13.086,0.095912,0.56128,0.92614,-0.81258,-2,0.0069584,1.2234,1,0.96457,0.57192,1,0.10511,0.76071,0,0,0,0,0,0,0,1
0,0,0,0,0,0,0,0,1.3124,0.74509,-0.76653,-1,-0.74356,0.002263,3.6175e-06,4,2,0.4967,0.99253,999,999,999,2.1264,0.52479,0.31429,0.9843,0.10962,3.6553e-07,9999,1,1,1152.3,6.25,0.12133,0,0,0,0,0,0,0,0,1,1.3124,0.80329,-0.81646,0,0,0,0,0,10,0.10962,3.6553e-07,9999,1,1152.3,6.25,0.12133,1.3124,0.80329,-0.81646,4,0.0017755,1.3124,-1,0.80329,-0.81646,-1,-0.74356,-0.88195,0,0,0,0,0,0,0,1
0,0,0,0,0,0,0,0,0.88213,1.1567,-0.35972,-1,-0.069487,0.00024708,8.359e-05,2,1,0.49694,1.354,999,999,999,1.2314,0.81604,0.73354,0.25573,0.20742,7.0098e-07,9999,1,1,507.81,3.8086,0.26172,0,0,0,0,0,0,0,0,1,0.88213,0.60624,-0.43389,0,0,0,0,0,10,0.20742,7.0098e-07,9999,1,507.81,3.8086,0.26172,0.88213,0.60624,-0.43389,6,0.0032457,0.88213,-1,0.60624,0.92074,-1,-2.3652e-05,-0.0010138,0,0,0,0,0,0,0,0
0,0,0,0,0,0,0,0,0.66664,0,-0.72015,1,0.97141,-0.00010973,-2.2874e-05,0,0,0,0.82545,999,999,999,0.99405,0.69411,0.47469,0,0,0,0,0,0,0,0,0,0,0,0,0,0,0,0,0,0,0,0,0,0,0,0,0,0,0,0,0,0,0,0,0,0,0,0,0,0,0.02264,0.5016,-1,0.6248,0,0,0,0,0,0,0,0,0,0,0,1
0,0,0,0,0,0,0,0,0.43286,1.1725,-0.97931,1,7.4333e-06,3.2399e-06,2.7211e-06,3,1,0.49568,0.60034,999,999,999,0.36462,0.306,0.2929,0,0,0,0,0,0,0,0,0,0,0,0,0,0,0,0,0,0,0,0,0,0,0,0,0,0,0,0,0,0,0,0,0,0,0,0,0,0,0,0,0,0,0,0,0,0,0,0,0,0,0,0,0,1
0,0,0,0,0,0,0,0,0.078455,1.4302,-0.96631,-1,0.37009,-0.00017564,0.00017446,2,0,0,0.75839,999,999,999,1.0869,0.17493,0.16494,0.54099,0.078455,4.0024e-07,9999,1,-1,1152.3,5.4688,0.14768,0,0,0,0,0,0,0,0,1,0.67456,0.80199,-0.042964,0,0,0,0,0,10,0.078455,4.0024e-07,9999,-1,1152.3,5.4688,0.14768,0.67456,0.80199,-0.042964,-0,0.05284,0.67456,1,0.80199,-0.042964,1,0.37009,0.66346,0,0,0,0,0,0,0,1
0,0,0,0,0,0,0,0,0.90566,0.91536,0.78322,-1,-0.95383,0.32307,3.8878e-06,2,1,0.49881,0.98839,999,999,999,1.0924,1.1292,0.31972,0,0,0,0,0,0,0,0,0,0,0,0,0,0,0,0,0,0,0,0,0,0,0,0,0,0,0,0,0,0,0,0,0,0,0,0,0,0,0.0095083,0.90566,-1,0.83997,0,0,0,0,0,0,0,0,0,0,0,0
0,0,0,0,0,0,0,0,2.2905,0,-0.92368,-1,-0.96632,-0.0005424,3.7618e-07,0,0,0,2.5972,-2.2905,0.99156,-0.93599,1.2425,2.5638,0.13004,0.041265,0.12969,3.7618e-07,9999,1,1,937.5,7.0312,0.13004,0,0,0,0,0,0,0,0,1,999,999,999,0,0,0,0,0,0,0,0,0,0,0,0,0,0,0,0,0,0.0022731,2.2905,-1,0.99156,0.0077578,-1,-0.96632,-0.12965,0,0,0,0,0,0,0,0
0,0,0,0,0,0,0,0,0.73509,0.90842,-0.52801,1,-0.00045802,0.0001729,-2.0158e-05,1,0,0,0.97823,999,999,999,0.647,0.76467,0.55306,0.11238,0.15769,3.7552e-07,9999,1,1,1035.2,8.1055,0.12952,0,0,0,0,0,0,0,0,1,999,999,999,0,0,0,0,0,10,0.2207,1.4942e-05,9999,-1,0,6.4453,0.33342,0.73509,0.68556,-0.78025,-0,0.0043325,0.73509,1,0.68556,-0.50283,-1,-1.4942e-05,-0.026606,0,0,0,0,0,0,0,0
0,0,0,0,0,0,0,0,0.98298,0.81045,0.3567,-1,-0.023539,2.4762e-05,5.5137e-07,1,0,0,0.76826,999,999,999,1.4632,0.48382,0.22039,0.33855,0.14199,5.5137e-07,9999,1,1,605.47,4.2969,0.22039,0,0,0,0,0,0,0,0,1,999,999,999,0,0,0,0,0,0,0,0,0,0,0,0,0,0,0,0,0,0.0046554,0.98298,-1,0.96219,0.58088,-1,-0.023539,-0.13753,0,0,0,0,0,0,0,0
0,0,0,0,0,0,0,0,0.76468,1.0718,-0.89527,1,0.9724,0.10762,0.02093,2,0,0,1.4957,0.76468,-0.75965,-0.57594,0.77921,1.1304,1.1965,0.24922,0.20204,0.00017606,9999,0,-1,703.12,0,0.17737,0,0,0,0,0,0,0,0,1,0.76468,0.75965,-0.2447,0,0,0,0,0,10,0.20204,0.00017606,9999,-1,703.12,0,0.17737,0.76468,0.75965,-0.2447,-21,0.0039064,1.1608,1,0.90558,-0.60154,1,0.9724,0.0014899,0,0,0,0,0,0,0,1
0,0,0,0,0,0,0,0,0.42299,0.42503,-0.36208,-1,-5.9452e-05,5.3674e-06,-3.3884e-06,0,0,0,0.56663,999,999,999,0.63221,0.46195,0.30937,0.52987,0.24745,3.9991e-07,9999,1,1,81.787,7.2266,0.14746,0,0,0,0,0,0,0,0,1,999,999,999,0,0,0,0,0,0,0,0,0,0,0,0,0,0,0,0,0,0,0,0,0,0.82588,-1,-3.3884e-06,-0.00011079,0,0,0,0,0,0,0,1
0,0,0,0,0,0,0,0,0.34923,0.25628,0.75773,-1,-0.0032603,2.6293e-05,2.9611e-06,0,0,0,0.63793,999,999,999,0.523,0.49049,0.29924,0.54791,0.21494,1.6083e-06,9999,1,1,424.8,3.4668,0.36331,0,0,0,0,0,0,0,0,1,999,999,999,0,0,0,0,0,10,0.21871,6.5437e-07,9999,-1,644.53,4.2969,0.2507,0.67865,0.82761,-0.33532,-0,0.023748,0.67865,1,0.82761,0.36713,1,1.6083e-06,0.00038934,0,0,0,0,0,0,0,0
0,0,0,0,0,0,0,0,0.51283,1.1916,-0.98021,-1,0.99968,-0.0026131,-0.00019914,2,0,0,0.64699,999,999,999,0.33885,0.7227,0.63884,0.36185,0.17119,3.7621e-07,9999,1,1,908.2,8.3008,0.13006,0,0,0,0,0,0,0,0,1,0.51283,0.42345,-0.66639,0,0,0,0,0,10,0.17119,3.7621e-07,9999,1,908.2,8.3008,0.13006,0.51283,0.42345,-0.66639,6,0.0033874,0.51283,-1,0.42345,-0.21332,-1,-1.2767e-06,-0.026664,0,0,0,0,0,0,0,1
0,0,0,0,0,0,0,0,0.6369,1.1407,-0.80332,1,0.00061791,-0.00018858,0.00018817,4,1,0.5002,0.96768,0.6369,-0.94007,-0.78843,0.3625,0.21271,0.64015,0.68225,0.18618,5.4429e-07,9999,0,1,581.05,4.3945,0.2179,0,0,0,0,0,0,0,0,1,999,999,999,0,0,0,0,0,0,0,0,0,0,0,0,0,0,0,0,0,0.019494,0.6369,1,0.94007,0.73909,-1,-5.1482e-06,-0.0047725,0,0,0,0,0,0,0,1
0,0,0,0,0,0,0,0,0.93744,0.049577,-0.41653,-1,-0.9996,0.98907,-0.96611,2,0,0,1.0858,-0.93744,-0.95298,-0.62575,0.34614,0.51314,0.99307,0,0,0,0,0,0,0,0,0,0,0,0,0,0,0,0,0,0,0,0,0,0,0,0,0,0,0,0,0,0,0,0,0,0,0,0,0,0,0.0089824,0.93744,-1,0.95298,0,0,0,0,0,0,0,0,0,0,0,1
0,0,0,0,0,0,0,0,0.99024,0.89744,0.061037,-1,0.99995,-0.99956,-0.4256,0,0,0,1.136,999,999,999,0.29486,0.34961,1.332,0.40493,0.077122,1.2605e-06,9999,1,1,0,9.4727,0.12943,0,0,0,0,0,0,0,0,1,0.99024,0.83192,-0.79903,0,0,0,0,0,10,0.077122,1.2605e-06,9999,1,0,9.4727,0.12943,0.99024,0.83192,-0.79903,2,0.0089123,0.99024,-1,0.83192,-0.21624,-1,-0.99956,-0.59693,0,0,0,0,0,0,0,0
0,0,0,0,0,0,0,0,1.9934,0,-0.50222,1,0.051469,0.010422,0.0010219,1,0,0,2.2808,1.9934,-0.99222,-0.90057,1.103,2.123,0.61359,0,0,0,0,0,0,0,0,0,0,0,0,0,0,0,0,0,0,0,0,0,0,0,0,0,0,0,0,0,0,0,0,0,0,0,0,0,0,0.022284,1.9934,1,0.99222,0,0,0,0,0,0,0,0,0,0,0,1
0,0,0,0,0,0,0,0,1.3806,0,-0.63466,1,0.032674,-6.2053e-05,1.1761e-05,0,0,0,1.3875,999,999,999,1.338,0.6407,0.40864,0.64185,0.13747,6.2056e-07,9999,1,-1,546.88,4.3945,0.24178,0,0,0,0,0,0,0,0,1,1.3806,0.99907,-0.62148,0,0,0,0,0,10,0.13747,6.2056e-07,9999,-1,546.88,4.3945,0.24178,1.3806,0.99907,-0.62148,-2,0.0060306,1.3806,1,0.99907,0.25802,1,1.1761e-05,0.29621,0,0,0,0,0,0,0,1
0,0,0,0,0,0,0,0,2.4948,0.036657,-0.43665,1,-0.97682,0.00012134,0,0,0,0,2.5442,999,999,999,0.77523,3.0817,0,0,0,0,0,0,0,0,0,0,0,0,0,0,0,0,0,0,0,0,0,0,0,0,0,0,0,0,0,0,0,0,0,0,0,0,0,0,0,0.030542,2.4948,1,0.997,0,0,0,0,0,0,0,0,0,0,0,0
0,0,0,0,0,0,0,0,1.3112,1.0681,-0.57535,-1,-0.96801,0.0056946,0.0016182,0,0,0,1.7159,999,999,999,1.9034,1.112,0.81307,0.53148,0.17305,7.9377e-07,9999,1,1,488.28,7.7148,0.26922,0,0,0,0,0,0,0,0,1,1.3112,0.94146,-0.41245,0,0,0,0,0,10,0.17305,7.9377e-07,9999,1,488.28,7.7148,0.26922,1.3112,0.94146,-0.41245,4,0.026222,1.3112,-1,0.94146,-0.41245,-1,-0.96801,-0.039266,0,0,0,0,0,0,0,0
0,0,0,0,0,0,0,0,0.24165,0,-0.10672,1,-0.025576,1.2712e-06,3.574e-07,1,0,0,0.73472,999,999,999,0.72326,0.13302,0.11424,0.80338,0.11305,3.574e-07,9999,1,1,908.2,10.645,0.11424,0,0,0,0,0,0,0,0,1,999,999,999,0,0,0,0,0,0,0,0,0,0,0,0,0,0,0,0,0,0.0045163,0.82808,-1,0.79322,0.92359,-1,-0.025576,-0.63296,0,0,0,0,0,0,0,0
0,0,0,0,0,0,0,0,1.6603,1.0543,-0.38775,-1,-0.95897,0.00077161,-7.747e-05,0,0,0,1.6031,-0.59256,-0.88048,-0.62356,2.5748,0.5707,0.69033,0,0,0,0,0,0,0,0,0,0,0,0,0,0,0,0,0,0,0,0,0,0,0,0,0,0,0,0,0,0,0,0,0,0,0,0,0,0,0.014124,1.6603,-1,0.91175,0,0,0,0,0,0,0,0,0,0,0,0
0,0,0,0,0,0,0,0,1.387,1.1361,-0.99484,1,0.89436,0.00013249,0.00012643,1,0,0,1.5891,999,999,999,1.5299,0.80019,0.74928,0,0,0,0,0,0,0,0,0,0,0,0,0,0,0,0,0,0,0,0,0,0,0,0,0,0,0,0,0,0,0,0,0,0,0,0,0,0,0.00063634,1.387,1,0.99456,0,0,0,0,0,0,0,0,0,0,0,1
1.2199,0.20116,-0.30176,1,0,0,0,0,0.40069,0.22931,0.18381,1,0.99992,0.00096425,0.00017412,2,0,0,1.3838,1.2199,0.97647,-0.44804,0.29364,1.522,0.15639,0.82932,0.12138,0.00017412,9999,0,1,791.02,0,0.15639,0,0,0,0,0,0,0,0,1,999,999,999,0,0,0,0,0,10,0.12169,1.2229e-06,9999,-1,0,29.297,0.073837,1.2199,0.97647,-0.6784,-5,0.0084997,1.2199,1,0.97647,0.89914,1,0.99992,0.55206,0,0,0,0,0,0,0,1
0,0,0,0,0,0,0,0,1.1051,1.2427,-0.47637,1,0.7292,-0.0028169,0.00025704,0,0,0,1.116,0.73966,-0.7565,-0.543,1.7983,0.57622,0.60675,0,0,0,0,0,0,0,0,0,0,0,0,0,0,0,0,0,0,0,0,0,0,0,0,0,0,0,0,0,0,0,0,0,0,0,0,0,0,0.0018496,1.1051,1,0.95753,0,0,0,0,0,0,0,0,0,0,0,1
0,0,0,0,0.75477,1.3816,0.92375,-1,0.63325,1.3672,-0.80477,1,-0.070269,0.0055234,0.0006432,2,1,0.49777,1.2042,999,999,999,1.0321,0.94447,0.39778,0.32385,0.14562,5.3067e-07,9999,1,1,625,5.127,0.21295,0,0,0,0,0,0,0,0,1,999,999,999,0,0,0,0,0,0,0,0,0,0,0,0,0,0,0,0,0,0.0021206,0.78332,1,0.89579,0.56525,-1,-0.070269,-0.11285,0,0,0,0,0,0,0,1
0,0,0,0,0,0,0,0,0.48068,1.5252,-0.9368,-1,0.99973,-0.9821,0.78792,1,0,0,1.0714,0.77844,0.85328,-0.71648,0.39134,0.61123,0.4285,0.74954,0.22741,1.2611e-06,9999,1,-1,527.34,4.4434,0.2338,0,0,0,0,0,0,0,0,1,0.77844,0.85328,-0.38464,0,0,0,0,0,10,0.22741,1.2611e-06,9999,-1,527.34,4.4434,0.2338,0.77844,0.85328,-0.38464,-6,0.0055135,0.77844,1,0.85328,0.88181,1,0.99973,0.0025844,0,0,0,0,0,0,0,1
0,0,0,0,0,0,0,0,1.2596,1.2601,-0.13687,-1,-0.00078381,-0.00022357,7.5794e-06,2,0,0,1.3492,-1.0099,-0.81715,-0.38819,1.9555,0.9312,0.37155,0.9738,0.18573,1.2243e-06,9999,0,1,0,8.9844,0.11267,0,0,0,0,0,0,0,0,1,1.2596,0.84476,-0.92019,0,0,0,0,0,10,0.18573,1.2243e-06,9999,1,0,8.9844,0.11267,1.2596,0.84476,-0.92019,2,0.013293,1.2596,-1,0.84476,0.677,-1,-0.00022357,-0.72534,0,0,0,0,0,0,0,0
0,0,0,0,0,0,0,0,0.28835,1.6597,-0.98499,1,-0.99983,-0.00357,5.5284e-05,1,0,0,0.87695,-0.52783,0.4932,-0.040754,0.3386,0.83955,0.61387,0.78151,0.20124,8.8599e-07,9999,1,1,473.63,4.248,0.2954,0,0,0,0,0,0,0,0,1,999,999,999,0,0,0,0,0,10,0.232,1.6221e-06,9999,-1,468.75,3.6621,0.36416,0.51939,0.53687,-0.24119,-6,0.012175,0.51143,1,0.49585,-0.91878,-1,-0.99983,-0.034676,0,0,0,0,0,0,0,0
0,0,0,0,0,0,0,0,0.58489,0.73959,-0.97697,-1,-0.99996,-0.00021149,0.00018489,2,0,0,0.4941,999,999,999,0.30115,0.2439,0.40004,0,0,0,0,0,0,0,0,0,0,0,0,0,0,0,0,0,0,0,0,0,0,0,0,0,0,0,0,0,0,0,0,0,0,0,0,0,0,0.0035481,0.58489,-1,0.9196,0,0,0,0,0,0,0,0,0,0,0,0
0,0,0,0,0,0,0,0,1.854,0.39614,-0.65539,-1,-0.99598,-0.47774,0.010239,0,0,0,1.5089,-1.854,0.86869,-0.92605,0.42364,2.884,1.2484,0,0,0,0,0,0,0,0,0,0,0,0,0,0,0,0,0,0,0,0,0,0,0,0,0,0,0,0,0,0,0,0,0,0,0,0,0,0,0.0029211,1.854,-1,0.86869,0,0,0,0,0,0,0,0,0,0,0,0
0,0,0,0,0,0,0,0,0.70014,1.2317,-0.63256,-1,-0.00027454,-2.081e-05,7.6422e-06,0,0,0,0.47142,-0.70014,-0.78972,-0.79203,0.28977,0.4642,0.37217,0.79553,0.10681,1.7112e-06,9999,1,1,0,4.3945,0.2002,0,0,0,0,0,0,0,0,1,0.70014,0.78972,-0.97084,0,0,0,0,0,10,0.10681,1.7112e-06,9999,1,0,4.3945,0.2002,0.70014,0.78972,-0.97084,8,0.03093,0.70014,-1,0.78972,0.88143,-1,-0.00027454,-0.65031,0,0,0,0,0,0,0,0
1.8377,0.51835,-0.84144,-1,0,0,0,0,0.98495,0.91994,0.6755,1,-0.89865,0.011618,0.00065501,0,0,0,1.7713,-1.8377,0.93287,-0.49567,0.55754,0.69055,0.81189,0,0,0,0,0,0,0,0,0,0,0,0,0,0,0,0,0,0,0,0,0,0,0,0,0,0,0,0,0,0,0,0,0,0,0,0,0,0,0.021782,1.8377,-1,0.93287,0,0,0,0,0.45672,1.1105,-0.085142,1,2,0.022371,0.66084,0
0,0,0,0,0,0,0,0,0.89235,0.24317,-0.9142,-1,-0.22879,-0.0035599,-0.0001027,0,0,0,0.72445,999,999,999,1.4349,1.0174,0.66102,0,0,0,0,0,0,0,0,0,0,0,0,0,0,0,0,0,0,0,0,0,0,0,0,0,0,0,0,0,0,0,0,0,0,0,0,0,0,0.0039493,0.89235,-1,0.9681,0,0,0,0,0,0,0,0,0,0,0,1
0,0,0,0,0,0,0,0,1.429,0.43989,0.036982,-1,-0.026946,0.00019595,3.2847e-06,0,0,0,1.2916,999,999,999,2.2016,0.80488,0.40637,0.88544,0.15229,1.2184e-06,9999,1,-1,0,3.418,0.077232,1,0,-0.68816,0.60776,0.76569,0.77996,0.061289,0.34811,1,0.67405,0.44316,-0.1105,0,0,0,0,0,10,0.15229,1.2184e-06,9999,-1,0,3.418,0.077232,0.67405,0.44316,-0.1105,-21,0.0010526,1.429,-1,0.99773,0.98426,1,3.2847e-06,0.58105,0,0,0,0,0,0,0,0
0,0,0,0,0,0,0,0,0.54492,0.81904,-0.44565,1,-0.9882,0.00010906,7.6121e-05,0,0,0,1.2082,999,999,999,0.65878,0.77829,0.70001,0,0,0,0,0,0,0,0,0,0,0,0,0,0,0,0,0,0,0,0,0,0,0,0,0,0,0,0,0,0,0,0,0,0,0,0,0,0,0.0085665,0.9469,-1,0.81408,0,0,0,0,0,0,0,0,0,0,0,0
0,0,0,0,0,0,0,0,2.3677,0,-0.64671,1,0.53257,8.4335e-05,-4.7796e-05,0,0,0,3.0295,2.3677,-0.99784,-0.90529,2.848,2.4843,0.58229,0.98203,0.13188,4.436e-07,9999,1,-1,590.82,5.8594,0.17397,0,0,0,0,0,0,0,0,1,2.3677,0.99784,-0.99202,0,0,0,0,0,10,0.13188,4.436e-07,9999,-1,590.82,5.8594,0.17397,2.3677,0.99784,-0.99202,-2,0.010214,2.3677,1,0.99784,0.86327,1,0.53257,0.8745,0,0,0,0,0,0,0,1
0,0,0,0,0,0,0,0,2.1255,0.079279,-0.52571,-1,-0.19201,0.0036048,-1.2437e-05,0,0,0,2.0667,-0.6568,-0.69222,-0.71508,2.9583,0.87275,0.41364,0.99819,0.2245,5.1113e-07,9999,1,1,615.23,4.0039,0.20539,0,0,0,0,0,0,0,0,1,2.1255,0.99878,-0.99435,0,0,0,0,0,10,0.2245,5.1113e-07,9999,1,615.23,4.0039,0.20539,2.1255,0.99878,-0.99435,2,0.0033454,2.1255,-1,0.99878,-0.99435,-1,-0.19201,-0.49068,0,0,0,0,0,0,0,0
0,0,0,0,0,0,0,0,0.27692,2.0881,-0.87511,-1,-0.0016737,0.00057606,-6.2668e-06,2,0,0,0.61513,999,999,999,0.47285,0.32845,0.3564,0.96351,0.19181,4.861e-07,9999,1,-1,625,5.4199,0.1948,0,0,0,0,0,0,0,0,1,999,999,999,0,0,0,0,0,0,0,0,0,0,0,0,0,0,0,0,0,0,0,0,0,0.41332,1,1.2147e-06,0.62356,0,0,0,0,0,0,0,1
0,0,0,0,0,0,0,0,1.1491,1.0703,-0.8285,-1,-0.3647,5.8836e-05,-7.2784e-07,0,0,0,0.83691,999,999,999,1.8564,0.62949,0.2675,0.96612,0.23865,3.9735e-07,9999,1,1,1015.6,10.352,0.1457,0,0,0,0,0,0,0,0,1,1.1491,0.97934,-0.96397,0,0,0,0,0,10,0.23865,3.9735e-07,9999,1,1015.6,10.352,0.1457,1.1491,0.97934,-0.96397,0,0.0073466,1.1491,-1,0.97934,-0.96397,-1,-0.3647,-0.10539,0,0,0,0,0,0,0,0
0,0,0,0,0,0,0,0,0.39839,1.0009,0.26858,-1,-0.99066,2.6614e-06,-7.3298e-07,3,2,0.50044,0.37171,999,999,999,0.21327,0.29123,0.26857,0,0,0,0,0,0,0,0,0,0,0,0,0,0,0,0,0,0,0,0,0,0,0,0,0,0,0,0,0,0,0,0,0,0,0,0,0,0,0,0,0,0,0,0,0,0,0,0,0,0,0,0,0,1
0,0,0,0,0,0,0,0,0.59686,1.5704,-0.87069,1,0.97577,2.355e-05,0,1,0,0,0.47202,0.59686,-0.37306,-0.31233,0.27391,0.47801,0,0,0,0,0,0,0,0,0,0,0,0,0,0,0,0,0,0,0,0,0,0,0,0,0,0,0,0,0,0,0,0,0,0,0,0,0,0,0,0.0062459,0.59686,1,0.37306,0,0,0,0,0,0,0,0,0,0,0,0
0,0,0,0,0,0,0,0,0.3326,0.7426,-0.28101,-1,-0.00045214,-0.00030533,-9.0833e-06,3,0,0,0.53163,999,999,999,0.3504,0.30451,0.38642,0.41123,0.13213,4.7885e-07,9999,0,1,576.17,5.0781,0.19152,0,0,0,0,0,0,0,0,1,999,999,999,0,0,0,0,0,0,0,0,0,0,0,0,0,0,0,0,0,0,0,0,0,0.77873,-1,-0.00030533,-0.063575,0,0,0,0,0,0,0,0
0.48786,0.73664,-0.27202,-1,0,0,0,0,0.31956,0.38793,0.26544,1,-0.0010127,-4.8362e-05,1.0245e-05,1,1,0.49903,0.62117,999,999,999,0.74123,0.58457,0.3966,0.6974,0.20214,7.4884e-07,9999,1,-1,571.29,4.6387,0.27178,0,0,0,0,0,0,0,0,1,999,999,999,0,0,0,0,0,0,0,0,0,0,0,0,0,0,0,0,0,0,0,0,0,0.62525,1,1.9821e-06,0.012804,0.48786,0.73664,-0.27202,-1,1,0.0050164,0.44123,1
0,0,0,0,0,0,0,0,1.0088,0.34788,-0.53967,-1,0.052776,-0.00064909,-0.00018587,2,1,0.49823,0.8696,999,999,999,1.2322,0.42179,0.84202,0.22825,0.1275,4.384e-07,9999,1,1,703.12,5.7617,0.17112,0,0,0,0,0,0,0,0,1,1.0088,0.6909,-0.54616,0,0,0,0,0,10,0.1275,4.384e-07,9999,1,703.12,5.7617,0.17112,1.0088,0.6909,-0.54616,0,0.0048578,1.0088,-1,0.6909,0.59605,-1,-0.00064909,-0.20768,0,0,0,0,0,0,0,1
0,0,0,0,0,0,0,0,1.29,1.2233,0.58895,1,0.99846,0.95125,-0.11231,2,0,0,1.5605,1.29,-0.96906,-0.067373,0.49692,1.1538,1.4399,0.47375,0.065861,1.2639e-06,9999,0,-1,0,11.035,0.13059,0,0,0,0,0,0,0,0,1,999,999,999,0,0,0,0,0,0,0,0,0,0,0,0,0,0,0,0,0,0.010854,1.29,1,0.96906,0.5911,1,0.95125,0.69477,0,0,0,0,0,0,0,1
0,0,0,0,0,0,0,0,0.47427,0.17749,0.84106,-1,-0.00027076,0.00010748,0,0,0,0,0.7379,999,999,999,0.66432,0.72547,0,0,0,0,0,0,0,0,0,0,0,0,0,0,0,0,0,0,0,0,0,0,0,0,0,0,0,0,0,0,0,0,0,0,0,0,0,0,0,0.023496,0.59438,1,0.3624,0,0,0,0,0,0,0,0,0,0,0,1
0,0,0,0,0,0,0,0,1.6373,0.40285,-0.12629,-1,-0.81358,0.022151,3.2479e-05,1,0,0,2.0518,999,999,999,1.8283,1.5306,0.5159,0.97787,0.1775,6.8475e-07,9999,0,1,541.99,3.6133,0.25804,0,0,0,0,0,0,0,0,1,1.6373,0.97893,-0.94128,0,0,0,0,0,10,0.17619,6.0438e-07,9999,-1,620.12,3.9551,0.23719,1.2002,0.92328,-0.89821,-5,0.011531,1.6373,-1,0.97893,-0.94128,-1,-0.81358,-0.7852,0,0,0,0,0,0,0,0
0,0,0,0,0,0,0,0,0.36718,0.66057,0.92747,-1,0.98168,6.5252e-05,3.1316e-05,2,0,0,0.92876,999,999,999,0.69106,0.65731,0.39028,0.33435,0.079304,1.3914e-06,9999,1,-1,0,6.6406,0.1606,0,0,0,0,0,0,0,0,1,999,999,999,0,0,0,0,0,10,0.23081,3.1316e-05,9999,1,0,5.4199,0.39028,0.53722,0.82777,-0.93749,4,0.015977,0.53722,-1,0.82777,0.25912,1,0.98168,0.55788,0,0,0,0,0,0,0,1
0,0,0,0,0,0,0,0,0.70449,0.14371,-0.31143,-1,-0.78813,8.5638e-05,-4.1107e-07,1,1,0.49342,1.0102,999,999,999,1.0284,0.75869,0.15484,0,0,0,0,0,0,0,0,0,0,0,0,0,0,0,0,0,0,0,0,0,0,0,0,0,0,0,0,0,0,0,0,0,0,0,0,0,0,0.0011621,0.85582,1,0.79403,0,0,0,0,0,0,0,0,0,0,0,0
0,0,0,0,0,0,0,0,1.6607,0.30804,-0.63799,1,0.0020239,-4.245e-05,0,0,0,0,1.0545,999,999,999,1.1262,0.55711,0,0,0,0,0,0,0,0,0,0,0,0,0,0,0,0,0,0,0,0,0,0,0,0,0,0,0,0,0,0,0,0,0,0,0,0,0,0,0,0.0095002,1.6607,1,0.90776,0,0,0,0,0,0,0,0,0,0,0,1
0,0,0,0,0,0,0,0,0.54861,1.6375,-0.46345,1,-0.98464,0.46279,-0.022866,2,0,0,0.79429,999,999,999,0.78997,0.76476,0.77697,0.53707,0.063113,1.2101e-06,9999,1,-1,0,20.508,0.088065,0,0,0,0,0,0,0,0,1,999,999,999,0,0,0,0,0,0,0,0,0,0,0,0,0,0,0,0,0,0.013614,0.54861,1,0.82768,-0.93748,1,0.46279,0.73783,0,0,0,0,0,0,0,1
0.53471,0.33691,0.72612,1,0,0,0,0,0.25621,0.57986,0.34584,1,-0.00037076,1.0611e-05,-5.242e-06,2,0,0,0.66063,999,999,999,0.76723,0.38361,0.3425,0.97389,0.17247,4.0565e-06,9999,0,-1,0,4.541,0.29646,0,0,0,0,0,0,0,0,1,0.53471,0.92712,-0.95034,0,0,0,0,0,10,0.17247,4.0565e-06,9999,-1,0,4.541,0.29646,0.53471,0.92712,-0.95034,-4,0.042426,0.52037,-1,0.23269,-0.39218,1,1.3981e-06,0.78877,0.53471,0.33691,0.72612,1,1,0.019004,0.92712,0
0.37148,0.22541,-0.42755,1,0,0,0,0,0.77923,0.097893,-0.97028,1,0.10855,2.1269e-05,0,0,0,0,0.70782,999,999,999,1.1773,0.46658,0,0,0,0,0,0,0,0,0,0,0,0,0,0,0,0,0,0,0,0,0,0,0,0,0,0,0,0,0,0,0,0,0,0,0,0,0,0,0,0.019876,0.77923,1,0.69098,0,0,0,0,0.37148,0.22541,-0.42755,1,1,0.0081573,0.51969,1
0,0,0,0,0,0,0,0,0.21387,0.21163,0.43594,1,0.0011026,0.00013566,0.00012063,3,2,0.49773,0.90852,0.7268,-0.79424,-0.77174,0.43513,0.55413,0.71551,0.78666,0.091736,1.3251e-06,9999,0,1,0,15.234,0.1474,0,0,0,0,0,0,0,0,1,999,999,999,0,0,0,0,0,0,0,0,0,0,0,0,0,0,0,0,0,0.010348,0.7268,1,0.79424,0.61785,1,0.00013566,0.00088817,0,0,0,0,0,0,0,1
0,0,0,0,0,0,0,0,0.45748,1.5178,-0.99065,-1,0.85143,-3.3339e-05,2.6668e-05,0,0,0,0.76776,0.77159,-0.58281,-0.57163,0.96395,0.52192,0.4928,0.64504,0.20149,5.2938e-07,9999,1,-1,610.35,3.5645,0.21247,0,0,0,0,0,0,0,0,1,0.58966,0.41674,-0.87676,0,0,0,0,0,10,0.20149,5.2938e-07,9999,-1,610.35,3.5645,0.21247,0.58966,0.41674,-0.87676,-0,0.0012482,0.77159,1,0.58281,0.3488,1,2.6668e-05,0.0087233,0,0,0,0,0,0,0,1
0,0,0,0,0,0,0,0,1.0331,0.16284,-0.16648,1,0.96313,0.95886,-0.095534,0,0,0,1.3259,0.91018,0.8365,-0.63167,0.74649,1.191,1.1975,0.94759,0.21718,1.0781e-06,9999,1,-1,546.88,3.0762,0.32006,0,0,0,0,0,0,0,0,1,1.0331,0.81112,-0.89376,0,0,0,0,0,10,0.21718,1.0781e-06,9999,-1,546.88,3.0762,0.32006,1.0331,0.81112,-0.89376,-5,0.026555,1.0331,1,0.81112,0.90413,1,0.95886,0.23034,0,0,0,0,0,0,0,1
0,0,0,0,0,0,0,0,0.38566,1.5295,-0.81054,-1,0.0017783,0.00069204,-5.5064e-05,2,0,0,0.64304,999,999,999,0.47842,0.57661,0.58854,0.10668,0.12622,1.7167e-06,9999,0,-1,0,5.5664,0.2007,0,0,0,0,0,0,0,0,1,0.52653,0.71102,-0.0066749,0,0,0,0,0,10,0.12622,1.7167e-06,9999,-1,0,5.5664,0.2007,0.52653,0.71102,-0.0066749,-0,0.023686,0.52653,1,0.71102,0.81182,1,0.0017783,0.17867,0,0,0,0,0,0,0,0
0,0,0,0,1.3455,0,-0.91871,-1,0.58649,0.03425,-0.12352,-1,0.98232,0.042538,-0.0011893,5,1,0.50028,1.0984,999,999,999,0.62672,0.99534,0.98815,0.48088,0.22078,3.5482e-06,9999,1,1,615.23,3.6621,0.31283,0,0,0,0,0,0,0,0,1,0.58649,0.58161,-0.37506,0,0,0,0,0,10,0.22078,3.5482e-06,9999,1,615.23,3.6621,0.31283,0.58649,0.58161,-0.37506,8,0.0085307,1.3455,-1,0.92475,0.29322,-1,-0.0011893,-0.00074968,0,0,0,0,0,0,0,0
0,0,0,0,0,0,0,0,1.9934,0.27136,-0.74054,-1,-0.33105,0.00040424,1.0107e-05,0,0,0,1.9284,999,999,999,2.8776,0.88919,0.39544,0.99581,0.11424,3.529e-07,9999,1,1,93.994,12.891,0.11013,0,0,0,0,0,0,0,0,1,1.9934,0.98878,-0.99053,0,0,0,0,0,10,0.11424,3.529e-07,9999,1,93.994,12.891,0.11013,1.9934,0.98878,-0.99053,2,0.0048056,1.9934,-1,0.98878,-0.99053,-1,-0.33105,-0.90086,0,0,0,0,0,0,0,0
0,0,0,0,0,0,0,0,0.90091,1.2555,-0.67308,1,-0.016813,0.00053066,4.6141e-05,1,0,0,0.71607,999,999,999,0.96219,0.29991,0.57428,0.21599,0.16746,4.079e-07,9999,1,-1,820.31,8.3984,0.15279,0,0,0,0,0,0,0,0,1,999,999,999,0,0,0,0,0,0,0,0,0,0,0,0,0,0,0,0,0,0.0067497,0.90091,1,0.97376,0.86688,1,0.00053066,0.020007,0,0,0,0,0,0,0,1
0,0,0,0,0,0,0,0,0.42511,0.17217,-0.50346,-1,-1.1315e-05,-2.416e-06,-1.2103e-06,4,1,0.49684,0.61603,999,999,999,0.40523,0.28396,0.098005,0.85411,0.2262,4.2554e-07,9999,1,-1,712.89,6.6406,0.16375,0,0,0,0,0,0,0,0,1,999,999,999,0,0,0,0,0,0,0,0,0,0,0,0,0,0,0,0,0,0,0,0,0,-0.1457,-1,-2.416e-06,-0.00013998,0,0,0,0,0,0,0,1
0,0,0,0,0,0,0,0,1.3823,0.1463,-0.055951,1,0.96459,-0.93727,-1.8943e-05,0,0,0,1.6988,999,999,999,1.643,1.0592,0.45422,0,0,0,0,0,0,0,0,0,0,0,0,0,0,0,0,0,0,0,0,0,0,0,0,0,0,0,0,0,0,0,0,0,0,0,0,0,0,0.087077,1.3823,1,0.924,0,0,0,0,0,0,0,0,0,0,0,0
0,0,0,0,0,0,0,0,1.1157,0.69243,-0.81363,-1,0.99979,-0.00087301,-0.00032073,0,0,0,0.89922,999,999,999,0.37898,0.78651,0.48641,0.52888,0.18142,7.6768e-07,9999,0,1,483.4,5.7129,0.27544,0,0,0,0,0,0,0,0,1,0.6954,0.81195,-0.87984,0,0,0,0,0,10,0.18142,7.6768e-07,9999,1,483.4,5.7129,0.27544,0.6954,0.81195,-0.87984,4,0.010158,1.1157,-1,0.72358,0.46105,1,0.99979,0.013005,0,0,0,0,0,0,0,1
0.66934,0.064298,0.5344,1,0,0,0,0,1.3249,0.73363,-0.97076,-1,-0.96274,0.026061,0,0,0,0,1.4188,999,999,999,1.3665,0.58017,0,0,0,0,0,0,0,0,0,0,0,0,0,0,0,0,0,0,0,0,0,0,0,0,0,0,0,0,0,0,0,0,0,0,0,0,0,0,0,0.009233,1.3249,-1,0.98632,0,0,0,0,0.66934,0.064298,0.5344,1,1,0.00026372,0.7969,1
0,0,0,0,0,0,0,0,1.2661,1.2349,0.50018,1,0.96154,-0.0065981,0.0001749,1,0,0,1.6457,1.2661,-0.99736,-0.66912,1.2784,1.6946,0.1696,0.055584,0.13867,0.0001749,9999,0,1,644.53,0,0.1696,0,0,0,0,0,0,0,0,1,0.5277,0.21243,-0.9604,0,0,0,0,0,10,0.13867,0.0001749,9999,1,644.53,0,0.1696,0.5277,0.21243,-0.9604,0,0.0034357,1.2661,1,0.99736,0.11748,-1,-0.0065981,-0.079758,0,0,0,0,0,0,0,1
0,0,0,0,0,0,0,0,0.52662,0.85493,-0.81047,1,0.30154,-3.5618e-05,2.3856e-05,4,2,0.49939,0.62951,999,999,999,0.85097,0.52553,0.4795,0,0,0,0,0,0,0,0,0,0,0,0,0,0,0,0,0,0,0,0,0,0,0,0,0,0,0,0,0,0,0,0,0,0,0,0,0,0,0,0,0,0,0,0,0,0,0,0,0,0,0,0,0,0
0,0,0,0,0,0,0,0,0.98978,0.86788,-0.82018,-1,0.19623,-0.028653,-2.1227e-05,1,0,0,1.08,999,999,999,0.78308,1.2882,0.46636,0.66761,0.10659,3.702e-07,9999,1,1,1025.4,7.5195,0.12522,0,0,0,0,0,0,0,0,1,0.98978,0.99319,-0.6282,0,0,0,0,0,10,0.10659,3.702e-07,9999,1,1025.4,7.5195,0.12522,0.98978,0.99319,-0.6282,6,0.0061983,0.98978,-1,0.99319,0.57451,-1,-2.1227e-05,-0.5635,0,0,0,0,0,0,0,0
0,0,0,0,0,0,0,0,2.3948,0.48419,-0.94141,-1,-0.87648,-0.00018234,1.2092e-05,0,0,0,2.5512,-2.3948,0.99734,-0.9517,1.1436,3.0469,0.41111,0.96545,0.19065,4.5225e-07,9999,0,1,644.53,4.6875,0.17855,0,0,0,0,0,0,0,0,1,2.3948,0.99734,-0.98122,0,0,0,0,0,10,0.17798,1.3008e-06,9999,1,0,7.4219,0.1415,1.0502,0.96043,-0.70129,5,0.017697,2.3948,-1,0.99734,0.92392,-1,-0.87648,-0.64484,0,0,0,0,0,0,0,0
0.85601,1.0128,-0.26265,-1,1.8182,0,-0.88868,-1,0.80273,0,0.48341,1,-0.40698,-0.021536,0.0087714,3,0,0,1.8305,-1.8182,-0.78175,-0.079858,1.0312,1.5142,1.2262,0,0,0,0,0,0,0,0,0,0,0,0,0,0,0,0,0,0,0,0,0,0,0,0,0,0,0,0,0,0,0,0,0,0,0,0,0,0,0.013618,1.8182,-1,0.78175,0,0,0,0,0.85601,1.0128,-0.26265,-1,1,0.36389,0.53788,0
0,0,0,0,0,0,0,0,0.69711,1.4083,-0.63193,-1,0.99956,0.00049287,7.9797e-06,2,1,0.49756,0.65843,999,999,999,0.3734,0.35937,0.37573,0.44876,0.1059,3.8739e-07,9999,0,-1,917.97,6.4453,0.13859,0,1,0,0,0,0,0,0,1,999,999,999,0,0,0,0,0,10,0.24478,0.00049287,9999,1,498.05,0,0.35937,0.69711,0.52905,-0.49272,0,0.023224,0.69711,-1,0.52905,-0.15597,1,0.99956,0.42995,0,0,0,0,0,0,0,1
0,0,0,0,0,0,0,0,0.50466,0,0.66755,1,0.99859,-6.9706e-05,3.4506e-05,2,1,0.49149,0.83048,999,999,999,0.49101,0.67895,0.52637,0.9706,0.092486,1.4558e-06,9999,0,1,0,6.543,0.17094,0,0,0,0,0,0,0,0,1,0.95868,0.72441,-0.64219,0,0,0,0,0,10,0.092486,1.4558e-06,9999,1,0,6.543,0.17094,0.95868,0.72441,-0.64219,5,0.011683,0.95868,-1,0.72441,-0.67147,1,0.99859,0.73933,0,0,0,0,0,0,0,0
0,0,0,0,2.1625,0,-0.86855,1,0.15353,1.3552,0.45583,-1,0.00010037,-5.133e-07,0,0,0,0,2.1549,999,999,999,2.4019,0.20625,0,0.90252,0.15353,5.133e-07,9999,1,-1,1123,5.4688,0.20625,0,0,0,0,0,0,0,0,1,2.1625,0.98618,-0.82638,0,0,0,0,0,10,0.15353,5.133e-07,9999,-1,1123,5.4688,0.20625,2.1625,0.98618,-0.82638,-2,0.0099865,2.1625,1,0.98618,-0.82638,1,0.00010037,0.62231,0,0,0,0,0,0,0,1
0,0,0,0,0,0,0,0,1.5182,0.44193,-0.58125,-1,0.95406,-0.7344,-1.2126e-05,0,1,0.50008,1.5933,999,999,999,0.94053,2.2162,0.41137,0.68573,0.12761,4.25e-07,9999,1,1,683.59,4.834,0.16343,0,1,0,0,0,0,0,0,1,1.5182,0.98323,-0.57001,0,0,0,0,0,10,0.12761,4.25e-07,9999,1,683.59,4.834,0.16343,1.5182,0.98323,-0.57001,9,7.867e-05,1.5182,-1,0.98323,-0.57001,-1,-0.7344,-0.42515,0,0,0,0,0,0,0,1
0,0,0,0,0,0,0,0,1.0947,1.5833,-0.88471,1,-0.987,-0.049049,0.013531,1,0,0,1.578,-0.9737,-0.97469,-0.95528,0.65341,1.0928,1.4178,0.85494,0.089612,3.4407e-07,9999,1,1,1289.1,10.449,0.10166,1,0,-2.9223,2.0575,-4.417,0.54493,0.35038,0.34586,1,0.9737,0.97469,-0.92023,0,0,0,0,0,10,0.093428,1.5484e-06,9999,1,0,6.2012,0.18317,0.58815,0.95751,-0.70154,4,0.00022566,1.0947,1,0.97848,0.94998,-1,-0.987,-0.7317,0,0,0,0,0,0,0,0
0,0,0,0,0,0,0,0,0.61134,1.481,-0.88769,-1,-0.96465,0.8179,7.5659e-07,1,0,0,0.6549,999,999,999,0.6384,0.17488,0.2733,0.12826,0.16446,7.5659e-07,9999,1,1,527.34,3.7109,0.2733,0,0,0,0,0,0,0,0,1,999,999,999,0,0,0,0,0,0,0,0,0,0,0,0,0,0,0,0,0,0.013499,0.61134,-1,0.83265,0.26142,-1,-0.96465,-0.017037,0,0,0,0,0,0,0,0
0,0,0,0,0,0,0,0,0.8736,1.4295,-0.47343,-1,-0.022449,0.0008398,6.0133e-06,0,0,0,1.0361,999,999,999,1.1862,0.75458,0.47159,0,0,0,0,0,0,0,0,0,0,0,0,0,0,0,0,0,0,0,0,0,0,0,0,0,0,0,0,0,0,0,0,0,0,0,0,0,0,0.0029748,0.8736,-1,0.94263,0,0,0,0,0,0,0,0,0,0,0,0
1.7793,0.37039,-0.58158,-1,0,0,0,0,0.44656,0.96286,-0.078437,1,-0.010957,-0.00018347,-5.8903e-05,4,1,0.49769,1.9091,-1.7793,0.96406,-0.82184,0.75567,0.74766,2.4171,0.85736,0.13621,4.6858e-07,9999,0,1,615.23,4.8828,0.1867,0,0,0,0,0,0,0,0,1,1.7793,0.96406,-0.71421,0,0,0,0,0,10,0.13621,4.6858e-07,9999,1,615.23,4.8828,0.1867,1.7793,0.96406,-0.71421,2,0.0065051,1.7793,-1,0.96406,0.97864,-1,-0.010957,-0.60323,0,0,0,0,0,0,0,0
0,0,0,0,0,0,0,0,0.74415,0.26621,0.22373,1,0.98619,0.10343,-1.3743e-06,1,0,0,0.78395,0.74415,0.85463,-0.11167,0.67357,1.0667,0.15752,0.73949,0.080596,1.3743e-06,9999,0,-1,0,7.1289,0.15752,0,0,0,0,0,0,0,0,1,1.1257,0.61124,-0.30833,0,0,0,0,0,10,0.080596,1.3743e-06,9999,-1,0,7.1289,0.15752,1.1257,0.61124,-0.30833,-5,0.0099802,1.1257,1,0.61124,-0.30833,1,0.98619,0.71169,0,0,0,0,0,0,0,1
0,0,0,0,0,0,0,0,0.16322,1.1888,0.61344,1,-0.88037,2.1798e-05,1.5877e-06,2,0,0,0.57373,999,999,999,0.24425,0.46929,0.18772,0.84037,0.12503,3.9063e-07,9999,0,-1,317.38,9.2773,0.14095,0,0,0,0,0,0,0,0,1,999,999,999,0,0,0,0,0,10,0.084817,1.2105e-06,9999,-1,0,7.2266,0.086972,0.52622,0.98148,-0.26644,-0,0.054402,0.52622,1,0.98148,0.94143,-1,-0.88037,-0.24978,0,0,0,0,0,0,0,0
0,0,0,0,0,0,0,0,0.31899,0.37823,0.48081,-1,0.97352,-0.69654,4.2595e-06,0,1,0.49767,0.92212,999,999,999,0.83499,0.60164,0.32663,0.98201,0.24095,4.2595e-06,9999,1,1,502.93,3.6133,0.32663,0,0,0,0,0,0,0,0,1,999,999,999,0,0,0,0,0,0,0,0,0,0,0,0,0,0,0,0,0,0.0050801,0.86368,1,0.9623,0.50139,-1,-0.69654,-0.14849,0,0,0,0,0,0,0,0
0,0,0,0,0,0,0,0,1.1792,0.18937,-0.01692,-1,0.96235,-0.20231,-0.011484,0,0,0,1.7495,999,999,999,1.3142,1.2678,1.0021,0,0,0,0,0,0,0,0,0,0,0,0,0,0,0,0,0,0,0,0,0,0,0,0,0,0,0,0,0,0,0,0,0,0,0,0,0,0,9.594e-05,1.3639,1,0.72201,0,0,0,0,0,0,0,0,0,0,0,1
0,0,0,0,0,0,0,0,0.96527,1.3827,-0.79908,1,0.96414,0.00058472,-0.00012382,0,0,0,1.3321,0.52635,0.5803,-0.56187,1.3249,0.57983,0.73948,0.99281,0.19689,5.5209e-07,9999,1,-1,610.35,4.541,0.22063,0,0,0,0,0,0,0,0,1,0.52635,0.5803,-0.63947,0,0,0,0,0,10,0.19689,5.5209e-07,9999,-1,610.35,4.541,0.22063,0.52635,0.5803,-0.63947,-2,0.0076533,0.96527,1,0.92468,0.8859,1,0.96414,0.75354,0,0,0,0,0,0,0,1
0,0,0,0,0,0,0,0,0.58284,0.67745,-0.30089,-1,0.9999,-0.98449,0.35466,1,0,0,0.82445,0.57764,0.91226,-0.68394,0.32099,0.24685,0.92068,0.81431,0.20636,0.9999,9999,1,1,1503.9,12.402,0.32099,0,0,0,0,0,0,0,0,1,0.58284,0.8221,-0.74394,0,0,0,0,0,10,0.20636,0.9999,9999,1,1503.9,12.402,0.32099,0.58284,0.8221,-0.74394,22,0.0060583,0.57764,1,0.91226,0.80297,-1,-0.98449,-6.2872e-06,0,0,0,0,0,0,0,1
0,0,0,0,0,0,0,0,0.60464,0.070075,-0.68767,1,0.95992,-0.0023835,-3.9743e-05,1,0,0,0.63877,999,999,999,0.92957,0.80526,0.54876,0.84655,0.17337,4.4148e-07,9999,1,1,693.36,6.4453,0.17281,0,0,0,0,0,0,0,0,1,999,999,999,0,0,0,0,0,0,0,0,0,0,0,0,0,0,0,0,0,0.0083616,0.60464,1,0.96891,0.21102,-1,-3.9743e-05,-0.30415,0,0,0,0,0,0,0,1
0,0,0,0,1.7847,0.35346,-0.83287,-1,0.64317,0.72128,-0.39704,1,-0.0043121,0.0001033,-1.2156e-05,2,0,0,1.1628,999,999,999,1.1878,0.75835,0.41158,0,0,0,0,0,0,0,0,0,0,0,0,0,0,0,0,0,0,0,0,0,0,0,0,0,0,0,0,0,0,0,0,0,0,0,0,0,0,0.0027571,1.7847,-1,0.91055,0,0,0,0,0,0,0,0,0,0,0,0
0,0,0,0,1.5339,0.45803,-0.73082,1,0.24468,0.72971,-0.95089,-1,0.0058697,-2.4114e-06,3.5463e-07,1,0,0,1.4832,999,999,999,1.5042,0.28381,0.11172,0.41712,0.10777,3.5463e-07,9999,0,1,75.684,4.0527,0.11172,0,0,0,0,0,0,0,0,1,999,999,999,0,0,0,0,0,0,0,0,0,0,0,0,0,0,0,0,0,0.009553,1.5339,1,0.9795,0.8037,1,0.0058697,0.00031302,0,0,0,0,0,0,0,1
0,0,0,0,0,0,0,0,1.7048,0.42717,-0.85278,1,8.3071e-05,-5.7751e-05,0,0,0,0,1.7479,999,999,999,2.1555,0.62078,0,0,0,0,0,0,0,0,0,0,0,0,0,0,0,0,0,0,0,0,0,0,0,0,0,0,0,0,0,0,0,0,0,0,0,0,0,0,0,0.0069375,1.7048,1,0.97183,0,0,0,0,0,0,0,0,0,0,0,1
0,0,0,0,0,0,0,0,0.4737,1.4977,-0.73195,1,-0.051245,0.012679,-0.0051029,3,1,0.50028,0.97005,-0.75159,-0.36196,-0.62046,0.88453,0.76564,0.3961,0.84445,0.072535,1.293e-06,9999,0,1,0,10.156,0.13944,0,0,0,0,0,0,0,0,1,0.75159,0.36196,-0.63525,0,0,0,0,0,10,0.072535,1.293e-06,9999,1,0,10.156,0.13944,0.75159,0.36196,-0.63525,0,0.013629,0.75159,-1,0.36196,0.86704,-1,-0.051245,-0.74861,0,0,0,0,0,0,0,1
0,0,0,0,0,0,0,0,0.94789,0.29397,-0.81784,-1,-0.0057544,-0.00012267,6.358e-07,1,0,0,1.1487,999,999,999,0.86426,0.75579,0.24591,0.76898,0.10166,4.0684e-07,9999,0,1,178.22,12.012,0.15209,0,0,0,0,0,0,0,0,1,0.94789,0.74763,-0.16751,0,0,0,0,0,10,0.10166,4.0684e-07,9999,1,178.22,12.012,0.15209,0.94789,0.74763,-0.16751,6,0.019514,0.94789,-1,0.74763,-0.16751,-1,-0.00012267,-0.65237,0,0,0,0,0,0,0,0
0.45963,0.90501,0.28383,-1,0,0,0,0,0.45575,0.1672,0.39921,-1,-0.14715,-0.00025418,0.00021348,1,0,0,1.0453,999,999,999,0.61491,0.27802,0.88408,0,0,0,0,0,0,0,0,0,0,0,0,0,0,0,0,0,0,0,0,0,0,0,0,0,0,0,0,0,0,0,0,0,0,0,0,0,0,0.0052627,0.86718,1,0.77866,0,0,0,0,0.45963,0.90501,0.28383,-1,1,0.0016979,0.90019,1
0,0,0,0,0,0,0,0,1.5251,0.098687,-0.91967,-1,-0.47196,-0.1352,5.2912e-05,1,0,0,1.494,999,999,999,1.4062,0.63254,0.60324,0,0,0,0,0,0,0,0,0,0,0,0,0,0,0,0,0,0,0,0,0,0,0,0,0,0,0,0,0,0,0,0,0,0,0,0,0,0,0.013311,1.5251,-1,0.9834,0,0,0,0,0,0,0,0,0,0,0,0
0,0,0,0,0,0,0,0,0.31987,0.68764,0.27482,1,-0.27175,0.001348,8.057e-06,0,0,0,0.8288,999,999,999,1.1822,0.63747,0.49206,0,0,0,0,0,0,0,0,0,0,0,0,0,0,0,0,0,0,0,0,0,0,0,0,0,0,0,0,0,0,0,0,0,0,0,0,0,0,0.011787,0.67332,1,0.95896,0,0,0,0,0,0,0,0,0,0,0,1
0,0,0,0,0,0,0,0,0.96511,1.1517,-0.32928,1,0.026581,-0.00013095,6.0119e-05,1,0,0,1.3053,0.98103,-0.62544,-0.033478,1.2869,0.72756,0.6346,0.9961,0.16548,6.7722e-07,9999,1,-1,541.99,4.3457,0.25627,0,0,0,0,0,0,0,0,1,0.98103,0.62544,-0.6192,0,0,0,0,0,10,0.16548,6.7722e-07,9999,-1,541.99,4.3457,0.25627,0.98103,0.62544,-0.6192,-2,0.0067364,0.98103,1,0.62544,-0.65741,1,0.026581,0.87686,0,0,0,0,0,0,0,1
0,0,0,0,1.2706,0.28059,-0.53147,-1,0.83775,0.95527,-0.36474,-1,-0.99659,-0.02594,7.2692e-07,0,0,0,1.3989,-1.2706,0.67461,-0.54772,0.56159,1.4566,0.26731,0,0,0,0,0,0,0,0,0,0,0,0,0,0,0,0,0,0,0,0,0,0,0,0,0,0,0,0,0,0,0,0,0,0,0,0,0,0,0.0118,1.2706,-1,0.67461,0,0,0,0,0,0,0,0,0,0,0,0
0,0,0,0,0,0,0,0,0.44218,1.5652,-0.97247,1,0.99487,0.94391,0,1,0,0,0.56815,999,999,999,0.57805,0.31035,0,0,0,0,0,0,0,0,0,0,0,0,0,0,0,0,0,0,0,0,0,0,0,0,0,0,0,0,0,0,0,0,0,0,0,0,0,0,0,0,0,0,0,0,0,0,0,0,0,0,0,0,0,0,0
0.9606,0.18096,-0.27582,1,0,0,0,0,0.79106,0.16161,-0.091884,1,0.92509,0.00052027,-1.2726e-06,1,0,0,1.1334,0.9606,0.9272,-0.81735,0.93164,1.4047,0.052705,0.28354,0.17782,7.2782e-07,9999,1,-1,444.34,4.7852,0.2675,0,0,0,0,0,0,0,0,1,0.79106,0.96106,-0.37368,0,0,0,0,0,10,0.17782,7.2782e-07,9999,-1,444.34,4.7852,0.2675,0.79106,0.96106,-0.37368,-5,0.0026532,0.9606,1,0.9272,-0.37368,1,0.92509,0.012051,0.9606,0.18096,-0.27582,1,1,0.0026532,0.9272,1
0,0,0,0,0,0,0,0,0.82202,0.70214,0.43152,-1,0.99967,-0.96092,-0.00017811,0,0,0,0.95536,999,999,999,0.33658,1.2318,0.18647,0.19743,0.089865,1.3533e-06,9999,1,1,0,7.1289,0.15344,0,0,0,0,0,0,0,0,1,0.80586,0.90614,-0.045578,0,0,0,0,0,10,0.089865,1.3533e-06,9999,1,0,7.1289,0.15344,0.80586,0.90614,-0.045578,5,0.015075,0.82202,-1,0.89141,0.094644,-1,-0.96092,-0.48367,0,0,0,0,0,0,0,0
0,0,0,0,0,0,0,0,0.43322,0.49576,-0.53239,-1,0.80605,-3.6732e-05,1.2673e-06,1,0,0,0.47036,999,999,999,0.16329,0.53659,0.13173,0.67081,0.060204,1.2673e-06,9999,0,1,0,4.4434,0.13173,0,0,0,0,0,0,0,0,1,999,999,999,0,0,0,0,0,0,0,0,0,0,0,0,0,0,0,0,0,0,0,0,0,-0.26154,1,0.80605,0.60018,0,0,0,0,0,0,0,0
0,0,0,0,0,0,0,0,0.78093,0.6415,0.5539,-1,-0.020379,1.3001e-05,-2.0069e-06,0,1,0.49946,0.72603,999,999,999,1.1838,0.41766,0.38436,0.80263,0.18535,4.5164e-07,9999,1,1,703.12,5.5664,0.17823,0,0,0,0,0,0,0,0,1,0.78093,0.69031,-0.91837,0,0,0,0,0,10,0.18535,4.5164e-07,9999,1,703.12,5.5664,0.17823,0.78093,0.69031,-0.91837,0,0.012422,0.78093,-1,0.69031,-0.012678,-1,-2.0069e-06,-0.12096,0,0,0,0,0,0,0,0
0,0,0,0,0,0,0,0,0.40758,0.4207,-0.37999,1,0.00017504,2.6338e-05,-1.19e-05,2,0,0,0.51777,999,999,999,0.17074,0.49123,0.40968,0.27013,0.20637,1.0283e-06,9999,1,1,537.11,4.3945,0.31436,0,0,0,0,0,0,0,0,1,999,999,999,0,0,0,0,0,0,0,0,0,0,0,0,0,0,0,0,0,0,0,0,0,0.69374,1,2.6338e-05,0.0002282,0,0,0,0,0,0,0,1
0,0,0,0,0,0,0,0,0.1717,0.45529,-0.47212,1,-6.8184e-05,4.2131e-07,0,0,0,0,0.61013,999,999,999,0.66112,0.16122,0,0.18128,0.1717,4.2131e-07,9999,1,1,791.02,6.1523,0.16122,0,0,0,0,0,0,0,0,1,999,999,999,0,0,0,0,0,0,0,0,0,0,0,0,0,0,0,0,0,0.060065,0.59061,-1,0.66142,0.54235,-1,-6.8184e-05,-0.012342,0,0,0,0,0,0,0,0
0,0,0,0,0,0,0,0,0.77893,0.13064,-0.98164,1,0.96753,-0.00021943,-1.244e-06,1,0,0,0.82934,999,999,999,0.78534,0.43101,0.12298,0.95052,0.065868,1.244e-06,9999,0,-1,0,13.281,0.12298,0,0,0,0,0,0,0,0,1,999,999,999,0,0,0,0,0,0,0,0,0,0,0,0,0,0,0,0,0,0.014258,0.77893,1,0.94355,0.79541,1,0.96753,0.8289,0,0,0,0,0,0,0,1
0,0,0,0,0,0,0,0,0.68916,0.39773,-0.29092,-1,0.0013019,-0.00010778,9.5066e-05,2,0,0,1.1477,999,999,999,0.82637,0.8172,2.5511,0.87666,0.20533,9.409e-07,9999,1,1,522.46,4.3945,0.30325,0,0,0,0,0,0,0,0,1,0.68916,0.6398,-0.37473,0,0,0,0,0,10,0.23353,1.8566e-06,9999,-1,507.81,3.2715,0.37715,0.65594,0.81397,-0.069386,-0,0.0038739,0.68916,-1,0.6398,0.67919,1,9.5066e-05,0.0003417,0,0,0,0,0,0,0,1
0,0,0,0,0,0,0,0,1.4056,0.58012,-0.76544,1,0.062323,-1.9688e-05,0,0,0,0,1.3375,999,999,999,1.9403,0.45827,0,0,0,0,0,0,0,0,0,0,0,0,0,0,0,0,0,0,0,0,0,0,0,0,0,0,0,0,0,0,0,0,0,0,0,0,0,0,0,0.00017328,1.4056,1,0.98789,0,0,0,0,0,0,0,0,0,0,0,0
0,0,0,0,0,0,0,0,1.0461,0,0.34759,-1,-0.97594,-0.00018581,-5.6978e-06,3,0,0,1.1575,-1.0461,-0.99536,-0.48899,0.49471,1.0379,0.34895,0.54761,0.12036,3.4299e-07,9999,0,1,1044.9,9.8633,0.10059,0,0,0,0,0,0,0,0,1,1.0461,0.99536,-0.51504,0,0,0,0,0,10,0.12036,3.4299e-07,9999,1,1044.9,9.8633,0.10059,1.0461,0.99536,-0.51504,4,0.015536,1.0461,-1,0.99536,0.89032,-1,-0.97594,-0.36665,0,0,0,0,0,0,0,0
0,0,0,0,1.0959,0,0.054416,-1,0.73326,0.16531,-0.44152,-1,-0.072067,-0.00015262,0.00010118,0,0,0,1.4269,-0.73326,-0.8719,-0.78128,1.2604,0.60106,0.71182,0,0,0,0,0,0,0,0,0,0,0,0,0,0,0,0,0,0,0,0,0,0,0,0,0,0,0,0,0,0,0,0,0,0,0,0,0,0,0.00035761,1.0959,-1,0.93613,0,0,0,0,0,0,0,0,0,0,0,0
0,0,0,0,0,0,0,0,0.78807,0.54752,0.96192,1,-0.99492,0.0055948,-2.4729e-05,1,0,0,1.0317,999,999,999,0.60698,1.1513,0.4837,0.60767,0.23857,4.549e-07,9999,1,1,859.38,4.0527,0.17991,0,0,0,0,0,0,0,0,1,0.61516,0.31465,-0.45782,0,0,0,0,0,10,0.23857,4.549e-07,9999,1,859.38,4.0527,0.17991,0.61516,0.31465,-0.45782,0,0.0015106,0.78807,1,0.81003,-0.45782,-1,-0.99492,-0.00028538,0,0,0,0,0,0,0,1
0,0,0,0,0.56948,1.9646,-0.98095,1,0.64038,1.191,0.12586,1,-0.010038,0.00073983,2.5914e-05,1,0,0,0.85281,999,999,999,0.70131,0.7662,0.4893,0,0,0,0,0,0,0,0,0,0,0,0,0,0,0,0,0,0,0,0,0,0,0,0,0,0,0,0,0,0,0,0,0,0,0,0,0,0,0.0031017,0.50313,1,0.37257,0,0,0,0,0,0,0,0,0,0,0,1
0,0,0,0,0,0,0,0,1.1413,0.096479,-0.46063,1,0.91501,0.00043018,-4.247e-06,1,0,0,1.1961,999,999,999,1.4053,0.24453,0.32641,0.91619,0.10451,1.2134e-06,9999,1,-1,0,21.094,0.082264,0,0,0,0,0,0,0,0,1,1.1413,0.97873,-0.82595,0,0,0,0,0,10,0.10451,1.2134e-06,9999,-1,0,21.094,0.082264,1.1413,0.97873,-0.82595,-2,0.002503,1.1413,1,0.97873,-0.82595,1,0.91501,0.77517,0,0,0,0,0,0,0,1
0.38504,1.1771,-0.89997,-1,0,0,0,0,1.1317,0,-0.65028,1,-0.97774,0.0034454,-1.9843e-05,0,0,0,1.1599,999,999,999,0.60019,1.6572,0.45686,0,0,0,0,0,0,0,0,0,0,0,0,0,0,0,0,0,0,0,0,0,0,0,0,0,0,0,0,0,0,0,0,0,0,0,0,0,0,0.013134,1.1317,1,0.95206,0,0,0,0,0.38504,1.1771,-0.89997,-1,1,0.035172,0.67261,0
0,0,0,0,0,0,0,0,1.5708,0.56759,-0.94599,-1,-0.97265,-0.95273,0.0011751,2,0,0,0.89052,-1.5708,-0.97379,-0.56829,0.55441,1.0159,0.44085,0.666,0.24958,4.8061e-07,9999,1,1,605.47,5.2246,0.19233,0,0,0,0,0,0,0,0,1,999,999,999,0,0,0,0,0,0,0,0,0,0,0,0,0,0,0,0,0,0.0067412,1.5708,-1,0.97379,0.48421,-1,-0.95273,-0.00016563,0,0,0,0,0,0,0,0
0.83445,0.52354,0.097433,1,0,0,0,0,0.94506,0.64413,-0.50093,1,0.9544,0.0024242,-2.2105e-06,0,0,0,1.1511,0.83445,-0.58525,-0.4148,1.1196,0.64287,0.27725,0,0,0,0,0,0,0,0,0,0,0,0,0,0,0,0,0,0,0,0,0,0,0,0,0,0,0,0,0,0,0,0,0,0,0,0,0,0,0.0001234,0.94506,1,0.46555,0,0,0,0,0.83445,0.52354,0.097433,1,1,0.012899,0.58525,1
0.87496,0,0.1893,-1,0,0,0,0,0.71853,0.25615,-0.45383,1,-0.00071111,0.00011642,0,0,0,0,1.0988,999,999,999,1.1322,0.72624,0,0,0,0,0,0,0,0,0,0,0,0,0,0,0,0,0,0,0,0,0,0,0,0,0,0,0,0,0,0,0,0,0,0,0,0,0,0,0,0.025996,0.87496,-1,0.94347,0,0,0,0,0.87496,0,0.1893,-1,1,0.025996,0.94347,1
0,0,0,0,0,0,0,0,0.57773,0.52814,-0.31073,1,0.00065927,-2.3188e-05,1.2679e-05,1,0,0,0.70645,999,999,999,0.8867,0.47624,0.5042,0.76075,0.1317,4.3068e-07,9999,1,1,183.11,6.1035,0.16676,0,0,0,0,0,0,0,0,1,999,999,999,0,0,0,0,0,10,0.19482,1.2211e-06,9999,-1,0,14.844,0.11043,0.57773,0.97696,-0.83853,-6,0.02157,0.52408,-1,0.98434,0.83338,-1,-2.3188e-05,-0.48328,0,0,0,0,0,0,0,1
0,0,0,0,0,0,0,0,1.2276,0.69638,0.27107,-1,-0.96126,0.011189,-0.00024738,0,0,0,1.3584,-0.58974,0.95822,-0.85636,1.2005,0.78176,0.83425,0,0,0,0,0,0,0,0,0,0,0,0,0,0,0,0,0,0,0,0,0,0,0,0,0,0,0,0,0,0,0,0,0,0,0,0,0,0,0.0028965,1.2276,-1,0.96282,0,0,0,0,0,0,0,0,0,0,0,0
0,0,0,0,0,0,0,0,0.39315,1.048,-0.46126,1,-5.5993e-05,-9.1078e-06,7.2093e-07,1,0,0,0.58621,999,999,999,0.60284,0.38664,0.26605,0.73472,0.15251,3.8035e-07,9999,0,-1,625,7.8125,0.13329,0,0,0,0,0,0,0,0,1,999,999,999,0,0,0,0,0,0,0,0,0,0,0,0,0,0,0,0,0,0,0,0,0,-0.75286,-1,-5.5993e-05,-0.08025,0,0,0,0,0,0,0,1
0,0,0,0,0,0,0,0,0.91165,0.93277,0.6497,-1,-0.14716,-0.00095371,6.4638e-06,0,0,0,1.1035,-0.65473,0.93234,-0.86371,0.87389,0.79077,0.35883,0.12378,0.11043,3.8374e-07,9999,1,1,820.31,7.6172,0.13587,0,0,0,0,0,0,0,0,1,999,999,999,0,0,0,0,0,10,0.23889,6.4638e-06,9999,1,512.7,4.0527,0.35883,0.65473,0.93234,-0.60941,0,0.0099618,0.91165,-1,0.98655,0.28316,-1,-0.14716,-0.3206,0,0,0,0,0,0,0,0
0,0,0,0,1.8028,0.27267,-0.44559,1,0.16749,1.4458,0.38701,-1,0.11028,0.0072212,0.00018244,1,0,0,1.8437,999,999,999,1.9726,0.38872,0.19955,0.95672,0.10785,1.5058e-06,9999,1,-1,0,5.6641,0.17784,0,0,0,0,0,0,0,0,1,1.8028,0.98882,-0.94634,0,0,0,0,0,10,0.10785,1.5058e-06,9999,-1,0,5.6641,0.17784,1.8028,0.98882,-0.94634,-0,0.0090253,1.8028,1,0.98882,-0.94634,1,0.11028,0.83603,0,0,0,0,0,0,0,1
0,0,0,0,0,0,0,0,1.2969,1.003,0.73604,-1,-0.96556,-0.089078,0.0097877,0,0,0,2.0687,-1.2969,0.96921,-0.97095,1.4217,1.6837,0.9766,0,0,0,0,0,0,0,0,0,0,0,0,0,0,0,0,0,0,0,0,0,0,0,0,0,0,0,0,0,0,0,0,0,0,0,0,0,0,0.0026373,1.2969,-1,0.96921,0,0,0,0,0,0,0,0,0,0,0,0
0,0,0,0,0,0,0,0,1.034,0.68717,-0.53441,-1,-0.0015681,0.00053197,6.3361e-05,0,0,0,1.2632,999,999,999,0.97057,0.5735,0.65012,0.97481,0.14466,4.6646e-07,9999,1,-1,634.77,5.3223,0.18567,0,0,0,0,0,0,0,0,1,999,999,999,0,0,0,0,0,0,0,0,0,0,0,0,0,0,0,0,0,0.013249,1.034,-1,0.87142,0.72212,1,6.3361e-05,0.84994,0,0,0,0,0,0,0,0
0,0,0,0,1.496,0.31574,-0.92186,1,0.51509,0.59849,0.78509,-1,0.019976,-8.6238e-05,0,0,0,0,1.2867,999,999,999,1.2204,0.72909,0,0,0,0,0,0,0,0,0,0,0,0,0,0,0,0,0,0,0,0,0,0,0,0,0,0,0,0,0,0,0,0,0,0,0,0,0,0,0,0.024352,1.496,1,0.94211,0,0,0,0,0,0,0,0,0,0,0,1
0,0,0,0,0,0,0,0,0.63259,0,0.84837,1,0.038921,-0.029736,0.0058321,2,0,0,1.5177,1.2716,-0.66599,-0.48684,0.93132,0.94468,1.5298,0.058778,0.068804,1.2615e-06,9999,0,-1,0,3.2227,0.056246,0,0,0,0,0,0,0,0,1,1.2716,0.66599,-0.69245,0,0,0,0,0,10,0.068804,1.2615e-06,9999,-1,0,3.2227,0.056246,1.2716,0.66599,-0.69245,-21,0.027895,1.2716,1,0.66599,-0.25817,1,0.038921,0.61116,0,0,0,0,0,0,0,1
1.519,0.22085,-0.97828,-1,0,0,0,0,0.17116,0.50656,-0.32267,1,-0.004667,-1.2106e-06,3.5616e-07,1,0,0,1.4032,999,999,999,1.4055,0.098703,0.11311,0.39878,0.17116,3.5616e-07,9999,1,1,712.89,4.4922,0.11311,0,0,0,0,0,0,0,0,1,999,999,999,0,0,0,0,0,0,0,0,0,0,0,0,0,0,0,0,0,0.01379,1.519,-1,0.98206,0.27467,-1,-0.004667,-0.03001,0,0,0,0,0,0,0,0
0,0,0,0,0,0,0,0,0.88839,0.73237,-0.68552,-1,-0.0074044,0.0039658,-1.2857e-06,3,1,0.49952,1.2048,999,999,999,1.2767,1.2114,0.13739,0.84967,0.077255,1.2857e-06,9999,0,-1,0,6.0547,0.13739,0,0,0,0,0,0,0,0,1,999,999,999,0,0,0,0,0,0,0,0,0,0,0,0,0,0,0,0,0,0.0022314,0.91836,1,0.86405,0.99921,1,0.0039658,0.74526,0,0,0,0,0,0,0,1
0,0,0,0,0,0,0,0,1.5107,0.28801,-0.74259,1,0.0014042,-6.0158e-07,0,0,0,0,1.4946,999,999,999,1.9274,0.23637,0,0,0,0,0,0,0,0,0,0,0,0,0,0,0,0,0,0,0,0,0,0,0,0,0,0,0,0,0,0,0,0,0,0,0,0,0,0,0,0.016579,1.5107,1,0.89472,0,0,0,0,0,0,0,0,0,0,0,1
0,0,0,0,0,0,0,0,1.9504,0.13506,-0.51156,-1,0.96966,-0.40072,0,1,0,0,1.7531,999,999,999,0.31244,2.6836,0,0,0,0,0,0,0,0,0,0,0,0,0,0,0,0,0,0,0,0,0,0,0,0,0,0,0,0,0,0,0,0,0,0,0,0,0,0,0,0.0001308,1.9504,-1,0.99787,0,0,0,0,0,0,0,0,0,0,0,0
0,0,0,0,0,0,0,0,0.85421,1.339,-0.75906,-1,-0.020031,0.0017786,-0.00018698,4,1,0.4967,1.393,999,999,999,0.75019,0.99423,0.20964,0.99716,0.079163,1.2515e-06,9999,0,1,0,8.5938,0.12608,0,0,0,0,0,0,0,0,1,0.85421,0.84519,-0.87114,0,0,0,0,0,10,0.079163,1.2515e-06,9999,1,0,8.5938,0.12608,0.85421,0.84519,-0.87114,2,0.092709,0.87521,1,0.92173,0.88009,-1,-3.8359e-05,-0.89377,0,0,0,0,0,0,0,0
0,0,0,0,0,0,0,0,1.0863,0.60825,-0.66048,-1,0.091883,-0.00055963,-6.8406e-07,0,0,0,1.3286,999,999,999,1.0929,0.79277,0.25787,0,0,0,0,0,0,0,0,0,0,0,0,0,0,0,0,0,0,0,0,0,0,0,0,0,0,0,0,0,0,0,0,0,0,0,0,0,0,0.00035529,1.2675,1,0.74643,0,0,0,0,0,0,0,0,0,0,0,0
1.6087,0.3657,-0.71193,-1,0.81713,0.97082,0.043818,1,0.75389,0.89361,0.82399,-1,-0.80627,-0.091424,0.0329,0,0,0,1.4558,-1.6087,-0.9995,-0.84844,1.0552,1.2012,1.2558,0,0,0,0,0,0,0,0,0,0,0,0,0,0,0,0,0,0,0,0,0,0,0,0,0,0,0,0,0,0,0,0,0,0,0,0,0,0,0.012828,1.6087,-1,0.9995,0,0,0,0,0,0,0,0,0,0,0,0
0,0,0,0,0,0,0,0,1.0112,0.50821,-0.62539,-1,-0.017176,6.0449e-05,0,0,0,0,1.1162,999,999,999,1.3863,0.63963,0,0,0,0,0,0,0,0,0,0,0,0,0,0,0,0,0,0,0,0,0,0,0,0,0,0,0,0,0,0,0,0,0,0,0,0,0,0,0,0.0017618,1.0112,-1,0.90429,0,0,0,0,0,0,0,0,0,0,0,0
0,0,0,0,0,0,0,0,0.66584,1.0175,-0.71668,1,0.93616,-0.0038574,7.2844e-05,0,0,0,1.0911,999,999,999,0.83248,0.88426,0.69772,0,0,0,0,0,0,0,0,0,0,0,0,0,0,0,0,0,0,0,0,0,0,0,0,0,0,0,0,0,0,0,0,0,0,0,0,0,0,2.1485e-05,0.66584,1,0.92712,0,0,0,0,0,0,0,0,0,0,0,0
0,0,0,0,0,0,0,0,0.2951,0.089281,-0.13631,1,-0.0066206,1.3203e-05,-3.6769e-06,1,3,0.49918,0.45293,999,999,999,0.37315,0.41907,0.31552,0,0,0,0,0,0,0,0,0,0,0,0,0,0,0,0,0,0,0,0,0,0,0,0,0,0,0,0,0,0,0,0,0,0,0,0,0,0,0,0,0,0,0,0,0,0,0,0,0,0,0,0,0,0
1.6479,0.28714,-0.62072,1,0,0,0,0,0.62963,0.60268,0.6958,1,0.55282,0.039768,-7.3577e-05,1,0,0,1.3395,1.6479,-0.89718,-0.99494,1.0389,1.2426,0.70021,0.96757,0.22561,1.8612e-06,9999,1,-1,473.63,4.0527,0.37739,0,0,0,0,0,0,0,0,1,1.6479,0.89718,-0.76353,0,0,0,0,0,10,0.22561,1.8612e-06,9999,-1,473.63,4.0527,0.37739,1.6479,0.89718,-0.76353,-0,0.0065295,1.6479,1,0.89718,0.69605,1,0.55282,0.24108,0,0,0,0,0,0,0,1
0,0,0,0,0,0,0,0,0.6362,0.9589,0.1344,-1,0.98177,-0.96034,-0.76442,1,0,0,1.1687,999,999,999,0.61339,0.86525,0.11997,0.6139,0.066371,1.2504e-06,9999,1,-1,0,7.6172,0.12563,0,0,0,0,0,0,0,0,1,999,999,999,0,0,0,0,0,0,0,0,0,0,0,0,0,0,0,0,0,0.00044699,0.6811,1,0.99658,0.39808,1,0.98177,0.74473,0,0,0,0,0,0,0,0
0,0,0,0,0,0,0,0,1.111,0.47253,0.9035,-1,-0.059,-0.00010036,6.3914e-05,4,1,0.49721,1.2524,999,999,999,1.2763,0.66978,0.64812,0.92656,0.20121,5.1941e-07,9999,0,-1,590.82,4.9316,0.20866,0,0,0,0,0,0,0,0,1,0.50075,0.91143,-0.99326,0,0,0,0,0,10,0.23824,2.4905e-06,9999,1,507.81,4.9316,0.28624,1.111,0.98487,-0.99947,4,0.003461,1.111,-1,0.98487,0.58223,-1,-0.059,-0.070824,0,0,0,0,0,0,0,1
0,0,0,0,0,0,0,0,1.8795,0.19243,0.60016,1,-0.0011645,-0.00058239,6.812e-05,1,0,0,1.6467,999,999,999,0.43376,0.52987,2.7831,0.99061,0.19664,1.3683e-06,9999,1,-1,0,11.328,0.15639,0,0,0,0,0,0,0,0,1,1.8795,0.99759,-0.99771,0,0,0,0,0,10,0.19664,1.3683e-06,9999,-1,0,11.328,0.15639,1.8795,0.99759,-0.99771,-2,0.0075428,1.8795,1,0.99759,0.40629,1,3.6011e-05,0.74311,0,0,0,0,0,0,0,1
0,0,0,0,0,0,0,0,0.67911,0,0.9781,-1,-0.9995,0.92572,-0.00018761,2,1,0.49507,0.92626,-0.67911,0.99848,-0.93609,0.42573,0.54334,0.86866,0.57882,0.15327,6.9661e-07,9999,1,-1,468.75,4.1016,0.26074,0,0,0,0,0,0,0,0,1,999,999,999,0,0,0,0,0,0,0,0,0,0,0,0,0,0,0,0,0,0,0,0,0,0.75666,1,0.92572,0.13501,0,0,0,0,0,0,0,1
0,0,0,0,0,0,0,0,0.91927,0.17718,0.54209,-1,0.98465,-0.023242,-0.00018904,0,0,0,1.3038,999,999,999,0.47509,1.024,1.0305,0.36848,0.16119,4.3497e-07,9999,1,1,791.02,4.248,0.1692,0,0,0,0,0,0,0,0,1,0.91927,0.95617,-0.56472,0,0,0,0,0,10,0.16119,4.3497e-07,9999,1,791.02,4.248,0.1692,0.91927,0.95617,-0.56472,5,0.014797,0.91927,-1,0.95617,0.12429,-1,-3.2994e-05,-0.052902,0,0,0,0,0,0,0,0
0.63701,0.30602,0.16322,-1,0,0,0,0,1.3451,0.20005,-0.24322,1,0.026793,0.025576,0.02006,3,1,0.49634,1.4745,1.3451,-0.95739,-0.66031,0.53614,1.5357,1.0265,0.40905,0.14783,0.00018789,9999,0,-1,620.12,0,0.21142,0,0,0,0,0,0,0,0,1,999,999,999,0,0,0,0,0,0,0,0,0,0,0,0,0,0,0,0,0,0.0030927,1.3451,1,0.95739,0.6551,1,0.025576,0.11896,0.63701,0.30602,0.16322,-1,1,0.007761,0.63884,1
0,0,0,0,0.97639,1.1859,0.2492,-1,1.148,0.38295,0.41028,-1,-0.94389,-0.11507,-0.00020277,0,0,0,1.4501,-0.97639,0.8265,-0.56128,1.1371,1.5433,0.23396,0.54624,0.11505,4.2031e-07,9999,1,1,703.12,4.4922,0.16061,1,0,0.19575,2.1861,1.133,0.0008934,0.13969,0.13247,1,1.148,0.75239,-0.85116,0,0,0,0,0,10,0.16548,0.00020277,9999,-1,625,0,0.23396,1.1613,0.52187,-0.12079,-21,0.0089299,1.148,-1,0.75239,-0.85116,-1,-0.94389,-0.40935,0,0,0,0,0,0,0,0
0,0,0,0,0,0,0,0,1.4868,0.43814,-0.61764,1,0.00097471,-0.00097332,0,1,0,0,0.84391,999,999,999,2.4182,0.4023,0,0,0,0,0,0,0,0,0,0,0,0,0,0,0,0,0,0,0,0,0,0,0,0,0,0,0,0,0,0,0,0,0,0,0,0,0,0,0,0.011475,0.60301,-1,0.76075,0,0,0,0,0,0,0,0,0,0,0,1
0.41275,0.14995,-0.16828,1,0,0,0,0,0.32594,0.16768,-0.76179,1,0.00036081,-1.8015e-06,4.8873e-07,0,0,0,0.47057,999,999,999,0.54176,0.26167,0.19596,0,0,0,0,0,0,0,0,0,0,0,0,0,0,0,0,0,0,0,0,0,0,0,0,0,0,0,0,0,0,0,0,0,0,0,0,0,0,0,0,0,0,0,0,0,0,0.41275,0.14995,-0.16828,1,1,0.0013192,0.67244,1
0.56451,0.054821,0.80797,-1,0,0,0,0,0.90183,0.56451,-0.53615,1,0.99375,-0.98024,-0.040385,1,0,0,0.98695,999,999,999,0.5908,0.69252,0.80995,0,0,0,0,0,0,0,0,0,0,0,0,0,0,0,0,0,0,0,0,0,0,0,0,0,0,0,0,0,0,0,0,0,0,0,0,0,0,0.0039999,0.90183,1,0.5547,0,0,0,0,0.56451,0.054821,0.80797,-1,1,0.018479,0.98182,0
0.60013,1.3034,0.12146,-1,0,0,0,0,0.98945,0.98946,-0.52847,1,0.93697,-0.019715,2.6146e-06,0,0,0,1.2155,999,999,999,1.0262,0.66643,0.2899,0,0,0,0,0,0,0,0,0,0,0,0,0,0,0,0,0,0,0,0,0,0,0,0,0,0,0,0,0,0,0,0,0,0,0,0,0,0,0.0028408,0.98945,1,0.92739,0,0,0,0,0.60013,1.3034,0.12146,-1,1,0.012195,0.9928,1
0,0,0,0,0,0,0,0,1.4074,0.13753,-0.78398,1,0.91052,0.0014864,-1.5358e-05,1,0,0,1.4884,999,999,999,1.5378,0.46036,0.43326,0,0,0,0,0,0,0,0,0,0,0,0,0,0,0,0,0,0,0,0,0,0,0,0,0,0,0,0,0,0,0,0,0,0,0,0,0,0,0.0018362,1.4074,1,0.84798,0,0,0,0,0,0,0,0,0,0,0,1
0,0,0,0,0,0,0,0,0.62782,0.062647,-0.48922,-1,0.00049317,-3.2313e-05,4.1626e-06,1,0,0,0.68692,999,999,999,0.524,0.5179,0.32489,0,0,0,0,0,0,0,0,0,0,0,0,0,0,0,0,0,0,0,0,0,0,0,0,0,0,0,0,0,0,0,0,0,0,0,0,0,0,0.0095036,0.62782,-1,0.96147,0,0,0,0,0,0,0,0,0,0,0,0
0,0,0,0,0,0,0,0,0.87585,0.90872,-0.63465,1,-0.81772,0.050407,-0.0084435,2,0,0,1.1384,-0.65728,0.87852,-0.5266,0.1747,1.1971,1.0226,0.86883,0.11309,1.237e-06,9999,1,-1,0,10.938,0.11978,0,0,0,0,0,0,0,0,1,0.61459,0.64718,-0.56893,0,0,0,0,0,10,0.11309,1.237e-06,9999,-1,0,10.938,0.11978,0.61459,0.64718,-0.56893,-4,0.0021005,0.87585,1,0.59206,-0.09589,1,0.050407,0.70024,0,0,0,0,0,0,0,0
0,0,0,0,0,0,0,0,0.46137,0.60352,-0.65059,-1,-0.018017,-7.4876e-05,8.0922e-06,2,0,0,0.83376,999,999,999,0.71679,0.68163,0.37687,0,0,0,0,0,0,0,0,0,0,0,0,0,0,0,0,0,0,0,0,0,0,0,0,0,0,0,0,0,0,0,0,0,0,0,0,0,0,0.025847,0.58006,-1,0.59567,0,0,0,0,0,0,0,0,0,0,0,0
0.4081,1.0084,0.79478,-1,0,0,0,0,0.85456,0.60382,-0.75306,-1,-0.13996,9.6491e-05,-4.2286e-05,1,0,0,0.78156,-0.85456,-0.94385,-0.94717,0.62447,0.67681,0.55957,0,0,0,0,0,0,0,0,0,0,0,0,0,0,0,0,0,0,0,0,0,0,0,0,0,0,0,0,0,0,0,0,0,0,0,0,0,0,0.0045295,0.85456,-1,0.94385,0,0,0,0,0.4081,1.0084,0.79478,-1,1,0.31029,0.99932,0
0,0,0,0,0.47097,0.37298,0.068792,1,1.0002,0.46509,-0.93458,1,-0.99742,0.0010273,0.00010492,0,0,0,1.0122,-0.51119,0.46972,-0.13425,0.53797,0.77256,0.71713,0,0,0,0,0,0,0,0,0,0,0,0,0,0,0,0,0,0,0,0,0,0,0,0,0,0,0,0,0,0,0,0,0,0,0,0,0,0,0.0084857,1.0002,1,0.92428,0,0,0,0,0,0,0,0,0,0,0,0
0,0,0,0,1.6988,0,-0.87756,-1,0.75435,0,0.7921,1,-0.96543,0.027114,-0.0049845,0,0,0,1.212,-1.6988,-0.9822,-0.37126,1.1282,1.0219,1.1227,0,0,0,0,0,0,0,0,0,0,0,0,0,0,0,0,0,0,0,0,0,0,0,0,0,0,0,0,0,0,0,0,0,0,0,0,0,0,0.0064636,1.6988,-1,0.9822,0,0,0,0,0,0,0,0,0,0,0,0
0,0,0,0,0,0,0,0,1.0107,0.37465,-0.93646,-1,-0.0024433,-4.1088e-05,0,0,0,0,0.77321,999,999,999,0.7184,0.55461,0,0,0,0,0,0,0,0,0,0,0,0,0,0,0,0,0,0,0,0,0,0,0,0,0,0,0,0,0,0,0,0,0,0,0,0,0,0,0,0.011241,1.0107,-1,0.88558,0,0,0,0,0,0,0,0,0,0,0,1
0,0,0,0,0,0,0,0,1.5167,1.5434,0.055776,1,0.62808,0.024426,0.00013792,0,0,0,1.7397,1.1765,-0.96154,-0.8084,2.4624,1.1057,0.76688,0.089271,0.14814,1.818e-06,9999,1,-1,0,5.3711,0.20935,0,0,0,0,0,0,0,0,1,1.5167,0.93733,-0.068975,0,0,0,0,0,10,0.14814,1.818e-06,9999,-1,0,5.3711,0.20935,1.5167,0.93733,-0.068975,-0,0.0064142,1.5167,1,0.93733,0.031259,1,0.024426,0.048181,0,0,0,0,0,0,0,1
0,0,0,0,0,0,0,0,0.45843,0.3674,-0.84743,1,3.9199e-05,3.5831e-05,-1.4234e-05,2,1,0.49534,0.4959,999,999,999,0.54685,0.53284,0.42604,0.7265,0.19146,1.5491e-06,9999,1,-1,0,5.1758,0.18325,0,0,0,0,0,0,0,0,1,999,999,999,0,0,0,0,0,0,0,0,0,0,0,0,0,0,0,0,0,0,0,0,0,0.90972,1,3.5831e-05,0.0377,0,0,0,0,0,0,0,0
0,0,0,0,0,0,0,0,1.1932,0.96438,-0.83095,1,0.0076405,2.2218e-05,-1.1293e-05,0,0,0,1.3046,999,999,999,1.4111,0.47141,0.40505,0,0,0,0,0,0,0,0,0,0,0,0,0,0,0,0,0,0,0,0,0,0,0,0,0,0,0,0,0,0,0,0,0,0,0,0,0,0,0.0029658,1.1932,1,0.96805,0,0,0,0,0,0,0,0,0,0,0,1
0,0,0,0,0,0,0,0,0.57102,0.58216,-0.86986,-1,-0.99986,0.029118,0.00013846,1,0,0,0.96577,-0.57102,0.84492,-0.71766,0.36038,1.0873,0.80879,0.92106,0.15493,5.0295e-07,9999,0,1,600.59,4.248,0.20204,0,0,0,0,0,0,0,0,1,0.57102,0.84492,-0.80979,0,0,0,0,0,10,0.16914,4.6258e-07,9999,-1,761.72,5.5176,0.18378,0.67203,0.93218,-0.54708,-0,0.030621,0.67203,1,0.93218,0.37515,-1,-0.99986,-0.67174,0,0,0,0,0,0,0,1
0,0,0,0,0,0,0,0,0.52363,0.11984,-0.54516,-1,2.0474e-05,-1.0445e-06,-5.9525e-07,0,0,0,0.46298,999,999,999,0.46245,0.31625,0.2345,0.75939,0.21281,5.9525e-07,9999,1,-1,537.11,4.248,0.2345,0,0,0,0,0,0,0,0,1,999,999,999,0,0,0,0,0,0,0,0,0,0,0,0,0,0,0,0,0,0.02468,0.52363,-1,0.61834,0.7591,1,2.0474e-05,0.010522,0,0,0,0,0,0,0,1
0,0,0,0,0,0,0,0,1.2022,0.3869,-0.92265,-1,0.0203,0.0049564,-8.3248e-05,0,0,0,1.0864,999,999,999,1.0601,0.58518,0.74854,0,0,0,0,0,0,0,0,0,0,0,0,0,0,0,0,0,0,0,0,0,0,0,0,0,0,0,0,0,0,0,0,0,0,0,0,0,0,0.01351,1.2022,-1,0.74332,0,0,0,0,0,0,0,0,0,0,0,0
0.59371,1.1439,0.18689,1,0,0,0,0,0.54861,1.7376,-0.98132,-1,-0.99989,0.0070668,0.00016263,1,0,0,0.898,-0.54861,0.83259,-0.96976,0.32401,0.78255,0.70988,0.71391,0.20151,0.99989,9999,0,-1,1269.5,15.625,0.32401,0,0,0,0,0,0,0,0,1,0.59371,0.62653,-0.091209,0,0,0,0,0,10,0.20151,0.99989,9999,-1,1269.5,15.625,0.32401,0.59371,0.62653,-0.091209,-22,0.029546,0.59371,1,0.62653,-0.091209,1,0.0070668,5.7968e-06,0.59371,1.1439,0.18689,1,1,0.029546,0.62653,0
0,0,0,0,0,0,0,0,1.3116,0,-0.81471,-1,-0.46266,0.0042803,-6.2766e-07,0,0,0,1.3574,999,999,999,1.8218,0.63046,0.24373,0,0,0,0,0,0,0,0,0,0,0,0,0,0,0,0,0,0,0,0,0,0,0,0,0,0,0,0,0,0,0,0,0,0,0,0,0,0,0.004696,1.3116,-1,0.87021,0,0,0,0,0,0,0,0,0,0,0,0
0,0,0,0,0,0,0,0,1.5512,0.72398,-0.098181,-1,-0.99975,-0.0049684,-7.6519e-05,0,0,0,1.6644,-1.5512,0.93245,-0.35477,0.352,0.79482,1.8258,0.6722,0.21001,6.8201e-07,9999,1,1,532.23,3.4668,0.2574,0,0,0,0,0,0,0,0,1,1.5512,0.93245,-0.86411,0,0,0,0,0,10,0.21001,6.8201e-07,9999,1,532.23,3.4668,0.2574,1.5512,0.93245,-0.86411,6,0.014187,1.5512,-1,0.93245,0.088239,-1,-0.99975,-0.0053155,0,0,0,0,0,0,0,0
0,0,0,0,0,0,0,0,0.4455,0.84029,0.41889,-1,3.5748e-05,-1.4375e-05,-3.8214e-06,0,1,0.50084,0.55013,999,999,999,0.53246,0.42527,0.31842,0.49276,0.23308,3.8214e-06,9999,1,-1,483.4,4.7852,0.31842,0,0,0,0,0,0,0,0,1,999,999,999,0,0,0,0,0,0,0,0,0,0,0,0,0,0,0,0,0,0,0,0,0,0.7027,1,3.5748e-05,0.00029099,0,0,0,0,0,0,0,0
0,0,0,0,0,0,0,0,0.75842,1.5006,0.046003,-1,0.96693,-0.11396,0.00017449,2,0,0,1.0178,999,999,999,0.96756,1.1503,0.14662,0,0,0,0,0,0,0,0,0,0,0,0,0,0,0,0,0,0,0,0,0,0,0,0,0,0,0,0,0,0,0,0,0,0,0,0,0,0,0.013018,0.75842,-1,0.89501,0,0,0,0,0,0,0,0,0,0,0,1
0,0,0,0,0,0,0,0,0.57933,0.42782,0.93836,-1,0.99977,-0.20656,0.00014273,1,0,0,1.1256,999,999,999,0.3492,0.7813,0.72789,0.51842,0.051428,1.2093e-06,9999,0,-1,0,13.867,0.091057,0,0,0,0,0,0,0,0,1,999,999,999,0,0,0,0,0,10,0.20704,0.99977,9999,1,1621.1,8.9844,0.3492,0.57933,0.96957,-0.60632,3,0.0096523,0.74022,1,0.91124,-0.56427,1,0.99977,0.77804,0,0,0,0,0,0,0,1
0,0,0,0,0,0,0,0,1.9511,0.31144,-0.35113,1,0.96495,0,0,0,0,0,1.9214,999,999,999,2.1059,0,0,0,0,0,0,0,0,0,0,0,0,0,0,0,0,0,0,0,0,0,0,0,0,0,0,0,0,0,0,0,0,0,0,0,0,0,0,0,0,0.0046951,1.9511,1,0.97666,0,0,0,0,0,0,0,0,0,0,0,0
0,0,0,0,1.5148,0.23391,-0.19525,1,0.51693,0.15496,-0.96239,1,-0.012208,0.0005523,-0.00019583,0,0,0,1.3993,999,999,999,1.3378,1.0354,0.82263,0,0,0,0,0,0,0,0,0,0,0,0,0,0,0,0,0,0,0,0,0,0,0,0,0,0,0,0,0,0,0,0,0,0,0,0,0,0,0.0012015,1.5148,1,0.91179,0,0,0,0,0,0,0,0,0,0,0,1
1.5866,0.13832,-0.26251,1,0,0,0,0,0.61747,1.3264,-0.19596,-1,-0.00010915,5.7128e-05,-9.1861e-06,0,0,0,1.3151,999,999,999,0.64284,2.4472,0.38736,0.83101,0.16258,4.5904e-07,9999,1,-1,615.23,3.2715,0.18201,0,0,0,0,0,0,0,0,1,1.5866,0.98042,-0.80417,0,0,0,0,0,10,0.16258,4.5904e-07,9999,-1,615.23,3.2715,0.18201,1.5866,0.98042,-0.80417,-11,0.0041995,1.5866,1,0.98042,-0.80417,1,5.7128e-05,0.36336,0,0,0,0,0,0,0,1
1.6476,0.060631,-0.99837,1,0,0,0,0,0,0,0,0,-0.57652,5.5206e-05,0,1,0,0,1.6533,999,999,999,0.41358,1.878,0,0,0,0,0,0,0,0,0,0,0,0,0,0,0,0,0,0,0,0,0,0,0,0,0,0,0,0,0,0,0,0,0,0,0,0,0,0,0,0.0071558,1.6476,1,0.99803,0,0,0,0,0,0,0,0,0,0,0,1
0,0,0,0,0,0,0,0,0.357,0.83352,0.35269,-1,0.00017647,-2.6129e-06,1.2184e-06,1,0,0,0.45263,999,999,999,0.17947,0.28985,0.10828,0.14462,0.14776,0.00017647,9999,0,1,742.19,0,0.17947,0,0,0,0,0,0,0,0,1,999,999,999,0,0,0,0,0,0,0,0,0,0,0,0,0,0,0,0,0,0,0,0,0,0.57227,1,0.00017647,0.060402,0,0,0,0,0,0,0,0
0.63579,0,0.21193,-1,0,0,0,0,0.91569,0.24058,-0.77589,1,-0.0032249,0.0009706,0.00014634,0,0,0,1.3438,999,999,999,0.72888,0.73192,0.88461,0.52475,0.19596,4.2542e-07,9999,1,-1,732.42,5.2246,0.16368,0,0,0,0,0,0,0,0,1,0.6501,0.64447,-0.20589,0,0,0,0,0,10,0.19596,4.2542e-07,9999,-1,732.42,5.2246,0.16368,0.6501,0.64447,-0.20589,-0,0.0076864,0.91569,1,0.97042,0.69339,1,0.00014634,0.0070852,0.63579,0,0.21193,-1,1,0.011077,0.69658,0
0,0,0,0,0,0,0,0,0.55339,0.59955,0.61961,-1,0.00054415,-0.00010616,6.3728e-06,1,0,0,0.60782,999,999,999,0.56215,0.78647,0.35771,0.98776,0.17425,4.5018e-07,9999,1,-1,683.59,4.7852,0.17747,0,0,0,0,0,0,0,0,1,999,999,999,0,0,0,0,0,0,0,0,0,0,0,0,0,0,0,0,0,0.015911,0.55339,-1,0.49641,0.85948,1,6.3728e-06,0.83335,0,0,0,0,0,0,0,0
0,0,0,0,0,0,0,0,1.325,1.5839,-0.90875,1,0.12226,-8.0262e-06,-5.9902e-06,1,0,0,0.98778,999,999,999,2.0985,0.3762,0.35286,0,0,0,0,0,0,0,0,0,0,0,0,0,0,0,0,0,0,0,0,0,0,0,0,0,0,0,0,0,0,0,0,0,0,0,0,0,0,0.030024,1.325,1,0.77475,0,0,0,0,0,0,0,0,0,0,0,0
1.1476,0.88031,0.87564,-1,0,0,0,0,1.031,0.62388,-0.75854,-1,-0.9725,0.9414,-0.14324,1,1,0.50122,1.6297,-1.1476,-0.8711,-0.97087,1.3183,1.5188,1.0737,0.9582,0.094821,1.5057e-06,9999,0,1,0,5.4199,0.17783,0,1,0,0,0,0,0,0,1,1.1476,0.8711,-0.82006,0,0,0,0,0,10,0.094821,1.5057e-06,9999,1,0,5.4199,0.17783,1.1476,0.8711,-0.82006,2,0.0062677,1.1476,-1,0.8711,0.66878,-1,-0.9725,-0.84042,0,0,0,0,0,0,0,0
0,0,0,0,0,0,0,0,0.59772,0.83014,-0.59313,-1,-0.11929,-0.039466,0.00038273,0,0,0,1.0223,-0.89943,0.57837,-0.020983,0.87257,1.4001,0.54732,0,0,0,0,0,0,0,0,0,0,0,0,0,0,0,0,0,0,0,0,0,0,0,0,0,0,0,0,0,0,0,0,0,0,0,0,0,0,0.008925,0.89943,-1,0.57837,0,0,0,0,0,0,0,0,0,0,0,0
0,0,0,0,0,0,0,0,1.2258,0.17909,-0.97921,1,0.90353,0.0030557,-4.0727e-07,1,0,0,1.0965,999,999,999,1.781,0.52147,0.15238,0.79249,0.12372,4.0727e-07,9999,1,-1,1074.2,6.0547,0.15238,0,0,0,0,0,0,0,0,1,1.2258,0.99937,-0.77084,0,0,0,0,0,10,0.12372,4.0727e-07,9999,-1,1074.2,6.0547,0.15238,1.2258,0.99937,-0.77084,-6,0.0039142,1.2258,1,0.99937,-0.77084,1,0.90353,0.57229,0,0,0,0,0,0,0,1
0,0,0,0,0,0,0,0,0.65085,0.85177,0.77344,-1,-0.0049593,0.0010069,0.00029996,2,0,0,0.75532,999,999,999,0.89499,0.42695,0.27473,0.28266,0.12651,1.2155e-06,9999,1,1,0,9.8633,0.10554,0,0,0,0,0,0,0,0,1,999,999,999,0,0,0,0,0,0,0,0,0,0,0,0,0,0,0,0,0,0.021215,0.65085,-1,0.98532,0.38824,-1,-0.0049593,-0.23045,0,0,0,0,0,0,0,0
0,0,0,0,0,0,0,0,1.3697,0.080295,-0.62398,1,0.0031844,-0.00012399,7.0126e-05,1,0,0,1.5356,999,999,999,1.9069,0.94653,0.67179,0,0,0,0,0,0,0,0,0,0,0,0,0,0,0,0,0,0,0,0,0,0,0,0,0,0,0,0,0,0,0,0,0,0,0,0,0,0,0.0027399,1.3697,1,0.8971,0,0,0,0,0,0,0,0,0,0,0,0
0,0,0,0,0,0,0,0,0.26958,0,0.096782,-1,-2.0492e-06,0,0,0,0,0,0.25726,999,999,999,0.2715,0,0,0,0,0,0,0,0,0,0,0,0,0,0,0,0,0,0,0,0,0,0,0,0,0,0,0,0,0,0,0,0,0,0,0,0,0,0,0,0,0,0,0,0,0,0,0,0,0,0,0,0,0,0,0,1
0,0,0,0,0,0,0,0,0.77774,0.80519,-0.80036,1,0.2665,-0.098475,-4.9066e-07,1,0,0,0.71188,999,999,999,0.69648,1.3363,0.19681,0,0,0,0,0,0,0,0,0,0,0,0,0,0,0,0,0,0,0,0,0,0,0,0,0,0,0,0,0,0,0,0,0,0,0,0,0,0,0.0001377,0.77774,1,0.71965,0,0,0,0,0,0,0,0,0,0,0,1
0,0,0,0,0,0,0,0,1.0682,0.43994,-0.90337,1,0.6962,-0.00042337,-6.0076e-05,2,1,0.4989,1.3957,999,999,999,1.6468,0.94793,0.62404,0.688,0.22536,1.5063e-06,9999,0,1,502.93,4.0527,0.35674,0,1,0,0,0,0,0,0,1,0.90043,0.97841,-0.6498,0,0,0,0,0,10,0.22536,1.5063e-06,9999,1,502.93,4.0527,0.35674,0.90043,0.97841,-0.6498,9,0.01487,1.0682,1,0.5143,-0.16681,-1,-6.0076e-05,-0.0015913,0,0,0,0,0,0,0,1
0,0,0,0,0,0,0,0,1.0004,1.5515,0.26092,-1,-0.95793,-0.077924,0.052505,0,0,0,1.4265,-1.0004,0.95639,-0.79645,0.39779,1.5351,1.3272,0,0,0,0,0,0,0,0,0,0,0,0,0,0,0,0,0,0,0,0,0,0,0,0,0,0,0,0,0,0,0,0,0,0,0,0,0,0,0.0071137,1.0004,-1,0.95639,0,0,0,0,0,0,0,0,0,0,0,0
0,0,0,0,0,0,0,0,0.26932,0.43013,-0.71003,-1,0.0013981,-5.5623e-07,-4.4735e-07,2,1,0.49975,0.2219,999,999,999,0.45651,0.22206,0.17597,0,0,0,0,0,0,0,0,0,0,0,0,0,0,0,0,0,0,0,0,0,0,0,0,0,0,0,0,0,0,0,0,0,0,0,0,0,0,0,0,0,0,0,0,0,0,0,0,0,0,0,0,0,1
0,0,0,0,0,0,0,0,0.53462,1.3186,-0.41237,-1,-0.00096175,8.3279e-05,-1.709e-05,0,0,0,1.0708,999,999,999,0.86998,0.69894,0.44372,0,0,0,0,0,0,0,0,0,0,0,0,0,0,0,0,0,0,0,0,0,0,0,0,0,0,0,0,0,0,0,0,0,0,0,0,0,0,0.0010189,0.83385,-1,0.98285,0,0,0,0,0,0,0,0,0,0,0,0
0,0,0,0,0,0,0,0,0.47032,0.33473,0.50027,-1,-5.7246e-05,-2.9486e-05,1.2238e-06,1,0,0,0.61157,999,999,999,0.62198,0.50554,0.073199,0,0,0,0,0,0,0,0,0,0,0,0,0,0,0,0,0,0,0,0,0,0,0,0,0,0,0,0,0,0,0,0,0,0,0,0,0,0,0,0,0,0,0,0,0,0,0,0,0,0,0,0,0,1
0,0,0,0,0,0,0,0,1.322,0.95912,0.41215,-1,-0.97922,-0.041019,0.00028021,0,0,0,1.4903,-1.322,0.97257,-0.31057,0.48829,1.8928,0.96896,0.95258,0.17313,7.6187e-07,9999,1,-1,478.52,3.9551,0.27432,0,0,0,0,0,0,0,0,1,999,999,999,0,0,0,0,0,0,0,0,0,0,0,0,0,0,0,0,0,0.0083556,1.322,-1,0.97257,0.98803,1,0.00028021,0.69894,0,0,0,0,0,0,0,0
0,0,0,0,0,0,0,0,0.67786,0.38553,-0.093439,1,0.44219,0.00026627,-1.6696e-05,0,0,0,1.0923,0.67786,-0.97692,-0.55713,0.90982,0.67407,0.44141,0,0,0,0,0,0,0,0,0,0,0,0,0,0,0,0,0,0,0,0,0,0,0,0,0,0,0,0,0,0,0,0,0,0,0,0,0,0,0.00096161,0.67786,1,0.97692,0,0,0,0,0,0,0,0,0,0,0,1
0,0,0,0,0,0,0,0,0.48699,0.78942,-0.42094,1,0.99997,-0.90008,-0.89739,0,0,0,1.0609,0.55142,-0.90997,-0.62111,0.26987,0.27478,0.27009,0.65964,0.19305,0.89739,9999,1,-1,0,20.117,0.27009,0,0,0,0,0,0,0,0,1,0.55142,0.90997,-0.85655,0,0,0,0,0,10,0.19305,0.89739,9999,-1,0,20.117,0.27009,0.55142,0.90997,-0.85655,-22,0.018572,0.70192,-1,0.62482,0.93645,1,0.99997,1.0744e-05,0,0,0,0,0,0,0,0
0.32595,0.43967,0.43159,1,0,0,0,0,1.0646,0.6562,-0.24075,-1,0.99985,-0.968,-0.00093071,0,0,0,1.2631,0.64118,-0.69769,-0.61875,0.335,0.74792,1.267,0.41927,0.18532,0.99985,9999,1,1,1191.4,10.254,0.335,0,0,0,0,0,0,0,0,1,1.0646,0.93142,-0.073705,0,0,0,0,0,10,0.18532,0.99985,9999,1,1191.4,10.254,0.335,1.0646,0.93142,-0.073705,22,0.01536,1.0646,-1,0.93142,-0.073705,-1,-0.968,-1.5925e-05,0.32595,0.43967,0.43159,1,1,0.02477,0.69164,0
0,0,0,0,0,0,0,0,0.32695,1.3647,-0.3279,-1,-0.00022961,-3.4957e-06,2.4025e-06,2,1,0.49417,0.33186,999,999,999,0.26056,0.28305,0.28353,0,0,0,0,0,0,0,0,0,0,0,0,0,0,0,0,0,0,0,0,0,0,0,0,0,0,0,0,0,0,0,0,0,0,0,0,0,0,0,0,0,0,0,0,0,0,0,0,0,0,0,0,0,1
0,0,0,0,0,0,0,0,1.4345,0.19255,-0.87653,-1,-0.9852,-0.15972,1.2105e-06,0,0,0,1.1041,999,999,999,0.48726,2.1702,0.086816,0.92486,0.088585,1.2105e-06,9999,1,1,0,19.531,0.086816,0,0,0,0,0,0,0,0,1,1.4345,0.86196,-0.67804,0,0,0,0,0,10,0.088585,1.2105e-06,9999,1,0,19.531,0.086816,1.4345,0.86196,-0.67804,6,0.0015176,1.4345,-1,0.86196,0.59099,-1,-0.9852,-0.79652,0,0,0,0,0,0,0,0
0,0,0,0,0,0,0,0,1.5677,0.5047,-0.1515,-1,-0.96548,0.12879,2.3364e-05,1,0,0,1.6038,999,999,999,2.1525,0.83649,0.56308,0,0,0,0,0,0,0,0,0,0,0,0,0,0,0,0,0,0,0,0,0,0,0,0,0,0,0,0,0,0,0,0,0,0,0,0,0,0,0.015604,1.5677,-1,0.97338,0,0,0,0,0,0,0,0,0,0,0,0
0,0,0,0,0,0,0,0,1.1458,0.85697,0.013715,1,0.018514,-0.0072469,0.00016985,0,0,0,1.21,0.51056,-0.68149,-0.5855,1.5912,0.26433,0.38455,0,0,0,0,0,0,0,0,0,0,0,0,0,0,0,0,0,0,0,0,0,0,0,0,0,0,0,0,0,0,0,0,0,0,0,0,0,0,0.0014332,1.1458,1,0.98788,0,0,0,0,0,0,0,0,0,0,0,1
0,0,0,0,0,0,0,0,0.67128,1.0194,0.023891,1,-0.99996,0.95249,-2.6511e-05,1,0,0,0.83473,999,999,999,0.30495,1.1007,0.49188,0.1767,0.23506,1.8708e-06,9999,1,-1,498.05,2.832,0.37787,0,0,0,0,0,0,0,0,1,999,999,999,0,0,0,0,0,0,0,0,0,0,0,0,0,0,0,0,0,0.005689,0.67128,1,0.80776,0.33428,1,0.95249,0.00014679,0,0,0,0,0,0,0,1
0,0,0,0,0,0,0,0,1.0812,0.72438,0.24332,-1,-0.0039553,9.3342e-05,0,0,0,0,1.2418,999,999,999,1.2524,0.74929,0,0,0,0,0,0,0,0,0,0,0,0,0,0,0,0,0,0,0,0,0,0,0,0,0,0,0,0,0,0,0,0,0,0,0,0,0,0,0,0.01863,1.0812,-1,0.81476,0,0,0,0,0,0,0,0,0,0,0,1
0,0,0,0,0,0,0,0,0.58067,0.69455,-0.82148,-1,-3.5215e-05,3.7139e-07,0,0,0,0,0.53775,999,999,999,0.53025,0.1262,0,0.65589,0.21498,3.7139e-07,9999,1,1,168.46,12.207,0.1262,0,0,0,0,0,0,0,0,1,999,999,999,0,0,0,0,0,0,0,0,0,0,0,0,0,0,0,0,0,0.014417,0.58067,-1,0.50294,0.79899,-1,-3.5215e-05,-0.0030234,0,0,0,0,0,0,0,1
0,0,0,0,0,0,0,0,0.59506,0.87805,-0.71597,-1,-0.000353,4.2763e-06,6.5569e-07,2,1,0.49473,0.60839,999,999,999,0.91745,0.32693,0.25103,0,0,0,0,0,0,0,0,0,0,0,0,0,0,0,0,0,0,0,0,0,0,0,0,0,0,0,0,0,0,0,0,0,0,0,0,0,0,0.010755,0.59506,-1,0.51422,0,0,0,0,0,0,0,0,0,0,0,1
0,0,0,0,0,0,0,0,1.3303,0.69804,-0.96149,1,0.76157,-7.3881e-07,5.8549e-07,2,1,0.49402,0.87201,999,999,999,2.153,0.26976,0.23153,0.88026,0.16914,4.3723e-07,9999,1,1,800.78,4.9805,0.17047,0,0,0,0,0,0,0,0,1,999,999,999,0,0,0,0,0,10,0.22057,4.7345e-07,9999,-1,771.48,4.1504,0.18901,1.3303,0.98111,-0.92918,-5,0.017378,1.3303,1,0.98111,-0.92918,1,0.76157,0.28315,0,0,0,0,0,0,0,1
0,0,0,0,0,0,0,0,1.9202,0.14887,-0.97282,-1,0.053302,0.00017582,-5.8412e-05,1,0,0,1.9934,999,999,999,1.1474,0.13576,1.7864,0.31617,0.14308,4.5798e-07,9999,1,-1,664.06,6.1035,0.18148,0,0,0,0,0,0,0,0,1,999,999,999,0,0,0,0,0,0,0,0,0,0,0,0,0,0,0,0,0,0.0014097,1.9202,-1,0.98595,0.25025,1,0.053302,0.12557,0,0,0,0,0,0,0,0
0,0,0,0,0,0,0,0,0.75986,0.17701,-0.50598,1,-0.31756,0.00010199,5.8146e-06,2,0,0,0.88672,999,999,999,0.96064,0.83461,0.35053,0.22884,0.10888,1.2278e-06,9999,0,-1,0,3.3203,0.070748,0,0,0,0,0,0,0,0,1,0.75986,0.95771,-0.49849,0,0,0,0,0,10,0.10888,1.2278e-06,9999,-1,0,3.3203,0.070748,0.75986,0.95771,-0.49849,-21,0.0053453,0.75986,1,0.95771,0.44992,1,1.2094e-06,0.35476,0,0,0,0,0,0,0,0
0,0,0,0,0,0,0,0,0.79771,0.18044,-0.62399,-1,-0.96702,5.8645e-07,-3.7829e-07,0,0,0,0.8039,999,999,999,1.126,0.23183,0.1317,0.70191,0.11317,3.7829e-07,9999,1,-1,830.08,7.6172,0.1317,0,0,0,0,0,0,0,0,1,999,999,999,0,0,0,0,0,0,0,0,0,0,0,0,0,0,0,0,0,0.0066488,0.79771,-1,0.75119,0,0,0,0,0,0,0,0,0,0,0,0
0,0,0,0,0,0,0,0,1.2778,1.5934,-0.93724,-1,0.96685,-0.95992,0.039558,0,0,0,1.542,1.0646,-0.62439,-0.13791,0.56355,1.1564,1.5764,0,0,0,0,0,0,0,0,0,0,0,0,0,0,0,0,0,0,0,0,0,0,0,0,0,0,0,0,0,0,0,0,0,0,0,0,0,0,0.0077068,1.2778,-1,0.8593,0,0,0,0,0,0,0,0,0,0,0,0
0,0,0,0,0,0,0,0,0.30218,0.51047,0.51831,-1,-0.99898,0.0004919,4.3667e-05,1,0,0,0.70821,999,999,999,0.46882,0.60286,0.56521,0,0,0,0,0,0,0,0,0,0,0,0,0,0,0,0,0,0,0,0,0,0,0,0,0,0,0,0,0,0,0,0,0,0,0,0,0,0,0,0,0,0,0,0,0,0,0,0,0,0,0,0,0,0
0,0,0,0,0,0,0,0,0.55099,0.41317,-0.60602,-1,0.00058937,-1.1396e-05,-1.223e-06,2,0,0,0.47394,999,999,999,0.33802,0.40586,0.11175,0.93567,0.11086,1.223e-06,9999,0,-1,0,12.695,0.11175,0,0,0,0,0,0,0,0,1,999,999,999,0,0,0,0,0,0,0,0,0,0,0,0,0,0,0,0,0,0.012105,0.55099,-1,0.58657,0.61045,1,0.00058937,0.79953,0,0,0,0,0,0,0,1
0,0,0,0,0,0,0,0,0.67031,0,-0.95602,-1,-0.97372,4.9799e-07,0,0,0,0,0.67214,999,999,999,0.91479,0.19997,0,0.69316,0.15772,4.9799e-07,9999,1,1,620.12,4.1504,0.19997,0,0,0,0,0,0,0,0,1,999,999,999,0,0,0,0,0,0,0,0,0,0,0,0,0,0,0,0,0,0.0026629,0.67031,-1,0.95602,0.54281,-1,-0.97372,-0.18479,0,0,0,0,0,0,0,0
0,0,0,0,0,0,0,0,0.81828,1.3635,-0.71475,-1,-0.9579,0.31557,-0.057647,1,0,0,1.2306,-0.81828,-0.72437,-0.66106,1.1691,1.2226,0.97343,0.48912,0.15744,5.861e-07,9999,1,-1,458.98,4.6875,0.23172,0,0,0,0,0,0,0,0,1,999,999,999,0,0,0,0,0,0,0,0,0,0,0,0,0,0,0,0,0,0.013595,0.87522,-1,0.86905,0.32942,1,0.31557,0.086678,0,0,0,0,0,0,0,1
0,0,0,0,1.4418,0,-0.55148,1,0.93265,0,-0.029431,-1,0.88876,-0.020755,0.0058695,0,0,0,1.6742,1.4418,-0.91362,-0.26017,1.205,1.4527,1.4231,0,0,0,0,0,0,0,0,0,0,0,0,0,0,0,0,0,0,0,0,0,0,0,0,0,0,0,0,0,0,0,0,0,0,0,0,0,0,0.0097169,1.4418,1,0.91362,0,0,0,0,0,0,0,0,0,0,0,1
0,0,0,0,0,0,0,0,1.4334,0.52254,-0.83804,-1,-0.077769,8.3219e-05,0,0,0,0,1.1979,999,999,999,1.1522,0.49493,0,0,0,0,0,0,0,0,0,0,0,0,0,0,0,0,0,0,0,0,0,0,0,0,0,0,0,0,0,0,0,0,0,0,0,0,0,0,0,0.0054199,1.4334,-1,0.94274,0,0,0,0,0,0,0,0,0,0,0,0
0,0,0,0,0,0,0,0,0.45187,0.80168,0.8683,-1,0.00037679,8.424e-05,-4.9714e-05,0,0,0,1.1003,0.64699,-0.71421,-0.88391,0.75489,0.75593,0.58981,0.79305,0.13389,4.545e-07,9999,1,-1,712.89,4.9805,0.17971,0,0,0,0,0,0,0,0,1,0.64699,0.71421,-0.16605,0,0,0,0,0,10,0.13389,4.545e-07,9999,-1,712.89,4.9805,0.17971,0.64699,0.71421,-0.16605,-2,0.025584,0.64699,1,0.71421,0.41667,1,0.00037679,0.51258,0,0,0,0,0,0,0,1
0,0,0,0,0,0,0,0,0.26457,0.48975,0.30418,1,0.99908,0.084581,-6.6804e-06,3,0,0,0.52437,0.52036,0.89011,-0.12267,0.40098,0.837,0.33715,0.75261,0.20522,6.6804e-06,9999,0,-1,0,3.8574,0.33715,0,0,0,0,0,0,0,0,1,999,999,999,0,0,0,0,0,0,0,0,0,0,0,0,0,0,0,0,0,0,0,0,0,-0.42489,1,0.99908,0.017967,0,0,0,0,0,0,0,0
0,0,0,0,0,0,0,0,0.34801,0.5096,0.89841,-1,0.016436,-0.00011838,-0.00010428,2,2,0.49775,0.6822,999,999,999,0.8334,0.54299,0.77098,0.35729,0.21717,4.5876e-07,9999,1,1,751.95,3.8574,0.18187,0,0,0,0,0,0,0,0,1,0.54103,0.71852,-0.86061,0,0,0,0,0,10,0.21717,4.5876e-07,9999,1,751.95,3.8574,0.18187,0.54103,0.71852,-0.86061,0,0.0010397,0.54103,-1,0.71852,0.1508,-1,-0.00011838,-0.00068708,0,0,0,0,0,0,0,0
0.3249,1.2261,-0.98077,-1,0,0,0,0,0.38174,0.39087,0.0099992,-1,-0.0006222,-1.6491e-05,-5.8006e-06,0,0,0,0.68301,999,999,999,0.56567,0.44019,0.46901,0.82354,0.2188,5.8303e-07,9999,1,1,625,4.541,0.23077,0,0,0,0,0,0,0,0,1,999,999,999,0,0,0,0,0,0,0,0,0,0,0,0,0,0,0,0,0,0,0,0,0,0.39027,-1,-5.8006e-06,-0.016329,0.3249,1.2261,-0.98077,-1,1,0.00068626,0.52609,0
0,0,0,0,0,0,0,0,0.60084,0.3973,0.37754,1,-0.75383,8.4741e-05,3.8951e-06,0,0,0,0.65821,999,999,999,0.10638,0.74076,0.31987,0,0,0,0,0,0,0,0,0,0,0,0,0,0,0,0,0,0,0,0,0,0,0,0,0,0,0,0,0,0,0,0,0,0,0,0,0,0,0.013482,0.60084,1,0.63873,0,0,0,0,0,0,0,0,0,0,0,0
0,0,0,0,0,0,0,0,1.5091,0.30103,-0.74734,-1,-0.034774,0.00063246,-0.00039228,2,1,0.49778,0.73439,999,999,999,0.96704,0.37938,0.68117,0.62687,0.20502,1.2131e-06,9999,1,1,615.23,4.1992,0.23069,0,0,0,0,0,0,0,0,1,999,999,999,0,0,0,0,0,0,0,0,0,0,0,0,0,0,0,0,0,0.00099768,1.5091,-1,0.95029,0.53072,-1,-0.034774,-0.0057316,0,0,0,0,0,0,0,0
0,0,0,0,0,0,0,0,0.49239,0.43054,0.00036337,-1,-0.91177,4.3255e-05,-3.9999e-06,2,1,0.49935,0.67442,999,999,999,0.3763,0.56066,0.32187,0,0,0,0,0,0,0,0,0,0,0,0,0,0,0,0,0,0,0,0,0,0,0,0,0,0,0,0,0,0,0,0,0,0,0,0,0,0,0,0,0,0,0,0,0,0,0,0,0,0,0,0,0,1
0,0,0,0,0,0,0,0,0.67533,1.4763,-0.39321,-1,2.7916e-05,-2.5296e-05,-1.5226e-05,1,0,0,0.65456,999,999,999,0.49844,0.4864,0.43242,0,0,0,0,0,0,0,0,0,0,0,0,0,0,0,0,0,0,0,0,0,0,0,0,0,0,0,0,0,0,0,0,0,0,0,0,0,0,0.0065658,0.67533,-1,0.882,0,0,0,0,0,0,0,0,0,0,0,1
0,0,0,0,0,0,0,0,0.71141,0.42324,-0.28803,1,-0.99704,0.9892,-6.453e-06,1,1,0.49806,0.84256,999,999,999,0.55096,0.65585,0.47658,0.51295,0.090819,4.0259e-07,9999,0,1,1054.7,15.82,0.14927,0,0,0,0,0,0,0,0,1,999,999,999,0,0,0,0,0,0,0,0,0,0,0,0,0,0,0,0,0,0.0083529,0.71141,1,0.91297,0.91698,-1,-0.99704,-0.57102,0,0,0,0,0,0,0,1
0,0,0,0,0,0,0,0,0.85821,0.51803,-0.63575,1,-0.15335,5.0801e-05,8.5991e-06,2,0,0,0.93252,999,999,999,0.61881,0.59307,0.38187,0.048264,0.062772,1.2261e-06,9999,0,1,0,3.5645,0.07177,1,0,-2.3453,-0.49168,-0.80939,0.39256,0.034973,0.36682,1,999,999,999,0,0,0,0,0,10,0.16376,5.7318e-07,9999,-1,625,3.6621,0.22766,0.85821,0.78316,-0.75025,-3,0.0026753,0.85821,1,0.78316,0.69072,-1,-0.15335,-0.63983,0,0,0,0,0,0,0,0
1.427,0,-0.87653,-1,0,0,0,0,0.71717,0.065941,0.38295,1,-0.99998,0.91896,-0.0074323,0,0,0,1.553,999,999,999,0.24685,1.0685,1.4001,0,0,0,0,0,0,0,0,0,0,0,0,0,0,0,0,0,0,0,0,0,0,0,0,0,0,0,0,0,0,0,0,0,0,0,0,0,0,0.017361,1.427,-1,0.9541,0,0,0,0,0,0,0,0,0,0,0,0
0,0,0,0,0,0,0,0,0.68516,2.0313,-0.64531,-1,-0.97319,4.7619e-06,-1.2557e-06,1,0,0,0.73408,999,999,999,0.95026,0.33512,0.12766,0.95209,0.084892,1.2296e-06,9999,1,-1,0,8.8867,0.11592,0,0,0,0,0,0,0,0,1,999,999,999,0,0,0,0,0,0,0,0,0,0,0,0,0,0,0,0,0,0.015765,0.68516,-1,0.94649,0.8888,1,4.7619e-06,0.83204,0,0,0,0,0,0,0,0
0,0,0,0,0,0,0,0,0.59435,0.69359,-0.79413,1,5.1467e-05,-5.2261e-07,0,0,0,0,0.60703,999,999,999,0.59675,0.2099,0,0.66419,0.19526,5.2261e-07,9999,1,-1,576.17,4.9805,0.2099,0,0,0,0,0,0,0,0,1,0.59435,0.94796,-0.7569,0,0,0,0,0,10,0.19526,5.2261e-07,9999,-1,576.17,4.9805,0.2099,0.59435,0.94796,-0.7569,-4,0.014657,0.59435,1,0.94796,-0.7569,1,5.1467e-05,0.01652,0,0,0,0,0,0,0,1
0,0,0,0,0,0,0,0,1.2593,0.42447,-0.94333,-1,-0.14456,-0.00023385,7.0413e-05,0,0,0,1.3621,999,999,999,1.0079,0.63906,0.68542,0,0,0,0,0,0,0,0,0,0,0,0,0,0,0,0,0,0,0,0,0,0,0,0,0,0,0,0,0,0,0,0,0,0,0,0,0,0,0.0043616,1.2593,-1,0.76708,0,0,0,0,0,0,0,0,0,0,0,1
0,0,0,0,0,0,0,0,0.51472,0.56585,0.84922,1,0.00073571,-1.1719e-05,-1.1895e-06,0,0,0,0.58848,999,999,999,0.75453,0.51743,0.33145,0.89405,0.2037,6.5274e-07,9999,1,1,468.75,5.1758,0.25029,0,0,0,0,0,0,0,0,1,0.52854,0.65196,-0.32408,0,0,0,0,0,10,0.2037,6.5274e-07,9999,1,468.75,5.1758,0.25029,0.52854,0.65196,-0.32408,0,0.015885,0.52854,-1,0.65196,-0.32408,-1,-1.1895e-06,-0.1596,0,0,0,0,0,0,0,0
0,0,0,0,0,0,0,0,0.8824,0.83828,-0.53259,-1,0.98771,-0.051152,0.02766,0,0,0,1.3633,0.65533,0.55771,-0.40904,0.68918,1.176,1.0126,0.95711,0.14638,3.4437e-07,9999,1,-1,280.76,12.305,0.10196,0,0,0,0,0,0,0,0,1,0.65533,0.55771,-0.51599,0,0,0,0,0,10,0.14638,3.4437e-07,9999,-1,280.76,12.305,0.10196,0.65533,0.55771,-0.51599,-2,0.0051021,0.8824,-1,0.7688,0.65774,1,0.98771,0.80294,0,0,0,0,0,0,0,1
0.31411,1.6042,-0.74044,1,0,0,0,0,0.8129,1.6733,-0.012837,-1,0.97324,0.97282,-0.96009,0,0,0,0.98741,999,999,999,0.56769,0.42075,1.2027,0.67555,0.24666,2.5635e-06,9999,0,-1,468.75,4.4922,0.28842,0,0,0,0,0,0,0,0,1,999,999,999,0,0,0,0,0,10,0.23364,0.97282,9999,1,771.48,7.7148,0.42075,0.8129,0.8021,-0.32243,22,0.010041,0.8129,-1,0.8021,-0.047819,1,0.97324,0.00022476,0.31411,1.6042,-0.74044,1,1,0.0091872,0.24725,1
0,0,0,0,0,0,0,0,0.94034,1.1077,-0.38414,-1,-0.0038851,-0.0012414,3.3933e-05,0,0,0,1.0632,999,999,999,0.41789,1.0749,0.52481,0.71488,0.09338,1.5119e-06,9999,1,-1,0,6.543,0.17864,0,0,0,0,0,0,0,0,1,999,999,999,0,0,0,0,0,0,0,0,0,0,0,0,0,0,0,0,0,0.015047,0.94034,-1,0.94167,0.67823,1,3.3933e-05,0.66033,0,0,0,0,0,0,0,0
0.48484,1.0271,-0.1608,1,0,0,0,0,0.52846,0.58188,0.84912,1,0.99518,0.00082064,-1.6132e-06,0,0,0,0.69971,999,999,999,0.55171,0.44363,0.36361,0.82946,0.070767,1.2787e-06,9999,1,-1,0,3.9551,0.0509,0,0,0,0,0,0,0,0,1,999,999,999,0,0,0,0,0,0,0,0,0,0,0,0,0,0,0,0,0,0.017156,0.52846,1,0.98882,0.80492,1,0.99518,0.74617,0.48484,1.0271,-0.1608,1,1,0.023789,0.60231,1
0,0,0,0,0,0,0,0,0.46571,0.86467,0.092111,1,-0.98463,3.3703e-05,8.4273e-07,0,0,0,0.63307,999,999,999,0.69571,0.52362,0.28864,0,0,0,0,0,0,0,0,0,0,0,0,0,0,0,0,0,0,0,0,0,0,0,0,0,0,0,0,0,0,0,0,0,0,0,0,0,0,0,0,0,0,0,0,0,0,0,0,0,0,0,0,0,0
0,0,0,0,0,0,0,0,0.58323,0.93966,0.36662,1,-0.99983,0.12419,-0.00022552,1,0,0,0.6896,999,999,999,0.3198,0.82466,0.25716,0.79308,0.098876,4.514e-07,9999,0,1,742.19,5.957,0.1781,0,0,0,0,0,0,0,0,1,999,999,999,0,0,0,0,0,10,0.23418,0.99983,9999,-1,1699.2,14.062,0.3198,0.58323,0.48861,-0.52439,-3,0.0037037,0.58323,1,0.48861,-0.059351,-1,-0.99983,-0.6753,0,0,0,0,0,0,0,0
1.219,0.05909,-0.78286,1,0,0,0,0,0.16964,0.15502,-0.47198,-1,0.78694,0.0011221,-3.5511e-07,1,0,0,1.3321,1.219,0.97929,-0.29811,0.96367,1.5012,0.11216,0.19178,0.16964,3.5511e-07,9999,0,-1,1347.7,9.9609,0.11216,0,0,0,0,0,0,0,0,1,0.6181,0.46672,-0.15748,0,0,0,0,0,10,0.16964,3.5511e-07,9999,-1,1347.7,9.9609,0.11216,0.6181,0.46672,-0.15748,-5,0.0075269,1.219,1,0.97929,-0.15748,1,0.78694,0.015214,0,0,0,0,0,0,0,1
0,0,0,0,0,0,0,0,0.31165,0.32944,0.63048,1,0.0073704,2.2722e-05,-1.1204e-05,3,0,0,0.56149,0.76614,-0.65129,-0.66282,0.45013,0.47393,0.40436,0.93931,0.17622,3.958e-07,9999,1,-1,820.31,6.8359,0.14462,0,0,0,0,0,0,0,0,1,999,999,999,0,0,0,0,0,0,0,0,0,0,0,0,0,0,0,0,0,0.036006,0.76614,1,0.65129,0.90093,1,1.2104e-06,0.62033,0,0,0,0,0,0,0,1
0,0,0,0,0,0,0,0,1.4849,1.0695,-0.98256,1,-0.94808,0.058851,0,0,0,0,1.7653,999,999,999,1.448,1.3271,0,0,0,0,0,0,0,0,0,0,0,0,0,0,0,0,0,0,0,0,0,0,0,0,0,0,0,0,0,0,0,0,0,0,0,0,0,0,0,0.0032152,1.4849,1,0.89828,0,0,0,0,0,0,0,0,0,0,0,0
0,0,0,0,1.238,0,-0.68005,1,0.12651,0.87048,-0.74017,-1,0.13975,-4.6593e-07,0,0,0,0,0.95726,999,999,999,0.97627,0.18542,0,0.24509,0.12651,4.6593e-07,9999,1,-1,664.06,4.834,0.18542,0,0,0,0,0,0,0,0,1,999,999,999,0,0,0,0,0,0,0,0,0,0,0,0,0,0,0,0,0,0.00026991,1.238,1,0.91691,0.03957,1,0.13975,0.2201,0,0,0,0,0,0,0,1
0,0,0,0,0,0,0,0,0.66049,1.1269,-0.81911,1,0.0033973,0.0022728,2.8869e-05,0,0,0,1.0308,0.69004,0.41536,-0.030006,0.72995,0.99698,0.50273,0.82664,0.18947,4.4017e-07,9999,1,-1,693.36,6.3477,0.1721,0,0,0,0,0,0,0,0,1,0.66049,0.32172,-0.048372,0,0,0,0,0,10,0.18947,4.4017e-07,9999,-1,693.36,6.3477,0.1721,0.66049,0.32172,-0.048372,-4,0.0013404,0.69004,1,0.41536,0.68098,1,3.9389e-06,0.12787,0,0,0,0,0,0,0,0
0,0,0,0,0,0,0,0,0.47126,0.8736,0.14222,1,7.7972e-05,-5.9263e-05,-4.032e-05,0,0,0,0.96712,999,999,999,0.64601,0.61935,0.55146,0.86332,0.14307,4.3232e-07,9999,1,1,585.94,4.9316,0.1677,0,0,0,0,0,0,0,0,1,0.53908,0.91323,-0.85375,0,0,0,0,0,10,0.14307,4.3232e-07,9999,1,585.94,4.9316,0.1677,0.53908,0.91323,-0.85375,4,0.0080712,0.62716,-1,0.84013,0.45928,-1,-5.9263e-05,-0.57993,0,0,0,0,0,0,0,0
0,0,0,0,0,0,0,0,0.87924,0.19106,0.24629,-1,-0.057235,-3.398e-05,4.8802e-07,2,1,0.49361,0.94296,-0.71416,-0.91707,-0.83847,1.2172,0.52496,0.19565,0.81101,0.22983,4.8802e-07,9999,0,1,556.64,4.248,0.19565,0,1,0,0,0,0,0,0,1,0.87924,0.97815,-0.80567,0,0,0,0,0,10,0.22983,4.8802e-07,9999,1,556.64,4.248,0.19565,0.87924,0.97815,-0.80567,9,0.0092089,0.87924,-1,0.97815,0.56277,-1,-3.398e-05,-0.0050977,0,0,0,0,0,0,0,0
0,0,0,0,0,0,0,0,0.89854,0.78087,-0.76213,1,-0.29025,0.00064859,4.8233e-05,0,0,0,0.97615,999,999,999,0.88446,0.71074,0.58042,0,0,0,0,0,0,0,0,0,0,0,0,0,0,0,0,0,0,0,0,0,0,0,0,0,0,0,0,0,0,0,0,0,0,0,0,0,0,0.016837,0.89854,1,0.74413,0,0,0,0,0,0,0,0,0,0,0,1
0,0,0,0,0,0,0,0,1.2476,0.11992,-0.61877,-1,0.11557,0.073544,-0.00025776,0,0,0,1.3918,0.62769,0.67272,-0.19615,1.355,1.0195,0.88803,0,0,0,0,0,0,0,0,0,0,0,0,0,0,0,0,0,0,0,0,0,0,0,0,0,0,0,0,0,0,0,0,0,0,0,0,0,0,0.016558,1.2476,-1,0.69401,0,0,0,0,0,0,0,0,0,0,0,0
0,0,0,0,1.2037,0.21513,0.45567,1,0.90621,0,-0.5958,-1,-0.020541,-0.0018385,0.00072155,0,0,0,1.8363,999,999,999,1.2984,2.2696,1.2043,0,0,0,0,0,0,0,0,0,0,0,0,0,0,0,0,0,0,0,0,0,0,0,0,0,0,0,0,0,0,0,0,0,0,0,0,0,0,0.0037795,1.5071,-1,0.91719,0,0,0,0,0,0,0,0,0,0,0,1
0,0,0,0,0,0,0,0,0.59628,0.5916,0.9053,-1,-0.99909,0.88276,-0.0087311,0,0,0,1.4559,-0.59628,-0.26718,-0.76198,0.46749,1.6581,0.79098,0,0,0,0,0,0,0,0,0,0,0,0,0,0,0,0,0,0,0,0,0,0,0,0,0,0,0,0,0,0,0,0,0,0,0,0,0,0,0.031373,1.1801,1,0.99547,0,0,0,0,0,0,0,0,0,0,0,1
0,0,0,0,1.3567,0.043163,-0.30482,-1,0.26332,0.68341,0.019664,1,-0.0025971,4.0106e-06,-1.2133e-06,1,0,0,0.94942,999,999,999,2.127,0.32207,0.082369,0,0,0,0,0,0,0,0,0,0,0,0,0,0,0,0,0,0,0,0,0,0,0,0,0,0,0,0,0,0,0,0,0,0,0,0,0,0,0.039411,1.3567,-1,0.97763,0,0,0,0,0,0,0,0,0,0,0,1
0,0,0,0,1.5662,0,-0.90757,1,0,0,0,0,0.029236,0,0,0,0,0,1.4627,999,999,999,1.4873,0,0,0,0,0,0,0,0,0,0,0,0,0,0,0,0,0,0,0,0,0,0,0,0,0,0,0,0,0,0,0,0,0,0,0,0,0,0,0,0,0.014464,1.5662,1,0.98307,0,0,0,0,0,0,0,0,0,0,0,1
0,0,0,0,0,0,0,0,0.078206,1.6733,-0.64904,-1,1.8118e-05,-1.2243e-06,1.0037e-06,0,0,0,0.43344,999,999,999,0.44963,0.11269,0.31138,0.80826,0.078206,1.2243e-06,9999,1,-1,0,11.426,0.11269,0,0,0,0,0,0,0,0,1,999,999,999,0,0,0,0,0,0,0,0,0,0,0,0,0,0,0,0,0,0,0,0,0,-0.84683,1,1.0037e-06,0.72978,0,0,0,0,0,0,0,0
0,0,0,0,0,0,0,0,1.3063,1.6363,-0.016033,1,0.04189,-0.0015973,-1.6912e-05,0,0,0,1.2781,999,999,999,1.9221,0.97085,0.44268,0.22724,0.074022,1.2427e-06,9999,1,1,0,7.5195,0.12241,0,0,0,0,0,0,0,0,1,0.71759,0.8071,-0.39084,0,0,0,0,0,10,0.074022,1.2427e-06,9999,1,0,7.5195,0.12241,0.71759,0.8071,-0.39084,6,0.0037605,1.3063,1,0.98804,0.17189,-1,-1.6912e-05,-0.56764,0,0,0,0,0,0,0,1
1.5661,0.46653,-0.59268,1,0,0,0,0,0.4947,1.5013,0.33983,-1,0.00037711,-7.7955e-05,-4.2525e-06,1,0,0,1.5456,999,999,999,1.4945,0.71044,0.34264,0.49756,0.21955,4.2525e-06,9999,0,-1,751.95,6.3477,0.34264,0,0,0,0,0,0,0,0,1,999,999,999,0,0,0,0,0,0,0,0,0,0,0,0,0,0,0,0,0,0.0087192,1.5661,1,0.93995,0.33854,1,0.00037711,0.00087747,0.21955,2.0153,-0.8669,-1,2,0.14713,0.49756,1
0,0,0,0,0,0,0,0,0.69381,0.94773,0.87497,1,0.73941,0.045951,-0.0016615,0,0,0,1.1417,0.97986,-0.99845,-0.46951,1.1055,0.80895,0.65201,0,0,0,0,0,0,0,0,0,0,0,0,0,0,0,0,0,0,0,0,0,0,0,0,0,0,0,0,0,0,0,0,0,0,0,0,0,0,0.0016986,0.97986,1,0.99845,0,0,0,0,0,0,0,0,0,0,0,1
0,0,0,0,0,0,0,0,1.1315,0.84415,-0.89778,1,0.95298,-7.2716e-05,-4.8031e-06,0,0,0,1.3601,999,999,999,1.3461,0.69659,0.33578,0.14916,0.2482,2.7036e-06,9999,1,1,454.1,3.6133,0.41037,0,0,0,0,0,0,0,0,1,999,999,999,0,0,0,0,0,0,0,0,0,0,0,0,0,0,0,0,0,0.0012432,1.1315,1,0.87546,0.381,-1,-7.2716e-05,-8.3447e-05,0,0,0,0,0,0,0,1
0,0,0,0,0,0,0,0,0.34342,0.91722,-0.89488,-1,-0.94848,0.08264,-0.00023438,1,0,0,1.0236,999,999,999,0.73734,1.0603,0.55546,0.18735,0.19328,3.7264e-07,9999,1,1,1025.4,8.2031,0.12721,0,0,0,0,0,0,0,0,1,0.7224,0.72815,-0.18398,0,0,0,0,0,10,0.19328,3.7264e-07,9999,1,1025.4,8.2031,0.12721,0.7224,0.72815,-0.18398,0,0.019189,0.7224,-1,0.72815,-0.18398,-1,-0.94848,-0.002268,0,0,0,0,0,0,0,1
0,0,0,0,0,0,0,0,0.65009,0.08634,-0.9949,-1,-0.017616,-3.1059e-06,5.3655e-07,1,0,0,0.64617,999,999,999,0.85612,0.30283,0.21512,0.98099,0.1386,5.3655e-07,9999,1,1,556.64,5.1758,0.21512,0,0,0,0,0,0,0,0,1,999,999,999,0,0,0,0,0,0,0,0,0,0,0,0,0,0,0,0,0,0.0086172,0.65009,-1,0.99962,0.97533,-1,-0.017616,-0.86888,0,0,0,0,0,0,0,0
0,0,0,0,0,0,0,0,0.8939,0,0.073883,-1,-0.99984,-0.16203,-6.3576e-05,0,0,0,0.96444,-0.81547,0.89281,-0.21473,0.31737,1.3013,0.65105,0.70284,0.20445,1.0471e-06,9999,1,1,546.88,3.7109,0.31656,0,0,0,0,0,0,0,0,1,0.8939,0.99273,-0.73916,0,0,0,0,0,10,0.20445,1.0471e-06,9999,1,546.88,3.7109,0.31656,0.8939,0.99273,-0.73916,0,0.011602,0.8939,-1,0.99273,0.15317,-1,-0.99984,-0.011186,0,0,0,0,0,0,0,0
0,0,0,0,0,0,0,0,0.5816,0,0.61143,1,0.96584,-0.091878,-0.062927,1,0,0,1.431,0.5816,-0.83754,-0.8754,1.9042,1.0513,0.97895,0,0,0,0,0,0,0,0,0,0,0,0,0,0,0,0,0,0,0,0,0,0,0,0,0,0,0,0,0,0,0,0,0,0,0,0,0,0,0.048298,1.3117,1,0.96183,0,0,0,0,0,0,0,0,0,0,0,1
0.75412,0.24166,-0.95953,-1,0,0,0,0,0.19728,0,-0.17522,-1,0.26888,-0.17346,2.726e-06,1,0,0,0.56183,999,999,999,1.2285,1.1714,0.25859,0.74517,0.14786,2.726e-06,9999,1,1,0,4.0039,0.25859,0,0,0,0,0,0,0,0,1,999,999,999,0,0,0,0,0,0,0,0,0,0,0,0,0,0,0,0,0,0.027572,0.75412,-1,0.95953,0.59467,-1,-0.17346,-0.33199,0.75412,0.24166,-0.95953,-1,1,0.027572,0.95953,0
1.696,0,-0.88701,-1,0,0,0,0,0.9946,0.092788,0.45563,1,-0.29618,0.0001965,-4.9705e-05,1,0,0,1.7928,-1.696,0.86248,-0.099552,1.0619,0.69644,2.0778,0,0,0,0,0,0,0,0,0,0,0,0,0,0,0,0,0,0,0,0,0,0,0,0,0,0,0,0,0,0,0,0,0,0,0,0,0,0,0.021617,1.696,-1,0.86248,0,0,0,0,0,0,0,0,0,0,0,0
0,0,0,0,0,0,0,0,0.92597,1.3744,-0.56603,1,-0.99591,0.98307,0.46838,0,0,0,1.2348,999,999,999,0.57563,0.63861,1.3282,0.93321,0.15841,4.8519e-07,9999,1,1,683.59,4.6387,0.1944,0,0,0,0,0,0,0,0,1,999,999,999,0,0,0,0,0,10,0.24256,5.6329e-06,9999,1,507.81,3.5645,0.34806,0.88678,0.7805,-0.54597,5,0.01035,0.92597,1,0.91349,0.58176,-1,-0.99591,-0.69597,0,0,0,0,0,0,0,1
0,0,0,0,0,0,0,0,1.5791,0.39759,-0.67501,-1,-0.89935,0.20489,0.00018991,2,1,0.50167,1.931,-0.78874,0.93575,-0.92148,1.8411,1.3311,0.77152,0,0,0,0,0,0,0,0,0,0,0,0,0,0,0,0,0,0,0,0,0,0,0,0,0,0,0,0,0,0,0,0,0,0,0,0,0,0,0.020136,1.5791,-1,0.9789,0,0,0,0,0,0,0,0,0,0,0,0
0,0,0,0,0.65331,1.2169,0.86542,-1,1.4546,0.91149,-0.91192,1,0.53016,-0.0065718,-0.00017847,1,0,0,1.6105,999,999,999,1.4699,0.95555,0.18779,0.61762,0.13758,4.1379e-07,9999,1,1,800.78,5.957,0.15657,0,0,0,0,0,0,0,0,1,999,999,999,0,0,0,0,0,0,0,0,0,0,0,0,0,0,0,0,0,0.095444,1.4546,1,0.99911,0.73975,-1,-2.1867e-06,-0.0031746,0,0,0,0,0,0,0,1
0,0,0,0,0,0,0,0,1.1668,0.74101,0.77115,-1,-0.97112,0.0021836,-0.0010533,1,0,0,1.0608,999,999,999,1.7383,0.49761,0.90417,0.64951,0.12507,3.9938e-07,9999,1,-1,917.97,6.1523,0.14709,0,0,0,0,0,0,0,0,1,999,999,999,0,0,0,0,0,0,0,0,0,0,0,0,0,0,0,0,0,0.0014624,1.1668,-1,0.88581,0.23364,1,0.0021836,0.40885,0,0,0,0,0,0,0,0
0,0,0,0,0,0,0,0,0.89413,0.93897,-0.93554,1,0.015893,1.8013e-05,-2.3396e-06,2,1,0.49869,1.0243,999,999,999,1.1177,0.44904,0.28153,0,0,0,0,0,0,0,0,0,0,0,0,0,0,0,0,0,0,0,0,0,0,0,0,0,0,0,0,0,0,0,0,0,0,0,0,0,0,0.002172,0.89413,1,0.96509,0,0,0,0,0,0,0,0,0,0,0,1
0,0,0,0,0,0,0,0,0.6153,0.48586,-0.84637,1,0.99811,-0.00039686,5.5508e-06,2,0,0,0.75568,999,999,999,0.5131,0.67739,0.34692,0.92255,0.12795,3.4927e-07,9999,1,-1,1181.6,10.254,0.10672,0,0,0,0,0,0,0,0,1,999,999,999,0,0,0,0,0,0,0,0,0,0,0,0,0,0,0,0,0,0.013704,0.6153,1,0.64836,0.69927,1,0.99811,0.75515,0,0,0,0,0,0,0,1
0,0,0,0,0,0,0,0,0.4605,0.60569,-0.1413,1,5.3402e-06,4.3258e-06,-2.3055e-06,0,0,0,0.5537,999,999,999,0.34393,0.32781,0.28042,0,0,0,0,0,0,0,0,0,0,0,0,0,0,0,0,0,0,0,0,0,0,0,0,0,0,0,0,0,0,0,0,0,0,0,0,0,0,0,0,0,0,0,0,0,0,0,0,0,0,0,0,0,0
2.0912,0.36498,-0.93548,-1,0,0,0,0,1.0223,0.45758,0.74924,-1,-0.89796,-0.0053356,3.9e-06,0,0,0,1.1817,-2.0912,-0.9991,-0.89943,1.621,1.3461,0.31996,0,0,0,0,0,0,0,0,0,0,0,0,0,0,0,0,0,0,0,0,0,0,0,0,0,0,0,0,0,0,0,0,0,0,0,0,0,0,0.00757,2.0912,-1,0.9991,0,0,0,0,0,0,0,0,0,0,0,0
0,0,0,0,0,0,0,0,0.51184,0.19219,0.54118,1,0.00019557,9.0976e-05,1.4291e-06,2,0,0,0.55662,999,999,999,0.67895,0.74167,0.16687,0.9325,0.1649,3.8807e-07,9999,0,1,761.72,4.834,0.13908,0,0,0,0,0,0,0,0,1,999,999,999,0,0,0,0,0,10,0.18213,6.7521e-07,9999,-1,541.99,3.2227,0.25579,0.51184,0.87201,-0.57478,-5,0.019468,0.51184,1,0.87201,0.24984,1,0.00019557,0.0036841,0,0,0,0,0,0,0,1
0,0,0,0,0,0,0,0,0.62579,1.0581,0.58763,1,0.063367,0.0414,-5.558e-06,2,0,0,0.7454,999,999,999,0.60979,0.85795,0.46595,0,0,0,0,0,0,0,0,0,0,0,0,0,0,0,0,0,0,0,0,0,0,0,0,0,0,0,0,0,0,0,0,0,0,0,0,0,0,0.08881,0.51889,-1,0.50346,0,0,0,0,0,0,0,0,0,0,0,0
0,0,0,0,0,0,0,0,1.0734,0.081158,-0.51027,1,0.99999,0.11563,-0.059283,1,0,0,1.0241,999,999,999,0.27153,1.5073,1.0906,0,0,0,0,0,0,0,0,0,0,0,0,0,0,0,0,0,0,0,0,0,0,0,0,0,0,0,0,0,0,0,0,0,0,0,0,0,0,0.0059567,1.0734,1,0.87187,0,0,0,0,0,0,0,0,0,0,0,1
0,0,0,0,0,0,0,0,1.5586,0,-0.78498,-1,0.99935,-0.10351,6.6112e-06,1,0,0,1.502,999,999,999,0.44074,2.1106,0.4783,0,0,0,0,0,0,0,0,0,0,0,0,0,0,0,0,0,0,0,0,0,0,0,0,0,0,0,0,0,0,0,0,0,0,0,0,0,0,0.017233,1.5586,-1,0.96125,0,0,0,0,0,0,0,0,0,0,0,0
0,0,0,0,0,0,0,0,0.97454,1.0136,-0.82055,1,0.99296,0.016574,7.6029e-05,0,0,0,1.3565,0.97454,-0.87711,-0.84988,0.5853,1.2354,0.71053,0.65659,0.18937,4.3843e-07,9999,1,-1,683.59,5.8594,0.17114,0,0,0,0,0,0,0,0,1,0.63963,0.98022,-0.70504,0,0,0,0,0,10,0.18937,4.3843e-07,9999,-1,683.59,5.8594,0.17114,0.63963,0.98022,-0.70504,-0,0.00051258,0.97454,1,0.87711,-0.54644,1,0.99296,0.024215,0,0,0,0,0,0,0,1
0,0,0,0,0,0,0,0,0.98978,0.60377,-0.18514,-1,0.021958,-0.00038965,-0.00025569,3,1,0.50163,1.3756,0.77011,-0.98644,-0.66948,0.86169,0.7105,1.0308,0,0,0,0,0,0,0,0,0,0,0,0,0,0,0,0,0,0,0,0,0,0,0,0,0,0,0,0,0,0,0,0,0,0,0,0,0,0,0.002443,0.98978,-1,0.65742,0,0,0,0,0,0,0,0,0,0,0,1
0,0,0,0,0,0,0,0,0.87758,1.5453,-0.82906,-1,-0.0069822,0.00042495,-4.3195e-05,0,0,0,1.2631,-0.62663,0.78146,-0.65425,0.85668,0.99258,0.56331,0,0,0,0,0,0,0,0,0,0,0,0,0,0,0,0,0,0,0,0,0,0,0,0,0,0,0,0,0,0,0,0,0,0,0,0,0,0,0.0011595,0.87758,-1,0.95566,0,0,0,0,0,0,0,0,0,0,0,0
0,0,0,0,0,0,0,0,0.57063,0.27144,0.48919,-1,-0.01768,-0.0031834,-0.00042827,3,0,0,0.78091,-0.57063,0.86834,-0.53991,0.98304,0.69272,0.76042,0.98718,0.093104,1.2429e-06,9999,0,-1,0,7.3242,0.12253,0,0,0,0,0,0,0,0,1,999,999,999,0,0,0,0,0,0,0,0,0,0,0,0,0,0,0,0,0,0.0041252,0.65488,-1,0.52595,0,0,0,0,0,0,0,0,0,0,0,0
0,0,0,0,0,0,0,0,1.055,0.15784,0.052612,1,-0.9993,0.97137,0.67321,0,0,0,1.2746,999,999,999,0.44695,0.91066,1.5791,0,0,0,0,0,0,0,0,0,0,0,0,0,0,0,0,0,0,0,0,0,0,0,0,0,0,0,0,0,0,0,0,0,0,0,0,0,0,0.0051624,1.055,1,0.97741,0,0,0,0,0,0,0,0,0,0,0,0
0.79659,0.76207,0.33408,-1,1.8167,0.5883,-0.99779,1,0.5715,0.76207,-0.039204,-1,0.072598,-0.032961,-1.5949e-05,0,0,0,1.0891,999,999,999,1.1608,1.2326,0.53788,0.71316,0.20044,4.9079e-06,9999,1,1,0,3.8574,0.31266,0,0,0,0,0,0,0,0,1,0.79659,0.62965,-0.080672,0,0,0,0,0,10,0.20044,4.9079e-06,9999,1,0,3.8574,0.31266,0.79659,0.62965,-0.080672,6,0.0050196,1.8167,1,0.92233,-0.0049094,-1,-1.5949e-05,-0.017046,0.79659,0.76207,0.33408,-1,1,0.022951,0.62965,1
0.38221,1.7882,0.76059,1,0,0,0,0,0.68818,1.125,-0.86125,1,0.10047,0.00015114,-0.0001422,1,1,0.50213,1.1783,0.68818,-0.6005,-0.065384,0.9411,0.83111,0.35034,0,0,0,0,0,0,0,0,0,0,0,0,0,0,0,0,0,0,0,0,0,0,0,0,0,0,0,0,0,0,0,0,0,0,0,0,0,0,0.013163,0.51261,-1,0.23219,0,0,0,0,0.38221,1.7882,0.76059,1,1,0.03678,0.45309,0
0,0,0,0,0,0,0,0,0.69815,0.53192,0.93966,1,3.2102e-05,2.4808e-05,-6.007e-07,2,0,0,0.57259,0.69815,-0.30721,-0.72895,0.51698,0.48408,0.23612,0.67201,0.1749,6.007e-07,9999,1,-1,634.77,4.7852,0.23612,0,0,0,0,0,0,0,0,1,999,999,999,0,0,0,0,0,0,0,0,0,0,0,0,0,0,0,0,0,0.018238,0.69815,1,0.30721,0.20485,1,2.4808e-05,0.069639,0,0,0,0,0,0,0,0
0,0,0,0,0,0,0,0,0.42059,0,-0.41323,-1,0.010767,-1.3424e-05,-8.4793e-06,2,1,0.4958,0.37953,999,999,999,0.69319,0.42059,0.38071,0,0,0,0,0,0,0,0,0,0,0,0,0,0,0,0,0,0,0,0,0,0,0,0,0,0,0,0,0,0,0,0,0,0,0,0,0,0,0,0,0,0,0,0,0,0,0,0,0,0,0,0,0,1
0,0,0,0,0,0,0,0,0.99352,0.48597,-0.72589,-1,-0.47291,0.0004736,0.00022449,2,0,0,0.99343,-0.99352,-0.88198,-0.66814,1.376,0.84409,0.25627,0.67721,0.21013,0.00022449,9999,1,1,463.87,0,0.25627,0,0,0,0,0,0,0,0,1,999,999,999,0,0,0,0,0,0,0,0,0,0,0,0,0,0,0,0,0,0.0042049,0.99352,-1,0.88198,0.25056,-1,-5.6172e-05,-0.0054837,0,0,0,0,0,0,0,1
0.27537,0.20267,-0.63295,-1,0,0,0,0,0.47021,0.14015,-0.71977,-1,0.00017529,2.0621e-06,-1.8163e-06,1,0,0,0.45986,999,999,999,0.1392,0.27198,0.2623,0.70802,0.14325,3.5746e-07,9999,1,1,1054.7,10.645,0.11429,0,0,0,0,0,0,0,0,1,999,999,999,0,0,0,0,0,0,0,0,0,0,0,0,0,0,0,0,0,0,0,0,0,0.98352,-1,-1.8163e-06,-0.19839,0.27537,0.20267,-0.63295,-1,1,0.035448,0.58656,0
0,0,0,0,0,0,0,0,1.1748,0.25733,-0.43959,1,0.11855,-0.0072516,1.0033e-05,0,0,0,1.4309,999,999,999,1.7619,1.5564,0.39482,0.66854,0.24963,7.4372e-07,9999,1,-1,498.05,3.3203,0.27076,0,0,0,0,0,0,0,0,1,999,999,999,0,0,0,0,0,0,0,0,0,0,0,0,0,0,0,0,0,0.017668,1.1748,1,0.69924,0.19494,1,0.11855,0.00016785,0,0,0,0,0,0,0,1
0.58411,1.4152,-0.66645,1,0,0,0,0,0.86032,0.2554,0.53461,-1,-0.77422,-0.06807,0.0011707,1,0,0,1.2683,-0.86032,0.97601,-0.92451,0.81501,1.1965,0.74626,0,0,0,0,0,0,0,0,0,0,0,0,0,0,0,0,0,0,0,0,0,0,0,0,0,0,0,0,0,0,0,0,0,0,0,0,0,0,0.0063538,1.0027,-1,0.96045,0,0,0,0,0.58411,1.4152,-0.66645,1,1,0.0012711,0.90513,0
0.65162,1.436,-0.79761,1,0,0,0,0,1.0883,0.96477,-0.27209,-1,0.00096646,-0.00025856,-0.00016863,0,1,0.50215,1.273,999,999,999,0.81577,0.56206,0.90206,0.96228,0.11127,1.7813e-06,9999,1,1,0,5.3223,0.20635,0,0,0,0,0,0,0,0,1,1.0883,0.94266,-0.85987,0,0,0,0,0,10,0.11127,1.7813e-06,9999,1,0,5.3223,0.20635,1.0883,0.94266,-0.85987,0,0.0083094,1.0883,-1,0.94266,0.88219,-1,-0.00012944,-0.84455,0.65162,1.436,-0.79761,1,1,0.0090066,0.44975,1
0,0,0,0,0,0,0,0,0.40868,0.16292,-0.57318,1,-0.17866,5.4355e-05,4.699e-05,2,1,0.49764,0.34718,999,999,999,0.94519,0.6096,0.56802,0.25895,0.055337,1.2093e-06,9999,1,-1,0,4.1016,0.09385,0,0,0,0,0,0,0,0,1,999,999,999,0,0,0,0,0,0,0,0,0,0,0,0,0,0,0,0,0,0,0,0,0,-0.18569,1,4.699e-05,0.64604,0,0,0,0,0,0,0,0
0,0,0,0,0,0,0,0,1.2414,0.1669,-0.96441,1,-0.00017023,0.0001656,-1.4528e-06,1,1,0.50174,1.0602,999,999,999,0.7322,0.93258,0.17049,0.92086,0.13079,3.4285e-07,9999,1,1,722.66,3.2227,0.10045,0,0,0,0,0,0,0,0,1,999,999,999,0,0,0,0,0,0,0,0,0,0,0,0,0,0,0,0,0,0.00029175,1.2414,1,0.98678,0.32633,-1,-1.4528e-06,-0.74627,0,0,0,0,0,0,0,1
0.89942,0.49109,-0.29721,-1,0.75317,0.39439,0.58295,1,1.506,0.082558,-0.41542,1,0.47503,-0.057933,0.00036265,1,0,0,1.7247,0.75317,-0.61927,-0.65535,2.1299,0.8135,2.053,0,0,0,0,0,0,0,0,0,0,0,0,0,0,0,0,0,0,0,0,0,0,0,0,0,0,0,0,0,0,0,0,0,0,0,0,0,0,0.0017926,1.506,1,0.99864,0,0,0,0,0.89942,0.49109,-0.29721,-1,1,0.019387,0.65911,0
0,0,0,0,0,0,0,0,0.5172,0.96893,-0.6078,1,-0.11786,-0.00034469,2.1735e-05,2,0,0,0.85878,999,999,999,0.97761,0.72242,0.46897,0.98293,0.13581,3.7316e-07,9999,0,1,1025.4,8.4961,0.12763,0,0,0,0,0,0,0,0,1,0.54934,0.86716,-0.9423,0,0,0,0,0,10,0.10757,4.8467e-07,9999,-1,761.72,4.8828,0.19416,0.5172,0.99262,-0.19416,-9,0.02966,0.54342,1,0.85166,-0.65779,-1,-0.11786,-0.8745,0,0,0,0,0,0,0,0
0,0,0,0,0,0,0,0,0.44753,0.67579,-0.44062,-1,-0.9673,0.96319,-5.3589e-05,0,0,0,1.2876,999,999,999,0.81742,0.83975,0.6065,0.93636,0.10838,4.9093e-07,9999,1,-1,634.77,5.0293,0.19693,0,0,0,0,0,0,0,0,1,999,999,999,0,0,0,0,0,10,0.21853,9.5105e-07,9999,1,571.29,3.6621,0.30463,0.95649,0.97786,-0.53117,5,0.0016056,0.95649,-1,0.97786,0.79807,-1,-0.9673,-0.69682,0,0,0,0,0,0,0,1
0,0,0,0,0,0,0,0,0.91294,0,-0.98632,-1,-0.71211,8.5299e-07,4.0318e-07,0,0,0,0.58392,999,999,999,1.5018,0.29029,0.14967,0.15885,0.077824,4.0318e-07,9999,1,1,781.25,6.25,0.14967,0,0,0,0,0,0,0,0,1,0.91294,0.98641,-0.083288,0,0,0,0,0,10,0.077824,4.0318e-07,9999,1,781.25,6.25,0.14967,0.91294,0.98641,-0.083288,0,0.029049,0.91294,-1,0.98641,-0.083288,-1,-0.71211,-0.55219,0,0,0,0,0,0,0,0
0,0,0,0,0,0,0,0,0.82203,1.9741,-0.98541,-1,-0.49858,-0.00044204,0.00032961,2,0,0,1.0528,999,999,999,0.78171,0.64375,0.31434,0,0,0,0,0,0,0,0,0,0,0,0,0,0,0,0,0,0,0,0,0,0,0,0,0,0,0,0,0,0,0,0,0,0,0,0,0,0,0.032804,0.82203,-1,0.81133,0,0,0,0,0,0,0,0,0,0,0,1
2.3896,0.10649,-0.98542,1,0,0,0,0,0,0,0,0,0.00011657,-1.3249e-06,0,1,0,0,2.3128,999,999,999,2.3895,0.14736,0,0,0,0,0,0,0,0,0,0,0,0,0,0,0,0,0,0,0,0,0,0,0,0,0,0,0,0,0,0,0,0,0,0,0,0,0,0,0,0.0050638,2.3896,1,0.9946,0,0,0,0,0,0,0,0,0,0,0,1
0,0,0,0,0,0,0,0,1.0359,0.62351,-0.37994,-1,-0.072672,0.0032773,0.00022482,2,0,0,0.92493,999,999,999,1.5879,0.39138,0.67581,0.87236,0.15959,5.1434e-07,9999,1,1,634.77,7.0312,0.20667,0,0,0,0,0,0,0,0,1,1.0359,0.92898,-0.66668,0,0,0,0,0,10,0.15959,5.1434e-07,9999,1,634.77,7.0312,0.20667,1.0359,0.92898,-0.66668,0,0.02985,1.0359,-1,0.92898,-0.66668,-1,-0.072672,-0.49563,0,0,0,0,0,0,0,1
0,0,0,0,0,0,0,0,0.21575,1.07,0.14628,1,-0.020023,3.012e-06,2.9366e-06,0,0,0,0.7054,999,999,999,1.0145,0.30052,0.29862,0.54746,0.21575,3.012e-06,9999,1,1,527.34,3.418,0.30052,0,0,0,0,0,0,0,0,1,0.69805,0.94283,-0.59843,0,0,0,0,0,10,0.21575,3.012e-06,9999,1,527.34,3.418,0.30052,0.69805,0.94283,-0.59843,6,0.011845,0.69805,-1,0.94283,-0.15015,-1,-0.020023,-0.00089858,0,0,0,0,0,0,0,1
0,0,0,0,0,0,0,0,0.34601,0.22943,0.78567,1,-0.00060274,0.00025478,-3.8771e-05,1,0,0,0.88852,999,999,999,0.78096,0.2784,0.54508,0,0,0,0,0,0,0,0,0,0,0,0,0,0,0,0,0,0,0,0,0,0,0,0,0,0,0,0,0,0,0,0,0,0,0,0,0,0,0.0027174,0.72707,-1,0.91648,0,0,0,0,0,0,0,0,0,0,0,0
0,0,0,0,0,0,0,0,1.1804,1.5264,0.8427,1,-0.13635,0.032027,0.022564,0,0,0,1.8661,-0.81484,0.75474,-0.41575,0.77264,1.4574,1.2989,0.99646,0.20192,5.614e-07,9999,0,1,566.41,4.0039,0.2238,0,0,0,0,0,0,0,0,1,0.81484,0.75474,-0.72528,0,0,0,0,0,10,0.18363,1.1615e-06,9999,1,449.22,6.3477,0.31931,0.83188,0.90649,-0.63485,0,0.00046958,1.1804,1,0.99698,0.91233,-1,-0.13635,-0.73814,0,0,0,0,0,0,0,0
0,0,0,0,0,0,0,0,0.80413,0.47499,-0.87117,-1,-2.4215e-05,0,0,0,0,0,0.49131,999,999,999,0.56148,0,0,0,0,0,0,0,0,0,0,0,0,0,0,0,0,0,0,0,0,0,0,0,0,0,0,0,0,0,0,0,0,0,0,0,0,0,0,0,0,0.0057998,0.80413,-1,0.69285,0,0,0,0,0,0,0,0,0,0,0,0
0.76191,0.93116,-0.94607,-1,0,0,0,0,0.66678,0.76042,0.43482,-1,-0.14378,-0.067843,-0.02873,2,0,0,1.0812,-0.66678,0.87547,-0.5992,0.6144,0.91496,0.99699,0.36033,0.1313,1.2189e-06,9999,0,1,0,26.953,0.076783,0,0,0,0,0,0,0,0,1,0.76191,0.93175,-0.6334,0,0,0,0,0,10,0.1313,1.2189e-06,9999,1,0,26.953,0.076783,0.76191,0.93175,-0.6334,0,0.014195,0.66678,-1,0.87547,0.78019,-1,-0.067843,-0.0011448,0.47814,1.135,-0.92961,-1,2,0.015838,0.90909,1
0,0,0,0,0,0,0,0,0.76179,1.2114,0.57875,1,0.9979,0.011095,0,0,0,0,0.82703,999,999,999,0.51197,0.88169,0,0,0,0,0,0,0,0,0,0,0,0,0,0,0,0,0,0,0,0,0,0,0,0,0,0,0,0,0,0,0,0,0,0,0,0,0,0,0,0.011752,0.76179,1,0.99798,0,0,0,0,0,0,0,0,0,0,0,1
0,0,0,0,0,0,0,0,0.63094,1.3374,0.16986,-1,-0.99978,-0.0084293,-0.0025046,0,0,0,0.94033,-0.63094,0.92578,-0.86501,0.38013,1.0032,0.64633,0.054426,0.11891,4.286e-07,9999,1,1,771.48,7.7148,0.16555,0,0,0,0,0,0,0,0,1,0.51178,0.7459,-0.06861,0,0,0,0,0,10,0.11891,4.286e-07,9999,1,771.48,7.7148,0.16555,0.51178,0.7459,-0.06861,0,0.011093,0.68216,-1,0.67088,0.28536,-1,-0.99978,-0.22244,0,0,0,0,0,0,0,0
0,0,0,0,0,0,0,0,1.5921,0.88646,-0.70154,1,-0.99938,0.96794,-3.1554e-05,0,0,0,1.6815,999,999,999,0.43809,2.0388,0.51452,0,0,0,0,0,0,0,0,0,0,0,0,0,0,0,0,0,0,0,0,0,0,0,0,0,0,0,0,0,0,0,0,0,0,0,0,0,0,0.0096618,1.5921,1,0.92197,0,0,0,0,0,0,0,0,0,0,0,0
0,0,0,0,0,0,0,0,1.0153,1.0613,-0.9207,1,0.99069,0.00010336,-5.0702e-05,0,0,0,0.96194,1.0153,-0.72614,-0.59158,0.67943,0.7498,0.59033,0,0,0,0,0,0,0,0,0,0,0,0,0,0,0,0,0,0,0,0,0,0,0,0,0,0,0,0,0,0,0,0,0,0,0,0,0,0,0.00038458,1.0153,1,0.72614,0,0,0,0,0,0,0,0,0,0,0,1
0,0,0,0,0,0,0,0,1.7862,0.10671,0.25475,-1,0.99999,0.015574,-0.011747,0,0,0,1.8646,0.64919,-0.22023,-0.47597,0.24862,0.8035,2.3107,0,0,0,0,0,0,0,0,0,0,0,0,0,0,0,0,0,0,0,0,0,0,0,0,0,0,0,0,0,0,0,0,0,0,0,0,0,0,0.019383,1.7862,-1,0.99915,0,0,0,0,0,0,0,0,0,0,0,1
0,0,0,0,0,0,0,0,0.95728,1.158,-0.96431,-1,-0.14101,-0.0027898,0.00021025,0,0,0,1.0399,999,999,999,1.5337,0.98317,0.24259,0.91712,0.22081,0.00021025,9999,1,1,664.06,0,0.24259,0,0,0,0,0,0,0,0,1,0.95728,0.85092,-0.67928,0,0,0,0,0,10,0.22081,0.00021025,9999,1,664.06,0,0.24259,0.95728,0.85092,-0.67928,5,0.0050627,0.95728,-1,0.85092,-0.67928,-1,-0.14101,-0.092281,0,0,0,0,0,0,0,0
0.40545,0.50586,0.1699,1,0,0,0,0,1.5421,0.36628,-0.96329,1,0.43296,0.021463,-0.00031648,3,0,0,1.3607,1.5421,-0.95273,-0.3942,0.62735,1.2639,0.48458,0.70409,0.13606,5.0196e-07,9999,0,1,576.17,4.1504,0.20163,0,0,0,0,0,0,0,0,1,0.68671,0.8659,-0.81404,0,0,0,0,0,10,0.13606,5.0196e-07,9999,1,576.17,4.1504,0.20163,0.68671,0.8659,-0.81404,11,0.011155,1.5421,1,0.95273,-0.67151,-1,-0.00017964,-0.37649,0.40545,0.50586,0.1699,1,1,0.16757,0.47526,0
0,0,0,0,0,0,0,0,0.75705,0.66999,-0.35646,-1,-0.2879,-8.5932e-05,4.3027e-05,2,0,0,1.1615,-0.71294,-0.92097,-0.23147,1.2067,0.71397,0.56248,0.76376,0.21225,4.8587e-07,9999,1,1,620.12,4.6387,0.1947,0,0,0,0,0,0,0,0,1,0.75705,0.38608,-0.21317,0,0,0,0,0,10,0.21225,4.8587e-07,9999,1,620.12,4.6387,0.1947,0.75705,0.38608,-0.21317,5,0.035811,0.71294,-1,0.92097,0.94912,-1,-8.5932e-05,-0.01166,0,0,0,0,0,0,0,1
0,0,0,0,2.0092,0.085293,-0.97006,1,0,0,0,0,0.00061275,-1.7719e-06,0,1,0,0,1.9054,999,999,999,1.9565,0.20555,0,0,0,0,0,0,0,0,0,0,0,0,0,0,0,0,0,0,0,0,0,0,0,0,0,0,0,0,0,0,0,0,0,0,0,0,0,0,0,0.0011901,2.0092,1,0.97815,0,0,0,0,0,0,0,0,0,0,0,1
0.3219,1.5956,-0.24837,1,0,0,0,0,1.2827,0.5431,0.034813,-1,0.99928,-0.96938,-0.13845,0,0,0,1.626,999,999,999,0.44762,1.8029,1.0522,0.94863,0.17161,5.4744e-07,9999,1,1,620.12,4.6875,0.21902,0,0,0,0,0,0,0,0,1,0.862,0.5339,-0.76364,0,0,0,0,0,10,0.17161,5.4744e-07,9999,1,620.12,4.6875,0.21902,0.862,0.5339,-0.76364,2,0.0020172,1.2827,-1,0.93777,0.78001,-1,-0.96938,-0.69038,0.3219,1.5956,-0.24837,1,1,0.0065314,0.61887,0
0,0,0,0,0,0,0,0,0.50525,0.36749,0.56316,-1,-0.0001771,3.8996e-05,-2.4551e-05,2,0,0,0.65591,999,999,999,0.12914,0.54602,0.4828,0.41948,0.095149,3.3811e-07,9999,1,1,664.06,3.8574,0.095616,0,0,0,0,0,0,0,0,1,0.50525,0.84936,-0.10695,0,0,0,0,0,10,0.095149,3.3811e-07,9999,1,664.06,3.8574,0.095616,0.50525,0.84936,-0.10695,11,0.020324,0.50525,-1,0.84936,0.44208,-1,-1.2254e-06,-0.49338,0,0,0,0,0,0,0,1
0,0,0,0,1.7775,0.13512,-0.65558,-1,0.94606,0.28756,0.50486,1,-0.96038,-0.017539,0.013526,0,0,0,1.8415,999,999,999,0.84948,1.5254,1.3451,0.25457,0.12915,4.8504e-07,9999,1,1,644.53,4.3457,0.19433,0,0,0,0,0,0,0,0,1,1.7775,0.98558,-0.40504,0,0,0,0,0,10,0.12915,4.8504e-07,9999,1,644.53,4.3457,0.19433,1.7775,0.98558,-0.40504,2,0.01305,1.7775,-1,0.98558,0.71555,-1,-0.96038,-0.20281,0,0,0,0,0,0,0,0
0,0,0,0,1.4684,0.48866,-0.52642,1,0.64789,1.1487,-0.47867,-1,0.040571,-2.6147e-05,6.0715e-07,2,0,0,1.5253,999,999,999,1.4865,0.49039,0.23799,0.8563,0.13241,3.8141e-07,9999,0,-1,957.03,6.4453,0.13411,0,0,0,0,0,0,0,0,1,1.4684,0.94694,-0.81943,0,0,0,0,0,10,0.13241,3.8141e-07,9999,-1,957.03,6.4453,0.13411,1.4684,0.94694,-0.81943,-2,0.026029,1.4684,1,0.94694,-0.81943,1,0.040571,0.61885,0,0,0,0,0,0,0,1
1.3858,0.46117,-0.59856,1,0,0,0,0,0.43955,0,0.51588,-1,5.4124e-05,4.8357e-05,-4.4379e-05,1,0,0,1.3376,1.3858,0.72631,-0.46742,0.60856,2.1149,0.56817,0.87966,0.13749,4.8434e-07,9999,0,-1,644.53,4.2969,0.19401,0,0,0,0,0,0,0,0,1,1.3858,0.72631,-0.39822,0,0,0,0,0,10,0.13749,4.8434e-07,9999,-1,644.53,4.2969,0.19401,1.3858,0.72631,-0.39822,-2,0.0045173,1.3858,1,0.72631,0.88629,1,5.4124e-05,0.64068,0,0,0,0,0,0,0,1
1.7699,0,0.27554,1,0,0,0,0,1.1267,1.4861,-0.47905,-1,0.98896,-0.086953,8.8343e-05,0,0,0,2.2056,1.7699,0.97645,-0.71815,0.70868,1.3128,2.0784,0,0,0,0,0,0,0,0,0,0,0,0,0,0,0,0,0,0,0,0,0,0,0,0,0,0,0,0,0,0,0,0,0,0,0,0,0,0,0.017439,1.7699,1,0.97645,0,0,0,0,0,0,0,0,0,0,0,1
1.1271,0,-0.97487,1,0,0,0,0,0.31552,0,0.81634,-1,0.00023338,-5.3355e-05,0,0,0,0,0.87663,999,999,999,0.87163,0.48318,0,0,0,0,0,0,0,0,0,0,0,0,0,0,0,0,0,0,0,0,0,0,0,0,0,0,0,0,0,0,0,0,0,0,0,0,0,0,0,0.0058253,1.1271,1,0.99409,0,0,0,0,0,0,0,0,0,0,0,0
1.8757,0.053463,-0.82071,1,0,0,0,0,0.8483,0.56985,0.3517,-1,0.97848,-0.00012214,6.0769e-05,0,0,0,1.9869,999,999,999,0.74567,0.62162,2.5003,0,0,0,0,0,0,0,0,0,0,0,0,0,0,0,0,0,0,0,0,0,0,0,0,0,0,0,0,0,0,0,0,0,0,0,0,0,0,0.0065033,1.8757,1,0.97223,0,0,0,0,0,0,0,0,0,0,0,1
0,0,0,0,1.1577,0.84056,-0.28491,1,1.2982,0.096943,-0.67488,-1,0.99714,0.14391,-0.035939,0,0,0,1.6213,1.1577,0.66692,-0.41968,0.54723,1.7763,1.3417,0,0,0,0,0,0,0,0,0,0,0,0,0,0,0,0,0,0,0,0,0,0,0,0,0,0,0,0,0,0,0,0,0,0,0,0,0,0,0.00019173,1.2982,-1,0.96615,0,0,0,0,0,0,0,0,0,0,0,1
0,0,0,0,0,0,0,0,1.1347,0.39395,0.51099,1,0.92838,0.00050564,-2.4862e-05,0,0,0,1.553,0.79668,-0.9171,-0.88064,1.2371,0.89003,0.48423,0,0,0,0,0,0,0,0,0,0,0,0,0,0,0,0,0,0,0,0,0,0,0,0,0,0,0,0,0,0,0,0,0,0,0,0,0,0,0.015969,1.1347,1,0.97385,0,0,0,0,0,0,0,0,0,0,0,1
0,0,0,0,0,0,0,0,0.48358,1.4422,-0.81704,1,0.99872,0.00012047,5.0988e-05,1,0,0,0.814,0.53312,0.98718,-0.89929,0.48436,0.78232,0.58713,0.94094,0.089988,1.2195e-06,9999,0,-1,0,28.125,0.076306,0,0,0,0,0,0,0,0,1,0.53312,0.98718,-0.96988,0,0,0,0,0,10,0.089988,1.2195e-06,9999,-1,0,28.125,0.076306,0.53312,0.98718,-0.96988,-0,0.015256,0.53312,1,0.98718,0.76576,1,0.99872,0.81652,0,0,0,0,0,0,0,1
0,0,0,0,0,0,0,0,0.93056,1.0161,-0.72731,1,0.002355,1.3087e-06,-8.1347e-07,1,0,0,0.83227,999,999,999,0.81609,0.043083,0.28373,0.53166,0.071936,1.3087e-06,9999,0,1,0,3.418,0.043083,0,0,0,0,0,0,0,0,1,999,999,999,0,0,0,0,0,0,0,0,0,0,0,0,0,0,0,0,0,0.020192,0.93056,1,0.51906,0.46006,1,0.002355,0.0034869,0,0,0,0,0,0,0,1
0,0,0,0,0,0,0,0,0.5216,0.070375,-0.35872,-1,0.83481,-0.65722,0.00099395,1,0,0,0.52686,999,999,999,0.572,0.80449,0.42578,0,0,0,0,0,0,0,0,0,0,0,0,0,0,0,0,0,0,0,0,0,0,0,0,0,0,0,0,0,0,0,0,0,0,0,0,0,0,0.025355,0.5216,-1,0.77048,0,0,0,0,0,0,0,0,0,0,0,0
0,0,0,0,2.1436,0,-0.7889,1,0.74342,0.73526,-0.11834,-1,0.0054323,-5.7928e-05,0,0,0,0,2.0047,999,999,999,1.9094,0.62123,0,0,0,0,0,0,0,0,0,0,0,0,0,0,0,0,0,0,0,0,0,0,0,0,0,0,0,0,0,0,0,0,0,0,0,0,0,0,0,0.0036612,2.1436,1,0.92362,0,0,0,0,0,0,0,0,0,0,0,1
0,0,0,0,0,0,0,0,0.65757,0,-0.72206,-1,0.00073208,-0.00072889,0,0,0,0,0.77829,999,999,999,0.80152,0.97891,0,0,0,0,0,0,0,0,0,0,0,0,0,0,0,0,0,0,0,0,0,0,0,0,0,0,0,0,0,0,0,0,0,0,0,0,0,0,0,0.0046133,0.65757,-1,0.90345,0,0,0,0,0,0,0,0,0,0,0,0
0,0,0,0,1.4568,0.13627,-0.39768,1,0.20672,1.4668,-0.52086,-1,0.03823,4.2347e-05,-1.569e-06,0,0,0,1.541,0.55292,0.96271,-0.89963,1.5034,0.55983,0.1856,0.70216,0.20672,1.569e-06,9999,1,-1,0,5.2246,0.1856,0,0,0,0,0,0,0,0,1,1.4568,0.98104,-0.56891,0,0,0,0,0,10,0.20672,1.569e-06,9999,-1,0,5.2246,0.1856,1.4568,0.98104,-0.56891,-5,0.0002317,1.4568,1,0.98104,0.76968,1,4.2347e-05,0.0092295,0,0,0,0,0,0,0,1
0,0,0,0,0.8073,0.2758,-0.96504,-1,0.74651,0.46031,-0.35626,1,0.051465,0.0060775,-0.00075123,2,1,0.49732,1.2137,0.74651,-0.66824,-0.44865,1.3936,0.61225,0.96415,0,0,0,0,0,0,0,0,0,0,0,0,0,0,0,0,0,0,0,0,0,0,0,0,0,0,0,0,0,0,0,0,0,0,0,0,0,0,0.022194,0.90281,1,0.92849,0,0,0,0,0,0,0,0,0,0,0,0
0,0,0,0,0,0,0,0,0.97997,0.52973,0.45734,1,0.033209,0.00080892,-6.831e-07,0,0,0,1.0933,0.65785,-0.33886,-0.4687,1.3998,0.59195,0.25765,0.37773,0.22488,6.831e-07,9999,1,-1,507.81,3.3691,0.25765,0,0,0,0,0,0,0,0,1,0.65785,0.33886,-0.69876,0,0,0,0,0,10,0.22488,6.831e-07,9999,-1,507.81,3.3691,0.25765,0.65785,0.33886,-0.69876,-6,0.040066,0.97997,1,0.945,0.9055,1,0.00080892,0.0002067,0,0,0,0,0,0,0,0
0,0,0,0,0,0,0,0,0.34594,0.37934,0.10137,-1,-0.37736,-0.00024853,3.4056e-05,0,0,0,0.92594,999,999,999,0.69263,0.92236,0.52535,0.9104,0.16065,6.13e-07,9999,1,-1,566.41,3.7109,0.23966,0,0,0,0,0,0,0,0,1,999,999,999,0,0,0,0,0,10,0.16396,6.4941e-07,9999,1,615.23,3.4668,0.24944,0.68246,0.62169,-0.42605,4,0.010319,0.68246,-1,0.62169,-0.22911,-1,-0.37736,-0.22579,0,0,0,0,0,0,0,1
0,0,0,0,0,0,0,0,1.1436,1.1719,-0.50318,-1,-0.94871,0.00010925,-9.7537e-05,0,0,0,1.399,-0.85349,-0.80247,-0.98681,1.7758,0.78606,0.71281,0.42113,0.13927,5.2245e-07,9999,1,1,571.29,5.4199,0.20984,0,0,0,0,0,0,0,0,1,0.85349,0.80247,-0.87854,0,0,0,0,0,10,0.13927,5.2245e-07,9999,1,571.29,5.4199,0.20984,0.85349,0.80247,-0.87854,0,0.017466,1.1436,-1,0.86701,0.80273,-1,-0.94871,-0.17413,0,0,0,0,0,0,0,0
0,0,0,0,0,0,0,0,0.68874,0.14279,0.40971,-1,0.98476,-0.0036784,-1.4313e-05,1,0,0,0.98563,999,999,999,0.74942,1.0045,0.42656,0.25132,0.22249,3.7172e-07,9999,0,1,664.06,6.1523,0.12647,0,0,0,0,0,0,0,0,1,0.68874,0.88176,-0.67811,0,0,0,0,0,10,0.22249,3.7172e-07,9999,1,664.06,6.1523,0.12647,0.68874,0.88176,-0.67811,8,0.008689,0.68874,-1,0.88176,0.53765,-1,-1.4313e-05,-0.00034582,0,0,0,0,0,0,0,0
0.35092,0.80611,0.1063,-1,0,0,0,0,0.87466,0.062662,-0.41688,-1,-0.084127,-2.0759e-06,0,1,0,0,0.86528,999,999,999,1.163,0.27249,0,0,0,0,0,0,0,0,0,0,0,0,0,0,0,0,0,0,0,0,0,0,0,0,0,0,0,0,0,0,0,0,0,0,0,0,0,0,0,0.018014,0.87466,-1,0.59238,0,0,0,0,0.35092,0.80611,0.1063,-1,1,0.10299,0.44779,1
0,0,0,0,0,0,0,0,0.69817,0.17866,0.084531,-1,-0.13629,-1.8213e-05,1.4772e-05,0,0,0,0.78089,999,999,999,1.091,0.44446,0.42954,0,0,0,0,0,0,0,0,0,0,0,0,0,0,0,0,0,0,0,0,0,0,0,0,0,0,0,0,0,0,0,0,0,0,0,0,0,0,0.024847,0.69817,-1,0.94951,0,0,0,0,0,0,0,0,0,0,0,0
0,0,0,0,0,0,0,0,1.5818,0.064345,-0.45271,-1,-0.010793,4.8736e-05,0,0,0,0,1.5124,999,999,999,1.4845,0.58619,0,0,0,0,0,0,0,0,0,0,0,0,0,0,0,0,0,0,0,0,0,0,0,0,0,0,0,0,0,0,0,0,0,0,0,0,0,0,0,0.013491,1.5818,-1,0.94851,0,0,0,0,0,0,0,0,0,0,0,0
0,0,0,0,0,0,0,0,0.71496,1.3054,-0.85963,1,0.00010073,-9.0646e-05,7.7907e-05,1,0,0,1.021,0.71496,-0.63563,-0.21537,0.88009,0.74917,0.59783,0.67142,0.074099,3.6021e-07,9999,0,1,644.53,4.7363,0.11673,0,0,0,0,0,0,0,0,1,0.5633,0.29775,-0.50755,0,0,0,0,0,10,0.074099,3.6021e-07,9999,1,644.53,4.7363,0.11673,0.5633,0.29775,-0.50755,0,0.0010467,0.71496,1,0.63563,0.98606,-1,-2.3986e-06,-0.72408,0,0,0,0,0,0,0,1
0.50015,1.1393,-0.61809,1,0,0,0,0,0.34151,1.1393,-0.93185,1,0.9645,-4.1192e-05,-1.9919e-05,1,0,0,0.6249,999,999,999,0.59071,0.53682,0.45952,0,0,0,0,0,0,0,0,0,0,0,0,0,0,0,0,0,0,0,0,0,0,0,0,0,0,0,0,0,0,0,0,0,0,0,0,0,0,0.0028663,0.50015,1,0.87749,0,0,0,0,0.50015,1.1393,-0.61809,1,1,0.0028663,0.87749,0
0,0,0,0,0,0,0,0,1.1193,0.87247,-0.96723,1,0.88432,5.2413e-05,-8.0185e-06,0,1,0.49857,1.2005,999,999,999,1.2459,0.60005,0.37612,0.99393,0.11497,3.7251e-07,9999,1,-1,976.56,7.0312,0.1271,0,0,0,0,0,0,0,0,1,999,999,999,0,0,0,0,0,0,0,0,0,0,0,0,0,0,0,0,0,0.0086563,1.1193,1,0.95549,0.94955,1,0.88432,0.89793,0,0,0,0,0,0,0,1
0,0,0,0,0,0,0,0,0.72113,0.36484,-0.96995,1,0.00061074,3.6173e-06,0,1,0,0,0.53494,999,999,999,0.50207,0.31429,0,0,0,0,0,0,0,0,0,0,0,0,0,0,0,0,0,0,0,0,0,0,0,0,0,0,0,0,0,0,0,0,0,0,0,0,0,0,0,0.040177,0.72113,1,0.56167,0,0,0,0,0,0,0,0,0,0,0,0
0,0,0,0,0,0,0,0,0.71444,0.38743,-0.92529,-1,-0.97706,-2.7762e-05,2.763e-05,0,0,0,1.0607,999,999,999,0.79648,0.49781,0.49721,0,0,0,0,0,0,0,0,0,0,0,0,0,0,0,0,0,0,0,0,0,0,0,0,0,0,0,0,0,0,0,0,0,0,0,0,0,0,0.0036474,0.71444,-1,0.96691,0,0,0,0,0,0,0,0,0,0,0,0
0,0,0,0,0,0,0,0,0.92258,0,-0.47596,1,0.0063044,3.1249e-05,4.5671e-07,0,0,0,1.0343,0.50646,-0.79024,-0.067534,1.2216,0.51329,0.18083,0.89398,0.077248,3.4895e-07,9999,1,-1,966.8,7.9102,0.10641,0,0,0,0,0,0,0,0,1,0.92258,0.66313,-0.26411,0,0,0,0,0,10,0.077248,3.4895e-07,9999,-1,966.8,7.9102,0.10641,0.92258,0.66313,-0.26411,-2,0.010054,0.92258,1,0.66313,0.969,1,3.1249e-05,0.77195,0,0,0,0,0,0,0,1
0,0,0,0,0,0,0,0,1.3316,0.61785,-0.811,1,0.89987,-1.9309e-05,-8.7937e-06,0,0,0,0.86778,999,999,999,0.89263,0.45494,0.38372,0.83357,0.18776,1.292e-06,9999,0,1,0,3.9551,0.13916,0,0,0,0,0,0,0,0,1,999,999,999,0,0,0,0,0,0,0,0,0,0,0,0,0,0,0,0,0,0.016599,1.3316,1,0.8414,0.20382,1,0.89987,0.030064,0,0,0,0,0,0,0,1
0,0,0,0,0,0,0,0,0.571,0.23264,0.93114,1,0.99995,0.0074004,-0.00063385,0,0,0,1.0716,0.65971,0.97951,-0.49249,0.29201,1.0088,0.7505,0.641,0.23503,0.99995,9999,1,1,1738.3,10.059,0.29201,0,0,0,0,0,0,0,0,1,999,999,999,0,0,0,0,0,0,0,0,0,0,0,0,0,0,0,0,0,0.015479,0.73444,-1,0.78614,0.90629,-1,-0.00063385,-3.4299e-06,0,0,0,0,0,0,0,1
0,0,0,0,0,0,0,0,0.71081,1.163,-0.92861,-1,-0.24247,-0.00055301,-7.5115e-06,2,0,0,0.54157,-0.71081,-0.97263,-0.82918,1.1354,0.55497,0.48721,0,0,0,0,0,0,0,0,0,0,0,0,0,0,0,0,0,0,0,0,0,0,0,0,0,0,0,0,0,0,0,0,0,0,0,0,0,0,0.0094117,0.71081,-1,0.97263,0,0,0,0,0,0,0,0,0,0,0,0
0,0,0,0,0,0,0,0,0.45602,0.07254,0.80333,-1,-2.2371e-05,0,0,0,0,0,0.44774,999,999,999,0.47218,0,0,0,0,0,0,0,0,0,0,0,0,0,0,0,0,0,0,0,0,0,0,0,0,0,0,0,0,0,0,0,0,0,0,0,0,0,0,0,0,0,0,0,0,0,0,0,0,0,0,0,0,0,0,0,0
0,0,0,0,0,0,0,0,0.62222,0.4884,0.036341,-1,-0.97389,0.00033467,-0.0002402,1,0,0,0.94101,999,999,999,0.85675,0.31622,0.92288,0.22353,0.22692,7.5903e-07,9999,1,-1,673.83,4.541,0.27378,0,0,0,0,0,0,0,0,1,999,999,999,0,0,0,0,0,0,0,0,0,0,0,0,0,0,0,0,0,0.0053626,0.68464,-1,0.9171,0.2996,-1,-0.97389,-7.8995e-05,0,0,0,0,0,0,0,0
0,0,0,0,0,0,0,0,0.61737,0.85715,-0.5883,-1,0.00044288,-0.00016459,3.2512e-06,3,0,0,0.59795,999,999,999,0.25145,0.87457,0.42542,0.81092,0.056277,1.2169e-06,9999,1,1,20.142,2.8076,0.10691,0,0,0,0,0,0,0,0,1,0.61737,0.90421,-0.81393,0,0,0,0,0,10,0.056277,1.2169e-06,9999,1,20.142,2.8076,0.10691,0.61737,0.90421,-0.81393,21,0.0050943,0.61737,-1,0.90421,0.9207,-1,-0.00016459,-0.57817,0,0,0,0,0,0,0,1
0,0,0,0,0,0,0,0,1.1102,0,-0.66135,-1,0.91622,0.00081963,-0.00015603,1,0,0,1.2674,999,999,999,1.0695,0.72537,0.82186,0.2466,0.10265,3.9797e-07,9999,0,-1,1064.5,8.5938,0.14613,0,0,0,0,0,0,0,0,1,1.0133,0.61201,-0.18316,0,0,0,0,0,10,0.10265,3.9797e-07,9999,-1,1064.5,8.5938,0.14613,1.0133,0.61201,-0.18316,-2,0.0057277,1.1102,-1,0.7488,0.82319,1,0.91622,0.40331,0,0,0,0,0,0,0,1
0,0,0,0,0,0,0,0,1.0852,1.424,-0.63032,-1,0.92664,-0.02887,0.00024312,0,1,0.49533,1.4698,0.91385,0.57895,-0.52209,0.65633,1.1116,0.78493,0.90373,0.15387,0.00019072,9999,1,1,595.7,0,0.21653,0,1,0,0,0,0,0,0,1,999,999,999,0,0,0,0,0,0,0,0,0,0,0,0,0,0,0,0,0,0.0013949,1.0852,-1,0.90643,0.72848,-1,-0.02887,-0.62385,0,0,0,0,0,0,0,1
0,0,0,0,0,0,0,0,1.5409,0.71652,0.56245,-1,0.99976,-0.11968,0.00033943,1,0,0,1.9652,1.1055,-0.93625,-0.35801,0.33064,2.0789,0.91557,0.1206,0.10541,1.2792e-06,9999,0,-1,0,1.5503,0.050749,0,0,0,0,0,0,0,0,1,999,999,999,0,0,0,0,0,0,0,0,0,0,0,0,0,0,0,0,0,0.0066915,1.5409,-1,0.99588,0.81685,1,0.99976,0.36345,0,0,0,0,0,0,0,1
0,0,0,0,0,0,0,0,1.5371,0.63074,-0.27831,1,0.99998,-0.17873,0.011001,0,0,0,1.6309,1.5371,0.98893,-0.8943,0.26851,0.99832,1.7875,0.84355,0.2289,4.833e-07,9999,0,-1,644.53,5.2246,0.19355,0,0,0,0,0,0,0,0,1,1.5371,0.98893,-0.86036,0,0,0,0,0,10,0.2289,4.833e-07,9999,-1,644.53,5.2246,0.19355,1.5371,0.98893,-0.86036,-0,9.0544e-05,1.5371,1,0.98893,0.97985,1,0.99998,0.0099472,0,0,0,0,0,0,0,0
0,0,0,0,0,0,0,0,0.88816,0,-0.57651,1,0.26367,-3.0571e-06,8.7e-07,1,1,0.49926,0.77963,999,999,999,0.70494,0.30164,0.20312,0.53612,0.24123,8.7e-07,9999,1,1,722.66,3.418,0.20312,0,0,0,0,0,0,0,0,1,999,999,999,0,0,0,0,0,0,0,0,0,0,0,0,0,0,0,0,0,0,0,0,0,0.86608,-1,-3.0571e-06,-0.00017601,0,0,0,0,0,0,0,0
0,0,0,0,0,0,0,0,1.551,0.034424,-0.76797,-1,-0.71302,-5.013e-05,1.5354e-05,0,0,0,1.2771,-0.72876,-0.70573,-0.19217,2.4629,0.58525,0.43323,0.17818,0.22328,7.2474e-07,9999,1,1,527.34,4.3457,0.26686,0,0,0,0,0,0,0,0,1,999,999,999,0,0,0,0,0,0,0,0,0,0,0,0,0,0,0,0,0,0.012787,1.551,-1,0.81194,0.42896,-1,-0.71302,-0.00027385,0,0,0,0,0,0,0,0
0,0,0,0,0,0,0,0,0.1773,0.77422,-0.75825,1,0.94898,-1.0196e-05,9.0726e-06,2,1,0.49744,0.90598,999,999,999,1.0747,0.3962,0.38632,0.82186,0.1773,4.4142e-07,9999,1,1,654.3,9.082,0.17278,0,0,0,0,0,0,0,0,1,999,999,999,0,0,0,0,0,0,0,0,0,0,0,0,0,0,0,0,0,0.0056351,0.82277,1,0.99712,0.78296,-1,-1.0196e-05,-0.21262,0,0,0,0,0,0,0,1
0,0,0,0,0,0,0,0,1.2366,0.77564,-0.92579,-1,-0.36572,-4.84e-05,7.7358e-07,0,0,0,0.81446,999,999,999,0.81877,0.58479,0.27655,0.77092,0.1717,7.7358e-07,9999,1,1,488.28,4.0039,0.27655,0,0,0,0,0,0,0,0,1,1.2366,0.92542,-0.81033,0,0,0,0,0,10,0.1717,7.7358e-07,9999,1,488.28,4.0039,0.27655,1.2366,0.92542,-0.81033,6,0.0098379,1.2366,-1,0.92542,-0.81033,-1,-0.36572,-0.1729,0,0,0,0,0,0,0,0
0,0,0,0,0,0,0,0,0.61304,1.1376,-0.8479,1,-0.80593,0.0013146,0.00012164,2,0,0,0.85341,999,999,999,0.16317,0.8313,0.77738,0,0,0,0,0,0,0,0,0,0,0,0,0,0,0,0,0,0,0,0,0,0,0,0,0,0,0,0,0,0,0,0,0,0,0,0,0,0,0.024788,0.51929,1,0.20162,0,0,0,0,0,0,0,0,0,0,0,0
0,0,0,0,0,0,0,0,0.7559,0.66261,-0.74294,1,0.00064805,0.00034133,0,0,0,0,0.55567,999,999,999,0.41332,0.49778,0,0,0,0,0,0,0,0,0,0,0,0,0,0,0,0,0,0,0,0,0,0,0,0,0,0,0,0,0,0,0,0,0,0,0,0,0,0,0,0.024831,0.7559,1,0.84203,0,0,0,0,0,0,0,0,0,0,0,0
0,0,0,0,0,0,0,0,0.42902,1.4743,-0.91397,1,9.4826e-06,6.7563e-06,-1.2177e-06,1,1,0.49742,0.54728,999,999,999,0.50318,0.36234,0.10765,0.77196,0.07032,1.2177e-06,9999,0,-1,0,10.547,0.10765,0,0,0,0,0,0,0,0,1,999,999,999,0,0,0,0,0,0,0,0,0,0,0,0,0,0,0,0,0,0,0,0,0,0.14915,1,6.7563e-06,0.73898,0,0,0,0,0,0,0,1
1.3392,0.41398,-0.88422,1,0,0,0,0,0.6692,0.49777,-0.1528,1,0.99537,0.00065262,-4.5545e-06,2,0,0,1.5001,1.3392,0.88282,-0.32156,0.5964,1.5199,0.33173,0.38961,0.091755,1.2982e-06,9999,0,-1,0,44.141,0.045637,0,0,0,0,0,0,0,0,1,999,999,999,0,0,0,0,0,0,0,0,0,0,0,0,0,0,0,0,0,0.0089928,1.3392,1,0.88282,0.82213,1,0.99537,0.50392,0,0,0,0,0,0,0,1
0,0,0,0,1.6168,0,-0.11593,-1,1.3094,1.3846,-0.88602,-1,-0.33854,-0.00056838,2.6461e-05,0,0,0,1.8714,-1.6168,-0.9383,-0.33289,2.0973,2.0428,0.57086,0.93611,0.095318,4.1248e-07,9999,1,1,820.31,6.25,0.15574,0,0,0,0,0,0,0,0,1,1.6168,0.9383,-0.80829,0,0,0,0,0,10,0.095318,4.1248e-07,9999,1,820.31,6.25,0.15574,1.6168,0.9383,-0.80829,2,0.0054893,1.6168,-1,0.9383,0.79063,-1,-0.33854,-0.80844,0,0,0,0,0,0,0,0
0,0,0,0,0,0,0,0,1.0937,1.3431,-0.62724,-1,0.0037549,-0.0013591,-1.0667e-05,2,1,0.49755,1.2289,999,999,999,1.2107,0.90292,0.40009,0.9912,0.24018,1.8874e-06,9999,0,-1,595.7,3.6133,0.37869,0,0,0,0,0,0,0,0,1,999,999,999,0,0,0,0,0,0,0,0,0,0,0,0,0,0,0,0,0,0.00073608,1.0937,-1,0.97747,0.86917,1,0.0037549,0.20608,0,0,0,0,0,0,0,1
0,0,0,0,0,0,0,0,0.63706,1.0186,-0.60582,-1,1,-0.99984,3.068e-05,1,0,0,0.72986,999,999,999,0.19535,0.39343,0.50849,0.82216,0.099889,3.4311e-07,9999,1,1,742.19,10.645,0.1007,0,0,0,0,0,0,0,0,1,999,999,999,0,0,0,0,0,0,0,0,0,0,0,0,0,0,0,0,0,0.020407,0.63706,-1,0.61382,0.87006,-1,-0.99984,-0.68992,0,0,0,0,0,0,0,1
0,0,0,0,1.2747,0.72973,-0.79161,1,1.1049,1.0858,-0.49188,1,0.99989,0.053093,0.020709,1,1,0.49738,1.578,1.2747,0.63877,-0.80425,0.32352,1.8526,1.2678,0.88856,0.065015,1.2307e-06,9999,0,-1,0,9.4727,0.11651,0,1,0,0,0,0,0,0,1,999,999,999,0,0,0,0,0,0,0,0,0,0,0,0,0,0,0,0,0,0.0062959,1.2747,1,0.63877,0.042865,1,0.99989,0.77507,0,0,0,0,0,0,0,1
0,0,0,0,0,0,0,0,1.0435,0.19314,0.062047,1,-0.95932,0.0044231,-0.00055896,3,1,0.50123,1.3622,999,999,999,0.79514,0.8345,0.55007,0,0,0,0,0,0,0,0,0,0,0,0,0,0,0,0,0,0,0,0,0,0,0,0,0,0,0,0,0,0,0,0,0,0,0,0,0,0,0.019749,0.68178,1,0.89563,0,0,0,0,0,0,0,0,0,0,0,0
0,0,0,0,0,0,0,0,0.28003,1.2919,-0.89616,-1,-0.92579,-0.0038344,6.3496e-07,0,0,0,0.55332,999,999,999,0.50735,0.61841,0.24568,0.73157,0.17788,3.4684e-07,9999,0,1,1601.6,17.383,0.10438,0,0,0,0,0,0,0,0,1,999,999,999,0,0,0,0,0,0,0,0,0,0,0,0,0,0,0,0,0,0,0,0,0,-0.73257,-1,-0.92579,-0.092152,0,0,0,0,0,0,0,0
0,0,0,0,0,0,0,0,1.1218,0.56018,-0.96176,-1,0.9945,-0.8824,-5.8537e-05,2,0,0,1.2305,999,999,999,0.56483,0.99432,0.61553,0.96834,0.10746,3.7704e-07,9999,0,1,917.97,7.9102,0.13071,0,0,0,0,0,0,0,0,1,999,999,999,0,0,0,0,0,10,0.069853,3.4688e-07,9999,1,1269.5,8.8867,0.10442,1.1218,0.99522,-0.40795,9,0.0029749,1.1218,-1,0.99522,0.93975,-1,-0.8824,-0.85551,0,0,0,0,0,0,0,0
0,0,0,0,0,0,0,0,1.3564,0.78739,-0.43124,1,-0.89248,0.10994,0,1,0,0,1.3446,999,999,999,0.75524,1.8057,0,0,0,0,0,0,0,0,0,0,0,0,0,0,0,0,0,0,0,0,0,0,0,0,0,0,0,0,0,0,0,0,0,0,0,0,0,0,0,0.013149,1.3564,1,0.96553,0,0,0,0,0,0,0,0,0,0,0,0
1.3446,0.86102,-0.64333,1,0,0,0,0,0.29233,0.46036,0.647,-1,4.4861e-05,-1.3572e-05,9.9372e-07,0,0,0,1.2967,999,999,999,1.885,0.42161,0.31015,0.58397,0.19822,9.9372e-07,9999,1,1,473.63,3.8086,0.31015,0,0,0,0,0,0,0,0,1,999,999,999,0,0,0,0,0,0,0,0,0,0,0,0,0,0,0,0,0,0.00027851,1.3446,1,0.82571,-0.76329,-1,-1.3572e-05,-0.0077669,0,0,0,0,0,0,0,1
0,0,0,0,0.83907,1.1584,-0.19352,1,0.4074,1.0926,-0.4985,-1,0.020184,0.00024092,-5.1056e-05,0,0,0,1.179,0.56355,-0.88534,-0.73343,1.31,0.66361,0.59528,0.61354,0.16912,4.0595e-07,9999,1,-1,751.95,6.8359,0.15151,0,0,0,0,0,0,0,0,1,0.83907,0.62945,-0.93545,0,0,0,0,0,10,0.16912,4.0595e-07,9999,-1,751.95,6.8359,0.15151,0.83907,0.62945,-0.93545,-5,0.017175,0.83907,1,0.62945,0.56054,1,1.8117e-05,0.069478,0,0,0,0,0,0,0,1
0,0,0,0,0,0,0,0,0.58615,0.52527,-0.80905,1,0.51526,-0.0012598,-9.7688e-05,1,1,0.49629,0.68229,999,999,999,0.78995,0.72365,0.80406,0,0,0,0,0,0,0,0,0,0,0,0,0,0,0,0,0,0,0,0,0,0,0,0,0,0,0,0,0,0,0,0,0,0,0,0,0,0,0.028358,0.58615,1,0.98131,0,0,0,0,0,0,0,0,0,0,0,1
0,0,0,0,0,0,0,0,0.82084,0.46208,-0.036186,1,0.075586,0.00071154,0.00017445,2,0,0,0.92981,999,999,999,1.0223,0.35672,0.16483,0.43516,0.21942,0.00017424,9999,0,-1,820.31,0,0.16133,0,0,0,0,0,0,0,0,1,999,999,999,0,0,0,0,0,0,0,0,0,0,0,0,0,0,0,0,0,0.019717,0.82084,1,0.99803,0.7175,1,0.00017445,0.00072641,0,0,0,0,0,0,0,1
0,0,0,0,0,0,0,0,0.41036,0.59762,0.66744,-1,-0.97235,3.6274e-05,5.245e-07,0,0,0,0.6518,999,999,999,0.49814,0.53088,0.21062,0,0,0,0,0,0,0,0,0,0,0,0,0,0,0,0,0,0,0,0,0,0,0,0,0,0,0,0,0,0,0,0,0,0,0,0,0,0,0,0,0,0,0,0,0,0,0,0,0,0,0,0,0,1
0,0,0,0,0,0,0,0,0.80764,1.3244,0.83243,-1,-0.35357,0.0030771,8.2604e-05,1,0,0,0.79552,999,999,999,1.3129,0.80783,0.68786,0.8822,0.13016,5.6267e-07,9999,0,1,478.52,3.9062,0.22422,0,0,0,0,0,0,0,0,1,999,999,999,0,0,0,0,0,0,0,0,0,0,0,0,0,0,0,0,0,0.08535,0.80764,-1,0.89666,0.6157,-1,-0.35357,-0.67263,0,0,0,0,0,0,0,0
0,0,0,0,0,0,0,0,0.87156,0.51615,-0.46771,-1,-0.11768,5.1975e-07,0,0,0,0,0.57255,999,999,999,1.3826,0.20879,0,0.17195,0.1865,5.1975e-07,9999,1,1,693.36,3.7598,0.20879,0,0,0,0,0,0,0,0,1,0.87156,0.78448,-0.42269,0,0,0,0,0,10,0.1865,5.1975e-07,9999,1,693.36,3.7598,0.20879,0.87156,0.78448,-0.42269,8,0.022099,0.87156,-1,0.78448,-0.42269,-1,-0.11768,-0.003617,0,0,0,0,0,0,0,0
0,0,0,0,0,0,0,0,1.034,0.071414,0.26099,-1,-0.44389,0.00046471,0.0002209,3,0,0,0.74823,999,999,999,0.63655,0.35135,0.25309,0.97695,0.15559,0.0002209,9999,0,1,693.36,0,0.25309,0,0,0,0,0,0,0,0,1,1.034,0.88623,-0.7876,0,0,0,0,0,10,0.15559,0.0002209,9999,1,693.36,0,0.25309,1.034,0.88623,-0.7876,21,0,0,0,0,-0.7876,-1,-0.44389,-0.84067,0,0,0,0,0,0,0,0
0,0,0,0,0,0,0,0,0.55396,0.298,0.49167,-1,0.036704,0.00080184,-2.1981e-05,2,0,0,0.53561,999,999,999,0.84374,0.66691,0.47021,0.2859,0.2092,3.5879e-07,9999,0,1,927.73,7.0312,0.11547,0,0,0,0,0,0,0,0,1,999,999,999,0,0,0,0,0,0,0,0,0,0,0,0,0,0,0,0,0,0.091628,0.51095,1,0.59651,0.21516,-1,-2.1981e-05,-0.0009922,0,0,0,0,0,0,0,0
0,0,0,0,0,0,0,0,0.55102,0.4379,-0.73274,-1,-0.0029539,1.2553e-05,0,1,0,0,0.64147,999,999,999,0.684,0.41447,0,0,0,0,0,0,0,0,0,0,0,0,0,0,0,0,0,0,0,0,0,0,0,0,0,0,0,0,0,0,0,0,0,0,0,0,0,0,0,0.0065595,0.55102,-1,0.70995,0,0,0,0,0,0,0,0,0,0,0,1
0.89516,0.13811,0.4485,1,0,0,0,0,0.91083,1.1311,-0.93586,-1,-0.99254,0.025743,1.0361e-05,0,0,0,1.0682,999,999,999,0.62241,1.213,0.39757,0,0,0,0,0,0,0,0,0,0,0,0,0,0,0,0,0,0,0,0,0,0,0,0,0,0,0,0,0,0,0,0,0,0,0,0,0,0,0.0051269,0.89516,1,0.94183,0,0,0,0,0.89516,0.13811,0.4485,1,1,0.0051269,0.94183,0
0,0,0,0,0,0,0,0,0.70764,0.35987,-0.86178,-1,-0.0011669,-3.0532e-05,-7.3534e-06,2,1,0.49894,0.75538,999,999,999,0.54289,0.51012,0.36911,0.27725,0.052345,1.2172e-06,9999,0,1,0,21.484,0.078251,0,0,0,0,0,0,0,0,1,999,999,999,0,0,0,0,0,10,0.24963,8.8874e-07,9999,1,517.58,3.6133,0.29581,0.70764,0.90875,-0.55096,5,0.0028556,0.70764,-1,0.90875,0.26841,-1,-0.0011669,-0.66103,0,0,0,0,0,0,0,0
0,0,0,0,0,0,0,0,0.55456,0.79358,0.71166,1,-0.049008,9.7875e-05,-5.2912e-05,2,0,0,1.1006,-0.62004,-0.93837,-0.97488,1.0269,0.776,0.60359,0.47211,0.21029,8.1191e-07,9999,1,-1,454.1,4.0527,0.28346,0,0,0,0,0,0,0,0,1,0.55456,0.81655,-0.12033,0,0,0,0,0,10,0.21029,8.1191e-07,9999,-1,454.1,4.0527,0.28346,0.55456,0.81655,-0.12033,-4,0.028004,0.71385,-1,0.97497,0.94977,1,2.6979e-05,0.0017466,0,0,0,0,0,0,0,1
0.94497,0.13634,-0.1924,1,0,0,0,0,0.37405,0.040216,-0.19096,-1,0.0041974,-0.00058547,9.3415e-05,2,1,0.49743,1.0844,0.55781,-0.82141,-0.40674,1.0197,0.33514,0.62419,0,0,0,0,0,0,0,0,0,0,0,0,0,0,0,0,0,0,0,0,0,0,0,0,0,0,0,0,0,0,0,0,0,0,0,0,0,0,0.011165,0.94497,1,0.85087,0,0,0,0,0.94497,0.13634,-0.1924,1,1,0.011165,0.85087,0
0,0,0,0,0,0,0,0,1.0201,1.0406,0.27593,-1,0.99839,-0.090073,-0.01795,0,0,0,0.97766,999,999,999,0.50062,1.5882,0.51321,0.67261,0.19139,1.2107e-06,9999,1,1,0,13.281,0.098872,0,0,0,0,0,0,0,0,1,1.0201,0.88249,-0.88566,0,0,0,0,0,10,0.19139,1.2107e-06,9999,1,0,13.281,0.098872,1.0201,0.88249,-0.88566,6,0.0093846,1.0201,-1,0.88249,0.38697,-1,-0.01795,-0.02358,0,0,0,0,0,0,0,1
0,0,0,0,0,0,0,0,0.16216,0.051131,0.01824,-1,-0.99998,-0.78166,5.2711e-06,0,0,0,0.44898,999,999,999,0.25801,0.13896,0.34292,0.62587,0.12487,1.2184e-06,9999,1,1,0,23.438,0.077207,0,0,0,0,0,0,0,0,1,999,999,999,0,0,0,0,0,0,0,0,0,0,0,0,0,0,0,0,0,0,0,0,0,0.82263,-1,-0.78166,-0.38835,0,0,0,0,0,0,0,0
0,0,0,0,0,0,0,0,0.5164,0.12993,0.0071358,1,0.00078001,0.00059216,-5.2913e-07,0,0,0,0.67169,0.5164,-0.90799,-0.46669,0.63696,0.49782,0.21238,0,0,0,0,0,0,0,0,0,0,0,0,0,0,0,0,0,0,0,0,0,0,0,0,0,0,0,0,0,0,0,0,0,0,0,0,0,0,0.0014774,0.5164,1,0.90799,0,0,0,0,0,0,0,0,0,0,0,0
0,0,0,0,0,0,0,0,1.5176,0.20681,-0.9156,1,0.018643,1.5129e-05,1.4171e-06,3,0,0,1.3109,999,999,999,2.211,0.43181,0.16496,0.20415,0.18946,4.1218e-07,9999,1,-1,888.67,6.6406,0.15555,0,0,0,0,0,0,0,0,1,999,999,999,0,0,0,0,0,0,0,0,0,0,0,0,0,0,0,0,0,0.013761,1.5176,1,0.98965,0.12069,1,1.5129e-05,0.0033137,0,0,0,0,0,0,0,1
0,0,0,0,0,0,0,0,0.34096,0.19731,-0.53072,-1,0.99974,-0.00053329,-1.3887e-05,1,0,0,0.54718,999,999,999,0.38902,0.30145,0.52874,0.32431,0.18106,7.9343e-07,9999,1,-1,644.53,3.418,0.2802,0,0,0,0,0,0,0,0,1,999,999,999,0,0,0,0,0,0,0,0,0,0,0,0,0,0,0,0,0,0,0,0,0,0.3734,1,0.99974,0.011056,0,0,0,0,0,0,0,1
0,0,0,0,1.027,1.4984,-0.69256,-1,1.0941,0.58426,-0.82231,1,-0.99976,-0.025048,0.016136,0,0,0,1.4323,-1.027,0.70106,-0.49728,0.38584,1.4775,1.4414,0,0,0,0,0,0,0,0,0,0,0,0,0,0,0,0,0,0,0,0,0,0,0,0,0,0,0,0,0,0,0,0,0,0,0,0,0,0,0.010956,1.0941,1,0.82636,0,0,0,0,0,0,0,0,0,0,0,0
0,0,0,0,0,0,0,0,0.33729,0.21172,0.35658,1,-0.92324,2.2647e-05,1.6384e-05,1,1,0.49632,0.56652,999,999,999,0.63176,0.47356,0.43955,0.75087,0.20943,1.1513e-06,9999,1,-1,522.46,3.7109,0.32773,0,0,0,0,0,0,0,0,1,999,999,999,0,0,0,0,0,0,0,0,0,0,0,0,0,0,0,0,0,0,0,0,0,0.7433,1,2.2647e-05,0.012542,0,0,0,0,0,0,0,1
0,0,0,0,0,0,0,0,0.86255,1.2604,-0.89329,-1,-0.96935,0.13003,-7.1022e-06,0,0,0,1.1252,999,999,999,0.99621,1.0674,0.36632,0.74732,0.22896,4.3138e-07,9999,1,-1,781.25,5.127,0.16716,0,0,0,0,0,0,0,0,1,0.75745,0.6362,-0.84612,0,0,0,0,0,10,0.22896,4.3138e-07,9999,-1,781.25,5.127,0.16716,0.75745,0.6362,-0.84612,-0,0.092592,0.86255,-1,0.99936,-0.84612,1,0.13003,0.0021854,0,0,0,0,0,0,0,1
0,0,0,0,0,0,0,0,0.2941,0.24548,0.17649,1,5.888e-06,-5.1311e-07,3.6167e-07,0,0,0,0.37836,999,999,999,0.35151,0.20618,0.118,0.35446,0.14507,3.6167e-07,9999,1,1,1220.7,10.645,0.118,0,0,0,0,0,0,0,0,1,999,999,999,0,0,0,0,0,0,0,0,0,0,0,0,0,0,0,0,0,0,0,0,0,0.48635,1,5.888e-06,0.0010389,0,0,0,0,0,0,0,1
0,0,0,0,0,0,0,0,1.1746,0.97062,-0.87493,-1,-0.39563,-0.024216,0.00058314,3,0,0,1.2102,999,999,999,2.0164,1.5555,0.52919,0,0,0,0,0,0,0,0,0,0,0,0,0,0,0,0,0,0,0,0,0,0,0,0,0,0,0,0,0,0,0,0,0,0,0,0,0,0,0.019433,1.1746,-1,0.88326,0,0,0,0,0,0,0,0,0,0,0,1
0,0,0,0,0,0,0,0,0.22588,0.084876,-0.88196,1,5.2024e-07,0,0,0,0,0,0.20482,999,999,999,0.20898,0,0,0.84511,0.22588,5.2024e-07,9999,1,1,561.52,3.6133,0.20898,0,0,0,0,0,0,0,0,1,999,999,999,0,0,0,0,0,0,0,0,0,0,0,0,0,0,0,0,0,0,0,0,0,0,0,0,0,0,0,0,0,0,0,0,1
0,0,0,0,0,0,0,0,1.3936,0.065052,-0.7926,-1,-0.0026026,0.00040293,0.00018044,2,1,0.49684,1.1515,999,999,999,0.99004,0.87481,0.91317,0.87644,0.15067,7.0673e-07,9999,1,-1,927.73,4.7852,0.264,0,0,0,0,0,0,0,0,1,0.60771,0.3949,-0.16988,0,0,0,0,0,10,0.15067,7.0673e-07,9999,-1,927.73,4.7852,0.264,0.60771,0.3949,-0.16988,-6,0.047443,1.3936,-1,0.90223,0.92579,1,0.00018044,0.56703,0,0,0,0,0,0,0,1
0,0,0,0,0,0,0,0,0.86394,0.83884,-0.87113,1,5.922e-05,4.3513e-05,-6.8189e-06,1,0,0,0.66076,999,999,999,0.54845,0.55441,0.48045,0.45273,0.088912,1.3617e-06,9999,1,-1,71.411,7.0312,0.15512,0,0,0,0,0,0,0,0,1,0.86394,0.93376,-0.70912,0,0,0,0,0,10,0.088912,1.3617e-06,9999,-1,71.411,7.0312,0.15512,0.86394,0.93376,-0.70912,-0,0.015435,0.86394,1,0.93376,0.1011,1,4.3513e-05,0.54988,0,0,0,0,0,0,0,0
0,0,0,0,0,0,0,0,0.65164,0.075501,0.80791,-1,-0.96242,-0.096451,-6.1405e-07,0,0,0,0.55808,-0.65164,0.98953,-0.70161,0.39516,1.0467,0.23996,0.36654,0.23677,6.1405e-07,9999,1,-1,605.47,4.1504,0.23996,0,0,0,0,0,0,0,0,1,999,999,999,0,0,0,0,0,0,0,0,0,0,0,0,0,0,0,0,0,0.0053559,0.65164,-1,0.98953,0,0,0,0,0,0,0,0,0,0,0,1
1.7302,0.061708,-0.86913,-1,0.73802,0.67626,0.26613,1,0,0,0,0,0.00057896,-6.7008e-05,0,0,0,0,1.4306,999,999,999,0.90431,2.6766,0,0,0,0,0,0,0,0,0,0,0,0,0,0,0,0,0,0,0,0,0,0,0,0,0,0,0,0,0,0,0,0,0,0,0,0,0,0,0,0.019391,1.7302,-1,0.981,0,0,0,0,0,0,0,0,0,0,0,0
0,0,0,0,0,0,0,0,1.8675,0,-0.88059,-1,-0.28022,-6.1775e-06,1.9504e-06,0,0,0,1.5408,-0.77795,-0.84494,-0.79892,2.8175,0.47349,0.38174,0,0,0,0,0,0,0,0,0,0,0,0,0,0,0,0,0,0,0,0,0,0,0,0,0,0,0,0,0,0,0,0,0,0,0,0,0,0,0.013033,1.8675,-1,0.99534,0,0,0,0,0,0,0,0,0,0,0,0
0,0,0,0,0,0,0,0,0.55713,0,-0.95293,1,0.00021987,0,0,0,0,0,0.46504,999,999,999,0.82147,0,0,0,0,0,0,0,0,0,0,0,0,0,0,0,0,0,0,0,0,0,0,0,0,0,0,0,0,0,0,0,0,0,0,0,0,0,0,0,0,0.0080809,0.55713,1,0.99329,0,0,0,0,0,0,0,0,0,0,0,0
0,0,0,0,0,0,0,0,0.50046,1.2357,-0.23199,1,-0.99999,0.99998,-0.00059314,4,0,0,0.61404,999,999,999,0.22218,0.2474,0.37781,0.14662,0.2341,0.00038487,9999,0,-1,444.34,0,0.33277,0,0,0,0,0,0,0,0,1,0.51374,0.84405,-0.34098,0,0,0,0,0,10,0.2341,0.00038487,9999,-1,444.34,0,0.33277,0.51374,0.84405,-0.34098,-0,0.016341,0.51374,1,0.84405,0.64912,1,0.99998,1.5269e-05,0,0,0,0,0,0,0,1
0,0,0,0,0,0,0,0,2.5849,0.23479,-0.61603,-1,0.96872,-0.259,0,0,0,0,2.6436,999,999,999,1.9289,2.4809,0,0,0,0,0,0,0,0,0,0,0,0,0,0,0,0,0,0,0,0,0,0,0,0,0,0,0,0,0,0,0,0,0,0,0,0,0,0,0,0.01043,2.5849,-1,0.99772,0,0,0,0,0,0,0,0,0,0,0,1
0,0,0,0,0,0,0,0,0.68963,0.76458,-0.42741,-1,-0.00015153,-2.138e-05,2.1227e-05,2,1,0.49435,1.0165,999,999,999,0.79418,0.51137,0.46626,0.70389,0.068147,1.2464e-06,9999,0,1,0,9.375,0.12401,0,0,0,0,0,0,0,0,1,0.68963,0.99091,-0.78571,0,0,0,0,0,10,0.068147,1.2464e-06,9999,1,0,9.375,0.12401,0.68963,0.99091,-0.78571,0,0.013644,0.68963,-1,0.99091,0.65983,-1,-2.138e-05,-0.74371,0,0,0,0,0,0,0,1
0,0,0,0,0,0,0,0,1.9079,0.61875,-0.98003,-1,-0.72631,4.1732e-05,0,0,1,0.49427,1.4074,999,999,999,3.005,0.55722,0,0,0,0,0,0,0,0,0,0,0,0,0,0,0,0,0,0,0,0,0,0,0,0,0,0,0,0,0,0,0,0,0,0,0,0,0,0,0,0.0018462,1.9079,-1,0.97728,0,0,0,0,0,0,0,0,0,0,0,0
0,0,0,0,0,0,0,0,0.88048,1.4355,-0.85967,1,0.043169,-1.887e-05,-1.861e-05,3,1,0.49599,1.1805,999,999,999,1.0753,0.45382,0.45235,0.864,0.24664,4.0418e-06,9999,1,1,512.7,2.9785,0.32266,0,0,0,0,0,0,0,0,1,999,999,999,0,0,0,0,0,0,0,0,0,0,0,0,0,0,0,0,0,0.0053055,0.88048,1,0.97287,0.93846,-1,-1.861e-05,-0.0031578,0,0,0,0,0,0,0,0
0,0,0,0,0,0,0,0,0.56993,0.4082,0.25414,1,0.99442,-0.0079153,-1.041e-05,1,0,0,0.75342,999,999,999,0.54571,0.47585,0.39798,0,0,0,0,0,0,0,0,0,0,0,0,0,0,0,0,0,0,0,0,0,0,0,0,0,0,0,0,0,0,0,0,0,0,0,0,0,0,0.015561,0.56993,1,0.88938,0,0,0,0,0,0,0,0,0,0,0,1
0,0,0,0,0,0,0,0,0.96295,0.055817,0.1712,1,-0.99978,0.014099,8.8584e-06,0,0,0,0.98375,999,999,999,0.38115,1.3435,0.38433,0,0,0,0,0,0,0,0,0,0,0,0,0,0,0,0,0,0,0,0,0,0,0,0,0,0,0,0,0,0,0,0,0,0,0,0,0,0,0.0081119,0.96295,1,0.95361,0,0,0,0,0,0,0,0,0,0,0,0
0,0,0,0,0,0,0,0,1.0669,1.0481,-0.67776,-1,-0.055914,-0.00019244,7.9833e-05,1,1,0.49806,1.1731,999,999,999,1.4229,0.21941,0.73941,0.99493,0.22452,3.905e-06,9999,1,1,493.16,3.2715,0.32006,0,0,0,0,0,0,0,0,1,999,999,999,0,0,0,0,0,10,0.24683,8.4684e-07,9999,1,551.76,4.9805,0.28931,1.0669,0.99053,-0.080253,5,0.0082341,1.0669,-1,0.99053,0.9989,-1,-0.055914,-0.46194,0,0,0,0,0,0,0,0
0.48338,0.57436,-0.68398,1,0,0,0,0,1.198,0.3379,-0.89681,1,0.70683,-9.9916e-05,5.9525e-05,1,0,0,1.3894,999,999,999,1.5891,0.64009,0.51701,0.35604,0.19087,1.2324e-06,9999,0,-1,0,12.207,0.11746,0,0,0,0,0,0,0,0,1,1.198,0.9425,-0.45269,0,0,0,0,0,10,0.19087,1.2324e-06,9999,-1,0,12.207,0.11746,1.198,0.9425,-0.45269,-5,0.026009,1.198,1,0.9425,0.26174,1,5.9525e-05,0.0057169,0.48338,0.57436,-0.68398,1,1,0.015684,0.58483,1
0,0,0,0,0,0,0,0,1.2015,1.0775,0.9069,1,-0.96532,-0.13779,0.043546,0,0,0,1.5966,999,999,999,0.83586,1.1239,1.7626,0,0,0,0,0,0,0,0,0,0,0,0,0,0,0,0,0,0,0,0,0,0,0,0,0,0,0,0,0,0,0,0,0,0,0,0,0,0,0.0096863,1.2015,1,0.98201,0,0,0,0,0,0,0,0,0,0,0,1
0,0,0,0,0,0,0,0,1.1859,0.50979,-0.18254,-1,-0.064931,0.034127,-0.016565,2,0,0,1.4005,-0.66809,-0.31579,-0.075014,1.1805,1.0733,1.055,0.1285,0.15805,1.2186e-06,9999,0,-1,0,3.4668,0.077022,0,0,0,0,0,0,0,0,1,0.67177,0.71386,-0.75806,0,0,0,0,0,10,0.15805,1.2186e-06,9999,-1,0,3.4668,0.077022,0.67177,0.71386,-0.75806,-21,0.0073306,1.1859,-1,0.86288,0.51755,1,1.7244e-05,0.027762,0,0,0,0,0,0,0,1
0,0,0,0,0,0,0,0,1.1427,0.57599,-0.43822,-1,-0.39737,0.00064648,-0.00023925,1,0,0,0.78297,999,999,999,1.857,0.4448,0.45022,0,0,0,0,0,0,0,0,0,0,0,0,0,0,0,0,0,0,0,0,0,0,0,0,0,0,0,0,0,0,0,0,0,0,0,0,0,0,0.0024801,0.63435,1,0.75704,0,0,0,0,0,0,0,0,0,0,0,1
0,0,0,0,0,0,0,0,0.45042,0.14773,-0.38398,-1,-0.00058355,0.00017556,0,1,0,0,0.41759,999,999,999,0.61998,0.13736,0,0,0,0,0,0,0,0,0,0,0,0,0,0,0,0,0,0,0,0,0,0,0,0,0,0,0,0,0,0,0,0,0,0,0,0,0,0,0,0,0,0,0,0,0,0,0,0,0,0,0,0,0,0,0
1.4497,0.071711,0.59569,-1,0,0,0,0,1.0274,1.3899,-0.99143,-1,-0.1231,-0.025775,0.00037738,3,0,0,1.5387,-1.4497,-0.99292,-0.57524,1.669,1.5967,0.33052,0,0,0,0,0,0,0,0,0,0,0,0,0,0,0,0,0,0,0,0,0,0,0,0,0,0,0,0,0,0,0,0,0,0,0,0,0,0,0.0065703,1.4497,-1,0.99292,0,0,0,0,0,0,0,0,0,0,0,0
0,0,0,0,0,0,0,0,2.137,0.47491,-0.97868,-1,-0.50969,-2.7755e-05,5.973e-07,0,0,0,1.8133,999,999,999,3.1135,0.45684,0.23511,0.96616,0.17262,5.973e-07,9999,1,1,522.46,4.834,0.23511,0,0,0,0,0,0,0,0,1,999,999,999,0,0,0,0,0,0,0,0,0,0,0,0,0,0,0,0,0,0.0012493,2.137,-1,0.98148,0.91012,-1,-0.50969,-0.75796,0,0,0,0,0,0,0,0
0,0,0,0,0,0,0,0,0.97816,0.37269,0.87824,1,0.62513,-2.4392e-06,0,0,0,0,0.98377,999,999,999,1.0387,0.28467,0,0.16322,0.24138,2.4392e-06,9999,1,-1,473.63,3.4668,0.28467,0,0,0,0,0,0,0,0,1,0.97816,0.94924,-0.086759,0,0,0,0,0,10,0.24138,2.4392e-06,9999,-1,473.63,3.4668,0.28467,0.97816,0.94924,-0.086759,-5,0.0081375,0.97816,1,0.94924,-0.086759,1,0.62513,0.00010917,0,0,0,0,0,0,0,1
0,0,0,0,0,0,0,0,0.64845,0.34075,-0.003083,1,0.99897,0.0082159,-6.8895e-05,2,0,0,0.70818,999,999,999,0.46814,0.64189,0.67715,0.57578,0.17512,4.875e-07,9999,0,-1,556.64,5.7617,0.19542,0,0,0,0,0,0,0,0,1,0.64845,0.9396,-0.49916,0,0,0,0,0,10,0.17512,4.875e-07,9999,-1,556.64,5.7617,0.19542,0.64845,0.9396,-0.49916,-5,0.0038786,0.64845,1,0.9396,-0.49916,1,0.99897,0.040645,0,0,0,0,0,0,0,1
0,0,0,0,0,0,0,0,0.14793,1.5853,-0.57876,1,-3.1306e-05,3.9209e-07,0,0,0,0,0.53118,999,999,999,0.51353,0.142,0,0.046821,0.14793,3.9209e-07,9999,1,1,927.73,7.5195,0.142,0,0,0,0,0,0,0,0,1,999,999,999,0,0,0,0,0,0,0,0,0,0,0,0,0,0,0,0,0,0.0074529,0.59029,-1,0.5182,0.094061,-1,-3.1306e-05,-0.041328,0,0,0,0,0,0,0,0
0,0,0,0,0.83289,1.7583,-0.84298,1,0.99854,0.70401,0.54575,-1,-0.40473,0.21021,-0.0021949,0,0,0,1.0768,-0.99854,-0.99179,-0.43805,0.72899,1.3175,0.83945,0,0,0,0,0,0,0,0,0,0,0,0,0,0,0,0,0,0,0,0,0,0,0,0,0,0,0,0,0,0,0,0,0,0,0,0,0,0,0.030314,0.99854,-1,0.99179,0,0,0,0,0,0,0,0,0,0,0,0
0,0,0,0,0,0,0,0,0.86006,0.32767,0.38538,1,0.02345,-8.3704e-05,-9.1697e-06,3,1,0.49432,1.0337,999,999,999,0.92049,0.65966,0.38721,0.99742,0.20592,6.1037e-07,9999,1,-1,625,4.6387,0.23892,0,0,0,0,0,0,0,0,1,0.86006,0.80854,-0.76423,0,0,0,0,0,10,0.20592,6.1037e-07,9999,-1,625,4.6387,0.23892,0.86006,0.80854,-0.76423,-6,0.018111,0.86006,1,0.80854,-0.76423,1,0.02345,0.71095,0,0,0,0,0,0,0,0
0,0,0,0,0,0,0,0,0.738,0,0.53243,-1,-0.99712,-0.84764,-0.00025143,0,0,0,1.367,-0.98807,0.84147,-0.22622,0.44797,1.031,0.87915,0.9688,0.15512,4.6686e-07,9999,1,1,683.59,4.4922,0.18586,0,0,0,0,0,0,0,0,1,0.738,0.75665,-0.89496,0,0,0,0,0,10,0.15512,4.6686e-07,9999,1,683.59,4.4922,0.18586,0.738,0.75665,-0.89496,0,0.0083664,0.98807,-1,0.84147,-0.89496,-1,-0.84764,-0.81878,0,0,0,0,0,0,0,0
0,0,0,0,0,0,0,0,0.73725,1.7739,-0.42733,-1,-0.95499,0.00020631,0.00017674,3,0,0,1.0188,999,999,999,1.1727,0.2382,0.88349,0.99596,0.17171,5.5973e-07,9999,0,1,585.94,4.1504,0.22324,0,0,0,0,0,0,0,0,1,999,999,999,0,0,0,0,0,0,0,0,0,0,0,0,0,0,0,0,0,0.0049115,0.8587,1,0.97119,0.75706,-1,-0.95499,-0.86554,0,0,0,0,0,0,0,0
0,0,0,0,0,0,0,0,0.72143,0.71658,-0.58113,1,0.0055243,0.00064919,9.552e-05,1,0,0,1.1138,0.72143,-0.99365,-0.89872,1.077,0.42418,0.79221,0.75289,0.22391,6.044e-07,9999,1,-1,463.87,4.4434,0.2372,0,0,0,0,0,0,0,0,1,0.72143,0.99365,-0.81241,0,0,0,0,0,10,0.22391,6.044e-07,9999,-1,463.87,4.4434,0.2372,0.72143,0.99365,-0.81241,-5,0.0045463,0.75828,1,0.94226,0.99585,1,0.00064919,0.0036916,0,0,0,0,0,0,0,0
0,0,0,0,0,0,0,0,0.53684,0.071638,0.076976,1,-0.0082365,-8.1784e-05,4.1062e-05,2,1,0.49287,0.8063,-0.52593,0.40089,-0.25346,0.85953,0.73057,0.55454,0.37301,0.17433,5.3922e-07,9999,0,1,590.82,6.6406,0.21609,0,1,0,0,0,0,0,0,1,999,999,999,0,0,0,0,0,10,0.19508,3.8269e-07,9999,1,683.59,4.1016,0.13508,0.5459,0.77594,-0.10532,11,0.01554,0.52593,-1,0.40089,0.25509,-1,-0.0082365,-0.022073,0,0,0,0,0,0,0,1
0,0,0,0,0,0,0,0,1.5342,0.1691,0.58257,1,0.96441,0.15601,-5.4416e-06,0,0,0,1.8454,1.5342,0.99389,-0.71877,1.0148,1.804,0.34538,0.99949,0.20669,1.1476e-06,9999,1,-1,576.17,3.9551,0.22621,0,0,0,0,0,0,0,0,1,1.5342,0.99389,-0.99095,0,0,0,0,0,10,0.20669,1.1476e-06,9999,-1,576.17,3.9551,0.22621,1.5342,0.99389,-0.99095,-2,0.011643,1.5342,1,0.99389,0.79056,1,0.96441,0.71752,0,0,0,0,0,0,0,1
1.7228,0.049494,-0.28472,-1,0,0,0,0,0.2602,0.51982,0.75677,1,-5.5408e-05,8.2868e-06,6.6e-06,2,1,0.49593,1.7958,999,999,999,2.0931,0.49396,0.36048,0,0,0,0,0,0,0,0,0,0,0,0,0,0,0,0,0,0,0,0,0,0,0,0,0,0,0,0,0,0,0,0,0,0,0,0,0,0,0.026422,1.7228,-1,0.99353,0,0,0,0,0,0,0,0,0,0,0,0
0,0,0,0,0,0,0,0,1.2918,1.1512,-0.70678,-1,-0.0088097,-9.9661e-05,4.5612e-06,0,0,0,1.2392,-0.73264,0.78436,-0.67473,1.0121,0.81744,0.45148,0,0,0,0,0,0,0,0,0,0,0,0,0,0,0,0,0,0,0,0,0,0,0,0,0,0,0,0,0,0,0,0,0,0,0,0,0,0,0.003134,1.2918,-1,0.94145,0,0,0,0,0,0,0,0,0,0,0,1
0,0,0,0,0,0,0,0,0.4194,1.2723,-0.93313,1,-0.98152,0.94453,-6.0441e-05,0,0,0,0.8854,999,999,999,0.48323,0.6248,0.63612,0,0,0,0,0,0,0,0,0,0,0,0,0,0,0,0,0,0,0,0,0,0,0,0,0,0,0,0,0,0,0,0,0,0,0,0,0,0,0.057061,0.6788,-1,0.71153,0,0,0,0,0,0,0,0,0,0,0,0
0,0,0,0,1.6884,0.2461,-0.60373,1,0.93919,0.93273,0.12139,-1,0.99188,-0.052828,0.013685,1,0,0,1.9631,1.6884,0.98828,-0.9239,0.44988,1.2044,2.1116,0.84092,0.1521,5.8207e-07,9999,1,-1,517.58,5.0781,0.23047,0,0,0,0,0,0,0,0,1,1.6884,0.98828,-0.79671,0,0,0,0,0,10,0.1521,5.8207e-07,9999,-1,517.58,5.0781,0.23047,1.6884,0.98828,-0.79671,-2,0.0062365,1.6884,1,0.98828,0.51675,1,0.99188,0.47225,0,0,0,0,0,0,0,1
0,0,0,0,0,0,0,0,0.27619,0,0.25019,1,5.0959e-07,4.7834e-07,0,0,0,0,0.27425,999,999,999,0.20477,0.19129,0,0,0,0,0,0,0,0,0,0,0,0,0,0,0,0,0,0,0,0,0,0,0,0,0,0,0,0,0,0,0,0,0,0,0,0,0,0,0,0,0,0,0,0,0,0,0,0,0,0,0,0,0,0,0
0,0,0,0,0,0,0,0,0.74398,0.30749,-0.2934,1,0.00016506,3.3011e-06,-1.2906e-06,1,1,0.49815,0.76466,999,999,999,1.0054,0.30741,0.13876,0.99284,0.080143,1.2906e-06,9999,0,-1,0,2.4902,0.13876,0,0,0,0,0,0,0,0,1,999,999,999,0,0,0,0,0,10,0.21863,3.7763e-07,9999,-1,1025.4,9.375,0.13118,0.74398,0.74294,-0.027089,-9,0.0079493,0.74398,1,0.74294,0.65885,1,0.00016506,0.88811,0,0,0,0,0,0,0,1
0,0,0,0,0,0,0,0,1.8375,0.14779,0.54727,1,-0.66913,0.41869,0.10643,1,0,0,1.2896,999,999,999,0.78622,1.3384,1.3033,0.63857,0.22586,3.6983e-06,9999,1,-1,0,4.7852,0.28822,0,0,0,0,0,0,0,0,1,1.8375,0.99714,-0.5786,0,0,0,0,0,10,0.22586,3.6983e-06,9999,-1,0,4.7852,0.28822,1.8375,0.99714,-0.5786,-6,0.024704,1.8375,1,0.99714,-0.33876,1,0.10643,0.00018695,0,0,0,0,0,0,0,1
0,0,0,0,0,0,0,0,1.1763,1.3669,-0.57484,1,0.029248,-0.0017756,-1.3543e-05,0,0,0,1.1507,999,999,999,1.7716,0.65955,0.52703,0,0,0,0,0,0,0,0,0,0,0,0,0,0,0,0,0,0,0,0,0,0,0,0,0,0,0,0,0,0,0,0,0,0,0,0,0,0,0.0054276,1.1763,1,0.61624,0,0,0,0,0,0,0,0,0,0,0,0
0,0,0,0,0,0,0,0,0.66221,0.23352,0.49769,-1,-0.045532,0.00097015,-0.00027332,1,0,0,0.97066,-0.92094,-0.89698,-0.54648,1.0562,0.40187,0.79449,0,0,0,0,0,0,0,0,0,0,0,0,0,0,0,0,0,0,0,0,0,0,0,0,0,0,0,0,0,0,0,0,0,0,0,0,0,0,0.047976,0.92094,-1,0.89698,0,0,0,0,0,0,0,0,0,0,0,1
0,0,0,0,0,0,0,0,0.80506,1.6926,-0.85244,1,0.96879,-0.00034129,8.0555e-05,1,0,0,1.1296,0.80506,-0.78143,-0.47319,0.28923,0.96958,0.63003,0,0,0,0,0,0,0,0,0,0,0,0,0,0,0,0,0,0,0,0,0,0,0,0,0,0,0,0,0,0,0,0,0,0,0,0,0,0,0.031491,0.84801,-1,0.84239,0,0,0,0,0,0,0,0,0,0,0,0
1.1027,0.18255,-0.52672,-1,0,0,0,0,1.0598,0.37322,-0.73302,1,-0.048777,0.04063,-9.11e-06,0,0,0,1.5241,999,999,999,1.0921,1.0461,0.49389,0,0,0,0,0,0,0,0,0,0,0,0,0,0,0,0,0,0,0,0,0,0,0,0,0,0,0,0,0,0,0,0,0,0,0,0,0,0,0.0060853,1.0598,1,0.72525,0,0,0,0,0,0,0,0,0,0,0,0
0,0,0,0,0,0,0,0,1.4764,0.80242,0.1225,1,0.015559,0.012573,2.6218e-05,0,0,0,1.6458,0.55732,-0.68909,-0.67167,1.6147,0.85075,0.49068,0.18426,0.21209,7.7006e-06,9999,1,-1,0,4.7363,0.3479,0,0,0,0,0,0,0,0,1,1.4764,0.96658,-0.096303,0,0,0,0,0,10,0.21209,7.7006e-06,9999,-1,0,4.7363,0.3479,1.4764,0.96658,-0.096303,-5,0.013927,1.4764,1,0.96658,0.79337,1,0.012573,0.00056177,0,0,0,0,0,0,0,1
0,0,0,0,0,0,0,0,0.69734,2.1162,-0.77841,-1,0.00096279,-0.00029343,0,0,0,0,0.60607,999,999,999,0.98118,0.47395,0,0,0,0,0,0,0,0,0,0,0,0,0,0,0,0,0,0,0,0,0,0,0,0,0,0,0,0,0,0,0,0,0,0,0,0,0,0,0,0.0042188,0.69734,-1,0.82571,0,0,0,0,0,0,0,0,0,0,0,1
0,0,0,0,0,0,0,0,1.9733,0.13088,-0.76067,-1,-0.094189,0.00048689,0.00012338,1,0,0,1.7563,999,999,999,1.5391,0.92044,0.76853,0.90928,0.16564,8.1654e-07,9999,0,1,454.1,4.0527,0.28426,0,0,0,0,0,0,0,0,1,1.9733,0.98591,-0.94996,0,0,0,0,0,10,0.16564,8.1654e-07,9999,1,454.1,4.0527,0.28426,1.9733,0.98591,-0.94996,2,0.01525,1.9733,-1,0.98591,-0.94996,-1,-0.094189,-0.57112,0,0,0,0,0,0,0,0
0,0,0,0,0,0,0,0,0.26466,0.55769,0.41378,1,0.94998,0.0065893,-3.4348e-05,0,0,0,0.94309,0.65328,0.64038,-0.14768,1.0006,1.009,0.52558,0,0,0,0,0,0,0,0,0,0,0,0,0,0,0,0,0,0,0,0,0,0,0,0,0,0,0,0,0,0,0,0,0,0,0,0,0,0,0.0094707,0.7041,1,0.83172,0,0,0,0,0,0,0,0,0,0,0,0
0,0,0,0,2.0149,0.55777,-0.96205,1,0.69334,1.4443,0.65613,-1,0.34355,-6.8407e-05,7.6245e-06,1,0,0,1.3243,999,999,999,3.2274,0.6365,0.37203,0.95788,0.088626,1.2233e-06,9999,1,-1,0,20.898,0.073523,0,0,0,0,0,0,0,0,1,2.0149,0.97137,-0.89378,0,0,0,0,0,10,0.088626,1.2233e-06,9999,-1,0,20.898,0.073523,2.0149,0.97137,-0.89378,-2,0.014937,0.69334,-1,0.84971,-0.89378,1,0.34355,0.84006,0,0,0,0,0,0,0,1
1.7559,0,-0.68197,1,0,0,0,0,0.43991,0.044132,0.54272,1,0.9941,0.090884,0.024365,0,0,0,1.5381,1.7559,-0.9611,-0.66108,0.59155,1.5826,1.2441,0.39423,0.24157,2.7441e-06,9999,1,-1,541.99,4.0527,0.29353,0,0,0,0,0,0,0,0,1,999,999,999,0,0,0,0,0,0,0,0,0,0,0,0,0,0,0,0,0,0.0090605,1.7559,1,0.9611,-0.88437,1,0.9941,0.000136,0,0,0,0,0,0,0,1
0,0,0,0,0,0,0,0,0.86365,0.5904,-0.37864,1,0.47136,0.059125,-4.3741e-05,1,0,0,1.0282,0.86365,0.89048,-0.28039,1.1965,1.1895,0.56556,0.67376,0.096225,1.2094e-06,9999,1,-1,0,8.5938,0.09475,0,0,0,0,0,0,0,0,1,0.86365,0.89048,-0.85233,0,0,0,0,0,10,0.096225,1.2094e-06,9999,-1,0,8.5938,0.09475,0.86365,0.89048,-0.85233,-8,0.0093729,0.86365,1,0.89048,-0.04774,1,0.47136,0.62854,0,0,0,0,0,0,0,1
0,0,0,0,0,0,0,0,0.86299,2.0777,-0.89874,1,6.206e-05,-2.0089e-05,2.3019e-06,2,1,0.5001,0.68589,999,999,999,0.63998,0.41555,0.23991,0.84119,0.12471,5.0161e-07,9999,1,-1,722.66,4.4434,0.20149,0,0,0,0,0,0,0,0,1,0.86299,0.78607,-0.77737,0,0,0,0,0,10,0.16323,8.0828e-07,9999,-1,400.39,3.418,0.28284,0.86299,0.78607,-0.73932,-5,0.02304,0.86299,1,0.78607,-0.77737,1,6.206e-05,0.6283,0,0,0,0,0,0,0,1
0,0,0,0,0,0,0,0,2.1486,0.046974,-0.95803,1,0.9668,-0.16388,0.036554,2,0,0,2.1103,2.1486,-0.99962,-0.95078,1.3604,0.97449,1.7385,0,0,0,0,0,0,0,0,0,0,0,0,0,0,0,0,0,0,0,0,0,0,0,0,0,0,0,0,0,0,0,0,0,0,0,0,0,0,0.0060962,2.1486,1,0.99962,0,0,0,0,0,0,0,0,0,0,0,1
0,0,0,0,0,0,0,0,0.63995,0.38285,-0.58507,1,-0.99984,0.33483,-0.037026,4,1,0.50318,0.674,999,999,999,0.3642,0.99335,0.97905,0.4882,0.1634,1.2136e-06,9999,0,-1,0,15.039,0.082028,0,0,0,0,0,0,0,0,1,0.63995,0.84646,-0.64626,0,0,0,0,0,10,0.1634,1.2136e-06,9999,-1,0,15.039,0.082028,0.63995,0.84646,-0.64626,-0,0.017627,0.63995,1,0.84646,-0.24615,-1,-0.99984,-0.051445,0,0,0,0,0,0,0,1
0,0,0,0,0,0,0,0,0.93588,0.7103,-0.79032,1,0.99996,0.012015,-3.6284e-05,0,0,0,1.1608,0.93588,-0.63525,-0.11458,0.28421,1.1287,0.53458,0.67708,0.20549,0.99996,9999,1,1,1953.1,16.211,0.28421,0,0,0,0,0,0,0,0,1,999,999,999,0,0,0,0,0,0,0,0,0,0,0,0,0,0,0,0,0,0.018981,0.93588,1,0.63525,0.8491,-1,-3.6284e-05,-5.273e-06,0,0,0,0,0,0,0,1
0,0,0,0,0,0,0,0,0.87368,1.3405,-0.069771,-1,-0.037284,-0.0022368,6.4798e-07,0,0,0,0.95289,999,999,999,0.85695,0.88412,0.24908,0.54313,0.16489,5.6938e-07,9999,1,1,595.7,4.248,0.22643,0,0,0,0,0,0,0,0,1,0.87368,0.69822,-0.073241,0,0,0,0,0,10,0.16489,5.6938e-07,9999,1,595.7,4.248,0.22643,0.87368,0.69822,-0.073241,0,0.002866,0.87368,-1,0.69822,0.83209,-1,-0.037284,-0.019847,0,0,0,0,0,0,0,1
0,0,0,0,0,0,0,0,0.41708,0.23038,-0.44688,1,-0.88644,0.00035883,5.8514e-06,0,0,0,0.53524,999,999,999,0.63998,0.59948,0.46964,0.24004,0.14177,3.5842e-07,9999,1,1,1269.5,9.375,0.11515,0,0,0,0,0,0,0,0,1,999,999,999,0,0,0,0,0,0,0,0,0,0,0,0,0,0,0,0,0,0,0,0,0,0.0097757,-1,-0.88644,-0.11358,0,0,0,0,0,0,0,0
0,0,0,0,0,0,0,0,1.4898,0.47445,-0.60799,1,0.99204,-0.18925,0.00027858,1,0,0,1.6142,1.4898,0.91249,-0.42038,0.65717,0.62337,1.8955,0.8931,0.11241,3.5837e-07,9999,0,1,551.76,4.8828,0.1151,0,0,0,0,0,0,0,0,1,999,999,999,0,0,0,0,0,10,0.10908,4.3087e-07,9999,-1,683.59,6.6406,0.16686,1.4898,0.91249,-0.22791,-2,0.0038832,1.4898,1,0.91249,0.94733,1,0.99204,0.47829,0,0,0,0,0,0,0,1
0,0,0,0,0,0,0,0,1.2146,0,-0.80061,1,0.00011478,-5.1272e-05,0,0,1,0.49923,0.87182,999,999,999,0.90197,0.61603,0,0,0,0,0,0,0,0,0,0,0,0,0,0,0,0,0,0,0,0,0,0,0,0,0,0,0,0,0,0,0,0,0,0,0,0,0,0,0,0.013733,1.2146,1,0.99152,0,0,0,0,0,0,0,0,0,0,0,0
1.8132,0.65805,-0.88285,-1,0,0,0,0,0.64308,0,0.20795,1,-0.96666,-0.91201,-5.3642e-05,2,0,0,1.8878,-1.8132,0.80623,-0.11177,0.3398,0.35462,2.2935,0.89037,0.080569,3.4607e-07,9999,0,1,1796.9,11.426,0.10363,0,0,0,0,0,0,0,0,1,1.8132,0.80623,-0.49309,0,0,0,0,0,10,0.080569,3.4607e-07,9999,1,1796.9,11.426,0.10363,1.8132,0.80623,-0.49309,2,0.0029637,1.8132,-1,0.80623,0.89547,-1,-0.91201,-0.76688,0,0,0,0,0,0,0,0
0,0,0,0,0,0,0,0,1.1513,1.0889,-0.69034,1,-0.95396,0.073159,0.06001,2,0,0,1.9418,-0.59527,-0.95493,-0.57527,1.3136,1.0548,1.3192,0.98808,0.21151,3.4375e-06,9999,0,1,0,4.7852,0.28148,0,0,0,0,0,0,0,0,1,0.59527,0.95493,-0.95985,0,0,0,0,0,10,0.21151,3.4375e-06,9999,1,0,4.7852,0.28148,0.59527,0.95493,-0.95985,2,0.019867,1.0671,1,0.8675,0.77886,-1,-0.95396,-0.5849,0,0,0,0,0,0,0,0
0,0,0,0,0,0,0,0,0.82998,0,0.50641,1,0.11009,0.051607,-0.00018389,2,0,0,1.0987,0.82998,-0.5896,-0.81834,0.68671,1.2261,0.20306,0.86487,0.20097,0.00018389,9999,0,-1,673.83,0,0.20306,1,0,-4.1137,0.43461,0.58123,0.16743,0.00017688,0.018451,1,0.82998,0.5896,-0.90003,0,0,0,0,0,10,0.20097,0.00018389,9999,-1,673.83,0,0.20306,0.82998,0.5896,-0.90003,-11,0.023853,0.72659,-1,0.6488,0.9869,1,0.11009,0.11477,0,0,0,0,0,0,0,1
0,0,0,0,0,0,0,0,0.97798,1.0278,-0.8461,1,-0.99955,-0.047778,0.0026958,2,1,0.49632,1.4583,-0.96173,-0.78853,-0.1266,0.45115,1.3375,1.1853,0,0,0,0,0,0,0,0,0,0,0,0,0,0,0,0,0,0,0,0,0,0,0,0,0,0,0,0,0,0,0,0,0,0,0,0,0,0,0.0046502,0.97798,1,0.93444,0,0,0,0,0,0,0,0,0,0,0,0
0,0,0,0,1.3285,1.1372,-0.28996,-1,1.7663,0.63613,-0.60957,-1,-0.066026,0.043529,-0.042933,0,0,0,2.2737,-1.3285,-0.75417,-0.51587,1.8974,0.93101,1.4661,0,0,0,0,0,0,0,0,0,0,0,0,0,0,0,0,0,0,0,0,0,0,0,0,0,0,0,0,0,0,0,0,0,0,0,0,0,0,0.010142,1.7663,-1,0.94266,0,0,0,0,0,0,0,0,0,0,0,1
0,0,0,0,0,0,0,0,1.0486,0.47896,0.64481,-1,-0.97394,0.035488,-0.020864,0,0,0,1.6128,-1.0486,0.95339,-0.66196,0.91775,1.2598,1.4233,0,0,0,0,0,0,0,0,0,0,0,0,0,0,0,0,0,0,0,0,0,0,0,0,0,0,0,0,0,0,0,0,0,0,0,0,0,0,0.014142,1.1088,1,0.94711,0,0,0,0,0,0,0,0,0,0,0,0
0,0,0,0,0,0,0,0,0.65005,0.43034,0.49774,-1,-0.58156,-0.00013178,1.4247e-05,0,0,0,1.0648,999,999,999,0.88401,0.73013,0.42613,0.49259,0.17324,3.4519e-07,9999,1,-1,1425.8,10.938,0.10276,0,0,0,0,0,0,0,0,1,999,999,999,0,0,0,0,0,0,0,0,0,0,0,0,0,0,0,0,0,0.020274,0.65005,-1,0.87813,0.61371,1,1.1072e-05,0.034264,0,0,0,0,0,0,0,1
0,0,0,0,0,0,0,0,0.89961,0.16045,-0.85176,1,-0.00036742,0.0001392,-1.0147e-05,2,0,0,1.1092,-0.6023,-0.56058,-0.42312,0.78436,0.87251,0.50776,0.98844,0.061917,1.2537e-06,9999,0,-1,0,8.8867,0.12691,0,0,0,0,0,0,0,0,1,0.89961,0.78449,-0.73341,0,0,0,0,0,10,0.061917,1.2537e-06,9999,-1,0,8.8867,0.12691,0.89961,0.78449,-0.73341,-5,0.0011507,0.89961,1,0.78449,-0.73341,1,0.0001392,0.87512,0,0,0,0,0,0,0,1
0,0,0,0,0,0,0,0,0.50751,2.1264,-0.58766,-1,-3.9413e-05,6.1772e-06,-3.5685e-06,2,1,0.49718,0.6475,-0.50751,-0.98587,-0.26769,0.58834,0.35526,0.43277,0.91363,0.18029,7.3376e-07,9999,1,-1,664.06,4.248,0.26873,0,0,0,0,0,0,0,0,1,999,999,999,0,0,0,0,0,10,0.20801,4.8829e-07,9999,1,654.3,6.543,0.19577,0.50751,0.98587,-0.31934,9,0.014087,0.50751,-1,0.98587,-0.31939,1,6.1772e-06,0.46879,0,0,0,0,0,0,0,1
0,0,0,0,0,0,0,0,1.4187,0.32714,-0.97834,-1,-0.99591,-0.96838,0.00064878,3,2,0.49502,1.466,-1.4187,-0.86332,-0.782,0.57067,1.3294,0.43306,0,0,0,0,0,0,0,0,0,0,0,0,0,0,0,0,0,0,0,0,0,0,0,0,0,0,0,0,0,0,0,0,0,0,0,0,0,0,0.0034713,1.4187,-1,0.86332,0,0,0,0,0,0,0,0,0,0,0,0
0,0,0,0,0,0,0,0,2.0864,0.47941,-0.9862,1,0.002396,-0.00079523,0.00064529,2,1,0.50055,1.8633,999,999,999,2.9997,0.86428,0.44872,0,0,0,0,0,0,0,0,0,0,0,0,0,0,0,0,0,0,0,0,0,0,0,0,0,0,0,0,0,0,0,0,0,0,0,0,0,0,0.0021598,2.0864,1,0.99255,0,0,0,0,0,0,0,0,0,0,0,1
0,0,0,0,0,0,0,0,0.85376,0.13359,-0.99719,-1,-0.96228,9.7521e-05,7.3548e-06,0,0,0,0.9879,999,999,999,0.67072,0.60309,0.48571,0,0,0,0,0,0,0,0,0,0,0,0,0,0,0,0,0,0,0,0,0,0,0,0,0,0,0,0,0,0,0,0,0,0,0,0,0,0,0.016876,0.85376,-1,0.98545,0,0,0,0,0,0,0,0,0,0,0,0
1.0999,0.70788,-0.91222,1,0,0,0,0,0.33335,0.08235,0.53535,-1,0.091535,0.027815,-5.8638e-05,0,0,0,1.2817,999,999,999,1.0298,0.75765,0.62264,0,0,0,0,0,0,0,0,0,0,0,0,0,0,0,0,0,0,0,0,0,0,0,0,0,0,0,0,0,0,0,0,0,0,0,0,0,0,0.018388,1.0999,1,0.70452,0,0,0,0,0,0,0,0,0,0,0,1
0,0,0,0,0,0,0,0,0.62553,0,-0.5167,-1,-0.045071,-0.00043315,5.7381e-06,1,0,0,0.60632,999,999,999,0.941,0.65066,0.3495,0,0,0,0,0,0,0,0,0,0,0,0,0,0,0,0,0,0,0,0,0,0,0,0,0,0,0,0,0,0,0,0,0,0,0,0,0,0,0.0072395,0.62553,-1,0.99434,0,0,0,0,0,0,0,0,0,0,0,1
0,0,0,0,0,0,0,0,0.76675,0.87362,0.70953,-1,-0.06503,-0.00060931,7.3635e-05,1,0,0,1.029,999,999,999,0.94761,0.92585,0.68782,0.96205,0.18945,9.6313e-07,9999,1,-1,556.64,3.9551,0.30623,0,0,0,0,0,0,0,0,1,0.53203,0.94441,-0.92344,0,0,0,0,0,10,0.18945,9.6313e-07,9999,-1,556.64,3.9551,0.30623,0.53203,0.94441,-0.92344,-2,0.0087596,0.76675,-1,0.89387,0.95977,1,7.3635e-05,0.63527,0,0,0,0,0,0,0,1
0,0,0,0,0,0,0,0,1.3707,1.426,-0.94905,1,0.99213,-0.97603,-0.94815,3,0,0,1.5278,999,999,999,0.44695,0.27327,1.0194,0.99578,0.058932,1.2266e-06,9999,1,-1,0,10.84,0.11413,0,0,0,0,0,0,0,0,1,1.3707,0.96544,-0.98521,0,0,0,0,0,10,0.058932,1.2266e-06,9999,-1,0,10.84,0.11413,1.3707,0.96544,-0.98521,-6,0.0048672,1.3707,1,0.96544,-0.63593,1,0.99213,0.88348,0,0,0,0,0,0,0,0
0,0,0,0,0,0,0,0,1.7175,0.22203,-0.69311,-1,-0.82714,1.4853e-06,1.0511e-06,0,0,0,1.3121,999,999,999,2.6303,0.35531,0.31702,0.99172,0.17006,3.7141e-07,9999,1,-1,966.8,9.8633,0.12621,0,0,0,0,0,0,0,0,1,999,999,999,0,0,0,0,0,10,0.21153,1.0511e-06,9999,1,493.16,4.6387,0.31702,1.7175,0.9441,-0.0229,4,0.0081084,1.7175,-1,0.9441,0.17835,-1,-0.82714,-0.00021808,0,0,0,0,0,0,0,0
0,0,0,0,0,0,0,0,0.39808,0.55587,0.60374,-1,-4.2875e-05,9.3183e-06,-1.3057e-06,2,1,0.49841,0.48647,999,999,999,0.60201,0.38856,0.34176,0,0,0,0,0,0,0,0,0,0,0,0,0,0,0,0,0,0,0,0,0,0,0,0,0,0,0,0,0,0,0,0,0,0,0,0,0,0,0,0,0,0,0,0,0,0,0,0,0,0,0,0,0,0
0,0,0,0,0,0,0,0,0.88933,0.53538,-0.11492,1,-0.018096,0.0004879,0.00028853,1,0,0,1.2257,999,999,999,1.0603,0.83773,0.53861,0.67038,0.17116,5.2675e-07,9999,1,1,625,5.127,0.21148,0,0,0,0,0,0,0,0,1,999,999,999,0,0,0,0,0,0,0,0,0,0,0,0,0,0,0,0,0,0.0020731,0.88933,1,0.90423,0.69115,-1,-0.018096,-0.085158,0,0,0,0,0,0,0,0
0,0,0,0,0,0,0,0,0.60683,0.58121,-0.94049,-1,-4.6731e-05,-1.2027e-06,0,1,0,0,0.56775,999,999,999,0.57783,0.23,0,0,0,0,0,0,0,0,0,0,0,0,0,0,0,0,0,0,0,0,0,0,0,0,0,0,0,0,0,0,0,0,0,0,0,0,0,0,0,0.019469,0.60683,-1,0.96998,0,0,0,0,0,0,0,0,0,0,0,0
0,0,0,0,0,0,0,0,0.4496,0.32633,0.90775,-1,-0.093343,-0.00015389,-8.3874e-06,1,0,0,0.82672,999,999,999,0.67519,0.69239,0.49385,0.20733,0.16082,6.0715e-07,9999,1,1,571.29,5.2734,0.23799,0,0,0,0,0,0,0,0,1,0.73099,0.61248,-0.051022,0,0,0,0,0,10,0.16082,6.0715e-07,9999,1,571.29,5.2734,0.23799,0.73099,0.61248,-0.051022,5,0.028504,0.78785,-1,0.90411,-0.051022,-1,-0.093343,-0.031475,0,0,0,0,0,0,0,1
0,0,0,0,0,0,0,0,0.4762,0.14025,-0.86755,-1,0.0097108,-2.1132e-05,-3.5568e-06,1,0,0,0.40184,999,999,999,0.69358,0.55621,0.31302,0,0,0,0,0,0,0,0,0,0,0,0,0,0,0,0,0,0,0,0,0,0,0,0,0,0,0,0,0,0,0,0,0,0,0,0,0,0,0,0,0,0,0,0,0,0,0,0,0,0,0,0,0,0
0,0,0,0,0,0,0,0,1.0082,0,0.069424,-1,-0.093744,-6.8483e-05,2.889e-05,0,0,0,1.0294,-1.0082,-0.98746,-0.86928,1.2304,0.67448,0.50175,0,0,0,0,0,0,0,0,0,0,0,0,0,0,0,0,0,0,0,0,0,0,0,0,0,0,0,0,0,0,0,0,0,0,0,0,0,0,0.0069915,1.0082,-1,0.98746,0,0,0,0,0,0,0,0,0,0,0,0
0,0,0,0,1.1039,0.7807,-0.47799,1,0.87341,1.3309,-0.79294,1,-0.98404,0.116,0.014116,0,0,0,1.3749,999,999,999,0.72631,1.4331,1.3466,0,0,0,0,0,0,0,0,0,0,0,0,0,0,0,0,0,0,0,0,0,0,0,0,0,0,0,0,0,0,0,0,0,0,0,0,0,0,0.0057065,1.1039,1,0.69703,0,0,0,0,0,0,0,0,0,0,0,0
0,0,0,0,0,0,0,0,0.46394,1.4396,-0.20424,1,-0.00069348,0.00049828,5.007e-05,3,0,0,0.64225,999,999,999,0.39273,0.28157,0.59079,0.92746,0.10833,4.5355e-07,9999,1,1,634.77,6.0547,0.17922,0,0,0,0,0,0,0,0,1,999,999,999,0,0,0,0,0,0,0,0,0,0,0,0,0,0,0,0,0,0,0,0,0,0.88833,1,0.00049828,0.62137,0,0,0,0,0,0,0,1
1.4978,0.21666,-0.31126,1,0,0,0,0,0.73555,1.2241,-0.49798,1,0.038668,0.0052696,-4.0038e-06,0,0,0,1.4803,0.73555,0.84613,-0.66838,1.3208,1.0608,0.29531,0.92197,0.17942,4.0038e-06,9999,1,-1,0,4.4434,0.29531,0,0,0,0,0,0,0,0,1,1.4978,0.96182,-0.78633,0,0,0,0,0,10,0.17942,4.0038e-06,9999,-1,0,4.4434,0.29531,1.4978,0.96182,-0.78633,-2,0.014596,1.4978,1,0.96182,0.9702,1,0.0052696,0.51441,0,0,0,0,0,0,0,1
0,0,0,0,0,0,0,0,0.95426,0.83639,-0.98214,-1,0.99975,-0.93771,-0.11714,1,0,0,1.2421,999,999,999,0.34782,1.1186,1.1204,0.89966,0.097472,1.3733e-06,9999,1,-1,0,5.8594,0.15733,0,0,0,0,0,0,0,0,1,999,999,999,0,0,0,0,0,10,0.12609,0.99975,9999,1,1425.8,9.9609,0.34782,0.95426,0.98671,-0.8898,22,0.0068899,0.95426,-1,0.98671,-0.64528,1,0.99975,0.76119,0,0,0,0,0,0,0,1
0,0,0,0,0,0,0,0,1.5973,0.76315,-0.9521,-1,-0.063177,0.058163,0.0069483,1,0,0,1.7514,999,999,999,2.2517,1.0807,0.43527,0.62248,0.14073,5.4788e-07,9999,1,-1,615.23,5.8105,0.21917,0,0,0,0,0,0,0,0,1,0.57614,0.17206,-0.23816,0,0,0,0,0,10,0.14073,5.4788e-07,9999,-1,615.23,5.8105,0.21917,0.57614,0.17206,-0.23816,-6,0.0013132,1.5973,-1,0.99804,0.98721,1,0.058163,0.25204,0,0,0,0,0,0,0,0
1.1567,0.20184,0.029295,-1,0,0,0,0,0.61145,0.61505,-0.78266,1,0.2265,-0.00078221,0.00047286,3,1,0.49115,1.3414,999,999,999,0.98383,1.1368,0.61755,0,0,0,0,0,0,0,0,0,0,0,0,0,0,0,0,0,0,0,0,0,0,0,0,0,0,0,0,0,0,0,0,0,0,0,0,0,0,0.010947,1.1567,-1,0.97653,0,0,0,0,0,0,0,0,0,0,0,1
0,0,0,0,0,0,0,0,1.1498,1.144,-0.97937,1,0.015189,0.00013268,-8.4149e-06,0,0,0,0.92789,999,999,999,0.58925,0.80943,0.38007,0,0,0,0,0,0,0,0,0,0,0,0,0,0,0,0,0,0,0,0,0,0,0,0,0,0,0,0,0,0,0,0,0,0,0,0,0,0,0.0024694,1.1498,1,0.95977,0,0,0,0,0,0,0,0,0,0,0,1
0.52301,1.2533,-0.18665,-1,0,0,0,0,0.72217,0.62113,-0.46554,1,0.14486,0.11026,-0.00035702,0,0,0,1.1558,0.72483,-0.92918,-0.95218,0.88114,0.83119,0.70921,0.92248,0.13087,5.0242e-07,9999,0,1,556.64,4.4922,0.20183,0,0,0,0,0,0,0,0,1,0.52301,0.6993,-0.41661,0,0,0,0,0,10,0.13087,5.0242e-07,9999,1,556.64,4.4922,0.20183,0.52301,0.6993,-0.41661,4,0.0030231,0.72483,1,0.92918,0.81257,1,0.11026,0.68781,0.52301,1.2533,-0.18665,-1,1,0.0024907,0.6993,1
0,0,0,0,0,0,0,0,1.1816,1.169,0.87543,-1,0.76581,-0.031346,0.0010226,0,0,0,1.3292,999,999,999,0.12162,1.4323,0.60675,0,0,0,0,0,0,0,0,0,0,0,0,0,0,0,0,0,0,0,0,0,0,0,0,0,0,0,0,0,0,0,0,0,0,0,0,0,0,0.0061128,1.1816,-1,0.9293,0,0,0,0,0,0,0,0,0,0,0,0
0,0,0,0,0,0,0,0,0.52032,1.3274,-0.11229,1,0.89828,0.00079183,2.6008e-05,1,0,0,0.72796,0.52032,0.74952,-0.46726,0.27162,0.65505,0.48965,0.74703,0.083505,1.2102e-06,9999,0,1,0,15.82,0.087544,0,0,0,0,0,0,0,0,1,999,999,999,0,0,0,0,0,0,0,0,0,0,0,0,0,0,0,0,0,0.031503,0.52032,1,0.74952,-0.37988,-1,-8.0253e-06,-0.70465,0,0,0,0,0,0,0,1
0,0,0,0,0,0,0,0,0.42116,0,0.37661,-1,-0.00088132,-7.3629e-06,-3.8133e-06,1,0,0,0.67415,999,999,999,0.60007,0.36921,0.31826,0,0,0,0,0,0,0,0,0,0,0,0,0,0,0,0,0,0,0,0,0,0,0,0,0,0,0,0,0,0,0,0,0,0,0,0,0,0,0,0,0,0,0,0,0,0,0,0,0,0,0,0,0,1
0,0,0,0,0.51886,0.71924,0.7978,-1,0.63745,0.76166,-0.77733,-1,0.99406,-0.00010637,-4.9004e-05,0,0,0,0.83577,999,999,999,0.45999,0.7202,0.56562,0.84538,0.14746,6.5388e-07,9999,1,1,478.52,3.7109,0.25058,0,0,0,0,0,0,0,0,1,0.63745,0.98282,-0.89397,0,0,0,0,0,10,0.14746,6.5388e-07,9999,1,478.52,3.7109,0.25058,0.63745,0.98282,-0.89397,4,0.019548,0.63745,-1,0.98282,0.88889,-1,-0.00010637,-0.51493,0,0,0,0,0,0,0,0
0,0,0,0,0,0,0,0,0.92657,0.12879,-0.1594,-1,-0.96957,-0.92682,0.25825,2,0,0,1.204,-0.72176,0.74296,-0.8127,0.89043,0.84304,1.1888,0.57209,0.17329,0.0001981,9999,0,1,546.88,0,0.22785,0,0,0,0,0,0,0,0,1,0.92657,0.97045,-0.7175,0,0,0,0,0,10,0.17329,0.0001981,9999,1,546.88,0,0.22785,0.92657,0.97045,-0.7175,0,0.02788,0.92657,-1,0.97045,0.93924,-1,-0.92682,-0.044918,0,0,0,0,0,0,0,0
0,0,0,0,0,0,0,0,0.74833,0.21309,0.57135,-1,-0.10573,7.164e-05,7.0662e-05,0,0,0,1.1142,999,999,999,1.1652,0.69049,0.57157,0.13333,0.22422,4.4562e-07,9999,1,-1,664.06,4.7363,0.17505,0,0,0,0,0,0,0,0,1,999,999,999,0,0,0,0,0,0,0,0,0,0,0,0,0,0,0,0,0,0.030649,0.74833,-1,0.84963,0.7637,1,7.164e-05,0.00023585,0,0,0,0,0,0,0,0
1.0048,0.42338,-0.90391,-1,0,0,0,0,0.43082,1.0154,-0.62153,1,-0.00042745,6.6301e-05,0,0,0,0,0.92002,999,999,999,1.4367,0.61734,0,0,0,0,0,0,0,0,0,0,0,0,0,0,0,0,0,0,0,0,0,0,0,0,0,0,0,0,0,0,0,0,0,0,0,0,0,0,0,0.017009,1.0048,-1,0.97259,0,0,0,0,0,0,0,0,0,0,0,0
0.53136,0.84684,0.95983,-1,0,0,0,0,1.5206,0.25719,-0.91525,1,0.95601,-0.23307,0.024266,1,0,0,1.6349,0.83526,0.99486,-0.73418,1.0684,0.81643,1.2862,0.99289,0.21603,3.8844e-07,9999,1,1,908.2,8.2031,0.13935,0,0,0,0,0,0,0,0,1,0.53136,0.99868,-0.98749,0,0,0,0,0,10,0.21603,3.8844e-07,9999,1,908.2,8.2031,0.13935,0.53136,0.99868,-0.98749,2,0.0060151,1.5206,1,0.79906,-0.98749,-1,-0.23307,-0.56582,0.53136,0.84684,0.95983,-1,1,0.12755,0.99868,0
0,0,0,0,0,0,0,0,1.525,0.27419,-0.96328,-1,0.97733,-0.36091,4.8843e-07,0,0,0,1.5627,999,999,999,0.78776,1.3989,0.19583,0.23176,0.14731,4.8843e-07,9999,1,1,673.83,4.9805,0.19583,0,0,0,0,0,0,0,0,1,999,999,999,0,0,0,0,0,0,0,0,0,0,0,0,0,0,0,0,0,0.016027,1.525,-1,0.97553,0.057935,-1,-0.36091,-0.082291,0,0,0,0,0,0,0,0
0,0,0,0,0,0,0,0,0.61349,0.52466,0.50105,-1,-0.0047926,-0.00037726,4.7215e-05,1,0,0,1.1678,999,999,999,0.93716,0.79057,0.57946,0.82253,0.09934,3.9374e-07,9999,0,1,81.787,7.1289,0.14317,0,0,0,0,0,0,0,0,1,0.83359,0.73338,-0.69145,0,0,0,0,0,10,0.09934,3.9374e-07,9999,1,81.787,7.1289,0.14317,0.83359,0.73338,-0.69145,0,0.0053528,0.83359,-1,0.73338,0.58555,-1,-1.3567e-05,-0.69156,0,0,0,0,0,0,0,0
0,0,0,0,1.6115,0.051474,0.020505,1,1.1289,1.5253,-0.82464,1,0.92716,0.00015275,-3.3102e-06,0,0,0,1.6595,1.6115,0.95996,-0.48345,1.5075,2.465,0.42685,0.9689,0.16677,4.4497e-07,9999,1,-1,732.42,4.4922,0.17471,0,0,0,0,0,0,0,0,1,1.6115,0.95996,-0.87635,0,0,0,0,0,10,0.16677,4.4497e-07,9999,-1,732.42,4.4922,0.17471,1.6115,0.95996,-0.87635,-2,0.013011,1.6115,1,0.95996,0.84478,1,0.92716,0.78975,0,0,0,0,0,0,0,1
0,0,0,0,0,0,0,0,1.1466,0.35978,0.77698,1,-0.98041,0.039091,-0.00019464,2,0,0,1.2653,999,999,999,0.68481,1.6134,0.22285,0.97362,0.14548,3.6691e-07,9999,1,1,1054.7,8.6914,0.12249,0,0,0,0,0,0,0,0,1,999,999,999,0,0,0,0,0,10,0.13023,4.6451e-07,9999,1,654.3,4.3945,0.18472,0.64416,0.91892,-0.82689,4,0.018321,1.1466,1,0.99154,0.8494,-1,-0.98041,-0.8462,0,0,0,0,0,0,0,0
0,0,0,0,0,0,0,0,0.56544,0.27052,-0.53384,1,0.71237,-2.5393e-05,-1.2623e-05,2,0,0,0.78185,999,999,999,0.8259,0.48686,0.41498,0,0,0,0,0,0,0,0,0,0,0,0,0,0,0,0,0,0,0,0,0,0,0,0,0,0,0,0,0,0,0,0,0,0,0,0,0,0,0.0096928,0.51024,-1,0.63715,0,0,0,0,0,0,0,0,0,0,0,1
0,0,0,0,0,0,0,0,1.0235,0.9537,0.3556,1,-0.93324,0.45581,-0.00086692,3,1,0.49737,1.9252,-0.94343,-0.90519,-0.92726,1.1554,0.95736,0.96968,0,0,0,0,0,0,0,0,0,0,0,0,0,0,0,0,0,0,0,0,0,0,0,0,0,0,0,0,0,0,0,0,0,0,0,0,0,0,0.0010885,1.0366,-1,0.73849,0,0,0,0,0,0,0,0,0,0,0,0
0,0,0,0,0,0,0,0,0.75035,0.538,0.30483,-1,-0.005114,0.00064914,-6.453e-05,3,2,0.50025,1.1002,-0.75035,-0.73564,-0.63316,1.0559,0.4228,0.64753,0,0,0,0,0,0,0,0,0,0,0,0,0,0,0,0,0,0,0,0,0,0,0,0,0,0,0,0,0,0,0,0,0,0,0,0,0,0,0.0092661,0.78347,-1,0.96415,0,0,0,0,0,0,0,0,0,0,0,0
0,0,0,0,0,0,0,0,0.39332,0.74135,0.89212,-1,-0.00017327,-5.008e-05,-3.2245e-05,0,0,0,1.0071,-0.59168,-0.64229,-0.58104,0.62219,0.59048,0.5176,0,0,0,0,0,0,0,0,0,0,0,0,0,0,0,0,0,0,0,0,0,0,0,0,0,0,0,0,0,0,0,0,0,0,0,0,0,0,0.006493,0.55832,1,0.86153,0,0,0,0,0,0,0,0,0,0,0,0
0,0,0,0,0,0,0,0,1.7145,0.039114,-0.55819,-1,0.58839,-0.30365,-0.0030678,0,0,0,1.9715,0.57019,-0.95754,-0.67877,0.9775,2.377,0.39609,0,0,0,0,0,0,0,0,0,0,0,0,0,0,0,0,0,0,0,0,0,0,0,0,0,0,0,0,0,0,0,0,0,0,0,0,0,0,0.002353,1.7145,-1,0.88761,0,0,0,0,0,0,0,0,0,0,0,1
0,0,0,0,0,0,0,0,0.60453,0.9701,-0.89592,1,0.99991,-0.0015454,1.2839e-06,1,0,0,0.53907,999,999,999,0.31695,0.95622,0.23524,0.40709,0.20273,1.0325e-06,9999,1,-1,546.88,4.1016,0.31486,0,0,0,0,0,0,0,0,1,0.60453,0.99252,-0.29255,0,0,0,0,0,10,0.20273,1.0325e-06,9999,-1,546.88,4.1016,0.31486,0.60453,0.99252,-0.29255,-0,0.0024239,0.60779,-1,0.9275,-0.29255,1,0.99991,0.0026105,0,0,0,0,0,0,0,0
0,0,0,0,0,0,0,0,0.43326,0,-0.51007,1,-0.99945,2.8772e-05,0,0,0,0,0.58345,999,999,999,0.43023,0.50101,0,0,0,0,0,0,0,0,0,0,0,0,0,0,0,0,0,0,0,0,0,0,0,0,0,0,0,0,0,0,0,0,0,0,0,0,0,0,0,0,0,0,0,0,0,0,0,0,0,0,0,0,0,0,0
0,0,0,0,0,0,0,0,0.65508,0.99485,-0.012159,1,-0.99762,0.97001,-0.015359,1,0,0,1.0308,999,999,999,0.40514,0.78232,0.35002,0.45719,0.21484,0.015359,9999,0,-1,996.09,3.5156,0.35002,0,0,0,0,0,0,0,0,1,999,999,999,0,0,0,0,0,0,0,0,0,0,0,0,0,0,0,0,0,0.011373,0.65508,1,0.83284,0.19595,1,0.97001,0.00097891,0,0,0,0,0,0,0,0
0,0,0,0,0,0,0,0,2.2999,0.084039,-0.31419,-1,-0.35798,0.043452,-6.0846e-06,1,0,0,2.4935,999,999,999,2.6155,1.1692,0.47243,0.99895,0.2084,2.6835e-06,9999,1,1,0,3.5156,0.25693,0,0,0,0,0,0,0,0,1,2.2999,0.99736,-0.99933,0,0,0,0,0,10,0.2084,2.6835e-06,9999,1,0,3.5156,0.25693,2.2999,0.99736,-0.99933,2,0.033403,2.2999,-1,0.99736,-0.99933,-1,-0.35798,-0.6983,0,0,0,0,0,0,0,0
0,0,0,0,0,0,0,0,0.5845,0.73317,-0.59558,1,-0.99998,0.88527,0.0079009,1,0,0,0.90575,999,999,999,0.24918,0.50377,0.97469,0.88072,0.22515,0.00017413,9999,0,1,620.12,0,0.15496,0,0,0,0,0,0,0,0,1,999,999,999,0,0,0,0,0,10,0.23779,1.3129e-06,9999,1,522.46,4.2969,0.34235,0.51096,0.526,-0.049589,4,0.0095438,0.51096,-1,0.526,0.71775,-1,-0.99998,-0.029239,0,0,0,0,0,0,0,1
0,0,0,0,0,0,0,0,1.1632,0.084611,-0.78635,1,0.00043831,0.00035143,-3.3173e-05,1,1,0.4977,1.3045,999,999,999,1.5006,0.71634,0.52131,0,0,0,0,0,0,0,0,0,0,0,0,0,0,0,0,0,0,0,0,0,0,0,0,0,0,0,0,0,0,0,0,0,0,0,0,0,0,0.0017954,1.1632,1,0.8365,0,0,0,0,0,0,0,0,0,0,0,1
0,0,0,0,0,0,0,0,1.5954,0.19143,-0.88877,-1,-0.1202,0.00048409,-0.00033062,1,0,0,1.193,999,999,999,1.1828,0.64316,0.78533,0,0,0,0,0,0,0,0,0,0,0,0,0,0,0,0,0,0,0,0,0,0,0,0,0,0,0,0,0,0,0,0,0,0,0,0,0,0,0.0033866,1.5954,-1,0.98648,0,0,0,0,0,0,0,0,0,0,0,0
0,0,0,0,0,0,0,0,0.20549,0.8285,-0.24678,1,-0.00054905,0.0002748,-0.00013834,0,0,0,1.3465,999,999,999,1.0824,0.2899,0.74206,0.9269,0.20549,0.0002748,9999,0,1,561.52,0,0.2899,0,0,0,0,0,0,0,0,1,999,999,999,0,0,0,0,0,10,0.18684,6.8863e-07,9999,-1,498.05,3.6133,0.25893,0.55932,0.88931,-0.2329,-4,0.056061,0.94524,-1,0.9146,0.91222,1,9.9813e-06,0.0043919,0,0,0,0,0,0,0,0
0,0,0,0,0,0,0,0,0.72842,0.67345,-0.85776,-1,-0.0016426,-2.361e-05,2.0642e-06,0,0,0,0.48835,999,999,999,0.45662,0.47831,0.38692,0,0,0,0,0,0,0,0,0,0,0,0,0,0,0,0,0,0,0,0,0,0,0,0,0,0,0,0,0,0,0,0,0,0,0,0,0,0,0.062334,0.72842,-1,0.81067,0,0,0,0,0,0,0,0,0,0,0,0
0,0,0,0,0,0,0,0,0.21623,0.20214,0.48064,1,-0.20199,1.3036e-05,-1.4997e-06,1,0,0,0.51135,999,999,999,0.70901,0.29512,0.24749,0.99219,0.1129,4.6356e-07,9999,1,1,761.72,5.7129,0.18426,0,0,0,0,0,0,0,0,1,999,999,999,0,0,0,0,0,0,0,0,0,0,0,0,0,0,0,0,0,0,0,0,0,0.73863,-1,-0.20199,-0.89498,0,0,0,0,0,0,0,0
0,0,0,0,0,0,0,0,0.54514,0.69702,0.11676,1,0.99973,4.1713e-05,-2.515e-05,0,0,0,0.788,999,999,999,0.39149,0.55721,0.56508,0,0,0,0,0,0,0,0,0,0,0,0,0,0,0,0,0,0,0,0,0,0,0,0,0,0,0,0,0,0,0,0,0,0,0,0,0,0,0.0039948,0.54514,1,0.96238,0,0,0,0,0,0,0,0,0,0,0,1
0,0,0,0,0,0,0,0,0.66094,0.63729,0.72902,1,0.94314,0.000141,-0.00010789,0,0,0,1.403,0.63832,-0.57275,-0.83428,1.0228,0.8005,0.71222,0,0,0,0,0,0,0,0,0,0,0,0,0,0,0,0,0,0,0,0,0,0,0,0,0,0,0,0,0,0,0,0,0,0,0,0,0,0,0.0055413,0.91825,-1,0.81507,0,0,0,0,0,0,0,0,0,0,0,1
0,0,0,0,1.2782,0.28325,-0.91178,1,0.19825,0.49622,-0.39711,1,0.04237,-5.2174e-07,3.8054e-07,1,0,0,1.1477,999,999,999,1.1263,0.20956,0.13343,0.081557,0.082246,3.5865e-07,9999,0,-1,1191.4,8.7891,0.11535,0,0,0,0,0,0,0,0,1,999,999,999,0,0,0,0,0,10,0.16556,5.2174e-07,9999,-1,590.82,4.9316,0.20956,1.2782,0.97104,-0.32922,-5,0.0061953,1.2782,1,0.97104,0.10037,1,0.04237,0.53503,0,0,0,0,0,0,0,1
0,0,0,0,0,0,0,0,0.85952,0.41358,0.086218,-1,-0.00026537,6.7352e-05,6.0667e-05,1,0,0,1.2627,999,999,999,0.92861,0.66526,0.6374,0.4245,0.12101,5.3209e-07,9999,1,-1,791.02,4.7363,0.21348,0,0,0,0,0,0,0,0,1,999,999,999,0,0,0,0,0,0,0,0,0,0,0,0,0,0,0,0,0,0.027943,0.85952,-1,0.83044,0.47708,1,6.7352e-05,0.30783,0,0,0,0,0,0,0,0
0,0,0,0,0,0,0,0,0.99661,0.35249,0.20923,-1,-0.95852,-0.033595,0.017354,0,0,0,1.6248,-0.99661,0.69729,-0.14871,0.71745,1.2998,1.0087,0.11319,0.20969,4.7575e-07,9999,1,-1,571.29,4.834,0.19009,0,0,0,0,0,0,0,0,1,999,999,999,0,0,0,0,0,0,0,0,0,0,0,0,0,0,0,0,0,0.0024664,1.0775,1,0.92423,0.027159,1,0.017354,0.00052374,0,0,0,0,0,0,0,0
0,0,0,0,0,0,0,0,1.2574,0.15826,0.45708,-1,-0.034051,-1.2553e-06,6.3538e-07,1,1,0.49168,1.2566,999,999,999,1.5936,0.12754,0.2458,0.96951,0.074606,1.2553e-06,9999,0,-1,0,3.5645,0.12754,0,0,0,0,0,0,0,0,1,999,999,999,0,0,0,0,0,0,0,0,0,0,0,0,0,0,0,0,0,0.010544,1.2574,-1,0.95047,0,0,0,0,0,0,0,0,0,0,0,1
0,0,0,0,0,0,0,0,1.1029,0,0.45403,1,0.99194,0.045824,-0.013883,0,0,0,0.97909,0.62175,-0.64088,-0.23731,0.66935,0.87473,1.131,0.82718,0.18847,4.5091e-07,9999,0,1,546.88,4.9805,0.17785,0,0,0,0,0,0,0,0,1,0.76259,0.65864,-0.95457,0,0,0,0,0,10,0.16906,4.7953e-07,9999,-1,620.12,5.2246,0.19184,1.1029,0.53726,-0.14993,-5,0.019451,1.1029,1,0.53726,-0.14993,1,0.99194,0.013057,0,0,0,0,0,0,0,1
0.40764,0,0.22529,-1,1.2437,0.040601,-0.86494,1,0,0,0,0,0.057819,-6.272e-06,0,0,0,0,1.1709,999,999,999,1.7565,0.35646,0,0,0,0,0,0,0,0,0,0,0,0,0,0,0,0,0,0,0,0,0,0,0,0,0,0,0,0,0,0,0,0,0,0,0,0,0,0,0,0.037002,1.2437,1,0.99956,0,0,0,0,0.40764,0,0.22529,-1,1,0.042805,0.67573,0
0,0,0,0,0,0,0,0,0.43923,0,-0.50902,1,5.0971e-05,3.7895e-06,0,0,0,0,0.5075,999,999,999,0.58247,0.31779,0,0,0,0,0,0,0,0,0,0,0,0,0,0,0,0,0,0,0,0,0,0,0,0,0,0,0,0,0,0,0,0,0,0,0,0,0,0,0,0,0,0,0,0,0,0,0,0,0,0,0,0,0,0,0
0,0,0,0,0,0,0,0,1.4135,1.7326,0.65604,1,-0.99889,0.93657,0.10611,0,0,0,1.4991,999,999,999,0.47482,0.46175,1.894,0.65622,0.156,1.9659e-06,9999,1,-1,0,5.2246,0.22025,0,0,0,0,0,0,0,0,1,1.4135,0.89067,-0.37174,0,0,0,0,0,10,0.156,1.9659e-06,9999,-1,0,5.2246,0.22025,1.4135,0.89067,-0.37174,-6,0.0060444,1.4135,1,0.89067,-0.44392,1,0.93657,0.16403,0,0,0,0,0,0,0,0
0,0,0,0,0,0,0,0,0.9308,0.15875,0.95507,1,0.091819,0.056711,-0.051624,2,1,0.49328,1.7036,0.9308,-0.90993,-0.60473,1.68,1.0553,1.2841,0.45386,0.24004,4.4914e-07,9999,1,-1,693.36,5.5664,0.17692,0,0,0,0,0,0,0,0,1,1.0785,0.85581,-0.072156,0,0,0,0,0,10,0.24004,4.4914e-07,9999,-1,693.36,5.5664,0.17692,1.0785,0.85581,-0.072156,-6,0.002041,1.1492,1,0.87895,0.82381,1,0.0069076,0.0001621,0,0,0,0,0,0,0,1
0,0,0,0,0,0,0,0,0.95201,0.084547,-0.76328,1,0.00025582,-2.01e-06,-5.7177e-07,1,0,0,0.93847,999,999,999,0.94472,0.22318,0.2272,0,0,0,0,0,0,0,0,0,0,0,0,0,0,0,0,0,0,0,0,0,0,0,0,0,0,0,0,0,0,0,0,0,0,0,0,0,0,0.0061956,0.95201,1,0.79807,0,0,0,0,0,0,0,0,0,0,0,1
0,0,0,0,0,0,0,0,0.99174,1.2353,0.52955,1,0.00022574,0.00010777,-2.882e-05,0,0,0,0.79163,0.99174,-0.81229,-0.73768,0.72848,0.70725,0.50241,0,0,0,0,0,0,0,0,0,0,0,0,0,0,0,0,0,0,0,0,0,0,0,0,0,0,0,0,0,0,0,0,0,0,0,0,0,0,0.023968,0.99174,1,0.81229,0,0,0,0,0,0,0,0,0,0,0,0
0.32182,0.50457,-0.35814,-1,0,0,0,0,0.71911,0.45641,-0.44247,-1,-0.99201,-4.8517e-06,2.5047e-06,1,0,0,0.70318,999,999,999,0.62224,0.33655,0.24949,0.86332,0.15006,2.5047e-06,9999,0,1,0,4.834,0.24949,0,0,0,0,0,0,0,0,1,999,999,999,0,0,0,0,0,0,0,0,0,0,0,0,0,0,0,0,0,0.00035527,0.71911,-1,0.70423,0.35852,-1,-0.99201,-0.53846,0.32182,0.50457,-0.35814,-1,1,0.03506,0.51233,1
0,0,0,0,0.69026,0.36638,0.6363,1,1.3843,0.35533,-0.8461,-1,0.99976,0.15745,-0.0032588,0,0,0,1.1013,0.69026,0.97993,-0.31466,0.35138,1.1065,0.99112,0.38183,0.22294,4.4356e-07,9999,1,-1,761.72,7.5195,0.17395,0,0,0,0,0,0,0,0,1,0.69026,0.97993,-0.25155,0,0,0,0,0,10,0.22294,4.4356e-07,9999,-1,761.72,7.5195,0.17395,0.69026,0.97993,-0.25155,-6,0.0034782,1.3843,-1,0.83762,0.9921,1,0.99976,0.00047639,0,0,0,0,0,0,0,1
0,0,0,0,0,0,0,0,1.3696,0.66916,0.22023,-1,-0.0016755,-0.00098249,0.00076477,0,0,0,1.4693,-1.3696,-0.75673,-0.45182,0.86658,1.0719,0.76148,0,0,0,0,0,0,0,0,0,0,0,0,0,0,0,0,0,0,0,0,0,0,0,0,0,0,0,0,0,0,0,0,0,0,0,0,0,0,0.0017827,1.3696,-1,0.75673,0,0,0,0,0,0,0,0,0,0,0,0
0,0,0,0,0,0,0,0,1.0285,0.29702,-0.10237,-1,-0.017003,2.4414e-05,5.6104e-06,1,0,0,1.1746,999,999,999,1.2145,0.4822,0.34775,0.94532,0.087284,4.2047e-07,9999,0,-1,654.3,4.1504,0.16071,0,0,0,0,0,0,0,0,1,0.76738,0.46192,-0.56683,0,0,0,0,0,10,0.17321,4.1759e-06,9999,-1,0,4.1016,0.29899,0.76738,0.46192,-0.58449,-0,0.015619,1.0285,-1,0.97453,-0.56683,1,2.4414e-05,0.82281,0,0,0,0,0,0,0,1
0,0,0,0,0,0,0,0,0.39425,1.1288,-0.85819,1,-0.99985,2.5614e-05,-1.6366e-06,2,0,0,0.66048,999,999,999,0.36376,0.4879,0.36503,0.37744,0.097641,4.5222e-07,9999,1,-1,654.3,5.5664,0.17853,0,0,0,0,0,0,0,0,1,999,999,999,0,0,0,0,0,0,0,0,0,0,0,0,0,0,0,0,0,0,0,0,0,0.078078,1,2.5614e-05,0.46215,0,0,0,0,0,0,0,0
0,0,0,0,0,0,0,0,0.50247,1.4076,-0.34918,-1,-0.98582,-0.0099823,-0.00055729,1,0,0,0.86021,-0.50247,-0.69699,-0.15576,0.58255,0.60356,0.74319,0.98055,0.14369,5.0809e-07,9999,1,1,625,4.7852,0.20416,0,0,0,0,0,0,0,0,1,0.50247,0.69699,-0.56942,0,0,0,0,0,10,0.14369,5.0809e-07,9999,1,625,4.7852,0.20416,0.50247,0.69699,-0.56942,6,0.030307,0.50247,-1,0.69699,0.82999,-1,-0.98582,-0.86416,0,0,0,0,0,0,0,0
0.81753,0.83583,0.076593,-1,0,0,0,0,1.4012,0.4105,-0.61893,1,-0.21255,-0.048052,-0.00056972,3,0,0,1.548,999,999,999,0.92562,0.46521,0.32415,0.98231,0.21397,4.8698e-07,9999,0,1,620.12,4.4434,0.19519,1,0,-3.335,-1.6854,0.017524,0.089654,0.031654,0.0040133,1,999,999,999,0,0,0,0,0,0,0,0,0,0,0,0,0,0,0,0,0,0.011061,1.4012,1,0.98219,0.85961,-1,-0.21255,-0.50792,0.81753,0.83583,0.076593,-1,1,0.015752,0.9156,1
0,0,0,0,0,0,0,0,0.82561,0.88403,-0.63835,1,0.10939,-4.0431e-05,6.4152e-07,0,0,0,0.97916,999,999,999,1.0309,0.55183,0.24741,0.74508,0.17384,4.5436e-07,9999,0,-1,742.19,6.2012,0.17963,0,0,0,0,0,0,0,0,1,999,999,999,0,0,0,0,0,10,0.16136,6.4152e-07,9999,1,522.46,4.6387,0.24741,0.78393,0.48372,-0.27341,6,0.0059682,0.82561,1,0.78516,0.17893,1,0.10939,0.12723,0,0,0,0,0,0,0,1
0,0,0,0,0,0,0,0,0.26349,0.24604,0.4349,-1,-2.1953e-05,7.7522e-07,-6.9691e-07,2,1,0.50052,0.31013,999,999,999,0.42161,0.27686,0.26081,0,0,0,0,0,0,0,0,0,0,0,0,0,0,0,0,0,0,0,0,0,0,0,0,0,0,0,0,0,0,0,0,0,0,0,0,0,0,0,0,0,0,0,0,0,0,0,0,0,0,0,0,0,1
0,0,0,0,1.9736,0.55694,-0.95419,1,0.53917,1.1222,-0.26766,-1,0.019218,-5.9129e-05,-6.978e-06,0,0,0,1.8593,999,999,999,1.7661,0.62631,0.48209,0.66448,0.13802,4.4566e-07,9999,1,1,615.23,4.9316,0.17508,0,0,0,0,0,0,0,0,1,0.53917,0.77975,-0.97847,0,0,0,0,0,10,0.13802,4.4566e-07,9999,1,615.23,4.9316,0.17508,0.53917,0.77975,-0.97847,0,0.0017883,1.9736,1,0.92531,0.38732,-1,-6.978e-06,-0.31429,0,0,0,0,0,0,0,1
0,0,0,0,0,0,0,0,0.75326,0.63821,-0.90004,1,9.1125e-05,-1.8825e-05,1.5149e-06,0,0,0,0.87784,999,999,999,0.77784,0.45357,0.35732,0,0,0,0,0,0,0,0,0,0,0,0,0,0,0,0,0,0,0,0,0,0,0,0,0,0,0,0,0,0,0,0,0,0,0,0,0,0,0.0056697,0.75326,1,0.83245,0,0,0,0,0,0,0,0,0,0,0,1
0,0,0,0,0.85306,1.7027,-0.030079,1,0.78553,0.78053,-0.84707,-1,0.25837,-0.00063354,-8.4894e-06,0,0,0,0.99575,999,999,999,1.3353,0.79118,0.38081,0,0,0,0,0,0,0,0,0,0,0,0,0,0,0,0,0,0,0,0,0,0,0,0,0,0,0,0,0,0,0,0,0,0,0,0,0,0,0.0021823,0.85306,1,0.53844,0,0,0,0,0,0,0,0,0,0,0,1
0,0,0,0,0,0,0,0,1.1436,0.19662,-0.46577,-1,-0.10311,0.0064501,0.00018714,3,1,0.5008,0.94114,999,999,999,1.7889,0.62085,0.20997,0.89203,0.13874,3.7369e-07,9999,0,1,1064.5,8.2031,0.12806,0,0,0,0,0,0,0,0,1,1.1436,0.91811,-0.93203,0,0,0,0,0,10,0.13874,3.7369e-07,9999,1,1064.5,8.2031,0.12806,1.1436,0.91811,-0.93203,2,0.0061911,1.1436,-1,0.91811,-0.93203,-1,-0.10311,-0.66185,0,0,0,0,0,0,0,0
0,0,0,0,0,0,0,0,0.68166,1.5225,-0.76018,1,1,0.19846,0.073509,0,0,0,0.79446,0.68166,0.72477,-0.83302,0.19222,0.76151,1.077,0.9117,0.12037,4.1823e-07,9999,1,-1,771.48,4.4434,0.15933,0,0,0,0,0,0,0,0,1,0.68166,0.72477,-0.52771,0,0,0,0,0,10,0.12037,4.1823e-07,9999,-1,771.48,4.4434,0.15933,0.68166,0.72477,-0.52771,-2,0.0034398,0.62594,1,0.97289,0.066696,1,1,0.74814,0,0,0,0,0,0,0,1
0,0,0,0,0,0,0,0,0.83566,1.9584,-0.9653,1,-0.86238,0.00023953,0.00017169,2,0,0,1.0812,999,999,999,0.22159,0.26815,0.92258,0.46276,0.10481,1.2181e-06,9999,1,-1,0,16.406,0.077458,0,0,0,0,0,0,0,0,1,0.83566,0.79973,-0.38789,0,0,0,0,0,10,0.10481,1.2181e-06,9999,-1,0,16.406,0.077458,0.83566,0.79973,-0.38789,-0,0.0033153,0.83566,1,0.79973,0.47612,-1,-0.86238,-0.0012033,0,0,0,0,0,0,0,0
0,0,0,0,0,0,0,0,1.8069,0.54095,-0.99998,1,0.71311,0.00021035,-1.2188e-05,1,0,0,1.26,999,999,999,2.8783,0.42239,0.41182,0,0,0,0,0,0,0,0,0,0,0,0,0,0,0,0,0,0,0,0,0,0,0,0,0,0,0,0,0,0,0,0,0,0,0,0,0,0,0.0051311,1.8069,1,0.98183,0,0,0,0,0,0,0,0,0,0,0,1
0,0,0,0,0,0,0,0,0.23391,0.07425,0.90243,-1,-0.99333,0.0038378,0.00031737,1,2,0.50308,0.49568,999,999,999,0.48699,0.3449,0.75243,0.49715,0.24989,2.6616e-06,9999,0,-1,434.57,3.3691,0.40906,0,0,0,0,0,0,0,0,1,999,999,999,0,0,0,0,0,0,0,0,0,0,0,0,0,0,0,0,0,0,0,0,0,0.40189,1,0.00031737,3.2351e-06,0,0,0,0,0,0,0,1
0,0,0,0,0,0,0,0,0.90367,0.93604,-0.52523,1,0.013856,-0.0032929,0.00073725,1,0,0,1.0694,0.55857,-0.67203,-0.29468,1.4078,0.70556,0.73918,0.42232,0.1734,3.9024e-07,9999,0,-1,830.08,6.25,0.14066,0,0,0,0,0,0,0,0,1,0.90367,0.75385,-0.13466,0,0,0,0,0,10,0.1734,3.9024e-07,9999,-1,830.08,6.25,0.14066,0.90367,0.75385,-0.13466,-6,0.014011,0.90367,1,0.75385,0.74017,-1,-0.0032929,-0.00037988,0,0,0,0,0,0,0,1
0,0,0,0,0,0,0,0,0.60741,0,-0.78589,1,0.00039056,-1.3854e-05,1.3582e-05,0,0,0,0.87173,999,999,999,0.81559,0.42351,0.42167,0,0,0,0,0,0,0,0,0,0,0,0,0,0,0,0,0,0,0,0,0,0,0,0,0,0,0,0,0,0,0,0,0,0,0,0,0,0,0.0019433,0.60741,1,0.78588,0,0,0,0,0,0,0,0,0,0,0,0
0,0,0,0,0,0,0,0,0.82359,1.22,0.71267,-1,-0.027029,2.3235e-05,-8.4241e-06,4,1,0.49953,0.95801,999,999,999,1.2512,0.47647,0.38017,0.93845,0.123,4.023e-07,9999,1,1,839.84,7.0312,0.14908,0,0,0,0,0,0,0,0,1,0.82359,0.93751,-0.80914,0,0,0,0,0,10,0.20591,1.2174e-06,9999,1,0,10.449,0.10742,0.82359,0.93751,-0.83289,6,0.011067,0.82359,-1,0.93751,0.99859,-1,-0.027029,-0.56215,0,0,0,0,0,0,0,0
1.7179,0,-0.98406,1,0,0,0,0,0.41093,0.83681,-0.13051,-1,7.5914e-05,-1.8574e-05,0,0,0,0,1.7648,999,999,999,2.0778,0.45219,0,0,0,0,0,0,0,0,0,0,0,0,0,0,0,0,0,0,0,0,0,0,0,0,0,0,0,0,0,0,0,0,0,0,0,0,0,0,0,0.0053567,1.7179,1,0.9508,0,0,0,0,0,0,0,0,0,0,0,1
0,0,0,0,1.5726,0.79191,-0.85855,-1,0.32167,0.7042,-0.44031,-1,-0.99756,-0.063753,5.3421e-07,0,0,0,1.5754,999,999,999,0.40532,2.0407,0.21426,0,0,0,0,0,0,0,0,0,0,0,0,0,0,0,0,0,0,0,0,0,0,0,0,0,0,0,0,0,0,0,0,0,0,0,0,0,0,0.0035119,1.5726,-1,0.93164,0,0,0,0,0,0,0,0,0,0,0,0
1.0427,0.075539,-0.51774,1,0,0,0,0,0.11326,0.98266,0.36295,-1,0.96619,0.0098057,-1.239e-05,2,0,0,1.06,1.0427,0.98039,-0.45147,1.1185,1.3992,0.41329,0.80198,0.11326,3.5403e-07,9999,1,-1,2773.4,13.086,0.11117,0,0,0,0,0,0,0,0,1,1.0427,0.98039,-0.83785,0,0,0,0,0,10,0.11326,3.5403e-07,9999,-1,2773.4,13.086,0.11117,1.0427,0.98039,-0.83785,-2,0.026076,1.0427,1,0.98039,0.69198,1,0.96619,0.63086,0.55221,0.53466,0.069001,-1,2,0.0026302,0.95427,1
0,0,0,0,0,0,0,0,0.83305,0.22123,0.090512,-1,-0.89821,-8.5052e-05,4.1313e-06,0,0,0,1.2269,-0.91382,-0.59523,-0.070691,1.1722,0.82542,0.44404,0,0,0,0,0,0,0,0,0,0,0,0,0,0,0,0,0,0,0,0,0,0,0,0,0,0,0,0,0,0,0,0,0,0,0,0,0,0,0.013962,0.91382,-1,0.59523,0,0,0,0,0,0,0,0,0,0,0,0
1.9411,0.45029,-0.93209,-1,0,0,0,0,1.1346,0,0.70786,-1,-0.92531,0.00054826,-6.6033e-05,0,0,0,1.8305,-1.9411,0.98861,-0.90853,1.0651,0.50934,2.9453,0,0,0,0,0,0,0,0,0,0,0,0,0,0,0,0,0,0,0,0,0,0,0,0,0,0,0,0,0,0,0,0,0,0,0,0,0,0,0.0026826,1.9411,-1,0.98861,0,0,0,0,0.34482,1.2374,-0.75206,1,2,0.026432,0.92046,0
1.6014,0,-0.80406,1,0,0,0,0,0.87202,0,-0.33484,1,0.83008,0.18513,-0.032585,0,0,0,1.2432,1.6014,-0.72312,-0.091672,0.79281,1.0714,1.058,0.52356,0.10559,1.2177e-06,9999,1,-1,0,12.5,0.10769,0,0,0,0,0,0,0,0,1,1.6014,0.72312,-0.037023,0,0,0,0,0,10,0.10559,1.2177e-06,9999,-1,0,12.5,0.10769,1.6014,0.72312,-0.037023,-2,0.0022743,1.6014,1,0.72312,0.84638,1,0.83008,0.47041,0,0,0,0,0,0,0,1
0,0,0,0,0,0,0,0,1.0366,0.111,-0.60083,1,-0.95603,0.0242,0.0002418,1,0,0,1.2639,999,999,999,0.5777,1.2813,0.84235,0,0,0,0,0,0,0,0,0,0,0,0,0,0,0,0,0,0,0,0,0,0,0,0,0,0,0,0,0,0,0,0,0,0,0,0,0,0,0.0062419,1.0366,1,0.98631,0,0,0,0,0,0,0,0,0,0,0,0
0,0,0,0,0,0,0,0,0.76335,1.3933,0.27816,-1,0.081997,-0.02656,-6.746e-06,2,0,0,1.0177,999,999,999,0.79908,1.1218,0.36222,0.70812,0.17071,3.5368e-07,9999,0,1,1289.1,9.8633,0.11085,0,0,0,0,0,0,0,0,1,0.76335,0.72415,-0.93536,0,0,0,0,0,10,0.17071,3.5368e-07,9999,1,1289.1,9.8633,0.11085,0.76335,0.72415,-0.93536,6,0.0053134,0.76335,-1,0.72415,0.74373,-1,-6.746e-06,-0.05425,0,0,0,0,0,0,0,1
0,0,0,0,0,0,0,0,2.163,0.33453,-0.98518,1,0.02223,-2.7442e-05,0,0,0,0,1.7818,999,999,999,1.7528,0.49635,0,0,0,0,0,0,0,0,0,0,0,0,0,0,0,0,0,0,0,0,0,0,0,0,0,0,0,0,0,0,0,0,0,0,0,0,0,0,0,0.005243,2.163,1,0.9903,0,0,0,0,0,0,0,0,0,0,0,1
0,0,0,0,0,0,0,0,0.2321,2.4094,-0.62394,-1,-8.8059e-05,-1.5322e-05,3.1716e-06,0,0,0,0.6039,999,999,999,0.73207,0.43303,0.3044,0.87063,0.2321,5.6599e-07,9999,1,-1,576.17,5.1758,0.22532,0,0,0,0,0,0,0,0,1,999,999,999,0,0,0,0,0,0,0,0,0,0,0,0,0,0,0,0,0,0.020945,0.50072,-1,0.63764,0.88021,1,3.1716e-06,0.013212,0,0,0,0,0,0,0,1
0,0,0,0,0,0,0,0,0.85067,1.2752,-0.8902,1,-0.99999,0.00012426,7.3752e-05,0,0,0,0.92152,999,999,999,0.20891,0.8637,0.69282,0.58132,0.21682,4.8977e-07,9999,1,-1,654.3,4.2969,0.19642,0,0,0,0,0,0,0,0,1,999,999,999,0,0,0,0,0,0,0,0,0,0,0,0,0,0,0,0,0,0.017877,0.85067,1,0.61951,0.70429,1,0.00012426,0.0015822,0,0,0,0,0,0,0,0
0.35536,1.6399,-0.7896,1,0,0,0,0,0.42,0.79026,0.78764,1,-0.99999,0.98075,-0.0070947,2,0,0,0.86012,-0.68726,0.67217,-0.54364,0.23997,0.64755,1.1008,0.77287,0.16329,7.2297e-07,9999,1,-1,532.23,4.1504,0.26649,0,0,0,0,0,0,0,0,1,0.56081,0.68492,-0.58835,0,0,0,0,0,10,0.16329,7.2297e-07,9999,-1,532.23,4.1504,0.26649,0.56081,0.68492,-0.58835,-0,0.0040461,0.68726,-1,0.67217,0.75362,1,0.98075,0.2432,0.35536,1.6399,-0.7896,1,1,0.12638,0.37763,1
1.6594,0.18287,-0.22647,-1,0,0,0,0,0,0,0,0,-0.09745,0.0056418,0,0,0,0,0.9953,999,999,999,1.0907,1.7538,0,0,0,0,0,0,0,0,0,0,0,0,0,0,0,0,0,0,0,0,0,0,0,0,0,0,0,0,0,0,0,0,0,0,0,0,0,0,0,0.0049403,1.6594,-1,0.99573,0,0,0,0,0,0,0,0,0,0,0,0
0,0,0,0,0,0,0,0,0.96616,1.1137,-0.13477,1,-0.00018071,0.00010257,-6.6778e-05,1,0,0,0.82783,999,999,999,0.1949,0.69713,0.64593,0.95565,0.093859,4.2904e-07,9999,1,1,830.08,6.8359,0.1658,0,0,0,0,0,0,0,0,1,999,999,999,0,0,0,0,0,10,0.1797,9.0053e-07,9999,-1,517.58,4.2969,0.29756,0.96616,0.9764,-0.80793,-4,0.010614,0.96616,1,0.9764,0.8331,-1,-6.6778e-05,-0.8367,0,0,0,0,0,0,0,0
0,0,0,0,0,0,0,0,0.89097,0.61138,-0.87055,-1,-0.15093,-0.00044079,6.9962e-06,0,0,0,1.0613,-0.5282,0.51041,-0.11868,1.0188,0.75965,0.36512,0,0,0,0,0,0,0,0,0,0,0,0,0,0,0,0,0,0,0,0,0,0,0,0,0,0,0,0,0,0,0,0,0,0,0,0,0,0,0.0038058,0.89097,-1,0.89653,0,0,0,0,0,0,0,0,0,0,0,1
0,0,0,0,0,0,0,0,0.77405,0.50578,-0.66354,1,-0.71979,-0.051788,-0.00011722,2,0,0,0.79291,999,999,999,2.1825,0.96132,0.75455,0,0,0,0,0,0,0,0,0,0,0,0,0,0,0,0,0,0,0,0,0,0,0,0,0,0,0,0,0,0,0,0,0,0,0,0,0,0,0.0079716,0.77405,1,0.5722,0,0,0,0,0,0,0,0,0,0,0,1
0,0,0,0,0,0,0,0,1.0403,0.79299,0.17438,-1,-0.96173,-0.037392,8.7493e-06,2,0,0,1.4313,-0.98742,-0.92235,-0.8338,1.4621,1.2269,0.3833,0.48254,0.078904,3.142e-07,9999,0,-1,253.91,4.1504,0.068117,1,0,-0.025937,0.84584,-0.50929,0.0063842,0.13845,0.043943,1,999,999,999,0,0,0,0,0,10,0.071786,1.2671e-06,9999,1,0,3.2715,0.054422,0.98742,0.92235,-0.55561,21,0.0051615,1.0403,-1,0.9462,0.051131,-1,-0.96173,-0.60187,0,0,0,0,0,0,0,0
0,0,0,0,1.5235,0.045874,-0.33099,1,0.15704,0.045874,-0.11461,-1,0.028548,0.011333,6.9588e-05,2,1,0.49511,1.3363,1.5235,-0.93299,-0.55064,1.0341,1.1005,0.5609,0.98146,0.15704,6.3537e-07,9999,1,-1,561.52,4.7363,0.24579,0,0,0,0,0,0,0,0,1,1.5235,0.93299,-0.89451,0,0,0,0,0,10,0.15704,6.3537e-07,9999,-1,561.52,4.7363,0.24579,1.5235,0.93299,-0.89451,-2,0.025996,1.5235,1,0.93299,0.84413,1,0.028548,0.85075,0,0,0,0,0,0,0,1
0,0,0,0,0,0,0,0,0.76102,0.54678,0.0053882,-1,-0.072681,6.3658e-05,2.6567e-06,4,1,0.4971,0.78696,999,999,999,0.98186,0.56406,0.2911,0,0,0,0,0,0,0,0,0,0,0,0,0,0,0,0,0,0,0,0,0,0,0,0,0,0,0,0,0,0,0,0,0,0,0,0,0,0,0.023399,0.76102,-1,0.87274,0,0,0,0,0,0,0,0,0,0,0,0
0,0,0,0,0,0,0,0,0.5076,0.86949,-0.61245,-1,-0.64821,-2.0079e-05,2.1122e-06,0,0,0,0.65011,-0.5076,-0.93853,-0.11859,0.7729,0.46036,0.2738,0.76848,0.10507,1.2711e-06,9999,1,1,0,9.082,0.13297,0,0,0,0,0,0,0,0,1,999,999,999,0,0,0,0,0,0,0,0,0,0,0,0,0,0,0,0,0,0.019494,0.5076,-1,0.93853,0.0094555,-1,-0.64821,-0.63862,0,0,0,0,0,0,0,1
0,0,0,0,0,0,0,0,1.5562,0.73561,-0.63642,-1,-0.96323,0.10368,-5.6882e-07,0,0,0,1.4076,999,999,999,2.3167,1.0541,0.22625,0.93637,0.16203,5.6882e-07,9999,1,-1,507.81,3.4668,0.22625,0,0,0,0,0,0,0,0,1,0.71375,0.68065,-0.55576,0,0,0,0,0,10,0.16203,5.6882e-07,9999,-1,507.81,3.4668,0.22625,0.71375,0.68065,-0.55576,-6,0.015159,1.5562,-1,0.87948,-0.55576,1,0.10368,0.69074,0,0,0,0,0,0,0,0
0,0,0,0,0,0,0,0,0.13636,0,0.68989,-1,0.98343,-0.00056546,-0.00017417,1,1,0.493,0.48239,999,999,999,0.4766,0.32132,0.15271,0.74616,0.13636,0.00017417,9999,1,-1,654.3,0,0.15271,0,1,0,0,0,0,0,0,1,999,999,999,0,0,0,0,0,0,0,0,0,0,0,0,0,0,0,0,0,0,0,0,0,-0.56157,1,0.98343,0.42858,0,0,0,0,0,0,0,1
0,0,0,0,0.72884,0.8117,-0.71002,1,0.82825,0.65945,0.378,-1,-0.9607,-0.01077,0.0038483,1,0,0,1.0866,999,999,999,1.2339,0.71821,1.0241,0,0,0,0,0,0,0,0,0,0,0,0,0,0,0,0,0,0,0,0,0,0,0,0,0,0,0,0,0,0,0,0,0,0,0,0,0,0,0.0013137,0.82825,-1,0.95511,0,0,0,0,0,0,0,0,0,0,0,1
0,0,0,0,0,0,0,0,1.0709,0.62986,0.17717,1,0.73933,0.21258,-0.00056707,0,0,0,1.0933,999,999,999,0.7294,0.94891,0.49576,0,0,0,0,0,0,0,0,0,0,0,0,0,0,0,0,0,0,0,0,0,0,0,0,0,0,0,0,0,0,0,0,0,0,0,0,0,0,0.0032511,1.0709,1,0.85715,0,0,0,0,0,0,0,0,0,0,0,1
1.8336,0,-0.69718,-1,0,0,0,0,0.9529,0.77024,0.040293,-1,-0.99747,-6.9761e-05,0,0,0,0,1.4646,-1.8336,0.98636,-0.63866,0.53695,2.7063,0,0,0,0,0,0,0,0,0,0,0,0,0,0,0,0,0,0,0,0,0,0,0,0,0,0,0,0,0,0,0,0,0,0,0,0,0,0,0,0.0094066,1.8336,-1,0.98636,0,0,0,0,0,0,0,0,0,0,0,0
0,0,0,0,0,0,0,0,0.66727,1.6106,-0.88912,-1,-0.99879,9.8315e-06,1.5955e-06,0,0,0,0.64384,999,999,999,0.48044,0.39309,0.25231,0,0,0,0,0,0,0,0,0,0,0,0,0,0,0,0,0,0,0,0,0,0,0,0,0,0,0,0,0,0,0,0,0,0,0,0,0,0,0.0013718,0.66727,-1,0.81899,0,0,0,0,0,0,0,0,0,0,0,0
1.1284,0,0.88996,-1,0,0,0,0,0,0,0,0,-0.00074247,0,0,0,0,0,1.0277,999,999,999,1.0344,0,0,0,0,0,0,0,0,0,0,0,0,0,0,0,0,0,0,0,0,0,0,0,0,0,0,0,0,0,0,0,0,0,0,0,0,0,0,0,0,0.0020633,1.1284,-1,0.99465,0,0,0,0,0,0,0,0,0,0,0,0
0,0,0,0,0,0,0,0,0.56367,0.69374,0.59293,1,-0.99941,0.99839,0.99612,1,0,0,0.89255,999,999,999,0.31752,0.50084,0.54298,0.14767,0.15266,3.4106e-07,9999,1,-1,2089.8,11.621,0.098646,0,0,0,0,0,0,0,0,1,0.56367,0.8066,-0.68111,0,0,0,0,0,10,0.15266,3.4106e-07,9999,-1,2089.8,11.621,0.098646,0.56367,0.8066,-0.68111,-5,0.016866,0.93877,1,0.70101,0.55338,1,0.99839,0.044147,0,0,0,0,0,0,0,1
0,0,0,0,1.9563,0.50279,-0.98481,-1,0.51999,0.62162,0.97709,1,-0.0036667,6.8281e-05,1.8339e-05,2,0,0,1.6755,999,999,999,2.8962,0.67313,0.45087,0,0,0,0,0,0,0,0,0,0,0,0,0,0,0,0,0,0,0,0,0,0,0,0,0,0,0,0,0,0,0,0,0,0,0,0,0,0,0.00041099,1.9563,-1,0.97412,0,0,0,0,0,0,0,0,0,0,0,0
0,0,0,0,0,0,0,0,0.98187,1.4085,-0.0019999,-1,0.5131,-0.27952,-4.024e-06,0,0,0,0.92451,999,999,999,0.87416,1.5952,0.44204,0,0,0,0,0,0,0,0,0,0,0,0,0,0,0,0,0,0,0,0,0,0,0,0,0,0,0,0,0,0,0,0,0,0,0,0,0,0,0.068394,0.98187,-1,0.76625,0,0,0,0,0,0,0,0,0,0,0,0
0,0,0,0,0.84,0.90615,-0.69953,-1,0.89534,0.68718,0.9693,1,-0.00064918,-0.00042953,5.5251e-05,0,0,0,1.0481,-0.84,0.85389,-0.83752,0.42399,1.0148,0.61313,0,0,0,0,0,0,0,0,0,0,0,0,0,0,0,0,0,0,0,0,0,0,0,0,0,0,0,0,0,0,0,0,0,0,0,0,0,0,0.012175,0.89534,1,0.89652,0,0,0,0,0,0,0,0,0,0,0,1
0,0,0,0,1.872,0.12997,-0.54748,-1,1.6322,0.14929,-0.17792,1,-0.31681,0.049072,0,0,0,0,2.3052,999,999,999,2.0292,1.3635,0,0,0,0,0,0,0,0,0,0,0,0,0,0,0,0,0,0,0,0,0,0,0,0,0,0,0,0,0,0,0,0,0,0,0,0,0,0,0,0.0058331,1.872,-1,0.93774,0,0,0,0,0,0,0,0,0,0,0,0
0,0,0,0,0,0,0,0,1.286,0.93052,-0.90353,1,-0.098772,0.0039811,-8.7902e-06,0,0,0,1.4235,999,999,999,1.3201,1.1225,0.38369,0,0,0,0,0,0,0,0,0,0,0,0,0,0,0,0,0,0,0,0,0,0,0,0,0,0,0,0,0,0,0,0,0,0,0,0,0,0,0.0013837,1.286,1,0.56809,0,0,0,0,0,0,0,0,0,0,0,1
0.72419,1.8786,-0.3478,-1,0,0,0,0,1.1131,1.1999,-0.93188,1,-0.18547,0.059299,0,0,0,0,1.0183,999,999,999,1.1687,1.5954,0,0,0,0,0,0,0,0,0,0,0,0,0,0,0,0,0,0,0,0,0,0,0,0,0,0,0,0,0,0,0,0,0,0,0,0,0,0,0,0.0092071,1.1131,1,0.81664,0,0,0,0,0.72419,1.8786,-0.3478,-1,1,0.00087305,0.51469,1
0,0,0,0,0,0,0,0,0.2469,0.30275,0.95649,-1,-4.4854e-07,-3.9382e-07,0,0,0,0,0.19702,999,999,999,0.1766,0.14323,0,0.993,0.2469,3.9382e-07,9999,0,-1,791.02,6.2012,0.14323,0,0,0,0,0,0,0,0,1,999,999,999,0,0,0,0,0,0,0,0,0,0,0,0,0,0,0,0,0,0,0,0,0,0,0,0,0,0,0,0,0,0,0,0,1
0,0,0,0,0,0,0,0,1.2758,0.1393,-0.68263,-1,-0.95639,-5.5202e-05,4.6753e-07,0,0,0,1.2017,-0.59982,0.88189,-0.50905,1.0513,0.56275,0.18619,0.74496,0.24296,4.6753e-07,9999,1,1,1015.6,5.5176,0.18619,0,0,0,0,0,0,0,0,1,0.59982,0.88189,-0.34945,0,0,0,0,0,10,0.24296,4.6753e-07,9999,1,1015.6,5.5176,0.18619,0.59982,0.88189,-0.34945,0,0.00061213,1.2758,-1,0.83771,0.97637,-1,-0.95639,-0.00060237,0,0,0,0,0,0,0,0
0,0,0,0,0,0,0,0,0.95269,0.73068,-0.66291,1,0.016127,-0.0010873,-0.00055382,2,0,0,1.2959,0.60855,-0.956,-0.45462,1.3315,0.73022,0.87923,0.78175,0.097401,3.4842e-07,9999,0,1,1484.4,6.9336,0.1059,0,0,0,0,0,0,0,0,1,0.82823,0.52462,-0.077881,0,0,0,0,0,10,0.097401,3.4842e-07,9999,1,1484.4,6.9336,0.1059,0.82823,0.52462,-0.077881,2,0.019067,0.95269,1,0.67537,0.55564,-1,-0.00035154,-0.67403,0,0,0,0,0,0,0,0
0,0,0,0,0,0,0,0,0.77173,1.1627,-0.40383,-1,0.00033749,7.9534e-05,-6.5258e-05,0,0,0,0.96087,0.52103,0.95632,-0.74157,0.49333,0.7,0.65899,0.79262,0.13878,4.0505e-07,9999,1,-1,820.31,5.8105,0.15092,0,0,0,0,0,0,0,0,1,999,999,999,0,0,0,0,0,0,0,0,0,0,0,0,0,0,0,0,0,0.011544,0.77173,-1,0.9343,0.80733,1,7.9534e-05,0.47851,0,0,0,0,0,0,0,1
1.2636,0.34648,-0.99269,1,0,0,0,0,0.39261,0.34648,-0.58871,1,4.0548e-05,3.3413e-05,0,0,0,0,0.96505,999,999,999,1.9462,0.52087,0,0,0,0,0,0,0,0,0,0,0,0,0,0,0,0,0,0,0,0,0,0,0,0,0,0,0,0,0,0,0,0,0,0,0,0,0,0,0,0.0061013,1.2636,1,0.97828,0,0,0,0,0,0,0,0,0,0,0,1
0,0,0,0,0,0,0,0,0.54115,1.5025,-0.90871,-1,-6.0187e-05,-3.532e-05,-2.8685e-05,1,0,0,0.9044,-0.54985,-0.91467,-0.67323,0.62738,0.52904,0.50197,0.64562,0.11754,4.052e-07,9999,1,1,810.55,4.7363,0.15101,0,0,0,0,0,0,0,0,1,0.54985,0.91467,-0.62412,0,0,0,0,0,10,0.11754,4.052e-07,9999,1,810.55,4.7363,0.15101,0.54985,0.91467,-0.62412,4,0.019984,0.54115,-1,0.96788,0.85555,-1,-2.8685e-05,-0.46634,0,0,0,0,0,0,0,0
0,0,0,0,0,0,0,0,0.79136,0.6454,-0.31347,1,0.0087332,0.00074072,-6.0889e-05,0,0,0,1.04,0.56328,-0.7947,-0.31851,1.1523,0.81054,0.6321,0,0,0,0,0,0,0,0,0,0,0,0,0,0,0,0,0,0,0,0,0,0,0,0,0,0,0,0,0,0,0,0,0,0,0,0,0,0,0.04114,0.79136,1,0.82546,0,0,0,0,0,0,0,0,0,0,0,1
1.4236,0.18098,-0.46656,-1,0,0,0,0,0.9644,1.1166,-0.70514,1,-0.046732,0.041518,-0.00088999,2,0,0,1.6383,999,999,999,1.3323,0.99203,0.75635,0,0,0,0,0,0,0,0,0,0,0,0,0,0,0,0,0,0,0,0,0,0,0,0,0,0,0,0,0,0,0,0,0,0,0,0,0,0,0.0011092,1.4236,-1,0.98288,0,0,0,0,0,0,0,0,0,0,0,0
0,0,0,0,0,0,0,0,1.034,0.7888,-0.74923,-1,-0.10992,0.00045551,4.8782e-05,1,0,0,1.2481,999,999,999,1.2857,0.63081,0.57323,0.72698,0.21202,1.2219e-06,9999,1,1,0,10.352,0.11098,0,0,0,0,0,0,0,0,1,1.034,0.88521,-0.36021,0,0,0,0,0,10,0.21202,1.2219e-06,9999,1,0,10.352,0.11098,1.034,0.88521,-0.36021,4,0.010144,1.034,-1,0.88521,0.008065,-1,-4.3177e-06,-0.007659,0,0,0,0,0,0,0,0
0,0,0,0,0,0,0,0,1.0838,0.069274,-0.28476,1,0.068082,-0.00071572,-3.6483e-07,1,0,0,1.0196,999,999,999,1.0311,0.71615,0.12073,0.9571,0.08765,3.6483e-07,9999,1,-1,561.52,9.2773,0.12073,0,0,0,0,0,0,0,0,1,1.0838,0.85391,-0.85647,0,0,0,0,0,10,0.08765,3.6483e-07,9999,-1,561.52,9.2773,0.12073,1.0838,0.85391,-0.85647,-0,0.024633,1.0838,1,0.85391,-0.85647,1,0.068082,0.83895,0,0,0,0,0,0,0,1
0,0,0,0,0,0,0,0,1.4108,0.55721,0.20883,-1,0.99999,-0.99312,-0.96441,1,0,0,1.4935,999,999,999,0.21946,0.60294,2.1304,0.047672,0.15066,3.5806e-07,9999,1,1,1142.6,9.375,0.11482,0,0,0,0,0,0,0,0,1,1.4108,0.96501,-0.12529,0,0,0,0,0,10,0.15066,3.5806e-07,9999,1,1142.6,9.375,0.11482,1.4108,0.96501,-0.12529,5,0.0044013,1.4108,-1,0.96501,-0.12529,-1,-0.96441,-0.034002,0,0,0,0,0,0,0,0
0,0,0,0,0.92371,0.7567,-0.89761,1,0.74372,0.54812,0.43379,1,-0.99944,-0.99179,0.00011586,1,0,0,1.0104,999,999,999,0.38192,0.49766,0.70487,0.30762,0.21035,0.99944,9999,1,-1,1347.7,11.133,0.38192,0,0,0,0,0,0,0,0,1,0.74372,0.83479,-0.017715,0,0,0,0,0,10,0.23815,0.99179,9999,-1,742.19,7.3242,0.49766,0.92371,0.6383,-0.92571,-22,0.0053799,0.92371,1,0.6383,0.18055,1,0.00011586,1.5355e-05,0,0,0,0,0,0,0,0
0,0,0,0,0,0,0,0,1.2474,0.63415,-0.93253,1,0.30186,0.000322,8.5447e-05,1,1,0.50126,1.326,0.63534,0.25363,-0.33844,1.6868,0.31139,0.72826,0.42371,0.13757,6.3004e-07,9999,1,-1,771.48,3.6621,0.24437,0,0,0,0,0,0,0,0,1,1.2474,0.80963,-0.32959,0,0,0,0,0,10,0.13757,6.3004e-07,9999,-1,771.48,3.6621,0.24437,1.2474,0.80963,-0.32959,-0,0.011723,1.2474,1,0.80963,0.9388,1,0.000322,0.1862,0,0,0,0,0,0,0,1
0,0,0,0,0,0,0,0,1.1941,0.38388,-0.63458,1,0.056459,0.0001751,-4.4151e-05,1,0,0,1.2992,999,999,999,1.4452,0.17122,0.56709,0,0,0,0,0,0,0,0,0,0,0,0,0,0,0,0,0,0,0,0,0,0,0,0,0,0,0,0,0,0,0,0,0,0,0,0,0,0,0.01477,1.1941,1,0.86935,0,0,0,0,0,0,0,0,0,0,0,0
0,0,0,0,0,0,0,0,0.8424,0.95483,-0.50682,1,-0.9964,9.0046e-05,8.5864e-05,0,0,0,1.0432,999,999,999,0.41965,0.70943,0.72476,0,0,0,0,0,0,0,0,0,0,0,0,0,0,0,0,0,0,0,0,0,0,0,0,0,0,0,0,0,0,0,0,0,0,0,0,0,0,0.012107,1.0397,1,0.98674,0,0,0,0,0,0,0,0,0,0,0,0
0,0,0,0,0,0,0,0,0.36591,0,-0.11999,-1,2.6607e-05,-2.6565e-05,-2.8211e-06,0,0,0,0.73512,999,999,999,0.49252,0.49233,0.29561,0,0,0,0,0,0,0,0,0,0,0,0,0,0,0,0,0,0,0,0,0,0,0,0,0,0,0,0,0,0,0,0,0,0,0,0,0,0,0.0097871,0.65474,-1,0.98808,0,0,0,0,0,0,0,0,0,0,0,1
0,0,0,0,0.79258,0.41241,0.58263,1,0.66151,0.37232,-0.29644,-1,-0.96412,0.0013971,4.884e-05,0,0,0,1.1871,999,999,999,0.99849,0.85906,0.58645,0.90153,0.093066,1.4173e-06,9999,1,1,0,5.0781,0.16498,0,0,0,0,0,0,0,0,1,0.66151,0.7279,-0.36,0,0,0,0,0,10,0.093066,1.4173e-06,9999,1,0,5.0781,0.16498,0.66151,0.7279,-0.36,2,0.0019982,0.79258,1,0.96675,-0.36,-1,-0.96412,-0.76733,0,0,0,0,0,0,0,0
0.99326,0.45622,-0.82587,-1,0,0,0,0,0.96227,0.45622,-0.37612,-1,-0.92465,0.00011751,-2.2181e-05,0,0,0,1.3998,-0.99326,0.6474,-0.0067378,1.1804,0.66222,1.4945,0.26534,0.1264,3.929e-07,9999,1,1,839.84,11.621,0.14257,0,0,0,0,0,0,0,0,1,999,999,999,0,0,0,0,0,0,0,0,0,0,0,0,0,0,0,0,0,0.0083225,0.99326,-1,0.6474,0.86193,-1,-0.92465,-0.22666,0.99326,0.45622,-0.82587,-1,1,0.0083225,0.6474,0
0,0,0,0,0,0,0,0,0.83647,1.5666,-0.88445,-1,-0.82532,-0.00027359,6.3139e-05,0,0,0,0.70742,999,999,999,0.50593,0.73187,0.64668,0,0,0,0,0,0,0,0,0,0,0,0,0,0,0,0,0,0,0,0,0,0,0,0,0,0,0,0,0,0,0,0,0,0,0,0,0,0,0.0027853,0.83647,-1,0.90362,0,0,0,0,0,0,0,0,0,0,0,0
0,0,0,0,0,0,0,0,0.89062,1.0886,0.49319,-1,-0.9995,0.055469,-0.00015911,0,0,0,1.0525,999,999,999,0.35342,1.0989,0.79148,0.485,0.20396,5.093e-07,9999,1,1,673.83,4.2969,0.20465,0,0,0,0,0,0,0,0,1,0.89062,0.83568,-0.50477,0,0,0,0,0,10,0.20396,5.093e-07,9999,1,673.83,4.2969,0.20465,0.89062,0.83568,-0.50477,6,0.00065842,0.89062,-1,0.83568,-0.56796,-1,-0.9995,-0.0031226,0,0,0,0,0,0,0,0
0.95831,1.2262,-0.54236,1,0.79825,1.3702,-0.63192,-1,0.49915,1.5597,-0.56565,-1,-0.98213,0.00073374,-0.00016952,0,1,0.49387,1.3491,-0.79825,-0.35579,-0.08344,0.78461,1.3724,0.90286,0.28515,0.062114,1.2192e-06,9999,1,1,0,29.297,0.076567,0,1,0,0,0,0,0,0,1,0.79825,0.35579,-0.75311,0,0,0,0,0,10,0.062114,1.2192e-06,9999,1,0,29.297,0.076567,0.79825,0.35579,-0.75311,0,0.028471,0.95831,1,0.93589,-0.55562,-1,-0.98213,-0.62511,0.95831,1.2262,-0.54236,1,1,0.028471,0.93589,0
0,0,0,0,0,0,0,0,0.45091,1.3534,-0.65839,-1,0.90666,-0.010294,0.00061216,0,0,0,1.2029,0.73597,-0.80761,-0.85432,0.93373,0.70757,0.77486,0,0,0,0,0,0,0,0,0,0,0,0,0,0,0,0,0,0,0,0,0,0,0,0,0,0,0,0,0,0,0,0,0,0,0,0,0,0,0.0019368,0.73597,1,0.80761,0,0,0,0,0,0,0,0,0,0,0,1
0,0,0,0,0,0,0,0,1.2123,0.1921,-0.62081,-1,0.99906,0.2864,-0.012544,0,0,0,1.0839,999,999,999,0.46312,1.0811,0.87699,0,0,0,0,0,0,0,0,0,0,0,0,0,0,0,0,0,0,0,0,0,0,0,0,0,0,0,0,0,0,0,0,0,0,0,0,0,0,0.0037532,1.2123,-1,0.95775,0,0,0,0,0,0,0,0,0,0,0,1
0.33994,1.4461,-0.9766,-1,0,0,0,0,0.46843,0.95242,-0.31226,1,-0.93079,-0.0055517,5.7916e-05,1,0,0,0.75849,999,999,999,0.35896,0.52215,0.62506,0.83604,0.19,5.7781e-07,9999,0,-1,449.22,2.6611,0.22913,0,0,0,0,0,0,0,0,1,999,999,999,0,0,0,0,0,0,0,0,0,0,0,0,0,0,0,0,0,0,0,0,0,0.89639,1,5.3523e-06,0.13947,0.33994,1.4461,-0.9766,-1,1,0.088342,0.32622,1
0,0,0,0,0,0,0,0,0.36331,0.39547,-0.48658,1,-0.99997,-0.13076,4.3693e-05,0,0,0,0.76002,999,999,999,0.2751,0.60431,0.56311,0.45992,0.152,4.649e-07,9999,1,-1,673.83,6.3477,0.18491,0,0,0,0,0,0,0,0,1,999,999,999,0,0,0,0,0,10,0.20937,7.7733e-07,9999,1,561.52,3.5156,0.27726,0.72557,0.66018,-0.85367,0,0.0052615,0.72557,-1,0.66018,-0.00059135,-1,-0.99997,-0.0077589,0,0,0,0,0,0,0,1
0,0,0,0,0,0,0,0,0.66308,0.90875,0.79028,-1,-1.5658e-05,1.3611e-06,-6.4346e-07,1,0,0,0.61211,999,999,999,0.53489,0.34621,0.24792,0.38357,0.15255,6.4346e-07,9999,0,-1,888.67,4.7852,0.24792,0,0,0,0,0,0,0,0,1,999,999,999,0,0,0,0,0,0,0,0,0,0,0,0,0,0,0,0,0,0.00081628,0.66308,-1,0.97047,-0.65816,1,1.3611e-06,0.08984,0,0,0,0,0,0,0,0
0,0,0,0,0,0,0,0,1.2041,0.32926,-0.45901,1,0.022462,-0.016702,-1.0384e-06,2,0,0,0.56883,999,999,999,0.73542,0.77779,0.31555,0.95283,0.14932,7.262e-07,9999,0,1,561.52,3.8574,0.26716,0,0,0,0,0,0,0,0,1,999,999,999,0,0,0,0,0,10,0.23357,1.0384e-06,9999,-1,468.75,2.6611,0.31555,1.2041,0.89713,-0.29716,-4,0.00035621,0.50211,-1,0.43074,0.7709,-1,-1.0384e-06,-0.78539,0,0,0,0,0,0,0,0
0,0,0,0,0,0,0,0,0.67487,0.71942,-0.46199,1,0.24068,-0.00057126,-0.00011297,0,0,0,0.83291,999,999,999,1.0496,0.66672,0.67417,0.71079,0.13029,4.9781e-07,9999,1,1,644.53,5.3711,0.19989,0,0,0,0,0,0,0,0,1,999,999,999,0,0,0,0,0,0,0,0,0,0,0,0,0,0,0,0,0,0.0057632,0.67487,1,0.8378,0.51041,-1,-0.00057126,-0.43197,0,0,0,0,0,0,0,1
0,0,0,0,0,0,0,0,0.86011,0.313,-0.36583,-1,-0.00017619,0,0,0,0,0,0.83181,999,999,999,0.87449,0,0,0,0,0,0,0,0,0,0,0,0,0,0,0,0,0,0,0,0,0,0,0,0,0,0,0,0,0,0,0,0,0,0,0,0,0,0,0,0,0.0075523,0.86011,-1,0.51956,0,0,0,0,0,0,0,0,0,0,0,0
0,0,0,0,0,0,0,0,1.021,0.77614,-0.11219,-1,-0.89483,-0.87749,-9.7106e-05,1,0,0,1.3877,-0.90012,0.94153,-0.47815,1.5232,1.3285,0.61193,0,0,0,0,0,0,0,0,0,0,0,0,0,0,0,0,0,0,0,0,0,0,0,0,0,0,0,0,0,0,0,0,0,0,0,0,0,0,0.0050101,1.021,-1,0.74285,0,0,0,0,0,0,0,0,0,0,0,0
0,0,0,0,0,0,0,0,0.6504,0.54863,0.42518,-1,0.99895,-0.0063834,0.00060071,3,0,0,0.86728,999,999,999,0.37685,0.85155,0.34693,0.8598,0.23789,6.2909e-07,9999,0,-1,664.06,3.5645,0.24411,1,0,-5.9537,-0.56555,1.416,0.10254,0.0019367,0.019431,1,999,999,999,0,0,0,0,0,0,0,0,0,0,0,0,0,0,0,0,0,0.0043011,0.6504,-1,0.95794,0.65501,1,0.99895,0.0062895,0,0,0,0,0,0,0,1
0,0,0,0,0.8362,1.534,0.81647,1,1.2553,1.6973,-0.86337,-1,-0.96833,-0.89015,0.031697,0,0,0,2.0305,999,999,999,1.6775,1.1196,0.86083,0.71776,0.092717,1.2133e-06,9999,1,1,0,15.82,0.10309,0,0,0,0,0,0,0,0,1,999,999,999,0,0,0,0,0,0,0,0,0,0,0,0,0,0,0,0,0,0.0084809,1.2576,-1,0.89018,0.93247,-1,-0.89015,-0.6642,0,0,0,0,0,0,0,0
0,0,0,0,0,0,0,0,0.057464,0.45071,0.1713,-1,-0.99993,-1.3232e-05,9.4153e-06,2,1,0.49885,0.2668,999,999,999,0.30464,0.41927,0.38943,0.99933,0.18089,6.2177e-07,9999,0,1,527.34,4.9805,0.24212,0,0,0,0,0,0,0,0,1,999,999,999,0,0,0,0,0,0,0,0,0,0,0,0,0,0,0,0,0,0,0,0,0,-0.76855,-1,-0.99993,-0.85412,0,0,0,0,0,0,0,1
1.7333,0.16642,-0.83271,-1,0,0,0,0,0.63316,0.56467,0.2656,1,-0.2164,0.0001805,-5.5733e-05,3,0,0,1.8548,-1.7333,0.99058,-0.99044,0.55096,0.11665,2.1741,0.60562,0.090648,1.2135e-06,9999,0,1,0,18.75,0.082145,0,0,0,0,0,0,0,0,1,0.56467,0.9882,-0.61156,0,0,0,0,0,10,0.090648,1.2135e-06,9999,1,0,18.75,0.082145,0.56467,0.9882,-0.61156,0,0.0052306,1.7333,-1,0.99058,-0.61156,-1,-0.2164,-0.62563,0.56467,0.64836,0.78711,-1,2,0.14375,0.9882,0
0,0,0,0,0,0,0,0,0.24473,0.47973,-0.40132,1,-0.99991,-0.00017472,5.3207e-05,3,0,0,0.76052,999,999,999,0.29974,0.16794,0.60482,0.91445,0.068761,1.2418e-06,9999,0,1,0,9.8633,0.12202,0,0,0,0,0,0,0,0,1,999,999,999,0,0,0,0,0,10,0.16041,0.00017472,9999,-1,561.52,0,0.16794,0.60083,0.86545,-0.56875,-0,0.023674,0.60083,1,0.86545,-0.91271,-1,-0.99991,-0.79237,0,0,0,0,0,0,0,0
0,0,0,0,0,0,0,0,0.86071,0.57211,-0.93368,1,0.00070079,-2.6711e-06,5.5456e-07,0,0,0,0.64261,999,999,999,0.62319,0.25644,0.22148,0,0,0,0,0,0,0,0,0,0,0,0,0,0,0,0,0,0,0,0,0,0,0,0,0,0,0,0,0,0,0,0,0,0,0,0,0,0,0.0019278,0.86071,1,0.98192,0,0,0,0,0,0,0,0,0,0,0,0
0,0,0,0,0,0,0,0,1.3846,0.18881,-0.38246,-1,-0.83779,6.7372e-05,5.8528e-05,4,1,0.49772,1.5191,999,999,999,1.8069,0.64718,0.62724,0.92797,0.12715,4.7241e-07,9999,0,1,664.06,4.1504,0.18852,0,0,0,0,0,0,0,0,1,999,999,999,0,0,0,0,0,0,0,0,0,0,0,0,0,0,0,0,0,0.024862,1.3846,-1,0.98419,0.86179,-1,-0.83779,-0.76735,0,0,0,0,0,0,0,0
0.59147,0.84589,-0.25586,1,0,0,0,0,0.88662,0.33657,0.063557,-1,-0.99881,-0.96479,0.00027342,2,0,0,1.3463,999,999,999,0.47928,1.0748,0.72905,0.98426,0.10582,4.2382e-07,9999,0,-1,654.3,3.3203,0.16273,0,0,0,0,0,0,0,0,1,999,999,999,0,0,0,0,0,0,0,0,0,0,0,0,0,0,0,0,0,0.0082603,0.88662,-1,0.97472,0.94861,1,0.00027342,0.88161,0.59147,0.84589,-0.25586,1,1,0.00024367,0.88704,0
0.6784,0.32585,-0.84072,-1,0,0,0,0,0.16738,0.10791,0.96188,-1,-0.00027171,2.6753e-05,-6.5496e-07,0,0,0,0.70798,999,999,999,0.63928,0.49317,0.25085,0.9681,0.16738,6.5496e-07,9999,1,-1,532.23,4.6875,0.25085,0,0,0,0,0,0,0,0,1,999,999,999,0,0,0,0,0,0,0,0,0,0,0,0,0,0,0,0,0,0.016961,0.6784,-1,0.86285,-0.56062,1,2.6753e-05,0.78493,0.6784,0.32585,-0.84072,-1,1,0.016961,0.86285,0
0,0,0,0,0,0,0,0,0.63181,0.77794,-0.74111,-1,-3.473e-05,1.0632e-05,0,0,0,0,0.65916,999,999,999,0.52819,0.3998,0,0,0,0,0,0,0,0,0,0,0,0,0,0,0,0,0,0,0,0,0,0,0,0,0,0,0,0,0,0,0,0,0,0,0,0,0,0,0,0.0021576,0.63181,-1,0.99071,0,0,0,0,0,0,0,0,0,0,0,1
0,0,0,0,0,0,0,0,0.47913,0.2386,0.83973,1,0.0016741,-0.00093929,3.6633e-06,0,0,0,0.80674,999,999,999,0.87389,1.1451,0.31524,0,0,0,0,0,0,0,0,0,0,0,0,0,0,0,0,0,0,0,0,0,0,0,0,0,0,0,0,0,0,0,0,0,0,0,0,0,0,0.013561,0.75974,-1,0.88012,0,0,0,0,0,0,0,0,0,0,0,1
0,0,0,0,1.0076,0.16597,-0.77555,-1,0.26349,0.94811,-0.31177,1,-0.00012515,3.3948e-06,4.6175e-07,0,0,0,0.98226,999,999,999,0.93262,0.30951,0.18336,0,0,0,0,0,0,0,0,0,0,0,0,0,0,0,0,0,0,0,0,0,0,0,0,0,0,0,0,0,0,0,0,0,0,0,0,0,0,0.0093218,1.0076,-1,0.94213,0,0,0,0,0,0,0,0,0,0,0,1
0,0,0,0,0,0,0,0,0.68319,0.50241,-0.77409,-1,-0.0066452,-0.00024396,0.00012955,1,1,0.49124,0.47743,-0.68319,-0.99597,-0.97515,0.42947,0.44648,0.33057,0,0,0,0,0,0,0,0,0,0,0,0,0,0,0,0,0,0,0,0,0,0,0,0,0,0,0,0,0,0,0,0,0,0,0,0,0,0,0.046245,0.68319,-1,0.99597,0,0,0,0,0,0,0,0,0,0,0,1
0,0,0,0,0,0,0,0,0.81689,0.5535,0.68312,-1,0.99619,-0.052474,-6.7973e-05,0,0,0,0.96064,999,999,999,0.5735,1.2184,0.66658,0,0,0,0,0,0,0,0,0,0,0,0,0,0,0,0,0,0,0,0,0,0,0,0,0,0,0,0,0,0,0,0,0,0,0,0,0,0,0.00077979,0.98198,1,0.88946,0,0,0,0,0,0,0,0,0,0,0,1
0,0,0,0,0,0,0,0,2.4483,0.21856,-0.93359,-1,-0.00015433,4.3432e-07,0,0,0,0,2.4358,999,999,999,2.8751,0.16884,0,0.14207,0.16819,4.3432e-07,9999,1,1,634.77,2.5635,0.16884,0,0,0,0,0,0,0,0,1,999,999,999,0,0,0,0,0,0,0,0,0,0,0,0,0,0,0,0,0,0.019622,2.4483,-1,0.99718,0.10156,-1,-0.00015433,-0.013573,0,0,0,0,0,0,0,0
0,0,0,0,0,0,0,0,0.90857,0.94523,-0.76039,1,0.99995,-0.044404,0.00019652,0,0,0,1,0.90857,0.68013,-0.20698,0.28141,0.94103,0.8837,0,0,0,0,0,0,0,0,0,0,0,0,0,0,0,0,0,0,0,0,0,0,0,0,0,0,0,0,0,0,0,0,0,0,0,0,0,0,0.0023372,0.90857,1,0.68013,0,0,0,0,0,0,0,0,0,0,0,1
0,0,0,0,0,0,0,0,0.17553,0.21154,0.76519,1,-0.068141,0.001436,-2.2299e-05,2,0,0,0.61595,999,999,999,1.1174,0.47795,0.47118,0.57271,0.17553,6.0087e-07,9999,1,1,512.7,4.7363,0.23617,0,0,0,0,0,0,0,0,1,999,999,999,0,0,0,0,0,0,0,0,0,0,0,0,0,0,0,0,0,0,0,0,0,0.89561,-1,-2.2299e-05,-0.039086,0,0,0,0,0,0,0,0
1.2454,0.51767,-0.68922,1,0,0,0,0,0.4985,0,-0.62538,-1,0.11073,0.00015235,-1.3878e-05,0,0,0,1.4055,0.67633,0.91057,-0.67344,1.1844,0.68675,0.42367,0,0,0,0,0,0,0,0,0,0,0,0,0,0,0,0,0,0,0,0,0,0,0,0,0,0,0,0,0,0,0,0,0,0,0,0,0,0,0.0071992,1.2454,1,0.89731,0,0,0,0,0,0,0,0,0,0,0,1
0,0,0,0,0,0,0,0,0.25853,1.1073,-0.033562,1,-9.5734e-06,7.0485e-06,0,0,0,0,0.45111,999,999,999,0.39083,0.36571,0,0,0,0,0,0,0,0,0,0,0,0,0,0,0,0,0,0,0,0,0,0,0,0,0,0,0,0,0,0,0,0,0,0,0,0,0,0,0,0.0088355,0.51261,-1,0.98588,0,0,0,0,0,0,0,0,0,0,0,1
0,0,0,0,0,0,0,0,1.0773,0.19164,-0.96052,1,0.015281,0.00076544,-4.3809e-06,1,0,0,1.2482,999,999,999,1.1338,0.79867,0.32877,0.13224,0.13133,1.2178e-06,9999,0,-1,0,10.645,0.077719,0,0,0,0,0,0,0,0,1,0.59369,0.92187,-0.2086,0,0,0,0,0,10,0.13133,1.2178e-06,9999,-1,0,10.645,0.077719,0.59369,0.92187,-0.2086,-0,0.0020185,1.0773,1,0.96052,0.36916,1,0.015281,0.14856,0,0,0,0,0,0,0,0
0,0,0,0,0,0,0,0,1.3079,0.18976,0.14994,-1,-0.9402,-0.26627,1.1103e-05,2,0,0,1.1915,-1.3079,-0.88024,-0.41678,1.4157,0.79976,0.51382,0.76208,0.058566,1.2093e-06,9999,0,1,0,19.141,0.093282,0,0,0,0,0,0,0,0,1,1.1093,0.78931,-0.98019,0,0,0,0,0,10,0.058566,1.2093e-06,9999,1,0,19.141,0.093282,1.1093,0.78931,-0.98019,5,0.0051012,1.1093,-1,0.78931,0.36358,-1,-0.26627,-0.75981,0,0,0,0,0,0,0,0
0,0,0,0,0,0,0,0,0.48335,0.53448,0.19769,1,-0.99937,0.98899,0.0049451,0,0,0,1.0101,999,999,999,0.36081,0.66567,0.618,0.29968,0.22507,1.0057e-06,9999,1,-1,576.17,3.7109,0.21537,0,0,0,0,0,0,0,0,1,0.6151,0.4686,-0.37992,0,0,0,0,0,10,0.22507,1.0057e-06,9999,-1,576.17,3.7109,0.21537,0.6151,0.4686,-0.37992,-0,0.041466,0.59189,-1,0.50719,0.84762,1,0.98899,0.00033112,0,0,0,0,0,0,0,1
0,0,0,0,0,0,0,0,0.62156,0.25389,-0.50113,-1,-0.00059144,-6.3414e-05,4.2478e-05,3,1,0.49509,0.62293,999,999,999,0.33959,0.64214,0.56003,0.72367,0.14436,4.7276e-07,9999,1,1,634.77,5.7129,0.18869,0,0,0,0,0,0,0,0,1,0.62156,0.93096,-0.92561,0,0,0,0,0,10,0.14436,4.7276e-07,9999,1,634.77,5.7129,0.18869,0.62156,0.93096,-0.92561,4,0.013078,0.62156,-1,0.93096,-0.57394,-1,-0.00059144,-0.33141,0,0,0,0,0,0,0,1
0,0,0,0,0,0,0,0,0.97545,0.83351,-0.93429,-1,-0.83419,2.7934e-05,-3.7866e-06,0,0,0,1.1363,999,999,999,1.255,0.49854,0.31773,0.81818,0.091125,3.684e-07,9999,1,1,1093.8,8.7891,0.12374,0,0,0,0,0,0,0,0,1,0.97545,0.82826,-0.99426,0,0,0,0,0,10,0.091125,3.684e-07,9999,1,1093.8,8.7891,0.12374,0.97545,0.82826,-0.99426,2,0.0079454,0.97545,-1,0.82826,-0.99426,-1,-0.83419,-0.70828,0,0,0,0,0,0,0,0
0,0,0,0,0,0,0,0,0.75606,1.3198,-0.99977,-1,0.99996,-0.9635,7.036e-05,0,0,0,1.0481,0.68745,0.62414,-0.25827,0.28482,1.0365,1.0343,0,0,0,0,0,0,0,0,0,0,0,0,0,0,0,0,0,0,0,0,0,0,0,0,0,0,0,0,0,0,0,0,0,0,0,0,0,0,0.011211,0.75606,-1,0.996,0,0,0,0,0,0,0,0,0,0,0,0
0,0,0,0,0,0,0,0,0.93478,1.4651,-0.93177,1,0.036697,0.013661,-0.00032479,0,0,0,1.3638,999,999,999,0.72743,1.1796,0.77267,0.93024,0.12615,3.5804e-07,9999,1,-1,1269.5,10.742,0.11481,1,0,-1.9294,-0.54041,0.78116,0.16369,0.044794,0.01534,1,0.93478,0.98252,-0.84567,0,0,0,0,0,10,0.12615,3.5804e-07,9999,-1,1269.5,10.742,0.11481,0.93478,0.98252,-0.84567,-2,0.013091,0.93478,1,0.98252,0.96999,1,3.2203e-06,0.77341,0,0,0,0,0,0,0,1
0,0,0,0,1.74,0,-0.014853,1,1.0946,0.87507,-0.40819,1,0.068993,0.0028749,-5.8357e-05,0,0,0,2.0626,1.74,-0.969,-0.70708,1.5355,1.9813,0.62709,0.99376,0.17952,6.9738e-07,9999,1,-1,537.11,5.3711,0.26092,0,0,0,0,0,0,0,0,1,1.74,0.969,-0.93711,0,0,0,0,0,10,0.17952,6.9738e-07,9999,-1,537.11,5.3711,0.26092,1.74,0.969,-0.93711,-2,0.0080132,1.74,1,0.969,0.82985,1,0.068993,0.83886,0,0,0,0,0,0,0,1
0,0,0,0,0,0,0,0,0.42553,1.0171,0.78615,1,0.011039,-0.00053114,0.00044033,3,0,0,0.70922,999,999,999,0.69725,0.30019,0.25006,0.70624,0.21926,3.9397e-07,9999,1,-1,1025.4,8.0078,0.14333,0,0,0,0,0,0,0,0,1,999,999,999,0,0,0,0,0,0,0,0,0,0,0,0,0,0,0,0,0,0,0,0,0,0.96973,1,0.00044033,0.003272,0,0,0,0,0,0,0,0
0,0,0,0,0,0,0,0,0.51507,1.195,-0.75256,1,0.00082248,-0.00052458,5.5956e-05,3,1,0.4979,0.9532,0.60135,-0.46501,-0.84467,0.66924,0.30332,0.61107,0.885,0.11268,1.5726e-06,9999,1,-1,0,5.3711,0.18601,0,0,0,0,0,0,0,0,1,0.60135,0.46501,-0.38234,0,0,0,0,0,10,0.12778,1.2247e-06,9999,-1,0,29.688,0.072624,0.60135,0.46501,-0.32792,-4,0.060231,0.60135,1,0.46501,0.93578,1,4.8972e-06,0.72158,0,0,0,0,0,0,0,0
0,0,0,0,0,0,0,0,1.9521,0.38908,-0.83217,-1,-0.031457,-0.0026842,7.7855e-07,0,0,0,1.7971,-1.9521,-0.99957,-0.95256,1.367,1.6336,0.27748,0.99878,0.17452,7.7855e-07,9999,1,1,732.42,4.1016,0.27748,0,0,0,0,0,0,0,0,1,1.9521,0.99957,-0.99888,0,0,0,0,0,10,0.17452,7.7855e-07,9999,1,732.42,4.1016,0.27748,1.9521,0.99957,-0.99888,2,0.0067539,1.9521,-1,0.99957,0.96586,-1,-0.031457,-0.86805,0,0,0,0,0,0,0,0
2.1722,0,-0.99462,-1,0,0,0,0,0,0,0,0,-0.0010886,0,0,0,0,0,1.4662,999,999,999,3.3887,0,0,0,0,0,0,0,0,0,0,0,0,0,0,0,0,0,0,0,0,0,0,0,0,0,0,0,0,0,0,0,0,0,0,0,0,0,0,0,0,0.017393,2.1722,-1,0.99563,0,0,0,0,0,0,0,0,0,0,0,0
0,0,0,0,1.7732,0,0.084186,1,0,0,0,0,-0.046681,0.019348,0,0,0,0,1.5768,999,999,999,1.8637,1.3274,0,0,0,0,0,0,0,0,0,0,0,0,0,0,0,0,0,0,0,0,0,0,0,0,0,0,0,0,0,0,0,0,0,0,0,0,0,0,0,0.01112,1.7732,1,0.99259,0,0,0,0,0,0,0,0,0,0,0,1
0,0,0,0,0,0,0,0,0.95021,0,0.02947,-1,-0.044037,0.00017419,-6.7124e-05,2,0,0,1.0074,-1.0248,-0.78193,-0.50625,1.4124,0.16017,0.64969,0,0,0,0,0,0,0,0,0,0,0,0,0,0,0,0,0,0,0,0,0,0,0,0,0,0,0,0,0,0,0,0,0,0,0,0,0,0,0.0071347,1.0248,-1,0.78193,0,0,0,0,0,0,0,0,0,0,0,0
0,0,0,0,0,0,0,0,0.8111,1.0392,-0.61268,-1,-0.48225,3.1389e-06,2.2697e-06,0,0,0,0.68369,999,999,999,1.3398,0.30362,0.27924,0.81476,0.099413,3.8214e-07,9999,1,-1,1386.7,9.9609,0.13466,0,0,0,0,0,0,0,0,1,999,999,999,0,0,0,0,0,0,0,0,0,0,0,0,0,0,0,0,0,0.016001,0.8111,-1,0.93384,-0.091076,1,2.2697e-06,0.68642,0,0,0,0,0,0,0,1
0,0,0,0,1.5338,0.057635,0.19931,-1,0.71332,0.057635,0.25224,-1,-0.99794,0.0020106,-0.00077701,0,0,0,1.9753,-1.5338,0.93705,-0.49541,0.51979,1.824,2.4086,0.93626,0.17309,4.7961e-07,9999,1,1,610.35,5.6641,0.19187,0,0,0,0,0,0,0,0,1,1.5338,0.93705,-0.75625,0,0,0,0,0,10,0.17309,4.7961e-07,9999,1,610.35,5.6641,0.19187,1.5338,0.93705,-0.75625,2,0.018017,1.6321,1,0.85734,0.21401,-1,-0.99794,-0.62827,0,0,0,0,0,0,0,0
0,0,0,0,0,0,0,0,0.67306,0.068915,-0.26352,-1,-8.6785e-05,3.5387e-05,-1.8711e-06,0,0,0,0.81043,999,999,999,0.58743,0.48912,0.26458,0.53838,0.17879,4.6571e-07,9999,1,1,654.3,5.2246,0.18531,0,0,0,0,0,0,0,0,1,0.67306,0.99212,-0.59182,0,0,0,0,0,10,0.17879,4.6571e-07,9999,1,654.3,5.2246,0.18531,0.67306,0.99212,-0.59182,6,0.022119,0.67306,-1,0.99212,0.31635,-1,-1.8711e-06,-0.027416,0,0,0,0,0,0,0,1
0.29748,0.14629,-0.71206,-1,0,0,0,0,0.89458,0.14629,-0.65744,-1,0.98117,-0.024316,0.00056324,2,0,0,1.0336,999,999,999,0.72396,1.3084,0.54649,0.53228,0.14372,4.7164e-07,9999,1,1,683.59,5.2734,0.18816,0,0,0,0,0,0,0,0,1,0.89458,0.83364,-0.45456,0,0,0,0,0,10,0.14372,4.7164e-07,9999,1,683.59,5.2734,0.18816,0.89458,0.83364,-0.45456,5,0.030479,0.71027,1,0.45005,0.32083,-1,-2.4088e-05,-0.17696,0.29748,0.14629,-0.71206,-1,1,0.032877,0.52993,0
0,0,0,0,0,0,0,0,0.66434,1.681,0.25148,1,0.00023925,-8.592e-06,3.7809e-06,0,0,0,0.74786,999,999,999,0.90994,0.3818,0.31762,0,0,0,0,0,0,0,0,0,0,0,0,0,0,0,0,0,0,0,0,0,0,0,0,0,0,0,0,0,0,0,0,0,0,0,0,0,0,0.026328,0.66434,1,0.77455,0,0,0,0,0,0,0,0,0,0,0,0
0.64011,0.3969,-0.34274,1,0.98485,0.32656,-0.68198,-1,0.29523,0.067808,-0.56144,1,0.00045416,-0.00023726,5.2785e-06,0,0,0,1.1692,999,999,999,0.69404,0.96277,0.34303,0,0,0,0,0,0,0,0,0,0,0,0,0,0,0,0,0,0,0,0,0,0,0,0,0,0,0,0,0,0,0,0,0,0,0,0,0,0,0.0098084,0.98485,-1,0.9102,0,0,0,0,0.64011,0.3969,-0.34274,1,1,0.0065454,0.77689,0
0.57299,1.2625,0.78526,1,0,0,0,0,1.9219,0.3752,-0.9647,-1,0.0013326,-0.0007326,0.00010256,0,0,0,1.701,999,999,999,0.73317,1.5512,0.81169,0,0,0,0,0,0,0,0,0,0,0,0,0,0,0,0,0,0,0,0,0,0,0,0,0,0,0,0,0,0,0,0,0,0,0,0,0,0,0.0060311,1.9219,-1,0.99432,0,0,0,0,0.57299,1.2625,0.78526,1,1,0.026442,0.88637,0
0,0,0,0,0,0,0,0,0.12625,0.096022,0.5347,-1,-0.9992,0.93584,-0.01974,0,0,0,0.58707,999,999,999,0.36853,0.48208,0.32527,0.61165,0.098163,1.2528e-06,9999,1,1,0,10.547,0.12659,0,0,0,0,0,0,0,0,1,999,999,999,0,0,0,0,0,0,0,0,0,0,0,0,0,0,0,0,0,0.01873,0.58306,1,0.96051,0.5495,1,0.93584,0.50876,0,0,0,0,0,0,0,0
1.7012,0.2979,-0.94058,-1,0,0,0,0,0.80642,0.09062,0.17819,-1,0.12085,-0.0084955,-0.00081964,1,0,0,1.373,999,999,999,1.0868,2.7108,0.65346,0,0,0,0,0,0,0,0,0,0,0,0,0,0,0,0,0,0,0,0,0,0,0,0,0,0,0,0,0,0,0,0,0,0,0,0,0,0,0.001886,0.80642,-1,0.77317,0,0,0,0,0,0,0,0,0,0,0,0
0,0,0,0,0,0,0,0,1.499,0.49593,-0.97418,-1,-0.9399,-0.0041097,0.00022599,0,0,0,1.5963,999,999,999,1.1949,1.058,0.99014,0,0,0,0,0,0,0,0,0,0,0,0,0,0,0,0,0,0,0,0,0,0,0,0,0,0,0,0,0,0,0,0,0,0,0,0,0,0,0.0063416,1.499,-1,0.76141,0,0,0,0,0,0,0,0,0,0,0,0
0,0,0,0,1.9805,0.84296,-0.95419,-1,0.53199,1.6778,0.37429,1,-6.5397e-05,1.9159e-05,1.2331e-06,0,0,0,1.4667,999,999,999,3.0337,0.45541,0.067844,0.80564,0.051719,1.2331e-06,9999,1,1,0,20.703,0.067844,0,0,0,0,0,0,0,0,1,1.9805,0.85117,-0.97638,0,0,0,0,0,10,0.051719,1.2331e-06,9999,1,0,20.703,0.067844,1.9805,0.85117,-0.97638,2,0.0013737,1.9805,-1,0.85117,0.93843,1,1.2331e-06,0.65382,0,0,0,0,0,0,0,0
0,0,0,0,0,0,0,0,0.807,1.0703,0.39101,-1,-0.00020633,2.5853e-05,6.4628e-06,4,1,0.50369,1.0171,999,999,999,0.87135,0.48901,0.4767,0.52478,0.14515,3.5547e-07,9999,0,-1,1562.5,9.5703,0.11248,0,1,0,0,0,0,0,0,1,999,999,999,0,0,0,0,0,0,0,0,0,0,0,0,0,0,0,0,0,0.014271,0.807,-1,0.99065,0.20286,1,2.5853e-05,0.16458,0,0,0,0,0,0,0,0
0,0,0,0,0,0,0,0,1.2749,0.53294,0.97883,1,-0.99999,0.75213,0.1963,0,0,0,1.3264,-0.50276,0.79589,-0.85172,0.22769,1.8534,1.0064,0.97995,0.20075,0.99999,9999,1,-1,2656.2,19.141,0.22769,0,0,0,0,0,0,0,0,1,1.1507,0.98079,-0.97181,0,0,0,0,0,10,0.20075,0.99999,9999,-1,2656.2,19.141,0.22769,1.1507,0.98079,-0.97181,-22,0.0046899,1.2749,1,0.99996,0.98099,1,0.1963,3.5946e-05,0,0,0,0,0,0,0,0
0,0,0,0,0,0,0,0,1.4387,0.11652,0.42823,-1,-0.76223,0.0009792,-0.0006492,0,0,0,1.1668,-0.65014,-0.90052,-0.80816,2.2756,0.74773,0.42517,0,0,0,0,0,0,0,0,0,0,0,0,0,0,0,0,0,0,0,0,0,0,0,0,0,0,0,0,0,0,0,0,0,0,0,0,0,0,0.014545,1.4387,-1,0.9835,0,0,0,0,0,0,0,0,0,0,0,0
1.4447,0.095664,-0.83969,-1,0,0,0,0,0.63786,0.49612,-0.43111,-1,-0.00020567,-1.2115e-05,3.9672e-07,0,0,0,1.4934,999,999,999,1.6793,0.41128,0.14526,0.054022,0.095916,3.9672e-07,9999,1,1,849.61,6.6406,0.14526,0,0,0,0,0,0,0,0,1,1.4447,0.90529,-0.23594,0,0,0,0,0,10,0.095916,3.9672e-07,9999,1,849.61,6.6406,0.14526,1.4447,0.90529,-0.23594,2,0.0030509,1.4447,-1,0.90529,0.29238,-1,-1.2115e-05,-0.43498,0,0,0,0,0,0,0,0
0,0,0,0,0,0,0,0,1.5566,0.42135,0.43606,1,0.77684,0.050821,-1.1622e-05,0,0,0,1.6146,1.5566,-0.99837,-0.32575,0.13388,1.6843,0.40758,0.27142,0.22623,0.77684,9999,1,1,0,38.281,0.13388,0,0,0,0,0,0,0,0,1,999,999,999,0,0,0,0,0,0,0,0,0,0,0,0,0,0,0,0,0,0.011873,1.5566,1,0.99837,0.22828,-1,-1.1622e-05,-1.8128e-05,0,0,0,0,0,0,0,1
0,0,0,0,0,0,0,0,0.76134,1.2829,-0.40748,-1,-0.99884,0.0064685,-0.0016955,3,1,0.4993,1.1269,-0.53929,0.48043,-0.62301,0.38093,0.51691,0.79269,0.91788,0.11193,4.7292e-07,9999,0,1,712.89,6.0059,0.18876,0,0,0,0,0,0,0,0,1,0.76134,0.86422,-0.59614,0,0,0,0,0,10,0.11193,4.7292e-07,9999,1,712.89,6.0059,0.18876,0.76134,0.86422,-0.59614,2,0.004231,0.76134,-1,0.86422,-0.88431,-1,-0.99884,-0.77003,0,0,0,0,0,0,0,0
0,0,0,0,1.687,0.40796,-0.77924,1,0.35856,1.1134,-0.8053,-1,5.3161e-05,-3.7703e-06,1.5315e-06,0,0,0,1.6633,999,999,999,2.2126,0.31741,0.18112,0.34124,0.16397,1.5315e-06,9999,1,1,0,7.0312,0.18112,0,0,0,0,0,0,0,0,1,999,999,999,0,0,0,0,0,0,0,0,0,0,0,0,0,0,0,0,0,0.011393,1.687,1,0.99353,0.71461,-1,-3.7703e-06,-0.040938,0,0,0,0,0,0,0,1
0,0,0,0,1.0656,0.46067,-0.64952,1,0.096955,0.20665,-0.15318,-1,0.86224,0.029963,-3.1135e-06,0,0,0,1.1264,1.0656,0.89274,-0.079984,1.0636,1.4536,0.30301,0.91187,0.096955,4.0634e-07,9999,1,-1,800.78,5.7129,0.15176,0,0,0,0,0,0,0,0,1,1.0656,0.89274,-0.6495,0,0,0,0,0,10,0.096955,4.0634e-07,9999,-1,800.78,5.7129,0.15176,1.0656,0.89274,-0.6495,-2,0.021829,1.0656,1,0.89274,0.80928,1,0.86224,0.77595,0,0,0,0,0,0,0,1
0,0,0,0,0,0,0,0,1.0651,0.83114,-0.70651,1,0.00039315,-4.7142e-05,-1.1793e-05,3,1,0.49911,1.0232,999,999,999,0.93703,0.57585,0.51786,0.83208,0.11253,4.3367e-07,9999,1,-1,761.72,5.2734,0.16847,0,0,0,0,0,0,0,0,1,1.0651,0.93777,-0.91502,0,0,0,0,0,10,0.11253,4.3367e-07,9999,-1,761.72,5.2734,0.16847,1.0651,0.93777,-0.91502,-6,0.0056554,1.0651,1,0.93777,0.82455,1,9.5621e-06,0.66169,0,0,0,0,0,0,0,0
1.2259,0.25499,-0.9948,1,0,0,0,0,0.61295,0.19869,-0.93217,-1,0.027006,-0.00016981,0,0,0,0,1.3577,999,999,999,1.3322,0.77901,0,0,0,0,0,0,0,0,0,0,0,0,0,0,0,0,0,0,0,0,0,0,0,0,0,0,0,0,0,0,0,0,0,0,0,0,0,0,0,0.019516,1.2259,1,0.9857,0,0,0,0,0,0,0,0,0,0,0,1
0,0,0,0,0.86736,0.062598,-0.98292,1,0,0,0,0,9.4701e-05,4.0379e-07,0,1,0,0,0.77239,999,999,999,0.77351,0.15007,0,0,0,0,0,0,0,0,0,0,0,0,0,0,0,0,0,0,0,0,0,0,0,0,0,0,0,0,0,0,0,0,0,0,0,0,0,0,0,0.0023519,0.86736,1,0.93926,0,0,0,0,0,0,0,0,0,0,0,1
0,0,0,0,0,0,0,0,0.99962,0,0.3615,-1,-0.99844,0.95578,-0.018121,2,1,0.50059,1.2383,-0.99962,0.97036,-0.72447,0.49805,0.60417,1.1747,0.96415,0.20332,5.8132e-07,9999,0,-1,600.59,5.2734,0.23024,0,1,0,0,0,0,0,0,1,999,999,999,0,0,0,0,0,10,0.22827,8.4266e-07,9999,1,478.52,2.8564,0.28863,0.99962,0.97036,-0.022281,6,0.00057155,0.99962,-1,0.97036,0.60622,1,0.95578,0.50798,0,0,0,0,0,0,0,1
0,0,0,0,0,0,0,0,0.78814,0.83156,-0.64659,1,0.54587,0.015731,0.001515,1,1,0.49911,0.90436,0.60093,0.84673,-0.83779,0.7015,0.96871,0.46376,0.20153,0.21792,7.4163e-07,9999,1,-1,483.4,5.127,0.27033,0,0,0,0,0,0,0,0,1,0.78814,0.99936,-0.16625,0,0,0,0,0,10,0.21792,7.4163e-07,9999,-1,483.4,5.127,0.27033,0.78814,0.99936,-0.16625,-6,0.0068823,0.78814,1,0.99936,0.49229,1,0.001515,0.00040373,0,0,0,0,0,0,0,1
0,0,0,0,0,0,0,0,0.50566,0.4149,-0.063603,1,0.00086741,5.7368e-05,-6.9325e-07,0,0,0,0.75267,0.50566,-0.78176,-0.26035,0.9613,0.62017,0.25999,0,0,0,0,0,0,0,0,0,0,0,0,0,0,0,0,0,0,0,0,0,0,0,0,0,0,0,0,0,0,0,0,0,0,0,0,0,0,0.019064,0.6406,1,0.78595,0,0,0,0,0,0,0,0,0,0,0,1
0,0,0,0,0,0,0,0,0.57767,1.2369,0.84266,1,-0.99838,-0.00045003,0.00027326,2,0,0,0.67657,999,999,999,0.50125,0.61515,0.4636,0,0,0,0,0,0,0,0,0,0,0,0,0,0,0,0,0,0,0,0,0,0,0,0,0,0,0,0,0,0,0,0,0,0,0,0,0,0,0,0,0,0,0,0,0,0,0,0,0,0,0,0,0,1
0,0,0,0,1.2228,0,-0.97228,1,0.17792,0.30256,-0.36482,-1,0.055537,-0.00017412,-4.2379e-07,1,0,0,0.93753,999,999,999,1.8275,0.15584,0.16271,0.44611,0.17792,4.2379e-07,9999,1,-1,576.17,4.6875,0.16271,0,0,0,0,0,0,0,0,1,999,999,999,0,0,0,0,0,0,0,0,0,0,0,0,0,0,0,0,0,0.0010928,1.2228,1,0.97434,0.3641,1,0.055537,0.021515,0,0,0,0,0,0,0,1
0,0,0,0,0,0,0,0,0.83173,0.5642,0.28384,-1,0.9985,-0.0010062,-7.2941e-05,1,0,0,1.0028,999,999,999,0.49489,1.1902,0.66893,0.4418,0.060531,1.2149e-06,9999,0,1,0,27.734,0.080531,0,0,0,0,0,0,0,0,1,0.83173,0.80131,-0.87875,0,0,0,0,0,10,0.060531,1.2149e-06,9999,1,0,27.734,0.080531,0.83173,0.80131,-0.87875,6,0.0035903,0.83173,-1,0.80131,-0.87918,1,0.9985,0.13511,0,0,0,0,0,0,0,1
0,0,0,0,0,0,0,0,0.43557,0.11647,-0.57656,-1,0.9992,-7.5293e-07,0,0,0,0,0.47966,999,999,999,0.45341,0.27258,0,0,0,0,0,0,0,0,0,0,0,0,0,0,0,0,0,0,0,0,0,0,0,0,0,0,0,0,0,0,0,0,0,0,0,0,0,0,0,0.0066809,0.51195,1,0.64277,0,0,0,0,0,0,0,0,0,0,0,0
0,0,0,0,0,0,0,0,0.77446,0.99301,-0.65057,-1,0.96693,-0.019938,0.0014533,1,1,0.49896,1.159,999,999,999,0.95938,0.98536,0.44932,0,0,0,0,0,0,0,0,0,0,0,0,0,0,0,0,0,0,0,0,0,0,0,0,0,0,0,0,0,0,0,0,0,0,0,0,0,0,0.0011762,0.77446,-1,0.9377,0,0,0,0,0,0,0,0,0,0,0,1
0,0,0,0,0,0,0,0,0.33454,0.50836,0.65296,-1,-0.98,-3.0274e-05,5.4195e-06,0,0,0,0.88007,999,999,999,0.8242,0.50903,0.34507,0.96801,0.051637,1.2114e-06,9999,1,1,0,11.035,0.1002,0,0,0,0,0,0,0,0,1,999,999,999,0,0,0,0,0,0,0,0,0,0,0,0,0,0,0,0,0,0.00047845,0.70223,-1,0.86351,0.70948,-1,-0.98,-0.84588,0,0,0,0,0,0,0,0
0,0,0,0,0,0,0,0,1.0256,0.55351,-0.60231,-1,-0.0083095,0.0017797,-0.00023375,3,1,0.49699,1.3426,999,999,999,1.4304,0.92045,0.71439,0.48548,0.18705,5.9942e-07,9999,1,1,566.41,4.1016,0.23574,0,0,0,0,0,0,0,0,1,1.0256,0.96439,-0.50883,0,0,0,0,0,10,0.18705,5.9942e-07,9999,1,566.41,4.1016,0.23574,1.0256,0.96439,-0.50883,5,0.0022388,1.1505,1,0.75634,-0.46738,-1,-0.00023375,-0.012371,0,0,0,0,0,0,0,0
1.3684,0,0.024639,1,0,0,0,0,0.40851,0,-0.66211,1,0.9997,0.60585,-0.00010415,0,0,0,1.4059,1.3684,0.90897,-0.76226,0.39709,0.86301,0.54215,0.32973,0.19049,5.8426e-07,9999,1,-1,532.23,3.8574,0.23115,0,0,0,0,0,0,0,0,1,999,999,999,0,0,0,0,0,0,0,0,0,0,0,0,0,0,0,0,0,0.0016626,1.3684,1,0.90897,0.57048,1,0.9997,0.0053019,0,0,0,0,0,0,0,1
0,0,0,0,0,0,0,0,1.16,0.12018,-0.82402,1,0.92403,-0.00064312,-3.4844e-07,0,0,0,1.0784,999,999,999,1.626,0.45457,0.10592,0.28836,0.09942,3.4844e-07,9999,1,-1,2148.4,12.891,0.10592,0,0,0,0,0,0,0,0,1,999,999,999,0,0,0,0,0,0,0,0,0,0,0,0,0,0,0,0,0,5.2906e-05,1.16,1,0.87795,0.62269,1,0.92403,0.43126,0,0,0,0,0,0,0,1
0,0,0,0,0,0,0,0,0.48002,0.52372,-0.55173,-1,-6.4256e-05,-1.2105e-06,6.5605e-07,1,0,0,0.51825,999,999,999,0.63833,0.098401,0.25112,0,0,0,0,0,0,0,0,0,0,0,0,0,0,0,0,0,0,0,0,0,0,0,0,0,0,0,0,0,0,0,0,0,0,0,0,0,0,0,0,0,0,0,0,0,0,0,0,0,0,0,0,0,1
0,0,0,0,0,0,0,0,0.39773,0,0.38781,-1,-0.00084231,0.00017757,-5.2983e-05,1,0,0,0.59554,999,999,999,0.46294,0.12709,0.58848,0.75224,0.18962,8.5585e-07,9999,1,1,463.87,3.1738,0.29075,0,0,0,0,0,0,0,0,1,999,999,999,0,0,0,0,0,0,0,0,0,0,0,0,0,0,0,0,0,0.083903,0.52083,-1,0.57916,0.44784,-1,-0.00084231,-0.055169,0,0,0,0,0,0,0,0
0,0,0,0,0,0,0,0,0.83776,0.49627,-0.55841,1,0.42292,3.0953e-05,-1.5548e-05,0,0,0,0.97299,999,999,999,0.75479,0.512,0.43444,0.86864,0.085921,1.4467e-06,9999,1,-1,0,5.5664,0.16958,0,0,0,0,0,0,0,0,1,0.83776,0.9535,-0.91264,0,0,0,0,0,10,0.085921,1.4467e-06,9999,-1,0,5.5664,0.16958,0.83776,0.9535,-0.91264,-2,0.0071808,0.83776,1,0.9535,-0.91264,1,0.42292,0.7458,0,0,0,0,0,0,0,1
0,0,0,0,0,0,0,0,0.48713,2.4454,-0.89627,1,0.9999,9.6021e-06,-1.4871e-06,1,0,0,0.51895,999,999,999,0.30194,0.39109,0.35543,0.69971,0.093924,4.2056e-07,9999,0,-1,976.56,12.695,0.16076,0,0,0,0,0,0,0,0,1,999,999,999,0,0,0,0,0,0,0,0,0,0,0,0,0,0,0,0,0,0,0,0,0,0.39326,1,0.9999,0.65182,0,0,0,0,0,0,0,1
0,0,0,0,0,0,0,0,0.52353,0.20783,0.031609,1,0.98164,-0.00095604,2.3605e-06,3,1,0.49724,0.5036,999,999,999,0.74391,0.89863,0.39881,0,0,0,0,0,0,0,0,0,0,0,0,0,0,0,0,0,0,0,0,0,0,0,0,0,0,0,0,0,0,0,0,0,0,0,0,0,0,0.0052209,0.52353,1,0.91847,0,0,0,0,0,0,0,0,0,0,0,1
0,0,0,0,0,0,0,0,0.45828,0.65591,0.55545,-1,-0.00075367,5.1285e-05,-1.9406e-05,1,0,0,0.96381,999,999,999,0.98251,0.59519,0.45675,0.090905,0.14297,5.3981e-07,9999,1,-1,600.59,5.0293,0.2163,0,0,0,0,0,0,0,0,1,0.68487,0.79292,-0.6374,0,0,0,0,0,10,0.14297,5.3981e-07,9999,-1,600.59,5.0293,0.2163,0.68487,0.79292,-0.6374,-0,0.0023094,0.66756,-1,0.99702,0.53508,-1,-1.047e-05,-0.050495,0,0,0,0,0,0,0,1
0,0,0,0,0,0,0,0,2.0368,0.080186,-0.99129,1,-0.99829,0.96376,0.22585,1,1,0.4977,1.3517,999,999,999,0.38678,1.449,1.2194,0.19305,0.097836,4.014e-07,9999,1,-1,751.95,9.082,0.14847,0,0,0,0,0,0,0,0,1,999,999,999,0,0,0,0,0,0,0,0,0,0,0,0,0,0,0,0,0,0.013736,2.0368,1,0.98264,0.0078328,1,0.96376,0.43121,0,0,0,0,0,0,0,1
0,0,0,0,0,0,0,0,0.22757,0.11254,0.16813,-1,-0.99664,0.00015011,-3.7277e-06,1,0,0,0.8168,999,999,999,0.56137,0.73137,0.31655,0.71227,0.22757,4.1808e-07,9999,1,-1,634.77,3.2715,0.15924,0,0,0,0,0,0,0,0,1,999,999,999,0,0,0,0,0,0,0,0,0,0,0,0,0,0,0,0,0,0.011574,0.67848,-1,0.72624,0.75759,1,2.5706e-06,0.0016597,0,0,0,0,0,0,0,0
0,0,0,0,0,0,0,0,0.38322,0.26651,0.3499,-1,-6.5502e-05,7.1841e-06,-2.7677e-06,2,1,0.50099,0.53473,999,999,999,0.60568,0.36724,0.29417,0,0,0,0,0,0,0,0,0,0,0,0,0,0,0,0,0,0,0,0,0,0,0,0,0,0,0,0,0,0,0,0,0,0,0,0,0,0,0,0,0,0,0,0,0,0,0,0,0,0,0,0,0,1
0,0,0,0,0,0,0,0,0.37577,0,0.88051,-1,-0.96211,0.0080101,-1.0064e-05,0,0,0,1.0506,999,999,999,0.99849,0.76,0.39508,0,0,0,0,0,0,0,0,0,0,0,0,0,0,0,0,0,0,0,0,0,0,0,0,0,0,0,0,0,0,0,0,0,0,0,0,0,0,0.011616,0.89186,-1,0.73485,0,0,0,0,0,0,0,0,0,0,0,0
0,0,0,0,0,0,0,0,0.49389,1.3357,-0.68255,1,0.00043889,1.8366e-05,-1.0994e-05,2,0,0,0.70857,999,999,999,0.64373,0.45102,0.40271,0.96625,0.16107,3.2265e-06,9999,1,-1,0,4.9805,0.27548,0,0,0,0,0,0,0,0,1,999,999,999,0,0,0,0,0,0,0,0,0,0,0,0,0,0,0,0,0,0,0,0,0,0.27544,1,0.00043889,0.79739,0,0,0,0,0,0,0,0
0,0,0,0,0,0,0,0,0.74508,1.272,0.20806,-1,0.97337,-0.95545,1.3348e-05,0,0,0,0.97794,999,999,999,0.56671,1.1273,0.42008,0.46658,0.24131,4.5992e-07,9999,1,-1,615.23,4.3457,0.18245,0,0,0,0,0,0,0,0,1,999,999,999,0,0,0,0,0,0,0,0,0,0,0,0,0,0,0,0,0,0.01106,0.74508,-1,0.71326,0.10859,1,0.97337,0.00015156,0,0,0,0,0,0,0,1
0,0,0,0,0,0,0,0,0.77259,1.0598,-0.73809,-1,-0.99377,-0.98387,0.20013,1,0,0,0.90829,-0.60666,-0.99514,-0.74115,0.63163,0.71948,1.2536,0.51943,0.21842,4.8085e-07,9999,1,1,683.59,4.1504,0.19244,0,0,0,0,0,0,0,0,1,0.77259,0.79115,-0.0055706,0,0,0,0,0,10,0.21842,4.8085e-07,9999,1,683.59,4.1504,0.19244,0.77259,0.79115,-0.0055706,0,0.0061314,0.77259,-1,0.79115,-0.0055706,-1,-0.99377,-0.001045,0,0,0,0,0,0,0,0
0,0,0,0,1.3982,0.57136,-0.91888,1,0.51056,0.042072,0.83427,-1,0.9987,0.00039001,-8.7188e-05,0,0,0,1.2884,999,999,999,0.48555,1.0486,0.75191,0,0,0,0,0,0,0,0,0,0,0,0,0,0,0,0,0,0,0,0,0,0,0,0,0,0,0,0,0,0,0,0,0,0,0,0,0,0,0.0037773,1.3982,1,0.81728,0,0,0,0,0,0,0,0,0,0,0,1
0,0,0,0,0,0,0,0,1.2365,1.0337,-0.91193,1,0.56142,0.10777,0.044477,0,0,0,1.5757,1.2365,-0.95722,-0.9388,1.7701,0.73376,1.102,0,0,0,0,0,0,0,0,0,0,0,0,0,0,0,0,0,0,0,0,0,0,0,0,0,0,0,0,0,0,0,0,0,0,0,0,0,0,0.0088885,1.2365,1,0.95722,0,0,0,0,0,0,0,0,0,0,0,1
0,0,0,0,0,0,0,0,0.43613,0.040538,0.10935,-1,-0.00080024,1.7372e-05,-1.2554e-05,0,1,0.50019,0.93803,999,999,999,0.68088,0.44537,0.41448,0,0,0,0,0,0,0,0,0,0,0,0,0,0,0,0,0,0,0,0,0,0,0,0,0,0,0,0,0,0,0,0,0,0,0,0,0,0,0.0041287,0.75099,-1,0.6211,0,0,0,0,0,0,0,0,0,0,0,0
0,0,0,0,0,0,0,0,0.42357,0.049767,0.47947,-1,0.57629,-7.9012e-05,-1.0063e-05,0,0,0,1.3537,999,999,999,1.3819,0.63529,0.39503,0,0,0,0,0,0,0,0,0,0,0,0,0,0,0,0,0,0,0,0,0,0,0,0,0,0,0,0,0,0,0,0,0,0,0,0,0,0,0.00062798,1.2234,1,0.78919,0,0,0,0,0,0,0,0,0,0,0,1
0,0,0,0,0,0,0,0,0.7417,0.69999,-0.47254,-1,0.00056625,-8.2474e-05,1.0102e-05,1,0,0,0.83788,0.54592,-0.7539,-0.28804,0.95702,0.63675,0.39541,0.97905,0.061669,1.21e-06,9999,1,1,0,16.016,0.088275,0,0,0,0,0,0,0,0,1,0.7417,0.78634,-0.67141,0,0,0,0,0,10,0.061669,1.21e-06,9999,1,0,16.016,0.088275,0.7417,0.78634,-0.67141,2,0.0007873,0.7417,-1,0.78634,0.80617,-1,-1.6974e-06,-0.8628,0,0,0,0,0,0,0,0
0,0,0,0,0,0,0,0,0.7748,0.80061,-0.79892,1,0.18071,-0.010471,-6.4388e-05,1,0,0,1.1792,999,999,999,1.2198,1.2837,0.10938,0.32224,0.086846,6.4388e-05,9999,0,-1,10000,10.742,0.10938,0,0,0,0,0,0,0,0,1,0.7748,0.56037,-0.7934,0,0,0,0,0,10,0.086846,6.4388e-05,9999,-1,10000,10.742,0.10938,0.7748,0.56037,-0.7934,-0,0.010282,1.0682,-1,0.85859,-0.7934,1,0.18071,0.51379,0,0,0,0,0,0,0,1
0,0,0,0,0,0,0,0,0.33143,0.37126,-0.21115,1,0.00050407,5.3338e-06,-2.1344e-06,3,1,0.50111,0.41003,999,999,999,0.59352,0.34384,0.27459,0,0,0,0,0,0,0,0,0,0,0,0,0,0,0,0,0,0,0,0,0,0,0,0,0,0,0,0,0,0,0,0,0,0,0,0,0,0,0,0,0,0,0,0,0,0,0,0,0,0,0,0,0,1
0,0,0,0,1.6993,0.4666,-0.98793,-1,0.50594,0.31169,0.18609,1,-0.024142,0.0001139,0,0,0,0,1.422,999,999,999,1.368,0.71117,0,0,0,0,0,0,0,0,0,0,0,0,0,0,0,0,0,0,0,0,0,0,0,0,0,0,0,0,0,0,0,0,0,0,0,0,0,0,0,0.001593,1.6993,-1,0.91805,0,0,0,0,0,0,0,0,0,0,0,0
0,0,0,0,0,0,0,0,0.50963,0.64955,-0.99004,1,0.99013,-0.29427,-4.0501e-05,3,1,0.49167,0.72327,999,999,999,0.69838,1.217,0.5517,0.97688,0.15591,4.6427e-07,9999,0,-1,673.83,4.6387,0.1846,0,0,0,0,0,0,0,0,1,0.50963,0.95209,-0.97975,0,0,0,0,0,10,0.15591,4.6427e-07,9999,-1,673.83,4.6387,0.1846,0.50963,0.95209,-0.97975,-2,0.032982,0.50963,1,0.95209,-0.97975,1,0.99013,0.8401,0,0,0,0,0,0,0,1
0,0,0,0,0,0,0,0,0.88479,1.1965,-0.93394,1,0.96445,0.015217,0.0004297,2,0,0,1.0615,999,999,999,0.9923,0.87622,0.34496,0.39163,0.17398,6.7294e-07,9999,1,-1,473.63,4.3457,0.25525,0,0,0,0,0,0,0,0,1,0.88479,0.75359,-0.30758,0,0,0,0,0,10,0.17398,6.7294e-07,9999,-1,473.63,4.3457,0.25525,0.88479,0.75359,-0.30758,-0,0.017912,0.88479,1,0.75359,-0.30758,1,0.96445,0.024065,0,0,0,0,0,0,0,1
0,0,0,0,0,0,0,0,0.5041,0.78147,-0.53631,1,-0.00033991,0.00013888,1.231e-05,0,0,0,0.81214,999,999,999,0.77155,0.69384,0.52072,0.081796,0.11803,4.2037e-07,9999,1,-1,761.72,6.9336,0.16065,0,0,0,0,0,0,0,0,1,999,999,999,0,0,0,0,0,0,0,0,0,0,0,0,0,0,0,0,0,0.0051125,0.6211,-1,0.76927,0.34351,1,0.00013888,0.24,0,0,0,0,0,0,0,1
0,0,0,0,0,0,0,0,0.6979,0.14261,-0.82945,-1,-0.00064743,8.8372e-06,-5.0822e-06,0,0,0,0.81858,999,999,999,0.91913,0.38413,0.34011,0,0,0,0,0,0,0,0,0,0,0,0,0,0,0,0,0,0,0,0,0,0,0,0,0,0,0,0,0,0,0,0,0,0,0,0,0,0,0.012824,0.6979,-1,0.99277,0,0,0,0,0,0,0,0,0,0,0,0
0,0,0,0,0,0,0,0,1.0186,0.36627,-0.96318,1,0.0012881,1.7118e-05,-3.4882e-07,1,0,0,0.86361,999,999,999,0.8283,0.54256,0.10629,0.9544,0.10537,3.4085e-07,9999,0,-1,1582,14.062,0.098433,0,0,0,0,0,0,0,0,1,999,999,999,0,0,0,0,0,0,0,0,0,0,0,0,0,0,0,0,0,0.00071251,1.0186,1,0.93965,0.79541,1,0.0012881,0.83288,0,0,0,0,0,0,0,1
0,0,0,0,0,0,0,0,2.0199,0,-0.95118,1,0.46816,-1.9967e-05,0,0,0,0,1.2216,999,999,999,3.2589,0.45968,0,0,0,0,0,0,0,0,0,0,0,0,0,0,0,0,0,0,0,0,0,0,0,0,0,0,0,0,0,0,0,0,0,0,0,0,0,0,0,0.015827,2.0199,1,0.99558,0,0,0,0,0,0,0,0,0,0,0,1
0,0,0,0,0,0,0,0,1.2751,0.21446,-0.81235,-1,-0.5818,0.00018311,2.7665e-05,1,0,0,0.94027,999,999,999,2.0444,0.20121,0.49737,0.069182,0.12531,0.00018311,9999,1,1,561.52,0,0.20121,0,0,0,0,0,0,0,0,1,1.2751,0.94177,-0.25016,0,0,0,0,0,10,0.12531,0.00018311,9999,1,561.52,0,0.20121,1.2751,0.94177,-0.25016,5,0.028018,1.2751,-1,0.94177,-0.25016,-1,-0.5818,-0.17261,0,0,0,0,0,0,0,0
0,0,0,0,0,0,0,0,0.89582,0.051992,-0.62908,-1,-0.65107,3.9372e-06,0,0,0,0,0.66879,999,999,999,1.4523,0.32068,0,0,0,0,0,0,0,0,0,0,0,0,0,0,0,0,0,0,0,0,0,0,0,0,0,0,0,0,0,0,0,0,0,0,0,0,0,0,0,0.00071526,0.89582,-1,0.84034,0,0,0,0,0,0,0,0,0,0,0,0
1.4123,0,-0.9921,1,0,0,0,0,0.43884,0.067713,-0.91662,-1,0.0002777,-6.2209e-06,0,0,0,0,0.88845,999,999,999,0.97913,0.35582,0,0,0,0,0,0,0,0,0,0,0,0,0,0,0,0,0,0,0,0,0,0,0,0,0,0,0,0,0,0,0,0,0,0,0,0,0,0,0,0.0087525,1.4123,1,0.9711,0,0,0,0,0,0,0,0,0,0,0,1
0,0,0,0,1.8673,0.11623,-0.99914,1,0.12225,0.11623,-0.44247,-1,0.013153,-2.0055e-06,0,1,1,0.49665,1.3756,999,999,999,2.8642,0.22288,0,0.50372,0.12225,2.0055e-06,9999,0,-1,0,6.0547,0.22288,0,0,0,0,0,0,0,0,1,999,999,999,0,0,0,0,0,0,0,0,0,0,0,0,0,0,0,0,0,0.009789,1.8673,1,0.99383,0.40887,1,0.013153,0.32737,0,0,0,0,0,0,0,1
0,0,0,0,0.88722,0.67685,-0.85701,1,1.0749,0.15483,-0.72839,-1,-0.83164,-0.023358,0.0013918,0,0,0,1.3768,-1.0749,0.86138,-0.61463,0.60628,1.3352,1.1669,0,0,0,0,0,0,0,0,0,0,0,0,0,0,0,0,0,0,0,0,0,0,0,0,0,0,0,0,0,0,0,0,0,0,0,0,0,0,0.0015158,1.0749,-1,0.86138,0,0,0,0,0,0,0,0,0,0,0,0
0,0,0,0,0,0,0,0,1.3874,0.5514,-0.84506,1,0.037383,-6.4687e-05,6.1473e-07,0,0,0,1.5212,999,999,999,1.7265,0.64174,0.24015,0.76932,0.19768,6.1473e-07,9999,1,1,693.36,3.5156,0.24015,0,0,0,0,0,0,0,0,1,999,999,999,0,0,0,0,0,0,0,0,0,0,0,0,0,0,0,0,0,0.013735,1.3874,1,0.93672,0.083391,-1,-6.4687e-05,-0.038577,0,0,0,0,0,0,0,0
1.7707,0.68037,-0.99494,-1,0,0,0,0,0.15635,0.16252,0.70511,1,0.97913,-0.060759,-8.1284e-06,2,0,0,1.6388,999,999,999,0.2649,1.5899,0.49261,0.91523,0.083262,1.2696e-06,9999,0,1,0,10.938,0.1325,0,0,0,0,0,0,0,0,1,1.7707,0.98469,-0.89941,0,0,0,0,0,10,0.083262,1.2696e-06,9999,1,0,10.938,0.1325,1.7707,0.98469,-0.89941,2,0.0040607,1.7707,-1,0.98469,-0.89941,-1,-0.060759,-0.78802,0,0,0,0,0,0,0,0
0,0,0,0,0,0,0,0,1.8673,0,-0.87385,1,0.0028865,-0.00042534,-0.00021307,2,2,0.49298,1.8966,999,999,999,1.6485,1.6217,0.24555,0,0,0,0,0,0,0,0,0,0,0,0,0,0,0,0,0,0,0,0,0,0,0,0,0,0,0,0,0,0,0,0,0,0,0,0,0,0,0.037195,1.8673,1,0.99933,0,0,0,0,0,0,0,0,0,0,0,0
0,0,0,0,0,0,0,0,1.5246,0.67637,-0.018551,1,0.050867,0.0002936,-2.6884e-05,2,0,0,1.6906,0.68046,0.79712,-0.57735,1.825,0.98174,0.49379,0.83762,0.16763,7.8005e-07,9999,0,-1,498.05,4.5898,0.27776,0,0,0,0,0,0,0,0,1,1.5246,0.94125,-0.60477,0,0,0,0,0,10,0.16763,7.8005e-07,9999,-1,498.05,4.5898,0.27776,1.5246,0.94125,-0.60477,-5,0.0115,1.5246,1,0.94125,0.96275,1,0.0002936,0.33416,0,0,0,0,0,0,0,1
0,0,0,0,0,0,0,0,0.7353,0.6691,-0.85357,1,-0.001258,4.9812e-05,9.3912e-07,1,1,0.49865,0.64701,999,999,999,0.44699,0.57408,0.30301,0.70586,0.14748,4.6685e-07,9999,0,-1,703.12,5.2734,0.18586,0,0,0,0,0,0,0,0,1,999,999,999,0,0,0,0,0,0,0,0,0,0,0,0,0,0,0,0,0,0.004142,0.7353,1,0.69259,0.33483,1,4.9812e-05,0.16313,0,0,0,0,0,0,0,1
0,0,0,0,0,0,0,0,1.5581,0.53774,-0.74428,-1,0.92301,-0.067553,1.8509e-06,0,0,0,1.1661,999,999,999,1.0834,1.1183,0.21193,0.98409,0.11887,1.8509e-06,9999,1,1,0,3.8574,0.21193,0,0,0,0,0,0,0,0,1,1.5581,0.97573,-0.98513,0,0,0,0,0,10,0.11887,1.8509e-06,9999,1,0,3.8574,0.21193,1.5581,0.97573,-0.98513,2,5.1616e-05,1.5581,-1,0.97573,-0.98513,-1,-0.067553,-0.88143,0,0,0,0,0,0,0,0
0,0,0,0,0,0,0,0,0.59905,0.86983,0.26387,1,-0.00032313,5.7661e-05,4.1824e-05,1,0,0,0.85376,999,999,999,0.7081,0.62418,0.55764,0.54889,0.13645,2.2404e-06,9999,1,-1,0,3.6133,0.23671,0,0,0,0,0,0,0,0,1,0.59905,0.8714,-0.85319,0,0,0,0,0,10,0.13645,2.2404e-06,9999,-1,0,3.6133,0.23671,0.59905,0.8714,-0.85319,-4,0.023257,0.59905,1,0.8714,0.42627,1,5.7661e-05,0.23728,0,0,0,0,0,0,0,0
0,0,0,0,0,0,0,0,0.71436,0.91098,-0.99392,1,0.97939,-0.97899,-0.0022812,0,0,0,1.0381,999,999,999,0.83519,0.75666,0.88974,0.79941,0.21366,4.968e-07,9999,1,1,625,4.248,0.19946,0,0,0,0,0,0,0,0,1,999,999,999,0,0,0,0,0,0,0,0,0,0,0,0,0,0,0,0,0,0.0035599,0.71436,1,0.97098,0.66804,-1,-0.97899,-0.016997,0,0,0,0,0,0,0,0
0,0,0,0,0,0,0,0,1.2383,0.046229,-0.31701,1,0.97982,0.0696,-1.4934e-05,0,0,0,1.3254,1.2383,-0.74667,-0.46275,0.77155,1.558,0.43044,0,0,0,0,0,0,0,0,0,0,0,0,0,0,0,0,0,0,0,0,0,0,0,0,0,0,0,0,0,0,0,0,0,0,0,0,0,0,6.6563e-05,1.2383,1,0.74667,0,0,0,0,0,0,0,0,0,0,0,1
0,0,0,0,0,0,0,0,0.57161,0.68096,0.8313,1,-0.99933,0.80391,0.68073,3,0,0,0.75574,999,999,999,0.35751,0.16121,0.91082,0.97968,0.15154,6.5382e-07,9999,0,-1,566.41,4.7363,0.25056,1,0,0.17182,-1.0705,3.9673,0.011956,0.26006,0.80899,1,0.61085,0.9601,-0.9663,0,0,0,0,0,10,0.15154,6.5382e-07,9999,-1,566.41,4.7363,0.25056,0.61085,0.9601,-0.9663,-5,0.0071049,0.61085,1,0.9601,0.99414,1,0.68073,0.85383,0,0,0,0,0,0,0,1
1.0621,0.26289,-0.72917,-1,0,0,0,0,0.7964,0.66139,-0.88606,1,0.10084,0.097991,-0.079833,0,0,0,1.2603,0.66139,0.83934,-0.12669,1.1203,0.96167,0.86509,0.98077,0.22278,4.8576e-07,9999,1,-1,468.75,6.3477,0.19465,0,0,0,0,0,0,0,0,1,0.66139,0.83934,-0.90755,0,0,0,0,0,10,0.22278,4.8576e-07,9999,-1,468.75,6.3477,0.19465,0.66139,0.83934,-0.90755,-2,0.016488,1.0621,-1,0.95473,0.44182,1,0.10084,0.37083,0.66139,0,0.42705,1,2,0.016859,0.83934,1
0.79535,0.28373,-0.64691,1,0,0,0,0,0.61932,0.1948,-0.25485,-1,0.016156,0.00068296,-0.00010423,0,0,0,0.90651,0.79535,-0.91735,-0.3381,0.79599,0.59081,0.31283,0.46475,0.24703,4.844e-06,9999,1,-1,502.93,4.0527,0.33643,0,0,0,0,0,0,0,0,1,999,999,999,0,0,0,0,0,0,0,0,0,0,0,0,0,0,0,0,0,0.0011538,0.79535,1,0.91735,0.42118,1,0.016156,0.00010364,0.79535,0.28373,-0.64691,1,1,0.0011538,0.91735,1
0,0,0,0,0,0,0,0,0.74048,0.64778,-0.504,-1,-0.9948,0.96913,0.62809,1,0,0,1.2391,-0.74048,-0.84349,-0.63829,0.47051,0.84987,0.5041,0.87247,0.084347,1.3823e-06,9999,1,1,0,6.25,0.15898,0,0,0,0,0,0,0,0,1,0.74048,0.84349,-0.9407,0,0,0,0,0,10,0.084347,1.3823e-06,9999,1,0,6.25,0.15898,0.74048,0.84349,-0.9407,4,0.0038194,0.74048,-1,0.84349,0.85224,-1,-0.9948,-0.75022,0,0,0,0,0,0,0,1
0,0,0,0,0,0,0,0,0.71858,0.389,-0.26293,-1,0.029037,0.00037653,-4.6511e-05,0,1,0.49865,0.99579,0.62813,0.3085,-0.24305,0.93947,0.9477,0.57612,0,0,0,0,0,0,0,0,0,0,0,0,0,0,0,0,0,0,0,0,0,0,0,0,0,0,0,0,0,0,0,0,0,0,0,0,0,0,0.023245,0.71858,-1,0.91977,0,0,0,0,0,0,0,0,0,0,0,1
0,0,0,0,0,0,0,0,1.6418,0.61517,0.25465,-1,-0.0085593,-0.00030493,1.1448e-05,0,0,0,1.9648,-1.3337,0.99447,-0.98545,1.5039,1.7994,0.40625,0,0,0,0,0,0,0,0,0,0,0,0,0,0,0,0,0,0,0,0,0,0,0,0,0,0,0,0,0,0,0,0,0,0,0,0,0,0,0.00075156,1.6418,-1,0.98809,0,0,0,0,0,0,0,0,0,0,0,0
0,0,0,0,0,0,0,0,1.4791,0.15913,-0.69198,-1,-0.029534,0.00040284,-3.588e-05,0,1,0.49806,1.5939,-0.55894,0.61069,-0.52804,1.4596,0.82273,0.53304,0.56221,0.22129,4.9652e-07,9999,1,1,576.17,5.127,0.19934,1,0,0.98749,-0.1983,-1.4653,0.10404,0.041196,0.0051729,1,1.4791,0.9948,-0.47877,0,0,0,0,0,10,0.22129,4.9652e-07,9999,1,576.17,5.127,0.19934,1.4791,0.9948,-0.47877,0,0.0073905,1.4791,-1,0.9948,0.99296,-1,-3.588e-05,-0.00097877,0,0,0,0,0,0,0,1
0,0,0,0,0,0,0,0,0.62169,0.92739,-0.83731,-1,-0.00057066,-3.6222e-06,4.134e-07,1,0,0,0.6963,999,999,999,0.66562,0.31439,0.15632,0.81087,0.12945,4.134e-07,9999,1,1,444.34,10.84,0.15632,0,0,0,0,0,0,0,0,1,999,999,999,0,0,0,0,0,0,0,0,0,0,0,0,0,0,0,0,0,0,0,0,0,0.54485,-1,-0.00057066,-0.5644,0,0,0,0,0,0,0,0
0.94249,0,-0.1396,1,0,0,0,0,0.62832,0.39516,-0.55049,-1,0.95925,0.012382,-2.0242e-06,1,0,0,1.0567,999,999,999,0.62585,1.3392,0.38514,0,0,0,0,0,0,0,0,0,0,0,0,0,0,0,0,0,0,0,0,0,0,0,0,0,0,0,0,0,0,0,0,0,0,0,0,0,0,0.013456,0.94249,1,0.99356,0,0,0,0,0.94249,0,-0.1396,1,1,0.013456,0.99356,1
0,0,0,0,0,0,0,0,0.34721,2.0507,-0.93611,-1,-0.96141,0.00084814,1.9484e-05,0,0,0,0.91108,999,999,999,0.82118,0.5964,0.55111,0.29044,0.16003,7.787e-07,9999,1,-1,546.88,5.3223,0.27751,0,0,0,0,0,0,0,0,1,0.71054,0.92755,-0.056359,0,0,0,0,0,10,0.16003,7.787e-07,9999,-1,546.88,5.3223,0.27751,0.71054,0.92755,-0.056359,-0,0.0038668,0.71054,1,0.92755,-0.77439,-1,-0.96141,-0.0022291,0,0,0,0,0,0,0,0
0,0,0,0,0,0,0,0,0.70376,0.77454,0.73396,1,-0.96382,0.011601,8.2753e-05,0,0,0,1.16,-0.60812,-0.60391,-0.091138,0.58214,1.1098,0.74625,0,0,0,0,0,0,0,0,0,0,0,0,0,0,0,0,0,0,0,0,0,0,0,0,0,0,0,0,0,0,0,0,0,0,0,0,0,0,0.0090218,0.67416,1,0.65907,0,0,0,0,0,0,0,0,0,0,0,0
0,0,0,0,0,0,0,0,0.7045,1.2136,-0.55812,-1,0.99813,-6.8121e-05,7.1596e-06,2,0,0,0.85437,999,999,999,0.51209,0.66292,0.36696,0.36621,0.14994,1.7623e-06,9999,1,-1,0,6.7383,0.20473,0,0,0,0,0,0,0,0,1,999,999,999,0,0,0,0,0,0,0,0,0,0,0,0,0,0,0,0,0,0.0041543,0.7045,-1,0.75209,0.92598,1,0.99813,0.099203,0,0,0,0,0,0,0,1
0,0,0,0,0,0,0,0,0.87202,0.91271,-0.69235,1,-0.9809,0.51016,1.1193e-05,3,1,0.49836,0.79776,999,999,999,0.56535,1.4778,0.51436,0.14362,0.19137,8.227e-07,9999,0,1,585.94,4.0039,0.28531,0,1,0,0,0,0,0,0,1,0.74784,0.64188,-0.4525,0,0,0,0,0,10,0.19137,8.227e-07,9999,1,585.94,4.0039,0.28531,0.74784,0.64188,-0.4525,9,0.028796,0.74784,-1,0.64188,-0.4525,-1,-0.9809,-0.0021678,0,0,0,0,0,0,0,0
0,0,0,0,0,0,0,0,1.4064,0.28862,-0.97101,-1,-0.9776,5.906e-07,0,0,0,0,0.57091,999,999,999,0.85287,0.2331,0,0.15902,0.19051,5.906e-07,9999,1,1,673.83,5.0781,0.2331,0,0,0,0,0,0,0,0,1,1.4064,0.98631,-0.27607,0,0,0,0,0,10,0.19051,5.906e-07,9999,1,673.83,5.0781,0.2331,1.4064,0.98631,-0.27607,8,0.021875,1.4064,-1,0.98631,-0.27607,-1,-0.9776,-0.0024827,0,0,0,0,0,0,0,0
0.91537,0.77203,-0.99706,-1,0,0,0,0,0,0,0,0,0.096431,-0.022066,8.2618e-05,2,1,0.49963,0.85663,999,999,999,0.7204,1.4504,0.60304,0,0,0,0,0,0,0,0,0,0,0,0,0,0,0,0,0,0,0,0,0,0,0,0,0,0,0,0,0,0,0,0,0,0,0,0,0,0,0.0088617,0.91537,-1,0.71212,0,0,0,0,0.62516,0.14687,-0.2104,1,2,0.020576,0.84662,0
0,0,0,0,0,0,0,0,1.7636,0.20065,-0.13305,-1,0.99716,0.36456,-0.097858,1,0,0,2.5947,999,999,999,0.54627,2.0967,2.2059,0.87481,0.068098,1.3074e-06,9999,0,-1,0,6.9336,0.14319,0,0,0,0,0,0,0,0,1,1.8908,0.90778,-0.74675,0,0,0,0,0,10,0.068098,1.3074e-06,9999,-1,0,6.9336,0.14319,1.8908,0.90778,-0.74675,-2,0.011144,1.8908,1,0.90778,-0.74675,1,0.36456,0.76566,0,0,0,0,0,0,0,1
0,0,0,0,0,0,0,0,0.88366,0.46646,-0.0036112,1,0.99855,0.43622,-1.7499e-06,1,0,0,1.0259,1.0194,0.94676,-0.55646,0.49367,1.3459,0.25944,0.6677,0.23557,1.7499e-06,9999,1,-1,507.81,3.4668,0.25944,0,0,0,0,0,0,0,0,1,0.88366,0.75972,-0.21107,0,0,0,0,0,10,0.23557,1.7499e-06,9999,-1,507.81,3.4668,0.25944,0.88366,0.75972,-0.21107,-5,0.015852,1.0194,1,0.94676,-0.21107,1,0.99855,0.0005417,0,0,0,0,0,0,0,1
0,0,0,0,0,0,0,0,1.7819,0,-0.080616,-1,-0.020978,-0.0003393,2.219e-06,0,0,0,2.0064,-1.7819,0.98052,-0.98526,0.89627,2.0525,0.23557,0.49825,0.20637,7.8725e-07,9999,1,1,488.28,4.0527,0.27908,0,0,0,0,0,0,0,0,1,1.7819,0.98052,-0.5955,0,0,0,0,0,10,0.20637,7.8725e-07,9999,1,488.28,4.0527,0.27908,1.7819,0.98052,-0.5955,0,0.0053099,1.7819,-1,0.98052,0.49847,-1,-0.020978,-0.0026777,0,0,0,0,0,0,0,0
0,0,0,0,0,0,0,0,0.8672,0.80415,-0.19362,1,-0.99705,0.21318,-0.00057776,0,0,0,1.1573,999,999,999,0.55032,1.192,0.55828,0,0,0,0,0,0,0,0,0,0,0,0,0,0,0,0,0,0,0,0,0,0,0,0,0,0,0,0,0,0,0,0,0,0,0,0,0,0,0.0042773,0.8672,1,0.79314,0,0,0,0,0,0,0,0,0,0,0,0
0.49514,1.1277,-0.99052,-1,0,0,0,0,1.0668,0.051844,0.28189,1,-0.17407,0.047089,0,1,0,0,1.0436,999,999,999,0.58475,1.5399,0,0,0,0,0,0,0,0,0,0,0,0,0,0,0,0,0,0,0,0,0,0,0,0,0,0,0,0,0,0,0,0,0,0,0,0,0,0,0,0.016856,1.0668,1,0.88281,0,0,0,0,0.49514,1.1277,-0.99052,-1,1,0.12247,0.74192,1
0,0,0,0,0,0,0,0,1.3752,0.60861,-0.035103,-1,-0.99567,-0.55809,-0.050356,0,0,0,1.7751,-1.1596,-0.97191,-0.9575,0.42632,1.4232,1.959,0,0,0,0,0,0,0,0,0,0,0,0,0,0,0,0,0,0,0,0,0,0,0,0,0,0,0,0,0,0,0,0,0,0,0,0,0,0,0.013565,1.3752,-1,0.91234,0,0,0,0,0,0,0,0,0,0,0,0
0,0,0,0,0,0,0,0,0.94212,0,0.49707,1,-0.067779,0.054149,-0.026081,0,0,0,1.896,-1.0823,0.66941,-0.41363,1.8201,1.0621,1.4572,0,0,0,0,0,0,0,0,0,0,0,0,0,0,0,0,0,0,0,0,0,0,0,0,0,0,0,0,0,0,0,0,0,0,0,0,0,0,0.0089828,1.3319,-1,0.89496,0,0,0,0,0,0,0,0,0,0,0,0
1.2544,0.81525,-0.95022,-1,0,0,0,0,0.55337,0,0.79578,1,-0.00019909,9.4462e-05,0,0,0,0,0.85162,999,999,999,0.84763,0.72289,0,0,0,0,0,0,0,0,0,0,0,0,0,0,0,0,0,0,0,0,0,0,0,0,0,0,0,0,0,0,0,0,0,0,0,0,0,0,0,0.018405,1.2544,-1,0.8701,0,0,0,0,0,0,0,0,0,0,0,0
0,0,0,0,0,0,0,0,1.4032,1.2353,-0.61171,-1,-0.071451,0.025683,0.0001197,0,0,0,1.6167,-0.65287,-0.99322,-0.93611,1.9939,1.38,0.36989,0.98894,0.13387,5.0718e-07,9999,1,-1,615.23,4.8828,0.20378,0,0,0,0,0,0,0,0,1,0.92007,0.52324,-0.39492,0,0,0,0,0,10,0.13387,5.0718e-07,9999,-1,615.23,4.8828,0.20378,0.92007,0.52324,-0.39492,-2,0.0023291,1.4032,-1,0.95701,-0.39492,1,0.025683,0.88714,0,0,0,0,0,0,0,1
0.60822,0.71508,0.98817,-1,0,0,0,0,0.88805,0.57515,-0.51887,-1,0.97944,-0.97796,0.00060566,1,0,0,1.2061,999,999,999,0.83817,0.67626,0.3511,0,0,0,0,0,0,0,0,0,0,0,0,0,0,0,0,0,0,0,0,0,0,0,0,0,0,0,0,0,0,0,0,0,0,0,0,0,0,0.0018374,0.88805,-1,0.93887,0,0,0,0,0.60822,0.71508,0.98817,-1,1,0.037581,0.81386,0
0,0,0,0,0,0,0,0,0.39941,1.8033,-0.91289,-1,-0.99999,-2.994e-05,4.7039e-06,1,0,0,0.66018,999,999,999,0.24082,0.50755,0.33419,0.74815,0.057169,1.2485e-06,9999,0,-1,0,9.082,0.12486,0,0,0,0,0,0,0,0,1,999,999,999,0,0,0,0,0,0,0,0,0,0,0,0,0,0,0,0,0,0,0,0,0,-0.65674,-1,-0.99999,-0.17282,0,0,0,0,0,0,0,0
0,0,0,0,0,0,0,0,1.0472,2.0208,-0.98462,1,-0.99989,0.91125,-6.1486e-05,0,0,0,1.2067,999,999,999,0.34832,1.4487,0.61935,0.36335,0.13826,2.2678e-06,9999,1,-1,0,2.7344,0.23816,0,0,0,0,0,0,0,0,1,999,999,999,0,0,0,0,0,0,0,0,0,0,0,0,0,0,0,0,0,0.020569,1.0472,1,0.92276,0.21449,1,0.91125,0.16728,0,0,0,0,0,0,0,0
0,0,0,0,0,0,0,0,0.75127,1.5892,-0.98164,1,-0.99977,0.96506,-2.9048e-05,1,0,0,0.90417,999,999,999,0.3832,0.90447,0.57358,0.12867,0.22104,5.7262e-07,9999,1,-1,546.88,5.0781,0.22748,0,0,0,0,0,0,0,0,1,999,999,999,0,0,0,0,0,0,0,0,0,0,0,0,0,0,0,0,0,0.0017009,0.75127,1,0.48816,0.78561,1,0.96506,0.00027751,0,0,0,0,0,0,0,0
0,0,0,0,0,0,0,0,0.44244,0.48599,0.49811,-1,0.92536,0.0002578,-5.6951e-05,1,1,0.499,0.65281,999,999,999,0.53003,0.28026,0.61586,0.3975,0.086565,1.2193e-06,9999,1,-1,0,14.062,0.10904,0,0,0,0,0,0,0,0,1,999,999,999,0,0,0,0,0,0,0,0,0,0,0,0,0,0,0,0,0,0,0,0,0,0.75289,1,0.92536,0.53888,0,0,0,0,0,0,0,0
0,0,0,0,0,0,0,0,0.66408,0.65446,0.20574,1,-0.00017884,2.0367e-05,1.7447e-05,3,0,0,0.54404,999,999,999,0.18906,0.46189,0.44579,0.67464,0.095225,1.3355e-06,9999,0,1,0,2.6855,0.037196,0,0,0,0,0,0,0,0,1,999,999,999,0,0,0,0,0,0,0,0,0,0,0,0,0,0,0,0,0,0.023157,0.66408,1,0.99581,0.79551,-1,-1.2756e-06,-0.63424,0,0,0,0,0,0,0,1
0,0,0,0,0,0,0,0,0.32653,0.66054,0.13206,1,-0.029722,0.00026512,-6.3584e-05,2,0,0,0.60528,999,999,999,1.0291,0.28457,0.60332,0.48491,0.087239,3.5071e-07,9999,1,-1,561.52,3.5645,0.10808,0,0,0,0,0,0,0,0,1,999,999,999,0,0,0,0,0,0,0,0,0,0,0,0,0,0,0,0,0,0.017364,0.64898,-1,0.96177,0.42601,-1,-0.029722,-0.50702,0,0,0,0,0,0,0,0
0,0,0,0,0,0,0,0,0.53873,0.61742,-0.23486,-1,4.4258e-05,-4.0983e-05,-2.3686e-05,0,0,0,0.76265,999,999,999,0.56377,0.5539,0.47867,0.96908,0.20554,3.6918e-07,9999,1,-1,1347.7,8.7891,0.12439,0,0,0,0,0,0,0,0,1,999,999,999,0,0,0,0,0,0,0,0,0,0,0,0,0,0,0,0,0,0.032293,0.53873,-1,0.98076,-0.60755,1,1.6e-05,0.51602,0,0,0,0,0,0,0,0
0.57956,1.1521,-0.76866,1,0,0,0,0,0.88853,0.42564,0.88776,-1,-0.86513,-0.00049577,-0.00029673,0,0,0,1.5468,-0.88853,0.27188,-0.2888,1.751,0.60698,0.88097,0.71982,0.076686,3.5663e-07,9999,1,1,1123,9.7656,0.11354,0,0,0,0,0,0,0,0,1,0.88853,0.27188,-0.21194,0,0,0,0,0,10,0.076686,3.5663e-07,9999,1,1123,9.7656,0.11354,0.88853,0.27188,-0.21194,2,0.030344,1.1264,-1,0.82402,0.71308,-1,-0.86513,-0.72055,0.57956,1.1521,-0.76866,1,1,0.0073886,0.59924,0
0,0,0,0,0,0,0,0,0.99162,0.33065,-0.57095,-1,-0.15597,-0.038152,5.593e-07,2,0,0,0.96819,999,999,999,0.76481,1.2645,0.22309,0,0,0,0,0,0,0,0,0,0,0,0,0,0,0,0,0,0,0,0,0,0,0,0,0,0,0,0,0,0,0,0,0,0,0,0,0,0,0.0019555,0.99162,-1,0.90076,0,0,0,0,0,0,0,0,0,0,0,1
0,0,0,0,0,0,0,0,1.2544,0.20497,0.69979,-1,0.092101,-0.039511,-7.8439e-06,0,0,0,1.5241,999,999,999,1.1109,1.4977,0.37417,0,0,0,0,0,0,0,0,0,0,0,0,0,0,0,0,0,0,0,0,0,0,0,0,0,0,0,0,0,0,0,0,0,0,0,0,0,0,0.0069963,1.2544,-1,0.97095,0,0,0,0,0,0,0,0,0,0,0,0
0,0,0,0,0.74492,0.72935,0.39597,1,0.68711,0.69264,-0.71325,-1,0.010872,-0.0019442,0,0,0,0,0.8516,999,999,999,1.113,0.63869,0,0,0,0,0,0,0,0,0,0,0,0,0,0,0,0,0,0,0,0,0,0,0,0,0,0,0,0,0,0,0,0,0,0,0,0,0,0,0,0.0040148,0.74492,1,0.59413,0,0,0,0,0,0,0,0,0,0,0,0
0,0,0,0,0,0,0,0,0.52789,0.57462,-0.79197,-1,-0.00010133,1.0776e-05,6.0227e-07,0,0,0,0.67795,999,999,999,0.73058,0.40097,0.23657,0.86522,0.21635,5.6987e-07,9999,1,-1,581.05,4.1504,0.22659,0,0,0,0,0,0,0,0,1,999,999,999,0,0,0,0,0,0,0,0,0,0,0,0,0,0,0,0,0,0.0096381,0.52789,-1,0.57777,-0.7821,1,1.0776e-05,0.041893,0,0,0,0,0,0,0,1
0,0,0,0,0,0,0,0,0.74751,0.77152,0.51886,-1,0.99077,-0.0079889,-0.0012758,0,0,0,0.96609,999,999,999,0.68934,0.68284,0.44825,0.41917,0.19915,4.1116e-07,9999,1,1,781.25,6.4453,0.15489,0,0,0,0,0,0,0,0,1,999,999,999,0,0,0,0,0,0,0,0,0,0,0,0,0,0,0,0,0,0.014883,0.74751,-1,0.8208,0.72586,-1,-0.0079889,-0.0036734,0,0,0,0,0,0,0,1
0.58429,1.2751,0.40404,1,0,0,0,0,1.1462,1.4543,-0.80274,1,0.93515,0.14471,0.00018261,2,0,0,1.3782,0.58429,0.98467,-0.8329,1.2903,0.79213,0.19998,0.98331,0.18597,5.0502e-07,9999,0,-1,600.59,6.1523,0.2029,0,0,0,0,0,0,0,0,1,0.58429,0.98467,-0.96714,0,0,0,0,0,10,0.18597,5.0502e-07,9999,-1,600.59,6.1523,0.2029,0.58429,0.98467,-0.96714,-2,0.0017506,1.1462,1,0.90745,0.9374,1,0.93515,0.77001,0.58429,1.2751,0.40404,1,1,0.07325,0.98467,1
0,0,0,0,0,0,0,0,0.67752,0.2039,0.19083,1,-0.0071311,0.00015327,6.0631e-07,2,0,0,0.96713,999,999,999,1.409,0.67125,0.23775,0.7273,0.19893,6.0631e-07,9999,0,1,556.64,3.5156,0.23775,0,0,0,0,0,0,0,0,1,999,999,999,0,0,0,0,0,0,0,0,0,0,0,0,0,0,0,0,0,0.028623,0.67752,1,0.76311,0.71531,-1,-0.0071311,-0.022084,0,0,0,0,0,0,0,0
0,0,0,0,0,0,0,0,0.85733,0.66555,0.023119,1,-0.95791,0.20548,0.00021608,1,0,0,1.2332,999,999,999,0.84705,1.3858,0.5459,0.75672,0.13512,4.0265e-07,9999,1,1,742.19,5.6152,0.14931,1,0,2.928,-2.5581,-0.67468,0.058207,0.092296,0.052069,1,0.96568,0.58092,-0.16439,0,0,0,0,0,10,0.13512,4.0265e-07,9999,1,742.19,5.6152,0.14931,0.96568,0.58092,-0.16439,4,0.013317,0.96568,-1,0.58092,-0.16439,-1,-0.95791,-0.45278,0,0,0,0,0,0,0,0
0,0,0,0,0,0,0,0,0.68566,0.32105,0.3001,-1,-0.84581,0.49427,-4.626e-06,0,0,0,0.92489,999,999,999,0.6475,0.73245,0.089052,0.95196,0.074863,4.626e-06,9999,1,-1,10000,16.406,0.089052,0,0,0,0,0,0,0,0,1,0.69163,0.94433,-0.8046,0,0,0,0,0,10,0.083551,3.7428e-07,9999,-1,1005.9,6.7383,0.12853,0.69163,0.94433,-0.61577,-2,0.0059026,0.69163,1,0.94433,-0.8046,1,0.49427,0.83152,0,0,0,0,0,0,0,1
0,0,0,0,0,0,0,0,1.2807,1.042,0.53673,-1,-0.20081,6.2284e-05,6.5234e-06,0,0,0,1.3834,999,999,999,1.6671,0.64248,0.35956,0,0,0,0,0,0,0,0,0,0,0,0,0,0,0,0,0,0,0,0,0,0,0,0,0,0,0,0,0,0,0,0,0,0,0,0,0,0,0.0073496,1.2807,-1,0.99657,0,0,0,0,0,0,0,0,0,0,0,0
0,0,0,0,0,0,0,0,1.5635,0.96874,-0.84243,-1,-0.96134,-0.059038,0.043987,0,0,0,1.2727,-1.5635,-0.78845,-0.28403,0.51676,1.0369,1.673,0,0,0,0,0,0,0,0,0,0,0,0,0,0,0,0,0,0,0,0,0,0,0,0,0,0,0,0,0,0,0,0,0,0,0,0,0,0,0.017043,1.5635,-1,0.78845,0,0,0,0,0,0,0,0,0,0,0,0
0.78016,1.2262,0.72521,-1,0,0,0,0,1.0209,0.56805,0.14686,1,0.99683,-0.51407,-0.086168,1,0,0,1.4826,1.0209,-0.77792,-0.11404,0.56677,0.86644,0.71953,0.44588,0.16434,6.6724e-07,9999,1,-1,581.05,3.9551,0.25388,0,0,0,0,0,0,0,0,1,1.0209,0.77792,-0.12904,0,0,0,0,0,10,0.16434,6.6724e-07,9999,-1,581.05,3.9551,0.25388,1.0209,0.77792,-0.12904,-4,0.0044215,1.0209,1,0.77792,-0.62884,1,0.99683,0.053117,0.78016,1.2262,0.72521,-1,1,0.0053986,0.85664,1
0,0,0,0,0,0,0,0,0.64571,1.1187,-0.76676,-1,0.040299,0.0014702,-6.1739e-05,2,0,0,0.69707,999,999,999,1.4124,0.46105,0.63848,0.71452,0.22946,6.8715e-07,9999,1,1,541.99,4.7363,0.25859,0,0,0,0,0,0,0,0,1,0.64571,0.82289,-0.2517,0,0,0,0,0,10,0.22946,6.8715e-07,9999,1,541.99,4.7363,0.25859,0.64571,0.82289,-0.2517,6,0.0083685,0.64571,-1,0.82289,-0.2517,-1,-6.1739e-05,-0.0014337,0,0,0,0,0,0,0,0
0,0,0,0,0,0,0,0,0.95062,0.056811,-0.67673,-1,-0.9605,6.5913e-07,0,0,0,0,0.96466,999,999,999,1.1839,0.25189,0,0,0,0,0,0,0,0,0,0,0,0,0,0,0,0,0,0,0,0,0,0,0,0,0,0,0,0,0,0,0,0,0,0,0,0,0,0,0,0.0016775,0.95062,-1,0.91967,0,0,0,0,0,0,0,0,0,0,0,0
0,0,0,0,0,0,0,0,0.58699,1.3631,-0.94592,1,0.97945,-0.0020852,6.7057e-05,0,0,0,0.77801,999,999,999,0.58815,0.65136,0.66813,0.89666,0.16874,4.2309e-07,9999,1,-1,732.42,4.7852,0.16229,0,0,0,0,0,0,0,0,1,0.58699,0.91983,-0.87344,0,0,0,0,0,10,0.16874,4.2309e-07,9999,-1,732.42,4.7852,0.16229,0.58699,0.91983,-0.87344,-0,0.0042608,0.58699,1,0.91983,-0.9923,1,0.97945,0.50208,0,0,0,0,0,0,0,1
0.6662,0.49192,0.86737,1,0,0,0,0,1.5418,0.41671,-0.83302,-1,-0.95406,0.059049,-0.048965,1,0,0,1.5691,-1.5418,-0.98776,-0.44768,0.69417,1.0182,1.3301,0.97989,0.087462,3.9238e-07,9999,0,1,927.73,6.8359,0.14221,0,0,0,0,0,0,0,0,1,1.5418,0.98776,-0.93697,0,0,0,0,0,10,0.087462,3.9238e-07,9999,1,927.73,6.8359,0.14221,1.5418,0.98776,-0.93697,2,0.00023571,1.5418,-1,0.98776,0.55871,-1,-0.95406,-0.87179,0.6662,0.49192,0.86737,1,1,0.0086004,0.77458,0
1.426,0.13899,-0.98089,-1,0,0,0,0,0.47718,0.13899,-0.54024,1,0.00046036,-5.3881e-05,0,0,0,0,1.2256,999,999,999,0.62706,2.1338,0,0,0,0,0,0,0,0,0,0,0,0,0,0,0,0,0,0,0,0,0,0,0,0,0,0,0,0,0,0,0,0,0,0,0,0,0,0,0,0.010171,1.426,-1,0.9729,0,0,0,0,0,0,0,0,0,0,0,0
0,0,0,0,0,0,0,0,1.3345,0,-0.67704,-1,-0.00055027,-4.2364e-05,7.0227e-06,2,1,0.49946,1.3669,-0.55184,-0.41844,-0.13873,1.7905,0.5599,0.47961,0,0,0,0,0,0,0,0,0,0,0,0,0,0,0,0,0,0,0,0,0,0,0,0,0,0,0,0,0,0,0,0,0,0,0,0,0,0,0.016165,1.3345,-1,0.8088,0,0,0,0,0,0,0,0,0,0,0,0
0,0,0,0,0,0,0,0,0.41535,0,0.4479,-1,-0.99914,0.60798,-0.00060067,1,0,0,0.67821,999,999,999,0.4576,0.41225,0.34689,0,0,0,0,0,0,0,0,0,0,0,0,0,0,0,0,0,0,0,0,0,0,0,0,0,0,0,0,0,0,0,0,0,0,0,0,0,0,0,0,0,0,0,0,0,0,0,0,0,0,0,0,0,0
0,0,0,0,0,0,0,0,0.57122,0.16277,0.017892,1,4.6283e-05,0,0,0,0,0,0.55094,999,999,999,0.57594,0,0,0,0,0,0,0,0,0,0,0,0,0,0,0,0,0,0,0,0,0,0,0,0,0,0,0,0,0,0,0,0,0,0,0,0,0,0,0,0,0.00263,0.57122,1,0.45946,0,0,0,0,0,0,0,0,0,0,0,1
0,0,0,0,0,0,0,0,1.0205,0.94468,-0.71771,-1,-0.019078,0.00053898,-0.00023744,2,0,0,0.80888,999,999,999,0.69577,0.30482,0.26663,0,0,0,0,0,0,0,0,0,0,0,0,0,0,0,0,0,0,0,0,0,0,0,0,0,0,0,0,0,0,0,0,0,0,0,0,0,0,0.031744,1.0205,-1,0.96888,0,0,0,0,0,0,0,0,0,0,0,0
0.47767,0.15232,0.038692,-1,0,0,0,0,1.4735,0,-0.90475,1,0.99834,0.0055621,-0.00017659,0,0,0,1.3604,1.4735,-0.96144,-0.30492,0.4247,1.2265,0.50431,0,0,0,0,0,0,0,0,0,0,0,0,0,0,0,0,0,0,0,0,0,0,0,0,0,0,0,0,0,0,0,0,0,0,0,0,0,0,0.0071153,1.4735,1,0.96144,0,0,0,0,0.47767,0.15232,0.038692,-1,1,0.0063637,0.4884,1
0,0,0,0,0,0,0,0,0.77654,0.38352,0.15423,1,-0.84396,0.53805,-0.00034596,0,0,0,1.0918,-0.76837,-0.41291,-0.16329,0.58124,1.1751,0.3997,0,0,0,0,0,0,0,0,0,0,0,0,0,0,0,0,0,0,0,0,0,0,0,0,0,0,0,0,0,0,0,0,0,0,0,0,0,0,0.0089339,0.77654,1,0.93747,0,0,0,0,0,0,0,0,0,0,0,1
0,0,0,0,0,0,0,0,0.96147,0.45865,0.29737,1,-0.00024702,-9.1902e-05,7.0975e-05,2,1,0.49835,0.99209,999,999,999,0.89244,0.6396,0.68823,0,0,0,0,0,0,0,0,0,0,0,0,0,0,0,0,0,0,0,0,0,0,0,0,0,0,0,0,0,0,0,0,0,0,0,0,0,0,0.011322,0.96147,1,0.86972,0,0,0,0,0,0,0,0,0,0,0,1
0,0,0,0,0,0,0,0,0.63102,1.0562,0.5611,-1,-0.027476,-0.00048856,9.8515e-05,0,0,0,0.92009,999,999,999,0.82945,0.70205,0.65116,0,0,0,0,0,0,0,0,0,0,0,0,0,0,0,0,0,0,0,0,0,0,0,0,0,0,0,0,0,0,0,0,0,0,0,0,0,0,0.021749,0.63102,-1,0.75298,0,0,0,0,0,0,0,0,0,0,0,1
0,0,0,0,0,0,0,0,1.7366,0.70698,-0.97404,-1,-0.001275,-0.00012537,5.5133e-05,0,0,0,1.2947,-0.50968,0.96193,-0.93386,1.2765,0.74915,0.61048,0.38453,0.12945,3.5223e-07,9999,1,1,1289.1,14.258,0.1095,0,0,0,0,0,0,0,0,1,0.50968,0.96193,-0.12606,0,0,0,0,0,10,0.12945,3.5223e-07,9999,1,1289.1,14.258,0.1095,0.50968,0.96193,-0.12606,4,0.0062951,1.7366,-1,0.9878,0.46723,-1,-0.001275,-0.23422,0,0,0,0,0,0,0,1
0,0,0,0,0,0,0,0,0.97943,1.8363,-0.84205,1,-0.99938,0.99009,0.062916,1,1,0.49122,0.98503,999,999,999,0.38605,0.45762,1.4433,0.58219,0.19311,0.99938,9999,0,-1,1201.2,8.9844,0.38605,0,1,0,0,0,0,0,0,1,999,999,999,0,0,0,0,0,0,0,0,0,0,0,0,0,0,0,0,0,0.012375,0.97943,1,0.9814,-0.38487,1,0.99009,8.4211e-06,0,0,0,0,0,0,0,1
0,0,0,0,0,0,0,0,0.31948,0.62864,-0.26828,-1,-1.1584e-05,-6.3485e-07,5.1647e-07,0,0,0,0.38629,999,999,999,0.4073,0.24566,0.20751,0.89805,0.19878,6.3485e-07,9999,1,-1,712.89,2.6855,0.24566,0,0,0,0,0,0,0,0,1,999,999,999,0,0,0,0,0,0,0,0,0,0,0,0,0,0,0,0,0,0,0,0,0,0,0,0,0,0,0,0,0,0,0,0,0
0,0,0,0,0,0,0,0,0.93366,0.5773,0.36728,1,-0.4625,0.075567,1.4588e-05,0,0,0,1.2738,999,999,999,1.4451,1.2105,0.46716,0.68364,0.17321,3.429e-07,9999,1,-1,3906.2,13.672,0.10051,0,0,0,0,0,0,0,0,1,999,999,999,0,0,0,0,0,0,0,0,0,0,0,0,0,0,0,0,0,0.012318,0.93366,1,0.86944,0.26093,1,0.075567,0.082989,0,0,0,0,0,0,0,0
0.51639,0,0.83638,1,0,0,0,0,1.2532,0.51639,-0.43466,1,0.27456,0.052166,-0.00059661,2,1,0.50223,1.6784,0.94202,0.99455,-0.94375,1.33,1.1446,0.34362,0,0,0,0,0,0,0,0,0,0,0,0,0,0,0,0,0,0,0,0,0,0,0,0,0,0,0,0,0,0,0,0,0,0,0,0,0,0,0.0050282,0.94202,1,0.99455,0,0,0,0,0.51639,0,0.83638,1,1,0.0052215,0.51212,0
0,0,0,0,0,0,0,0,0.55771,0.95778,0.27167,-1,-0.9979,2.9232e-05,-1.879e-05,1,0,0,0.81261,-0.55771,-0.69157,-0.27262,0.52152,0.50427,0.45335,0,0,0,0,0,0,0,0,0,0,0,0,0,0,0,0,0,0,0,0,0,0,0,0,0,0,0,0,0,0,0,0,0,0,0,0,0,0,0.00031296,0.5125,1,0.48071,0,0,0,0,0,0,0,0,0,0,0,0
0,0,0,0,0,0,0,0,0.87325,0.33208,0.14171,-1,-0.96199,0.0024952,1.6908e-05,1,0,0,1.309,999,999,999,1.1655,0.97505,0.54173,0.8187,0.17405,7.6734e-07,9999,1,-1,424.8,4.834,0.27537,0,0,0,0,0,0,0,0,1,999,999,999,0,0,0,0,0,0,0,0,0,0,0,0,0,0,0,0,0,0.004237,0.87325,-1,0.94884,0.67757,1,0.0024952,0.23407,0,0,0,0,0,0,0,0
0,0,0,0,0,0,0,0,2.1993,0.57019,-0.17453,-1,-0.33941,-0.095607,0.0063496,0,0,0,2.292,-2.1993,-0.99683,-0.87226,1.4081,1.967,1.9632,0,0,0,0,0,0,0,0,0,0,0,0,0,0,0,0,0,0,0,0,0,0,0,0,0,0,0,0,0,0,0,0,0,0,0,0,0,0,0.0039304,2.1993,-1,0.99683,0,0,0,0,0,0,0,0,0,0,0,0
0,0,0,0,0,0,0,0,0.57549,0,-0.73711,1,0.0001513,-6.7023e-07,0,0,0,0,0.51583,999,999,999,0.81268,0.2546,0,0.313,0.15713,6.7023e-07,9999,1,-1,458.98,3.7598,0.2546,0,0,0,0,0,0,0,0,1,999,999,999,0,0,0,0,0,0,0,0,0,0,0,0,0,0,0,0,0,0.0092571,0.57549,1,0.73711,0.13071,1,0.0001513,0.058148,0,0,0,0,0,0,0,0
0,0,0,0,0,0,0,0,0.39959,0.99018,0.41924,1,0.00020725,1.8587e-05,-5.6893e-06,2,0,0,0.60524,999,999,999,0.23928,0.45226,0.34884,0.96572,0.18663,5.6423e-07,9999,1,1,566.41,6.25,0.22474,0,0,0,0,0,0,0,0,1,999,999,999,0,0,0,0,0,0,0,0,0,0,0,0,0,0,0,0,0,0,0,0,0,0.21284,-1,-1.324e-06,-0.67743,0,0,0,0,0,0,0,0
0,0,0,0,0.65157,0.13896,-0.48998,1,0.69048,0.13896,-0.8712,-1,-0.99485,0.023402,1.2095e-06,0,0,0,0.77668,999,999,999,0.607,0.98748,0.090007,0.97428,0.10384,1.2095e-06,9999,1,1,0,11.914,0.090007,0,0,0,0,0,0,0,0,1,999,999,999,0,0,0,0,0,0,0,0,0,0,0,0,0,0,0,0,0,0.0046279,0.69048,-1,0.9088,0.85183,-1,-0.99485,-0.8654,0,0,0,0,0,0,0,0
0,0,0,0,1.3305,0.30321,-0.48285,-1,1.2222,0.5716,-0.64124,1,-0.0077591,8.4663e-05,1.0733e-06,0,0,0,1.4341,999,999,999,1.5138,0.76561,0.31953,0.83102,0.21189,1.0733e-06,9999,1,1,498.05,4.0039,0.31953,0,0,0,0,0,0,0,0,1,999,999,999,0,0,0,0,0,0,0,0,0,0,0,0,0,0,0,0,0,0.015899,1.3305,-1,0.8864,0.52598,-1,-0.0077591,-0.031982,0,0,0,0,0,0,0,0
0,0,0,0,0,0,0,0,0.90525,0.81708,-0.79007,1,0.033942,-0.028793,1.5008e-05,1,0,0,0.99679,0.5456,-0.66071,-0.66392,1.3994,1.0443,0.43105,0.34469,0.056397,1.234e-06,9999,0,-1,0,18.359,0.11831,0,0,0,0,0,0,0,0,1,0.5456,0.66071,-0.92368,0,0,0,0,0,10,0.056397,1.234e-06,9999,-1,0,18.359,0.11831,0.5456,0.66071,-0.92368,-0,0.020809,0.90525,1,0.99996,0.34982,1,0.033942,0.66952,0,0,0,0,0,0,0,1
0,0,0,0,0,0,0,0,0.27275,0.37603,0.291,-1,0.98352,-3.882e-05,-1.4802e-05,0,0,0,0.92134,999,999,999,0.71255,0.54453,0.42973,0.46581,0.18831,3.697e-07,9999,1,1,996.09,8.2031,0.12482,0,0,0,0,0,0,0,0,1,999,999,999,0,0,0,0,0,0,0,0,0,0,0,0,0,0,0,0,0,0.029398,0.60871,1,0.62156,0.37659,-1,-3.882e-05,-0.01047,0,0,0,0,0,0,0,1
1.3227,0.36928,0.7367,1,0,0,0,0,1.1742,0.8594,-0.89769,-1,-0.12949,3.9944e-05,1.9388e-06,0,1,0.50388,1.0638,999,999,999,0.74154,2.0455,0.21837,0.35331,0.11924,1.9388e-06,9999,1,1,0,5.8594,0.21837,0,1,0,0,0,0,0,0,1,1.1742,0.95938,-0.5993,0,0,0,0,0,10,0.11924,1.9388e-06,9999,1,0,5.8594,0.21837,1.1742,0.95938,-0.5993,9,0.01526,1.3227,1,0.96222,-0.5993,-1,-0.12949,-0.30272,0,0,0,0,0,0,0,1
0,0,0,0,0,0,0,0,0.87128,1.7877,-0.77245,1,0.015918,-0.0042888,0.0025058,0,0,0,1.4171,0.8678,0.93536,-0.85056,0.80972,1.1793,0.98664,0.32217,0.2017,3.7885e-07,9999,1,1,1044.9,8.6914,0.13213,0,0,0,0,0,0,0,0,1,0.76094,0.85501,-0.19739,0,0,0,0,0,10,0.2017,3.7885e-07,9999,1,1044.9,8.6914,0.13213,0.76094,0.85501,-0.19739,4,0.0017696,0.8678,1,0.93536,0.44234,-1,-1.1013e-05,-0.0020613,0,0,0,0,0,0,0,0
0,0,0,0,0,0,0,0,0.46527,0.46213,0.072951,-1,0.99956,-0.14402,-3.9836e-05,1,0,0,0.94511,999,999,999,0.42549,0.70723,0.54949,0.838,0.084064,1.2305e-06,9999,0,-1,0,10.84,0.11639,0,0,0,0,0,0,0,0,1,0.5472,0.61335,-0.53697,0,0,0,0,0,10,0.084064,1.2305e-06,9999,-1,0,10.84,0.11639,0.5472,0.61335,-0.53697,-2,0.0037344,0.67819,-1,0.83429,0.275,1,0.99956,0.73068,0,0,0,0,0,0,0,1
0,0,0,0,0,0,0,0,0.4818,1.236,-0.90853,1,-0.12581,7.8918e-05,2.141e-05,0,0,0,0.7159,999,999,999,0.70753,0.71545,0.46713,0,0,0,0,0,0,0,0,0,0,0,0,0,0,0,0,0,0,0,0,0,0,0,0,0,0,0,0,0,0,0,0,0,0,0,0,0,0,0,0,0,0,0,0,0,0,0,0,0,0,0,0,0,1
0,0,0,0,1.8524,0,-0.82859,1,0.36098,1.3214,0.66725,1,0.19339,-4.6913e-05,2.4141e-06,1,0,0,1.7066,999,999,999,2.5463,0.57576,0.28389,0.93459,0.16721,4.7667e-07,9999,1,-1,761.72,4.3457,0.19052,0,0,0,0,0,0,0,0,1,1.8524,0.99729,-0.95821,0,0,0,0,0,10,0.16721,4.7667e-07,9999,-1,761.72,4.3457,0.19052,1.8524,0.99729,-0.95821,-2,0.012983,1.8524,1,0.99729,-0.95821,1,0.19339,0.6575,0,0,0,0,0,0,0,1
1.5433,0.88926,-0.6677,1,0,0,0,0,0.48443,0.42455,-0.15064,-1,0.054624,-4.8374e-05,0,0,0,0,1.2632,999,999,999,1.2051,0.58024,0,0,0,0,0,0,0,0,0,0,0,0,0,0,0,0,0,0,0,0,0,0,0,0,0,0,0,0,0,0,0,0,0,0,0,0,0,0,0,0.0069137,1.5433,1,0.92481,0,0,0,0,0,0,0,0,0,0,0,1
1.6998,0.069365,0.69706,-1,0,0,0,0,1.4169,1.8178,-0.92056,1,-0.14136,0.075621,0.037247,1,0,0,1.5118,-0.55611,0.9376,-0.91907,1.1058,2.167,1.4385,0,0,0,0,0,0,0,0,0,0,0,0,0,0,0,0,0,0,0,0,0,0,0,0,0,0,0,0,0,0,0,0,0,0,0,0,0,0,0.0055439,1.6998,-1,0.9889,0,0,0,0,0,0,0,0,0,0,0,0
0,0,0,0,0,0,0,0,0.94263,0.84705,0.20285,1,0.27413,-0.00012047,-1.7795e-05,1,0,0,0.93058,999,999,999,1.5043,0.52306,0.44745,0.43335,0.065724,1.2229e-06,9999,0,1,0,10.156,0.11173,0,0,0,0,0,0,0,0,1,999,999,999,0,0,0,0,0,0,0,0,0,0,0,0,0,0,0,0,0,0.0032457,0.94263,1,0.86633,0.93901,-1,-1.7795e-05,-0.67267,0,0,0,0,0,0,0,0
0,0,0,0,0,0,0,0,0.77495,1.6915,-0.3102,1,-0.003838,0.00021714,1.2234e-06,1,0,0,0.95302,999,999,999,0.66076,0.67565,0.073511,0.93894,0.16331,6.8729e-07,9999,1,-1,610.35,3.6621,0.25862,0,0,0,0,0,0,0,0,1,999,999,999,0,0,0,0,0,0,0,0,0,0,0,0,0,0,0,0,0,0.021866,0.72622,-1,0.97362,0.12508,1,0.00021714,0.6941,0,0,0,0,0,0,0,1
0,0,0,0,0,0,0,0,0.46495,0.2167,-0.86191,1,0.00014929,0,0,0,0,0,0.34991,999,999,999,0.35973,0,0,0,0,0,0,0,0,0,0,0,0,0,0,0,0,0,0,0,0,0,0,0,0,0,0,0,0,0,0,0,0,0,0,0,0,0,0,0,0,0,0,0,0,0,0,0,0,0,0,0,0,0,0,0,0
0,0,0,0,0,0,0,0,0.56459,0.36807,-0.72119,1,0.0062487,-1.4188e-05,-7.5008e-06,2,0,0,0.62544,999,999,999,0.43867,0.42573,0.37071,0.72999,0.23613,4.324e-07,9999,0,1,751.95,6.8359,0.16774,0,0,0,0,0,0,0,0,1,999,999,999,0,0,0,0,0,0,0,0,0,0,0,0,0,0,0,0,0,0.049176,0.56459,1,0.68471,0.94039,-1,-7.5008e-06,-0.00093153,0,0,0,0,0,0,0,0
0,0,0,0,0,0,0,0,0.73343,0.83986,0.22176,1,-0.99863,-0.00061991,8.6892e-05,0,0,0,0.9987,999,999,999,0.38631,0.78364,0.71784,0,0,0,0,0,0,0,0,0,0,0,0,0,0,0,0,0,0,0,0,0,0,0,0,0,0,0,0,0,0,0,0,0,0,0,0,0,0,0.012312,0.73343,1,0.97955,0,0,0,0,0,0,0,0,0,0,0,0
0.85291,0.57005,-0.88714,1,0,0,0,0,0.95501,0.14338,0.22193,-1,-0.036559,-0.016523,0.0042876,0,0,0,1.3034,-0.50456,0.81546,-0.51439,1.1797,0.7993,1.2604,0,0,0,0,0,0,0,0,0,0,0,0,0,0,0,0,0,0,0,0,0,0,0,0,0,0,0,0,0,0,0,0,0,0,0,0,0,0,0.013739,0.95501,-1,0.91306,0,0,0,0,0.85291,0.57005,-0.88714,1,1,0.0042418,0.89128,0
0,0,0,0,0,0,0,0,1.2017,0.58736,-0.048644,-1,-0.091057,0.076415,-0.00017685,0,0,0,1.5944,-0.64934,-0.21408,-0.19311,1.6835,1.2849,0.72204,0,0,0,0,0,0,0,0,0,0,0,0,0,0,0,0,0,0,0,0,0,0,0,0,0,0,0,0,0,0,0,0,0,0,0,0,0,0,0.001803,1.2017,-1,0.80695,0,0,0,0,0,0,0,0,0,0,0,0
0,0,0,0,0,0,0,0,1.4518,0.67698,-0.36653,1,-0.98169,0.033488,1.0023e-06,0,0,0,1.5407,999,999,999,0.80586,1.6815,0.31122,0,0,0,0,0,0,0,0,0,0,0,0,0,0,0,0,0,0,0,0,0,0,0,0,0,0,0,0,0,0,0,0,0,0,0,0,0,0,0.0083199,1.4518,1,0.97286,0,0,0,0,0,0,0,0,0,0,0,0
0,0,0,0,0,0,0,0,0.66096,1.4178,-0.90678,1,-0.0002009,1.5289e-05,-5.3165e-06,2,0,0,0.52412,999,999,999,0.2316,0.43283,0.34359,0.82917,0.20621,6.2963e-07,9999,1,1,537.11,4.0527,0.24426,0,0,0,0,0,0,0,0,1,999,999,999,0,0,0,0,0,0,0,0,0,0,0,0,0,0,0,0,0,0.029594,0.66096,1,0.63925,0.87375,-1,-0.0002009,-0.047127,0,0,0,0,0,0,0,0
0,0,0,0,0,0,0,0,0.3648,0.048652,0.57713,-1,0.77052,-0.29398,-3.6217e-05,6,0,0,0.3192,999,999,999,0.12699,0.78037,0.53432,0,0,0,0,0,0,0,0,0,0,0,0,0,0,0,0,0,0,0,0,0,0,0,0,0,0,0,0,0,0,0,0,0,0,0,0,0,0,0,0,0,0,0,0,0,0,0,0,0,0,0,0,0,1
0,0,0,0,0,0,0,0,1.2868,0.12652,-0.46603,1,-0.0003659,0.00015329,-9.7255e-06,0,1,0.49473,1.2729,999,999,999,0.84761,1.9527,0.39217,0.5976,0.14218,4.1677e-07,9999,1,1,722.66,6.4453,0.15843,0,0,0,0,0,0,0,0,1,999,999,999,0,0,0,0,0,0,0,0,0,0,0,0,0,0,0,0,0,0.0082419,1.2868,1,0.96651,0.85033,-1,-9.7255e-06,-0.22202,0,0,0,0,0,0,0,1
0,0,0,0,0,0,0,0,1.594,0.39281,-0.7515,1,-0.6431,0.04732,-5.8894e-07,0,0,0,1.7655,999,999,999,1.9634,1.7765,0.23259,0,0,0,0,0,0,0,0,0,0,0,0,0,0,0,0,0,0,0,0,0,0,0,0,0,0,0,0,0,0,0,0,0,0,0,0,0,0,0.0076952,1.594,1,0.88053,0,0,0,0,0,0,0,0,0,0,0,1
0,0,0,0,2.0407,1.0264,-0.97423,1,0.26086,1.8519,-0.74179,-1,0.89902,-0.00028699,0.00010173,0,0,0,2.1925,999,999,999,0.59826,1.0593,2.7543,0,0,0,0,0,0,0,0,0,0,0,0,0,0,0,0,0,0,0,0,0,0,0,0,0,0,0,0,0,0,0,0,0,0,0,0,0,0,0.014691,2.0407,1,0.98799,0,0,0,0,0,0,0,0,0,0,0,1
0.4944,1.2621,-0.044984,-1,0,0,0,0,0.4183,1.5616,-0.61319,-1,-0.38625,-3.7415e-05,1.2773e-05,0,0,0,0.65355,999,999,999,0.78101,0.53945,0.41605,0.96995,0.20367,3.6464e-07,9999,1,1,1064.5,8.5938,0.12057,0,0,0,0,0,0,0,0,1,999,999,999,0,0,0,0,0,0,0,0,0,0,0,0,0,0,0,0,0,0,0,0,0,-0.50889,-1,-0.38625,-0.54435,0.4944,1.2621,-0.044984,-1,1,0.052287,0.70252,1
0,0,0,0,0,0,0,0,1.4047,0.92786,0.9043,-1,-0.32966,-0.044566,2.9137e-05,2,0,0,1.012,999,999,999,2.2364,1.9511,0.50399,0.93024,0.17877,3.7613e-07,9999,0,-1,917.97,8.3008,0.13,0,0,0,0,0,0,0,0,1,999,999,999,0,0,0,0,0,0,0,0,0,0,0,0,0,0,0,0,0,0.01172,1.4047,-1,0.95808,-0.15875,1,2.3083e-05,0.55844,0,0,0,0,0,0,0,0
0,0,0,0,0,0,0,0,1.1333,0.38186,0.070149,1,0.006011,9.6119e-05,-1.9023e-05,0,0,0,1.2624,1.1333,-0.73112,-0.14091,1.1901,0.73079,0.45466,0,0,0,0,0,0,0,0,0,0,0,0,0,0,0,0,0,0,0,0,0,0,0,0,0,0,0,0,0,0,0,0,0,0,0,0,0,0,0.0092688,1.1333,1,0.73112,0,0,0,0,0,0,0,0,0,0,0,0
0,0,0,0,0,0,0,0,1.5482,0.8963,-0.65585,-1,-0.18372,0.021888,-1.9363e-06,0,0,0,1.9699,999,999,999,2.0393,1.5561,0.2182,0.23065,0.16783,5.6797e-07,9999,1,1,532.23,3.5645,0.22597,0,0,0,0,0,0,0,0,1,999,999,999,0,0,0,0,0,0,0,0,0,0,0,0,0,0,0,0,0,0.0065704,1.5482,-1,0.97567,0.015049,-1,-0.18372,-0.020723,0,0,0,0,0,0,0,1
0,0,0,0,1.0166,0,-0.23322,1,0.28038,0,-0.70559,-1,0.050228,-4.7587e-07,4.5136e-07,1,0,0,1.0195,999,999,999,1.3028,0.19015,0.17808,0.26519,0.14733,4.5136e-07,9999,0,1,673.83,3.7598,0.17808,0,0,0,0,0,0,0,0,1,999,999,999,0,0,0,0,0,0,0,0,0,0,0,0,0,0,0,0,0,0.0099813,1.0166,1,0.99695,0,0,0,0,0,0,0,0,0,0,0,1
0,0,0,0,0,0,0,0,0.90189,0.070436,0.063871,-1,-0.0049329,-0.002458,9.6608e-06,2,0,0,0.96533,999,999,999,0.20468,1.1515,0.3916,0,0,0,0,0,0,0,0,0,0,0,0,0,0,0,0,0,0,0,0,0,0,0,0,0,0,0,0,0,0,0,0,0,0,0,0,0,0,0.016634,0.90189,-1,0.90017,0,0,0,0,0,0,0,0,0,0,0,1
0,0,0,0,0,0,0,0,0.46015,0.51488,0.83332,1,7.3545e-05,2.9881e-05,-8.6249e-06,0,1,0.50045,0.65536,999,999,999,0.68276,0.50727,0.38211,0,0,0,0,0,0,0,0,0,0,0,0,0,0,0,0,0,0,0,0,0,0,0,0,0,0,0,0,0,0,0,0,0,0,0,0,0,0,0.040618,0.50045,-1,0.86537,0,0,0,0,0,0,0,0,0,0,0,0
0,0,0,0,0.69173,1.1832,-0.084963,1,1.4365,0.61089,-0.42324,-1,0.0073334,-0.0057722,0.0057514,1,0,0,1.4138,0.69173,-0.24503,-0.28177,0.64038,2.1499,0.89439,0.8912,0.20595,1.4025e-06,9999,1,-1,458.98,3.2715,0.34937,0,0,0,0,0,0,0,0,1,1.054,0.85133,-0.93648,0,0,0,0,0,10,0.20595,1.4025e-06,9999,-1,458.98,3.2715,0.34937,1.054,0.85133,-0.93648,-9,0.009792,1.4365,-1,0.91106,0.17602,1,0.0057514,0.13451,0,0,0,0,0,0,0,1
1.3567,0,-0.78644,-1,0,0,0,0,0,0,0,0,0.00017423,-0.00011087,0,1,0,0,1.3418,999,999,999,0.16105,1.7138,0,0,0,0,0,0,0,0,0,0,0,0,0,0,0,0,0,0,0,0,0,0,0,0,0,0,0,0,0,0,0,0,0,0,0,0,0,0,0,0.0017239,1.3567,-1,0.96821,0,0,0,0,0,0,0,0,0,0,0,0
0,0,0,0,0,0,0,0,0.34234,0.52775,0.54987,1,0.00061122,2.741e-05,-1.649e-05,2,0,0,0.61229,999,999,999,0.50154,0.38534,0.32065,0.67082,0.089616,1.2766e-06,9999,0,1,0,10.352,0.13471,0,0,0,0,0,0,0,0,1,999,999,999,0,0,0,0,0,0,0,0,0,0,0,0,0,0,0,0,0,0,0,0,0,0.84673,1,0.00061122,0.00062793,0,0,0,0,0,0,0,1
0,0,0,0,0,0,0,0,0.85746,1.3177,0.43705,-1,0.98121,-0.95996,0.7737,0,0,0,1.1918,0.65459,-0.89814,-0.32651,0.73656,0.96815,0.82807,0,0,0,0,0,0,0,0,0,0,0,0,0,0,0,0,0,0,0,0,0,0,0,0,0,0,0,0,0,0,0,0,0,0,0,0,0,0,0.031583,0.85746,-1,0.49401,0,0,0,0,0,0,0,0,0,0,0,1
0,0,0,0,0,0,0,0,0.52015,0.92613,-0.90352,-1,0.83046,0.00045676,-0.00017987,3,0,0,0.69193,999,999,999,0.18733,0.57628,0.11865,0.52258,0.13942,1.2152e-06,9999,1,-1,0,18.359,0.080211,0,0,0,0,0,0,0,0,1,999,999,999,0,0,0,0,0,0,0,0,0,0,0,0,0,0,0,0,0,0.013471,0.52015,-1,0.998,0.43847,1,0.83046,0.2032,0,0,0,0,0,0,0,1
0,0,0,0,0,0,0,0,0.17193,0.23855,0.1514,1,0.99889,-0.054462,-0.00018359,2,0,0,0.81839,999,999,999,0.4069,1.0025,0.71618,0.5646,0.061574,1.2712e-06,9999,0,1,0,12.5,0.133,0,0,0,0,0,0,0,0,1,0.68432,0.9387,-0.63557,0,0,0,0,0,10,0.061574,1.2712e-06,9999,1,0,12.5,0.133,0.68432,0.9387,-0.63557,0,0.053483,0.68432,-1,0.9387,0.56722,-1,-0.054462,-0.75303,0,0,0,0,0,0,0,0
0,0,0,0,0,0,0,0,0.69534,0.46539,-0.62795,-1,0.0074543,-9.7098e-05,-7.6301e-05,0,0,0,0.98822,0.53301,-0.84746,-0.72444,0.70506,0.81592,0.71753,0.94636,0.21657,1.1235e-06,9999,1,1,546.88,5.1758,0.22448,0,0,0,0,0,0,0,0,1,0.52152,0.71955,-0.53648,0,0,0,0,0,10,0.21657,1.1235e-06,9999,1,546.88,5.1758,0.22448,0.52152,0.71955,-0.53648,6,0.017279,0.69534,-1,0.70564,0.71641,-1,-7.6301e-05,-0.2311,0,0,0,0,0,0,0,1
0,0,0,0,1.159,1.4462,-0.82415,-1,0.72403,0.84422,-0.3627,1,-0.99982,-0.0023536,0.00013083,0,0,0,1.3807,999,999,999,0.3402,1.0136,0.85087,0,0,0,0,0,0,0,0,0,0,0,0,0,0,0,0,0,0,0,0,0,0,0,0,0,0,0,0,0,0,0,0,0,0,0,0,0,0,0.022945,1.159,-1,0.48574,0,0,0,0,0,0,0,0,0,0,0,0
0,0,0,0,1.86,0,-0.55555,1,0.95014,1.424,-0.66082,-1,0.04403,-0.00047263,-6.7837e-07,2,0,0,1.7979,999,999,999,1.6738,0.70061,0.25654,0.98592,0.079129,3.9884e-07,9999,0,1,820.31,3.6621,0.14673,1,0,0.082704,2.8339,5.0609,0.00025011,0.23259,0.7707,1,999,999,999,0,0,0,0,0,10,0.15536,6.7837e-07,9999,-1,644.53,3.418,0.25654,1.86,0.9552,-0.97646,-11,0.0042521,1.86,1,0.9552,0.19686,-1,-0.00047263,-0.87806,0,0,0,0,0,0,0,1
0,0,0,0,0,0,0,0,0.87592,0.86781,-0.95387,-1,-0.95561,2.4446e-05,2.1766e-05,4,1,0.49698,1.0492,999,999,999,1.1954,0.48235,0.46913,0.57584,0.15059,1.2165e-06,9999,1,1,0,16.016,0.078904,0,0,0,0,0,0,0,0,1,999,999,999,0,0,0,0,0,0,0,0,0,0,0,0,0,0,0,0,0,0.0002168,0.87592,-1,0.84748,0.17202,-1,-0.95561,-0.15027,0,0,0,0,0,0,0,0
0,0,0,0,0,0,0,0,1.1451,0.31134,-0.21554,-1,-0.35224,-0.33956,-0.01622,2,1,0.49541,1.055,-1.1451,-0.83032,-0.88229,1.2335,0.71657,1.1042,0.37877,0.22929,8.0982e-07,9999,1,1,517.58,4.1504,0.2831,0,0,0,0,0,0,0,0,1,1.1451,0.83032,-0.24694,0,0,0,0,0,10,0.22929,8.0982e-07,9999,1,517.58,4.1504,0.2831,1.1451,0.83032,-0.24694,0,0.027569,1.1451,-1,0.83032,-0.10725,-1,-0.35224,-0.00029833,0,0,0,0,0,0,0,0
0,0,0,0,0,0,0,0,1.0897,0.99894,-0.6551,1,0.0075178,-0.00064974,7.6493e-07,1,0,0,1.0957,999,999,999,0.92209,0.61254,0.27491,0.95875,0.17484,7.6493e-07,9999,1,1,581.05,4.6387,0.27491,0,0,0,0,0,0,0,0,1,0.57122,0.93019,-0.9003,0,0,0,0,0,10,0.17484,7.6493e-07,9999,1,581.05,4.6387,0.27491,0.57122,0.93019,-0.9003,0,0.025,1.0897,1,0.55581,0.36446,1,0.0075178,0.67528,0,0,0,0,0,0,0,0
0,0,0,0,0,0,0,0,0.45745,0.54121,-0.33219,-1,0.87314,-2.6984e-05,-1.2913e-06,0,0,0,0.56383,999,999,999,0.23472,0.47601,0.13898,0.8512,0.071565,1.2913e-06,9999,1,-1,0,8.3984,0.13898,0,0,0,0,0,0,0,0,1,999,999,999,0,0,0,0,0,0,0,0,0,0,0,0,0,0,0,0,0,0,0,0,0,0.42478,1,0.87314,0.75215,0,0,0,0,0,0,0,0
0,0,0,0,0,0,0,0,0.99163,0.16996,-0.95575,1,0.99214,4.159e-05,-1.2146e-06,1,1,0.49505,0.75606,999,999,999,0.647,0.6017,0.080846,0.76722,0.064205,1.2146e-06,9999,0,-1,0,15.234,0.080846,0,1,0,0,0,0,0,0,1,999,999,999,0,0,0,0,0,0,0,0,0,0,0,0,0,0,0,0,0,0.0064949,0.99163,1,0.94395,0.66278,1,0.99214,0.75007,0,0,0,0,0,0,0,1
0,0,0,0,0,0,0,0,0.9236,0.68864,-0.31194,1,0.011344,-0.00026515,7.3863e-06,0,0,0,1.1918,999,999,999,1.0619,0.61507,0.36947,0.84993,0.22664,5.2097e-07,9999,1,1,664.06,4.834,0.20927,0,0,0,0,0,0,0,0,1,999,999,999,0,0,0,0,0,0,0,0,0,0,0,0,0,0,0,0,0,0.018948,0.9236,1,0.89483,0.75583,1,0.011344,0.00013443,0,0,0,0,0,0,0,0
1.7354,0.27114,-0.46643,1,0,0,0,0,0.09753,0.52705,0.81297,-1,0.00097328,-3.7631e-07,0,0,0,0,1.633,999,999,999,2.3338,0.13014,0,0.30353,0.09753,3.7631e-07,9999,1,-1,976.56,7.9102,0.13014,0,0,0,0,0,0,0,0,1,1.7354,0.94503,-0.0080057,0,0,0,0,0,10,0.09753,3.7631e-07,9999,-1,976.56,7.9102,0.13014,1.7354,0.94503,-0.0080057,-5,0.0089613,1.7354,1,0.94503,-0.0080057,1,0.00097328,0.44598,0,0,0,0,0,0,0,1
0,0,0,0,0,0,0,0,0.53979,0,0.3447,1,0.99987,-0.9832,7.384e-05,0,0,0,0.73063,999,999,999,0.31093,0.65961,0.68816,0,0,0,0,0,0,0,0,0,0,0,0,0,0,0,0,0,0,0,0,0,0,0,0,0,0,0,0,0,0,0,0,0,0,0,0,0,0,0.012789,0.53979,1,0.78055,0,0,0,0,0,0,0,0,0,0,0,0
0,0,0,0,0,0,0,0,0.98298,0.57677,-0.96913,1,0.33308,7.0537e-05,-1.9738e-05,1,0,0,1.1552,999,999,999,1.3889,0.68171,0.45854,0.14231,0.19928,3.8173e-07,9999,1,-1,917.97,9.375,0.13434,0,0,0,0,0,0,0,0,1,0.98298,0.97009,-0.099481,0,0,0,0,0,10,0.19928,3.8173e-07,9999,-1,917.97,9.375,0.13434,0.98298,0.97009,-0.099481,-5,0.018952,0.67895,1,0.79565,0.71189,1,7.0537e-05,0.0011866,0,0,0,0,0,0,0,1
0.75892,0.54162,0.31343,-1,0,0,0,0,0.88652,1.0135,-0.38166,-1,0.93204,-0.12949,0.11686,1,0,0,1.4582,0.75049,0.93274,-0.93238,0.64129,1.1573,1.0975,0.56256,0.21524,3.9149e-07,9999,1,1,888.67,9.7656,0.14157,0,0,0,0,0,0,0,0,1,999,999,999,0,0,0,0,0,0,0,0,0,0,0,0,0,0,0,0,0,0.027893,0.88652,-1,0.78758,0.017808,-1,-0.12949,-0.001651,0.75892,0.54162,0.31343,-1,1,0.019045,0.82264,1
0,0,0,0,1.4246,0.11756,-0.17652,1,2.0206,0.23031,-0.7613,-1,0.075124,-0.004027,1.2956e-06,1,0,0,2.3136,999,999,999,1.1938,2.1282,0.14013,0,0,0,0,0,0,0,0,0,0,0,0,0,0,0,0,0,0,0,0,0,0,0,0,0,0,0,0,0,0,0,0,0,0,0,0,0,0,0.011954,2.0206,-1,0.92862,0,0,0,0,0,0,0,0,0,0,0,1
0.32068,0.82433,-0.080779,-1,0,0,0,0,0.43449,0.76192,-0.37063,1,0.00018965,-2.8362e-06,-2.468e-06,0,0,0,0.56002,999,999,999,0.6096,0.29601,0.28556,0,0,0,0,0,0,0,0,0,0,0,0,0,0,0,0,0,0,0,0,0,0,0,0,0,0,0,0,0,0,0,0,0,0,0,0,0,0,0,0,0,0,0,0,0,0,0.32068,0.82433,-0.080779,-1,1,0.010692,0.81031,0
0,0,0,0,0,0,0,0,1.4683,0.36555,0.56016,-1,0.47705,-0.0006062,9.6472e-05,1,0,0,1.8869,999,999,999,1.219,1.7791,0.81464,0.79918,0.15518,3.5476e-07,9999,0,-1,1796.9,10.547,0.11184,0,0,0,0,0,0,0,0,1,999,999,999,0,0,0,0,0,0,0,0,0,0,0,0,0,0,0,0,0,0.011717,1.4683,-1,0.98959,0.48778,1,0.47705,0.36026,0,0,0,0,0,0,0,0
0,0,0,0,0,0,0,0,0.62553,1.4905,-0.71674,1,0.99823,0.018766,-7.6889e-05,1,0,0,0.68363,0.62553,0.44664,-0.15874,0.50744,1.0026,0.69401,0.38913,0.21645,1.2259e-06,9999,0,1,0,5.0293,0.11372,0,0,0,0,0,0,0,0,1,0.5057,0.98345,-0.27196,0,0,0,0,0,10,0.21645,1.2259e-06,9999,1,0,5.0293,0.11372,0.5057,0.98345,-0.27196,11,0.00019632,0.5057,-1,0.98345,-0.27196,-1,-7.6889e-05,-0.00080174,0,0,0,0,0,0,0,1
0,0,0,0,0,0,0,0,1.1508,1.554,-0.70848,-1,0.97787,0.71751,-0.015077,1,0,0,1.4577,0.92826,-0.87963,-0.75306,0.58721,0.89427,1.0658,0,0,0,0,0,0,0,0,0,0,0,0,0,0,0,0,0,0,0,0,0,0,0,0,0,0,0,0,0,0,0,0,0,0,0,0,0,0,0.018175,1.1508,-1,0.94246,0,0,0,0,0,0,0,0,0,0,0,0
0,0,0,0,0,0,0,0,0.41723,0.35203,-0.52571,1,-0.0069844,-0.00062706,1.0788e-05,3,1,0.49838,0.81823,999,999,999,0.48305,0.48236,0.40106,0,0,0,0,0,0,0,0,0,0,0,0,0,0,0,0,0,0,0,0,0,0,0,0,0,0,0,0,0,0,0,0,0,0,0,0,0,0,0,0,0,0,0,0,0,0,0,0,0,0,0,0,0,1
0,0,0,0,0,0,0,0,1.5075,0.78454,-0.74953,1,0.073844,0.029187,-9.5129e-05,0,0,0,1.8192,1.5075,-0.96945,-0.97156,2.1367,1.3246,0.7932,0.99529,0.10757,1.6138e-06,9999,1,-1,0,4.9805,0.19057,0,0,0,0,0,0,0,0,1,1.5075,0.96945,-0.98471,0,0,0,0,0,10,0.10757,1.6138e-06,9999,-1,0,4.9805,0.19057,1.5075,0.96945,-0.98471,-2,0.0035018,1.5075,1,0.96945,0.96746,1,0.073844,0.89918,0,0,0,0,0,0,0,1
0,0,0,0,0,0,0,0,0.38064,1.7345,-0.82442,1,0.0054706,-7.2228e-05,-6.0547e-05,1,1,0.50015,0.92621,999,999,999,0.45322,0.68489,0.45489,0.50435,0.098087,1.2838e-06,9999,1,1,0,37.5,0.049457,0,0,0,0,0,0,0,0,1,0.58765,0.89768,-0.17469,0,0,0,0,0,10,0.098087,1.2838e-06,9999,1,0,37.5,0.049457,0.58765,0.89768,-0.17469,2,0.01119,0.58765,-1,0.89768,0.67548,-1,-1.7058e-05,-0.51511,0,0,0,0,0,0,0,0
1.6486,0.087291,-0.97203,1,0,0,0,0,0.34529,0.6024,0.79725,-1,0.00020357,-1.4503e-05,0,0,0,0,1.6804,999,999,999,1.8539,0.4278,0,0,0,0,0,0,0,0,0,0,0,0,0,0,0,0,0,0,0,0,0,0,0,0,0,0,0,0,0,0,0,0,0,0,0,0,0,0,0,0.0034745,1.6486,1,0.99951,0,0,0,0,0,0,0,0,0,0,0,1
0,0,0,0,0,0,0,0,1.3223,0.55572,-0.72088,-1,0.99984,-0.90369,-0.0804,1,0,0,1.1239,999,999,999,0.37277,1.0457,0.67208,0,0,0,0,0,0,0,0,0,0,0,0,0,0,0,0,0,0,0,0,0,0,0,0,0,0,0,0,0,0,0,0,0,0,0,0,0,0,0.027408,1.3223,-1,0.96957,0,0,0,0,0,0,0,0,0,0,0,1
1.3455,0,-0.66574,-1,0,0,0,0,0.45678,0.05286,0.35992,-1,-0.74661,-0.071826,0.00022517,0,0,0,1.2884,-1.3455,-0.93352,-0.92657,0.78494,0.95233,0.97892,0,0,0,0,0,0,0,0,0,0,0,0,0,0,0,0,0,0,0,0,0,0,0,0,0,0,0,0,0,0,0,0,0,0,0,0,0,0,0.01671,1.3455,-1,0.93352,0,0,0,0,0,0,0,0,0,0,0,0
0,0,0,0,0,0,0,0,0.5,0,-0.40874,-1,-0.00036164,5.0561e-05,5.0681e-07,1,0,0,0.71825,999,999,999,0.5493,0.59379,0.20363,0,0,0,0,0,0,0,0,0,0,0,0,0,0,0,0,0,0,0,0,0,0,0,0,0,0,0,0,0,0,0,0,0,0,0,0,0,0,0.024354,0.8807,1,0.87688,0,0,0,0,0,0,0,0,0,0,0,0
0,0,0,0,0,0,0,0,0.89993,1.4699,-0.8317,-1,-0.00084173,-0.0006449,0.00021336,0,0,0,1.0253,999,999,999,0.77678,0.72074,0.24584,0,0,0,0,0,0,0,0,0,0,0,0,0,0,0,0,0,0,0,0,0,0,0,0,0,0,0,0,0,0,0,0,0,0,0,0,0,0,0.0029498,0.89993,-1,0.97137,0,0,0,0,0,0,0,0,0,0,0,0
0,0,0,0,0,0,0,0,1.6555,0.50118,0.0099127,1,0.92554,-0.0071075,9.9084e-05,0,0,0,1.5691,1.6555,0.94853,-0.58054,0.70655,0.3682,2.4482,0,0,0,0,0,0,0,0,0,0,0,0,0,0,0,0,0,0,0,0,0,0,0,0,0,0,0,0,0,0,0,0,0,0,0,0,0,0,0.0018854,1.6555,1,0.94853,0,0,0,0,0,0,0,0,0,0,0,1
0,0,0,0,0,0,0,0,0.92806,0.28859,0.19802,-1,-0.94626,0.94258,3.4672e-05,2,0,0,1.2138,999,999,999,1.3758,1.028,0.52769,0.88308,0.15118,3.9593e-07,9999,1,-1,849.61,7.9102,0.14471,0,0,0,0,0,0,0,0,1,999,999,999,0,0,0,0,0,0,0,0,0,0,0,0,0,0,0,0,0,0.0029188,0.92806,-1,0.64082,0.69233,1,0.94258,0.58119,0,0,0,0,0,0,0,1
2.1107,0.11502,-0.93053,-1,0,0,0,0,0.93975,0.15672,0.69833,-1,-0.027638,-0.017029,0,0,0,0,1.3618,-0.93975,0.71063,-0.70283,1.3942,1.2234,0,0,0,0,0,0,0,0,0,0,0,0,0,0,0,0,0,0,0,0,0,0,0,0,0,0,0,0,0,0,0,0,0,0,0,0,0,0,0,0.0048268,2.1107,-1,0.98406,0,0,0,0,0,0,0,0,0,0,0,0
0,0,0,0,0,0,0,0,0.18074,0.13543,-0.053734,1,-0.99991,5.4006e-07,0,0,0,0,0.37485,999,999,999,0.33595,0.21639,0,0.81946,0.18074,5.4006e-07,9999,1,1,556.64,5.7617,0.21639,0,0,0,0,0,0,0,0,1,999,999,999,0,0,0,0,0,0,0,0,0,0,0,0,0,0,0,0,0,0,0,0,0,0.78198,-1,-0.99991,-0.17987,0,0,0,0,0,0,0,0
0,0,0,0,0.90303,0,-0.16809,1,0.76012,0.088595,-0.99342,-1,0.11583,-0.017012,0,0,0,0,1.0976,999,999,999,1.2868,0.926,0,0,0,0,0,0,0,0,0,0,0,0,0,0,0,0,0,0,0,0,0,0,0,0,0,0,0,0,0,0,0,0,0,0,0,0,0,0,0,0.0070983,0.90303,1,0.71523,0,0,0,0,0,0,0,0,0,0,0,1
0,0,0,0,0,0,0,0,2.0046,0.057968,-0.66757,1,0.001233,-4.7026e-05,0,0,0,0,2.1031,999,999,999,2.3243,0.57874,0,0,0,0,0,0,0,0,0,0,0,0,0,0,0,0,0,0,0,0,0,0,0,0,0,0,0,0,0,0,0,0,0,0,0,0,0,0,0,0.0058981,2.0046,1,0.99993,0,0,0,0,0,0,0,0,0,0,0,1
0,0,0,0,0,0,0,0,0.56319,1.5915,-0.69633,-1,-0.99227,0.95079,-0.00037231,1,0,0,1.15,999,999,999,0.65205,0.87244,0.32896,0.81014,0.23747,0.00037231,9999,1,-1,541.99,0,0.32896,0,0,0,0,0,0,0,0,1,0.77147,0.72516,-0.78751,0,0,0,0,0,10,0.23747,0.00037231,9999,-1,541.99,0,0.32896,0.77147,0.72516,-0.78751,-6,0.026693,0.77147,1,0.72516,0.92491,1,0.95079,0.00030014,0,0,0,0,0,0,0,1
0,0,0,0,0,0,0,0,0.68702,1.0535,0.15263,-1,-0.85733,-9.32e-05,3.9461e-06,1,0,0,0.98695,-0.7712,-0.66125,-0.92892,1.0273,0.76229,0.44025,0.90364,0.19662,1.0211e-06,9999,1,-1,532.23,4.1992,0.31351,0,0,0,0,0,0,0,0,1,999,999,999,0,0,0,0,0,10,0.19341,3.5291e-07,9999,1,283.2,7.3242,0.11013,0.68702,0.88676,-0.67389,4,0.011406,0.7712,-1,0.66125,-0.67389,-1,-0.85733,-0.021683,0,0,0,0,0,0,0,0
0,0,0,0,1.0443,0.88135,0.93039,1,0.63231,0.85645,-0.62585,1,-0.087571,0.087342,0.0019747,1,0,0,1.4116,-0.54997,0.7922,-0.75202,0.81553,0.86003,0.95627,0.59982,0.11673,1.4978e-06,9999,0,-1,0,2.3193,0.17679,0,0,0,0,0,0,0,0,1,1.0443,0.93905,-0.80373,0,0,0,0,0,10,0.11673,1.4978e-06,9999,-1,0,2.3193,0.17679,1.0443,0.93905,-0.80373,-11,0.015341,1.0443,1,0.93905,0.96076,1,0.087342,0.43411,0,0,0,0,0,0,0,1
0,0,0,0,0,0,0,0,0.74617,0.40933,0.21892,-1,0.96231,-0.01045,-0.0022937,0,0,0,1.6684,0.74476,-0.98195,-0.84535,1.0478,1.0147,1.0789,0,0,0,0,0,0,0,0,0,0,0,0,0,0,0,0,0,0,0,0,0,0,0,0,0,0,0,0,0,0,0,0,0,0,0,0,0,0,0.011151,1.1095,-1,0.94996,0,0,0,0,0,0,0,0,0,0,0,1
0,0,0,0,0,0,0,0,0.82833,0.44422,-0.98617,1,0.93337,0.039737,-8.1573e-07,0,0,0,0.88401,999,999,999,1.1808,0.98271,0.28412,0,0,0,0,0,0,0,0,0,0,0,0,0,0,0,0,0,0,0,0,0,0,0,0,0,0,0,0,0,0,0,0,0,0,0,0,0,0,0.00068631,0.82833,1,0.98607,0,0,0,0,0,0,0,0,0,0,0,1
0,0,0,0,0,0,0,0,0.59314,1.1347,-0.50189,-1,-0.96726,-0.0013219,-6.2302e-07,0,0,0,1.0411,-0.82981,-0.75646,-0.60102,0.86209,1.0559,0.24246,0,0,0,0,0,0,0,0,0,0,0,0,0,0,0,0,0,0,0,0,0,0,0,0,0,0,0,0,0,0,0,0,0,0,0,0,0,0,0.002046,0.82981,-1,0.75646,0,0,0,0,0,0,0,0,0,0,0,0
1.8286,0.4972,-0.32438,-1,0,0,0,0,0.32918,1.3409,-0.4361,-1,0.97759,-0.0056977,4.2307e-05,0,0,0,2.2218,999,999,999,0.7399,1.9946,2.0746,0,0,0,0,0,0,0,0,0,0,0,0,0,0,0,0,0,0,0,0,0,0,0,0,0,0,0,0,0,0,0,0,0,0,0,0,0,0,0.0051342,1.8286,-1,0.96735,0,0,0,0,0,0,0,0,0,0,0,1
0,0,0,0,0,0,0,0,0.69132,0.18281,-0.70914,-1,-0.92255,9.9076e-06,-3.4339e-06,0,0,0,0.6469,999,999,999,1.1259,0.39374,0.42976,0,0,0,0,0,0,0,0,0,0,0,0,0,0,0,0,0,0,0,0,0,0,0,0,0,0,0,0,0,0,0,0,0,0,0,0,0,0,0.001543,0.69132,-1,0.98334,0,0,0,0,0,0,0,0,0,0,0,0
0,0,0,0,1.9731,0.17642,-0.92791,-1,0,0,0,0,-7.037e-05,0,0,0,0,0,1.3977,999,999,999,3.0579,0,0,0,0,0,0,0,0,0,0,0,0,0,0,0,0,0,0,0,0,0,0,0,0,0,0,0,0,0,0,0,0,0,0,0,0,0,0,0,0,0.014525,1.9731,-1,0.9676,0,0,0,0,0,0,0,0,0,0,0,0
0,0,0,0,0,0,0,0,0.23434,0.81273,-0.7918,1,-0.00051007,-2.4065e-05,1.9542e-05,3,0,0,0.78509,999,999,999,0.28813,0.48052,0.45748,0.6065,0.13582,4.3126e-07,9999,1,1,878.91,6.3477,0.16709,0,0,0,0,0,0,0,0,1,999,999,999,0,0,0,0,0,0,0,0,0,0,0,0,0,0,0,0,0,0.027359,0.54312,1,0.66953,0.71105,-1,-2.4065e-05,-0.024787,0,0,0,0,0,0,0,1
0,0,0,0,0,0,0,0,0.97253,0.052557,-0.88322,-1,-0.95148,-1.655e-05,2.1648e-06,0,0,0,0.73965,999,999,999,0.64456,0.44053,0.27566,0,0,0,0,0,0,0,0,0,0,0,0,0,0,0,0,0,0,0,0,0,0,0,0,0,0,0,0,0,0,0,0,0,0,0,0,0,0,0.0039231,0.97253,-1,0.88322,0,0,0,0,0,0,0,0,0,0,0,0
0,0,0,0,0,0,0,0,1.0596,0.75152,-0.66725,-1,-0.97199,-7.5472e-05,7.438e-05,0,0,0,1.2472,-0.54643,-0.66113,-0.57109,1.5644,0.70908,0.68368,0,0,0,0,0,0,0,0,0,0,0,0,0,0,0,0,0,0,0,0,0,0,0,0,0,0,0,0,0,0,0,0,0,0,0,0,0,0,0.022278,1.0596,-1,0.9553,0,0,0,0,0,0,0,0,0,0,0,1
0,0,0,0,0,0,0,0,0.9297,0.6184,-0.76022,-1,-0.98221,-0.92766,0.00017765,1,0,0,1.0496,-0.9297,-0.93099,-0.7896,0.68796,0.95872,0.12676,0.99949,0.13848,0.00017765,9999,0,1,1289.1,0,0.12676,0,0,0,0,0,0,0,0,1,999,999,999,0,0,0,0,0,10,0.17383,6.195e-07,9999,1,532.23,3.2715,0.24149,0.9297,0.93099,-0.86302,4,0.01034,0.9297,-1,0.93099,0.93495,-1,-0.92766,-0.90523,0,0,0,0,0,0,0,0
0,0,0,0,0,0,0,0,0.65405,1.0211,-0.56594,-1,0.00053851,-1.32e-05,-3.8235e-06,1,0,0,0.69061,999,999,999,0.59657,0.41905,0.31847,0.79208,0.1912,3.944e-07,9999,0,-1,888.67,5.7129,0.14364,0,0,0,0,0,0,0,0,1,999,999,999,0,0,0,0,0,0,0,0,0,0,0,0,0,0,0,0,0,0.0067789,0.65405,-1,0.49051,0.64699,-1,-1.32e-05,-0.017119,0,0,0,0,0,0,0,0
0,0,0,0,0,0,0,0,1.3301,0,-0.90908,-1,-0.0052066,-5.5407e-05,6.7869e-06,1,0,0,0.97937,999,999,999,2.0919,0.60032,0.3627,0.45729,0.096196,3.8897e-07,9999,1,1,1464.8,8.6914,0.13974,0,0,0,0,0,0,0,0,1,1.3301,0.99341,-0.3528,0,0,0,0,0,10,0.096196,3.8897e-07,9999,1,1464.8,8.6914,0.13974,1.3301,0.99341,-0.3528,2,0.027724,1.3301,-1,0.99341,0.53658,-1,-5.5407e-05,-0.50327,0,0,0,0,0,0,0,0
0,0,0,0,0,0,0,0,0.61583,0,-0.98004,-1,0.0083034,-0.0010497,5.4214e-07,1,0,0,0.62351,999,999,999,0.27915,0.61598,0.21714,0.97813,0.20771,5.4214e-07,9999,1,1,551.76,4.6387,0.21714,0,0,0,0,0,0,0,0,1,999,999,999,0,0,0,0,0,0,0,0,0,0,0,0,0,0,0,0,0,0.0019674,0.61583,-1,0.98004,0.93804,-1,-0.0010497,-0.55566,0,0,0,0,0,0,0,0
0,0,0,0,0,0,0,0,0.96517,0.092792,0.5973,1,0.99876,-0.010434,-0.0033033,0,0,0,1.328,0.96517,-0.79465,-0.39941,0.41246,0.89507,1.1269,0.1436,0.20957,0.99876,9999,1,1,1064.5,7.3242,0.41246,0,0,0,0,0,0,0,0,1,0.64245,0.99057,-0.20024,0,0,0,0,0,10,0.20957,0.99876,9999,1,1064.5,7.3242,0.41246,0.64245,0.99057,-0.20024,22,0.0061397,0.96517,1,0.79465,0.43457,-1,-0.0033033,-2.2649e-05,0,0,0,0,0,0,0,1
0,0,0,0,0.57495,0.094098,0.99548,1,1.2,0.58458,-0.84728,-1,-0.86773,0.0043809,-0.00043977,0,0,0,1.4901,-1.2,0.96319,-0.46989,0.22798,0.72547,1.4775,0,0,0,0,0,0,0,0,0,0,0,0,0,0,0,0,0,0,0,0,0,0,0,0,0,0,0,0,0,0,0,0,0,0,0,0,0,0,0.032553,1.2,-1,0.96319,0,0,0,0,0,0,0,0,0,0,0,0
0,0,0,0,0,0,0,0,0.79348,1.0407,-0.93028,-1,-0.00050536,4.9211e-05,5.4456e-06,0,0,0,0.86699,999,999,999,1.0579,0.55676,0.46446,0.3083,0.21751,5.3584e-07,9999,1,-1,537.11,4.7363,0.21486,0,0,0,0,0,0,0,0,1,999,999,999,0,0,0,0,0,0,0,0,0,0,0,0,0,0,0,0,0,0.00231,0.79348,-1,0.99405,0.12105,1,5.4456e-06,0.00057575,0,0,0,0,0,0,0,1
0,0,0,0,0.52577,0.37165,0.51834,-1,0.60807,0.90792,-0.9849,-1,-0.33637,-0.010917,-2.2534e-05,0,0,0,0.90694,-0.52577,0.92505,-0.68237,0.71705,0.78086,0.47299,0.76436,0.1201,3.5154e-07,9999,1,-1,1269.5,9.8633,0.10886,0,0,0,0,0,0,0,0,1,999,999,999,0,0,0,0,0,10,0.2223,3.9573e-07,9999,1,888.67,4.5898,0.14457,0.63363,0.90592,-0.56723,6,0.0027355,0.63363,-1,0.90592,0.28377,-1,-2.2534e-05,-0.00031793,0,0,0,0,0,0,0,0
0.86636,0.16763,0.31977,-1,1.3249,0.66772,-0.95127,1,0.34222,1.1318,-0.47443,-1,0.050077,-0.031142,-2.1479e-05,1,0,0,1.4245,999,999,999,1.1587,0.76225,0.46766,0,0,0,0,0,0,0,0,0,0,0,0,0,0,0,0,0,0,0,0,0,0,0,0,0,0,0,0,0,0,0,0,0,0,0,0,0,0,0.0070736,1.3249,1,0.90346,0,0,0,0,0.86636,0.16763,0.31977,-1,1,0.0080046,0.84757,0
0,0,0,0,0,0,0,0,0.87519,0.55151,-0.19593,-1,-0.97255,0.30716,0.038896,0,0,0,1.3755,999,999,999,0.93749,0.91571,0.89093,0.96975,0.17327,4.4884e-07,9999,1,-1,820.31,6.9336,0.17676,0,0,0,0,0,0,0,0,1,0.72728,0.97314,-0.97935,0,0,0,0,0,10,0.20441,3.0895e-06,9999,1,512.7,3.0273,0.30243,0.87519,0.79471,-0.48432,0,0.024611,0.87519,-1,0.79471,-0.97935,1,0.30716,0.76964,0,0,0,0,0,0,0,1
0.75576,0.061367,0.22902,1,0,0,0,0,0.602,0.061367,-0.69468,1,0.22129,0.00022853,-1.2311e-05,3,0,0,0.86435,0.602,-0.92911,-0.78454,1.1926,0.58659,0.41272,0.97524,0.12404,1.3657e-06,9999,0,-1,26.245,13.281,0.15588,0,0,0,0,0,0,0,0,1,0.75576,0.81862,-0.67279,0,0,0,0,0,10,0.12404,1.3657e-06,9999,-1,26.245,13.281,0.15588,0.75576,0.81862,-0.67279,-2,0.022503,0.75576,1,0.81862,-0.67279,1,0.22129,0.8643,0.75576,0.061367,0.22902,1,1,0.022503,0.81862,1
0,0,0,0,0,0,0,0,0.44907,1.0389,-0.58516,-1,2.331e-05,-6.4777e-06,-3.9706e-06,0,0,0,0.70965,999,999,999,0.47682,0.359,0.32132,0.81047,0.24911,4.5736e-07,9999,1,1,693.36,4.3945,0.18116,0,0,0,0,0,0,0,0,1,999,999,999,0,0,0,0,0,0,0,0,0,0,0,0,0,0,0,0,0,0,0,0,0,0.75716,-1,-6.4777e-06,-0.00088485,0,0,0,0,0,0,0,1
1.2053,0.044,-0.48536,1,0,0,0,0,0.59191,0,-0.35865,-1,-0.44614,0.086018,0,0,1,0.49934,1.2069,999,999,999,0.95336,1.1975,0,0,0,0,0,0,0,0,0,0,0,0,0,0,0,0,0,0,0,0,0,0,0,0,0,0,0,0,0,0,0,0,0,0,0,0,0,0,0,0.0067721,1.2053,1,0.78883,0,0,0,0,0,0,0,0,0,0,0,1
0,0,0,0,0,0,0,0,0.99775,0.8949,-0.35416,-1,-0.98107,6.1431e-06,5.928e-06,1,1,0.49803,0.88848,999,999,999,0.75669,0.35483,0.35204,0.78792,0.1279,4.6015e-07,9999,0,1,712.89,8.6914,0.18257,0,0,0,0,0,0,0,0,1,999,999,999,0,0,0,0,0,0,0,0,0,0,0,0,0,0,0,0,0,0.0067398,0.99775,-1,0.85143,0.50146,-1,-0.98107,-0.54312,0,0,0,0,0,0,0,0
0,0,0,0,0,0,0,0,0.63711,0.37419,-0.67667,-1,-2.7445e-05,1.1954e-05,4.4346e-06,0,0,0,0.70706,999,999,999,0.49637,0.41009,0.3297,0,0,0,0,0,0,0,0,0,0,0,0,0,0,0,0,0,0,0,0,0,0,0,0,0,0,0,0,0,0,0,0,0,0,0,0,0,0,0.0028939,0.63711,-1,0.97924,0,0,0,0,0,0,0,0,0,0,0,0
0,0,0,0,0,0,0,0,1.0083,0.8757,0.94199,-1,-0.039387,0.0041095,2.705e-06,1,0,0,1.1125,999,999,999,1.2719,0.90588,0.29245,0.67447,0.2484,2.5249e-06,9999,1,-1,502.93,2.8809,0.28727,0,0,0,0,0,0,0,0,1,999,999,999,0,0,0,0,0,0,0,0,0,0,0,0,0,0,0,0,0,0.0014528,1.0083,-1,0.94272,0.43282,1,0.0041095,0.00019344,0,0,0,0,0,0,0,0
1.4865,0.096741,-0.044636,1,0,0,0,0,0.64835,1.4759,-0.31502,1,0.97266,9.7089e-05,0,0,0,0,1.5199,1.4865,0.96759,-0.59255,1.0435,1.8954,0,0,0,0,0,0,0,0,0,0,0,0,0,0,0,0,0,0,0,0,0,0,0,0,0,0,0,0,0,0,0,0,0,0,0,0,0,0,0,0.0088214,1.4865,1,0.96759,0,0,0,0,0,0,0,0,0,0,0,1
0,0,0,0,0,0,0,0,0.33742,0.24502,0.54951,1,0.00027003,7.7865e-06,-8.3107e-07,0,0,0,0.4733,999,999,999,0.69445,0.37373,0.28672,0.69879,0.20139,8.3107e-07,9999,1,-1,541.99,4.3457,0.28672,0,0,0,0,0,0,0,0,1,999,999,999,0,0,0,0,0,0,0,0,0,0,0,0,0,0,0,0,0,0,0,0,0,0.89597,1,7.7865e-06,0.013775,0,0,0,0,0,0,0,0
0,0,0,0,0,0,0,0,0.92925,0.8327,-0.92016,1,0.94313,0.012298,-0.00030489,1,0,0,1.052,999,999,999,1.0063,0.74204,0.82709,0,0,0,0,0,0,0,0,0,0,0,0,0,0,0,0,0,0,0,0,0,0,0,0,0,0,0,0,0,0,0,0,0,0,0,0,0,0,0.025779,0.92925,1,0.96631,0,0,0,0,0,0,0,0,0,0,0,0
0,0,0,0,0,0,0,0,1.6926,0.43461,-0.4422,-1,0.96907,-0.16658,-0.0001349,0,0,0,1.5086,999,999,999,0.31825,2.5659,0.70223,0,0,0,0,0,0,0,0,0,0,0,0,0,0,0,0,0,0,0,0,0,0,0,0,0,0,0,0,0,0,0,0,0,0,0,0,0,0,0.0084566,1.6926,-1,0.99394,0,0,0,0,0,0,0,0,0,0,0,1
0,0,0,0,0,0,0,0,2.1114,0.6457,-0.77028,-1,-0.98676,0.52174,-0.0065108,0,0,0,2.4394,999,999,999,0.48144,2.4328,2.0261,0.97127,0.11462,4.4762e-07,9999,1,1,654.3,5.4199,0.17612,0,0,0,0,0,0,0,0,1,2.1114,0.98977,-0.99477,0,0,0,0,0,10,0.11462,4.4762e-07,9999,1,654.3,5.4199,0.17612,2.1114,0.98977,-0.99477,2,0.020338,2.1114,-1,0.98977,-0.49415,-1,-0.98676,-0.85948,0,0,0,0,0,0,0,0
0,0,0,0,0,0,0,0,0.59502,0.37811,-0.11496,-1,0.99307,-0.35004,5.0286e-05,0,0,0,0.67565,999,999,999,0.6426,0.92109,0.6116,0.60655,0.10744,3.9213e-07,9999,1,1,888.67,8.6914,0.14203,0,0,0,0,0,0,0,0,1,0.59502,0.86246,-0.4848,0,0,0,0,0,10,0.10744,3.9213e-07,9999,1,888.67,8.6914,0.14203,0.59502,0.86246,-0.4848,6,0.0059278,0.59502,-1,0.86246,-0.4848,-1,-0.35004,-0.51262,0,0,0,0,0,0,0,1
0,0,0,0,1.2792,0.22025,-0.92416,-1,0.64515,0.073034,-0.39821,-1,-0.96329,-0.051879,0,0,0,0,1.3596,999,999,999,0.7105,1.2192,0,0,0,0,0,0,0,0,0,0,0,0,0,0,0,0,0,0,0,0,0,0,0,0,0,0,0,0,0,0,0,0,0,0,0,0,0,0,0,0.0049992,1.2792,-1,0.89159,0,0,0,0,0,0,0,0,0,0,0,0
1.4146,0.10002,-0.12463,1,0,0,0,0,1.169,0.18217,-0.39202,1,0.84703,-0.087534,-0.00040604,0,0,0,1.8751,1.4146,0.8611,-0.85404,1.1681,0.75427,0.67021,0,0,0,0,0,0,0,0,0,0,0,0,0,0,0,0,0,0,0,0,0,0,0,0,0,0,0,0,0,0,0,0,0,0,0,0,0,0,0.006072,1.4146,1,0.8611,0,0,0,0,0.48631,0.059319,-0.64757,-1,2,0.0080083,0.50098,1
0,0,0,0,0,0,0,0,0.49663,0.23523,0.60383,-1,-5.1583e-05,0,0,0,0,0,0.50043,999,999,999,0.59802,0,0,0,0,0,0,0,0,0,0,0,0,0,0,0,0,0,0,0,0,0,0,0,0,0,0,0,0,0,0,0,0,0,0,0,0,0,0,0,0,0,0,0,0,0,0,0,0,0,0,0,0,0,0,0,1
0,0,0,0,0,0,0,0,0.76484,0.72451,-0.79487,-1,-0.95016,0.94419,-0.011808,1,0,0,1.1041,999,999,999,1.5385,1.1599,1.1941,0.82074,0.24993,5.5788e-07,9999,1,1,522.46,4.4922,0.22261,0,0,0,0,0,0,0,0,1,1.0048,0.55285,-0.30558,0,0,0,0,0,10,0.24993,5.5788e-07,9999,1,522.46,4.4922,0.22261,1.0048,0.55285,-0.30558,0,0.0041303,1.0048,-1,0.55285,-0.30558,-1,-0.95016,-0.00098272,0,0,0,0,0,0,0,0
0,0,0,0,0,0,0,0,0.52566,1.2119,-0.98457,-1,-0.00010239,-1.8196e-06,0,0,0,0,0.53552,999,999,999,0.68413,0.37526,0,0.93559,0.22428,1.8196e-06,9999,1,-1,415.04,3.6133,0.37526,0,0,0,0,0,0,0,0,1,999,999,999,0,0,0,0,0,0,0,0,0,0,0,0,0,0,0,0,0,0.0040403,0.52566,-1,0.91819,0,0,0,0,0,0,0,0,0,0,0,0
0,0,0,0,0,0,0,0,0.44293,0.31981,0.83839,1,0.93015,-0.0033639,4.6409e-07,0,0,0,1.0332,999,999,999,0.66066,1.066,0.18452,0.43343,0.17282,3.401e-07,9999,1,-1,1718.8,12.402,0.097672,0,0,0,0,0,0,0,0,1,999,999,999,0,0,0,0,0,10,0.24938,4.6409e-07,9999,1,664.06,4.9316,0.18452,0.91364,0.83663,-0.12703,5,0.00076358,0.91364,-1,0.83663,-0.36856,1,0.93015,0.029657,0,0,0,0,0,0,0,0
0,0,0,0,0,0,0,0,0.53695,0.2945,-0.75067,-1,-0.010142,-5.1107e-05,5.6728e-06,0,1,0.50151,0.60457,999,999,999,0.38004,0.59608,0.34861,0.85209,0.18709,3.4183e-07,9999,1,1,3242.2,15.625,0.099425,0,1,0,0,0,0,0,0,1,999,999,999,0,0,0,0,0,0,0,0,0,0,0,0,0,0,0,0,0,0.030552,0.53695,-1,0.87685,0.60947,-1,-0.010142,-0.19416,0,0,0,0,0,0,0,1
0,0,0,0,1.1953,1.3558,-0.88353,-1,1.113,0.45174,0.80638,-1,-0.038225,0.00030486,-0.00010731,1,0,0,1.5037,-1.1953,-0.95658,-0.96088,1.5401,0.69328,0.95801,0.53473,0.15794,3.4472e-07,9999,1,1,1914.1,12.891,0.10231,0,0,0,0,0,0,0,0,1,1.113,0.99837,-0.53567,0,0,0,0,0,10,0.15794,3.4472e-07,9999,1,1914.1,12.891,0.10231,1.113,0.99837,-0.53567,5,0.023188,1.1953,-1,0.95658,0.74516,-1,-0.00010731,-0.09466,0,0,0,0,0,0,0,1
0,0,0,0,0,0,0,0,0.30472,0.37863,0.7876,-1,-0.99996,-0.00064797,0.00064792,1,0,0,0.91832,-0.65,0.68786,-0.49591,0.28683,0.38631,0.43869,0.84311,0.2343,0.00064797,9999,0,-1,439.45,0,0.38631,0,0,0,0,0,0,0,0,1,999,999,999,0,0,0,0,0,0,0,0,0,0,0,0,0,0,0,0,0,0.00087887,0.65,-1,0.68786,0.83936,1,0.00064792,0.0060892,0,0,0,0,0,0,0,0
0,0,0,0,0,0,0,0,1.0081,1.4669,-0.98492,-1,-0.99293,-0.27748,1.8252e-05,0,0,0,0.78972,-0.60059,0.79089,-0.29963,0.6347,0.83715,0.45038,0,0,0,0,0,0,0,0,0,0,0,0,0,0,0,0,0,0,0,0,0,0,0,0,0,0,0,0,0,0,0,0,0,0,0,0,0,0,0.016533,1.0081,-1,0.72841,0,0,0,0,0,0,0,0,0,0,0,0
0,0,0,0,0,0,0,0,1.0737,0,-0.25843,-1,-0.99615,-0.092002,0.00051799,1,0,0,1.3289,-1.0737,-0.83205,-0.67901,0.56906,1.2527,0.58276,0,0,0,0,0,0,0,0,0,0,0,0,0,0,0,0,0,0,0,0,0,0,0,0,0,0,0,0,0,0,0,0,0,0,0,0,0,0,0.0075584,1.0737,-1,0.83205,0,0,0,0,0,0,0,0,0,0,0,0
0,0,0,0,0,0,0,0,1.0662,0.78609,-0.67979,1,0.76163,0.00067181,-5.1175e-05,0,0,0,1.3498,1.0662,-0.97145,-0.91162,2.1682,0.87157,0.57833,0,0,0,0,0,0,0,0,0,0,0,0,0,0,0,0,0,0,0,0,0,0,0,0,0,0,0,0,0,0,0,0,0,0,0,0,0,0,0.010418,1.3276,1,0.94587,0,0,0,0,0,0,0,0,0,0,0,1
0,0,0,0,0,0,0,0,0.73146,1.9341,-0.85501,-1,-0.99712,-0.94514,0.44422,0,0,0,1.0021,999,999,999,0.44798,0.62373,1.2728,0,0,0,0,0,0,0,0,0,0,0,0,0,0,0,0,0,0,0,0,0,0,0,0,0,0,0,0,0,0,0,0,0,0,0,0,0,0,0.0025736,0.73146,-1,0.87854,0,0,0,0,0,0,0,0,0,0,0,0
0,0,0,0,0,0,0,0,0.75471,0.14692,0.27937,-1,0.92003,-0.24413,-1.0679e-05,3,2,0.49671,1.1179,999,999,999,1.0391,1.2411,0.40018,0.67503,0.10642,3.6676e-07,9999,0,-1,869.14,7.1289,0.12237,0,0,0,0,0,0,0,0,1,999,999,999,0,0,0,0,0,10,0.21104,4.556e-07,9999,1,664.06,5.2734,0.18027,0.75471,0.93036,-0.79183,0,0.01098,1.1835,1,0.87348,0.94882,1,0.92003,0.56984,0,0,0,0,0,0,0,1
0,0,0,0,0,0,0,0,0.79964,0.86693,-0.41886,-1,-0.99999,-0.15736,-5.5125e-05,2,0,0,1.0466,-0.79964,0.87563,-0.64477,0.20979,0.99644,0.61305,0.48494,0.23599,1.1803e-06,9999,0,1,576.17,3.7598,0.22849,0,0,0,0,0,0,0,0,1,0.53998,0.27079,-0.16548,0,0,0,0,0,10,0.23599,1.1803e-06,9999,1,576.17,3.7598,0.22849,0.53998,0.27079,-0.16548,0,0.0060361,0.79964,-1,0.87563,0.6246,-1,-0.99999,-0.00022939,0,0,0,0,0,0,0,0
0,0,0,0,0,0,0,0,0.40761,0.53594,-0.040305,1,-0.14452,2.4486e-05,3.3561e-06,1,0,0,0.55049,999,999,999,0.93903,0.48249,0.30865,0.73454,0.18234,3.6264e-07,9999,1,1,1191.4,5.6152,0.11885,0,0,0,0,0,0,0,0,1,999,999,999,0,0,0,0,0,0,0,0,0,0,0,0,0,0,0,0,0,0,0,0,0,-0.65128,-1,-0.14452,-0.073203,0,0,0,0,0,0,0,1
0,0,0,0,0,0,0,0,0.35483,0.32464,0.52486,1,0.96107,-0.027426,-7.6679e-05,1,0,0,0.65174,999,999,999,0.38769,0.67147,0.70033,0.45463,0.081364,1.3482e-06,9999,1,1,0,7.8125,0.15241,0,0,0,0,0,0,0,0,1,999,999,999,0,0,0,0,0,0,0,0,0,0,0,0,0,0,0,0,0,0,0,0,0,0.85617,-1,-0.027426,-0.59817,0,0,0,0,0,0,0,1
0,0,0,0,0,0,0,0,0.88855,0.61006,0.11842,-1,0.95239,-0.040315,0,0,0,0,0.89795,999,999,999,0.58343,0.9193,0,0,0,0,0,0,0,0,0,0,0,0,0,0,0,0,0,0,0,0,0,0,0,0,0,0,0,0,0,0,0,0,0,0,0,0,0,0,0,0.0064762,0.88855,-1,0.78113,0,0,0,0,0,0,0,0,0,0,0,1
0,0,0,0,0,0,0,0,0.37837,0.36251,0.49908,-1,-0.0026923,-0.00017422,-3.3255e-05,1,0,0,0.59083,-0.7534,-0.74596,-0.27186,0.6107,0.15111,0.52193,0.87456,0.22191,0.00017422,9999,0,-1,673.83,0,0.15111,1,0,2.617,1.2645,-0.9023,0.24066,0.082959,0.057337,1,999,999,999,0,0,0,0,0,10,0.19312,1.1227e-06,9999,1,434.57,3.9551,0.32482,0.7534,0.74596,-0.99603,6,0.010795,0.7534,-1,0.74596,0.99075,1,1.4966e-06,0.033029,0,0,0,0,0,0,0,0
0.56584,0.68189,-0.88654,1,0,0,0,0,0.25205,0.39377,0.42207,-1,0.00043633,-6.1152e-06,5.1195e-07,0,0,0,0.5147,999,999,999,0.86273,0.35447,0.20572,0.54758,0.24394,5.1195e-07,9999,1,1,605.47,4.7363,0.20572,0,0,0,0,0,0,0,0,1,999,999,999,0,0,0,0,0,0,0,0,0,0,0,0,0,0,0,0,0,0.027678,0.56584,1,0.93868,-0.77677,-1,-6.1152e-06,-0.0001486,0.56584,0.68189,-0.88654,1,1,0.027678,0.93868,1
0,0,0,0,0,0,0,0,0.59876,0.71713,-0.85633,-1,0.00088218,-2.983e-05,-2.2487e-05,2,0,0,0.96096,999,999,999,0.71778,0.5054,0.47276,0.8701,0.20579,4.3983e-07,9999,1,1,693.36,4.9316,0.17191,0,0,0,0,0,0,0,0,1,999,999,999,0,0,0,0,0,0,0,0,0,0,0,0,0,0,0,0,0,0.0017589,0.59876,-1,0.58234,0.31088,-1,-2.2487e-05,-0.09404,0,0,0,0,0,0,0,0
0,0,0,0,0,0,0,0,0.9862,0,0.90378,1,0.93082,-0.0035477,-0.00061733,2,0,0,1.4598,0.82413,-0.76844,-0.99437,1.5562,0.66845,0.38167,0,0,0,0,0,0,0,0,0,0,0,0,0,0,0,0,0,0,0,0,0,0,0,0,0,0,0,0,0,0,0,0,0,0,0,0,0,0,0.0029315,0.9862,1,0.82943,0,0,0,0,0,0,0,0,0,0,0,1
0,0,0,0,0,0,0,0,0.60434,0.89443,-0.80904,-1,-0.99988,-0.96785,0.80686,0,0,0,1.196,-0.63498,0.62623,-0.30394,0.35199,0.79918,0.9083,0.41997,0.099834,1.2236e-06,9999,1,1,0,23.828,0.073322,0,0,0,0,0,0,0,0,1,999,999,999,0,0,0,0,0,10,0.24856,5.6556e-06,9999,-1,493.16,3.1738,0.34837,0.68105,0.79274,-0.75363,-5,0.009654,0.97458,1,0.94324,0.71238,-1,-0.99988,-0.4618,0,0,0,0,0,0,0,0
0,0,0,0,0,0,0,0,0.35654,0.91041,0.63619,-1,-0.97358,-4.8712e-05,3.615e-06,2,0,0,0.64403,999,999,999,0.49896,0.57824,0.31424,0.80412,0.10212,4.2375e-07,9999,1,-1,673.83,6.4453,0.16268,0,0,0,0,0,0,0,0,1,999,999,999,0,0,0,0,0,0,0,0,0,0,0,0,0,0,0,0,0,0,0,0,0,-0.88155,-1,-0.97358,-0.53697,0,0,0,0,0,0,0,0
0,0,0,0,0,0,0,0,0.76719,1.0547,-0.83731,1,-0.97767,0.36548,1.23e-06,1,0,0,0.63884,999,999,999,0.4908,1.2262,0.069514,0.70922,0.1477,1.23e-06,9999,0,1,0,37.5,0.069514,0,0,0,0,0,0,0,0,1,999,999,999,0,0,0,0,0,0,0,0,0,0,0,0,0,0,0,0,0,0.040982,0.76719,1,0.94021,0.58051,-1,-0.97767,-0.2839,0,0,0,0,0,0,0,1
0,0,0,0,0,0,0,0,0.2724,0.16645,0.62064,1,-0.99898,9.6693e-06,4.2881e-07,1,0,0,0.51131,999,999,999,0.46886,0.39168,0.16567,0,0,0,0,0,0,0,0,0,0,0,0,0,0,0,0,0,0,0,0,0,0,0,0,0,0,0,0,0,0,0,0,0,0,0,0,0,0,0.0083086,0.74096,-1,0.39387,0,0,0,0,0,0,0,0,0,0,0,0
0,0,0,0,0,0,0,0,0.43532,0,-0.96144,-1,-7.9787e-06,-6.5356e-06,0,1,0,0,0.3589,999,999,999,0.37572,0.35971,0,0,0,0,0,0,0,0,0,0,0,0,0,0,0,0,0,0,0,0,0,0,0,0,0,0,0,0,0,0,0,0,0,0,0,0,0,0,0,0,0,0,0,0,0,0,0,0,0,0,0,0,0,0,1
0,0,0,0,0,0,0,0,0.96397,1.128,-0.59736,1,0.44946,0.041822,0.00063346,1,0,0,1.2594,999,999,999,0.84569,1.3688,0.38076,0,0,0,0,0,0,0,0,0,0,0,0,0,0,0,0,0,0,0,0,0,0,0,0,0,0,0,0,0,0,0,0,0,0,0,0,0,0,0.0020047,0.96397,1,0.99399,0,0,0,0,0,0,0,0,0,0,0,1
0,0,0,0,0,0,0,0,0.69107,1.4631,-0.6415,1,0.29413,0.00065439,-2.6179e-06,1,0,0,0.69234,0.69107,-0.98242,-0.77418,0.98712,0.57086,0.28999,0,0,0,0,0,0,0,0,0,0,0,0,0,0,0,0,0,0,0,0,0,0,0,0,0,0,0,0,0,0,0,0,0,0,0,0,0,0,0.024889,0.69107,1,0.98242,0,0,0,0,0,0,0,0,0,0,0,0
0,0,0,0,0,0,0,0,0.34626,0.72891,0.80989,1,-0.081588,-2.6876e-05,1.8384e-05,0,0,0,0.84852,-0.60582,-0.53178,-0.64447,1.1057,0.49369,0.45113,0,0,0,0,0,0,0,0,0,0,0,0,0,0,0,0,0,0,0,0,0,0,0,0,0,0,0,0,0,0,0,0,0,0,0,0,0,0,0.061968,0.60582,-1,0.53178,0,0,0,0,0,0,0,0,0,0,0,1
0,0,0,0,0,0,0,0,1.1478,0.57228,0.85064,1,0.015845,-0.00095639,0.00090181,0,0,0,1.5208,0.66729,0.90238,-0.99469,1.0518,1.0671,0.94082,0,0,0,0,0,0,0,0,0,0,0,0,0,0,0,0,0,0,0,0,0,0,0,0,0,0,0,0,0,0,0,0,0,0,0,0,0,0,0.0035722,1.1478,1,0.93875,0,0,0,0,0,0,0,0,0,0,0,0
0,0,0,0,0,0,0,0,2.118,0.28177,-0.82593,-1,0.096988,-0.04889,0,0,0,0,2.0293,999,999,999,1.7446,1.7439,0,0,0,0,0,0,0,0,0,0,0,0,0,0,0,0,0,0,0,0,0,0,0,0,0,0,0,0,0,0,0,0,0,0,0,0,0,0,0,0.019147,2.118,-1,0.99894,0,0,0,0,0,0,0,0,0,0,0,0
0,0,0,0,0,0,0,0,0.97228,1.7444,0.8019,-1,-0.92367,-0.68385,-0.088824,2,0,0,1.7097,-0.97228,0.97172,-0.84067,0.93599,0.91875,1.2484,0.95301,0.11689,3.6375e-07,9999,0,1,1269.5,7.5195,0.1198,0,0,0,0,0,0,0,0,1,0.97228,0.97172,-0.86639,0,0,0,0,0,10,0.11689,3.6375e-07,9999,1,1269.5,7.5195,0.1198,0.97228,0.97172,-0.86639,2,0.016569,0.97228,-1,0.97172,0.99305,-1,-0.68385,-0.82583,0,0,0,0,0,0,0,0
0,0,0,0,0,0,0,0,0.45499,0.22222,0.68417,-1,-0.36861,7.0292e-06,-8.4418e-07,0,0,0,0.61739,999,999,999,0.69214,0.36549,0.28888,0.89419,0.17292,5.6043e-07,9999,1,1,478.52,4.0527,0.22347,0,0,0,0,0,0,0,0,1,999,999,999,0,0,0,0,0,0,0,0,0,0,0,0,0,0,0,0,0,0,0,0,0,0.72347,-1,-0.36861,-0.45761,0,0,0,0,0,0,0,0
0,0,0,0,0.67418,0.55503,-0.31713,1,0.68499,0.31257,0.23703,1,0.01904,-0.0029035,-0.00021638,3,1,0.49738,1.2153,0.68499,-0.77918,-0.99456,1.0591,1.4857,0.24884,0,0,0,0,0,0,0,0,0,0,0,0,0,0,0,0,0,0,0,0,0,0,0,0,0,0,0,0,0,0,0,0,0,0,0,0,0,0,0.015737,1.0853,-1,0.58666,0,0,0,0,0,0,0,0,0,0,0,1
0.434,0.84263,0.34702,1,0,0,0,0,0.68381,1.2766,-0.38561,1,0.71696,-0.16949,-1.6454e-05,0,0,0,1.035,999,999,999,0.64885,0.71559,0.43996,0.57704,0.068365,1.215e-06,9999,1,1,0,10.547,0.10503,0,0,0,0,0,0,0,0,1,0.62422,0.90028,-0.82644,0,0,0,0,0,10,0.068365,1.215e-06,9999,1,0,10.547,0.10503,0.62422,0.90028,-0.82644,4,0.010516,0.68381,1,0.5786,-0.82644,-1,-0.16949,-0.72843,0.434,0.84263,0.34702,1,1,0.0054043,0.87159,1
0,0,0,0,0,0,0,0,0.31621,0.073672,0.55402,1,-0.99668,0.941,-0.73761,0,0,0,0.92986,-0.68847,-0.95695,-0.76754,0.56069,1.1144,0.45246,0,0,0,0,0,0,0,0,0,0,0,0,0,0,0,0,0,0,0,0,0,0,0,0,0,0,0,0,0,0,0,0,0,0,0,0,0,0,0.0052113,0.68847,-1,0.95695,0,0,0,0,0,0,0,0,0,0,0,0
0,0,0,0,0,0,0,0,0.92298,0.3316,-0.64201,-1,-0.57138,1.248e-05,4.8879e-06,1,0,0,0.65617,999,999,999,1.5078,0.41395,0.33712,0,0,0,0,0,0,0,0,0,0,0,0,0,0,0,0,0,0,0,0,0,0,0,0,0,0,0,0,0,0,0,0,0,0,0,0,0,0,0.034969,0.92298,-1,0.97742,0,0,0,0,0,0,0,0,0,0,0,1
0,0,0,0,0,0,0,0,1.1093,0.83155,-0.5056,-1,-0.9987,0.951,-0.13648,1,0,0,1.2505,-0.50147,0.94358,-0.59706,0.48523,0.47275,0.87483,0.8363,0.16441,6.1756e-07,9999,1,1,478.52,5.0293,0.24095,0,0,0,0,0,0,0,0,1,0.50147,0.94358,-0.67397,0,0,0,0,0,10,0.16441,6.1756e-07,9999,1,478.52,5.0293,0.24095,0.50147,0.94358,-0.67397,0,0.0098719,1.1093,-1,0.82966,0.62814,-1,-0.9987,-0.35981,0,0,0,0,0,0,0,1
0,0,0,0,0,0,0,0,0.65286,0.83937,-0.76277,1,7.5845e-05,3.0597e-05,-2.9082e-05,2,0,0,0.99589,999,999,999,0.68997,0.51044,0.50362,0.43289,0.14269,3.5589e-07,9999,1,-1,1875,8.8867,0.11287,0,0,0,0,0,0,0,0,1,0.65286,0.73664,-0.27443,0,0,0,0,0,10,0.14269,3.5589e-07,9999,-1,1875,8.8867,0.11287,0.65286,0.73664,-0.27443,-5,0.0032849,0.64349,-1,0.98086,-0.035412,1,3.0597e-05,0.15478,0,0,0,0,0,0,0,1
0,0,0,0,0,0,0,0,0.63469,0.80795,-0.36276,1,0.57244,0.031892,-0.00017443,2,0,0,1.0376,0.53628,0.68385,-0.99884,0.83506,0.82543,0.14745,0.99045,0.17312,0.00017443,9999,0,-1,849.61,0,0.14745,0,0,0,0,0,0,0,0,1,0.53628,0.68385,-0.74263,0,0,0,0,0,10,0.17312,0.00017443,9999,-1,849.61,0,0.14745,0.53628,0.68385,-0.74263,-2,0.016768,0.71428,-1,0.89455,0.76087,1,0.57244,0.8452,0,0,0,0,0,0,0,1
0,0,0,0,0,0,0,0,0.75858,0,-0.50867,1,0.94611,-0.058561,6.6516e-05,3,1,0.49824,0.73288,999,999,999,1.1374,0.86468,0.50518,0.93314,0.14438,5.8814e-07,9999,0,-1,673.83,3.7598,0.23235,1,0,-0.029385,-2.9545,2.253,0.00035633,0.29998,0.76386,1,0.75858,0.69281,-0.39674,0,0,0,0,0,10,0.14438,5.8814e-07,9999,-1,673.83,3.7598,0.23235,0.75858,0.69281,-0.39674,-8,0.0020356,0.75858,1,0.69281,-0.39674,1,0.94611,0.74357,0,0,0,0,0,0,0,1
0,0,0,0,0,0,0,0,0.61704,0.219,-0.12484,1,-0.9132,0.00063097,-0.00046697,2,0,0,0.87318,999,999,999,0.30138,0.47682,0.64986,0.85183,0.073009,3.8216e-07,9999,0,1,888.67,7.5195,0.13468,0,0,0,0,0,0,0,0,1,999,999,999,0,0,0,0,0,10,0.24608,0.9132,9999,-1,0,16.211,0.30138,0.61704,0.90898,-0.61433,-3,0.01231,0.61704,1,0.90898,0.28803,-1,-0.9132,-0.75091,0,0,0,0,0,0,0,0
0,0,0,0,0,0,0,0,0.75877,1.7114,-0.96684,1,-0.997,0.98656,6.4128e-05,0,2,0.50129,1.0061,999,999,999,0.54267,0.52507,0.65348,0,0,0,0,0,0,0,0,0,0,0,0,0,0,0,0,0,0,0,0,0,0,0,0,0,0,0,0,0,0,0,0,0,0,0,0,0,0,0.01296,0.75877,1,0.89468,0,0,0,0,0,0,0,0,0,0,0,0
0,0,0,0,0,0,0,0,0.77946,0.78387,0.92687,-1,-0.00030902,-8.111e-07,5.4041e-07,0,1,0.49686,0.82523,999,999,999,0.96672,0.28333,0.21652,0.98128,0.20261,8.111e-07,9999,0,-1,532.23,4.7852,0.28333,0,0,0,0,0,0,0,0,1,999,999,999,0,0,0,0,0,10,0.18947,5.4041e-07,9999,1,571.29,5.7129,0.21652,0.77946,0.89604,-0.89733,6,0.022028,0.77946,-1,0.89604,-0.89733,-1,-0.00030902,-0.017766,0,0,0,0,0,0,0,1
0,0,0,0,0,0,0,0,0.84759,1.2203,0.25857,1,0.99998,0.31106,-3.168e-05,0,0,0,0.75658,0.84759,0.94651,-0.8566,0.26358,1.3166,0.51481,0,0,0,0,0,0,0,0,0,0,0,0,0,0,0,0,0,0,0,0,0,0,0,0,0,0,0,0,0,0,0,0,0,0,0,0,0,0,0.016226,0.7491,-1,0.95208,0,0,0,0,0,0,0,0,0,0,0,0
0,0,0,0,0,0,0,0,0.89565,1.4426,-0.91241,1,0.9997,-0.94648,0.92842,2,0,0,1.3024,0.89565,-0.82174,-0.86344,0.39748,1.2259,0.72773,0.70491,0.13653,3.3759e-07,9999,1,-1,2929.7,3.5156,0.095081,0,0,0,0,0,0,0,0,1,999,999,999,0,0,0,0,0,0,0,0,0,0,0,0,0,0,0,0,0,0.0132,0.89565,1,0.82174,0.45866,1,0.92842,0.37354,0,0,0,0,0,0,0,1
0,0,0,0,0,0,0,0,1.146,0.60505,-0.539,1,0.30784,-0.00010216,3.7389e-05,4,2,0.49645,1.0181,0.62059,-0.89366,-0.64884,1.8373,0.75211,0.53934,0,0,0,0,0,0,0,0,0,0,0,0,0,0,0,0,0,0,0,0,0,0,0,0,0,0,0,0,0,0,0,0,0,0,0,0,0,0,0.0027464,0.62059,1,0.89366,0,0,0,0,0,0,0,0,0,0,0,0
0,0,0,0,0,0,0,0,0.42317,1.1826,-0.3829,-1,-0.99962,1.5838e-05,-1.575e-05,1,0,0,0.75635,999,999,999,0.40967,0.43623,0.43569,0.2484,0.15415,2.4633e-06,9999,1,1,0,4.1992,0.24764,0,0,0,0,0,0,0,0,1,999,999,999,0,0,0,0,0,0,0,0,0,0,0,0,0,0,0,0,0,0,0,0,0,-0.55549,-1,-0.99962,-0.057341,0,0,0,0,0,0,0,1
0,0,0,0,0,0,0,0,0.97788,0.85336,-0.51249,1,0.0032197,0.00017455,-2.2449e-05,1,1,0.49558,1.2099,0.97788,-0.77913,-0.59633,1.0309,0.87001,0.47257,0.11745,0.19288,1.5602e-06,9999,0,-1,0,5.3711,0.18457,0,1,0,0,0,0,0,0,1,999,999,999,0,0,0,0,0,0,0,0,0,0,0,0,0,0,0,0,0,0.015862,0.97788,1,0.77913,0.66381,1,0.00017455,0.001724,0,0,0,0,0,0,0,0
0.48647,0.76554,0.2816,-1,0,0,0,0,0.41301,0.81606,0.21979,1,-3.9593e-06,6.7267e-07,0,0,0,0,0.30192,999,999,999,0.3211,0.25519,0,0,0,0,0,0,0,0,0,0,0,0,0,0,0,0,0,0,0,0,0,0,0,0,0,0,0,0,0,0,0,0,0,0,0,0,0,0,0,0,0,0,0,0,0,0,0,0.48647,0.76554,0.2816,-1,1,0.0050207,0.89649,1
0,0,0,0,0,0,0,0,0.98794,0.34271,-0.99809,1,0.97112,0.035061,-0.00013644,0,0,0,1.0843,999,999,999,0.67895,1.4596,0.78711,0,0,0,0,0,0,0,0,0,0,0,0,0,0,0,0,0,0,0,0,0,0,0,0,0,0,0,0,0,0,0,0,0,0,0,0,0,0,0.019303,0.98794,1,0.88747,0,0,0,0,0,0,0,0,0,0,0,1
0,0,0,0,1.4713,0,0.2384,1,0.52005,0.32879,0.26277,-1,0.096584,-0.0014424,0.00049139,0,1,0.49587,1.7603,1.4713,-0.97223,-0.67382,1.1234,0.84818,1.3068,0,0,0,0,0,0,0,0,0,0,0,0,0,0,0,0,0,0,0,0,0,0,0,0,0,0,0,0,0,0,0,0,0,0,0,0,0,0,0.025943,1.4713,1,0.97223,0,0,0,0,0,0,0,0,0,0,0,0
1.4991,0.093558,-0.48237,1,0,0,0,0,0.78293,0.63374,-0.24574,1,0.1059,0.021022,-0.00060892,0,0,0,1.3397,0.78293,0.7872,-0.62026,1.0702,0.90703,0.75777,0,0,0,0,0,0,0,0,0,0,0,0,0,0,0,0,0,0,0,0,0,0,0,0,0,0,0,0,0,0,0,0,0,0,0,0,0,0,0.014682,1.4991,1,0.94723,0,0,0,0,0,0,0,0,0,0,0,1
0,0,0,0,0,0,0,0,1.8826,0.1401,0.33114,-1,-0.96161,-0.0055102,-1.2887e-06,2,0,0,2.1176,-1.8826,0.97193,-0.984,1.0103,2.1955,0.048104,0.95873,0.12525,3.7814e-07,9999,0,1,493.16,11.035,0.13158,0,0,0,0,0,0,0,0,1,1.8826,0.97193,-0.90921,0,0,0,0,0,10,0.12525,3.7814e-07,9999,1,493.16,11.035,0.13158,1.8826,0.97193,-0.90921,0,0.0014421,1.8826,-1,0.97193,0.93103,-1,-0.96161,-0.83155,0,0,0,0,0,0,0,0
0,0,0,0,0,0,0,0,1.7553,0.27549,-0.90239,1,0.011998,0.0088196,-2.8447e-05,0,0,0,1.1092,0.65566,0.80665,-0.64155,1.139,0.85108,0.5009,0.4832,0.117,4.2485e-07,9999,1,-1,673.83,6.4453,0.16334,0,0,0,0,0,0,0,0,1,1.7553,0.90552,-0.39304,0,0,0,0,0,10,0.117,4.2485e-07,9999,-1,673.83,6.4453,0.16334,1.7553,0.90552,-0.39304,-6,0.014951,1.7553,1,0.90552,0.89212,1,0.0088196,0.3598,0,0,0,0,0,0,0,0
0,0,0,0,0,0,0,0,0.79653,0.64721,-0.89404,-1,0.99428,-0.12079,0.0007493,1,0,0,1.1356,999,999,999,0.18188,1.1652,0.77797,0.99607,0.24292,1.7936e-06,9999,0,1,478.52,3.6621,0.37389,0,0,0,0,0,0,0,0,1,999,999,999,0,0,0,0,0,10,0.15164,3.9484e-07,9999,-1,820.31,5.8594,0.14394,0.72643,0.85394,-0.2248,-0,0.0095127,0.79653,-1,0.66514,0.83464,1,0.99428,0.036448,0,0,0,0,0,0,0,0
0,0,0,0,0,0,0,0,1.312,0.95219,-0.40544,-1,-0.93443,-0.042442,8.5479e-06,0,0,0,1.4647,-1.0403,0.99692,-0.85984,1.0415,1.4767,0.38137,0.87191,0.13711,5.7178e-07,9999,0,1,605.47,5.2246,0.22721,0,0,0,0,0,0,0,0,1,1.312,0.88745,-0.99663,0,0,0,0,0,10,0.13711,5.7178e-07,9999,1,605.47,5.2246,0.22721,1.312,0.88745,-0.99663,0,0.0072026,1.312,-1,0.88745,-0.99663,-1,-0.93443,-0.62674,0,0,0,0,0,0,0,0
0,0,0,0,0,0,0,0,0.80393,1.6241,-0.90746,1,4.6952e-05,4.5982e-05,-2.3222e-05,3,0,0,0.80404,0.80393,-0.9479,-0.92872,0.57874,0.5692,0.47624,0.78713,0.080785,1.2169e-06,9999,0,-1,0,3.3203,0.10696,0,0,0,0,0,0,0,0,1,999,999,999,0,0,0,0,0,0,0,0,0,0,0,0,0,0,0,0,0,0.00024376,0.80393,1,0.9479,0.5497,1,4.5982e-05,0.71979,0,0,0,0,0,0,0,0
0.84934,0,0.87052,-1,0,0,0,0,0.44788,0.84934,-0.40494,1,-0.022673,1.0088e-05,0,0,0,0,0.789,999,999,999,1.2633,0.39528,0,0,0,0,0,0,0,0,0,0,0,0,0,0,0,0,0,0,0,0,0,0,0,0,0,0,0,0,0,0,0,0,0,0,0,0,0,0,0,0.010754,0.84934,-1,0.99206,0,0,0,0,0.84934,0,0.87052,-1,1,0.010754,0.99206,0
0,0,0,0,0,0,0,0,0.94717,0.42361,-0.28777,-1,-0.99961,-0.00072345,7.856e-05,0,0,0,1.2302,-0.94717,0.86402,-0.1936,0.36913,1.0033,0.70958,0.60251,0.11359,4.8177e-07,9999,1,-1,644.53,4.7363,0.19285,0,0,0,0,0,0,0,0,1,0.62352,0.98154,-0.68087,0,0,0,0,0,10,0.11359,4.8177e-07,9999,-1,644.53,4.7363,0.19285,0.62352,0.98154,-0.68087,-2,0.0054086,0.94717,-1,0.86402,-0.53378,1,8.7639e-06,0.46175,0,0,0,0,0,0,0,1
0,0,0,0,0,0,0,0,1.8256,0.53164,-0.93455,1,0.067359,-0.0047968,0.0019008,0,0,0,1.0345,0.74133,0.73741,-0.49834,1.1277,0.92935,0.94461,0.51732,0.17456,4.5038e-07,9999,1,-1,664.06,5.957,0.17757,0,0,0,0,0,0,0,0,1,0.74133,0.73741,-0.71958,0,0,0,0,0,10,0.17456,4.5038e-07,9999,-1,664.06,5.957,0.17757,0.74133,0.73741,-0.71958,-0,0.016646,1.8256,1,0.95117,0.39016,1,0.067359,0.033923,0,0,0,0,0,0,0,1
0.45709,0.21434,0.23951,1,0,0,0,0,0.95307,0.14048,-0.11565,-1,0.9883,-0.92324,2.3428e-05,2,1,0.49208,1.2417,999,999,999,0.74088,1.2062,0.47741,0,0,0,0,0,0,0,0,0,0,0,0,0,0,0,0,0,0,0,0,0,0,0,0,0,0,0,0,0,0,0,0,0,0,0,0,0,0,0.012279,0.95307,-1,0.99704,0,0,0,0,0.45709,0.21434,0.23951,1,1,0.015547,0.54959,0
0,0,0,0,0,0,0,0,0.23315,0.22217,-0.60312,1,0.86894,-1.2338e-06,4.9705e-07,2,0,0,0.19913,999,999,999,0.60588,0.067506,0.19957,0.47826,0.23315,4.9705e-07,9999,1,1,546.88,6.4453,0.19957,0,0,0,0,0,0,0,0,1,999,999,999,0,0,0,0,0,0,0,0,0,0,0,0,0,0,0,0,0,0,0,0,0,0.2089,-1,-1.2338e-06,-0.0002793,0,0,0,0,0,0,0,1
0,0,0,0,0,0,0,0,0.41539,0.70858,0.87539,1,1.116e-05,6.8521e-07,-3.644e-07,2,1,0.49482,0.47139,999,999,999,0.40402,0.25814,0.12036,0,0,0,0,0,0,0,0,0,0,0,0,0,0,0,0,0,0,0,0,0,0,0,0,0,0,0,0,0,0,0,0,0,0,0,0,0,0,0,0,0,0,0,0,0,0,0,0,0,0,0,0,0,1
0,0,0,0,0,0,0,0,1.6998,0.50433,0.8701,1,0.99304,-0.96218,-0.010146,0,0,0,2.2715,1.6998,0.98361,-0.94166,0.58946,0.94072,1.2308,0,0,0,0,0,0,0,0,0,0,0,0,0,0,0,0,0,0,0,0,0,0,0,0,0,0,0,0,0,0,0,0,0,0,0,0,0,0,0.0041358,1.6998,1,0.98361,0,0,0,0,0,0,0,0,0,0,0,1
0,0,0,0,0,0,0,0,1.0796,0.61071,-0.43744,1,-1,0.010756,0.0004327,0,0,0,1.3191,999,999,999,0.15986,1.0659,1.044,0.8207,0.11732,3.8453e-07,9999,1,-1,917.97,7.3242,0.13646,0,0,0,0,0,0,0,0,1,1.0796,0.9932,-0.77802,0,0,0,0,0,10,0.11732,3.8453e-07,9999,-1,917.97,7.3242,0.13646,1.0796,0.9932,-0.77802,-2,0.0027136,1.0796,1,0.9932,0.87259,1,0.0004327,0.63302,0,0,0,0,0,0,0,1
0,0,0,0,0,0,0,0,1.0065,0,-0.84792,1,0.036629,-2.7725e-05,0,0,0,0,0.96565,999,999,999,1.4625,0.497,0,0,0,0,0,0,0,0,0,0,0,0,0,0,0,0,0,0,0,0,0,0,0,0,0,0,0,0,0,0,0,0,0,0,0,0,0,0,0,0.0019518,1.0065,1,0.99888,0,0,0,0,0,0,0,0,0,0,0,1
0,0,0,0,0,0,0,0,0.51146,0.72418,-0.3265,1,-0.097703,0.022838,5.6307e-06,0,0,0,1.0972,999,999,999,0.98278,1.0721,0.3238,0.78677,0.20263,4.4476e-07,9999,1,-1,732.42,5.127,0.17459,0,0,0,0,0,0,0,0,1,0.774,0.72728,-0.94332,0,0,0,0,0,10,0.20263,4.4476e-07,9999,-1,732.42,5.127,0.17459,0.774,0.72728,-0.94332,-6,0.0018954,0.79302,-1,0.69727,0.095457,1,5.6307e-06,0.03351,0,0,0,0,0,0,0,1
0,0,0,0,0,0,0,0,0.50545,1.0221,-0.71875,-1,-5.1594e-05,4.6726e-07,0,0,0,0,0.51835,999,999,999,0.59523,0.18606,0,0,0,0,0,0,0,0,0,0,0,0,0,0,0,0,0,0,0,0,0,0,0,0,0,0,0,0,0,0,0,0,0,0,0,0,0,0,0,0.01425,0.50545,-1,0.80998,0,0,0,0,0,0,0,0,0,0,0,1
0,0,0,0,0,0,0,0,0.99661,1.6116,-0.8771,-1,-0.22449,-7.1084e-05,4.2335e-05,1,0,0,1.2783,-0.69957,-0.82469,-0.9783,1.4031,0.61598,0.55703,0.97825,0.16756,6.3797e-07,9999,1,1,644.53,4.1504,0.24648,1,0,3.1751,1.3355,3.2901,0.16636,0.0141,0.29963,1,0.69957,0.82469,-0.73001,0,0,0,0,0,10,0.16756,6.3797e-07,9999,1,644.53,4.1504,0.24648,0.69957,0.82469,-0.73001,21,0.00065309,0.99661,-1,0.92056,0.85577,-1,-0.22449,-0.8195,0,0,0,0,0,0,0,0
0,0,0,0,0,0,0,0,0.55961,0.33501,-0.22467,1,0.006805,0.00071271,1.1521e-05,1,0,0,0.67036,999,999,999,0.84276,1.118,0.40682,0,0,0,0,0,0,0,0,0,0,0,0,0,0,0,0,0,0,0,0,0,0,0,0,0,0,0,0,0,0,0,0,0,0,0,0,0,0,0.018452,0.55961,1,0.84851,0,0,0,0,0,0,0,0,0,0,0,1
0,0,0,0,0,0,0,0,0.31842,1.6475,0.23477,1,0.00018678,-3.9211e-06,1.418e-06,1,0,0,0.44009,999,999,999,0.20926,0.32037,0.31735,0,0,0,0,0,0,0,0,0,0,0,0,0,0,0,0,0,0,0,0,0,0,0,0,0,0,0,0,0,0,0,0,0,0,0,0,0,0,0,0,0,0,0,0,0,0,0,0,0,0,0,0,0,1
0,0,0,0,0,0,0,0,1.3386,0.92084,-0.95285,1,0.99999,0.015679,-0.00018181,2,0,0,1.1686,1.3386,0.74995,-0.93429,0.22708,2.0476,0.11283,0.6301,0.20175,0.99999,9999,1,1,2734.4,22.266,0.22708,0,0,0,0,0,0,0,0,1,999,999,999,0,0,0,0,0,0,0,0,0,0,0,0,0,0,0,0,0,0.00022328,1.3386,1,0.74995,0.46764,-1,-2.8481e-06,-6.1576e-06,0,0,0,0,0,0,0,1
0,0,0,0,1.8433,0,-0.93918,1,0.39048,1.2107,0.4586,-1,-0.47496,0.10498,0.0002034,1,0,0,1.9272,999,999,999,0.67909,2.1829,0.23475,0.38391,0.16456,6.8913e-07,9999,1,1,532.23,5.1758,0.25904,0,0,0,0,0,0,0,0,1,999,999,999,0,0,0,0,0,0,0,0,0,0,0,0,0,0,0,0,0,0.0050139,1.8433,1,0.9963,0.11554,-1,-0.47496,-0.044613,0,0,0,0,0,0,0,1
0,0,0,0,0,0,0,0,1.4344,0.65272,-0.71295,1,-0.96423,0.053896,-4.6311e-06,0,0,0,1.6685,999,999,999,0.75727,1.6497,0.333,0.98477,0.20564,5.7795e-07,9999,1,1,576.17,3.9551,0.22918,0,0,0,0,0,0,0,0,1,999,999,999,0,0,0,0,0,0,0,0,0,0,0,0,0,0,0,0,0,0.03507,1.4344,1,0.92981,0.68505,-1,-0.96423,-0.62749,0,0,0,0,0,0,0,0
0,0,0,0,0,0,0,0,0.76628,1.1767,-0.88462,-1,0.99543,0.0023696,-0.00060928,0,0,0,1.0154,0.53218,0.93597,-0.25009,0.5758,0.69238,0.56313,0,0,0,0,0,0,0,0,0,0,0,0,0,0,0,0,0,0,0,0,0,0,0,0,0,0,0,0,0,0,0,0,0,0,0,0,0,0,0.015785,0.76628,-1,0.6296,0,0,0,0,0,0,0,0,0,0,0,1
0,0,0,0,0,0,0,0,0.95697,0.95084,-0.98139,1,0.038181,0.00017419,-6.9111e-06,0,0,0,0.99125,999,999,999,1.3279,0.15994,0.48141,0.42151,0.16617,0.00017419,9999,1,1,908.2,0,0.15994,0,0,0,0,0,0,0,0,1,999,999,999,0,0,0,0,0,10,0.24939,5.7715e-07,9999,-1,571.29,5.3223,0.22892,0.95697,0.9846,-0.37902,-4,0.012207,0.95697,1,0.9846,-0.31993,-1,-6.9111e-06,-0.044489,0,0,0,0,0,0,0,1
0.89416,0.92952,-0.78122,1,0,0,0,0,0.66123,0.14193,-0.59681,1,0.99797,-0.99751,0.41571,5,1,0.49713,1.1423,0.89416,-0.93817,-0.8768,0.51781,0.52757,0.73597,0.81051,0.096422,3.4902e-07,9999,0,-1,1464.8,10.84,0.10647,0,0,0,0,0,0,0,0,1,0.89416,0.93817,-0.55812,0,0,0,0,0,10,0.096422,3.4902e-07,9999,-1,1464.8,10.84,0.10647,0.89416,0.93817,-0.55812,-4,0.016663,0.89416,1,0.93817,-0.55812,1,0.41571,0.69178,0.89416,0.92952,-0.78122,1,1,0.016663,0.93817,0
0,0,0,0,0,0,0,0,0.49714,1.4759,0.84611,-1,0.99384,-4.7903e-05,1.5505e-05,1,0,0,0.83659,999,999,999,0.18716,0.5824,0.31377,0.887,0.21839,0.99384,9999,0,1,3554.7,0,0.18716,0,0,0,0,0,0,0,0,1,999,999,999,0,0,0,0,0,0,0,0,0,0,0,0,0,0,0,0,0,0,0,0,0,0.81741,-1,-1.047e-05,-6.4956e-06,0,0,0,0,0,0,0,1
0,0,0,0,0,0,0,0,0.78112,0.74999,-0.49345,1,0.98488,-0.084897,0.00077237,0,0,0,1.0211,0.78112,-0.71288,-0.79718,0.47444,1.0384,0.72191,0,0,0,0,0,0,0,0,0,0,0,0,0,0,0,0,0,0,0,0,0,0,0,0,0,0,0,0,0,0,0,0,0,0,0,0,0,0,0.0075135,0.78112,1,0.71288,0,0,0,0,0,0,0,0,0,0,0,1
0,0,0,0,1.0627,0.60346,-0.83891,1,0.25179,1.3383,-0.43119,-1,-0.98965,-0.97834,0.86164,0,0,0,1.2185,999,999,999,0.61962,0.83712,0.22072,0.2508,0.17412,0.86164,9999,1,1,0,20.117,0.22072,0,0,0,0,0,0,0,0,1,0.52687,0.65591,-0.49661,0,0,0,0,0,10,0.17412,0.86164,9999,1,0,20.117,0.22072,0.52687,0.65591,-0.49661,22,0.0041623,1.0627,1,0.94117,0.57503,-1,-0.98965,-3.7498e-05,0,0,0,0,0,0,0,0
0,0,0,0,0,0,0,0,0.88774,0.56689,-0.71322,1,0.033872,0.01042,-4.8951e-06,2,0,0,0.99528,999,999,999,1.1112,1.4939,0.4567,0.5538,0.17538,5.4718e-07,9999,1,-1,556.64,4.6875,0.21892,0,0,0,0,0,0,0,0,1,999,999,999,0,0,0,0,0,0,0,0,0,0,0,0,0,0,0,0,0,0.0058605,0.88774,1,0.8958,0.21995,1,0.033872,0.036557,0,0,0,0,0,0,0,1
0.7213,0.29019,-0.29087,-1,0,0,0,0,0.27137,0.21222,-0.60525,-1,-0.00069791,-3.965e-06,4.1883e-07,0,0,0,0.78679,999,999,999,0.79461,0.32121,0.1597,0.39805,0.14386,4.1883e-07,9999,1,1,839.84,6.8359,0.1597,0,0,0,0,0,0,0,0,1,999,999,999,0,0,0,0,0,0,0,0,0,0,0,0,0,0,0,0,0,0.01223,0.7213,-1,0.73346,0.91132,-1,-0.00069791,-0.13969,0.7213,0.29019,-0.29087,-1,1,0.01223,0.73346,0
0.50706,1.133,-0.19564,1,0,0,0,0,0.96872,0.6773,0.012049,-1,-0.96896,-0.96206,0.82659,0,0,0,1.6271,-0.73029,0.88266,-0.71335,1.3116,0.85189,0.91894,0.30362,0.17791,4.678e-07,9999,1,1,581.05,4.7852,0.18632,0,0,0,0,0,0,0,0,1,0.96872,0.9219,-0.58845,0,0,0,0,0,10,0.17791,4.678e-07,9999,1,581.05,4.7852,0.18632,0.96872,0.9219,-0.58845,0,0.018045,0.96872,-1,0.9219,-0.14346,-1,-0.96206,-0.01301,0.50706,1.133,-0.19564,1,1,0.031666,0.80345,0
0,0,0,0,1.7709,0,-0.43712,1,1.1771,0.18837,0.48007,-1,0.97907,-0.66303,7.2631e-05,0,0,0,1.9708,999,999,999,0.62213,1.1011,2.4657,0,0,0,0,0,0,0,0,0,0,0,0,0,0,0,0,0,0,0,0,0,0,0,0,0,0,0,0,0,0,0,0,0,0,0,0,0,0,0.0064096,1.7709,1,0.9698,0,0,0,0,0,0,0,0,0,0,0,1
0,0,0,0,0,0,0,0,0.93877,0,-0.9271,-1,-6.7289e-05,0,0,0,0,0,0.58028,999,999,999,0.66304,0,0,0,0,0,0,0,0,0,0,0,0,0,0,0,0,0,0,0,0,0,0,0,0,0,0,0,0,0,0,0,0,0,0,0,0,0,0,0,0,0.011236,0.93877,-1,0.98234,0,0,0,0,0,0,0,0,0,0,0,0
0,0,0,0,0.6216,0.34983,0.56958,1,0.7191,0.93203,-0.93175,-1,0.00052551,-4.9623e-05,-2.2025e-05,1,0,0,0.68932,999,999,999,0.93128,0.52281,0.47044,0.79863,0.14793,4.0622e-07,9999,0,-1,820.31,4.6387,0.15169,0,0,0,0,0,0,0,0,1,0.6216,0.94399,-0.87426,0,0,0,0,0,10,0.14793,4.0622e-07,9999,-1,820.31,4.6387,0.15169,0.6216,0.94399,-0.87426,-4,0.010042,0.7191,-1,0.9229,-0.87426,1,0.00052551,0.4194,0,0,0,0,0,0,0,0
0,0,0,0,0,0,0,0,0.98311,1.859,-0.0029012,1,0.9728,0.0004966,0.00020588,2,0,0,1.1034,0.5959,0.96631,-0.57098,0.70992,0.88202,0.2377,0.96562,0.060631,1.2892e-06,9999,0,-1,0,7.8125,0.13838,0,0,0,0,0,0,0,0,1,0.98311,0.71672,-0.8729,0,0,0,0,0,10,0.060631,1.2892e-06,9999,-1,0,7.8125,0.13838,0.98311,0.71672,-0.8729,-4,0.013244,0.98311,1,0.71672,-0.8729,1,0.9728,0.84567,0,0,0,0,0,0,0,1
0,0,0,0,0,0,0,0,0.84436,1.4197,-0.99249,1,0.00065859,-1.0293e-05,4.0748e-07,0,0,0,0.84558,999,999,999,0.73266,0.39701,0.15251,0.95411,0.15451,4.0748e-07,9999,1,1,791.02,6.8359,0.15251,0,0,0,0,0,0,0,0,1,999,999,999,0,0,0,0,0,0,0,0,0,0,0,0,0,0,0,0,0,0.003971,0.84436,1,0.94333,-0.55111,-1,-1.0293e-05,-0.7766,0,0,0,0,0,0,0,0
0,0,0,0,0,0,0,0,0.49687,0.33404,0.12622,-1,-0.94625,0.049452,-0.0002758,0,0,0,1.1007,-0.78223,-0.89068,-0.8586,0.64819,1.0033,1.001,0.94529,0.10053,4.1537e-07,9999,1,1,732.42,7.2266,0.15756,0,0,0,0,0,0,0,0,1,0.78223,0.89068,-0.86453,0,0,0,0,0,10,0.10053,4.1537e-07,9999,1,732.42,7.2266,0.15756,0.78223,0.89068,-0.86453,5,0.0069308,0.78223,-1,0.89068,0.91076,-1,-0.94625,-0.81999,0,0,0,0,0,0,0,0
0,0,0,0,0,0,0,0,1.102,0.81996,-0.93971,1,0.086794,2.1219e-05,-1.2797e-06,3,0,0,0.84537,999,999,999,1.762,0.46453,0.050616,0.95531,0.13162,1.2246e-06,9999,1,-1,0,2.0996,0.11286,0,0,0,0,0,0,0,0,1,1.102,0.78195,-0.71564,0,0,0,0,0,10,0.13162,1.2246e-06,9999,-1,0,2.0996,0.11286,1.102,0.78195,-0.71564,-0,0,0,0,0,-0.71564,1,0.086794,0.819,0,0,0,0,0,0,0,1
0,0,0,0,0,0,0,0,0.89978,1.1545,-0.78144,-1,-0.90615,0.017871,-5.4882e-05,0,0,0,0.87314,-0.89978,-0.90766,-0.40122,0.2862,1.0256,0.60688,0.62196,0.1154,0.90615,9999,1,-1,0,11.23,0.2862,0,0,0,0,0,0,0,0,1,999,999,999,0,0,0,0,0,0,0,0,0,0,0,0,0,0,0,0,0,0.018508,0.89978,-1,0.90766,0.69956,1,0.017871,0.0016284,0,0,0,0,0,0,0,0
0,0,0,0,0,0,0,0,0.97671,1.1864,0.49294,1,-0.00027015,0.00025828,0.00014572,0,0,0,1.1793,999,999,999,0.8396,0.79605,0.81046,0,0,0,0,0,0,0,0,0,0,0,0,0,0,0,0,0,0,0,0,0,0,0,0,0,0,0,0,0,0,0,0,0,0,0,0,0,0,0.0042442,0.97671,1,0.98409,0,0,0,0,0,0,0,0,0,0,0,0
0,0,0,0,0,0,0,0,1.4314,1.4345,-0.91948,1,0.118,-4.1607e-07,0,0,0,0,1.1746,999,999,999,1.174,0.158,0,0.26688,0.23827,4.1607e-07,9999,1,-1,673.83,8.0078,0.158,0,0,0,0,0,0,0,0,1,999,999,999,0,0,0,0,0,0,0,0,0,0,0,0,0,0,0,0,0,0.018098,1.4314,1,0.99981,0.25026,1,0.118,0.0001411,0,0,0,0,0,0,0,0
0,0,0,0,0,0,0,0,2.2852,0.038043,-0.97392,1,0.015022,6.0648e-05,-3.1181e-05,0,0,0,2.2368,0.52297,-0.88291,-0.86484,3.1549,0.62881,0.51299,0.99794,0.18049,4.2743e-07,9999,1,-1,839.84,8.0078,0.16486,0,0,0,0,0,0,0,0,1,2.2852,0.99923,-0.99929,0,0,0,0,0,10,0.18049,4.2743e-07,9999,-1,839.84,8.0078,0.16486,2.2852,0.99923,-0.99929,-5,0.0040275,2.2852,1,0.99923,0.85178,1,6.0648e-05,0.85057,0,0,0,0,0,0,0,1
0,0,0,0,0,0,0,0,0.89254,1.0567,0.78732,1,0.00079138,-0.00022463,-8.3894e-05,0,0,0,0.9796,999,999,999,0.69624,0.60699,0.69066,0.78227,0.2385,2.7495e-06,9999,1,-1,498.05,4.1504,0.29368,0,0,0,0,0,0,0,0,1,999,999,999,0,0,0,0,0,0,0,0,0,0,0,0,0,0,0,0,0,0.025154,0.89254,1,0.99432,0.82348,1,4.9938e-06,0.0014781,0,0,0,0,0,0,0,1
1.5631,0.22638,-0.069751,1,0.5748,1.6804,-0.75864,-1,0.76093,1.3578,-0.42649,1,0.84383,0.010243,-0.00025435,0,0,0,1.2026,1.5631,-0.96979,-0.86939,1.1404,1.054,0.68482,0,0,0,0,0,0,0,0,0,0,0,0,0,0,0,0,0,0,0,0,0,0,0,0,0,0,0,0,0,0,0,0,0,0,0,0,0,0,0.031416,1.5631,1,0.96979,0,0,0,0,0,0,0,0,0,0,0,1
0,0,0,0,0,0,0,0,0.50274,1.2552,-0.86455,-1,-0.0001751,8.3549e-05,1.5705e-05,1,0,0,0.83988,999,999,999,0.17127,0.72387,0.43542,0.51958,0.21694,0.0001751,9999,0,-1,693.36,0,0.17127,0,0,0,0,0,0,0,0,1,0.54562,0.9047,-0.81874,0,0,0,0,0,10,0.21694,0.0001751,9999,-1,693.36,0,0.17127,0.54562,0.9047,-0.81874,-4,0.025651,0.50274,-1,0.66954,0.18668,1,1.5705e-05,0.0011829,0,0,0,0,0,0,0,1
0,0,0,0,1.5193,0,-0.27225,1,0.80731,0,-0.29422,-1,0.055268,0.00075828,-7.6267e-05,1,0,0,1.4653,0.86816,0.80755,-0.72525,1.1645,1.3435,0.70941,0,0,0,0,0,0,0,0,0,0,0,0,0,0,0,0,0,0,0,0,0,0,0,0,0,0,0,0,0,0,0,0,0,0,0,0,0,0,0.0032557,1.5193,1,0.93167,0,0,0,0,0,0,0,0,0,0,0,1
0,0,0,0,0,0,0,0,1.3562,0.76955,0.67046,-1,-0.97701,-0.077661,0.00024975,2,0,0,1.5081,-1.3562,0.95854,-0.7768,0.7329,2.1048,0.92003,0.82725,0.14188,1.2094e-06,9999,0,-1,0,3.6621,0.0947,0,0,0,0,0,0,0,0,1,999,999,999,0,0,0,0,0,10,0.13662,3.4662e-07,9999,1,966.8,3.0273,0.10417,1.3562,0.95854,-0.3726,11,0.0072776,1.3562,-1,0.95854,-0.16823,-1,-0.97701,-0.11887,0,0,0,0,0,0,0,0
1.0126,0.06191,0.16758,-1,0.69681,0.17522,-0.31478,1,0.98266,0.95278,-0.97089,-1,-0.043304,0.016383,-0.00022946,0,0,0,1.2607,-1.0126,-0.91015,-0.39765,1.2327,1.0434,0.69961,0,0,0,0,0,0,0,0,0,0,0,0,0,0,0,0,0,0,0,0,0,0,0,0,0,0,0,0,0,0,0,0,0,0,0,0,0,0,0.00035801,1.0126,-1,0.91015,0,0,0,0,0,0,0,0,0,0,0,0
0,0,0,0,0,0,0,0,0.96762,0.45471,0.91304,1,0.017166,0.00019333,-5.5467e-07,0,0,0,0.97299,999,999,999,0.96403,0.22082,0.22152,0.48535,0.10544,4.3158e-07,9999,1,-1,722.66,5.8594,0.16727,0,0,0,0,0,0,0,0,1,999,999,999,0,0,0,0,0,10,0.19602,5.5467e-07,9999,-1,585.94,3.9551,0.22152,0.96762,0.9971,-0.73651,-0,0.010815,0.96762,1,0.9971,0.4191,1,0.017166,0.45027,0,0,0,0,0,0,0,1
0,0,0,0,0,0,0,0,1.1939,0.36481,0.86633,1,0.96158,0.9614,1.871e-05,1,0,0,1.4148,1.1939,0.81262,-0.72412,0.94958,1.8444,0.42833,0.94868,0.086678,3.9331e-07,9999,0,-1,89.111,3.418,0.14286,0,0,0,0,0,0,0,0,1,1.0247,0.99034,-0.9819,0,0,0,0,0,10,0.086678,3.9331e-07,9999,-1,89.111,3.418,0.14286,1.0247,0.99034,-0.9819,-8,0.001597,1.1939,1,0.81262,0.59605,1,0.9614,0.82737,0,0,0,0,0,0,0,1
0,0,0,0,0,0,0,0,1.4787,0.048435,-0.9265,1,0.020658,2.5249e-05,0,0,0,0,1.4221,999,999,999,1.4146,0.4857,0,0,0,0,0,0,0,0,0,0,0,0,0,0,0,0,0,0,0,0,0,0,0,0,0,0,0,0,0,0,0,0,0,0,0,0,0,0,0,0.0044423,1.4787,1,0.99092,0,0,0,0,0,0,0,0,0,0,0,0
0,0,0,0,0.87227,0.049311,-0.6942,1,0.72598,0.049311,-0.66771,-1,-0.95828,0.2047,-6.6691e-05,2,1,0.50079,1.3744,-0.75039,-0.84501,-0.88553,0.88316,1.0008,0.66439,0,0,0,0,0,0,0,0,0,0,0,0,0,0,0,0,0,0,0,0,0,0,0,0,0,0,0,0,0,0,0,0,0,0,0,0,0,0,0.0082655,0.87227,1,0.9839,0,0,0,0,0,0,0,0,0,0,0,0
1.445,0.55909,-0.91323,-1,0,0,0,0,0.53013,0.27651,-0.26885,1,-0.0015571,-4.3295e-05,7.0722e-06,2,1,0.49934,1.5461,999,999,999,1.4395,0.55565,0.36598,0.76436,0.17294,5.7276e-07,9999,0,-1,590.82,4.3457,0.22752,0,1,0,0,0,0,0,0,1,0.53013,0.36471,-0.52952,0,0,0,0,0,10,0.17294,5.7276e-07,9999,-1,590.82,4.3457,0.22752,0.53013,0.36471,-0.52952,-9,0.0038745,1.445,-1,0.70304,-0.52952,1,6.2322e-06,0.15519,0,0,0,0,0,0,0,0
0,0,0,0,1.3701,1.0894,0.031374,1,0.36146,1.4581,0.61207,-1,0.030056,-2.1325e-05,0,0,0,0,1.3517,999,999,999,1.3335,0.46687,0,0,0,0,0,0,0,0,0,0,0,0,0,0,0,0,0,0,0,0,0,0,0,0,0,0,0,0,0,0,0,0,0,0,0,0,0,0,0,0.01113,1.3701,1,0.94591,0,0,0,0,0,0,0,0,0,0,0,0
0,0,0,0,0,0,0,0,1.6667,0.90118,-0.9823,-1,-0.050196,1.035e-05,3.7851e-06,2,0,0,0.81716,999,999,999,1.0627,0.49839,0.3177,0.45043,0.12164,4.3597e-07,9999,0,1,683.59,3.4668,0.16977,0,0,0,0,0,0,0,0,1,1.6667,0.99411,-0.35101,0,0,0,0,0,10,0.12164,4.3597e-07,9999,1,683.59,3.4668,0.16977,1.6667,0.99411,-0.35101,0,0.0015055,1.6667,-1,0.99411,-0.35101,-1,-0.050196,-0.31116,0,0,0,0,0,0,0,0
0,0,0,0,0,0,0,0,1.6748,0.16844,-0.95572,1,0.94182,-1.3006e-05,0,0,0,0,0.90359,999,999,999,1.0614,0.52438,0,0,0,0,0,0,0,0,0,0,0,0,0,0,0,0,0,0,0,0,0,0,0,0,0,0,0,0,0,0,0,0,0,0,0,0,0,0,0,0.01022,1.6748,1,0.94221,0,0,0,0,0,0,0,0,0,0,0,1
0,0,0,0,0,0,0,0,0.28122,1.7033,-0.8628,1,-9.822e-05,-5.0525e-05,6.082e-06,1,0,0,0.8972,-0.56785,0.94335,-0.96708,0.7702,0.59356,0.35405,0.80633,0.16298,1.7628e-06,9999,0,-1,0,3.8574,0.20477,0,0,0,0,0,0,0,0,1,999,999,999,0,0,0,0,0,0,0,0,0,0,0,0,0,0,0,0,0,0.012945,0.56785,-1,0.94335,0.82493,1,2.2617e-06,0.30633,0,0,0,0,0,0,0,1
0,0,0,0,1.0919,0.14945,-0.022763,-1,0.72147,0.41712,-0.81463,-1,-0.00073738,0.00054104,-0.00038384,2,0,0,1.4891,-0.72147,0.9633,-0.56024,1.0659,0.76062,0.78533,0,0,0,0,0,0,0,0,0,0,0,0,0,0,0,0,0,0,0,0,0,0,0,0,0,0,0,0,0,0,0,0,0,0,0,0,0,0,0.001588,1.0919,-1,0.75546,0,0,0,0,0,0,0,0,0,0,0,0
0,0,0,0,0,0,0,0,0.57586,1.5532,-0.75261,-1,-0.010474,2.7961e-05,5.9558e-06,1,0,0,0.66698,999,999,999,0.89693,0.38827,0.35241,0,0,0,0,0,0,0,0,0,0,0,0,0,0,0,0,0,0,0,0,0,0,0,0,0,0,0,0,0,0,0,0,0,0,0,0,0,0,0.025945,0.57586,-1,0.66342,0,0,0,0,0,0,0,0,0,0,0,1
0,0,0,0,0,0,0,0,0.94264,0.36921,0.35505,1,0.95248,0.0089354,-0.00011995,1,0,0,1.5367,0.9397,0.68163,-0.25263,1.1863,1.274,1.0858,0.28891,0.14894,4.7376e-07,9999,1,1,654.3,5.1758,0.18916,0,0,0,0,0,0,0,0,1,0.81687,0.84356,-0.22222,0,0,0,0,0,10,0.14894,4.7376e-07,9999,1,654.3,5.1758,0.18916,0.81687,0.84356,-0.22222,6,0.0028053,0.94264,1,0.50773,0.71197,-1,-1.2476e-06,-0.087664,0,0,0,0,0,0,0,0
0,0,0,0,0,0,0,0,0.95617,1.6339,0.006442,-1,-0.99937,0.99919,0.021268,0,0,0,1.3901,999,999,999,0.43886,0.45364,1.1185,0.070092,0.17766,3.6123e-07,9999,1,-1,1308.6,9.1797,0.11762,0,0,0,0,0,0,0,0,1,0.79973,0.94864,-0.1396,0,0,0,0,0,10,0.17766,3.6123e-07,9999,-1,1308.6,9.1797,0.11762,0.79973,0.94864,-0.1396,-0,0.01647,0.95617,-1,0.99647,0.14484,1,0.99919,0.0045411,0,0,0,0,0,0,0,0
0,0,0,0,0,0,0,0,0.67346,0.21645,-0.88581,1,1.5468e-05,-5.7406e-06,5.1088e-07,1,0,0,0.48828,999,999,999,0.43395,0.34953,0.20528,0.2861,0.15526,3.9002e-07,9999,0,-1,917.97,5.7617,0.1405,0,0,0,0,0,0,0,0,1,999,999,999,0,0,0,0,0,0,0,0,0,0,0,0,0,0,0,0,0,0.0028866,0.67346,1,0.68747,0.032394,1,1.5468e-05,0.060235,0,0,0,0,0,0,0,0
0,0,0,0,0,0,0,0,0.65068,1.456,-0.67862,-1,-0.93557,0.77479,-1.8431e-05,0,0,0,0.7831,999,999,999,1.0551,0.72269,0.33351,0.99329,0.18065,4.4876e-07,9999,0,-1,693.36,4.0527,0.17672,0,0,0,0,0,0,0,0,1,999,999,999,0,0,0,0,0,10,0.13018,5.4483e-07,9999,1,332.03,4.2969,0.2181,0.65068,0.91376,-0.05879,4,0.0083974,0.65068,-1,0.91376,-0.96254,1,0.77479,0.83356,0,0,0,0,0,0,0,1
0,0,0,0,0,0,0,0,0.30764,0.47075,0.4916,-1,0.008722,-1.9374e-06,0,1,0,0,0.26704,999,999,999,0.5536,0.26724,0,0,0,0,0,0,0,0,0,0,0,0,0,0,0,0,0,0,0,0,0,0,0,0,0,0,0,0,0,0,0,0,0,0,0,0,0,0,0,0,0,0,0,0,0,0,0,0,0,0,0,0,0,0,1
0,0,0,0,0,0,0,0,0.7248,1.3816,0.61626,1,0.98239,0.043708,-0.0047876,0,1,0.49858,0.96286,0.7248,0.83032,-0.99889,0.47802,0.81752,0.90088,0.78366,0.1848,4.379e-07,9999,0,-1,585.94,4.1992,0.17084,0,0,0,0,0,0,0,0,1,999,999,999,0,0,0,0,0,0,0,0,0,0,0,0,0,0,0,0,0,0.013624,0.7248,1,0.83032,-0.88289,1,0.98239,0.10203,0,0,0,0,0,0,0,1
0,0,0,0,0,0,0,0,0.89382,1.1558,-0.89096,-1,-0.046792,3.0227e-05,-3.7853e-07,2,1,0.49846,0.83864,999,999,999,1.2139,0.50882,0.13188,0,0,0,0,0,0,0,0,0,0,0,0,0,0,0,0,0,0,0,0,0,0,0,0,0,0,0,0,0,0,0,0,0,0,0,0,0,0,0.0089154,0.89382,-1,0.91804,0,0,0,0,0,0,0,0,0,0,0,1
0,0,0,0,0,0,0,0,0.85484,0,0.24028,1,-0.99992,0.40594,-0.051159,1,0,0,1.573,999,999,999,0.31344,0.84485,1.3677,0.97429,0.14868,0.99992,9999,0,-1,1660.2,15.43,0.31344,0,0,0,0,0,0,0,0,1,0.85484,0.87209,-0.81152,0,0,0,0,0,10,0.21729,3.9079e-07,9999,-1,791.02,4.9805,0.14106,0.85484,0.87209,-0.042961,-0,0.0075748,1.3824,-1,0.94712,-0.042961,1,0.40594,0.00043349,0,0,0,0,0,0,0,0
0,0,0,0,0,0,0,0,1.1889,1.5627,-0.84963,-1,-0.00039256,7.0408e-05,-3.0805e-05,1,0,0,1.3051,-0.6637,-0.86407,-0.94797,1.7125,0.59391,0.51135,0.63146,0.15155,6.0471e-07,9999,1,1,644.53,4.541,0.23729,0,0,0,0,0,0,0,0,1,1.1889,0.97889,-0.48603,0,0,0,0,0,10,0.15155,6.0471e-07,9999,1,644.53,4.541,0.23729,1.1889,0.97889,-0.48603,6,0.0015193,1.1889,-1,0.97889,0.66722,-1,-1.5589e-05,-0.17641,0,0,0,0,0,0,0,1
0,0,0,0,0,0,0,0,0.24805,0.76786,-0.62666,1,-0.00058741,1.762e-06,-1.3181e-06,1,0,0,0.39002,999,999,999,0.33657,0.25998,0.040936,0.3617,0.24805,1.762e-06,9999,1,1,541.99,4.2969,0.25998,0,0,0,0,0,0,0,0,1,999,999,999,0,0,0,0,0,0,0,0,0,0,0,0,0,0,0,0,0,0,0,0,0,-0.036556,-1,-0.00058741,-9.1461e-05,0,0,0,0,0,0,0,1
0,0,0,0,0,0,0,0,1.2411,1.0348,-0.097643,-1,-0.97118,-0.000401,0.0001929,1,0,0,1.585,-0.64286,-0.3861,-0.62043,1.5969,0.69116,0.82743,0,0,0,0,0,0,0,0,0,0,0,0,0,0,0,0,0,0,0,0,0,0,0,0,0,0,0,0,0,0,0,0,0,0,0,0,0,0,0.001498,1.2411,-1,0.95879,0,0,0,0,0,0,0,0,0,0,0,0
0,0,0,0,0,0,0,0,0.23489,1.8296,-0.96297,1,-1.2923e-05,1.4067e-06,4.1428e-07,1,0,0,0.47499,999,999,999,0.41644,0.34969,0.15688,0.98296,0.14658,3.943e-07,9999,1,-1,917.97,6.1035,0.14357,0,0,0,0,0,0,0,0,1,999,999,999,0,0,0,0,0,0,0,0,0,0,0,0,0,0,0,0,0,0,0,0,0,-0.9673,1,1.4067e-06,0.86709,0,0,0,0,0,0,0,0
0,0,0,0,0,0,0,0,0.24579,0.31973,0.64109,-1,-0.9835,6.6076e-05,3.3921e-05,3,1,0.49437,0.92582,999,999,999,0.25064,0.92549,0.52477,0.669,0.24579,3.1381e-06,9999,1,-1,605.47,3.5645,0.3036,0,0,0,0,0,0,0,0,1,0.7342,0.99334,-0.62611,0,0,0,0,0,10,0.24579,3.1381e-06,9999,-1,605.47,3.5645,0.3036,0.7342,0.99334,-0.62611,-5,0.007562,0.6218,1,0.72295,-0.62611,1,6.6076e-05,0.00022984,0,0,0,0,0,0,0,1
0,0,0,0,0.60673,1.8333,0.87318,-1,0.7653,1.3443,-0.87279,1,0.97829,-0.016139,-0.010608,0,0,0,1.1681,999,999,999,0.58295,0.80599,0.7252,0.95193,0.15612,3.1726e-06,9999,0,1,0,4.4922,0.27385,0,0,0,0,0,0,0,0,1,999,999,999,0,0,0,0,0,0,0,0,0,0,0,0,0,0,0,0,0,0.0056238,0.7653,1,0.94314,0.47486,1,0.97829,0.30227,0,0,0,0,0,0,0,0
0,0,0,0,0,0,0,0,0.42171,0.48896,-0.33759,1,0.95867,-0.00017307,0.00013582,2,0,0,1.0067,999,999,999,1.3016,0.818,0.63452,0.84773,0.10219,1.5981e-06,9999,0,1,0,7.4219,0.18887,0,0,0,0,0,0,0,0,1,0.60659,0.78362,-0.37075,0,0,0,0,0,10,0.10219,1.5981e-06,9999,1,0,7.4219,0.18887,0.60659,0.78362,-0.37075,2,0.0085898,0.82052,1,0.8606,-0.37075,-1,-0.00017307,-0.7035,0,0,0,0,0,0,0,0
0,0,0,0,0,0,0,0,1.3486,1.0045,-0.076103,1,-0.76046,0.095402,0.0005696,1,0,0,1.7523,-0.79667,-0.85524,-0.94231,2.4451,1.2493,0.9683,0,0,0,0,0,0,0,0,0,0,0,0,0,0,0,0,0,0,0,0,0,0,0,0,0,0,0,0,0,0,0,0,0,0,0,0,0,0,0.0069259,1.3486,1,0.9815,0,0,0,0,0,0,0,0,0,0,0,0
0,0,0,0,0,0,0,0,0.57454,0.76651,0.63569,-1,-0.082654,-7.8155e-05,9.6766e-06,0,1,0.49511,0.89987,-0.57454,-0.57833,-0.72971,0.86495,0.74527,0.39174,0.70129,0.1896,5.335e-07,9999,1,1,683.59,4.3945,0.214,0,1,0,0,0,0,0,0,1,0.57454,0.57833,-0.25757,0,0,0,0,0,10,0.1896,5.335e-07,9999,1,683.59,4.3945,0.214,0.57454,0.57833,-0.25757,9,0.016933,0.57454,-1,0.57833,0.97922,1,2.0179e-06,0.00063229,0,0,0,0,0,0,0,0
0,0,0,0,0,0,0,0,0.79935,0.72691,-0.16325,-1,-0.99722,0.93757,3.9593e-05,0,0,0,0.94524,999,999,999,0.5441,0.43619,0.54844,0.35053,0.23553,1.7056e-06,9999,0,1,483.4,3.1738,0.36907,0,0,0,0,0,0,0,0,1,0.79935,0.80569,-0.83289,0,0,0,0,0,10,0.18626,0.93757,9999,1,0,8.3008,0.43619,0.79935,0.80569,-0.16349,22,0.0013349,0.79935,-1,0.80569,-0.16349,-1,-0.99722,-1.1758e-05,0,0,0,0,0,0,0,0
0,0,0,0,0,0,0,0,0.99056,1.7442,-0.83654,1,0.95088,-0.0016303,-4.1448e-05,0,0,0,1.57,999,999,999,1.32,1.0025,0.55613,0,0,0,0,0,0,0,0,0,0,0,0,0,0,0,0,0,0,0,0,0,0,0,0,0,0,0,0,0,0,0,0,0,0,0,0,0,0,0.0059292,1.0383,-1,0.88557,0,0,0,0,0,0,0,0,0,0,0,0
0,0,0,0,1.1993,0.71371,-0.92153,1,0.46902,0.21129,0.12029,1,0.9894,0.04431,1.2133e-06,1,0,0,1.0905,999,999,999,0.69286,1.761,0.082379,0.38107,0.11133,3.6384e-07,9999,1,-1,1796.9,8.3984,0.11988,0,0,0,0,0,0,0,0,1,1.1993,0.68721,-0.014045,0,0,0,0,0,10,0.11133,3.6384e-07,9999,-1,1796.9,8.3984,0.11988,1.1993,0.68721,-0.014045,-5,0.024636,1.1993,1,0.68721,0.74333,1,0.9894,0.36804,0,0,0,0,0,0,0,1
0,0,0,0,0,0,0,0,0.3805,0.97858,-0.043512,1,0.99122,6.7158e-07,-6.5829e-07,0,0,0,0.49243,999,999,999,0.64217,0.25493,0.25168,0.84157,0.16951,6.4287e-07,9999,1,-1,488.28,4.3457,0.24776,0,0,0,0,0,0,0,0,1,999,999,999,0,0,0,0,0,0,0,0,0,0,0,0,0,0,0,0,0,0,0,0,0,0.96161,1,0.99122,0.32683,0,0,0,0,0,0,0,1
0,0,0,0,0,0,0,0,1.6644,0.881,-0.98321,-1,-0.099291,-9.8061e-05,3.0587e-05,1,0,0,1.6991,-0.61343,0.80718,-0.73763,1.5325,0.61392,0.50971,0.95957,0.15431,2.2973e-06,9999,0,-1,0,8.0078,0.23966,0,0,0,0,0,0,0,0,1,999,999,999,0,0,0,0,0,10,0.079934,1.2636e-06,9999,1,0,6.4453,0.1305,0.61343,0.80718,-0.69129,4,0.023837,1.6644,-1,0.96659,0.33046,-1,-0.099291,-0.54181,0,0,0,0,0,0,0,1
0.85187,0.33019,0.78237,-1,0,0,0,0,0.1504,1.1821,-0.75894,1,-0.0066068,3.9442e-07,0,0,0,0,0.81812,999,999,999,1.1021,0.14365,0,0.93765,0.1504,3.9442e-07,9999,1,1,908.2,4.5898,0.14365,0,0,0,0,0,0,0,0,1,0.85187,0.96624,-0.97359,0,0,0,0,0,10,0.1504,3.9442e-07,9999,1,908.2,4.5898,0.14365,0.85187,0.96624,-0.97359,5,0.0018785,0.85187,-1,0.96624,-0.97359,-1,-0.0066068,-0.739,0.85187,0.33019,0.78237,-1,1,0.0018785,0.96624,0
0.42115,0.83113,-0.8645,1,0.87307,0.91652,-0.45852,1,0.77706,0.71501,-0.83086,-1,0.22548,-0.066775,0.00033657,0,0,0,0.96301,999,999,999,1.3887,1.0769,0.59431,0,0,0,0,0,0,0,0,0,0,0,0,0,0,0,0,0,0,0,0,0,0,0,0,0,0,0,0,0,0,0,0,0,0,0,0,0,0,0.013618,0.87307,1,0.54495,0,0,0,0,0.42115,0.83113,-0.8645,1,1,0.0085597,0.80226,0
0,0,0,0,0,0,0,0,0.86492,1.1097,0.80157,1,0.0023014,-0.0021227,-0.0007433,1,0,0,1.4456,999,999,999,1.0889,0.82057,0.69732,0.80289,0.23668,2.0433e-06,9999,0,-1,527.34,3.9062,0.386,0,0,0,0,0,0,0,0,1,999,999,999,0,0,0,0,0,0,0,0,0,0,0,0,0,0,0,0,0,0.014262,0.86492,1,0.99087,0.79075,1,0.0023014,0.0024013,0,0,0,0,0,0,0,0
0,0,0,0,0,0,0,0,1.1176,1.142,-0.088796,1,0.91825,0.040755,-1.1587e-05,0,0,0,1.3103,999,999,999,0.90867,1.4911,0.40732,0.60885,0.16898,4.0753e-07,9999,0,1,761.72,6.9336,0.15254,0,0,0,0,0,0,0,0,1,999,999,999,0,0,0,0,0,0,0,0,0,0,0,0,0,0,0,0,0,0.0013612,1.1176,1,0.99394,0.11599,1,0.91825,0.035677,0,0,0,0,0,0,0,1
0,0,0,0,0,0,0,0,0.5458,1.2704,-0.85259,-1,-0.0002801,0.00022453,-2.9921e-05,0,0,0,0.79746,999,999,999,0.80695,0.43315,0.50747,0.81356,0.1937,9.8829e-07,9999,1,-1,537.11,4.541,0.30947,0,0,0,0,0,0,0,0,1,999,999,999,0,0,0,0,0,10,0.20734,6.1716e-07,9999,1,556.64,4.4922,0.24084,0.5458,0.85265,-0.27029,4,0.005491,0.5458,-1,0.85265,0.40545,1,0.00022453,0.085895,0,0,0,0,0,0,0,1
0,0,0,0,0,0,0,0,0.78406,0.1758,0.63239,-1,0.95953,-0.94831,0.04617,2,1,0.49449,1.3009,0.86988,-0.5699,-0.52967,0.78374,0.62393,1.3473,0,0,0,0,0,0,0,0,0,0,0,0,0,0,0,0,0,0,0,0,0,0,0,0,0,0,0,0,0,0,0,0,0,0,0,0,0,0,0.021144,0.86988,1,0.5699,0,0,0,0,0,0,0,0,0,0,0,0
0.72168,0.24515,-0.59256,-1,0,0,0,0,0,0,0,0,-0.039197,0,0,0,0,0,0.71346,999,999,999,0.84125,0,0,0,0,0,0,0,0,0,0,0,0,0,0,0,0,0,0,0,0,0,0,0,0,0,0,0,0,0,0,0,0,0,0,0,0,0,0,0,0,0.011943,0.72168,-1,0.56065,0,0,0,0,0.72168,0.24515,-0.59256,-1,1,0.011943,0.56065,0
0,0,0,0,0,0,0,0,1.9125,0,-0.35521,-1,-0.96758,-0.24427,0.12577,0,0,0,1.2322,-1.9125,-0.96855,-0.90113,2.0504,1.1933,0.76609,0,0,0,0,0,0,0,0,0,0,0,0,0,0,0,0,0,0,0,0,0,0,0,0,0,0,0,0,0,0,0,0,0,0,0,0,0,0,0.068965,1.9125,-1,0.96855,0,0,0,0,0,0,0,0,0,0,0,0
0,0,0,0,0,0,0,0,0.2874,0.15117,0.142,1,0.8151,-7.0104e-06,3.3076e-06,6,1,0.49774,0.42493,999,999,999,0.17213,0.44218,0.42679,0.53229,0.058062,1.2606e-06,9999,0,-1,0,6.8359,0.12947,0,0,0,0,0,0,0,0,1,999,999,999,0,0,0,0,0,0,0,0,0,0,0,0,0,0,0,0,0,0,0,0,0,-0.63731,1,0.8151,0.75724,0,0,0,0,0,0,0,0
0,0,0,0,0,0,0,0,0.97604,0.7418,-0.78436,-1,-0.95943,-0.036223,0.00015822,1,0,0,1.0714,999,999,999,0.53607,1.3757,0.7022,0.83577,0.15266,4.201e-07,9999,1,1,703.12,4.7852,0.16048,0,0,0,0,0,0,0,0,1,0.97604,0.77788,-0.78335,0,0,0,0,0,10,0.15266,4.201e-07,9999,1,703.12,4.7852,0.16048,0.97604,0.77788,-0.78335,6,0.0056811,0.97604,-1,0.77788,0.57597,-1,-0.95943,-0.45655,0,0,0,0,0,0,0,0
0,0,0,0,0,0,0,0,1.0644,0.78377,-0.84128,-1,-0.92322,-1.5362e-06,0,0,0,0,1.0265,999,999,999,1.0526,0.35873,0,0.59503,0.21537,1.5362e-06,9999,1,-1,507.81,3.5156,0.35873,0,0,0,0,0,0,0,0,1,999,999,999,0,0,0,0,0,0,0,0,0,0,0,0,0,0,0,0,0,0.0012559,1.0644,-1,0.99176,0,0,0,0,0,0,0,0,0,0,0,0
0,0,0,0,0,0,0,0,1.7926,1.0424,-0.7296,1,-0.46405,0.10461,-0.00051177,0,0,0,2.061,-0.94298,-0.96261,-0.96067,0.68038,2.1088,0.89864,0,0,0,0,0,0,0,0,0,0,0,0,0,0,0,0,0,0,0,0,0,0,0,0,0,0,0,0,0,0,0,0,0,0,0,0,0,0,0.0026108,1.7926,1,0.97807,0,0,0,0,0,0,0,0,0,0,0,0
0,0,0,0,0,0,0,0,1.3992,0.74491,0.44035,-1,-0.95459,-0.050751,-0.016411,0,0,0,1.6017,-0.81095,0.94641,-0.72174,1.2734,1.2404,1.1641,0.80912,0.16126,3.4572e-07,9999,1,-1,1484.4,12.695,0.10329,0,0,0,0,0,0,0,0,1,0.60206,0.96425,-0.91081,0,0,0,0,0,10,0.16126,3.4572e-07,9999,-1,1484.4,12.695,0.10329,0.60206,0.96425,-0.91081,-4,0.0076718,1.3992,-1,0.88497,0.74178,1,2.7622e-06,0.32715,0,0,0,0,0,0,0,0
0,0,0,0,0,0,0,0,0.75863,0.83,-0.95688,-1,-0.9985,-0.88148,0.0016402,2,1,0.49975,1.0009,-0.75863,0.98343,-0.92719,0.42045,1.077,0.62989,0.74288,0.13898,1.2096e-06,9999,1,1,0,18.359,0.089618,0,0,0,0,0,0,0,0,1,0.75863,0.98343,-0.82919,0,0,0,0,0,10,0.13898,1.2096e-06,9999,1,0,18.359,0.089618,0.75863,0.98343,-0.82919,6,0.010936,0.75863,-1,0.98343,0.87946,-1,-0.9985,-0.40316,0,0,0,0,0,0,0,1
0,0,0,0,0,0,0,0,0.60843,1.0813,-0.62031,1,0.99978,0.8434,-0.021164,1,0,0,0.90496,0.60843,0.96901,-0.86488,0.38066,0.98838,0.54093,0.41461,0.23022,4.0517e-07,9999,1,-1,761.72,4.4922,0.15099,0,0,0,0,0,0,0,0,1,0.60843,0.96901,-0.18242,0,0,0,0,0,10,0.23022,4.0517e-07,9999,-1,761.72,4.4922,0.15099,0.60843,0.96901,-0.18242,-0,0.014453,0.60843,1,0.96901,0.58277,1,0.99978,0.00030158,0,0,0,0,0,0,0,1
0,0,0,0,0,0,0,0,1.3746,0.42716,-0.80922,1,0.034089,-3.6026e-05,2.6408e-06,0,0,0,1.2573,999,999,999,1.9224,0.45439,0.29065,0.36714,0.10092,4.5374e-07,9999,1,-1,917.97,3.8574,0.17931,0,0,0,0,0,0,0,0,1,999,999,999,0,0,0,0,0,0,0,0,0,0,0,0,0,0,0,0,0,0.0048214,1.3746,1,0.95822,0.43389,1,0.034089,0.43748,0,0,0,0,0,0,0,1
0,0,0,0,0,0,0,0,0.68545,0.26029,-0.96476,-1,-0.99343,-7.5949e-06,3.5881e-06,0,0,0,0.71503,999,999,999,0.62985,0.37171,0.31368,0,0,0,0,0,0,0,0,0,0,0,0,0,0,0,0,0,0,0,0,0,0,0,0,0,0,0,0,0,0,0,0,0,0,0,0,0,0,0.013484,0.68545,-1,0.94578,0,0,0,0,0,0,0,0,0,0,0,0
0,0,0,0,0,0,0,0,0.56101,0.75709,0.20382,-1,-0.97768,0.95078,8.4805e-06,0,0,0,0.65543,999,999,999,0.4911,0.52219,0.38072,0.39962,0.1219,3.543e-07,9999,1,-1,1113.3,9.4727,0.11142,0,0,0,0,0,0,0,0,1,999,999,999,0,0,0,0,0,0,0,0,0,0,0,0,0,0,0,0,0,0.0030644,0.56101,-1,0.43514,0.50407,1,0.95078,0.29423,0,0,0,0,0,0,0,1
0,0,0,0,0,0,0,0,1.8749,0.52655,-0.96166,1,-0.80877,0.10374,0.0051685,1,0,0,1.3778,999,999,999,1.6209,1.2245,0.22976,0,0,0,0,0,0,0,0,0,0,0,0,0,0,0,0,0,0,0,0,0,0,0,0,0,0,0,0,0,0,0,0,0,0,0,0,0,0,0.014121,1.8749,1,0.88748,0,0,0,0,0,0,0,0,0,0,0,0
0,0,0,0,0,0,0,0,0.8752,0.72266,-0.56538,-1,-0.88242,-0.29758,-0.0001921,1,0,0,0.91759,-0.7673,0.63549,-0.16587,0.68878,1.2278,0.58461,0.86318,0.12664,3.4041e-07,9999,0,1,502.93,4.9805,0.097987,0,0,0,0,0,0,0,0,1,0.8752,0.62732,-0.19914,0,0,0,0,0,10,0.12664,3.4041e-07,9999,1,502.93,4.9805,0.097987,0.8752,0.62732,-0.19914,11,0.05789,0.8752,-1,0.62732,-0.19914,-1,-0.88242,-0.65289,0,0,0,0,0,0,0,0
0,0,0,0,0,0,0,0,1.0783,1.9809,-0.9729,1,0.95005,-0.0036883,-0.00048408,2,0,0,1.6682,0.745,0.98911,-0.98213,1.0515,0.80652,0.27377,0.64642,0.090799,1.2714e-06,9999,0,-1,0,3.5645,0.053064,0,0,0,0,0,0,0,0,1,0.745,0.98911,-0.52791,0,0,0,0,0,10,0.090799,1.2714e-06,9999,-1,0,3.5645,0.053064,0.745,0.98911,-0.52791,-11,0.0079034,1.0783,1,0.98356,0.6039,1,0.95005,0.64456,0,0,0,0,0,0,0,1
0,0,0,0,1.4737,0.049762,-0.076531,1,0.27489,0.049762,-0.36121,-1,0.064476,-6.5433e-06,0,0,0,0,1.5017,999,999,999,1.6205,0.3598,0,0,0,0,0,0,0,0,0,0,0,0,0,0,0,0,0,0,0,0,0,0,0,0,0,0,0,0,0,0,0,0,0,0,0,0,0,0,0,0.0062355,1.4737,1,0.87246,0,0,0,0,0,0,0,0,0,0,0,1
0.40903,0.70413,-0.38991,1,0,0,0,0,0.35711,0.35131,-0.10356,-1,1.0354e-05,8.3824e-06,-6.6938e-06,0,0,0,0.60566,0.57748,-0.82952,-0.16105,0.39751,0.37976,0.3616,0.85903,0.092567,1.2209e-06,9999,1,-1,0,8.5938,0.1103,0,0,0,0,0,0,0,0,1,999,999,999,0,0,0,0,0,0,0,0,0,0,0,0,0,0,0,0,0,0.0093367,0.57748,1,0.82952,0.6883,1,8.3824e-06,0.73005,0.40903,0.70413,-0.38991,1,1,0.027045,0.53732,1
0,0,0,0,0,0,0,0,1.3819,0.68767,-0.67776,-1,0.0011836,-0.00011018,-6.8381e-06,0,0,0,1.0676,999,999,999,1.0497,0.88157,0.36329,0,0,0,0,0,0,0,0,0,0,0,0,0,0,0,0,0,0,0,0,0,0,0,0,0,0,0,0,0,0,0,0,0,0,0,0,0,0,0.010116,1.3819,-1,0.80772,0,0,0,0,0,0,0,0,0,0,0,0
0,0,0,0,0,0,0,0,0.32455,0.31233,-0.65471,-1,6.5003e-05,-1.1182e-05,-5.7257e-07,3,0,0,0.65225,999,999,999,0.57644,0.34544,0.22746,0.99396,0.1958,4.9383e-07,9999,0,1,654.3,4.1504,0.19819,1,0,-6.4702,-1.77,1.5119,0.081923,0.010896,0.012685,1,999,999,999,0,0,0,0,0,10,0.13969,5.7257e-07,9999,-1,581.05,5.0781,0.22746,0.5058,0.73662,-0.15706,-6,0.0025837,0.5058,1,0.73662,0.96362,-1,-1.1182e-05,-0.76672,0,0,0,0,0,0,0,1
0,0,0,0,0,0,0,0,0.4379,1.7877,0.98455,1,-3.2613e-05,1.6087e-05,7.416e-07,0,0,0,0.58914,999,999,999,0.51918,0.43775,0.27033,0,0,0,0,0,0,0,0,0,0,0,0,0,0,0,0,0,0,0,0,0,0,0,0,0,0,0,0,0,0,0,0,0,0,0,0,0,0,0,0,0,0,0,0,0,0,0,0,0,0,0,0,0,0
0,0,0,0,0,0,0,0,1.1499,0.73321,-0.71116,-1,-0.47996,-0.005852,2.578e-05,0,0,0,1.2845,999,999,999,1.5023,0.53312,0.48855,0,0,0,0,0,0,0,0,0,0,0,0,0,0,0,0,0,0,0,0,0,0,0,0,0,0,0,0,0,0,0,0,0,0,0,0,0,0,0.015056,1.1499,-1,0.9954,0,0,0,0,0,0,0,0,0,0,0,0
0,0,0,0,0,0,0,0,1.879,0.75773,0.0081378,-1,-0.29944,0.02907,-0.018718,2,1,0.49233,2.3934,-1.879,-0.99859,-0.97648,1.1509,1.3485,1.9825,0,0,0,0,0,0,0,0,0,0,0,0,0,0,0,0,0,0,0,0,0,0,0,0,0,0,0,0,0,0,0,0,0,0,0,0,0,0,0.00037028,1.879,-1,0.99859,0,0,0,0,0,0,0,0,0,0,0,0
0.98102,0.35103,0.5833,1,0,0,0,0,1.2222,0.75706,-0.92863,-1,-0.056991,0.052058,8.4704e-05,1,0,0,1.6305,999,999,999,1.5623,1.0514,0.64831,0,0,0,0,0,0,0,0,0,0,0,0,0,0,0,0,0,0,0,0,0,0,0,0,0,0,0,0,0,0,0,0,0,0,0,0,0,0,0.0058869,1.2222,-1,0.99359,0,0,0,0,0.98102,0.35103,0.5833,1,1,0.010953,0.86851,1
0,0,0,0,0,0,0,0,0.74459,0.088355,-0.41395,-1,-0.00057965,2.5999e-06,5.1516e-07,0,0,0,0.77572,999,999,999,0.91785,0.28947,0.20699,0.21894,0.14383,5.1516e-07,9999,1,1,605.47,4.1016,0.20699,0,0,0,0,0,0,0,0,1,999,999,999,0,0,0,0,0,10,0.21425,2.5999e-06,9999,1,522.46,3.8574,0.28947,0.74459,0.84183,-0.50453,4,0.016391,0.74459,-1,0.84183,0.34114,-1,-0.00057965,-0.096517,0,0,0,0,0,0,0,0
0,0,0,0,0,0,0,0,0.85196,0,0.66623,-1,-0.99747,0.9574,-0.0026769,5,1,0.49807,1.3042,-0.85196,0.93274,-0.50481,0.53448,1.2525,0.85099,0.54617,0.21894,2.5748e-06,9999,0,1,488.28,4.3457,0.28874,0,1,0,0,0,0,0,0,1,0.85196,0.93274,-0.69856,0,0,0,0,0,10,0.21894,2.5748e-06,9999,1,488.28,4.3457,0.28874,0.85196,0.93274,-0.69856,9,0.011874,0.79879,-1,0.77164,0.25357,-1,-0.99747,-0.0011141,0,0,0,0,0,0,0,1
0,0,0,0,0,0,0,0,1.1541,0.095205,0.4102,-1,0.63116,-0.046139,-2.2725e-05,2,1,0.50189,1.3232,999,999,999,0.76853,1.0635,0.467,0,0,0,0,0,0,0,0,0,0,0,0,0,0,0,0,0,0,0,0,0,0,0,0,0,0,0,0,0,0,0,0,0,0,0,0,0,0,0.0097251,1.1541,-1,0.95635,0,0,0,0,0,0,0,0,0,0,0,0
0,0,0,0,0,0,0,0,1.0644,0.36534,0.93211,-1,-0.9491,0.0019916,-3.7564e-05,2,0,0,1.0642,-0.57076,-0.95068,-0.92082,1.6708,0.48894,0.53756,0.32513,0.21293,3.3447e-06,9999,1,-1,541.99,3.5645,0.30839,0,0,0,0,0,0,0,0,1,0.79356,0.78212,-0.054895,0,0,0,0,0,10,0.22068,2.1191e-06,9999,1,532.23,3.6133,0.27405,1.0644,0.99613,-0.26995,0,0.0096234,1.0644,-1,0.99613,-0.26995,-1,-0.9491,-0.00042015,0,0,0,0,0,0,0,0
1.9695,0.067268,-0.89686,1,0,0,0,0,0.11588,0.64993,-0.079202,1,0.91938,0.0011734,-0.00022053,1,0,0,1.173,1.9695,-0.96916,-0.27076,0.31721,1.3193,0.25275,0.45193,0.11588,0.91938,9999,1,1,0,10.742,0.31721,0,0,0,0,0,0,0,0,1,999,999,999,0,0,0,0,0,0,0,0,0,0,0,0,0,0,0,0,0,0.036728,1.9695,1,0.96916,0.83063,-1,-7.0769e-05,-0.00062011,0,0,0,0,0,0,0,1
0,0,0,0,0,0,0,0,1.0003,0.95607,-0.61274,1,0.96072,-0.90047,-0.0011378,1,0,0,1.342,999,999,999,1.404,1.2731,0.43796,0.81449,0.095893,3.6293e-07,9999,1,1,405.27,8.1055,0.1191,0,0,0,0,0,0,0,0,1,999,999,999,0,0,0,0,0,0,0,0,0,0,0,0,0,0,0,0,0,0.0086568,1.0003,1,0.93278,0.77494,-1,-0.90047,-0.69533,0,0,0,0,0,0,0,0
0,0,0,0,0,0,0,0,0.50897,1.6742,-0.95036,1,-0.95908,0.00076625,1.2697e-05,0,0,0,0.73314,999,999,999,0.39145,0.71422,0.52278,0.88627,0.20669,0.95908,9999,1,-1,0,8.4961,0.39145,0,0,0,0,0,0,0,0,1,999,999,999,0,0,0,0,0,0,0,0,0,0,0,0,0,0,0,0,0,0.00067521,0.50897,1,0.29226,0.8195,1,1.2697e-05,1.1691e-05,0,0,0,0,0,0,0,0
1.4267,0.75151,-0.90209,1,0,0,0,0,0.56661,0,0.7631,1,0.64084,7.9437e-05,-7.2214e-06,0,0,0,1.516,1.4267,-0.88186,-0.7356,0.92322,1.7172,0.36765,0,0,0,0,0,0,0,0,0,0,0,0,0,0,0,0,0,0,0,0,0,0,0,0,0,0,0,0,0,0,0,0,0,0,0,0,0,0,0.0074462,1.4267,1,0.88186,0,0,0,0,0,0,0,0,0,0,0,1
0,0,0,0,0.67651,0.10537,-0.11723,1,0.59189,0,-0.54929,-1,0.99985,0.21782,-0.0058745,2,1,0.50117,0.94082,0.67651,0.83688,-0.01229,0.33484,0.78211,0.37128,0.55649,0.19673,0.99985,9999,1,1,1269.5,14.844,0.33484,0,0,0,0,0,0,0,0,1,999,999,999,0,0,0,0,0,0,0,0,0,0,0,0,0,0,0,0,0,0.017105,0.67651,1,0.83688,0.72038,-1,-5.2909e-06,-8.3052e-06,0,0,0,0,0,0,0,0
0.81551,0,0.43586,-1,0,0,0,0,1.4043,1.1593,-0.95671,-1,-0.96219,-0.038333,2.2002e-05,0,0,0,1.4035,-0.81551,-0.85192,-0.3155,2.1335,0.88198,0.55892,0.98431,0.10774,4.8117e-07,9999,1,1,712.89,4.9805,0.19258,0,0,0,0,0,0,0,0,1,0.81551,0.85192,-0.74807,0,0,0,0,0,10,0.10774,4.8117e-07,9999,1,712.89,4.9805,0.19258,0.81551,0.85192,-0.74807,2,0.0012838,1.4043,-1,0.74543,0.84874,-1,-0.96219,-0.88185,0.81551,0,0.43586,-1,1,0.0056804,0.85192,0
0,0,0,0,0,0,0,0,0.44574,0.45859,-0.41774,1,0.00074154,-0.00017598,0.00017544,4,1,0.49831,0.54493,999,999,999,0.72834,0.17691,0.17368,0.74034,0.049941,1.2093e-06,9999,1,1,0,20.508,0.09329,0,0,0,0,0,0,0,0,1,999,999,999,0,0,0,0,0,0,0,0,0,0,0,0,0,0,0,0,0,0.0071775,0.9476,-1,0.89907,0.53221,-1,-2.4398e-05,-0.77661,0,0,0,0,0,0,0,0
0.90864,0.1039,0.2172,-1,0,0,0,0,1.4979,0.1039,-0.77499,-1,-0.94215,0.11699,-0.0013651,0,0,0,1.6061,-0.90864,-0.79038,-0.29038,1.1586,1.3136,0.77034,0.93109,0.18079,4.6228e-07,9999,1,1,615.23,4.3945,0.18362,0,0,0,0,0,0,0,0,1,0.90864,0.79038,-0.51291,0,0,0,0,0,10,0.18079,4.6228e-07,9999,1,615.23,4.3945,0.18362,0.90864,0.79038,-0.51291,2,0.0038207,1.4979,-1,0.67695,0.79042,-1,-0.94215,-0.54528,0.90864,0.1039,0.2172,-1,1,0.0032649,0.79038,0
0,0,0,0,0,0,0,0,0.80979,0.52102,-0.80325,1,-0.98259,4.1682e-05,-1.4875e-05,1,1,0.49887,0.75339,-0.69023,-0.95258,-0.67781,0.70403,0.55697,0.4257,0.93842,0.12674,2.1137e-06,9999,1,1,0,3.418,0.22961,0,0,0,0,0,0,0,0,1,0.69023,0.95258,-0.93444,0,0,0,0,0,10,0.12674,2.1137e-06,9999,1,0,3.418,0.22961,0.69023,0.95258,-0.93444,2,0.0063958,0.80979,1,0.98478,0.69625,-1,-0.98259,-0.78904,0,0,0,0,0,0,0,0
0,0,0,0,0,0,0,0,1.6249,0.66764,-0.52305,-1,-0.064858,0.00064886,-6.1501e-05,1,0,0,1.6812,-0.67671,-0.54472,-0.2754,1.5215,0.43234,0.60251,0,0,0,0,0,0,0,0,0,0,0,0,0,0,0,0,0,0,0,0,0,0,0,0,0,0,0,0,0,0,0,0,0,0,0,0,0,0,0.00093642,1.6249,-1,0.91998,0,0,0,0,0,0,0,0,0,0,0,0
0,0,0,0,0,0,0,0,0.84574,0.84487,-0.79616,1,0.046435,-0.0001775,7.6482e-06,2,0,0,0.70954,999,999,999,1.3394,0.18409,0.37228,0.98246,0.24739,7.6482e-06,9999,0,1,512.7,3.6133,0.37228,0,0,0,0,0,0,0,0,1,999,999,999,0,0,0,0,0,10,0.15277,3.9118e-07,9999,-1,878.91,5.4688,0.14134,0.84574,0.88443,-0.094968,-6,0.0076821,0.84574,1,0.88443,0.43308,1,7.6482e-06,0.0877,0,0,0,0,0,0,0,1
0,0,0,0,0,0,0,0,0.58673,0.20675,0.91095,1,0.92266,-0.012448,-6.2943e-05,0,0,0,1.2113,999,999,999,0.81184,0.88002,0.64804,0,0,0,0,0,0,0,0,0,0,0,0,0,0,0,0,0,0,0,0,0,0,0,0,0,0,0,0,0,0,0,0,0,0,0,0,0,0,0.0085312,1.0045,-1,0.86981,0,0,0,0,0,0,0,0,0,0,0,1
0,0,0,0,0,0,0,0,0.85169,0.70156,0.83012,1,0.97151,-0.28608,0.00010043,1,0,0,1.175,0.572,-0.61371,-0.53061,0.97043,1.2168,0.62574,0,0,0,0,0,0,0,0,0,0,0,0,0,0,0,0,0,0,0,0,0,0,0,0,0,0,0,0,0,0,0,0,0,0,0,0,0,0,0.012209,0.85169,1,0.97625,0,0,0,0,0,0,0,0,0,0,0,1
0,0,0,0,0,0,0,0,0.88978,1.4949,-0.94572,1,-0.048143,0.00012739,5.5519e-05,1,0,0,0.95511,-0.75439,-0.89597,-0.13486,1.0078,0.69465,0.60453,0.19896,0.12926,3.8101e-07,9999,0,-1,722.66,3.6621,0.1338,0,0,0,0,0,0,0,0,1,0.88978,0.88145,-0.22242,0,0,0,0,0,10,0.12926,3.8101e-07,9999,-1,722.66,3.6621,0.1338,0.88978,0.88145,-0.22242,-0,0.009285,0.88978,1,0.88145,0.99956,1,4.876e-06,0.18532,0,0,0,0,0,0,0,0
0,0,0,0,1.1564,0.080053,0.26673,-1,1.6206,0.072873,-0.55117,-1,-0.95817,-0.02643,3.1508e-05,0,0,0,1.905,-1.1564,0.92831,-0.93937,1.4372,1.4123,0.51413,0,0,0,0,0,0,0,0,0,0,0,0,0,0,0,0,0,0,0,0,0,0,0,0,0,0,0,0,0,0,0,0,0,0,0,0,0,0,0.012618,1.6206,-1,0.9826,0,0,0,0,0,0,0,0,0,0,0,0
0,0,0,0,0,0,0,0,0.40649,0.67064,-0.2781,-1,-1.6838e-05,1.111e-05,3.7299e-07,2,1,0.50387,0.47757,999,999,999,0.44225,0.40363,0.12749,0,0,0,0,0,0,0,0,0,0,0,0,0,0,0,0,0,0,0,0,0,0,0,0,0,0,0,0,0,0,0,0,0,0,0,0,0,0,0,0,0,0,0,0,0,0,0,0,0,0,0,0,0,0
0,0,0,0,0,0,0,0,0.48974,0.51833,0.81861,1,0.0001725,-7.6343e-05,3.1562e-06,1,0,0,0.78312,999,999,999,0.75411,0.5728,0.30404,0.66409,0.15893,4.9471e-07,9999,0,1,605.47,4.4434,0.19857,0,0,0,0,0,0,0,0,1,999,999,999,0,0,0,0,0,0,0,0,0,0,0,0,0,0,0,0,0,0.026293,0.72331,-1,0.39812,0.97636,1,3.1562e-06,0.0010883,0,0,0,0,0,0,0,0
0,0,0,0,0,0,0,0,0.79672,0.94963,-0.42565,-1,-0.11706,-0.052995,0.0023505,0,0,0,1.0863,-0.79672,-0.57036,-0.31163,1.2203,1.0399,0.63735,0,0,0,0,0,0,0,0,0,0,0,0,0,0,0,0,0,0,0,0,0,0,0,0,0,0,0,0,0,0,0,0,0,0,0,0,0,0,0.016623,0.78669,-1,0.9459,0,0,0,0,0,0,0,0,0,0,0,0
0,0,0,0,0,0,0,0,2.0401,0.80914,-0.94515,1,0.97611,0.037072,-0.016038,0,0,0,1.2066,999,999,999,0.65209,1.2773,1.6163,0.66211,0.16178,5.568e-07,9999,1,-1,546.88,5.0781,0.22225,0,0,0,0,0,0,0,0,1,2.0401,0.93618,-0.54057,0,0,0,0,0,10,0.16178,5.568e-07,9999,-1,546.88,5.0781,0.22225,2.0401,0.93618,-0.54057,-6,0.016372,2.0401,1,0.93618,-0.50106,1,0.97611,0.13072,0,0,0,0,0,0,0,1
0,0,0,0,0,0,0,0,0.57082,0.42291,-0.88636,1,0.99992,-0.98612,2.8351e-05,0,0,0,0.75363,999,999,999,0.15242,0.69523,0.46251,0,0,0,0,0,0,0,0,0,0,0,0,0,0,0,0,0,0,0,0,0,0,0,0,0,0,0,0,0,0,0,0,0,0,0,0,0,0,0.013659,0.57082,1,0.99982,0,0,0,0,0,0,0,0,0,0,0,1
0,0,0,0,0,0,0,0,0.52782,0,-0.64645,1,2.7277e-05,-1.07e-05,-8.173e-07,0,0,0,0.61889,999,999,999,0.4956,0.40035,0.28439,0.70013,0.10198,3.9322e-07,9999,1,1,947.27,9.668,0.1428,0,0,0,0,0,0,0,0,1,999,999,999,0,0,0,0,0,0,0,0,0,0,0,0,0,0,0,0,0,0.0043305,0.52782,1,0.81882,0.93405,-1,-1.07e-05,-0.61208,0,0,0,0,0,0,0,0
0,0,0,0,0,0,0,0,0.59837,0.49114,0.3535,1,0.78942,0.17267,0.010203,4,0,0,0.68767,0.59837,0.61991,-0.45514,0.14687,0.951,0.70543,0.19261,0.09358,1.2697e-06,9999,1,-1,0,2.3438,0.053593,0,0,0,0,0,0,0,0,1,0.59837,0.61991,-0.60491,0,0,0,0,0,10,0.09358,1.2697e-06,9999,-1,0,2.3438,0.053593,0.59837,0.61991,-0.60491,-21,0.025169,0.59837,1,0.61991,0.90204,1,0.78942,0.46,0,0,0,0,0,0,0,0
1.3815,0,0.013442,-1,0,0,0,0,1.2143,0.54936,-0.30487,1,0.11206,0.00068444,-0.00031798,0,0,0,1.8687,0.66711,0.29819,-0.24048,1.2326,0.4881,1.5762,0,0,0,0,0,0,0,0,0,0,0,0,0,0,0,0,0,0,0,0,0,0,0,0,0,0,0,0,0,0,0,0,0,0,0,0,0,0,0.02262,1.3815,-1,0.93985,0,0,0,0,0,0,0,0,0,0,0,0
0,0,0,0,1.4141,0.42396,-0.8745,-1,0.73393,0.18106,-0.26901,-1,-0.99536,-0.018462,4.9523e-05,0,0,0,1.5274,-1.4141,0.69933,-0.19363,0.58093,1.295,0.58868,0,0,0,0,0,0,0,0,0,0,0,0,0,0,0,0,0,0,0,0,0,0,0,0,0,0,0,0,0,0,0,0,0,0,0,0,0,0,0.0041917,1.4141,-1,0.69933,0,0,0,0,0,0,0,0,0,0,0,0
0,0,0,0,1.2339,0.42575,-0.88519,-1,0.84315,0.49903,-0.50684,-1,-0.67033,-0.025186,6.7054e-07,0,0,0,1.1705,999,999,999,1.4205,1.7874,0.25468,0.79357,0.22546,5.1876e-07,9999,1,1,581.05,4.5898,0.20841,0,0,0,0,0,0,0,0,1,1.2339,0.81582,-0.89644,0,0,0,0,0,10,0.22546,5.1876e-07,9999,1,581.05,4.5898,0.20841,1.2339,0.81582,-0.89644,5,0.0099632,1.2339,-1,0.81582,-0.13521,-1,-0.67033,-0.0056883,0,0,0,0,0,0,0,0
0,0,0,0,0,0,0,0,1.3318,0.64034,-0.88408,-1,-0.99654,-0.70225,-4.4706e-05,0,0,0,1.0987,-1.3318,0.76909,-0.43069,0.56561,2.1782,0.56953,0,0,0,0,0,0,0,0,0,0,0,0,0,0,0,0,0,0,0,0,0,0,0,0,0,0,0,0,0,0,0,0,0,0,0,0,0,0,0.022173,1.3318,-1,0.76909,0,0,0,0,0,0,0,0,0,0,0,0
1.3104,0.47812,-0.84912,-1,0,0,0,0,0.31062,0.37803,-0.87622,1,-0.00010433,5.8235e-06,0,0,0,0,1.3333,999,999,999,1.6253,0.35065,0,0,0,0,0,0,0,0,0,0,0,0,0,0,0,0,0,0,0,0,0,0,0,0,0,0,0,0,0,0,0,0,0,0,0,0,0,0,0,0.017249,1.3104,-1,0.97277,0,0,0,0,0,0,0,0,0,0,0,0
0,0,0,0,1.1051,0.15338,-0.97348,-1,0.0636,0,0.065254,1,-0.080485,1.2093e-06,0,1,0,0,1.0176,999,999,999,1.5053,0.092123,0,0.35742,0.0636,1.2093e-06,9999,0,1,0,19.336,0.092123,0,0,0,0,0,0,0,0,1,999,999,999,0,0,0,0,0,0,0,0,0,0,0,0,0,0,0,0,0,0.0039455,1.1051,-1,0.96807,0.11981,-1,-0.080485,-0.64338,0,0,0,0,0,0,0,0
0,0,0,0,0,0,0,0,0.25592,0.55681,-0.87798,1,0.00018208,4.3312e-06,1.7348e-06,3,0,0,0.47358,999,999,999,0.19864,0.3279,0.20233,0.9778,0.22352,0.00018208,9999,0,1,615.23,0,0.19864,0,0,0,0,0,0,0,0,1,999,999,999,0,0,0,0,0,0,0,0,0,0,0,0,0,0,0,0,0,0,0,0,0,-0.43399,1,1.284e-06,0.013813,0,0,0,0,0,0,0,0
0,0,0,0,0,0,0,0,0.62547,0.92692,0.46092,-1,-3.6372e-05,2.7221e-05,-1.0809e-06,2,0,0,0.78335,999,999,999,0.53509,0.49534,0.32036,0.71089,0.19949,1.0809e-06,9999,0,-1,693.36,4.3945,0.32036,0,0,0,0,0,0,0,0,1,0.63323,0.42138,-0.76106,0,0,0,0,0,10,0.19949,1.0809e-06,9999,-1,693.36,4.3945,0.32036,0.63323,0.42138,-0.76106,-21,0.002367,0.62547,-1,0.89586,0.74316,-1,-3.6372e-05,-0.00025898,0,0,0,0,0,0,0,1
0,0,0,0,0,0,0,0,2.1075,0.60809,-0.9888,-1,-0.11393,0.0021291,-3.7179e-05,0,0,0,2.455,999,999,999,2.3093,1.2025,0.536,0,0,0,0,0,0,0,0,0,0,0,0,0,0,0,0,0,0,0,0,0,0,0,0,0,0,0,0,0,0,0,0,0,0,0,0,0,0,0.074235,2.1075,-1,0.99548,0,0,0,0,0,0,0,0,0,0,0,0
0,0,0,0,0,0,0,0,0.14026,0.87522,-0.86893,-1,-0.99992,4.4414e-06,-1.3367e-06,1,0,0,0.44561,999,999,999,0.3361,0.32981,0.14999,0.94361,0.14026,4.3489e-07,9999,0,-1,566.41,3.5645,0.16916,0,0,0,0,0,0,0,0,1,999,999,999,0,0,0,0,0,0,0,0,0,0,0,0,0,0,0,0,0,0,0,0,0,-0.12975,-1,-0.99992,-0.69317,0,0,0,0,0,0,0,1
0,0,0,0,0,0,0,0,1.1096,0.79149,-0.91808,1,-0.99993,0.72599,0.024315,1,0,0,1.0481,-0.50376,0.78985,-0.74538,0.30761,1.864,1.2136,0.68567,0.21308,0.99993,9999,1,-1,1445.3,15.625,0.30761,0,0,0,0,0,0,0,0,1,1.1096,0.78015,-0.5077,0,0,0,0,0,10,0.21308,0.99993,9999,-1,1445.3,15.625,0.30761,1.1096,0.78015,-0.5077,-22,0.0045425,0.80837,1,0.91124,-0.13018,1,4.0439e-06,4.4262e-06,0,0,0,0,0,0,0,0
0,0,0,0,0,0,0,0,1.2329,1.0924,-0.95309,1,0.94528,-0.0004226,-5.4184e-06,0,0,0,1.161,999,999,999,0.89399,0.78587,0.46411,0,0,0,0,0,0,0,0,0,0,0,0,0,0,0,0,0,0,0,0,0,0,0,0,0,0,0,0,0,0,0,0,0,0,0,0,0,0,0.0047341,1.2329,1,0.87158,0,0,0,0,0,0,0,0,0,0,0,1
0,0,0,0,0,0,0,0,0.31271,0.14042,0.72105,-1,0.00011346,-1.5904e-06,0,0,0,0,0.43391,999,999,999,0.3665,0.3622,0,0,0,0,0,0,0,0,0,0,0,0,0,0,0,0,0,0,0,0,0,0,0,0,0,0,0,0,0,0,0,0,0,0,0,0,0,0,0,0,0,0,0,0,0,0,0,0,0,0,0,0,0,0,0
0,0,0,0,0,0,0,0,0.68876,1.318,-0.066163,1,-0.00050609,0.00010227,-4.8523e-05,0,0,0,1.2076,-0.63491,0.74845,-0.079313,0.70952,0.65464,0.58527,0.69563,0.13589,3.4922e-07,9999,1,1,957.03,9.082,0.10666,0,0,0,0,0,0,0,0,1,0.63491,0.74845,-0.088899,0,0,0,0,0,10,0.13589,3.4922e-07,9999,1,957.03,9.082,0.10666,0.63491,0.74845,-0.088899,6,0.022403,0.68876,1,0.96773,0.66537,-1,-0.00050609,-0.36774,0,0,0,0,0,0,0,1
1.3043,0,-0.85197,1,0,0,0,0,0.065442,0.096037,-0.25939,-1,3.0302e-05,-7.8031e-06,-1.2571e-06,1,0,0,1.1634,999,999,999,1.8321,0.37391,0.05776,0.16508,0.065442,1.2571e-06,9999,0,-1,0,27.344,0.05776,0,0,0,0,0,0,0,0,1,1.3043,0.89255,-0.26234,0,0,0,0,0,10,0.065442,1.2571e-06,9999,-1,0,27.344,0.05776,1.3043,0.89255,-0.26234,-2,0.0065092,1.3043,1,0.89255,-0.26234,1,3.0302e-05,0.607,0,0,0,0,0,0,0,1
0,0,0,0,0,0,0,0,1.4708,0.40576,-0.83273,1,0.040291,-0.00018029,-5.596e-05,2,1,0.49745,1.5735,999,999,999,1.5185,0.19367,0.61677,0,0,0,0,0,0,0,0,0,0,0,0,0,0,0,0,0,0,0,0,0,0,0,0,0,0,0,0,0,0,0,0,0,0,0,0,0,0,0.018448,1.4708,1,0.94224,0,0,0,0,0,0,0,0,0,0,0,1
0,0,0,0,1.0557,0.18337,-0.11848,-1,0.41159,0.55662,-0.48985,1,-0.027009,1.2751e-05,0,0,0,0,0.91589,999,999,999,1.5611,0.4159,0,0,0,0,0,0,0,0,0,0,0,0,0,0,0,0,0,0,0,0,0,0,0,0,0,0,0,0,0,0,0,0,0,0,0,0,0,0,0,0.0046161,1.0557,-1,0.89357,0,0,0,0,0,0,0,0,0,0,0,0
0,0,0,0,0,0,0,0,0.54047,0.60092,-0.52718,1,7.2044e-06,-2.2213e-06,1.2323e-06,2,1,0.49721,0.54265,999,999,999,0.36746,0.27761,0.068272,0.84458,0.16152,8.0783e-07,9999,1,1,546.88,3.6621,0.28276,0,0,0,0,0,0,0,0,1,999,999,999,0,0,0,0,0,0,0,0,0,0,0,0,0,0,0,0,0,0.0056851,0.54047,1,0.87874,0.78692,1,7.2044e-06,0.00059584,0,0,0,0,0,0,0,1
0.72438,0,0.72422,1,0,0,0,0,2.4263,0.22912,-0.98523,-1,-0.91529,0.034256,0,0,1,0.49861,2.4343,999,999,999,2.3978,0.93445,0,0,0,0,0,0,0,0,0,0,0,0,0,0,0,0,0,0,0,0,0,0,0,0,0,0,0,0,0,0,0,0,0,0,0,0,0,0,0,0.0060369,2.4263,-1,0.99017,0,0,0,0,0.72438,0,0.72422,1,1,0.0038788,0.9011,1
0,0,0,0,0,0,0,0,0.17158,1.1542,-0.71827,-1,7.9605e-05,-1.2096e-06,-5.6069e-07,1,0,0,0.52724,999,999,999,0.72759,0.089628,0.22356,0.9868,0.15497,5.6069e-07,9999,1,-1,605.47,4.5898,0.22356,0,0,0,0,0,0,0,0,1,0.54132,0.46682,-0.38724,0,0,0,0,0,10,0.17158,1.2096e-06,9999,-1,0,14.648,0.089628,0.54132,0.46682,-0.48591,-4,0.026196,0.54132,1,0.46682,-0.38724,1,7.9605e-05,0.86741,0,0,0,0,0,0,0,1
0,0,0,0,0,0,0,0,1.1701,0.28728,-0.54149,-1,-0.024814,-4.8438e-07,0,0,0,0,1.1821,999,999,999,1.4179,0.19403,0,0.092456,0.12187,4.8438e-07,9999,1,-1,517.58,5.127,0.19403,0,0,0,0,0,0,0,0,1,999,999,999,0,0,0,0,0,0,0,0,0,0,0,0,0,0,0,0,0,0.00094232,1.1701,-1,0.95041,0,0,0,0,0,0,0,0,0,0,0,1
0,0,0,0,0.66038,1.7052,-0.15021,1,1.1299,1.7835,-0.89193,1,-0.95112,0.0074329,0.00017904,0,0,0,1.4701,999,999,999,1.0414,1.7604,0.92747,0.91737,0.17776,4.2643e-07,9999,1,-1,654.3,7.2266,0.16428,0,0,0,0,0,0,0,0,1,1.1299,0.95164,-0.8261,0,0,0,0,0,10,0.17776,4.2643e-07,9999,-1,654.3,7.2266,0.16428,1.1299,0.95164,-0.8261,-4,0.005175,1.1299,1,0.95164,0.81877,1,6.841e-05,0.50845,0,0,0,0,0,0,0,0
0,0,0,0,0,0,0,0,0.66824,2.0403,-0.89,1,-0.19461,-0.00023122,0.00020042,1,0,0,1.0382,999,999,999,0.66052,0.64898,0.23097,0,0,0,0,0,0,0,0,0,0,0,0,0,0,0,0,0,0,0,0,0,0,0,0,0,0,0,0,0,0,0,0,0,0,0,0,0,0,0.00020142,0.65156,-1,0.955,0,0,0,0,0,0,0,0,0,0,0,0
0,0,0,0,0,0,0,0,1.0288,0,-0.99642,1,0.94721,-4.6997e-06,1.3616e-06,3,0,0,0.92877,999,999,999,0.86177,0.33412,0.15509,0.79423,0.10762,1.2525e-06,9999,0,-1,0,9.082,0.12646,0,0,0,0,0,0,0,0,1,999,999,999,0,0,0,0,0,0,0,0,0,0,0,0,0,0,0,0,0,0.023754,1.0288,1,0.99642,0.8189,1,0.94721,0.6464,0,0,0,0,0,0,0,1
0,0,0,0,0,0,0,0,0.50189,1.6132,-0.51457,-1,6.7791e-05,-5.5985e-05,-1.7644e-05,0,1,0.4951,0.94123,999,999,999,0.67009,0.6167,0.44694,0.48138,0.10994,4.7521e-07,9999,1,1,703.12,3.9062,0.18984,0,1,0,0,0,0,0,0,1,0.50189,0.98827,-0.5593,0,0,0,0,0,10,0.10994,4.7521e-07,9999,1,703.12,3.9062,0.18984,0.50189,0.98827,-0.5593,9,0.017404,0.50189,-1,0.98827,0.90492,1,3.511e-06,0.11786,0,0,0,0,0,0,0,0
0,0,0,0,0,0,0,0,0.95216,0.83817,0.53623,-1,-0.99987,0.31871,-0.035155,1,0,0,0.91975,-0.95216,0.96776,-0.90987,0.31034,1.0286,1.4341,0.69133,0.21731,6.3031e-07,9999,1,-1,571.29,4.1016,0.24444,0,0,0,0,0,0,0,0,1,0.64147,0.98226,-0.54626,0,0,0,0,0,10,0.21731,6.3031e-07,9999,-1,571.29,4.1016,0.24444,0.64147,0.98226,-0.54626,-4,0.011303,0.95216,-1,0.96776,0.28977,1,0.0018986,0.0033532,0,0,0,0,0,0,0,0
0,0,0,0,0,0,0,0,2.1097,0.8105,-0.97895,1,0.38722,-1.7238e-06,0,0,1,0.4969,1.9693,999,999,999,2.8278,0.20134,0,0,0,0,0,0,0,0,0,0,0,0,0,0,0,0,0,0,0,0,0,0,0,0,0,0,0,0,0,0,0,0,0,0,0,0,0,0,0,0.033702,2.1097,1,0.9902,0,0,0,0,0,0,0,0,0,0,0,1
0.755,0.54092,-0.8679,-1,1.1396,0,-0.63475,1,0.42829,0.090464,0.3499,-1,-0.89805,-0.001977,0.00015066,0,0,0,1.2589,999,999,999,0.99124,0.66102,0.9772,0,0,0,0,0,0,0,0,0,0,0,0,0,0,0,0,0,0,0,0,0,0,0,0,0,0,0,0,0,0,0,0,0,0,0,0,0,0,0.019935,1.1396,1,0.93889,0,0,0,0,0.755,0.54092,-0.8679,-1,1,0.0065109,0.49815,1
0,0,0,0,0,0,0,0,0.84374,0.07611,0.80651,1,0.00029989,-1.6534e-05,-1.6075e-05,1,0,0,0.91357,999,999,999,0.78118,0.44045,0.43512,0,0,0,0,0,0,0,0,0,0,0,0,0,0,0,0,0,0,0,0,0,0,0,0,0,0,0,0,0,0,0,0,0,0,0,0,0,0,0,0,0,0,0,0,0,0,0,0,0,0,0,0,0,0
0,0,0,0,0,0,0,0,0.79851,0,-0.19758,1,0.96865,-0.0037725,0.00022654,2,1,0.49862,1.375,999,999,999,1.4032,0.59789,0.94503,0,0,0,0,0,0,0,0,0,0,0,0,0,0,0,0,0,0,0,0,0,0,0,0,0,0,0,0,0,0,0,0,0,0,0,0,0,0,0.0045318,1.1388,1,0.79802,0,0,0,0,0,0,0,0,0,0,0,1
0,0,0,0,1.4065,0.073056,0.80332,-1,1.2352,0.41284,-0.63446,-1,-0.96312,-0.0043042,2.0026e-05,0,0,0,1.3792,-1.4065,0.99696,-0.93813,0.89952,2.1804,0.46008,0,0,0,0,0,0,0,0,0,0,0,0,0,0,0,0,0,0,0,0,0,0,0,0,0,0,0,0,0,0,0,0,0,0,0,0,0,0,0.017899,1.4065,-1,0.99696,0,0,0,0,0,0,0,0,0,0,0,0
0,0,0,0,0,0,0,0,0.87741,0.26039,-0.030849,-1,-0.96703,8.4477e-06,-1.2162e-06,1,0,0,0.74249,999,999,999,1.3987,0.3804,0.079195,0.76116,0.18265,1.2129e-06,9999,1,1,0,16.797,0.10252,0,0,0,0,0,0,0,0,1,0.87741,0.82582,-0.28358,0,0,0,0,0,10,0.18265,1.2129e-06,9999,1,0,16.797,0.10252,0.87741,0.82582,-0.28358,5,0.0014787,0.87741,-1,0.82582,-0.28358,-1,-0.96703,-0.09202,0,0,0,0,0,0,0,0
0,0,0,0,1.4616,0.07248,-0.20342,1,1.4477,0.5326,-0.7119,-1,0.85874,-0.751,0.0063465,0,0,0,1.3908,1.4616,-0.96367,-0.46093,0.91686,2.3188,0.94302,0,0,0,0,0,0,0,0,0,0,0,0,0,0,0,0,0,0,0,0,0,0,0,0,0,0,0,0,0,0,0,0,0,0,0,0,0,0,0.020241,1.4616,1,0.96367,0,0,0,0,0,0,0,0,0,0,0,1
0.8834,0.60528,0.73109,-1,0,0,0,0,1.0113,1.0308,-0.61227,1,0.99761,-0.23137,-0.089929,2,0,0,1.5482,999,999,999,0.53172,0.52855,0.84329,0,0,0,0,0,0,0,0,0,0,0,0,0,0,0,0,0,0,0,0,0,0,0,0,0,0,0,0,0,0,0,0,0,0,0,0,0,0,0.0082121,1.0113,1,0.82927,0,0,0,0,0.8834,0.60528,0.73109,-1,1,0.0095196,0.3816,1
0,0,0,0,0,0,0,0,0.70132,0.042223,-0.57952,-1,-0.19764,-0.06186,0.051911,4,0,0,0.77104,999,999,999,0.98631,1.037,0.63686,0.85867,0.10581,4.2212e-07,9999,1,1,761.72,6.543,0.1617,0,0,0,0,0,0,0,0,1,999,999,999,0,0,0,0,0,0,0,0,0,0,0,0,0,0,0,0,0,0.0017531,0.70132,-1,0.7781,0.70294,-1,-0.19764,-0.70555,0,0,0,0,0,0,0,0
0,0,0,0,0,0,0,0,0.59072,0.44131,-0.61166,-1,-0.99998,-0.99527,-0.0024661,0,0,0,0.66764,999,999,999,0.29349,0.46457,0.81611,0.83706,0.23712,4.6619e-07,9999,0,1,722.66,4.1992,0.18554,0,0,0,0,0,0,0,0,1,0.59072,0.51819,-0.87975,0,0,0,0,0,10,0.23712,4.6619e-07,9999,1,722.66,4.1992,0.18554,0.59072,0.51819,-0.87975,0,0.012312,0.59072,-1,0.51819,0.089387,-1,-0.99998,-0.0042346,0,0,0,0,0,0,0,0
0,0,0,0,0,0,0,0,0.75106,0.12292,-0.71654,1,3.4631e-05,-1.2831e-05,-1.6155e-06,0,0,0,0.60324,999,999,999,0.52778,0.41646,0.19075,0.87369,0.10895,1.6155e-06,9999,1,-1,0,5.7617,0.19075,0,0,0,0,0,0,0,0,1,0.75106,0.95278,-0.86847,0,0,0,0,0,10,0.10895,1.6155e-06,9999,-1,0,5.7617,0.19075,0.75106,0.95278,-0.86847,-2,0.012964,0.75106,1,0.95278,-0.86847,1,3.4631e-05,0.71496,0,0,0,0,0,0,0,1
0,0,0,0,0,0,0,0,0.70941,0.87914,-0.43388,1,-0.0051639,0.00055537,2.8313e-05,1,0,0,0.7153,999,999,999,0.59036,0.55352,0.5003,0.7462,0.19633,6.5413e-07,9999,1,-1,566.41,3.7598,0.25064,0,0,0,0,0,0,0,0,1,0.70941,0.7942,-0.50792,0,0,0,0,0,10,0.19633,6.5413e-07,9999,-1,566.41,3.7598,0.25064,0.70941,0.7942,-0.50792,-0,0.0075359,0.70941,1,0.7942,-0.50792,1,2.8313e-05,0.03272,0,0,0,0,0,0,0,0
0,0,0,0,0,0,0,0,0.82148,1.2281,-0.54933,-1,-0.99419,0.9904,-0.95991,0,0,0,1.0737,999,999,999,0.58829,0.68608,0.86997,0.56695,0.12488,4.3782e-07,9999,1,-1,683.59,5.3223,0.1708,0,0,0,0,0,0,0,0,1,999,999,999,0,0,0,0,0,0,0,0,0,0,0,0,0,0,0,0,0,0.018109,0.82148,-1,0.92896,0.4478,1,0.9904,0.34175,0,0,0,0,0,0,0,0
0,0,0,0,0,0,0,0,0.317,0.82201,-0.48284,1,-2.7091e-05,5.9197e-06,-1.7819e-06,1,0,0,0.64909,999,999,999,0.49475,0.35193,0.37327,0.87019,0.1144,3.765e-07,9999,0,1,839.84,6.0547,0.13029,0,0,0,0,0,0,0,0,1,999,999,999,0,0,0,0,0,0,0,0,0,0,0,0,0,0,0,0,0,0,0,0,0,0.78756,-1,-2.7091e-05,-0.69881,0,0,0,0,0,0,0,1
0,0,0,0,1.2895,0,0.84319,-1,0.78683,1.5122,-0.95185,-1,-0.93516,-0.045684,7.0751e-07,0,0,0,1.5188,-1.2895,-0.98982,-0.94401,0.86838,1.3602,0.26316,0.99759,0.2127,7.0751e-07,9999,0,1,468.75,3.5645,0.26316,0,0,0,0,0,0,0,0,1,1.2895,0.98982,-0.99354,0,0,0,0,0,10,0.16795,4.9938e-07,9999,1,546.88,3.9551,0.20055,1.2895,0.98982,-0.93235,8,0.010107,1.2895,-1,0.98982,0.97535,-1,-0.93516,-0.64364,0,0,0,0,0,0,0,0
0.87378,1.4735,-0.98791,1,0,0,0,0,0.70018,0,0.58788,-1,-0.99983,0.0019866,-5.9526e-07,1,0,0,0.70072,999,999,999,0.38026,1.3335,0.2345,0.62522,0.14581,5.9526e-07,9999,0,-1,625,4.0527,0.2345,0,0,0,0,0,0,0,0,1,0.87378,0.61809,-0.22647,0,0,0,0,0,10,0.14581,5.9526e-07,9999,-1,625,4.0527,0.2345,0.87378,0.61809,-0.22647,-1,0.001697,0.87378,1,0.61809,-0.22647,1,0.0019866,0.21416,0.87378,1.4735,-0.98791,1,1,0.001697,0.61809,0
1.6444,0.27625,-0.70894,1,0,0,0,0,0.30881,0.95844,-0.88183,-1,0.016931,-1.4399e-05,6.6303e-07,0,0,0,1.2837,999,999,999,1.2861,0.42712,0.25285,0.097973,0.15825,6.6303e-07,9999,1,1,522.46,4.9805,0.25285,0,0,0,0,0,0,0,0,1,999,999,999,0,0,0,0,0,0,0,0,0,0,0,0,0,0,0,0,0,0.0069679,1.6444,1,0.98629,-0.11931,-1,-1.4399e-05,-0.02395,0,0,0,0,0,0,0,1
1.8662,0.26834,-0.54377,-1,0,0,0,0,1.3871,0.079391,0.32303,1,0.97017,-0.48377,-0.0050168,0,0,0,1.938,999,999,999,1.763,1.518,1.3864,0,0,0,0,0,0,0,0,0,0,0,0,0,0,0,0,0,0,0,0,0,0,0,0,0,0,0,0,0,0,0,0,0,0,0,0,0,0,0.0089624,1.8662,-1,0.96039,0,0,0,0,0,0,0,0,0,0,0,0
0,0,0,0,0,0,0,0,0.68545,0.59429,-0.051492,-1,0.99996,-0.00015231,4.1764e-05,0,0,0,1.0043,0.54679,0.86988,-0.14343,0.3154,0.79791,0.55486,0,0,0,0,0,0,0,0,0,0,0,0,0,0,0,0,0,0,0,0,0,0,0,0,0,0,0,0,0,0,0,0,0,0,0,0,0,0,0.012735,0.68545,-1,0.95153,0,0,0,0,0,0,0,0,0,0,0,1
0,0,0,0,0,0,0,0,1.0772,0.26143,-0.22596,1,0.96098,-0.00064148,-0.00059017,1,0,0,0.997,1.0772,-0.87031,-0.19586,0.87389,0.99187,0.33863,0,0,0,0,0,0,0,0,0,0,0,0,0,0,0,0,0,0,0,0,0,0,0,0,0,0,0,0,0,0,0,0,0,0,0,0,0,0,0.012801,1.0772,1,0.87031,0,0,0,0,0,0,0,0,0,0,0,1
0,0,0,0,0,0,0,0,0.75163,0.70509,0.57871,1,-0.98078,0.0080816,-0.00022147,2,1,0.49614,1.3336,-0.6499,0.70384,-0.13584,0.80136,0.79685,0.81837,0,0,0,0,0,0,0,0,0,0,0,0,0,0,0,0,0,0,0,0,0,0,0,0,0,0,0,0,0,0,0,0,0,0,0,0,0,0,0.01236,0.75163,1,0.91746,0,0,0,0,0,0,0,0,0,0,0,0
0,0,0,0,0,0,0,0,0.38531,1.1733,-0.76354,-1,2.6901e-05,7.935e-06,-3.7326e-06,2,0,0,0.68087,999,999,999,0.49387,0.37527,0.31665,0.98033,0.074331,3.8591e-07,9999,0,-1,1328.1,7.5195,0.1375,1,0,3.2923,-0.5091,-6.4155,0.16959,0.0042,0.43784,1,999,999,999,0,0,0,0,0,0,0,0,0,0,0,0,0,0,0,0,0,0.011277,0.50782,-1,0.90403,0.92129,1,2.6901e-05,0.86877,0,0,0,0,0,0,0,1
0,0,0,0,1.852,0,0.72037,1,0,0,0,0,0.00056063,0,0,0,0,0,1.8664,999,999,999,2.1106,0,0,0,0,0,0,0,0,0,0,0,0,0,0,0,0,0,0,0,0,0,0,0,0,0,0,0,0,0,0,0,0,0,0,0,0,0,0,0,0,0.00093961,1.852,1,0.99716,0,0,0,0,0,0,0,0,0,0,0,0
0,0,0,0,0,0,0,0,0.75511,0.15316,-0.74772,1,-0.44928,0.0073874,-3.5504e-05,0,0,0,0.99773,-0.53278,-0.66055,-0.47387,1.0537,1.0752,0.52547,0,0,0,0,0,0,0,0,0,0,0,0,0,0,0,0,0,0,0,0,0,0,0,0,0,0,0,0,0,0,0,0,0,0,0,0,0,0,0.016822,0.75511,1,0.97902,0,0,0,0,0,0,0,0,0,0,0,1
0,0,0,0,1.491,0.99638,-0.83279,1,0.4219,0.59604,-0.079386,-1,0.17823,-0.00014832,0.00011767,0,0,0,1.6241,1.491,0.69941,-0.39371,0.77137,0.63037,1.9466,0,0,0,0,0,0,0,0,0,0,0,0,0,0,0,0,0,0,0,0,0,0,0,0,0,0,0,0,0,0,0,0,0,0,0,0,0,0,0.0059964,1.491,1,0.69941,0,0,0,0,0,0,0,0,0,0,0,1
0,0,0,0,0,0,0,0,0.1104,0.33454,0.4921,1,-0.32048,-1.2093e-06,4.8244e-07,4,0,0,0.24531,999,999,999,1.4667,0.09167,0.19316,0.98942,0.18166,1.2093e-06,9999,0,-1,0,2.9053,0.09167,0,0,0,0,0,0,0,0,1,999,999,999,0,0,0,0,0,0,0,0,0,0,0,0,0,0,0,0,0,0,0,0,0,0.76749,-1,-0.32048,-0.63812,0,0,0,0,0,0,0,1
0,0,0,0,0,0,0,0,0.98518,1.1143,-0.41558,-1,-0.0169,0.00027854,5.7286e-05,1,0,0,1.1742,-0.62424,-0.70099,-0.38865,1.3099,0.29186,0.60896,0,0,0,0,0,0,0,0,0,0,0,0,0,0,0,0,0,0,0,0,0,0,0,0,0,0,0,0,0,0,0,0,0,0,0,0,0,0,0.058184,0.98518,-1,0.72897,0,0,0,0,0,0,0,0,0,0,0,1
1.1032,0.17239,-0.93719,1,0,0,0,0,0.68117,0,-0.54812,-1,0.9812,0.0001683,-3.2172e-05,1,0,0,1.2099,999,999,999,0.70083,1.5097,0.51717,0.7667,0.049706,1.2181e-06,9999,0,-1,0,9.668,0.10802,1,0,-0.2478,1.2402,0.36412,0.20626,0.42691,2.0224,1,999,999,999,0,0,0,0,0,0,0,0,0,0,0,0,0,0,0,0,0,0.002449,1.1032,1,0.91977,0.96309,1,0.9812,0.77213,0,0,0,0,0,0,0,1
0,0,0,0,0,0,0,0,1.7192,0.48295,-0.96854,1,0.84559,0.049408,-1.0083e-05,1,0,0,1.2756,1.7192,-0.97777,-0.60171,0.56053,1.2681,0.39524,0.19704,0.065594,1.2894e-06,9999,0,-1,0,6.1523,0.13843,0,0,0,0,0,0,0,0,1,1.7192,0.97777,-0.22156,0,0,0,0,0,10,0.065594,1.2894e-06,9999,-1,0,6.1523,0.13843,1.7192,0.97777,-0.22156,-2,0.017634,1.7192,1,0.97777,0.21951,1,0.84559,0.60391,0,0,0,0,0,0,0,1
0,0,0,0,0,0,0,0,0.99329,0.20776,-0.69317,1,0.93079,-2.9461e-05,-8.2581e-07,0,0,0,0.83062,999,999,999,0.73423,0.50487,0.28584,0.85178,0.17613,8.2581e-07,9999,1,-1,449.22,4.0527,0.28584,0,0,0,0,0,0,0,0,1,0.99329,0.8705,-0.83494,0,0,0,0,0,10,0.17613,8.2581e-07,9999,-1,449.22,4.0527,0.28584,0.99329,0.8705,-0.83494,-0,0.0099337,0.99329,1,0.8705,-0.83494,1,0.93079,0.29223,0,0,0,0,0,0,0,1
0,0,0,0,0,0,0,0,0.4618,0.73113,-0.87196,-1,-0.00062163,-6.2179e-05,-2.6e-05,1,0,0,0.73266,999,999,999,0.36636,0.62986,0.4897,0.88784,0.13586,3.8831e-07,9999,1,1,771.48,7.1289,0.13926,0,0,0,0,0,0,0,0,1,999,999,999,0,0,0,0,0,0,0,0,0,0,0,0,0,0,0,0,0,0,0,0,0,0.92167,-1,-2.036e-06,-0.66372,0,0,0,0,0,0,0,0
0,0,0,0,0,0,0,0,0.31884,1.1878,-0.70356,1,1.0187e-05,-1.7899e-06,-1.2094e-06,1,1,0.49573,0.34997,999,999,999,0.50803,0.26118,0.094549,0.12001,0.05489,1.2094e-06,9999,0,-1,0,4.0527,0.094549,1,0,0.15102,0.19224,0.88297,0.38015,0.1695,1.1175,1,999,999,999,0,0,0,0,0,0,0,0,0,0,0,0,0,0,0,0,0,0,0,0,0,0.33399,1,1.0187e-05,0.6519,0,0,0,0,0,0,0,1
0,0,0,0,0.83373,0.54338,0.46301,1,0.82777,1.6758,-0.98278,-1,0.073518,-6.4825e-05,-2.2023e-05,0,0,0,1.1774,999,999,999,0.87969,0.63304,0.47043,0.83919,0.22333,2.9559e-06,9999,1,1,517.58,2.7588,0.29911,0,0,0,0,0,0,0,0,1,0.82777,0.8429,-0.85903,0,0,0,0,0,10,0.22333,2.9559e-06,9999,1,517.58,2.7588,0.29911,0.82777,0.8429,-0.85903,0,0.0068824,0.83373,1,0.89055,-0.090945,-1,-3.877e-06,-0.014731,0,0,0,0,0,0,0,0
0,0,0,0,0,0,0,0,1.2931,1.2269,0.39961,-1,-0.96858,0.032169,0.0060356,1,1,0.50463,1.591,999,999,999,1.5695,0.70856,0.64595,0.20357,0.1331,3.1233e-07,9999,0,-1,395.51,18.75,0.065705,0,1,0,0,0,0,0,0,1,0.56628,0.8557,-0.67035,0,0,0,0,0,10,0.1331,3.1233e-07,9999,-1,395.51,18.75,0.065705,0.56628,0.8557,-0.67035,-6,0.023428,1.2931,-1,0.9883,0.18253,1,0.032169,0.15872,0,0,0,0,0,0,0,0
0,0,0,0,0,0,0,0,0.49548,0.62155,0.99086,-1,-0.0077655,-1.3131e-06,5.7396e-07,1,0,0,0.37488,999,999,999,0.78758,0.042056,0.22791,0.4263,0.19367,5.7396e-07,9999,1,1,634.77,3.6621,0.22791,0,0,0,0,0,0,0,0,1,999,999,999,0,0,0,0,0,0,0,0,0,0,0,0,0,0,0,0,0,0,0,0,0,0.23268,-1,-1.3131e-06,-0.0059193,0,0,0,0,0,0,0,0
0,0,0,0,0,0,0,0,1.4708,0,-0.89807,1,0.92555,0.089771,-5.4561e-07,0,0,0,1.6376,1.4708,-0.98723,-0.93886,1.1246,1.5875,0.21837,0.17689,0.23451,5.4561e-07,9999,1,-1,566.41,4.834,0.21837,0,0,0,0,0,0,0,0,1,1.4708,0.98723,-0.071734,0,0,0,0,0,10,0.23451,5.4561e-07,9999,-1,566.41,4.834,0.21837,1.4708,0.98723,-0.071734,-0,0.007204,1.4708,1,0.98723,0.073085,1,0.92555,0.00015072,0,0,0,0,0,0,0,1
0,0,0,0,0,0,0,0,0.59303,0.17918,-0.81309,1,-0.99985,0.00063654,2.5768e-05,3,1,0.50273,0.57938,999,999,999,0.3349,0.38535,0.48839,0,0,0,0,0,0,0,0,0,0,0,0,0,0,0,0,0,0,0,0,0,0,0,0,0,0,0,0,0,0,0,0,0,0,0,0,0,0,0.00031295,0.59303,1,0.89389,0,0,0,0,0,0,0,0,0,0,0,0
0.46659,0.28791,-0.63919,1,0,0,0,0,1.1059,0.073441,0.2726,-1,0.14345,-0.12368,0,1,0,0,0.83685,999,999,999,0.61819,0.78902,0,0,0,0,0,0,0,0,0,0,0,0,0,0,0,0,0,0,0,0,0,0,0,0,0,0,0,0,0,0,0,0,0,0,0,0,0,0,0,0.0060523,1.1059,-1,0.89263,0,0,0,0,0.46659,0.28791,-0.63919,1,1,0.12563,0.97928,0
0,0,0,0,0,0,0,0,0.40998,0.76675,-0.79608,-1,-0.97824,1.7127e-05,-3.9127e-06,1,0,0,0.6857,999,999,999,0.4903,0.44394,0.32021,0.65055,0.053036,1.2114e-06,9999,0,-1,0,1.9531,0.085227,0,0,0,0,0,0,0,0,1,0.54129,0.94956,-0.55217,0,0,0,0,0,10,0.053036,1.2114e-06,9999,-1,0,1.9531,0.085227,0.54129,0.94956,-0.55217,-5,0.0009994,0.54129,1,0.94956,-0.55217,1,1.7127e-05,0.78605,0,0,0,0,0,0,0,0
0,0,0,0,0,0,0,0,1.5635,0.23492,-0.9995,1,0.965,0.00021514,-4.6681e-07,1,0,0,1.6011,0.51877,0.95388,-0.84588,2.01,0.68646,0.18584,0.56695,0.18896,4.3943e-07,9999,1,-1,742.19,5.7617,0.17169,0,0,0,0,0,0,0,0,1,0.51877,0.95388,-0.57978,0,0,0,0,0,10,0.18896,4.3943e-07,9999,-1,742.19,5.7617,0.17169,0.51877,0.95388,-0.57978,-0,0.0092714,1.5635,1,0.96671,0.48983,1,0.965,0.014774,0,0,0,0,0,0,0,0
0,0,0,0,0,0,0,0,1.0759,0.83891,-0.16098,-1,-0.75622,-0.046033,-2.0257e-05,3,1,0.49561,1.3783,-1.0759,-0.98199,-0.95594,0.67653,1.2862,0.4613,0.90083,0.22911,6.1818e-07,9999,1,-1,546.88,3.5645,0.24112,0,0,0,0,0,0,0,0,1,999,999,999,0,0,0,0,0,10,0.20386,3.7898e-07,9999,1,976.56,8.1055,0.13223,0.6906,0.90376,-0.14498,0,0.016695,1.0759,-1,0.98199,-0.14498,-1,-0.75622,-0.0038676,0,0,0,0,0,0,0,0
0.40921,0.64526,0.99917,-1,0,0,0,0,1.1068,0.61327,-0.95631,1,0.12715,0.04351,-0.00062628,1,1,0.50221,1.3342,999,999,999,0.8298,1.0317,0.48343,0,0,0,0,0,0,0,0,0,0,0,0,0,0,0,0,0,0,0,0,0,0,0,0,0,0,0,0,0,0,0,0,0,0,0,0,0,0,0.011998,1.1068,1,0.99031,0,0,0,0,0.40921,0.64526,0.99917,-1,1,0.024657,0.98942,0
0,0,0,0,0,0,0,0,0.85017,0.96657,-0.098116,1,0.91369,-0.0010593,0.00057374,2,0,0,1.0205,999,999,999,1.1578,0.50902,0.31587,0.73168,0.22584,4.1103e-07,9999,1,1,791.02,8.0078,0.15481,0,0,0,0,0,0,0,0,1,999,999,999,0,0,0,0,0,0,0,0,0,0,0,0,0,0,0,0,0,0.0034919,0.86682,-1,0.81573,0.98003,-1,-5.1483e-05,-0.002401,0,0,0,0,0,0,0,1
0,0,0,0,0,0,0,0,0.95004,0.49387,0.98083,-1,-0.028173,-0.0078328,0.00053034,0,0,0,1.5425,-0.95004,0.98723,-0.47947,0.95217,1.1089,1.106,0,0,0,0,0,0,0,0,0,0,0,0,0,0,0,0,0,0,0,0,0,0,0,0,0,0,0,0,0,0,0,0,0,0,0,0,0,0,0.0073188,0.97671,1,0.54452,0,0,0,0,0,0,0,0,0,0,0,0
0,0,0,0,0.75132,0.50751,0.9593,1,0.5633,1.1852,-0.73571,-1,-0.10347,-0.00012829,9.5653e-05,0,0,0,1.1943,999,999,999,0.77974,0.81645,0.82844,0,0,0,0,0,0,0,0,0,0,0,0,0,0,0,0,0,0,0,0,0,0,0,0,0,0,0,0,0,0,0,0,0,0,0,0,0,0,0.026611,0.75132,1,0.99123,0,0,0,0,0,0,0,0,0,0,0,1
0.93494,0,-0.9227,-1,0,0,0,0,0,0,0,0,-0.039416,0,0,0,0,0,0.90192,999,999,999,1.2302,0,0,0,0,0,0,0,0,0,0,0,0,0,0,0,0,0,0,0,0,0,0,0,0,0,0,0,0,0,0,0,0,0,0,0,0,0,0,0,0,0.0037459,0.93494,-1,0.88448,0,0,0,0,0.93494,0,-0.9227,-1,1,0.0037459,0.88448,0
0,0,0,0,0,0,0,0,1.8032,0.76334,-0.82028,1,0.068293,-0.04367,-5.1061e-07,0,0,0,1.9911,999,999,999,1.7281,1.4733,0.20518,0.91748,0.12851,5.1061e-07,9999,1,-1,693.36,6.2012,0.20518,0,0,0,0,0,0,0,0,1,1.8032,0.9685,-0.97338,0,0,0,0,0,10,0.22308,4.0007e-07,9999,1,69.58,4.1992,0.14757,1.0976,0.91299,-0.84925,3,2.0171e-05,1.8032,1,0.9685,-0.97338,1,0.068293,0.74396,0,0,0,0,0,0,0,1
0,0,0,0,0,0,0,0,0.94882,1.0195,-0.40942,1,0.11236,-0.00011016,5.2767e-05,0,0,0,1.2068,999,999,999,0.87169,0.71954,0.60311,0,0,0,0,0,0,0,0,0,0,0,0,0,0,0,0,0,0,0,0,0,0,0,0,0,0,0,0,0,0,0,0,0,0,0,0,0,0,0.0035443,0.94882,1,0.89571,0,0,0,0,0,0,0,0,0,0,0,0
0.4895,0.94855,-0.38023,1,0,0,0,0,0.95588,0.41445,-0.60324,-1,-0.9993,-0.0076365,0.00038803,1,0,0,1.1971,-0.95588,0.87704,-0.19402,0.44091,1.051,0.67953,0.32298,0.095964,1.4925e-06,9999,1,1,0,6.0059,0.17608,0,0,0,0,0,0,0,0,1,0.95588,0.87704,-0.65415,0,0,0,0,0,10,0.095964,1.4925e-06,9999,1,0,6.0059,0.17608,0.95588,0.87704,-0.65415,2,0.0059439,0.95588,-1,0.87704,-0.16405,-1,-0.9993,-0.45948,0.4895,0.94855,-0.38023,1,1,0.0014559,0.40051,0
0,0,0,0,0,0,0,0,1.2436,0.82097,-0.97609,-1,0.99261,-0.043914,0.0043047,1,0,0,1.128,0.61035,0.9641,-0.29168,0.492,0.98259,0.95221,0.87767,0.10352,1.2098e-06,9999,0,1,0,19.531,0.08889,0,0,0,0,0,0,0,0,1,999,999,999,0,0,0,0,0,0,0,0,0,0,0,0,0,0,0,0,0,0.0082755,1.2436,-1,0.9743,0.9532,-1,-0.043914,-0.72924,0,0,0,0,0,0,0,1
0,0,0,0,0.72769,1.2906,-0.9839,-1,0.25421,1.2906,-0.9991,-1,-0.19695,-0.00016202,1.2172e-05,0,0,0,0.93195,999,999,999,1.049,0.67088,0.4116,0.94808,0.11945,3.9129e-07,9999,1,-1,966.8,7.9102,0.14142,0,0,0,0,0,0,0,0,1,999,999,999,0,0,0,0,0,0,0,0,0,0,0,0,0,0,0,0,0,0.01212,0.72769,-1,0.9493,0.83443,1,1.2172e-05,0.81507,0,0,0,0,0,0,0,1
0,0,0,0,0,0,0,0,0.44104,0.2919,0.23687,-1,0.99995,-5.5431e-05,3.9189e-06,0,1,0.49951,0.61589,999,999,999,0.29517,0.59414,0.32033,0.29077,0.21402,0.99995,9999,1,1,1640.6,13.086,0.29517,0,0,0,0,0,0,0,0,1,999,999,999,0,0,0,0,0,0,0,0,0,0,0,0,0,0,0,0,0,0,0,0,0,-0.76563,-1,-5.5431e-05,-1.5537e-05,0,0,0,0,0,0,0,0
0,0,0,0,0,0,0,0,0.33921,0.36926,-0.34925,-1,0.037505,0.00058904,-3.8525e-06,1,0,0,0.53767,999,999,999,0.76783,0.33778,0.31904,0.4671,0.093647,3.6894e-07,9999,1,1,76.294,7.1289,0.12418,0,0,0,0,0,0,0,0,1,999,999,999,0,0,0,0,0,10,0.22846,3.8525e-06,9999,-1,463.87,4.8828,0.31904,0.5076,0.9075,-0.42665,-0,0.0061997,0.5076,1,0.9075,-0.12149,-1,-1.9865e-06,-0.52581,0,0,0,0,0,0,0,0
0,0,0,0,0,0,0,0,1.0147,1.8597,0.78488,-1,-0.13847,-0.0058725,0.00075156,0,0,0,1.1613,999,999,999,1.0065,0.60745,0.84917,0,0,0,0,0,0,0,0,0,0,0,0,0,0,0,0,0,0,0,0,0,0,0,0,0,0,0,0,0,0,0,0,0,0,0,0,0,0,0.010415,1.0147,-1,0.9654,0,0,0,0,0,0,0,0,0,0,0,1
0,0,0,0,0,0,0,0,1.2223,0.20179,-0.96644,-1,-0.97187,-6.0268e-07,0,0,0,0,0.94904,999,999,999,0.94114,0.23669,0,0,0,0,0,0,0,0,0,0,0,0,0,0,0,0,0,0,0,0,0,0,0,0,0,0,0,0,0,0,0,0,0,0,0,0,0,0,0,0.0061092,1.2223,-1,0.9085,0,0,0,0,0,0,0,0,0,0,0,0
1.4785,0.050241,-0.76025,-1,0,0,0,0,1.2405,0.11505,-0.035141,1,0.23869,-9.3865e-05,0,0,0,0,1.8896,999,999,999,1.5425,1.9073,0,0,0,0,0,0,0,0,0,0,0,0,0,0,0,0,0,0,0,0,0,0,0,0,0,0,0,0,0,0,0,0,0,0,0,0,0,0,0,0.0081955,1.4785,-1,0.88343,0,0,0,0,0,0,0,0,0,0,0,0
0,0,0,0,1.7273,0,-0.82757,1,0.25371,1.0533,-0.57422,1,0.0023896,2.6824e-06,-2.6519e-06,1,0,0,1.7792,999,999,999,2.081,0.29182,0.29096,0.82996,0.09885,3.5183e-07,9999,0,1,227.05,3.3691,0.10913,0,0,0,0,0,0,0,0,1,999,999,999,0,0,0,0,0,0,0,0,0,0,0,0,0,0,0,0,0,0.015146,1.7273,1,0.95228,0.13885,-1,-2.6519e-06,-0.69769,0,0,0,0,0,0,0,1
0,0,0,0,0,0,0,0,0.64279,1.1581,-0.75525,-1,0.00017616,-2.8773e-05,-2.2936e-06,4,1,0.50148,0.66654,999,999,999,0.1779,0.50194,0.39631,0.77485,0.075101,1.2203e-06,9999,0,-1,0,4.1016,0.075671,1,0,-0.60432,2.4114,0.48749,0.093451,0.59596,0.29586,1,999,999,999,0,0,0,0,0,10,0.1129,0.00017616,9999,1,722.66,0,0.1779,0.64279,0.98203,-0.76374,11,0.011862,0.64279,-1,0.98203,0.81972,-1,-1.2203e-06,-0.00028155,0,0,0,0,0,0,0,1
0,0,0,0,0,0,0,0,0.40947,0.5104,0.34302,1,4.3453e-05,-9.7909e-06,-6.0475e-06,0,0,0,0.6747,999,999,999,0.55512,0.39274,0.3536,0.97528,0.11202,1.2897e-06,9999,0,1,0,8.5938,0.13851,0,0,0,0,0,0,0,0,1,999,999,999,0,0,0,0,0,0,0,0,0,0,0,0,0,0,0,0,0,0,0,0,0,0.92662,-1,-9.7909e-06,-0.86681,0,0,0,0,0,0,0,0
0,0,0,0,0,0,0,0,1.0079,1.2285,0.059194,1,-0.93132,-0.073728,0.065671,0,0,0,1.4039,999,999,999,0.83438,1.0565,1.3558,0.27887,0.21311,1.254e-06,9999,1,1,458.98,3.2227,0.33734,0,0,0,0,0,0,0,0,1,999,999,999,0,0,0,0,0,0,0,0,0,0,0,0,0,0,0,0,0,0.00093149,1.0079,1,0.994,0.65157,-1,-0.93132,-0.00072143,0,0,0,0,0,0,0,1
0,0,0,0,1.4253,0.072748,-0.89967,-1,0.51324,0.18671,0.56109,1,0.97837,-0.94944,0.90186,0,0,0,1.3613,999,999,999,0.60769,0.72722,0.49545,0.98174,0.093854,1.3789e-06,9999,1,-1,0,6.6406,0.15836,0,0,0,0,0,0,0,0,1,0.51324,0.84545,-0.74948,0,0,0,0,0,10,0.093854,1.3789e-06,9999,-1,0,6.6406,0.15836,0.51324,0.84545,-0.74948,-2,0.017278,1.4253,-1,0.96215,0.7838,1,0.90186,0.8759,0,0,0,0,0,0,0,1
0,0,0,0,0,0,0,0,0.66643,0.40361,0.5223,1,0.016092,-0.0002797,8.6847e-05,1,0,0,0.88355,0.66643,-0.82025,-0.15272,0.81728,0.81934,0.66838,0.98086,0.09222,3.3934e-07,9999,1,1,1679.7,14.258,0.09689,0,0,0,0,0,0,0,0,1,0.60573,0.93076,-0.88086,0,0,0,0,0,10,0.09222,3.3934e-07,9999,1,1679.7,14.258,0.09689,0.60573,0.93076,-0.88086,2,0.00089465,0.66643,1,0.82025,0.55734,-1,-1.4208e-06,-0.87426,0,0,0,0,0,0,0,0
0,0,0,0,1.9701,0.71051,-0.99225,-1,0.81603,0.31467,0.6911,-1,-0.96452,-0.025033,1.661e-06,1,0,0,1.9745,-1.9701,-0.90421,-0.727,1.1794,1.8382,0.36649,0.74211,0.22167,1.661e-06,9999,0,1,483.4,3.8574,0.36649,0,0,0,0,0,0,0,0,1,1.9701,0.90421,-0.47231,0,0,0,0,0,10,0.22167,1.661e-06,9999,1,483.4,3.8574,0.36649,1.9701,0.90421,-0.47231,5,0.0049567,1.9701,-1,0.90421,0.85658,-1,-0.96452,-0.0039417,0,0,0,0,0,0,0,0
0,0,0,0,0,0,0,0,0.63066,0.11023,-0.95649,-1,-0.00012736,0,0,0,0,0,0.45964,999,999,999,0.96565,0,0,0,0,0,0,0,0,0,0,0,0,0,0,0,0,0,0,0,0,0,0,0,0,0,0,0,0,0,0,0,0,0,0,0,0,0,0,0,0,0.027802,0.63066,-1,0.99488,0,0,0,0,0,0,0,0,0,0,0,0
0,0,0,0,0,0,0,0,0.85884,0.29818,-0.40312,-1,-0.17952,5.9215e-05,4.7421e-05,0,0,0,0.8997,999,999,999,1.3636,0.62557,0.58061,0.42012,0.23638,1.5112e-06,9999,1,-1,468.75,3.4668,0.35707,0,0,0,0,0,0,0,0,1,0.60223,0.92977,-0.10996,0,0,0,0,0,10,0.23638,1.5112e-06,9999,-1,468.75,3.4668,0.35707,0.60223,0.92977,-0.10996,-0,0.0096956,0.85884,-1,0.76434,0.97723,1,4.7421e-05,0.00019743,0,0,0,0,0,0,0,0
0,0,0,0,0,0,0,0,1.1358,0.65219,-0.85115,-1,-0.06418,0.017442,-5.2651e-05,0,0,0,1.5708,999,999,999,1.5293,1.0573,0.59016,0.11769,0.13654,2.2324e-06,9999,1,1,0,6.7383,0.23629,0,0,0,0,0,0,0,0,1,999,999,999,0,0,0,0,0,0,0,0,0,0,0,0,0,0,0,0,0,0.018438,1.1358,-1,0.97841,0.062043,-1,-0.06418,-0.10939,0,0,0,0,0,0,0,1
0,0,0,0,0,0,0,0,0.99784,0.81886,0.72294,1,0.0020485,9.9558e-05,-4.7976e-05,0,0,0,1.0486,0.99784,-0.96432,-0.96762,0.88536,0.82384,0.58302,0.53514,0.20786,8.8398e-07,9999,1,-1,473.63,4.1504,0.2951,0,0,0,0,0,0,0,0,1,0.55966,0.88093,-0.11828,0,0,0,0,0,10,0.20786,8.8398e-07,9999,-1,473.63,4.1504,0.2951,0.55966,0.88093,-0.11828,-0,0.014903,0.99784,1,0.96432,0.29486,1,9.9558e-05,0.0027421,0,0,0,0,0,0,0,1
0,0,0,0,0,0,0,0,0.82449,1.0537,-0.50281,1,0.6003,0.0008613,-3.2343e-05,0,0,0,0.89559,999,999,999,1.3477,0.54824,0.51802,0.51198,0.20552,9.7538e-07,9999,1,-1,498.05,3.9062,0.30782,0,0,0,0,0,0,0,0,1,0.82449,0.94909,-0.21545,0,0,0,0,0,10,0.20552,9.7538e-07,9999,-1,498.05,3.9062,0.30782,0.82449,0.94909,-0.21545,-4,0.013177,0.82449,1,0.94909,0.56071,1,1.2819e-05,0.0030371,0,0,0,0,0,0,0,1
0,0,0,0,0.72681,0.204,0.082553,-1,0.99548,0.204,-0.80479,-1,-0.95535,-0.00015018,4.7814e-05,0,0,0,1.2288,-0.72681,0.68971,-0.6271,0.85165,0.88142,0.58235,0,0,0,0,0,0,0,0,0,0,0,0,0,0,0,0,0,0,0,0,0,0,0,0,0,0,0,0,0,0,0,0,0,0,0,0,0,0,0.0015766,0.99548,-1,0.99204,0,0,0,0,0,0,0,0,0,0,0,0
0,0,0,0,0,0,0,0,0.28975,0.69382,-0.16577,1,-0.0044751,2.2475e-06,1.9432e-06,0,0,0,0.87483,999,999,999,1.0518,0.2785,0.21868,0,0,0,0,0,0,0,0,0,0,0,0,0,0,0,0,0,0,0,0,0,0,0,0,0,0,0,0,0,0,0,0,0,0,0,0,0,0,0.0063084,0.80712,-1,0.75221,0,0,0,0,0,0,0,0,0,0,0,1
0,0,0,0,0,0,0,0,1.1521,0.19279,-0.41931,1,-0.98285,0.050001,-0.011514,1,0,0,1.6994,-0.98548,-0.82821,-0.24703,0.74246,1.1513,0.85953,0.80203,0.10763,4.3449e-07,9999,0,-1,664.06,4.541,0.16893,0,0,0,0,0,0,0,0,1,1.1521,0.97341,-0.68993,0,0,0,0,0,10,0.10763,4.3449e-07,9999,-1,664.06,4.541,0.16893,1.1521,0.97341,-0.68993,-11,0.0051919,1.1521,1,0.97341,0.73032,1,8.2099e-05,0.65221,0,0,0,0,0,0,0,0
0,0,0,0,0,0,0,0,0.1754,0.34463,0.16227,1,0.010911,-2.4583e-05,-1.0889e-05,1,2,0.4952,0.54784,999,999,999,0.51668,0.48301,0.40187,0.25899,0.1754,1.2097e-06,9999,1,1,0,17.969,0.089283,0,1,0,0,0,0,0,0,1,999,999,999,0,0,0,0,0,0,0,0,0,0,0,0,0,0,0,0,0,0,0,0,0,-0.24558,-1,-2.4583e-05,-0.013103,0,0,0,0,0,0,0,1
0,0,0,0,0,0,0,0,0.86109,1.0844,-0.90313,-1,-0.89622,0.27194,-0.0020262,1,0,0,0.9873,-0.86109,-0.9856,-0.96874,0.84619,0.861,0.76199,0,0,0,0,0,0,0,0,0,0,0,0,0,0,0,0,0,0,0,0,0,0,0,0,0,0,0,0,0,0,0,0,0,0,0,0,0,0,0.0015049,0.86109,-1,0.9856,0,0,0,0,0,0,0,0,0,0,0,0
0,0,0,0,0,0,0,0,0.83948,1.0854,-0.058993,-1,-0.49026,0.058358,-0.0068285,1,0,0,1.113,999,999,999,0.84349,1.065,0.87756,0.7404,0.20478,3.6935e-07,9999,1,1,1142.6,11.914,0.12452,0,0,0,0,0,0,0,0,1,0.83948,0.83075,-0.32124,0,0,0,0,0,10,0.23006,1.892e-06,9999,1,595.7,3.6133,0.37892,0.83948,0.83075,-0.30705,0,0.0081203,0.83948,-1,0.83075,0.47698,-1,-0.49026,-0.00018804,0,0,0,0,0,0,0,0
0,0,0,0,0,0,0,0,0.73449,1.9828,-0.95883,1,0.76601,9.2494e-06,3.5685e-06,0,0,0,0.8843,999,999,999,0.66512,0.50149,0.31326,0.90222,0.070453,1.2741e-06,9999,1,-1,0,57.812,0.052256,0,0,0,0,0,0,0,0,1,999,999,999,0,0,0,0,0,0,0,0,0,0,0,0,0,0,0,0,0,0.020986,0.73449,1,0.65195,0.53815,1,0.76601,0.78183,0,0,0,0,0,0,0,1
0,0,0,0,0,0,0,0,1.0157,0.78777,0.83172,-1,0.99962,-0.97071,-0.082362,1,0,0,1.3926,999,999,999,0.41361,0.93681,1.214,0.89764,0.19569,9.1944e-07,9999,1,-1,468.75,4.1016,0.30028,0,0,0,0,0,0,0,0,1,999,999,999,0,0,0,0,0,0,0,0,0,0,0,0,0,0,0,0,0,0.0070976,1.0157,-1,0.9989,-0.99057,1,0.99962,0.24504,0,0,0,0,0,0,0,1
0,0,0,0,0,0,0,0,1.858,0.31224,-0.84934,1,-0.00017517,6.8679e-05,1.2754e-05,1,0,0,1.5656,999,999,999,0.17174,2.7322,0.41592,0.98915,0.1596,0.00017517,9999,0,-1,673.83,0,0.17174,0,0,0,0,0,0,0,0,1,1.858,0.94717,-0.89043,0,0,0,0,0,10,0.1596,0.00017517,9999,-1,673.83,0,0.17174,1.858,0.94717,-0.89043,-5,0.0064938,1.858,1,0.94717,0.87702,1,1.2754e-05,0.8672,0,0,0,0,0,0,0,1
0,0,0,0,0,0,0,0,0.95909,2.1047,-0.96706,1,0.018343,-0.00045321,1.2336e-06,1,0,0,0.9485,999,999,999,1.3918,0.63498,0.067567,0.92078,0.14861,4.3048e-07,9999,1,1,849.61,6.9336,0.16664,0,0,0,0,0,0,0,0,1,999,999,999,0,0,0,0,0,0,0,0,0,0,0,0,0,0,0,0,0,0.030906,0.95909,1,0.62641,0.77092,-1,-0.00045321,-0.69662,0,0,0,0,0,0,0,1
1.3747,0,-0.62879,1,0,0,0,0,0.10277,0.90631,0.51759,-1,0.05561,-4.6292e-07,0,0,0,0,1.1036,999,999,999,1.1121,0.18394,0,0.91093,0.10277,4.6292e-07,9999,1,-1,712.89,7.5195,0.18394,0,0,0,0,0,0,0,0,1,1.3747,0.93804,-0.99013,0,0,0,0,0,10,0.10277,4.6292e-07,9999,-1,712.89,7.5195,0.18394,1.3747,0.93804,-0.99013,-2,0.014691,1.3747,1,0.93804,-0.99013,1,0.05561,0.76969,0,0,0,0,0,0,0,1
0,0,0,0,0,0,0,0,0.45934,0.36441,-0.36154,1,0.01632,-0.00018078,-4.9993e-05,4,2,0.50281,1.3735,0.5756,-0.98561,-0.34901,1.2517,0.85913,0.59142,0.39402,0.21653,5.0603e-07,9999,1,-1,517.58,4.6875,0.20331,0,0,0,0,0,0,0,0,1,0.5756,0.98561,-0.26557,0,0,0,0,0,10,0.21653,5.0603e-07,9999,-1,517.58,4.6875,0.20331,0.5756,0.98561,-0.26557,-0,0.038063,0.7672,-1,0.90897,0.66062,1,1.4749e-06,0.00080925,0,0,0,0,0,0,0,1
0,0,0,0,0,0,0,0,1.2732,0.80074,0.5001,1,-0.94469,0.013391,-0.0026034,0,0,0,1.5353,999,999,999,0.90272,1.2116,0.67755,0,0,0,0,0,0,0,0,0,0,0,0,0,0,0,0,0,0,0,0,0,0,0,0,0,0,0,0,0,0,0,0,0,0,0,0,0,0,0.0015711,1.2732,1,0.9757,0,0,0,0,0,0,0,0,0,0,0,0
0,0,0,0,1.1332,0.31788,-0.50301,1,0.3464,0.98094,-0.97419,-1,0.00052491,-1.5383e-06,0,0,0,0,0.79522,999,999,999,0.80704,0.35887,0,0,0,0,0,0,0,0,0,0,0,0,0,0,0,0,0,0,0,0,0,0,0,0,0,0,0,0,0,0,0,0,0,0,0,0,0,0,0,0.0068949,1.1332,1,0.81787,0,0,0,0,0,0,0,0,0,0,0,1
0,0,0,0,0,0,0,0,0.89737,1.4352,-0.64344,-1,-0.60457,-5.4671e-05,7.4663e-06,2,0,0,0.78067,-0.93058,-0.90907,-0.50277,1.4832,0.61119,0.37033,0.89108,0.077245,1.21e-06,9999,0,1,0,17.969,0.097126,0,0,0,0,0,0,0,0,1,0.89737,0.48392,-0.084345,0,0,0,0,0,10,0.077245,1.21e-06,9999,1,0,17.969,0.097126,0.89737,0.48392,-0.084345,4,0.011597,0.93058,-1,0.90907,-0.084345,-1,-0.60457,-0.76973,0,0,0,0,0,0,0,1
0,0,0,0,0,0,0,0,1.3589,0.59033,-0.46633,1,0.032967,-0.00070397,0,0,1,0.49853,1.4833,999,999,999,1.6574,0.71093,0,0,0,0,0,0,0,0,0,0,0,0,0,0,0,0,0,0,0,0,0,0,0,0,0,0,0,0,0,0,0,0,0,0,0,0,0,0,0,0.0019015,1.3589,1,0.98456,0,0,0,0,0,0,0,0,0,0,0,0
0,0,0,0,0.84298,0.26873,0.057999,1,1.6206,0.13128,-0.78783,-1,0.33227,-0.0019547,-4.7245e-07,0,0,0,0.85224,999,999,999,1.3423,1.03,0.18854,0.13397,0.1756,4.7245e-07,9999,1,-1,625,5.127,0.18854,0,0,0,0,0,0,0,0,1,999,999,999,0,0,0,0,0,0,0,0,0,0,0,0,0,0,0,0,0,0.00017333,1.6206,-1,0.96203,0.18849,1,0.33227,0.007243,0,0,0,0,0,0,0,0
0,0,0,0,0,0,0,0,1.0534,1.1033,-0.88214,-1,0.14862,-0.010357,3.1439e-05,3,1,0.5003,1.3679,999,999,999,1.154,1.3974,0.51408,0.34776,0.2042,1.3159e-06,9999,0,-1,454.1,3.6133,0.3426,0,1,0,0,0,0,0,0,1,999,999,999,0,0,0,0,0,0,0,0,0,0,0,0,0,0,0,0,0,0.0017039,0.81402,1,0.74462,0.87289,1,0.14862,0.0018579,0,0,0,0,0,0,0,1
0,0,0,0,0,0,0,0,0.85962,0.61931,-0.95308,1,0.0077266,4.6958e-05,-1.02e-05,1,0,0,0.63383,0.85962,-0.54344,-0.89288,0.64949,0.57881,0.39623,0,0,0,0,0,0,0,0,0,0,0,0,0,0,0,0,0,0,0,0,0,0,0,0,0,0,0,0,0,0,0,0,0,0,0,0,0,0,0.01304,0.85962,1,0.54344,0,0,0,0,0,0,0,0,0,0,0,1
0,0,0,0,0,0,0,0,0.44394,0.92555,-0.46209,-1,-0.00017278,-2.4456e-05,9.5894e-06,0,0,0,0.90404,999,999,999,0.84655,0.4824,0.39098,0,0,0,0,0,0,0,0,0,0,0,0,0,0,0,0,0,0,0,0,0,0,0,0,0,0,0,0,0,0,0,0,0,0,0,0,0,0,0.019592,0.70306,-1,0.72281,0,0,0,0,0,0,0,0,0,0,0,1
0,0,0,0,0,0,0,0,0.78338,0.18413,-0.74488,-1,-0.009965,-0.0029236,2.6228e-05,1,0,0,0.86883,999,999,999,0.96502,0.69707,0.49067,0.26258,0.10375,1.5527e-06,9999,1,1,0,5.5664,0.18369,0,0,0,0,0,0,0,0,1,999,999,999,0,0,0,0,0,0,0,0,0,0,0,0,0,0,0,0,0,0,0,0,0,0.73282,-1,-0.0029236,-0.39794,0,0,0,0,0,0,0,1
0,0,0,0,0,0,0,0,0.96092,0.47792,0.97075,-1,0.84885,-0.39069,0.017678,2,0,0,1.4612,0.94662,0.988,-0.31735,0.20643,1.4134,1.2412,0,0,0,0,0,0,0,0,0,0,0,0,0,0,0,0,0,0,0,0,0,0,0,0,0,0,0,0,0,0,0,0,0,0,0,0,0,0,0.026888,0.94662,1,0.988,0,0,0,0,0,0,0,0,0,0,0,0
0,0,0,0,0,0,0,0,0.29138,0.39194,0.8875,-1,-0.93037,0.0001966,2.2265e-05,1,0,0,0.83519,999,999,999,0.62954,0.22573,0.4716,0.48043,0.10762,4.0805e-07,9999,0,-1,693.36,6.3477,0.15288,0,0,0,0,0,0,0,0,1,999,999,999,0,0,0,0,0,0,0,0,0,0,0,0,0,0,0,0,0,0.0058451,0.62083,1,0.88638,0.62451,1,0.0001966,0.43132,0,0,0,0,0,0,0,0
0,0,0,0,0,0,0,0,1.1128,1.0308,-0.95807,-1,0.92982,-0.0055581,0.00058527,3,2,0.49965,1.23,999,999,999,0.62366,1.5677,0.52726,0.60971,0.22443,1.1989e-06,9999,1,-1,468.75,3.1738,0.33234,0,1,0,0,0,0,0,0,1,999,999,999,0,0,0,0,0,0,0,0,0,0,0,0,0,0,0,0,0,0.00039332,1.1128,-1,0.87439,0.17396,1,0.92982,0.00095823,0,0,0,0,0,0,0,1
0,0,0,0,0,0,0,0,0.83203,0.33773,0.75682,-1,-0.021479,-0.00019074,1.8998e-05,0,0,0,1.2576,-0.84399,-0.93384,-0.9715,1.0966,0.88347,0.45453,0.53729,0.23398,6.511e-07,9999,1,1,498.05,3.125,0.24987,0,0,0,0,0,0,0,0,1,0.83203,0.90926,-0.16568,0,0,0,0,0,10,0.23398,6.511e-07,9999,1,498.05,3.125,0.24987,0.83203,0.90926,-0.16568,0,0.011272,0.84399,-1,0.93384,0.34108,-1,-0.00019074,-0.00030885,0,0,0,0,0,0,0,1
0,0,0,0,0.56936,0.51381,0.27777,1,0.53419,1.4452,-0.99718,-1,0.034703,9.0742e-05,-6.4267e-05,0,0,0,0.84444,999,999,999,0.57203,0.82445,0.5979,0,0,0,0,0,0,0,0,0,0,0,0,0,0,0,0,0,0,0,0,0,0,0,0,0,0,0,0,0,0,0,0,0,0,0,0,0,0,0.017698,0.56936,1,0.42454,0,0,0,0,0,0,0,0,0,0,0,0
0.54188,1.2428,0.2517,1,0,0,0,0,0.26731,1.2233,0.4535,-1,-0.87964,-0.76274,0.021167,2,0,0,0.52908,999,999,999,0.24327,0.11795,0.75995,0.77798,0.21077,0.87964,9999,0,-1,0,23.047,0.24327,0,0,0,0,0,0,0,0,1,0.54188,0.53034,-0.75921,0,0,0,0,0,10,0.21077,0.87964,9999,-1,0,23.047,0.24327,0.54188,0.53034,-0.75921,-22,0.023531,0.54188,1,0.53034,-0.75921,1,0.021167,7.5385e-06,0.54188,1.2428,0.2517,1,1,0.023531,0.53034,0
0,0,0,0,0,0,0,0,0.82854,1.3088,-0.89079,-1,-0.10968,-1.0078e-05,9.0824e-06,0,0,0,0.85559,-0.53867,-0.97516,-0.90605,1.1739,0.3952,0.50025,0,0,0,0,0,0,0,0,0,0,0,0,0,0,0,0,0,0,0,0,0,0,0,0,0,0,0,0,0,0,0,0,0,0,0,0,0,0,0.019832,0.82854,-1,0.80247,0,0,0,0,0,0,0,0,0,0,0,0
0,0,0,0,0,0,0,0,1.1532,1.0457,-0.89651,1,0.0018063,-5.2745e-05,1.4915e-06,1,0,0,1.2354,999,999,999,1.2803,0.60223,0.24707,0.91424,0.084642,3.4468e-07,9999,0,-1,781.25,4.1504,0.10227,0,0,0,0,0,0,0,0,1,1.1532,0.98353,-0.89031,0,0,0,0,0,10,0.084642,3.4468e-07,9999,-1,781.25,4.1504,0.10227,1.1532,0.98353,-0.89031,-11,0.0089075,1.1532,1,0.98353,0.7954,1,1.4915e-06,0.78633,0,0,0,0,0,0,0,0
0,0,0,0,0,0,0,0,0.99577,1.1231,0.25655,-1,0.99255,-0.47528,7.1319e-05,0,0,0,1.3424,0.74109,-0.99973,-0.69138,0.63712,1.457,0.68506,0,0,0,0,0,0,0,0,0,0,0,0,0,0,0,0,0,0,0,0,0,0,0,0,0,0,0,0,0,0,0,0,0,0,0,0,0,0,0.0077253,0.99577,-1,0.94056,0,0,0,0,0,0,0,0,0,0,0,0
0,0,0,0,0,0,0,0,0.5058,1.2127,-0.17904,-1,-0.00011613,5.2178e-05,-4.9743e-05,0,1,0.49752,1.1676,-0.59291,-0.71726,-0.022032,0.81292,0.60022,0.59015,0.93447,0.12582,1.579e-06,9999,1,1,0,5.7129,0.18674,0,0,0,0,0,0,0,0,1,0.67208,0.69092,-0.61217,0,0,0,0,0,10,0.12582,1.579e-06,9999,1,0,5.7129,0.18674,0.67208,0.69092,-0.61217,2,0.088052,0.5058,-1,0.63882,0.61671,-1,-4.9743e-05,-0.78231,0,0,0,0,0,0,0,0
0,0,0,0,0,0,0,0,0.67923,1.5398,-0.28811,1,-0.97465,-0.93089,7.1645e-05,1,0,0,1.2104,999,999,999,0.6348,0.54657,0.68421,0.88728,0.080695,1.2151e-06,9999,0,1,0,6.9336,0.10517,0,0,0,0,0,0,0,0,1,999,999,999,0,0,0,0,0,10,0.21019,7.6408e-07,9999,-1,561.52,4.1016,0.27475,0.67923,0.88504,-0.98502,-6,0.0007128,0.67923,1,0.88504,0.8394,-1,-0.97465,-0.76438,0,0,0,0,0,0,0,0
0,0,0,0,0,0,0,0,0.33644,0.61064,-0.63208,-1,-6.3441e-06,0,0,0,0,0,0.33218,999,999,999,0.35736,0,0,0,0,0,0,0,0,0,0,0,0,0,0,0,0,0,0,0,0,0,0,0,0,0,0,0,0,0,0,0,0,0,0,0,0,0,0,0,0,0,0,0,0,0,0,0,0,0,0,0,0,0,0,0,1
0,0,0,0,0,0,0,0,0.29072,1.3278,-0.93581,1,-5.0677e-06,2.8641e-06,-1.2289e-06,2,0,0,0.51448,999,999,999,0.33989,0.29675,0.11551,0.87996,0.13922,3.975e-07,9999,1,-1,888.67,5.957,0.1458,0,0,0,0,0,0,0,0,1,999,999,999,0,0,0,0,0,0,0,0,0,0,0,0,0,0,0,0,0,0,0,0,0,-0.33862,1,2.8641e-06,0.63397,0,0,0,0,0,0,0,0
0,0,0,0,0,0,0,0,0.23159,0.044202,0.35202,1,-0.99831,0.00065072,-0.00013096,0,0,0,0.85301,999,999,999,0.50392,0.82119,0.60267,0.60582,0.23159,4.0336e-07,9999,1,1,869.14,6.0059,0.14979,0,0,0,0,0,0,0,0,1,0.54698,0.81284,-0.47424,0,0,0,0,0,10,0.23159,4.0336e-07,9999,1,869.14,6.0059,0.14979,0.54698,0.81284,-0.47424,5,0.00089327,0.5767,-1,0.53259,0.35011,-1,-0.99831,-0.0005057,0,0,0,0,0,0,0,0
0,0,0,0,0,0,0,0,0.61932,0.77737,-0.36423,-1,-0.9509,-0.00064873,-0.00017497,1,1,0.49879,0.91325,-0.61932,0.41295,-0.41944,0.80334,0.4177,0.1702,0.97263,0.14435,0.00017497,9999,1,-1,722.66,0,0.1702,0,0,0,0,0,0,0,0,1,999,999,999,0,0,0,0,0,10,0.19157,4.519e-07,9999,1,654.3,4.6387,0.17837,0.66826,0.99997,-0.49229,5,0.0154,0.66826,-1,0.99997,0.7732,-1,-0.9509,-0.12683,0,0,0,0,0,0,0,0
0,0,0,0,0,0,0,0,0.6421,0.22914,0.46427,-1,0.99985,0.99941,-0.42942,0,0,0,0.88536,999,999,999,0.36058,0.43497,0.84868,0.45717,0.12148,3.9844e-07,9999,1,-1,849.61,6.543,0.14645,0,0,0,0,0,0,0,0,1,0.51472,0.9858,-0.31927,0,0,0,0,0,10,0.12148,3.9844e-07,9999,-1,849.61,6.543,0.14645,0.51472,0.9858,-0.31927,-2,0.0003072,0.62991,1,0.5285,0.51282,1,0.99941,0.31462,0,0,0,0,0,0,0,1
0,0,0,0,0,0,0,0,1.0226,0.60755,-0.62718,-1,-0.95397,0.00029502,1.9455e-05,1,0,0,1.0531,999,999,999,0.80543,0.60969,0.45622,0.30146,0.20987,9.9183e-07,9999,0,-1,444.34,4.6875,0.30991,0,0,0,0,0,0,0,0,1,999,999,999,0,0,0,0,0,0,0,0,0,0,0,0,0,0,0,0,0,0.011465,1.0226,-1,0.91662,0.35719,1,0.00029502,0.00099773,0,0,0,0,0,0,0,0
0,0,0,0,0,0,0,0,0.71652,1.711,-0.90218,-1,-0.003287,0.00020829,-3.8319e-05,3,0,0,1.2229,-0.60456,0.79498,-0.58201,1.0566,0.96189,0.54304,0.33334,0.1506,1.2217e-06,9999,0,1,0,17.383,0.074626,0,0,0,0,0,0,0,0,1,0.71652,0.52167,-0.20709,0,0,0,0,0,10,0.1506,1.2217e-06,9999,1,0,17.383,0.074626,0.71652,0.52167,-0.20709,0,0.0064151,0.9431,1,0.98596,0.38347,1,1.2217e-06,0.00016233,0,0,0,0,0,0,0,0
0,0,0,0,0,0,0,0,1.6487,0.17534,-0.95441,-1,0.36661,0.2909,-0.052512,0,0,0,1.9774,1.0145,-0.31788,-0.61595,1.5181,0.84666,1.9758,0,0,0,0,0,0,0,0,0,0,0,0,0,0,0,0,0,0,0,0,0,0,0,0,0,0,0,0,0,0,0,0,0,0,0,0,0,0,0.0017421,1.6487,-1,0.98112,0,0,0,0,0,0,0,0,0,0,0,1
0,0,0,0,0,0,0,0,0.96119,0.26057,-0.1873,1,-0.016152,0.0028981,-5.4724e-06,0,0,0,1.1945,999,999,999,1.0948,0.9893,0.34582,0.9839,0.22003,1.1463e-06,9999,0,1,576.17,4.541,0.22612,0,0,0,0,0,0,0,0,1,0.71807,0.56198,-0.69448,0,0,0,0,0,10,0.11932,1.2129e-06,9999,-1,0,15.625,0.082931,0.96119,0.88451,-0.50511,-0,0.014375,0.96119,1,0.88451,0.3059,1,2.1372e-06,0.41077,0,0,0,0,0,0,0,0
0,0,0,0,0.52652,0,0.26363,-1,1.4924,0,-0.92638,1,-0.99873,0.0025481,-0.0013525,0,0,0,0.92337,999,999,999,0.48339,0.93014,0.80698,0,0,0,0,0,0,0,0,0,0,0,0,0,0,0,0,0,0,0,0,0,0,0,0,0,0,0,0,0,0,0,0,0,0,0,0,0,0,0.012443,1.4924,1,0.91083,0,0,0,0,0,0,0,0,0,0,0,0
0,0,0,0,0,0,0,0,0.71277,0.5906,0.64607,1,-0.97755,-0.038387,0.0015143,0,0,0,0.95341,999,999,999,0.87528,0.6343,0.53217,0,0,0,0,0,0,0,0,0,0,0,0,0,0,0,0,0,0,0,0,0,0,0,0,0,0,0,0,0,0,0,0,0,0,0,0,0,0,0.014286,0.71277,1,0.99825,0,0,0,0,0,0,0,0,0,0,0,1
0,0,0,0,0,0,0,0,1.603,0.97882,-0.57178,1,0.00092483,-0.00011303,3.9052e-07,0,0,0,1.3725,999,999,999,1.2615,0.85907,0.14087,0.97523,0.16001,3.9052e-07,9999,1,1,937.5,8.3008,0.14087,0,0,0,0,0,0,0,0,1,0.62694,0.5791,-0.52127,0,0,0,0,0,10,0.16001,3.9052e-07,9999,1,937.5,8.3008,0.14087,0.62694,0.5791,-0.52127,4,0.0025785,1.603,1,0.99393,-0.52127,-1,-0.00011303,-0.82776,0,0,0,0,0,0,0,1
0,0,0,0,0,0,0,0,1.2629,1.1741,-0.62824,-1,-0.43793,-0.053242,0.017514,3,1,0.49592,1.7479,-1.2629,0.65524,-0.06355,0.66316,1.6727,1.1761,0,0,0,0,0,0,0,0,0,0,0,0,0,0,0,0,0,0,0,0,0,0,0,0,0,0,0,0,0,0,0,0,0,0,0,0,0,0,0.01059,1.2629,-1,0.65524,0,0,0,0,0,0,0,0,0,0,0,0
0,0,0,0,0,0,0,0,0.69047,1.1478,-0.31522,-1,-0.021027,-0.00022101,6.568e-07,0,0,0,0.92817,999,999,999,0.65384,0.90875,0.25131,0,0,0,0,0,0,0,0,0,0,0,0,0,0,0,0,0,0,0,0,0,0,0,0,0,0,0,0,0,0,0,0,0,0,0,0,0,0,0.015096,0.69047,-1,0.88447,0,0,0,0,0,0,0,0,0,0,0,1
0,0,0,0,0.57445,1.5532,-0.62982,1,0.96077,1.0925,-0.53258,1,-0.99997,0.9601,0.01215,0,0,0,1.0614,999,999,999,0.28093,1.4868,0.90413,0.41259,0.19647,5.9822e-07,9999,1,-1,556.64,4.248,0.23538,0,0,0,0,0,0,0,0,1,0.57445,0.43117,-0.63704,0,0,0,0,0,10,0.21495,3.9511e-07,9999,-1,859.38,6.6406,0.14414,0.57445,0.43117,-0.96999,-0,0.010105,0.96077,1,0.8158,0.67243,1,0.9601,0.0044744,0,0,0,0,0,0,0,0
0,0,0,0,0,0,0,0,0.36181,1.4826,0.59795,-1,0.00017458,-3.3722e-05,-7.3489e-07,0,0,0,0.4545,999,999,999,0.16643,0.52392,0.26896,0.65703,0.18065,0.00017458,9999,1,1,712.89,0,0.16643,0,0,0,0,0,0,0,0,1,999,999,999,0,0,0,0,0,0,0,0,0,0,0,0,0,0,0,0,0,0,0,0,0,0.36354,-1,-3.3722e-05,-0.044137,0,0,0,0,0,0,0,1
0,0,0,0,0,0,0,0,0.72043,1.0418,-0.93767,-1,-0.84873,0.54081,-1.6259e-05,1,0,0,0.82002,999,999,999,0.71348,1.8495,0.43868,0.16032,0.21956,1.4545e-06,9999,1,1,478.52,4.0039,0.35315,0,0,0,0,0,0,0,0,1,0.54042,0.99032,-0.11001,0,0,0,0,0,10,0.21956,1.4545e-06,9999,1,478.52,4.0039,0.35315,0.54042,0.99032,-0.11001,6,0.0092346,0.72043,-1,0.92144,0.22808,-1,-0.84873,-0.00032603,0,0,0,0,0,0,0,0
0,0,0,0,0,0,0,0,1.3428,0.1805,-0.90447,-1,-0.91008,0.0063834,-1.2019e-06,0,0,0,1.1834,999,999,999,1.1047,0.6846,0.33262,0.98579,0.11446,3.8078e-07,9999,1,1,781.25,6.8359,0.13362,0,0,0,0,0,0,0,0,1,999,999,999,0,0,0,0,0,0,0,0,0,0,0,0,0,0,0,0,0,0.019332,1.3428,-1,0.92623,0.92139,-1,-0.91008,-0.88453,0,0,0,0,0,0,0,1
0,0,0,0,0,0,0,0,0.075149,1.5294,-0.89096,-1,-0.005529,5.7057e-05,3.4131e-05,1,0,0,0.88093,999,999,999,0.41148,0.62144,0.52565,0.90459,0.075149,1.2174e-06,9999,1,-1,0,27.734,0.078033,0,0,0,0,0,0,0,0,1,0.6157,0.66922,-0.50594,0,0,0,0,0,10,0.075149,1.2174e-06,9999,-1,0,27.734,0.078033,0.6157,0.66922,-0.50594,-2,0.002136,0.6157,1,0.66922,0.93726,1,5.7057e-05,0.70157,0,0,0,0,0,0,0,1
0,0,0,0,0,0,0,0,0.64589,1.0247,0.10201,-1,-0.65825,-0.00017767,1.1824e-05,1,0,0,0.62013,999,999,999,1.071,0.18477,0.40912,0.99513,0.14464,0.00017767,9999,0,-1,664.06,0,0.18477,0,0,0,0,0,0,0,0,1,999,999,999,0,0,0,0,0,0,0,0,0,0,0,0,0,0,0,0,0,0.0038951,0.64589,-1,0.58668,-0.93348,1,1.1824e-05,0.89451,0,0,0,0,0,0,0,1
0,0,0,0,0,0,0,0,0.80408,0.069921,-0.94324,1,0.0072461,-1.3636e-05,-1.5849e-06,2,1,0.49832,0.81729,999,999,999,0.9857,0.52752,0.36186,0,0,0,0,0,0,0,0,0,0,0,0,0,0,0,0,0,0,0,0,0,0,0,0,0,0,0,0,0,0,0,0,0,0,0,0,0,0,0.0028754,0.80408,1,0.93028,0,0,0,0,0,0,0,0,0,0,0,1
0,0,0,0,0,0,0,0,0.47597,1.2288,-0.62698,-1,-7.0939e-05,1.1695e-05,-1.2167e-06,4,2,0.49845,0.52419,999,999,999,0.67468,0.40815,0.078735,0.96265,0.23264,5.0883e-07,9999,0,-1,595.7,4.2969,0.20446,0,1,0,0,0,0,0,0,1,999,999,999,0,0,0,0,0,0,0,0,0,0,0,0,0,0,0,0,0,0,0,0,0,0.90032,1,1.1695e-05,0.14137,0,0,0,0,0,0,0,1
0,0,0,0,0,0,0,0,0.40124,1.0351,-0.90947,-1,-0.0013289,-2.5357e-06,9.6297e-07,1,0,0,0.54867,999,999,999,0.7645,0.28759,0.30621,0.38401,0.18249,9.6297e-07,9999,1,1,444.34,3.6621,0.30621,0,0,0,0,0,0,0,0,1,999,999,999,0,0,0,0,0,0,0,0,0,0,0,0,0,0,0,0,0,0,0,0,0,0.88678,-1,-2.5357e-06,-0.00011175,0,0,0,0,0,0,0,1
0.30831,1.2399,-0.68287,-1,0,0,0,0,0.58923,0.98565,-0.30099,-1,0.054128,-9.277e-05,-3.427e-06,0,0,0,0.76076,999,999,999,0.98441,0.76399,0.31022,0.77759,0.2326,4.3135e-07,9999,1,1,644.53,4.7363,0.16714,0,0,0,0,0,0,0,0,1,0.58923,0.84567,-0.8342,0,0,0,0,0,10,0.2326,4.3135e-07,9999,1,644.53,4.7363,0.16714,0.58923,0.84567,-0.8342,5,0.0054441,0.61964,1,0.76033,-0.21993,-1,-3.427e-06,-0.0023596,0.30831,1.2399,-0.68287,-1,1,0.0048065,0.27279,0
0,0,0,0,0.5849,0.28794,-0.99402,-1,0.37273,0.28794,-0.78439,1,0.00016367,-7.0729e-05,-1.3199e-05,2,1,0.50148,0.70037,999,999,999,0.8307,0.67763,0.41904,0.69025,0.1242,3.5414e-07,9999,1,-1,2812.5,11.523,0.11127,0,0,0,0,0,0,0,0,1,999,999,999,0,0,0,0,0,0,0,0,0,0,0,0,0,0,0,0,0,0.015718,0.5849,-1,0.93959,0.25008,1,8.0275e-06,0.45715,0,0,0,0,0,0,0,0
0,0,0,0,0,0,0,0,0.83578,0.93577,-0.92421,-1,-0.0092109,0.00043067,2.9809e-05,1,1,0.50266,0.79538,999,999,999,0.68263,0.3452,0.50598,0,0,0,0,0,0,0,0,0,0,0,0,0,0,0,0,0,0,0,0,0,0,0,0,0,0,0,0,0,0,0,0,0,0,0,0,0,0,0.025476,0.76909,1,0.91029,0,0,0,0,0,0,0,0,0,0,0,0
0,0,0,0,1.6822,0.81068,-0.9296,-1,0.8362,0.80964,-0.60263,-1,-0.068656,-4.0678e-05,1.2032e-06,0,0,0,1.5893,999,999,999,1.5201,0.55296,0.33274,0.31072,0.21961,1.2032e-06,9999,1,1,493.16,3.5645,0.33274,0,0,0,0,0,0,0,0,1,0.8362,0.61539,-0.49373,0,0,0,0,0,10,0.21961,1.2032e-06,9999,1,493.16,3.5645,0.33274,0.8362,0.61539,-0.49373,0,0.0004392,1.6822,-1,0.91448,0.54285,-1,-0.068656,-0.00049817,0,0,0,0,0,0,0,0
0,0,0,0,0,0,0,0,1.3598,0.2444,-0.88235,-1,0.99898,-0.99867,-0.0006001,0,0,0,1.3882,999,999,999,0.31177,0.38064,1.4532,0.87107,0.11468,0.99898,9999,1,1,2851.6,18.359,0.31177,0,0,0,0,0,0,0,0,1,1.3598,0.98738,-0.88371,0,0,0,0,0,10,0.11468,0.99898,9999,1,2851.6,18.359,0.31177,1.3598,0.98738,-0.88371,22,0.0092369,1.3598,-1,0.98738,0.7086,-1,-0.99867,-0.0080533,0,0,0,0,0,0,0,0
0,0,0,0,0,0,0,0,1.0004,0.50959,0.090332,-1,0.049425,-0.0020165,-7.7621e-05,1,0,0,0.8839,999,999,999,1.3016,0.4901,0.6869,0,0,0,0,0,0,0,0,0,0,0,0,0,0,0,0,0,0,0,0,0,0,0,0,0,0,0,0,0,0,0,0,0,0,0,0,0,0,0.025904,1.0004,-1,0.98972,0,0,0,0,0,0,0,0,0,0,0,0
0,0,0,0,0,0,0,0,1.1015,0,-0.17081,-1,-0.0089883,0.00091728,0,0,0,0,1.2525,999,999,999,1.1952,0.60378,0,0,0,0,0,0,0,0,0,0,0,0,0,0,0,0,0,0,0,0,0,0,0,0,0,0,0,0,0,0,0,0,0,0,0,0,0,0,0,0.0016862,1.1015,-1,0.99412,0,0,0,0,0,0,0,0,0,0,0,0
0,0,0,0,0,0,0,0,1.3332,0.90356,-0.4395,-1,0.99845,-0.057734,-0.013102,1,0,0,1.6923,999,999,999,0.49803,1.5391,1.2737,0.6166,0.23773,4.0525e-07,9999,1,-1,654.3,5.3223,0.15105,0,0,0,0,0,0,0,0,1,999,999,999,0,0,0,0,0,0,0,0,0,0,0,0,0,0,0,0,0,0.013472,1.3332,-1,0.96278,0.87173,1,0.99845,0.00032058,0,0,0,0,0,0,0,1
0,0,0,0,0,0,0,0,0.58504,0.057219,-0.96426,-1,-2.6306e-05,-4.6284e-06,4.5001e-06,4,1,0.49291,0.64288,999,999,999,0.57095,0.33295,0.33081,0,0,0,0,0,0,0,0,0,0,0,0,0,0,0,0,0,0,0,0,0,0,0,0,0,0,0,0,0,0,0,0,0,0,0,0,0,0,0.021934,0.58504,-1,0.96181,0,0,0,0,0,0,0,0,0,0,0,0
0,0,0,0,0,0,0,0,1.3073,0.78543,-0.40174,-1,0.95009,-0.056696,0.00017794,0,0,0,1.5949,999,999,999,0.83729,1.1362,0.76688,0,0,0,0,0,0,0,0,0,0,0,0,0,0,0,0,0,0,0,0,0,0,0,0,0,0,0,0,0,0,0,0,0,0,0,0,0,0,0.0026429,1.3073,-1,0.84696,0,0,0,0,0,0,0,0,0,0,0,1
1.1715,0,-0.92195,-1,0,0,0,0,0.75571,0,-0.34249,-1,-0.11617,0.011817,-0.00014631,0,0,0,1.3871,999,999,999,1.0673,1.1963,0.69636,0.15422,0.097375,4.0176e-07,9999,1,1,996.09,6.6406,0.14871,0,0,0,0,0,0,0,0,1,999,999,999,0,0,0,0,0,0,0,0,0,0,0,0,0,0,0,0,0,0.0056593,1.1715,-1,0.81016,0.34181,-1,-0.11617,-0.43155,0,0,0,0,0,0,0,0
0,0,0,0,0,0,0,0,0.25583,1.2417,-0.94171,-1,0.00037972,-3.1964e-05,1.1566e-05,3,1,0.49557,0.72448,999,999,999,0.33123,0.51639,0.40716,0.61153,0.1814,9.8337e-07,9999,0,1,483.4,3.9551,0.30884,0,1,0,0,0,0,0,0,1,999,999,999,0,0,0,0,0,0,0,0,0,0,0,0,0,0,0,0,0,0.019399,0.50766,-1,0.93104,0.31086,-1,-3.1964e-05,-0.031889,0,0,0,0,0,0,0,1
0,0,0,0,1.5021,0.26106,-0.32923,-1,0.74481,0.3238,-0.70376,1,-0.41394,-0.036858,0.00086735,1,0,0,1.8028,-1.5021,-0.92098,-0.73913,1.5993,1.5896,0.41342,0.26318,0.22061,3.8808e-07,9999,1,1,859.38,9.375,0.13909,0,0,0,0,0,0,0,0,1,1.5021,0.92098,-0.38014,0,0,0,0,0,10,0.24815,0.00086735,9999,1,415.04,0,0.41342,1.5021,0.92098,-0.23733,0,0.0045363,1.5021,-1,0.92098,0.5904,-1,-0.41394,-8.3427e-05,0,0,0,0,0,0,0,0
1.7992,0,-0.82865,1,0,0,0,0,0.95153,0.67135,0.2032,-1,0.99765,-0.43408,-0.007166,1,0,0,2.0551,1.7992,-0.9827,-0.77885,0.53073,1.269,1.0244,0,0,0,0,0,0,0,0,0,0,0,0,0,0,0,0,0,0,0,0,0,0,0,0,0,0,0,0,0,0,0,0,0,0,0,0,0,0,0.0082261,1.7992,1,0.9827,0,0,0,0,0,0,0,0,0,0,0,1
0,0,0,0,0,0,0,0,0.50054,0.79082,-0.88374,1,-0.99996,0.96806,-1.6885e-05,2,0,0,0.52698,999,999,999,0.27153,0.3277,0.32334,0.97727,0.12219,1.2307e-06,9999,0,-1,0,28.906,0.069084,1,0,-1.0222,0.30161,-0.43246,0.63687,0.034902,0.026789,1,999,999,999,0,0,0,0,0,0,0,0,0,0,0,0,0,0,0,0,0,0.014626,0.50054,1,0.99604,0.99182,1,0.96806,0.86863,0,0,0,0,0,0,0,0
0,0,0,0,0,0,0,0,0.51234,0.22861,0.1113,-1,0.97402,-6.9359e-05,-5.8796e-05,0,0,0,0.96964,999,999,999,0.83143,0.67992,0.62775,0,0,0,0,0,0,0,0,0,0,0,0,0,0,0,0,0,0,0,0,0,0,0,0,0,0,0,0,0,0,0,0,0,0,0,0,0,0,0.051803,0.51234,-1,0.73791,0,0,0,0,0,0,0,0,0,0,0,1
0,0,0,0,0,0,0,0,0.7592,0.11577,-0.57104,-1,-0.99195,-1.9564e-05,0,1,0,0,0.51809,999,999,999,0.53632,0.4576,0,0,0,0,0,0,0,0,0,0,0,0,0,0,0,0,0,0,0,0,0,0,0,0,0,0,0,0,0,0,0,0,0,0,0,0,0,0,0,0.023927,0.7592,-1,0.84178,0,0,0,0,0,0,0,0,0,0,0,0
0,0,0,0,0,0,0,0,1.3187,0,-0.89706,1,0.96189,1.3337e-06,-5.1183e-07,1,0,0,1.0819,999,999,999,1.0424,0.14933,0.20567,0.99247,0.16781,3.8325e-07,9999,1,-1,1103.5,9.2773,0.1355,0,0,0,0,0,0,0,0,1,999,999,999,0,0,0,0,0,0,0,0,0,0,0,0,0,0,0,0,0,0.001438,1.3187,1,0.89134,0.86317,1,0.96189,0.81799,0,0,0,0,0,0,0,1
1.6665,0.051626,0.64827,-1,0,0,0,0,1.1671,1.4562,-0.81888,1,-0.97798,0.0023407,-0.00035863,0,0,0,1.6586,-1.6665,0.99222,-0.88382,0.82888,0.93714,2.594,0,0,0,0,0,0,0,0,0,0,0,0,0,0,0,0,0,0,0,0,0,0,0,0,0,0,0,0,0,0,0,0,0,0,0,0,0,0,0.010943,1.6665,-1,0.99222,0,0,0,0,0,0,0,0,0,0,0,0
0.34638,2.2186,0.89331,1,0,0,0,0,1.3498,1.0384,0.28287,-1,-0.052979,-2.49e-05,-6.8273e-06,4,0,0,1.2861,999,999,999,1.9961,0.46279,0.36317,0.51111,0.096471,1.257e-06,9999,0,-1,0,3.0518,0.05783,0,0,0,0,0,0,0,0,1,999,999,999,0,0,0,0,0,10,0.096895,1.2567e-06,9999,1,0,9.668,0.12803,1.3498,0.80133,-0.087279,0,0.0086501,1.3498,-1,0.80133,-0.087279,-1,-0.052979,-0.51164,0.34638,2.2186,0.89331,1,1,0.22526,0.58282,0
0,0,0,0,0,0,0,0,1.3984,0.071605,-0.69989,-1,-0.21014,-0.019192,4.5438e-05,1,1,0.49807,1.1942,-1.3984,-0.99362,-0.85567,1.0597,1.0474,0.57255,0.96204,0.14071,6.19e-07,9999,0,-1,537.11,4.1504,0.24135,0,0,0,0,0,0,0,0,1,0.74513,0.86067,-0.94725,0,0,0,0,0,10,0.14071,6.19e-07,9999,-1,537.11,4.1504,0.24135,0.74513,0.86067,-0.94725,-2,0.0016098,1.3984,-1,0.99362,-0.94725,1,4.5438e-05,0.82398,0,0,0,0,0,0,0,1
0,0,0,0,0,0,0,0,0.31652,0.86193,-0.66191,1,-0.98304,4.8505e-05,2.997e-05,4,1,0.49272,0.89124,999,999,999,0.53848,0.58223,0.50768,0.99269,0.14835,5.454e-07,9999,0,1,551.76,5.5664,0.2183,0,0,0,0,0,0,0,0,1,0.63419,0.94898,-0.97033,0,0,0,0,0,10,0.14835,5.454e-07,9999,1,551.76,5.5664,0.2183,0.63419,0.94898,-0.97033,5,0.0073123,0.63419,-1,0.94898,-0.97033,-1,-0.98304,-0.88724,0,0,0,0,0,0,0,0
0,0,0,0,1.5536,0.10948,-0.54036,1,0.71316,0.32945,0.86755,-1,0.97233,0.057845,-0.00019754,0,0,0,1.7896,1.5536,0.98399,-0.63329,1.0747,1.9924,0.91933,0,0,0,0,0,0,0,0,0,0,0,0,0,0,0,0,0,0,0,0,0,0,0,0,0,0,0,0,0,0,0,0,0,0,0,0,0,0,0.0018429,1.5536,1,0.98399,0,0,0,0,0,0,0,0,0,0,0,1
0,0,0,0,0,0,0,0,2.1679,0.34651,-0.99812,-1,-0.29923,2.5645e-06,0,1,0,0,0.70682,999,999,999,1.3363,0.28844,0,0.28282,0.22254,2.5645e-06,9999,1,1,512.7,4.248,0.28844,0,0,0,0,0,0,0,0,1,999,999,999,0,0,0,0,0,0,0,0,0,0,0,0,0,0,0,0,0,0,0,0,0,0.16117,-1,-0.29923,-0.00037545,0,0,0,0,0,0,0,0
0,0,0,0,0,0,0,0,0.65968,0.47026,0.77667,-1,0.12299,-0.0033441,-2.056e-05,2,0,0,0.90645,999,999,999,0.91078,0.70665,0.4629,0.33139,0.13874,2.3792e-06,9999,1,-1,0,3.6133,0.24373,0,0,0,0,0,0,0,0,1,999,999,999,0,0,0,0,0,0,0,0,0,0,0,0,0,0,0,0,0,0.0465,0.58843,1,0.79402,0.67695,1,0.12299,0.15631,0,0,0,0,0,0,0,1
0,0,0,0,0,0,0,0,0.65091,0.58882,0.077869,1,0.030097,0.0045711,-2.049e-06,5,0,0,0.78829,0.65091,-0.75396,-0.51577,0.66433,0.97208,0.2715,0.5136,0.058914,1.2238e-06,9999,0,1,0,10.938,0.11232,1,0,0.23482,1.5102,1.6129,0.0028925,0.52218,1.3101,1,999,999,999,0,0,0,0,0,10,0.12644,5.0755e-07,9999,-1,625,4.1992,0.20394,0.65091,0.75396,-0.2675,-6,0.0015907,0.65091,1,0.75396,0.65385,-1,-2.049e-06,-0.74663,0,0,0,0,0,0,0,1
0,0,0,0,0,0,0,0,0.77053,0.28906,0.39539,1,0.050263,-0.00096458,7.3874e-06,1,0,0,0.6518,999,999,999,1.1958,1.5207,0.36948,0.93155,0.12637,4.754e-07,9999,1,-1,722.66,5.5664,0.18993,0,0,0,0,0,0,0,0,1,999,999,999,0,0,0,0,0,0,0,0,0,0,0,0,0,0,0,0,0,0.0056719,0.77053,1,0.89163,0.73339,1,0.050263,0.77571,0,0,0,0,0,0,0,1
0,0,0,0,0,0,0,0,0.6487,1.2306,-0.74542,1,0.077822,0.00079853,0.00050313,1,0,0,0.60083,999,999,999,1.0512,0.40584,0.51986,0.25387,0.13403,4.8715e-07,9999,1,1,1240.2,4.834,0.19527,0,0,0,0,0,0,0,0,1,999,999,999,0,0,0,0,0,10,0.18313,4.3874e-07,9999,-1,625,5.7129,0.17131,0.6487,0.93769,-0.6052,-4,0.052346,0.6487,1,0.93769,0.042094,1,0.00079853,0.013619,0,0,0,0,0,0,0,0
1.406,0.34653,0.62965,-1,0,0,0,0,0.31718,2.1302,0.82851,1,-0.078281,1.9667e-06,0,0,0,0,0.66296,999,999,999,0.90074,0.26838,0,0,0,0,0,0,0,0,0,0,0,0,0,0,0,0,0,0,0,0,0,0,0,0,0,0,0,0,0,0,0,0,0,0,0,0,0,0,0,0.0072399,1.406,-1,0.96368,0,0,0,0,0,0,0,0,0,0,0,0
0,0,0,0,0,0,0,0,0.93175,0.055687,-0.79409,-1,-0.00010911,0.00010498,0,0,0,0,1.045,999,999,999,0.75476,0.75228,0,0,0,0,0,0,0,0,0,0,0,0,0,0,0,0,0,0,0,0,0,0,0,0,0,0,0,0,0,0,0,0,0,0,0,0,0,0,0,0.017686,0.93175,-1,0.91293,0,0,0,0,0,0,0,0,0,0,0,0
1.3655,0.053506,-0.26183,1,0,0,0,0,0.87114,1.419,-0.76187,-1,0.81686,-0.082455,0.070334,0,0,0,1.701,1.3655,0.94952,-0.79386,0.64423,1.1851,1.4938,0,0,0,0,0,0,0,0,0,0,0,0,0,0,0,0,0,0,0,0,0,0,0,0,0,0,0,0,0,0,0,0,0,0,0,0,0,0,0.0084602,1.3655,1,0.94952,0,0,0,0,0,0,0,0,0,0,0,1
0,0,0,0,0,0,0,0,0.92107,0.84555,-0.86356,1,0.00064887,-0.00044544,0.00044151,2,1,0.49853,1.0409,0.92107,-0.9679,-0.92862,0.41896,0.7075,0.79318,0,0,0,0,0,0,0,0,0,0,0,0,0,0,0,0,0,0,0,0,0,0,0,0,0,0,0,0,0,0,0,0,0,0,0,0,0,0,0.0065395,0.92107,1,0.9679,0,0,0,0,0,0,0,0,0,0,0,0
0,0,0,0,0,0,0,0,1.3969,0.30471,-0.78277,-1,-0.9545,-0.025784,2.3082e-05,0,0,0,1.4784,999,999,999,0.70369,1.3249,0.47571,0,0,0,0,0,0,0,0,0,0,0,0,0,0,0,0,0,0,0,0,0,0,0,0,0,0,0,0,0,0,0,0,0,0,0,0,0,0,0.001493,1.3969,-1,0.86223,0,0,0,0,0,0,0,0,0,0,0,0
0.42098,0.30992,-0.73073,-1,0,0,0,0,0.71983,0.17905,-0.39738,1,0.93436,-0.011911,2.5146e-06,0,0,0,0.82938,999,999,999,0.68081,0.53014,0.28696,0.79308,0.13511,5.3639e-07,9999,1,1,664.06,3.3203,0.21506,0,0,0,0,0,0,0,0,1,999,999,999,0,0,0,0,0,0,0,0,0,0,0,0,0,0,0,0,0,0.0017177,0.71983,1,0.95687,0.20379,-1,-0.011911,-0.50454,0.42098,0.30992,-0.73073,-1,1,0.0066235,0.42157,0
0.35997,0.92076,0.37593,-1,0,0,0,0,1.139,0.94702,-0.82435,1,-0.42423,0.00047996,5.7612e-05,0,0,0,1.1337,999,999,999,0.76219,0.92203,0.62402,0,0,0,0,0,0,0,0,0,0,0,0,0,0,0,0,0,0,0,0,0,0,0,0,0,0,0,0,0,0,0,0,0,0,0,0,0,0,0.017787,1.139,1,0.96988,0,0,0,0,0.35997,0.92076,0.37593,-1,1,0.002368,0.73947,0
0,0,0,0,0,0,0,0,0.52321,1.1427,-0.05581,-1,-0.98573,-0.00064368,0.00016185,1,0,0,1.125,999,999,999,0.72511,0.38567,0.78187,0.83055,0.15263,4.5301e-07,9999,1,1,703.12,4.3457,0.17894,0,0,0,0,0,0,0,0,1,0.53073,0.44127,-0.54851,0,0,0,0,0,10,0.15263,4.5301e-07,9999,1,703.12,4.3457,0.17894,0.53073,0.44127,-0.54851,6,0.01868,0.53073,-1,0.44127,-0.99714,-1,-0.98573,-0.44535,0,0,0,0,0,0,0,0
0,0,0,0,0,0,0,0,1.0357,0.87108,-0.19246,1,0.95969,-0.37691,0.0010206,1,0,0,1.3973,0.56899,-0.7979,-0.72531,1.2211,0.72412,0.62504,0,0,0,0,0,0,0,0,0,0,0,0,0,0,0,0,0,0,0,0,0,0,0,0,0,0,0,0,0,0,0,0,0,0,0,0,0,0,0.00639,1.0357,1,0.98926,0,0,0,0,0,0,0,0,0,0,0,0
0,0,0,0,1.5872,0.38961,-0.89113,1,0.8123,1.265,-0.86259,-1,0.9833,0.037675,-3.4031e-05,0,0,0,1.3644,1.5872,-0.97024,-0.70444,0.66351,1.2736,0.52462,0.28176,0.058249,1.2172e-06,9999,1,-1,0,18.75,0.078292,0,0,0,0,0,0,0,0,1,1.5872,0.97024,-0.47445,0,0,0,0,0,10,0.058249,1.2172e-06,9999,-1,0,18.75,0.078292,1.5872,0.97024,-0.47445,-2,0.0082949,1.5872,1,0.97024,0.29865,1,0.9833,0.63978,0,0,0,0,0,0,0,1
0.33975,0,-0.97408,-1,0,0,0,0,0,0,0,0,0.25344,-5.2074e-06,0,1,0,0,0.3274,999,999,999,1.1805,0.34199,0,0,0,0,0,0,0,0,0,0,0,0,0,0,0,0,0,0,0,0,0,0,0,0,0,0,0,0,0,0,0,0,0,0,0,0,0,0,0,0,0,0,0,0,0,0,0,0.33975,0,-0.97408,-1,1,0.00034309,0.97408,1
0,0,0,0,0,0,0,0,0.95312,0.47823,-0.26202,1,0.04889,6.2798e-05,-2.5994e-05,0,0,0,1.17,0.70541,-0.39318,-0.082871,0.95036,0.61888,0.48924,0,0,0,0,0,0,0,0,0,0,0,0,0,0,0,0,0,0,0,0,0,0,0,0,0,0,0,0,0,0,0,0,0,0,0,0,0,0,0.006205,0.95312,1,0.88057,0,0,0,0,0,0,0,0,0,0,0,0
0,0,0,0,0,0,0,0,0.76795,0.40366,-0.22519,-1,-0.99999,-0.12588,-8.5921e-05,1,0,0,1.0058,999,999,999,0.24569,0.65522,0.53944,0,0,0,0,0,0,0,0,0,0,0,0,0,0,0,0,0,0,0,0,0,0,0,0,0,0,0,0,0,0,0,0,0,0,0,0,0,0,0.016079,0.76795,-1,0.78545,0,0,0,0,0,0,0,0,0,0,0,0
0,0,0,0,0,0,0,0,1.5696,0.085244,-0.76121,1,0.0022783,-0.00011983,0,0,1,0.49372,1.3565,999,999,999,2.3625,0.78902,0,0,0,0,0,0,0,0,0,0,0,0,0,0,0,0,0,0,0,0,0,0,0,0,0,0,0,0,0,0,0,0,0,0,0,0,0,0,0,0.017102,1.5696,1,0.91712,0,0,0,0,0,0,0,0,0,0,0,0
0,0,0,0,0,0,0,0,0.71001,0.48274,0.14291,1,-0.69881,0.036571,4.3379e-05,0,0,0,0.88918,999,999,999,0.70854,0.78593,0.56407,0,0,0,0,0,0,0,0,0,0,0,0,0,0,0,0,0,0,0,0,0,0,0,0,0,0,0,0,0,0,0,0,0,0,0,0,0,0,0.020195,0.71001,1,0.98342,0,0,0,0,0,0,0,0,0,0,0,0
0,0,0,0,0,0,0,0,0.40132,0.36258,0.93198,-1,8.4039e-05,-4.3832e-05,1.21e-06,1,0,0,0.48533,999,999,999,0.67067,0.56583,0.088241,0.23447,0.060726,1.21e-06,9999,0,1,0,20.312,0.088241,0,0,0,0,0,0,0,0,1,999,999,999,0,0,0,0,0,0,0,0,0,0,0,0,0,0,0,0,0,0,0,0,0,0.28984,-1,-4.3832e-05,-0.62304,0,0,0,0,0,0,0,1
0.38679,0,-0.38934,1,1.3378,0,0.22739,-1,1.5146,0.88658,-0.88841,-1,-0.75426,-0.016012,0.00072671,0,0,0,1.6885,-1.3378,-0.90235,-0.64594,2.4271,1.5025,0.47271,0.94295,0.15243,2.7238e-06,9999,1,1,0,5.5176,0.2585,0,0,0,0,0,0,0,0,1,1.3378,0.90235,-0.75548,0,0,0,0,0,10,0.15243,2.7238e-06,9999,1,0,5.5176,0.2585,1.3378,0.90235,-0.75548,2,0.0046902,1.5146,-1,0.91107,0.96297,-1,-0.75426,-0.74859,0.38679,0,-0.38934,1,1,0.035697,0.92123,0
0,0,0,0,0,0,0,0,1.571,0.59704,-0.084133,1,0.033004,-0.017658,6.3366e-05,6,0,0,2.1385,999,999,999,1.8217,1.5576,0.65028,0,0,0,0,0,0,0,0,0,0,0,0,0,0,0,0,0,0,0,0,0,0,0,0,0,0,0,0,0,0,0,0,0,0,0,0,0,0,0.0020059,1.571,1,0.90575,0,0,0,0,0,0,0,0,0,0,0,1
0,0,0,0,0,0,0,0,0.68167,0.3128,0.86645,1,-0.74849,0.092058,6.1741e-05,2,0,0,0.5835,999,999,999,1.8714,1.0845,0.29457,0.43849,0.10381,4.7873e-07,9999,1,1,600.59,4.9805,0.19147,0,0,0,0,0,0,0,0,1,999,999,999,0,0,0,0,0,10,0.21799,3.8663e-07,9999,-1,1162.1,6.4453,0.13803,0.68167,0.94799,-0.82607,-0,0.011595,0.68167,1,0.94799,0.46146,-1,-0.74849,-0.44095,0,0,0,0,0,0,0,0
0,0,0,0,0,0,0,0,2.1333,3.1024,-0.9883,-1,0.91906,0.080887,-0.051513,3,1,0.49743,2.3221,1.0358,0.92096,-0.86533,0.5777,1.2247,1.8733,0.96337,0.13139,4.5321e-07,9999,0,-1,581.05,4.0527,0.17904,0,0,0,0,0,0,0,0,1,0.51377,0.84715,-0.95693,0,0,0,0,0,10,0.091705,1.3214e-06,9999,1,0,4.6387,0.040193,0.69041,0.89765,-0.75,21,0.0050449,2.1333,-1,0.60942,-0.85864,1,0.91906,0.83649,0,0,0,0,0,0,0,1
0,0,0,0,0,0,0,0,0.55864,0.15469,-0.99016,1,-0.96318,0.00066777,0.0001742,1,0,0,0.63854,999,999,999,0.51289,0.48238,0.16042,0.99807,0.12494,3.3389e-07,9999,0,-1,654.3,3.2227,0.091162,1,0,-0.65148,0.34397,-0.54322,0.36802,0.0016003,0.0095652,1,999,999,999,0,0,0,0,0,0,0,0,0,0,0,0,0,0,0,0,0,0.0023887,0.55864,1,0.46387,0.96442,1,2.2501e-06,0.90486,0,0,0,0,0,0,0,1
0,0,0,0,0,0,0,0,1.2306,0.43934,-0.12513,-1,0.013836,-0.0032171,4.2168e-06,0,0,0,1.5843,999,999,999,0.94557,1.4791,0.32587,0.75918,0.15492,4.2447e-07,9999,1,-1,703.12,4.834,0.16312,0,0,0,0,0,0,0,0,1,1.002,0.92036,-0.79269,0,0,0,0,0,10,0.15492,4.2447e-07,9999,-1,703.12,4.834,0.16312,1.002,0.92036,-0.79269,-2,0.00046961,1.2306,-1,0.95124,0.15862,1,4.2168e-06,0.29273,0,0,0,0,0,0,0,1
0,0,0,0,0,0,0,0,1.7926,0.83092,-0.63549,-1,-0.091093,3.6208e-05,0,0,0,0,1.787,999,999,999,2.3628,0.53441,0,0,0,0,0,0,0,0,0,0,0,0,0,0,0,0,0,0,0,0,0,0,0,0,0,0,0,0,0,0,0,0,0,0,0,0,0,0,0,0.019982,1.7926,-1,0.99145,0,0,0,0,0,0,0,0,0,0,0,1
0,0,0,0,0,0,0,0,1.2784,1.4622,-0.095534,1,-0.96859,0.021466,-6.1966e-05,0,0,0,1.1325,999,999,999,0.57243,0.92628,0.62492,0.98199,0.22711,8.0622e-06,9999,1,-1,0,3.6621,0.35131,0,0,0,0,0,0,0,0,1,1.2784,0.97648,-0.94382,0,0,0,0,0,10,0.22711,8.0622e-06,9999,-1,0,3.6621,0.35131,1.2784,0.97648,-0.94382,-4,0.019187,1.2784,1,0.97648,0.81217,1,4.8517e-05,0.31774,0,0,0,0,0,0,0,0
0,0,0,0,0,0,0,0,0.96969,0.35846,-0.54187,-1,-0.90292,0.00017463,-1.2902e-05,1,0,0,0.98025,999,999,999,0.94383,0.16705,0.41696,0,0,0,0,0,0,0,0,0,0,0,0,0,0,0,0,0,0,0,0,0,0,0,0,0,0,0,0,0,0,0,0,0,0,0,0,0,0,0.02021,0.96969,-1,0.80783,0,0,0,0,0,0,0,0,0,0,0,1
0,0,0,0,0,0,0,0,1.5572,0.53427,0.58456,1,0.99677,-0.36465,0.00015906,0,0,0,1.6633,0.78839,-0.78181,-0.18293,0.45289,0.94777,0.71722,0.73146,0.20428,0.99677,9999,1,1,849.61,7.6172,0.45289,0,0,0,0,0,0,0,0,1,0.83613,0.73337,-0.84342,0,0,0,0,0,10,0.20428,0.99677,9999,1,849.61,7.6172,0.45289,0.83613,0.73337,-0.84342,22,0.0020353,1.5572,1,0.93317,-0.32492,-1,-4.3721e-06,-5.4898e-06,0,0,0,0,0,0,0,1
0,0,0,0,0,0,0,0,0.83061,0.67252,-0.24597,-1,-0.98255,-0.92184,0.0040439,1,0,0,0.96427,-0.83061,0.9124,-0.94401,0.47968,1.2452,0.20254,0.78479,0.17919,0.0040439,9999,0,1,522.46,45.703,0.20254,0,0,0,0,0,0,0,0,1,0.83061,0.9124,-0.55805,0,0,0,0,0,10,0.17919,0.0040439,9999,1,522.46,45.703,0.20254,0.83061,0.9124,-0.55805,22,0.0035965,0.83061,-1,0.9124,0.78813,-1,-0.98255,-0.1349,0,0,0,0,0,0,0,0
0,0,0,0,0,0,0,0,0.56492,0.87023,-0.42998,-1,-6.1954e-05,0,0,0,0,0,0.56298,999,999,999,0.63717,0,0,0,0,0,0,0,0,0,0,0,0,0,0,0,0,0,0,0,0,0,0,0,0,0,0,0,0,0,0,0,0,0,0,0,0,0,0,0,0,0.023714,0.56492,-1,0.55945,0,0,0,0,0,0,0,0,0,0,0,0
0,0,0,0,0,0,0,0,1.1884,0.83321,-0.77617,-1,0.88336,-9.3283e-05,-9.9511e-07,1,0,0,1.1727,999,999,999,0.96462,1.8512,0.31032,0.85904,0.16296,3.8441e-07,9999,1,1,859.38,7.4219,0.13637,0,0,0,0,0,0,0,0,1,1.1884,0.91463,-0.75959,0,0,0,0,0,10,0.16296,3.8441e-07,9999,1,859.38,7.4219,0.13637,1.1884,0.91463,-0.75959,0,0.0074501,1.1884,-1,0.91463,-0.48837,1,0.88336,0.14664,0,0,0,0,0,0,0,1
0,0,0,0,0,0,0,0,1.2715,1.2346,-0.67994,1,0.97121,0.03815,0.0010455,3,0,0,1.2481,1.2715,-0.67687,-0.84056,0.89764,1.053,0.43034,0.82759,0.10484,4.7932e-07,9999,0,-1,703.12,6.7383,0.19174,0,0,0,0,0,0,0,0,1,1.2715,0.67687,-0.53874,0,0,0,0,0,10,0.10484,4.7932e-07,9999,-1,703.12,6.7383,0.19174,1.2715,0.67687,-0.53874,-4,0.022456,1.2715,1,0.67687,0.8781,1,0.97121,0.68067,0,0,0,0,0,0,0,0
0,0,0,0,0,0,0,0,0.71592,1.4686,-0.89395,1,0.99997,-0.1748,-0.00063709,0,0,0,0.98022,999,999,999,0.29163,0.82425,0.61721,0,0,0,0,0,0,0,0,0,0,0,0,0,0,0,0,0,0,0,0,0,0,0,0,0,0,0,0,0,0,0,0,0,0,0,0,0,0,0.013591,0.71592,1,0.70605,0,0,0,0,0,0,0,0,0,0,0,1
1.4968,0.34127,-0.70259,-1,0,0,0,0,1.1526,0.64661,0.13891,-1,-0.96859,0.00064117,-5.274e-05,0,0,0,1.9119,-1.4968,0.96512,-0.71317,1.3895,0.39346,1.7568,0,0,0,0,0,0,0,0,0,0,0,0,0,0,0,0,0,0,0,0,0,0,0,0,0,0,0,0,0,0,0,0,0,0,0,0,0,0,0.0043069,1.4968,-1,0.96512,0,0,0,0,0,0,0,0,0,0,0,0
1.7349,0.055678,-0.34478,1,0,0,0,0,0.72606,1.0779,-0.29507,-1,0.99455,0.00044228,-3.3005e-05,1,0,0,1.8151,1.7349,-0.96637,-0.96593,0.59218,1.7668,0.52068,0.91736,0.10957,4.1068e-07,9999,0,-1,869.14,6.2012,0.15459,0,0,0,0,0,0,0,0,1,1.7349,0.96637,-0.9631,0,0,0,0,0,10,0.10957,4.1068e-07,9999,-1,869.14,6.2012,0.15459,1.7349,0.96637,-0.9631,-0,0.014565,1.7349,1,0.96637,0.92664,1,0.99455,0.77184,0,0,0,0,0,0,0,1
0,0,0,0,0,0,0,0,0.14478,1.0846,-0.5847,1,0.0071639,-7.4039e-07,4.4806e-07,1,0,0,0.24857,999,999,999,0.75941,0.27008,0.17635,0.99714,0.20411,7.4039e-07,9999,0,-1,532.23,4.7363,0.27008,0,0,0,0,0,0,0,0,1,999,999,999,0,0,0,0,0,0,0,0,0,0,0,0,0,0,0,0,0,0,0,0,0,0.60627,1,0.0071639,0.72476,0,0,0,0,0,0,0,0
0,0,0,0,0,0,0,0,0.40921,0.58986,0.78093,1,-0.00016374,1.7424e-05,-1.2766e-05,0,0,0,0.7377,999,999,999,0.79257,0.44567,0.41211,0,0,0,0,0,0,0,0,0,0,0,0,0,0,0,0,0,0,0,0,0,0,0,0,0,0,0,0,0,0,0,0,0,0,0,0,0,0,0.017116,0.56031,-1,0.7177,0,0,0,0,0,0,0,0,0,0,0,0
0,0,0,0,0,0,0,0,1.7098,0.79609,-0.99018,-1,-0.94389,0.00064346,7.7853e-05,1,0,0,1.6572,999,999,999,1.5021,0.39838,0.66549,0,0,0,0,0,0,0,0,0,0,0,0,0,0,0,0,0,0,0,0,0,0,0,0,0,0,0,0,0,0,0,0,0,0,0,0,0,0,0.0073166,1.7098,-1,0.97224,0,0,0,0,0,0,0,0,0,0,0,0
0,0,0,0,0,0,0,0,0.57282,0.27187,0.072037,-1,-0.029839,0.0001796,0.00017493,0,0,0,0.84722,999,999,999,0.90464,0.95384,0.16985,0.90667,0.16519,0.00017493,9999,1,1,605.47,0,0.16985,0,0,0,0,0,0,0,0,1,0.57282,0.57491,-0.84871,0,0,0,0,0,10,0.16519,0.00017493,9999,1,605.47,0,0.16985,0.57282,0.57491,-0.84871,4,0.011491,0.6985,1,0.91933,0.6149,-1,-2.3201e-05,-0.56464,0,0,0,0,0,0,0,1
1.7294,0.1308,-0.71439,-1,0,0,0,0,1.1379,0.23336,0.14607,1,0.00034687,0.00014487,-7.1199e-05,0,0,0,1.7447,0.50059,-0.19868,-0.21763,0.72052,0.66569,2.2802,0,0,0,0,0,0,0,0,0,0,0,0,0,0,0,0,0,0,0,0,0,0,0,0,0,0,0,0,0,0,0,0,0,0,0,0,0,0,0.004427,1.7294,-1,0.96497,0,0,0,0,0,0,0,0,0,0,0,0
0,0,0,0,0,0,0,0,1.6784,1.1533,-0.89762,-1,-0.01061,0.0069008,2.8415e-05,0,0,0,1.3275,999,999,999,2.5385,0.75643,0.50227,0,0,0,0,0,0,0,0,0,0,0,0,0,0,0,0,0,0,0,0,0,0,0,0,0,0,0,0,0,0,0,0,0,0,0,0,0,0,0.0036902,1.6784,-1,0.98897,0,0,0,0,0,0,0,0,0,0,0,0
0,0,0,0,0,0,0,0,1.1038,0.26767,-0.78666,-1,0.9728,-9.0088e-05,6.0296e-07,0,0,0,1.0591,999,999,999,0.83885,0.81173,0.23678,0.95088,0.14243,6.0188e-07,9999,1,-1,478.52,4.7363,0.23646,0,0,0,0,0,0,0,0,1,999,999,999,0,0,0,0,0,0,0,0,0,0,0,0,0,0,0,0,0,0.038271,1.1038,-1,0.90158,0.71496,1,0.9728,0.79387,0,0,0,0,0,0,0,1
0,0,0,0,0,0,0,0,0.75467,1.3091,-0.78426,1,-5.5713e-05,2.8102e-05,2.2189e-05,0,0,0,0.87825,999,999,999,0.60973,0.57195,0.47119,0.64684,0.24875,1.3703e-05,9999,1,1,0,3.9551,0.38923,0,0,0,0,0,0,0,0,1,999,999,999,0,0,0,0,0,0,0,0,0,0,0,0,0,0,0,0,0,0.0047475,0.75467,1,0.82519,0.34387,-1,-5.5713e-05,-0.00015647,0,0,0,0,0,0,0,0
0,0,0,0,0,0,0,0,0.73551,0.20574,-0.7506,1,0.00050566,-1.2117e-06,0,0,1,0.50058,0.68457,999,999,999,0.69196,0.08463,0,0.18675,0.048033,1.2117e-06,9999,1,-1,0,3.8086,0.08463,0,0,0,0,0,0,0,0,1,0.73551,0.77283,-0.64163,0,0,0,0,0,10,0.048033,1.2117e-06,9999,-1,0,3.8086,0.08463,0.73551,0.77283,-0.64163,-21,0.0052804,0.73551,1,0.77283,-0.64163,1,0.00050566,0.66506,0,0,0,0,0,0,0,1
1.3365,0.086113,0.90298,1,0,0,0,0,1.103,1.2065,-0.98684,-1,0.99809,-0.29466,0.002551,1,0,0,1.1851,1.3365,0.99304,-0.86751,0.43047,0.84007,2.1628,0,0,0,0,0,0,0,0,0,0,0,0,0,0,0,0,0,0,0,0,0,0,0,0,0,0,0,0,0,0,0,0,0,0,0,0,0,0,0.055521,1.3365,1,0.99304,0,0,0,0,0,0,0,0,0,0,0,1
0,0,0,0,0,0,0,0,0.62666,1.4194,-0.91696,-1,0.99919,-0.98094,0.88033,0,0,0,1.3514,0.65889,0.46222,-0.59439,0.4533,0.66625,0.89871,0,0,0,0,0,0,0,0,0,0,0,0,0,0,0,0,0,0,0,0,0,0,0,0,0,0,0,0,0,0,0,0,0,0,0,0,0,0,0.0030962,0.62666,-1,0.99607,0,0,0,0,0,0,0,0,0,0,0,1
0,0,0,0,0,0,0,0,0.92247,0.81162,-0.51621,-1,-5.6107e-05,4.0513e-06,-3.1132e-06,0,0,0,0.69966,999,999,999,0.61691,0.32284,0.30301,0.86975,0.12717,3.8599e-07,9999,1,1,937.5,7.3242,0.13755,0,0,0,0,0,0,0,0,1,0.92247,0.6905,-0.25868,0,0,0,0,0,10,0.12717,3.8599e-07,9999,1,937.5,7.3242,0.13755,0.92247,0.6905,-0.25868,6,0.0044783,0.92247,-1,0.6905,0.49053,-1,-3.1132e-06,-0.66139,0,0,0,0,0,0,0,1
0.44371,1.5039,0.4626,-1,0,0,0,0,0.56064,1.702,-0.8688,1,0.98956,-0.96791,0.53131,1,0,0,0.95091,0.53186,0.54562,-0.44249,0.61344,0.42745,0.92938,0,0,0,0,0,0,0,0,0,0,0,0,0,0,0,0,0,0,0,0,0,0,0,0,0,0,0,0,0,0,0,0,0,0,0,0,0,0,0.0021798,0.56064,1,0.92952,0,0,0,0,0.44371,1.5039,0.4626,-1,1,0.014014,0.90769,1
0,0,0,0,0,0,0,0,0.74571,0.093886,0.16704,1,0.00010252,-1.6057e-05,-8.3711e-06,0,0,0,0.90981,999,999,999,0.90221,0.43742,0.37965,0,0,0,0,0,0,0,0,0,0,0,0,0,0,0,0,0,0,0,0,0,0,0,0,0,0,0,0,0,0,0,0,0,0,0,0,0,0,0.01523,0.74571,1,0.96031,0,0,0,0,0,0,0,0,0,0,0,1
0,0,0,0,0,0,0,0,0.25444,1.5926,-0.80326,-1,1.1808e-06,6.9735e-07,-5.0912e-07,0,0,0,0.41226,999,999,999,0.33062,0.26091,0.20457,0.91875,0.17967,4.6835e-07,9999,1,-1,664.06,4.6875,0.18659,0,0,0,0,0,0,0,0,1,999,999,999,0,0,0,0,0,0,0,0,0,0,0,0,0,0,0,0,0,0,0,0,0,0.57851,1,1.1808e-06,0.4974,0,0,0,0,0,0,0,0
0,0,0,0,1.5128,0,-0.87825,-1,0.62563,0.082666,-0.12848,1,0.054395,-0.021104,0,0,0,0,1.5338,999,999,999,0.48537,1.5152,0,0,0,0,0,0,0,0,0,0,0,0,0,0,0,0,0,0,0,0,0,0,0,0,0,0,0,0,0,0,0,0,0,0,0,0,0,0,0,0.0013185,1.5128,-1,0.94633,0,0,0,0,0,0,0,0,0,0,0,0
0,0,0,0,0,0,0,0,0.89184,0.657,-0.22856,-1,-1,-0.42301,-0.11447,1,0,0,0.99831,-0.89184,0.90481,-0.91719,0.1804,0.62182,1.3191,0.8969,0.21369,6.2519e-07,9999,1,1,673.83,4.541,0.24305,0,0,0,0,0,0,0,0,1,999,999,999,0,0,0,0,0,0,0,0,0,0,0,0,0,0,0,0,0,0.0088623,0.89184,-1,0.90481,-0.32372,-1,-1,-0.094375,0,0,0,0,0,0,0,0
0,0,0,0,0,0,0,0,0.48022,1.0461,0.0683,-1,-0.98942,0.96011,-6.4625e-05,1,0,0,0.88777,999,999,999,0.71638,0.36639,0.64413,0.85923,0.13375,2.0953e-06,9999,1,1,0,4.1016,0.22851,0,0,0,0,0,0,0,0,1,999,999,999,0,0,0,0,0,0,0,0,0,0,0,0,0,0,0,0,0,0,0,0,0,0.66422,1,0.96011,0.59788,0,0,0,0,0,0,0,1
0,0,0,0,0,0,0,0,1.2993,0.62215,-0.90709,-1,0.99828,-0.96343,-0.96059,0,0,0,1.5909,1.143,-0.78882,-0.62171,0.50574,1.934,1.1342,0.41703,0.23172,4.7084e-07,9999,1,1,664.06,6.25,0.18778,0,0,0,0,0,0,0,0,1,1.2993,0.95004,-0.67952,0,0,0,0,0,10,0.23172,4.7084e-07,9999,1,664.06,6.25,0.18778,1.2993,0.95004,-0.67952,5,0.011324,1.2993,-1,0.95004,0.18349,-1,-0.96059,-0.00027191,0,0,0,0,0,0,0,0
0,0,0,0,0,0,0,0,1.0531,0.31558,-0.0018396,1,-0.0054659,0.00086468,0,0,0,0,0.93636,999,999,999,1.0251,0.82818,0,0,0,0,0,0,0,0,0,0,0,0,0,0,0,0,0,0,0,0,0,0,0,0,0,0,0,0,0,0,0,0,0,0,0,0,0,0,0,0.00085492,1.0531,1,0.92078,0,0,0,0,0,0,0,0,0,0,0,0
0,0,0,0,1.1764,0.44597,-0.66059,1,0.79235,1.1043,-0.86503,1,0.062013,0.019364,-0.00030268,0,0,0,1.2569,999,999,999,0.96574,1.8649,0.30335,0.81613,0.15887,5.0368e-07,9999,1,1,610.35,5.8105,0.20235,0,0,0,0,0,0,0,0,1,999,999,999,0,0,0,0,0,0,0,0,0,0,0,0,0,0,0,0,0,0.0064863,1.1764,1,0.93174,0.2829,-1,-0.00030268,-0.36258,0,0,0,0,0,0,0,1
0,0,0,0,0,0,0,0,0.84661,0.46429,-0.31631,-1,0.99256,0.9807,-0.97752,1,0,0,1.4526,0.7762,0.93539,-0.86141,0.65465,0.82941,0.73811,0,0,0,0,0,0,0,0,0,0,0,0,0,0,0,0,0,0,0,0,0,0,0,0,0,0,0,0,0,0,0,0,0,0,0,0,0,0,0.0090132,0.84661,-1,0.55541,0,0,0,0,0,0,0,0,0,0,0,0
1.1855,0.7353,-0.79897,-1,0,0,0,0,0.89246,0.60602,0.69095,1,-0.6134,-0.0095468,5.3736e-05,0,0,0,1.4108,999,999,999,1.4967,1.3819,0.60664,0,0,0,0,0,0,0,0,0,0,0,0,0,0,0,0,0,0,0,0,0,0,0,0,0,0,0,0,0,0,0,0,0,0,0,0,0,0,0.024105,1.1855,-1,0.78739,0,0,0,0,0,0,0,0,0,0,0,0
0,0,0,0,0.73506,0.043483,0.92989,-1,0.62946,0.7861,-0.88305,-1,-0.089138,-0.00016064,5.3919e-06,0,0,0,0.97552,-0.73506,0.84279,-0.79621,0.74469,1.0723,0.34525,0.50965,0.22558,4.3139e-07,9999,1,1,800.78,6.543,0.16716,0,0,0,0,0,0,0,0,1,0.73506,0.84279,-0.62784,0,0,0,0,0,10,0.22558,4.3139e-07,9999,1,800.78,6.543,0.16716,0.73506,0.84279,-0.62784,0,0.0064243,0.73506,-1,0.84279,0.27407,-1,-0.089138,-0.00055507,0,0,0,0,0,0,0,0
0.83005,0.1483,-0.95077,-1,0,0,0,0,0.050123,0,0.37079,1,0.19714,-0.0021555,1.2185e-06,2,0,0,0.6642,999,999,999,1.1218,0.67045,0.077131,0.44319,0.050123,1.2185e-06,9999,0,1,0,3.9062,0.077131,0,0,0,0,0,0,0,0,1,0.83005,0.92367,-0.06984,0,0,0,0,0,10,0.050123,1.2185e-06,9999,1,0,3.9062,0.077131,0.83005,0.92367,-0.06984,0,0.015535,0.83005,-1,0.92367,-0.06984,-1,-0.0021555,-0.74959,0.83005,0.1483,-0.95077,-1,1,0.015535,0.92367,1
0,0,0,0,0,0,0,0,1.4937,1.3025,-0.39304,-1,-0.10704,-9.7307e-05,5.2427e-05,0,0,0,1.2633,999,999,999,1.1381,0.661,0.59669,0.89528,0.11793,4.844e-07,9999,1,-1,507.81,5.5176,0.19404,0,0,0,0,0,0,0,0,1,999,999,999,0,0,0,0,0,10,0.19292,5.8732e-06,9999,1,0,3.3203,0.32714,1.4937,0.97388,-0.98069,4,0.0048275,1.4937,-1,0.97388,0.93055,1,5.2427e-05,0.72595,0,0,0,0,0,0,0,1
0,0,0,0,0,0,0,0,1.6235,0,-0.98148,-1,-0.00011498,6.8418e-05,0,0,1,0.50051,1.7229,999,999,999,1.9211,0.67462,0,0,0,0,0,0,0,0,0,0,0,0,0,0,0,0,0,0,0,0,0,0,0,0,0,0,0,0,0,0,0,0,0,0,0,0,0,0,0,0.00051274,1.6235,-1,0.99687,0,0,0,0,0,0,0,0,0,0,0,0
0,0,0,0,0,0,0,0,0.87997,0,-0.58992,-1,0.87185,-0.13664,-0.056288,2,2,0.49185,1.6752,1.1266,-0.91641,-0.080619,0.51525,0.98272,0.96409,0.19415,0.053923,1.2113e-06,9999,0,-1,0,20.312,0.085325,0,1,0,0,0,0,0,0,1,0.53946,0.42161,-0.72708,0,0,0,0,0,10,0.053923,1.2113e-06,9999,-1,0,20.312,0.085325,0.53946,0.42161,-0.72708,-0,0.0086492,1.1266,1,0.91641,-0.72708,1,0.87185,0.64622,0,0,0,0,0,0,0,0
1.2438,0.84238,0.046652,1,0,0,0,0,0.22694,0.64475,0.51491,-1,0.11578,-0.00012325,-1.4089e-06,0,0,0,0.98564,999,999,999,0.90496,0.84835,0.34985,0.98382,0.19375,8.0153e-07,9999,1,1,478.52,3.1006,0.28165,0,0,0,0,0,0,0,0,1,999,999,999,0,0,0,0,0,10,0.22694,1.4089e-06,9999,-1,449.22,4.0039,0.34985,1.2438,0.91526,-0.10284,-6,0.054202,1.2438,1,0.91526,0.93725,-1,-0.00012325,-0.72563,0,0,0,0,0,0,0,0
0,0,0,0,0,0,0,0,0.69874,1.5486,0.70071,-1,0.95715,-0.00010755,-9.5738e-06,0,0,0,0.90386,999,999,999,0.81096,0.75555,0.39084,0,0,0,0,0,0,0,0,0,0,0,0,0,0,0,0,0,0,0,0,0,0,0,0,0,0,0,0,0,0,0,0,0,0,0,0,0,0,0.010589,0.69874,-1,0.80593,0,0,0,0,0,0,0,0,0,0,0,0
0,0,0,0,1.1054,0.47195,-0.18625,1,0.28662,0.15315,0.4415,-1,0.10388,-8.4864e-05,-1.8552e-05,0,0,0,1.3238,999,999,999,0.95242,0.75461,0.45206,0,0,0,0,0,0,0,0,0,0,0,0,0,0,0,0,0,0,0,0,0,0,0,0,0,0,0,0,0,0,0,0,0,0,0,0,0,0,0.0066999,1.1054,1,0.75001,0,0,0,0,0,0,0,0,0,0,0,1
0,0,0,0,0,0,0,0,1.1229,0.57587,-0.065016,1,0.089818,-0.054514,0.00012091,0,0,0,1.5043,0.57291,0.47284,-0.2195,1.1763,1.3153,0.89463,0,0,0,0,0,0,0,0,0,0,0,0,0,0,0,0,0,0,0,0,0,0,0,0,0,0,0,0,0,0,0,0,0,0,0,0,0,0,0.0054363,1.1229,1,0.84687,0,0,0,0,0,0,0,0,0,0,0,0
0.66919,0,-0.64456,-1,0,0,0,0,1.031,0.13774,0.19908,-1,-0.095844,-0.090094,-1.2174e-06,2,0,0,1.1153,-0.66919,0.84308,-0.57175,1.3698,0.98426,0.078037,0.11512,0.12484,1.2174e-06,9999,1,-1,0,19.336,0.078037,0,0,0,0,0,0,0,0,1,999,999,999,0,0,0,0,0,0,0,0,0,0,0,0,0,0,0,0,0,0.02569,0.66919,-1,0.84308,0,0,0,0,0.66919,0,-0.64456,-1,1,0.02569,0.84308,1
0,0,0,0,0,0,0,0,0.43505,0.15295,-0.63865,-1,-4.1483e-05,-6.2638e-06,4.7138e-06,2,0,0,0.64813,999,999,999,0.55624,0.47449,0.30931,0.40905,0.062567,1.2531e-06,9999,0,1,0,30.078,0.059222,0,0,0,0,0,0,0,0,1,999,999,999,0,0,0,0,0,0,0,0,0,0,0,0,0,0,0,0,0,0,0,0,0,0.41903,-1,-4.4407e-06,-0.67456,0,0,0,0,0,0,0,1
0,0,0,0,0,0,0,0,1.4014,1.833,-0.45294,-1,0.071055,-0.014226,0.00011537,0,0,0,1.5542,999,999,999,1.044,1.0867,0.88191,0.93793,0.22647,4.4703e-07,9999,1,-1,732.42,4.1016,0.17581,0,0,0,0,0,0,0,0,1,0.77868,0.96044,-0.80513,0,0,0,0,0,10,0.22647,4.4703e-07,9999,-1,732.42,4.1016,0.17581,0.77868,0.96044,-0.80513,-4,0.0016872,1.4014,-1,0.97118,0.61762,1,3.8386e-05,0.10672,0,0,0,0,0,0,0,0
0,0,0,0,0,0,0,0,0.72203,0.66652,-0.56937,1,-0.99998,0.46025,-0.00058454,1,0,0,0.5908,999,999,999,0.26048,1.2138,0.33446,0.80041,0.073921,1.286e-06,9999,1,1,0,7.6172,0.13747,0,0,0,0,0,0,0,0,1,999,999,999,0,0,0,0,0,0,0,0,0,0,0,0,0,0,0,0,0,0.0030682,0.72203,1,0.94632,-0.14029,-1,-0.99998,-0.73552,0,0,0,0,0,0,0,0
0,0,0,0,0,0,0,0,1.2203,1.1587,0.45297,-1,-0.092581,0.039094,-6.7095e-05,1,1,0.50465,1.733,-0.82245,-0.77346,-0.66209,1.3241,1.3302,0.66834,0,0,0,0,0,0,0,0,0,0,0,0,0,0,0,0,0,0,0,0,0,0,0,0,0,0,0,0,0,0,0,0,0,0,0,0,0,0,9.3881e-05,1.2203,-1,0.98712,0,0,0,0,0,0,0,0,0,0,0,0
0,0,0,0,0,0,0,0,1.3743,0.61848,0.30646,1,-0.97264,0.054032,-0.010349,1,0,0,1.6077,999,999,999,0.88919,1.7772,0.51058,0.48989,0.1753,4.0025e-07,9999,1,-1,732.42,3.2227,0.14769,0,0,0,0,0,0,0,0,1,999,999,999,0,0,0,0,0,0,0,0,0,0,0,0,0,0,0,0,0,0.0077394,1.3743,1,0.92598,0.64558,1,0.054032,0.029589,0,0,0,0,0,0,0,0
0,0,0,0,0.67161,0.37536,-0.86116,1,0.43653,0,0.11122,-1,0.00016971,-5.0736e-05,-1.4773e-05,0,0,0,0.81761,999,999,999,0.92563,0.59453,0.42954,0.60703,0.19181,1.0445e-06,9999,1,1,532.23,3.418,0.31626,0,0,0,0,0,0,0,0,1,999,999,999,0,0,0,0,0,0,0,0,0,0,0,0,0,0,0,0,0,0.0092482,0.67161,1,0.92313,-0.013421,-1,-5.0736e-05,-0.014638,0,0,0,0,0,0,0,1
1.5534,0.1848,-0.79861,-1,0,0,0,0,0.70503,0.62023,0.93688,-1,-0.10195,-0.083439,3.5636e-06,0,0,0,1.0842,-1.5534,-0.99508,-0.54761,1.1408,1.1169,0.31316,0.75938,0.22318,3.5636e-06,9999,1,1,473.63,3.4668,0.31316,0,0,0,0,0,0,0,0,1,1.5534,0.99508,-0.73736,0,0,0,0,0,10,0.22318,3.5636e-06,9999,1,473.63,3.4668,0.31316,1.5534,0.99508,-0.73736,0,0.011706,1.5534,-1,0.99508,-0.13076,-1,-0.10195,-0.0042848,0,0,0,0,0,0,0,0
0,0,0,0,0,0,0,0,0.81579,1.0649,0.24926,1,-0.99995,-0.99802,0.96455,1,0,0,0.91916,-0.55509,-0.98815,-0.37743,0.30698,0.51611,1.2863,0.9159,0.060097,1.2161e-06,9999,0,1,0,9.9609,0.10619,0,0,0,0,0,0,0,0,1,999,999,999,0,0,0,0,0,0,0,0,0,0,0,0,0,0,0,0,0,0.0049366,0.81579,1,0.94178,0.87706,-1,-0.99802,-0.79545,0,0,0,0,0,0,0,0
0,0,0,0,0,0,0,0,0.50746,1.0517,0.73918,1,-1,0.3942,2.7896e-05,1,1,0.50381,0.71275,999,999,999,0.19709,1.2336,0.49841,0.37639,0.18629,1,9999,1,-1,3867.2,25,0.19709,0,1,0,0,0,0,0,0,1,0.76518,0.69232,-0.40767,0,0,0,0,0,10,0.18629,1,9999,-1,3867.2,25,0.19709,0.76518,0.69232,-0.40767,-22,0.008363,0.50746,1,0.82288,0.7188,1,2.7896e-05,1.7469e-05,0,0,0,0,0,0,0,0
0,0,0,0,0,0,0,0,0.66248,0.51083,-0.34378,-1,0.58889,-0.00092645,-7.4672e-07,0,0,0,0.7873,999,999,999,0.92733,0.8143,0.27136,0,0,0,0,0,0,0,0,0,0,0,0,0,0,0,0,0,0,0,0,0,0,0,0,0,0,0,0,0,0,0,0,0,0,0,0,0,0,0.00057804,0.66248,-1,0.88675,0,0,0,0,0,0,0,0,0,0,0,0
0,0,0,0,0,0,0,0,1.1143,0.89722,-0.95985,-1,-0.64643,-1.9933e-06,1.405e-06,0,0,0,1.1099,999,999,999,1.5308,0.2694,0.34956,0.89135,0.095534,3.6586e-07,9999,1,-1,703.12,8.6914,0.12161,0,0,0,0,0,0,0,0,1,999,999,999,0,0,0,0,0,0,0,0,0,0,0,0,0,0,0,0,0,0.00038476,1.1143,-1,0.90869,0.21117,-1,-0.64643,-0.28844,0,0,0,0,0,0,0,1
0,0,0,0,0,0,0,0,0.8962,0.5043,0.69081,-1,-0.13996,-0.00020927,4.0342e-05,1,1,0.49991,1.0943,-0.8962,0.36381,-0.74606,1.0298,0.83802,0.58838,0,0,0,0,0,0,0,0,0,0,0,0,0,0,0,0,0,0,0,0,0,0,0,0,0,0,0,0,0,0,0,0,0,0,0,0,0,0,0.0058293,0.8962,-1,0.36381,0,0,0,0,0,0,0,0,0,0,0,0
0,0,0,0,0,0,0,0,0.16707,1.3458,-0.98796,1,0.99998,-2.6463e-05,-7.2865e-06,2,0,0,0.74333,999,999,999,0.25888,0.49171,0.36837,0.92461,0.1035,3.7808e-07,9999,0,-1,996.09,7.6172,0.13153,0,0,0,0,0,0,0,0,1,999,999,999,0,0,0,0,0,0,0,0,0,0,0,0,0,0,0,0,0,0,0,0,0,-0.22419,1,0.99998,0.78788,0,0,0,0,0,0,0,1
0,0,0,0,0,0,0,0,0.64611,0.4089,0.35643,-1,-2.7056e-05,-1.3066e-06,7.1968e-07,0,0,0,0.55383,999,999,999,0.49458,0.14299,0.26579,0.6416,0.11392,1.3066e-06,9999,1,-1,0,8.3984,0.14299,0,0,0,0,0,0,0,0,1,999,999,999,0,0,0,0,0,0,0,0,0,0,0,0,0,0,0,0,0,0.0054906,0.64611,-1,0.84096,0,0,0,0,0,0,0,0,0,0,0,0
0,0,0,0,0,0,0,0,0.07014,2.0164,-0.82335,1,-0.99969,-0.00062246,-8.3374e-06,3,1,0.49974,0.77723,999,999,999,0.40072,0.36726,0.37932,0.99622,0.14146,4.939e-07,9999,0,1,576.17,4.541,0.19822,0,1,0,0,0,0,0,0,1,999,999,999,0,0,0,0,0,10,0.094593,4.3139e-07,9999,1,703.12,7.8125,0.16717,0.52641,0.22473,-0.13152,2,0,0,0,0,0.14058,-1,-0.99969,-0.8982,0,0,0,0,0,0,0,0
0,0,0,0,0,0,0,0,1.9562,0.14527,-0.78056,1,0.037376,-0.0026859,-5.9406e-05,0,0,0,1.3781,999,999,999,1.3922,0.88324,0.60375,0.4405,0.23698,1.6419e-05,9999,1,1,0,4.3457,0.4017,0,0,0,0,0,0,0,0,1,0.56238,0.46368,-0.59108,0,0,0,0,0,10,0.23698,1.6419e-05,9999,1,0,4.3457,0.4017,0.56238,0.46368,-0.59108,5,0.0071679,1.9562,1,0.9997,0.42034,-1,-0.0026859,-0.00019593,0,0,0,0,0,0,0,1
0,0,0,0,0,0,0,0,0.25017,0.96227,-0.99906,1,-4.5141e-05,3.3206e-05,1.4202e-06,4,2,0.49589,0.76253,999,999,999,0.57103,0.52172,0.35068,0,0,0,0,0,0,0,0,0,0,0,0,0,0,0,0,0,0,0,0,0,0,0,0,0,0,0,0,0,0,0,0,0,0,0,0,0,0,0,0,0,0,0,0,0,0,0,0,0,0,0,0,0,0
0,0,0,0,0,0,0,0,1.1953,0.67491,-0.82352,-1,-0.058216,0.0001261,-7.2874e-05,0,1,0.49847,1.5267,999,999,999,1.431,0.80178,0.69048,0,0,0,0,0,0,0,0,0,0,0,0,0,0,0,0,0,0,0,0,0,0,0,0,0,0,0,0,0,0,0,0,0,0,0,0,0,0,0.0057389,1.1953,-1,0.92766,0,0,0,0,0,0,0,0,0,0,0,0
0,0,0,0,0,0,0,0,0.57362,0.52201,-0.57064,1,0.9987,-0.77147,0.00050895,2,0,0,0.9992,0.66307,0.7018,-0.058852,0.47155,0.67964,0.58975,0.64122,0.2301,1.1373e-06,9999,1,1,473.63,4.1016,0.32632,0,0,0,0,0,0,0,0,1,0.76619,0.80537,-0.42683,0,0,0,0,0,10,0.2301,1.1373e-06,9999,1,473.63,4.1016,0.32632,0.76619,0.80537,-0.42683,0,0.00021561,0.76619,-1,0.80537,-0.38239,-1,-0.77147,-0.00071666,0,0,0,0,0,0,0,1
0,0,0,0,0,0,0,0,1.0302,0.935,-0.60041,1,0.075161,-3.9027e-05,2.5346e-06,0,0,0,1.1601,999,999,999,1.2031,0.54525,0.28756,0.49641,0.086958,1.2123e-06,9999,1,1,0,11.914,0.1017,0,0,0,0,0,0,0,0,1,999,999,999,0,0,0,0,0,0,0,0,0,0,0,0,0,0,0,0,0,2.8364e-05,1.0302,1,0.95836,-0.62505,-1,-1.6016e-06,-0.58682,0,0,0,0,0,0,0,0
0,0,0,0,1.0097,0.32419,-0.79597,-1,0.78536,0.20421,-0.79355,1,-0.060443,5.4756e-05,2.3199e-05,2,1,0.49416,1.2826,999,999,999,1.1956,0.61058,0.56263,0,0,0,0,0,0,0,0,0,0,0,0,0,0,0,0,0,0,0,0,0,0,0,0,0,0,0,0,0,0,0,0,0,0,0,0,0,0,0.0078225,1.0097,-1,0.93773,0,0,0,0,0,0,0,0,0,0,0,0
0,0,0,0,1.5271,0,0.86349,-1,1.8206,0.46088,-0.90786,1,-0.18093,0.05702,-0.0032565,0,0,0,1.4283,-1.5271,0.99403,-0.2608,0.77352,1.1496,2.3396,0,0,0,0,0,0,0,0,0,0,0,0,0,0,0,0,0,0,0,0,0,0,0,0,0,0,0,0,0,0,0,0,0,0,0,0,0,0,0.014279,1.8206,1,0.92206,0,0,0,0,0,0,0,0,0,0,0,0
0,0,0,0,0,0,0,0,1.4526,0.17109,-0.7771,1,0.1076,-5.1512e-06,1.2111e-06,0,0,0,1.3875,999,999,999,1.3895,0.34115,0.085652,0.31081,0.098955,1.2111e-06,9999,1,1,0,16.602,0.085652,0,0,0,0,0,0,0,0,1,999,999,999,0,0,0,0,0,0,0,0,0,0,0,0,0,0,0,0,0,0.0064457,1.4526,1,0.96868,0.59031,-1,-5.1512e-06,-0.43804,0,0,0,0,0,0,0,0
0,0,0,0,1.6974,0.57178,0.64658,-1,1.4172,0.90814,-0.71989,1,0.89994,-0.065846,0.00036821,0,0,0,2.2111,1.4172,-0.93509,-0.88302,0.48268,2.0209,1.8124,0,0,0,0,0,0,0,0,0,0,0,0,0,0,0,0,0,0,0,0,0,0,0,0,0,0,0,0,0,0,0,0,0,0,0,0,0,0,0.0012014,1.6974,-1,0.9922,0,0,0,0,0,0,0,0,0,0,0,1
0,0,0,0,0,0,0,0,0.88184,0.30874,-0.38516,1,0.0010286,-0.00019532,3.0973e-06,0,0,0,1.1127,999,999,999,1.1613,0.72418,0.30262,0.84197,0.17114,4.1799e-07,9999,1,-1,732.42,6.7383,0.15919,0,0,0,0,0,0,0,0,1,999,999,999,0,0,0,0,0,10,0.21521,5.6652e-07,9999,1,595.7,5.3223,0.22549,0.626,0.89081,-0.12143,6,0.037592,0.88184,1,0.81934,0.84734,1,3.0973e-06,0.31299,0,0,0,0,0,0,0,0
1.3471,0,-0.29476,1,0,0,0,0,0.66006,0,0.27769,-1,0.80811,0.012937,-0.00054891,0,0,0,1.8203,1.3471,0.82568,-0.16536,1.0519,1.3968,0.72144,0,0,0,0,0,0,0,0,0,0,0,0,0,0,0,0,0,0,0,0,0,0,0,0,0,0,0,0,0,0,0,0,0,0,0,0,0,0,0.003302,1.3471,1,0.82568,0,0,0,0,0,0,0,0,0,0,0,1
0,0,0,0,0,0,0,0,0.70718,0.57384,0.99805,1,-0.99999,0.92149,-0.0022263,3,1,0.49771,0.79175,999,999,999,0.24464,1.0907,0.49073,0.5256,0.15787,1.2198e-06,9999,0,1,0,33.594,0.076073,0,0,0,0,0,0,0,0,1,999,999,999,0,0,0,0,0,0,0,0,0,0,0,0,0,0,0,0,0,0.0012329,0.70718,1,0.89273,0.70431,-1,-0.99999,-0.092688,0,0,0,0,0,0,0,0
0,0,0,0,0,0,0,0,1.1344,0,-0.57752,-1,0.98962,-0.0089895,1.2344e-06,1,0,0,1.253,999,999,999,0.69457,1.205,0.2321,0.84886,0.11024,4.1628e-07,9999,0,-1,1386.7,6.9336,0.15813,1,0,-1.0783,-0.41807,-1.4315,0.15145,0.077074,0.22459,1,999,999,999,0,0,0,0,0,0,0,0,0,0,0,0,0,0,0,0,0,0.012179,1.1344,-1,0.84804,0.99782,1,0.98962,0.68515,0,0,0,0,0,0,0,1
0,0,0,0,0,0,0,0,0.5477,0.50685,-0.71403,1,-2.9259e-05,1.6905e-05,8.6117e-06,1,1,0.49852,0.78665,999,999,999,0.50454,0.44264,0.38199,0.88235,0.12413,5.1542e-07,9999,1,1,595.7,5.4688,0.20709,0,0,0,0,0,0,0,0,1,0.73781,0.96923,-0.79493,0,0,0,0,0,10,0.12413,5.1542e-07,9999,1,595.7,5.4688,0.20709,0.73781,0.96923,-0.79493,2,0.012463,0.73781,-1,0.96923,0.68501,-1,-2.8137e-06,-0.69106,0,0,0,0,0,0,0,0
0,0,0,0,0,0,0,0,1.1691,0.90677,-0.68036,-1,-0.99723,-0.33301,-0.13598,1,0,0,1.0258,-1.1691,0.93544,-0.292,0.41138,0.86237,1.7529,0.97262,0.16611,3.5584e-07,9999,1,1,1210.9,9.668,0.11282,0,0,0,0,0,0,0,0,1,1.1691,0.93544,-0.98236,0,0,0,0,0,10,0.16611,3.5584e-07,9999,1,1210.9,9.668,0.11282,1.1691,0.93544,-0.98236,2,0.012863,1.1691,-1,0.93544,0.44991,-1,-0.99723,-0.8046,0,0,0,0,0,0,0,0
0,0,0,0,0,0,0,0,0.47289,1.0786,-0.37792,1,-7.4392e-05,1.3012e-05,4.317e-06,4,0,0,0.32143,999,999,999,0.70109,0.41774,0.32765,0.26306,0.10332,1.2759e-06,9999,0,-1,0,3.7109,0.051722,0,0,0,0,0,0,0,0,1,999,999,999,0,0,0,0,0,0,0,0,0,0,0,0,0,0,0,0,0,0,0,0,0,0.97063,1,1.3012e-05,0.40097,0,0,0,0,0,0,0,0
0,0,0,0,0,0,0,0,0.44145,0.25574,0.66592,1,-1.1561e-05,5.5509e-06,0,0,0,0,0.47711,999,999,999,0.40713,0.34692,0,0,0,0,0,0,0,0,0,0,0,0,0,0,0,0,0,0,0,0,0,0,0,0,0,0,0,0,0,0,0,0,0,0,0,0,0,0,0,0.023127,0.60343,-1,0.40388,0,0,0,0,0,0,0,0,0,0,0,0
0.56536,0.13821,0.59865,1,1.4966,0.1125,-0.48803,-1,0,0,0,0,-0.06942,0.00053315,0,0,0,0,1.594,999,999,999,1.6103,0.61485,0,0,0,0,0,0,0,0,0,0,0,0,0,0,0,0,0,0,0,0,0,0,0,0,0,0,0,0,0,0,0,0,0,0,0,0,0,0,0,0.021381,1.4966,-1,0.96241,0,0,0,0,0.56536,0.13821,0.59865,1,1,0.012002,0.60579,1
0,0,0,0,0,0,0,0,0.6071,1.3232,-0.58858,1,0.99671,0.0016991,-3.0594e-05,3,1,0.4932,0.90571,999,999,999,0.55565,0.87531,0.51043,0.95676,0.19484,4.7495e-07,9999,0,1,644.53,4.7363,0.18971,0,1,0,0,0,0,0,0,1,999,999,999,0,0,0,0,0,0,0,0,0,0,0,0,0,0,0,0,0,0.0010471,0.6071,1,0.33546,0.9168,-1,-1.607e-05,-0.55363,0,0,0,0,0,0,0,1
0,0,0,0,0,0,0,0,0.39481,0.12758,0.80708,1,-0.0040489,9.7478e-05,-3.1579e-05,0,1,0.49953,0.97423,999,999,999,1.0288,0.75413,0.51465,0.27333,0.24047,1.8253e-06,9999,1,1,483.4,3.2715,0.37555,0,0,0,0,0,0,0,0,1,999,999,999,0,0,0,0,0,0,0,0,0,0,0,0,0,0,0,0,0,0.013404,0.68601,1,0.99426,0.40821,-1,-0.0040489,-0.0001268,0,0,0,0,0,0,0,0
0,0,0,0,0,0,0,0,0.64176,0.46924,0.78054,1,-0.96387,-0.95969,0.02866,1,1,0.49893,1.4225,-0.77666,0.3052,-0.076182,0.94169,0.94716,1.1387,0.72702,0.14953,0.00017413,9999,0,-1,634.77,0,0.15439,0,1,0,0,0,0,0,0,1,0.77128,0.90421,-0.57247,0,0,0,0,0,10,0.14953,0.00017413,9999,-1,634.77,0,0.15439,0.77128,0.90421,-0.57247,-14,0.0048829,0.77128,1,0.90421,0.64243,-1,-0.95969,-0.23971,0,0,0,0,0,0,0,0
0,0,0,0,0,0,0,0,1.0012,1.6655,-0.90293,-1,-0.89419,-0.0087029,-0.0066704,0,0,0,1.5685,-0.69003,0.33173,-0.28092,0.88497,0.96266,0.74653,0.95508,0.11963,3.8839e-07,9999,1,1,1005.9,7.6172,0.13932,0,0,0,0,0,0,0,0,1,0.69003,0.33173,-0.47275,0,0,0,0,0,10,0.11963,3.8839e-07,9999,1,1005.9,7.6172,0.13932,0.69003,0.33173,-0.47275,2,0.0029887,1.0832,-1,0.98881,0.94838,-1,-0.89419,-0.82808,0,0,0,0,0,0,0,0
0,0,0,0,0,0,0,0,0.24422,1.123,-0.93649,1,0.00017578,6.2392e-06,-3.6669e-06,0,1,0.49653,0.50504,999,999,999,0.17581,0.35605,0.31531,0.46349,0.11847,3.5296e-07,9999,1,-1,1484.4,9.668,0.11018,0,0,0,0,0,0,0,0,1,999,999,999,0,0,0,0,0,0,0,0,0,0,0,0,0,0,0,0,0,0,0,0,0,-0.26659,1,0.00017578,0.34025,0,0,0,0,0,0,0,0
0,0,0,0,0,0,0,0,0.79878,0.74916,0.86031,-1,0.99738,-0.98305,0.0060246,0,0,0,1.2304,999,999,999,0.53375,0.77893,0.82843,0.87652,0.14771,4.8373e-07,9999,0,1,693.36,4.4922,0.19374,0,0,0,0,0,0,0,0,1,999,999,999,0,0,0,0,0,0,0,0,0,0,0,0,0,0,0,0,0,0.011756,0.79878,-1,0.92322,0.8318,-1,-0.98305,-0.58434,0,0,0,0,0,0,0,0
0,0,0,0,0,0,0,0,0.28854,0,-0.31384,-1,0.00013389,-5.5793e-05,-4.2478e-06,2,1,0.50207,0.30958,999,999,999,0.68951,0.573,0.32643,0.61709,0.12617,4.9342e-07,9999,1,1,551.76,4.5898,0.19801,0,0,0,0,0,0,0,0,1,999,999,999,0,0,0,0,0,0,0,0,0,0,0,0,0,0,0,0,0,0,0,0,0,0.99817,-1,-5.5793e-05,-0.36964,0,0,0,0,0,0,0,0
0,0,0,0,0,0,0,0,0.424,0.1516,0.56665,1,-0.99034,0.021781,0,1,0,0,0.71645,999,999,999,0.68556,0.68325,0,0,0,0,0,0,0,0,0,0,0,0,0,0,0,0,0,0,0,0,0,0,0,0,0,0,0,0,0,0,0,0,0,0,0,0,0,0,0,0.0020131,0.72487,-1,0.62099,0,0,0,0,0,0,0,0,0,0,0,0
0,0,0,0,1.6889,0.33634,-0.92718,1,0.5501,0.96976,0.28342,-1,0.066638,-1.0703e-05,-1.2117e-06,1,0,0,1.2371,999,999,999,2.6001,0.40038,0.084693,0.60481,0.085676,1.2117e-06,9999,0,-1,0,3.0762,0.084693,0,0,0,0,0,0,0,0,1,1.6889,0.99467,-0.67626,0,0,0,0,0,10,0.085676,1.2117e-06,9999,-1,0,3.0762,0.084693,1.6889,0.99467,-0.67626,-2,0.02378,1.6889,1,0.99467,-0.67626,1,0.066638,0.65376,0,0,0,0,0,0,0,1
0,0,0,0,0,0,0,0,0.2701,1.6908,-0.58642,1,-0.99997,-0.99995,4.9097e-06,3,1,0.4995,0.43244,999,999,999,0.27221,0.29499,0.43332,0.56559,0.21179,4.0006e-07,9999,0,1,830.08,7.2266,0.14756,0,0,0,0,0,0,0,0,1,999,999,999,0,0,0,0,0,0,0,0,0,0,0,0,0,0,0,0,0,0,0,0,0,0.11281,-1,-0.99995,-0.0022548,0,0,0,0,0,0,0,0
0,0,0,0,0,0,0,0,0.40633,0.33244,0.22792,-1,-3.0314e-05,1.3556e-05,-1.1481e-05,0,0,0,0.59843,999,999,999,0.50908,0.52713,0.40631,0,0,0,0,0,0,0,0,0,0,0,0,0,0,0,0,0,0,0,0,0,0,0,0,0,0,0,0,0,0,0,0,0,0,0,0,0,0,0,0,0,0,0,0,0,0,0,0,0,0,0,0,0,1
0,0,0,0,0,0,0,0,0.96329,1.2271,-0.8654,-1,-0.96865,0.96672,-0.01199,1,1,0.49726,1.3238,999,999,999,1.4091,0.70966,1.3611,0.88071,0.17837,5.2975e-07,9999,1,1,644.53,3.7109,0.21261,0,0,0,0,0,0,0,0,1,999,999,999,0,0,0,0,0,0,0,0,0,0,0,0,0,0,0,0,0,0.0065257,0.96329,-1,0.96765,0.844,-1,-0.96865,-0.35833,0,0,0,0,0,0,0,0
0,0,0,0,0,0,0,0,0.47156,1.0984,-0.91749,-1,-0.77818,0.0010505,4.9426e-05,0,0,0,1.0268,-0.65171,-0.97195,-0.99467,0.84308,0.86473,0.58896,0.6781,0.24963,2.5337e-06,9999,1,1,483.4,4.0527,0.4049,0,0,0,0,0,0,0,0,1,0.65171,0.97195,-0.77622,0,0,0,0,0,10,0.24963,2.5337e-06,9999,1,483.4,4.0527,0.4049,0.65171,0.97195,-0.77622,5,0.014022,0.65171,-1,0.97195,0.826,-1,-0.77818,-0.00017988,0,0,0,0,0,0,0,1
0,0,0,0,0,0,0,0,1.4653,0.19599,-0.39633,-1,0.9723,-0.051016,0.00064881,5,2,0.4954,1.3902,999,999,999,0.28301,1.3655,0.41837,0.98232,0.1173,1.393e-06,9999,0,1,0,6.7383,0.16089,0,0,0,0,0,0,0,0,1,1.4653,0.98323,-0.94637,0,0,0,0,0,10,0.1173,1.393e-06,9999,1,0,6.7383,0.16089,1.4653,0.98323,-0.94637,4,0,0,0,0,0.94344,1,0.9723,0.00072508,0,0,0,0,0,0,0,1
0,0,0,0,0,0,0,0,0.70315,0.60076,-0.24974,-1,0.99989,-0.0020803,5.5603e-05,1,1,0.4952,0.87899,0.57275,-0.98855,-0.89097,0.32324,0.98215,0.6146,0.69974,0.14931,4.074e-07,9999,1,1,908.2,7.6172,0.15246,0,1,0,0,0,0,0,0,1,0.70315,0.95977,-0.78871,0,0,0,0,0,10,0.14931,4.074e-07,9999,1,908.2,7.6172,0.15246,0.70315,0.95977,-0.78871,6,0.010366,0.70315,-1,0.95977,0.67495,-1,-0.0020803,-6.2648e-05,0,0,0,0,0,0,0,1
0,0,0,0,0,0,0,0,1.8764,0.42243,-0.16733,-1,-0.96104,-0.63826,2.0836e-05,0,1,0.49787,1.7547,-1.0143,0.97096,-0.93787,1.5717,1.6384,0.46434,0.92919,0.12229,3.728e-07,9999,1,1,1308.6,8.4961,0.12734,0,0,0,0,0,0,0,0,1,1.0143,0.97096,-0.83415,0,0,0,0,0,10,0.12229,3.728e-07,9999,1,1308.6,8.4961,0.12734,1.0143,0.97096,-0.83415,2,0.00045858,1.8764,-1,0.99011,0.97157,-1,-0.96104,-0.77675,0,0,0,0,0,0,0,0
0,0,0,0,0,0,0,0,1.8996,0.38471,-0.90734,-1,0.25906,-0.084781,0.054416,1,1,0.4997,1.4649,999,999,999,1.2214,1.3557,1.3372,0,0,0,0,0,0,0,0,0,0,0,0,0,0,0,0,0,0,0,0,0,0,0,0,0,0,0,0,0,0,0,0,0,0,0,0,0,0,0.003766,1.8996,-1,0.95006,0,0,0,0,0,0,0,0,0,0,0,0
0,0,0,0,0,0,0,0,0.88338,0.33104,-0.7208,-1,-0.91214,-0.00027926,-1.2093e-06,1,0,0,0.93923,-0.88338,-0.69753,-0.27187,0.29894,0.96175,0.091328,0.42931,0.19625,5.4178e-07,9999,0,1,610.35,4.3945,0.21701,0,0,0,0,0,0,0,0,1,0.88338,0.69753,-0.34151,0,0,0,0,0,10,0.19625,5.4178e-07,9999,1,610.35,4.3945,0.21701,0.88338,0.69753,-0.34151,0,4.2366e-06,0.88338,-1,0.69753,-0.69051,-1,-0.91214,-0.0048434,0,0,0,0,0,0,0,0
0,0,0,0,0,0,0,0,1.0781,0.19248,-0.97081,-1,-0.044531,3.1777e-05,1.6893e-06,1,0,0,1.1204,999,999,999,1.3537,0.42994,0.19815,0,0,0,0,0,0,0,0,0,0,0,0,0,0,0,0,0,0,0,0,0,0,0,0,0,0,0,0,0,0,0,0,0,0,0,0,0,0,0.00024706,1.0781,-1,0.93548,0,0,0,0,0,0,0,0,0,0,0,1
0,0,0,0,0,0,0,0,0.58829,1.2859,-0.66528,1,-0.10273,0.0080796,0.00048839,2,0,0,1.0588,999,999,999,0.83632,0.65737,0.27613,0.87545,0.15148,4.5473e-07,9999,1,-1,703.12,6.9336,0.17982,0,0,0,0,0,0,0,0,1,999,999,999,0,0,0,0,0,10,0.19007,1.3799e-06,9999,-1,0,7.7148,0.15855,0.58829,0.47506,-0.35926,-4,0.01275,0.58829,1,0.47506,0.51427,1,0.0080796,0.55958,0,0,0,0,0,0,0,0
0,0,0,0,0,0,0,0,1.0967,0,-0.74868,1,0.023978,0.0001615,-2.3052e-06,0,0,0,0.95402,1.0967,-0.91165,-0.54435,0.82218,0.90105,0.24008,0.48555,0.13676,2.3052e-06,9999,1,-1,0,4.2969,0.24008,0,0,0,0,0,0,0,0,1,1.0967,0.91165,-0.73674,0,0,0,0,0,10,0.13676,2.3052e-06,9999,-1,0,4.2969,0.24008,1.0967,0.91165,-0.73674,-5,0.006044,1.0967,1,0.91165,0.26522,1,0.023978,0.20898,0,0,0,0,0,0,0,1
0,0,0,0,0,0,0,0,0.33315,0.33709,-0.71475,-1,0.00015229,-1.6939e-06,0,1,1,0.49821,0.25155,999,999,999,0.62825,0.25694,0,0,0,0,0,0,0,0,0,0,0,0,0,0,0,0,0,0,0,0,0,0,0,0,0,0,0,0,0,0,0,0,0,0,0,0,0,0,0,0,0,0,0,0,0,0,0,0,0,0,0,0,0,0,1
0,0,0,0,0,0,0,0,0.60241,0.37834,-0.46428,-1,0.99998,-0.045855,-4.0472e-05,0,0,0,0.67861,0.50818,-0.77266,-0.43961,0.25333,0.90635,0.53525,0.90444,0.11729,0.99998,9999,1,1,2343.8,19.141,0.25333,0,0,0,0,0,0,0,0,1,999,999,999,0,0,0,0,0,0,0,0,0,0,0,0,0,0,0,0,0,0.0060388,0.60241,-1,0.73454,0.46081,-1,-0.045855,-0.0097543,0,0,0,0,0,0,0,1
0,0,0,0,0,0,0,0,0.59675,1.8299,0.33878,-1,0.98441,-0.013602,-1.4994e-05,0,0,0,0.73065,999,999,999,0.60406,0.8463,0.43096,0,0,0,0,0,0,0,0,0,0,0,0,0,0,0,0,0,0,0,0,0,0,0,0,0,0,0,0,0,0,0,0,0,0,0,0,0,0,0.0011288,0.53102,-1,0.57422,0,0,0,0,0,0,0,0,0,0,0,1
0.71002,0.64109,-0.72202,-1,0,0,0,0,0.16854,0.41304,-0.74638,1,-0.00026421,-1.2101e-06,8.1771e-07,0,0,0,0.69601,999,999,999,0.69592,0.097553,0.28446,0.4604,0.16854,8.1771e-07,9999,1,1,507.81,2.6855,0.28446,0,0,0,0,0,0,0,0,1,999,999,999,0,0,0,0,0,0,0,0,0,0,0,0,0,0,0,0,0,0.016699,0.71002,-1,0.64652,0.085079,-1,-0.00026421,-0.042471,0.71002,0.64109,-0.72202,-1,1,0.016699,0.64652,0
1.3281,0.51044,-0.97284,1,0,0,0,0,0.20141,0.47274,0.87216,1,0.99983,0.077157,-0.00053099,0,0,0,1.3433,1.3281,-0.96072,-0.83533,0.3386,1.2031,0.5477,0.664,0.20141,0.99983,9999,1,1,1220.7,12.891,0.3386,0,0,0,0,0,0,0,0,1,999,999,999,0,0,0,0,0,0,0,0,0,0,0,0,0,0,0,0,0,0.021835,1.3281,1,0.96072,0.69492,-1,-0.00053099,-5.8985e-06,0,0,0,0,0,0,0,1
0,0,0,0,1.2324,0.61842,-0.85394,-1,1.0116,0.61842,-0.89078,-1,-0.96122,-0.08172,0.0027394,0,0,0,1.0641,999,999,999,0.67572,0.88333,0.9541,0,0,0,0,0,0,0,0,0,0,0,0,0,0,0,0,0,0,0,0,0,0,0,0,0,0,0,0,0,0,0,0,0,0,0,0,0,0,0.01088,1.2324,-1,0.92073,0,0,0,0,0,0,0,0,0,0,0,0
0,0,0,0,0,0,0,0,1.3165,0.27756,0.60881,1,-0.25239,0.095382,2.2682e-06,2,1,0.50181,1.3063,999,999,999,1.1988,1.2665,0.3953,0,0,0,0,0,0,0,0,0,0,0,0,0,0,0,0,0,0,0,0,0,0,0,0,0,0,0,0,0,0,0,0,0,0,0,0,0,0,0.0098846,1.3165,1,0.95194,0,0,0,0,0,0,0,0,0,0,0,1
0,0,0,0,2.0525,0,-0.11393,1,1.1901,0.96937,0.13843,1,0.82197,7.1893e-05,5.7027e-05,0,0,0,2.2192,2.0525,0.98121,-0.99905,1.1111,2.8363,0.61998,0.99882,0.13306,3.4978e-07,9999,1,-1,1367.2,11.328,0.1072,1,0,-0.31384,2.7228,-0.59406,0.020616,0.25344,0.011556,1,2.0525,0.98121,-0.97088,0,0,0,0,0,10,0.13306,3.4978e-07,9999,-1,1367.2,11.328,0.1072,2.0525,0.98121,-0.97088,-2,0.01949,2.0525,1,0.98121,0.96369,1,0.82197,0.90533,0,0,0,0,0,0,0,1
0,0,0,0,0,0,0,0,0.46067,1.3733,-0.97696,1,-0.12405,5.0481e-05,1.9537e-05,1,1,0.50132,0.88814,999,999,999,0.62354,0.58116,0.45741,0.98242,0.058096,3.322e-07,9999,0,-1,556.64,6.8359,0.089336,0,0,0,0,0,0,0,0,1,999,999,999,0,0,0,0,0,0,0,0,0,0,0,0,0,0,0,0,0,0,0,0,0,0.32349,1,1.6219e-06,0.8658,0,0,0,0,0,0,0,0
0,0,0,0,0,0,0,0,0.61967,0.49343,-0.53225,-1,0.00058043,-0.00029069,-3.7551e-05,1,0,0,1.0885,999,999,999,1.161,0.67088,0.53998,0.81143,0.2032,4.3615e-06,9999,1,1,0,3.9551,0.30274,0,0,0,0,0,0,0,0,1,999,999,999,0,0,0,0,0,0,0,0,0,0,0,0,0,0,0,0,0,0.0093244,0.83375,1,0.80341,0.97684,-1,-3.7551e-05,-0.044896,0,0,0,0,0,0,0,1
0,0,0,0,0,0,0,0,0.27586,0,0.10411,-1,0.0738,0.00030188,2.6555e-06,2,0,0,0.36634,999,999,999,0.91514,0.303,0.29106,0,0,0,0,0,0,0,0,0,0,0,0,0,0,0,0,0,0,0,0,0,0,0,0,0,0,0,0,0,0,0,0,0,0,0,0,0,0,0,0,0,0,0,0,0,0,0,0,0,0,0,0,0,0
0,0,0,0,0,0,0,0,1.6072,0.36701,-0.82259,1,0.027229,0.00038681,-7.7831e-06,1,1,0.49958,1.3149,999,999,999,1.3045,0.68577,0.3737,0,0,0,0,0,0,0,0,0,0,0,0,0,0,0,0,0,0,0,0,0,0,0,0,0,0,0,0,0,0,0,0,0,0,0,0,0,0,0.0031905,1.6072,1,0.91661,0,0,0,0,0,0,0,0,0,0,0,1
0,0,0,0,0,0,0,0,1.0431,0.4461,-0.54816,1,0.9998,0.07494,-0.00085595,0,0,0,1.1218,1.0431,-0.69969,-0.64732,0.29874,1.5557,0.99358,0.82701,0.2163,1.1764e-06,9999,0,-1,473.63,3.3691,0.33019,0,0,0,0,0,0,0,0,1,1.0431,0.69969,-0.23012,0,0,0,0,0,10,0.2163,1.1764e-06,9999,-1,473.63,3.3691,0.33019,1.0431,0.69969,-0.23012,-6,0.0035442,1.0431,1,0.69969,0.58222,1,0.9998,0.021208,0,0,0,0,0,0,0,1
0,0,0,0,0,0,0,0,1.042,1.4277,-0.69049,1,-0.0061409,0.0014192,-1.8272e-05,0,0,0,1.2135,999,999,999,0.76257,1.165,0.44979,0.33518,0.19192,7.5373e-07,9999,1,1,478.52,3.3691,0.27274,0,0,0,0,0,0,0,0,1,0.50068,0.76719,-0.45017,0,0,0,0,0,10,0.23747,2.333e-06,9999,-1,454.1,3.6133,0.39779,1.042,0.95852,-0.55568,-6,0.0074185,1.042,1,0.95852,0.19581,-1,-2.333e-06,-0.0048276,0,0,0,0,0,0,0,0
0,0,0,0,0,0,0,0,0.91256,1.2887,-0.85629,1,0.00177,1.2887e-05,-1.1708e-05,2,1,0.49528,1.0614,999,999,999,0.90753,0.41686,0.40824,0.93469,0.19151,7.5379e-07,9999,1,-1,571.29,4.4922,0.27275,0,0,0,0,0,0,0,0,1,999,999,999,0,0,0,0,0,0,0,0,0,0,0,0,0,0,0,0,0,0.016368,0.91256,1,0.88201,0.68519,1,0.00177,0.45959,0,0,0,0,0,0,0,1
0,0,0,0,0,0,0,0,0.65684,1.4421,-0.32428,-1,-0.43909,-6.9224e-05,2.1661e-05,0,0,0,0.86211,999,999,999,1.0306,0.62759,0.46859,0,0,0,0,0,0,0,0,0,0,0,0,0,0,0,0,0,0,0,0,0,0,0,0,0,0,0,0,0,0,0,0,0,0,0,0,0,0,0.0083112,0.65684,-1,0.85134,0,0,0,0,0,0,0,0,0,0,0,0
0,0,0,0,0,0,0,0,0.74153,0.90271,-0.25334,-1,-0.908,0.0062002,0.0053154,0,0,0,0.95892,-0.52507,-0.95842,-0.71848,0.94468,0.6151,0.76539,0.67707,0.17271,3.6568e-07,9999,1,1,927.73,9.1797,0.12145,0,0,0,0,0,0,0,0,1,0.74153,0.73081,-0.35998,0,0,0,0,0,10,0.17271,3.6568e-07,9999,1,927.73,9.1797,0.12145,0.74153,0.73081,-0.35998,6,0.00091976,0.74153,-1,0.73081,-0.35998,-1,-0.908,-0.08163,0,0,0,0,0,0,0,0
0,0,0,0,0,0,0,0,2.1352,0.091425,-0.64365,-1,-7.2714e-05,9.8361e-06,4.6855e-07,0,0,0,2.2006,999,999,999,2.4504,0.50534,0.18668,0.97223,0.13508,4.6855e-07,9999,1,1,703.12,5.2734,0.18668,0,0,0,0,0,0,0,0,1,2.1352,0.99531,-0.97083,0,0,0,0,0,10,0.13508,4.6855e-07,9999,1,703.12,5.2734,0.18668,2.1352,0.99531,-0.97083,2,0.019288,2.1352,-1,0.99531,0.67103,1,9.8361e-06,0.55894,0,0,0,0,0,0,0,0
0,0,0,0,0,0,0,0,0.80538,0.20846,0.35231,-1,0.96822,-0.050581,-0.021445,2,0,0,0.96404,999,999,999,0.91865,1.1279,0.83205,0,0,0,0,0,0,0,0,0,0,0,0,0,0,0,0,0,0,0,0,0,0,0,0,0,0,0,0,0,0,0,0,0,0,0,0,0,0,0.01442,0.80538,-1,0.44637,0,0,0,0,0,0,0,0,0,0,0,1
0,0,0,0,0,0,0,0,0.34167,0.09652,-0.14539,-1,-0.28256,-7.4498e-06,4.2728e-06,3,1,0.49511,0.56549,999,999,999,1.0642,0.37016,0.41052,0.52161,0.17006,8.0707e-07,9999,1,-1,625,4.5898,0.28262,0,0,0,0,0,0,0,0,1,999,999,999,0,0,0,0,0,0,0,0,0,0,0,0,0,0,0,0,0,0,0,0,0,0.97365,1,1.7911e-06,0.045964,0,0,0,0,0,0,0,0
0,0,0,0,0,0,0,0,1.1002,1.1312,0.84638,-1,-0.9598,-0.00051173,7.4945e-05,0,0,0,0.72243,999,999,999,0.62814,0.57124,0.65795,0,0,0,0,0,0,0,0,0,0,0,0,0,0,0,0,0,0,0,0,0,0,0,0,0,0,0,0,0,0,0,0,0,0,0,0,0,0,0.017544,1.1002,-1,0.96296,0,0,0,0,0,0,0,0,0,0,0,0
0,0,0,0,0,0,0,0,0.62971,0.74278,0.91345,1,-0.97119,0.0034705,-1.0784e-06,1,1,0.49987,0.73288,999,999,999,0.29611,0.69541,0.32009,0.92558,0.24494,9.5795e-07,9999,0,1,483.4,4.2969,0.30555,1,0,1.9093,-0.16958,-2.8668,0.154,0.0084013,0.086513,1,999,999,999,0,0,0,0,0,0,0,0,0,0,0,0,0,0,0,0,0,0.0033792,0.62971,1,0.98308,0.84329,-1,-0.97119,-0.018418,0,0,0,0,0,0,0,0
0,0,0,0,0,0,0,0,1.0121,1.4736,-0.83731,-1,-0.94824,5.8781e-05,1.8995e-05,0,0,0,1.3114,999,999,999,1.2913,0.6292,0.45451,0.94361,0.14974,5.5983e-07,9999,0,1,546.88,4.8828,0.22327,0,0,0,0,0,0,0,0,1,999,999,999,0,0,0,0,0,10,0.10691,1.3148e-06,9999,-1,0,8.6914,0.14499,0.56002,0.66729,-0.26292,-4,0.0022777,1.0121,-1,0.98827,0.98212,-1,-0.94824,-0.75817,0,0,0,0,0,0,0,0
0,0,0,0,0,0,0,0,0.96784,1.4962,0.64729,1,0.00011269,-2.7327e-05,-2.5836e-06,1,1,0.49987,1.0403,999,999,999,0.90776,0.49583,0.289,0.23409,0.20001,8.4816e-07,9999,1,-1,478.52,3.0518,0.28952,0,0,0,0,0,0,0,0,1,999,999,999,0,0,0,0,0,0,0,0,0,0,0,0,0,0,0,0,0,0.015471,0.96784,1,0.99629,0.15388,1,0.00011269,0.0016413,0,0,0,0,0,0,0,0
0,0,0,0,0,0,0,0,0.98386,0.15019,0.56829,1,0.85303,3.8826e-05,3.1201e-06,0,0,0,1.1278,999,999,999,0.94023,0.54531,0.30317,0.36479,0.055481,1.216e-06,9999,1,-1,0,3.6133,0.079419,0,0,0,0,0,0,0,0,1,999,999,999,0,0,0,0,0,10,0.1254,1.947e-06,9999,-1,0,4.7852,0.21895,0.98386,0.9865,-0.53749,-6,0.017172,0.98386,1,0.9865,0.49045,1,0.85303,0.6832,0,0,0,0,0,0,0,1
0,0,0,0,0,0,0,0,1.4068,0.35014,-0.14104,1,0.96258,-0.0011056,-0.00051086,2,0,0,1.602,999,999,999,1.9952,0.88395,0.28804,0.75192,0.21429,1.2236e-06,9999,1,-1,0,9.4727,0.11218,0,0,0,0,0,0,0,0,1,1.4068,0.99231,-0.67606,0,0,0,0,0,10,0.21429,1.2236e-06,9999,-1,0,9.4727,0.11218,1.4068,0.99231,-0.67606,-0,0.00023616,1.4068,1,0.99231,-0.67606,1,0.96258,0.0084587,0,0,0,0,0,0,0,1
0,0,0,0,0,0,0,0,1.4423,1.2441,-0.30216,1,-0.92014,0.042031,-2.819e-06,0,0,0,1.1624,999,999,999,0.31935,2.1328,0.29555,0.80323,0.12847,0.92014,9999,1,-1,0,9.1797,0.31935,0,0,0,0,0,0,0,0,1,999,999,999,0,0,0,0,0,0,0,0,0,0,0,0,0,0,0,0,0,0.0044295,1.4423,1,0.92444,0.65109,1,0.042031,0.0022013,0,0,0,0,0,0,0,0
0,0,0,0,0,0,0,0,1.0611,1.1262,0.56103,1,-0.97045,0.042422,4.0152e-06,0,0,0,1.3078,999,999,999,1.0615,1.1752,0.32216,0,0,0,0,0,0,0,0,0,0,0,0,0,0,0,0,0,0,0,0,0,0,0,0,0,0,0,0,0,0,0,0,0,0,0,0,0,0,0.0047886,1.0611,1,0.96936,0,0,0,0,0,0,0,0,0,0,0,0
0,0,0,0,0.82687,0.42768,-0.74977,1,0.3563,0.95313,-0.089897,-1,-0.004618,-0.0019191,0.00017872,1,0,0,0.96516,999,999,999,0.5744,0.47688,0.98554,0.39593,0.23737,5.8355e-07,9999,1,1,532.23,4.3945,0.23093,0,0,0,0,0,0,0,0,1,999,999,999,0,0,0,0,0,0,0,0,0,0,0,0,0,0,0,0,0,0.026547,0.82687,1,0.76771,0.19347,-1,-0.004618,-0.00017793,0,0,0,0,0,0,0,0
0,0,0,0,0,0,0,0,0.51204,0.041561,-0.42635,-1,-1.4691e-05,1.3749e-06,0,1,0,0,0.4339,999,999,999,0.42902,0.15762,0,0.10681,0.083479,1.3749e-06,9999,0,1,0,7.4219,0.15762,0,0,0,0,0,0,0,0,1,0.51204,0.61401,-0.64282,0,0,0,0,0,10,0.083479,1.3749e-06,9999,1,0,7.4219,0.15762,0.51204,0.61401,-0.64282,6,0.00855,0.51204,-1,0.61401,-0.64282,-1,-1.4691e-05,-0.52535,0,0,0,0,0,0,0,1
0.93861,0,-0.30129,1,0,0,0,0,0.40075,0,-0.03771,1,-0.23156,0.10316,1.632e-05,0,0,0,1.1536,999,999,999,1.4312,1.1635,0.43916,0,0,0,0,0,0,0,0,0,0,0,0,0,0,0,0,0,0,0,0,0,0,0,0,0,0,0,0,0,0,0,0,0,0,0,0,0,0,0.001052,0.93861,1,0.85248,0,0,0,0,0.93861,0,-0.30129,1,1,0.001052,0.85248,1
0,0,0,0,0,0,0,0,0.87231,1.5274,-0.2906,-1,-0.0063929,0.00050705,7.1915e-05,1,0,0,1.0825,999,999,999,0.82833,0.52058,0.66319,0,0,0,0,0,0,0,0,0,0,0,0,0,0,0,0,0,0,0,0,0,0,0,0,0,0,0,0,0,0,0,0,0,0,0,0,0,0,0.026536,0.87231,-1,0.96959,0,0,0,0,0,0,0,0,0,0,0,0
0,0,0,0,0,0,0,0,0.34338,0,0.84595,-1,0.037596,-0.00065616,0.00016266,2,1,0.49566,0.95311,999,999,999,1.0143,0.34216,0.37641,0,0,0,0,0,0,0,0,0,0,0,0,0,0,0,0,0,0,0,0,0,0,0,0,0,0,0,0,0,0,0,0,0,0,0,0,0,0,0.011382,0.80644,1,0.81609,0,0,0,0,0,0,0,0,0,0,0,1
0,0,0,0,0,0,0,0,0.88678,0.089274,-0.54489,1,0.95849,0.0041826,-8.9996e-06,2,1,0.50463,1.0504,999,999,999,1.0604,0.33823,0.38566,0,0,0,0,0,0,0,0,0,0,0,0,0,0,0,0,0,0,0,0,0,0,0,0,0,0,0,0,0,0,0,0,0,0,0,0,0,0,0.021126,0.88678,1,0.9986,0,0,0,0,0,0,0,0,0,0,0,1
0,0,0,0,0,0,0,0,0.72773,0.67351,0.08903,1,0.96318,-3.2565e-05,5.3349e-06,1,0,0,0.84701,999,999,999,1.0576,0.51898,0.27341,0.21518,0.15807,5.3349e-06,9999,0,1,1240.2,5.0781,0.27341,0,0,0,0,0,0,0,0,1,0.51991,0.95218,-0.17817,0,0,0,0,0,10,0.15807,5.3349e-06,9999,1,1240.2,5.0781,0.27341,0.51991,0.95218,-0.17817,4,0.0023592,0.72773,1,0.90954,-0.17817,-1,-3.2565e-05,-0.039382,0,0,0,0,0,0,0,1
0,0,0,0,0,0,0,0,1.0563,0.40716,0.082118,1,-0.035778,0.00010626,8.8892e-05,0,0,0,1.2695,999,999,999,1.1294,0.74559,0.78568,0.18337,0.10668,1.2717e-06,9999,1,1,0,3.9551,0.13316,0,0,0,0,0,0,0,0,1,0.80004,0.72933,-0.80506,0,0,0,0,0,10,0.10668,1.2717e-06,9999,1,0,3.9551,0.13316,0.80004,0.72933,-0.80506,21,0.0086407,1.0563,1,0.97412,-0.80506,-1,-0.035778,-0.3639,0,0,0,0,0,0,0,0
0,0,0,0,0,0,0,0,0.52696,0.40255,-0.81413,-1,-2.373e-05,-1.5177e-06,1.4767e-06,0,0,0,0.60318,999,999,999,0.47889,0.3575,0.17391,0.93453,0.13839,3.6654e-07,9999,0,1,654.3,4.1016,0.12218,0,0,0,0,0,0,0,0,1,999,999,999,0,0,0,0,0,10,0.10624,1.4767e-06,9999,1,0,4.5898,0.17391,0.52696,0.98722,-0.76511,6,0.0012726,0.52696,-1,0.98722,0.87527,-1,-2.373e-05,-0.76122,0,0,0,0,0,0,0,0
0,0,0,0,0.9878,0.19347,-0.12483,1,0.55361,0.29561,-0.58964,-1,0.0020262,-7.837e-06,-2.4952e-06,0,0,0,1.0847,999,999,999,1.1234,0.37426,0.28638,0,0,0,0,0,0,0,0,0,0,0,0,0,0,0,0,0,0,0,0,0,0,0,0,0,0,0,0,0,0,0,0,0,0,0,0,0,0,0.016245,0.9878,1,0.96109,0,0,0,0,0,0,0,0,0,0,0,0
0,0,0,0,1.3313,0.10709,-0.9599,-1,0.62821,0,-0.66464,1,-0.98464,-0.055464,0.00012253,0,0,0,1.5694,-1.3313,0.85901,-0.0045199,0.73618,1.7319,0.72075,0.091135,0.083982,1.2296e-06,9999,1,1,0,7.4219,0.11588,0,0,0,0,0,0,0,0,1,999,999,999,0,0,0,0,0,10,0.24583,5.1421e-07,9999,-1,634.77,5.4688,0.20662,0.62821,0.97098,-0.57694,-0,0.021069,1.3313,-1,0.85901,0.78645,-1,-0.98464,-0.5234,0,0,0,0,0,0,0,0
0,0,0,0,0,0,0,0,0.49459,0.1898,0.33368,1,0.00040124,-3.1226e-06,0,1,0,0,0.51809,999,999,999,0.78056,0.42217,0,0,0,0,0,0,0,0,0,0,0,0,0,0,0,0,0,0,0,0,0,0,0,0,0,0,0,0,0,0,0,0,0,0,0,0,0,0,0,0,0,0,0,0,0,0,0,0,0,0,0,0,0,0,1
0,0,0,0,0,0,0,0,1.2174,1.2782,-0.31181,-1,-0.0006101,0.00050557,0.00016161,0,0,0,1.4829,999,999,999,0.90567,0.70162,0.74613,0,0,0,0,0,0,0,0,0,0,0,0,0,0,0,0,0,0,0,0,0,0,0,0,0,0,0,0,0,0,0,0,0,0,0,0,0,0,0.0023111,1.2174,-1,0.95737,0,0,0,0,0,0,0,0,0,0,0,0
1.508,0,-0.8122,-1,0,0,0,0,0.56194,0,-0.0059418,1,0.98797,-5.9885e-05,0,0,0,0,1.5855,999,999,999,0.69286,1.8103,0,0,0,0,0,0,0,0,0,0,0,0,0,0,0,0,0,0,0,0,0,0,0,0,0,0,0,0,0,0,0,0,0,0,0,0,0,0,0,6.0288e-05,1.508,-1,0.98932,0,0,0,0,0,0,0,0,0,0,0,0
1.4464,0,-0.43366,1,0,0,0,0,0.77969,0.19333,0.31331,-1,0.0014388,-0.00012973,1.2808e-06,2,1,0.50457,1.6154,999,999,999,1.4823,0.86544,0.050284,0.72557,0.13378,3.4313e-07,9999,1,-1,1601.6,12.012,0.10073,0,0,0,0,0,0,0,0,1,1.4464,0.86815,-0.49965,0,0,0,0,0,10,0.12127,1.2199e-06,9999,-1,0,27.344,0.076012,1.4464,0.86815,-0.23909,-21,0.0044154,1.4464,1,0.86815,0.87324,1,1.2808e-06,0.4221,0,0,0,0,0,0,0,1
0,0,0,0,0.79332,0.4523,-0.22378,1,0.5551,0.65123,-0.86491,1,0.99195,-0.87285,9.7835e-05,0,0,0,0.97913,0.79332,-0.71339,-0.026473,0.66646,0.67697,0.78888,0,0,0,0,0,0,0,0,0,0,0,0,0,0,0,0,0,0,0,0,0,0,0,0,0,0,0,0,0,0,0,0,0,0,0,0,0,0,0.015835,0.79332,1,0.71339,0,0,0,0,0,0,0,0,0,0,0,0
0,0,0,0,0,0,0,0,1.086,1.3859,0.24352,1,0.99094,0.04364,-0.00074321,0,0,0,1.2875,999,999,999,0.6857,1.5649,0.56162,0.51223,0.17417,5.0744e-07,9999,1,1,712.89,5.2734,0.20389,0,0,0,0,0,0,0,0,1,0.80575,0.80468,-0.079913,0,0,0,0,0,10,0.24664,4.4296e-07,9999,-1,537.11,4.0039,0.17362,1.086,0.97314,-0.7657,-0,0.0023976,1.086,1,0.97314,-0.64339,1,0.99094,0.0062873,0,0,0,0,0,0,0,1
0,0,0,0,0,0,0,0,1.1614,0,0.89968,-1,-0.20587,-0.19718,0.060899,1,0,0,1.531,999,999,999,0.55235,0.56239,0.88989,0,0,0,0,0,0,0,0,0,0,0,0,0,0,0,0,0,0,0,0,0,0,0,0,0,0,0,0,0,0,0,0,0,0,0,0,0,0,0.0081782,1.1614,-1,0.90655,0,0,0,0,0,0,0,0,0,0,0,0
0,0,0,0,0,0,0,0,0.65126,0.58006,-0.019062,-1,-0.97084,6.4542e-06,-4.8102e-06,0,0,0,0.68652,999,999,999,0.50156,0.35872,0.3359,0.52197,0.17755,8.7464e-07,9999,1,-1,498.05,4.248,0.29368,0,0,0,0,0,0,0,0,1,999,999,999,0,0,0,0,0,0,0,0,0,0,0,0,0,0,0,0,0,0.012618,0.65126,-1,0.84996,0.50311,1,6.4542e-06,0.028161,0,0,0,0,0,0,0,0
0,0,0,0,0,0,0,0,0.5846,0.74667,0.1121,1,0.00013928,-6.6298e-07,4.9683e-07,0,0,0,0.57001,999,999,999,0.83014,0.25284,0.19947,0.74907,0.18926,6.6298e-07,9999,1,-1,541.99,5.5176,0.25284,0,0,0,0,0,0,0,0,1,0.5846,0.81234,-0.22827,0,0,0,0,0,10,0.18926,6.6298e-07,9999,-1,541.99,5.5176,0.25284,0.5846,0.81234,-0.22827,-8,0.02373,0.5846,1,0.81234,-0.22827,1,0.00013928,0.054682,0,0,0,0,0,0,0,1
0,0,0,0,0,0,0,0,0.85425,0.26727,-0.89329,-1,-0.1072,-0.00022635,4.9209e-07,0,0,0,0.82637,999,999,999,1.1718,0.25786,0.19744,0.97619,0.14508,4.9209e-07,9999,1,1,620.12,5.1758,0.19744,0,0,0,0,0,0,0,0,1,999,999,999,0,0,0,0,0,0,0,0,0,0,0,0,0,0,0,0,0,0.0016945,0.85425,-1,0.92809,0.93736,-1,-0.1072,-0.85277,0,0,0,0,0,0,0,0
0,0,0,0,0,0,0,0,1.0564,0,-0.38172,-1,-0.077499,4.7e-07,3.786e-07,1,0,0,1.0786,999,999,999,1.1591,0.18738,0.13194,0.54624,0.17992,4.7e-07,9999,1,1,634.77,6.3477,0.18738,0,0,0,0,0,0,0,0,1,1.0564,0.89828,-0.34343,0,0,0,0,0,10,0.17992,4.7e-07,9999,1,634.77,6.3477,0.18738,1.0564,0.89828,-0.34343,5,0.0091579,1.0564,-1,0.89828,0.29425,-1,-0.077499,-0.00028003,0,0,0,0,0,0,0,0
0,0,0,0,2.0009,0.35797,-0.98454,-1,0.32964,1.8609,-0.52522,-1,-0.006593,-0.00025274,1.7077e-05,1,0,0,1.633,999,999,999,1.5515,0.73335,0.44365,0.79011,0.057835,3.5383e-07,9999,0,1,187.99,5.957,0.11099,1,0,-2.0356,-2.4174,-7.1515,0.25546,0.14734,1.1254,1,2.0009,0.96889,-0.62869,0,0,0,0,0,10,0.057835,3.5383e-07,9999,1,187.99,5.957,0.11099,2.0009,0.96889,-0.62869,2,0.0025253,2.0009,-1,0.96889,0.81049,-1,-0.00025274,-0.75897,0,0,0,0,0,0,0,0
1.6881,1.1449,-0.23841,-1,0,0,0,0,0.93699,1.9231,0.039202,1,0.0058263,0.00071704,-4.9424e-05,2,0,0,1.9678,999,999,999,0.99058,0.33049,2.0688,0.6955,0.20521,8.7474e-07,9999,1,1,507.81,3.0273,0.2937,0,0,0,0,0,0,0,0,1,1.6881,0.9857,-0.60032,0,0,0,0,0,10,0.20521,8.7474e-07,9999,1,507.81,3.0273,0.2937,1.6881,0.9857,-0.60032,6,0.00516,1.6881,-1,0.9857,0.37598,-1,-2.7321e-05,-0.0098046,0,0,0,0,0,0,0,1
0.61362,0,0.32552,-1,0,0,0,0,0.20127,0.61362,-0.43941,1,-0.00019868,-2.0458e-06,-6.6733e-07,0,0,0,0.68271,999,999,999,0.6112,0.27138,0.2539,0.83441,0.17785,6.6733e-07,9999,1,-1,454.1,4.2969,0.2539,0,0,0,0,0,0,0,0,1,999,999,999,0,0,0,0,0,0,0,0,0,0,0,0,0,0,0,0,0,0.0039107,0.61362,-1,0.87665,0.67131,-1,-0.00019868,-0.0017046,0.61362,0,0.32552,-1,2,0.0039107,0.87665,1
0.76781,0,-0.51916,-1,0,0,0,0,0.60711,0.19266,-0.90019,1,-0.00796,0.0035738,-2.2357e-05,2,1,0.49923,1.032,-0.64227,-0.7669,-0.62608,1.1122,0.62942,0.4719,0.66069,0.22023,2.354e-06,9999,0,1,502.93,4.0527,0.282,0,1,0,0,0,0,0,0,1,0.64227,0.7669,-0.025359,0,0,0,0,0,10,0.22023,2.354e-06,9999,1,502.93,4.0527,0.282,0.64227,0.7669,-0.025359,9,0.010598,0.76781,-1,0.98024,0.79538,-1,-0.00796,-0.0019798,0.76781,0,-0.51916,-1,1,0.010598,0.98024,0
0,0,0,0,0,0,0,0,0.74568,0.36586,-0.84372,1,0.99951,-0.0069453,0.00017973,1,0,0,1.3659,0.74568,0.93414,-0.71093,0.42419,1.047,0.78417,0.98378,0.13274,1.6777e-06,9999,0,-1,0,4.5898,0.19704,0,0,0,0,0,0,0,0,1,999,999,999,0,0,0,0,0,10,0.09603,3.4913e-07,9999,-1,1347.7,12.402,0.10658,0.74568,0.93414,-0.85505,-0,0.0060474,1.0772,-1,0.9723,0.97201,1,0.99951,0.87325,0,0,0,0,0,0,0,1
0,0,0,0,0,0,0,0,0.5201,1.2695,-0.82146,-1,-6.8761e-05,2.5698e-05,6.2313e-06,2,0,0,0.86225,999,999,999,0.63553,0.48184,0.35595,0.96248,0.12776,4.4219e-07,9999,0,1,761.72,5.3711,0.1732,0,0,0,0,0,0,0,0,1,0.5201,0.95815,-0.84611,0,0,0,0,0,10,0.12776,4.4219e-07,9999,1,761.72,5.3711,0.1732,0.5201,0.95815,-0.84611,4,0.0052243,0.5201,-1,0.95815,0.53401,-1,-1.3151e-06,-0.83737,0,0,0,0,0,0,0,0
0,0,0,0,0,0,0,0,0.50742,0.20899,-0.45203,-1,-4.8186e-05,-5.3552e-06,4.2079e-06,0,0,0,0.72436,-0.50742,-0.63798,-0.19836,0.58317,0.34415,0.32571,0,0,0,0,0,0,0,0,0,0,0,0,0,0,0,0,0,0,0,0,0,0,0,0,0,0,0,0,0,0,0,0,0,0,0,0,0,0,0.027677,0.50742,-1,0.63798,0,0,0,0,0,0,0,0,0,0,0,1
1.4513,0.073304,-0.31727,1,0,0,0,0,0.67882,1.2524,-0.77519,-1,7.4529e-05,-1.5385e-05,0,0,0,0,1.3414,999,999,999,2.0025,0.43343,0,0,0,0,0,0,0,0,0,0,0,0,0,0,0,0,0,0,0,0,0,0,0,0,0,0,0,0,0,0,0,0,0,0,0,0,0,0,0,0.019399,1.4513,1,0.98266,0,0,0,0,0,0,0,0,0,0,0,1
0.28143,0.92084,0.79249,1,0,0,0,0,0.39754,0.65324,0.6645,1,-0.99999,0.99999,-0.78509,0,0,0,1.1274,999,999,999,0.21704,0.23694,1.0065,0,0,0,0,0,0,0,0,0,0,0,0,0,0,0,0,0,0,0,0,0,0,0,0,0,0,0,0,0,0,0,0,0,0,0,0,0,0,0.0054022,0.92283,-1,0.57826,0,0,0,0,0.28143,0.92084,0.79249,1,1,0.052263,0.40197,0
0,0,0,0,0,0,0,0,0.61735,1.1847,-0.95559,1,-9.5056e-05,1.1445e-05,-8.3351e-07,0,0,0,0.72783,999,999,999,0.66176,0.40624,0.28713,0.59135,0.17075,8.3351e-07,9999,1,-1,664.06,3.1738,0.28713,0,0,0,0,0,0,0,0,1,0.61735,0.80685,-0.79613,0,0,0,0,0,10,0.17075,8.3351e-07,9999,-1,664.06,3.1738,0.28713,0.61735,0.80685,-0.79613,-0,0.0044519,0.61735,1,0.80685,-0.39109,-1,-9.5056e-05,-0.0022089,0,0,0,0,0,0,0,1
0,0,0,0,0,0,0,0,1.159,0.92211,-0.45211,1,0.069746,0.042625,-0.036889,0,0,0,1.317,1.159,-0.83621,-0.85118,1.1271,0.80636,1.6128,0.12741,0.10215,3.5574e-07,9999,1,1,1445.3,11.914,0.11274,0,0,0,0,0,0,0,0,1,1.0683,0.77114,-0.45142,0,0,0,0,0,10,0.10215,3.5574e-07,9999,1,1445.3,11.914,0.11274,1.0683,0.77114,-0.45142,4,0.007291,1.159,1,0.83621,0.20618,-1,-2.6486e-06,-0.39181,0,0,0,0,0,0,0,1
0,0,0,0,0,0,0,0,1.8702,0.59619,-0.35887,1,0.029474,-0.01604,0,0,0,0,2.0438,999,999,999,2.1087,1.1663,0,0,0,0,0,0,0,0,0,0,0,0,0,0,0,0,0,0,0,0,0,0,0,0,0,0,0,0,0,0,0,0,0,0,0,0,0,0,0,0.0060712,1.8702,1,0.98294,0,0,0,0,0,0,0,0,0,0,0,1
0,0,0,0,1.8495,0,-1,1,0,0,0,0,0.047229,0.014629,-0.00040142,3,0,0,1.8311,1.8495,1,-0.8815,0.6541,1.4864,0.3375,0,0,0,0,0,0,0,0,0,0,0,0,0,0,0,0,0,0,0,0,0,0,0,0,0,0,0,0,0,0,0,0,0,0,0,0,0,0,0.001208,1.8495,1,1,0,0,0,0,0,0,0,0,0,0,0,1
0,0,0,0,0,0,0,0,0.85933,1.097,0.31758,-1,-0.9998,0.00077984,-0.00014613,0,0,0,1.1569,-0.85933,-0.91353,-0.39782,0.32449,0.74255,0.83569,0,0,0,0,0,0,0,0,0,0,0,0,0,0,0,0,0,0,0,0,0,0,0,0,0,0,0,0,0,0,0,0,0,0,0,0,0,0,0.0063198,0.85933,-1,0.91353,0,0,0,0,0,0,0,0,0,0,0,1
1.5371,0,-0.33804,-1,0,0,0,0,0.73585,0.53701,-0.053282,1,0.00083176,-0.00013222,0,0,0,0,1.6454,999,999,999,0.71987,1.561,0,0,0,0,0,0,0,0,0,0,0,0,0,0,0,0,0,0,0,0,0,0,0,0,0,0,0,0,0,0,0,0,0,0,0,0,0,0,0,0.00091278,1.5371,-1,0.94665,0,0,0,0,0,0,0,0,0,0,0,0
0,0,0,0,0,0,0,0,1.8968,0.37083,-0.88773,1,0.0018743,-0.0014389,1.8865e-05,0,0,0,1.2078,999,999,999,1.2763,0.66467,0.4538,0,0,0,0,0,0,0,0,0,0,0,0,0,0,0,0,0,0,0,0,0,0,0,0,0,0,0,0,0,0,0,0,0,0,0,0,0,0,0.0021201,1.8968,1,0.93168,0,0,0,0,0,0,0,0,0,0,0,1
0,0,0,0,1.6084,0,-0.98433,1,0.21168,0,-0.3998,-1,0.060839,-8.2171e-07,0,0,0,0,1.524,999,999,999,1.5404,0.28514,0,0.39979,0.21168,8.2171e-07,9999,1,-1,620.12,3.1738,0.28514,0,0,0,0,0,0,0,0,1,999,999,999,0,0,0,0,0,0,0,0,0,0,0,0,0,0,0,0,0,0.005255,1.6084,1,0.98433,0.23222,1,0.060839,0.0012168,0,0,0,0,0,0,0,1
0,0,0,0,0,0,0,0,0.11827,0.68486,-0.83381,1,-0.99162,0.00013257,4.9946e-07,0,0,0,0.90104,999,999,999,0.49467,1.0279,0.20059,0.69808,0.11827,4.9946e-07,9999,1,1,644.53,5.5176,0.20059,0,0,0,0,0,0,0,0,1,999,999,999,0,0,0,0,0,0,0,0,0,0,0,0,0,0,0,0,0,0.013974,0.79058,1,0.92856,-0.88785,-1,-0.99162,-0.50914,0,0,0,0,0,0,0,0
0,0,0,0,0,0,0,0,0.4557,0.38659,-0.083294,-1,-3.1572e-05,1.1078e-05,-1.4157e-06,0,0,0,0.53296,999,999,999,0.51316,0.51365,0.35035,0.86921,0.22171,1.4157e-06,9999,1,-1,537.11,4.1992,0.35035,0,0,0,0,0,0,0,0,1,999,999,999,0,0,0,0,0,0,0,0,0,0,0,0,0,0,0,0,0,0,0,0,0,-0.040667,1,1.1078e-05,0.030095,0,0,0,0,0,0,0,0
0,0,0,0,0,0,0,0,1.3233,0.051349,-0.69878,1,-0.97116,0.96521,-0.46967,0,0,0,1.7074,999,999,999,0.74921,1.5483,0.94026,0.4456,0.20631,3.662e-07,9999,1,1,1230.5,8.3984,0.1219,0,0,0,0,0,0,0,0,1,0.60885,0.53079,-0.49527,0,0,0,0,0,10,0.20631,3.662e-07,9999,1,1230.5,8.3984,0.1219,0.60885,0.53079,-0.49527,0,0.0029818,1.3233,1,0.93614,-0.49527,-1,-0.97116,-0.0022224,0,0,0,0,0,0,0,0
0,0,0,0,0,0,0,0,1.3639,1.0201,-0.85719,1,0.96838,-0.96229,-8.1209e-05,2,0,0,1.7005,999,999,999,1.5871,0.84687,0.66159,0.73106,0.095723,3.4199e-07,9999,0,1,1386.7,13.672,0.099584,0,0,0,0,0,0,0,0,1,0.70429,0.78783,-0.15737,0,0,0,0,0,10,0.095723,3.4199e-07,9999,1,1386.7,13.672,0.099584,0.70429,0.78783,-0.15737,0,0.00088866,1.3639,1,0.95492,0.4559,-1,-0.96229,-0.65718,0,0,0,0,0,0,0,1
0,0,0,0,0,0,0,0,0.81553,1.6198,-0.63292,1,-0.99781,0.20804,-0.00012679,0,0,0,1.3898,-0.78711,-0.927,-0.72578,0.52482,1.3089,0.91519,0.99266,0.23391,5.2915e-07,9999,0,-1,561.52,4.1992,0.21238,0,0,0,0,0,0,0,0,1,0.81553,0.78015,-0.83894,0,0,0,0,0,10,0.19441,3.7498e-07,9999,1,976.56,9.4727,0.12909,0.78711,0.927,-0.401,6,0.0029108,0.78711,-1,0.927,0.34484,-1,-0.99781,-0.0039407,0,0,0,0,0,0,0,0
0,0,0,0,0,0,0,0,0.88854,0.45123,0.10664,-1,-0.027514,2.6881e-05,-1.5124e-05,3,2,0.50166,0.83609,999,999,999,1.2708,0.49372,0.43178,0.56969,0.087214,1.2215e-06,9999,0,-1,0,19.922,0.074819,0,1,0,0,0,0,0,0,1,999,999,999,0,0,0,0,0,0,0,0,0,0,0,0,0,0,0,0,0,0.0007129,0.88854,-1,0.91069,0.36982,1,2.6881e-05,0.62727,0,0,0,0,0,0,0,0
0,0,0,0,0,0,0,0,1.2484,0.79405,-0.92593,1,0.012634,0.0092239,-9.975e-07,0,0,0,1.2848,999,999,999,1.6446,0.99812,0.31062,0,0,0,0,0,0,0,0,0,0,0,0,0,0,0,0,0,0,0,0,0,0,0,0,0,0,0,0,0,0,0,0,0,0,0,0,0,0,4.5673e-06,1.2484,1,0.79816,0,0,0,0,0,0,0,0,0,0,0,1
1.6618,0.060289,-0.86316,-1,0,0,0,0,0.28758,1.2029,0.080387,-1,-0.00043654,-3.2547e-05,1.5181e-05,0,0,0,1.6689,999,999,999,1.6479,0.44852,0.43215,0,0,0,0,0,0,0,0,0,0,0,0,0,0,0,0,0,0,0,0,0,0,0,0,0,0,0,0,0,0,0,0,0,0,0,0,0,0,0.011836,1.6618,-1,0.99169,0,0,0,0,0,0,0,0,0,0,0,0
0,0,0,0,1.3033,0,0.055047,-1,0.75236,0.051894,-0.43578,-1,0.40318,-0.086031,-0.04086,0,0,0,1.506,999,999,999,1.2492,1.1016,1.3369,0,0,0,0,0,0,0,0,0,0,0,0,0,0,0,0,0,0,0,0,0,0,0,0,0,0,0,0,0,0,0,0,0,0,0,0,0,0,0.0075491,1.3033,-1,0.91625,0,0,0,0,0,0,0,0,0,0,0,0
0,0,0,0,0,0,0,0,1.686,0.77003,-0.96261,-1,-0.97566,0.056994,-0.043984,1,0,0,1.7708,-1.686,-0.97521,-0.92812,0.90599,0.86322,1.5002,0.16272,0.16344,3.7088e-07,9999,1,1,996.09,7.9102,0.12578,0,0,0,0,0,0,0,0,1,0.71342,0.91422,-0.19749,0,0,0,0,0,10,0.16344,3.7088e-07,9999,1,996.09,7.9102,0.12578,0.71342,0.91422,-0.19749,5,0.001665,1.686,-1,0.97521,-0.19749,-1,-0.97566,-0.021503,0,0,0,0,0,0,0,0
0,0,0,0,0,0,0,0,0.95685,0.84994,-0.20703,1,0.0018677,-0.00064368,-0.00012143,0,0,0,1.2086,0.51313,-0.67099,-0.27578,1.0982,0.45315,0.76029,0.31198,0.23699,6.5515e-06,9999,1,1,483.4,2.9053,0.3599,0,0,0,0,0,0,0,0,1,999,999,999,0,0,0,0,0,0,0,0,0,0,0,0,0,0,0,0,0,0.0096936,0.95685,1,0.8763,0.71673,-1,-0.00064368,-0.0001613,0,0,0,0,0,0,0,0
0.31405,2.0221,-0.3804,1,0,0,0,0,0.99557,1.3981,-0.28899,-1,0.99146,-0.96634,0.045158,0,0,0,1.4558,0.85566,-0.68955,-0.9267,0.57652,1.1856,0.96927,0.98232,0.11274,1.3224e-06,9999,1,-1,0,5.6152,0.14679,0,0,0,0,0,0,0,0,1,0.85566,0.68955,-0.69248,0,0,0,0,0,10,0.11274,1.3224e-06,9999,-1,0,5.6152,0.14679,0.85566,0.68955,-0.69248,-2,0.00080619,0.99557,-1,0.99208,0.82053,1,0.99146,0.87872,0.31405,2.0221,-0.3804,1,1,0.0069432,0.79503,1
1.3607,0.11073,-0.96287,-1,0,0,0,0,0.44154,0.071321,0.63287,1,0.99929,-0.018223,0,0,0,0,1.3866,999,999,999,0.44562,1.401,0,0,0,0,0,0,0,0,0,0,0,0,0,0,0,0,0,0,0,0,0,0,0,0,0,0,0,0,0,0,0,0,0,0,0,0,0,0,0,0.003654,1.3607,-1,0.98995,0,0,0,0,0,0,0,0,0,0,0,1
1.5371,0.48558,-0.4951,-1,0.67519,0.91037,0.13546,1,0.55883,0.84811,0.043868,1,0.96829,0.017374,-0.012068,1,0,0,1.5941,999,999,999,0.65754,0.79472,1.327,0,0,0,0,0,0,0,0,0,0,0,0,0,0,0,0,0,0,0,0,0,0,0,0,0,0,0,0,0,0,0,0,0,0,0,0,0,0,0.016959,1.5371,-1,0.90394,0,0,0,0,0,0,0,0,0,0,0,1
0,0,0,0,0,0,0,0,0.51141,1.2621,-0.90496,-1,-0.14328,0.0001745,-8.2151e-05,4,2,0.49789,0.90166,-0.64295,-0.85076,-0.73333,1.2245,0.16545,0.63416,0,0,0,0,0,0,0,0,0,0,0,0,0,0,0,0,0,0,0,0,0,0,0,0,0,0,0,0,0,0,0,0,0,0,0,0,0,0,0.0057314,0.76532,-1,0.97756,0,0,0,0,0,0,0,0,0,0,0,0
0.45841,0.93883,0.54326,-1,0,0,0,0,1.4679,0,-0.8584,1,-0.42588,-0.21595,0.099005,0,0,0,1.6012,999,999,999,0.73138,0.72011,1.4401,0.97501,0.1825,5.8e-07,9999,0,1,566.41,3.6621,0.22982,0,0,0,0,0,0,0,0,1,0.59816,0.88147,-0.93948,0,0,0,0,0,10,0.1825,5.8e-07,9999,1,566.41,3.6621,0.22982,0.59816,0.88147,-0.93948,6,0.0083315,1.4679,1,0.9998,-0.93948,-1,-0.42588,-0.74955,0.45841,0.93883,0.54326,-1,1,0.019831,0.82893,0
1.0245,0.75108,0.66709,-1,0,0,0,0,0.47425,0.24611,-0.63255,1,-0.11157,0.072433,1.7462e-05,0,0,0,1.5224,999,999,999,1.3563,1.1732,0.44589,0.53248,0.15523,5.8685e-07,9999,1,-1,620.12,4.7363,0.23195,0,0,0,0,0,0,0,0,1,999,999,999,0,0,0,0,0,0,0,0,0,0,0,0,0,0,0,0,0,0.013691,1.0844,1,0.99956,0.52343,1,0.072433,0.10757,0,0,0,0,0,0,0,1
0,0,0,0,0,0,0,0,0.63629,0.63269,0.59953,-1,-0.0038219,3.5875e-05,-1.6279e-05,1,1,0.49852,0.76916,999,999,999,0.86279,0.42875,0.43892,0.98362,0.23269,2.5369e-06,9999,1,1,483.4,4.1992,0.28763,0,0,0,0,0,0,0,0,1,999,999,999,0,0,0,0,0,0,0,0,0,0,0,0,0,0,0,0,0,0.015799,0.63629,-1,0.45494,0.39599,-1,-0.0038219,-0.25234,0,0,0,0,0,0,0,0
1.282,0.39199,0.19975,1,0,0,0,0,1.3921,1.317,-0.88764,1,0.96408,0.29142,-6.4979e-05,1,0,0,1.7576,1.282,-0.83927,-0.6028,1.4706,0.98456,0.65578,0.97757,0.094052,4.0689e-07,9999,0,-1,1113.3,7.0312,0.15213,0,0,0,0,0,0,0,0,1,1.282,0.83927,-0.84329,0,0,0,0,0,10,0.094052,4.0689e-07,9999,-1,1113.3,7.0312,0.15213,1.282,0.83927,-0.84329,-2,0.0056366,1.3921,1,0.91533,-0.84329,1,0.29142,0.86964,0,0,0,0,0,0,0,1
0,0,0,0,0,0,0,0,1.5973,1.1783,-0.9845,-1,-0.99818,-0.00035906,0.00017531,1,0,0,1.4143,999,999,999,0.47904,2.3368,0.13905,0.99358,0.14154,0.00017531,9999,0,1,996.09,0,0.13905,0,0,0,0,0,0,0,0,1,1.5973,0.98403,-0.95791,0,0,0,0,0,10,0.14154,0.00017531,9999,1,996.09,0,0.13905,1.5973,0.98403,-0.95791,2,0.0016752,1.5973,-1,0.98403,-0.64478,-1,-0.99818,-0.89299,0,0,0,0,0,0,0,0
0,0,0,0,0,0,0,0,0.66588,0.8929,-0.84029,1,0.99928,0,0,0,0,0,0.4324,999,999,999,0.4469,0,0,0,0,0,0,0,0,0,0,0,0,0,0,0,0,0,0,0,0,0,0,0,0,0,0,0,0,0,0,0,0,0,0,0,0,0,0,0,0,0.01128,0.66588,1,0.98936,0,0,0,0,0,0,0,0,0,0,0,0
0,0,0,0,0,0,0,0,1.0035,0.046104,-0.89851,-1,-0.0020028,0,0,0,0,0,0.92709,999,999,999,0.93836,0,0,0,0,0,0,0,0,0,0,0,0,0,0,0,0,0,0,0,0,0,0,0,0,0,0,0,0,0,0,0,0,0,0,0,0,0,0,0,0,0.0095466,1.0035,-1,0.96466,0,0,0,0,0,0,0,0,0,0,0,0
0,0,0,0,0,0,0,0,1.0282,0.66944,0.7897,-1,-0.97004,-0.96455,0.95687,4,0,0,1.4218,-1.0282,-0.96898,-0.92769,0.84682,1.1492,0.92874,0.97873,0.15425,4.4731e-07,9999,1,1,581.05,6.1035,0.17596,1,0,-0.84397,1.0363,-1.4418,0.10665,0.068021,0.048202,1,0.57053,0.92941,-0.94654,0,0,0,0,0,10,0.070399,1.2705e-06,9999,1,0,3.6133,0.13279,1.0282,0.96898,-0.87024,0,0.0098188,1.0282,-1,0.96898,0.99799,-1,-0.96455,-0.84768,0,0,0,0,0,0,0,0
0,0,0,0,0,0,0,0,0.8911,1.6574,-0.76615,-1,-0.9613,-0.92336,6.2881e-05,0,0,0,1.3636,-0.54951,-0.79708,-0.95301,1.0129,0.80913,0.64727,0.82901,0.085741,4.1934e-07,9999,1,1,1425.8,5.0293,0.16002,0,0,0,0,0,0,0,0,1,0.54951,0.79708,-0.91734,0,0,0,0,0,10,0.085741,4.1934e-07,9999,1,1425.8,5.0293,0.16002,0.54951,0.79708,-0.91734,6,0.019882,0.8911,-1,0.67806,0.95626,-1,-0.9613,-0.7238,0,0,0,0,0,0,0,0
0,0,0,0,0,0,0,0,1.0685,0.88884,-0.9891,-1,-0.043131,-0.00012485,0.00011078,1,0,0,1.272,-0.69689,0.99047,-0.93966,1.1087,0.92096,0.66331,0.81481,0.088722,1.4822e-06,9999,0,1,0,6.3477,0.17468,0,0,0,0,0,0,0,0,1,1.0685,0.96463,-0.6349,0,0,0,0,0,10,0.088722,1.4822e-06,9999,1,0,6.3477,0.17468,1.0685,0.96463,-0.6349,0,0.015022,1.0685,-1,0.96463,0.83055,-1,-0.00012485,-0.71185,0,0,0,0,0,0,0,0
0,0,0,0,0,0,0,0,0.94288,1.6158,0.22679,1,0.00030638,-1.9778e-05,9.8186e-06,1,0,0,1.1774,0.52094,0.36407,-0.65606,1.0333,0.45876,0.39298,0.45959,0.12203,3.9461e-07,9999,1,-1,869.14,7.9102,0.14378,0,0,0,0,0,0,0,0,1,999,999,999,0,0,0,0,0,10,0.16354,3.7391e-07,9999,-1,742.19,3.6133,0.12824,0.94288,0.80145,-0.17711,-21,0.015599,0.94288,1,0.80145,0.80589,1,1.2401e-06,0.31127,0,0,0,0,0,0,0,1
0,0,0,0,0,0,0,0,1.8538,0.39303,0.64717,-1,-0.93487,-0.06357,0.011287,0,0,0,2.2387,-1.8538,-0.99667,-0.89147,1.1616,1.995,0.80848,0,0,0,0,0,0,0,0,0,0,0,0,0,0,0,0,0,0,0,0,0,0,0,0,0,0,0,0,0,0,0,0,0,0,0,0,0,0,0.014292,1.8538,-1,0.99667,0,0,0,0,0,0,0,0,0,0,0,0
0,0,0,0,0,0,0,0,0.6713,1.5502,-0.73064,-1,0.99504,-0.0071838,0.00013383,1,0,0,0.82321,999,999,999,0.47274,0.87308,0.64283,0.95214,0.12027,3.8461e-07,9999,0,-1,673.83,6.4453,0.13652,0,0,0,0,0,0,0,0,1,999,999,999,0,0,0,0,0,0,0,0,0,0,0,0,0,0,0,0,0,0.028425,0.73502,-1,0.73703,0.82042,1,0.99504,0.82213,0,0,0,0,0,0,0,1
0,0,0,0,0,0,0,0,1.5875,0.65412,-0.93535,1,0.00077107,-0.00036035,0.0001105,1,0,0,2.0424,0.63091,-0.87758,-0.81097,1.9555,0.97588,0.76616,0,0,0,0,0,0,0,0,0,0,0,0,0,0,0,0,0,0,0,0,0,0,0,0,0,0,0,0,0,0,0,0,0,0,0,0,0,0,0.0068026,1.5875,1,0.9922,0,0,0,0,0,0,0,0,0,0,0,0
0,0,0,0,0,0,0,0,0.62055,1.0732,0.94799,-1,0.7929,-0.0011535,5.1663e-05,0,0,0,1.1086,999,999,999,0.85166,0.81638,0.58856,0.85969,0.13437,3.95e-07,9999,1,1,673.83,6.6406,0.14406,0,0,0,0,0,0,0,0,1,0.62055,0.96785,-0.707,0,0,0,0,0,10,0.13437,3.95e-07,9999,1,673.83,6.6406,0.14406,0.62055,0.96785,-0.707,0,0.02036,0.51533,-1,0.54953,0.79193,-1,-1.2557e-05,-0.61602,0,0,0,0,0,0,0,1
0,0,0,0,0,0,0,0,0.43238,0.063716,-0.082777,1,0.99887,0.97553,-7.606e-05,2,2,0.49844,0.92429,999,999,999,0.47591,0.60899,0.71554,0,0,0,0,0,0,0,0,0,0,0,0,0,0,0,0,0,0,0,0,0,0,0,0,0,0,0,0,0,0,0,0,0,0,0,0,0,0,0.021226,0.79734,-1,0.74623,0,0,0,0,0,0,0,0,0,0,0,1
0,0,0,0,0,0,0,0,0.19043,0.57284,-0.96215,1,-0.98211,-0.0066765,-0.00024333,1,0,0,0.87932,-0.54315,-0.76293,-0.66949,0.69493,0.6046,0.82953,0.25983,0.19043,6.7766e-07,9999,1,1,561.52,4.3945,0.25637,0,0,0,0,0,0,0,0,1,999,999,999,0,0,0,0,0,0,0,0,0,0,0,0,0,0,0,0,0,0.0090064,0.72065,-1,0.88114,0.16258,-1,-0.98211,-0.0039449,0,0,0,0,0,0,0,0
0,0,0,0,0,0,0,0,0.32881,1.7906,-0.96238,1,-0.99983,0.99813,0.97575,3,1,0.49716,0.82747,999,999,999,0.36869,0.51192,0.49465,0,0,0,0,0,0,0,0,0,0,0,0,0,0,0,0,0,0,0,0,0,0,0,0,0,0,0,0,0,0,0,0,0,0,0,0,0,0,0,0,0,0,0,0,0,0,0,0,0,0,0,0,0,0
0,0,0,0,0,0,0,0,1.0093,1.2819,0.39066,-1,0.97337,-0.48117,0.0021043,2,0,0,1.2862,999,999,999,0.7491,0.73267,0.96359,0.27471,0.18889,4.0943e-07,9999,1,-1,634.77,5.957,0.15378,0,0,0,0,0,0,0,0,1,999,999,999,0,0,0,0,0,0,0,0,0,0,0,0,0,0,0,0,0,0.0065791,1.0093,-1,0.92128,-0.54622,1,0.97337,0.0047752,0,0,0,0,0,0,0,1
0,0,0,0,0,0,0,0,0.67669,1.9731,-0.94031,-1,-0.00025727,3.9687e-06,2.3354e-06,0,0,0,0.86135,999,999,999,0.82125,0.44099,0.39788,0.65958,0.13753,4.6997e-07,9999,1,-1,605.47,4.4434,0.18736,0,0,0,0,0,0,0,0,1,999,999,999,0,0,0,0,0,0,0,0,0,0,0,0,0,0,0,0,0,0.010415,0.67669,-1,0.72502,0.39343,1,3.9687e-06,0.31333,0,0,0,0,0,0,0,0
0,0,0,0,0,0,0,0,0.22916,1.7513,-0.88308,1,-0.99993,-3.7933e-05,3.336e-05,0,0,0,0.88935,999,999,999,0.3412,0.54161,0.52197,0.79876,0.22916,4.4599e-07,9999,1,1,703.12,6.1523,0.17525,0,0,0,0,0,0,0,0,1,999,999,999,0,0,0,0,0,0,0,0,0,0,0,0,0,0,0,0,0,0,0,0,0,0.56967,-1,-0.99993,-0.0044342,0,0,0,0,0,0,0,0
0,0,0,0,0,0,0,0,0.42665,0.42115,-0.2186,-1,0.00021711,4.818e-05,-2.7949e-05,2,0,0,1.1059,0.66007,-0.9354,-0.96584,0.78341,0.58382,0.49866,0,0,0,0,0,0,0,0,0,0,0,0,0,0,0,0,0,0,0,0,0,0,0,0,0,0,0,0,0,0,0,0,0,0,0,0,0,0,0.0027571,0.66007,1,0.9354,0,0,0,0,0,0,0,0,0,0,0,0
0,0,0,0,0,0,0,0,0.84456,1.0317,-0.59143,-1,-0.059141,-0.015444,0.0011219,1,0,0,1.4195,-0.84456,-0.84645,-0.54131,0.99012,0.76414,0.42013,0.80629,0.18178,4.1757e-07,9999,0,-1,869.14,7.0312,0.15893,0,0,0,0,0,0,0,0,1,999,999,999,0,0,0,0,0,0,0,0,0,0,0,0,0,0,0,0,0,0.001287,0.84456,-1,0.84645,0.68944,1,0.0011219,0.15027,0,0,0,0,0,0,0,0
1.0926,0.24128,-0.63617,-1,0,0,0,0,0.10519,0.24128,-0.44429,1,-0.076942,4.238e-07,0,1,0,0,0.47352,999,999,999,0.69756,0.16534,0,0.96127,0.10519,4.238e-07,9999,0,1,1933.6,9.7656,0.16534,0,0,0,0,0,0,0,0,1,1.0926,0.568,-0.35171,0,0,0,0,0,10,0.10519,4.238e-07,9999,1,1933.6,9.7656,0.16534,1.0926,0.568,-0.35171,2,0.0024867,1.0926,-1,0.568,-0.35171,-1,-0.076942,-0.84414,0,0,0,0,0,0,0,0
0,0,0,0,0,0,0,0,0.93945,0.9469,-0.92364,1,0.99239,-0.96539,0.074896,2,0,0,1.3603,0.93945,-0.79983,-0.58963,0.49389,0.82079,1.1356,0.74692,0.10016,3.5203e-07,9999,0,-1,1543,13.086,0.10932,0,0,0,0,0,0,0,0,1,0.93945,0.79983,-0.96433,0,0,0,0,0,10,0.10016,3.5203e-07,9999,-1,1543,13.086,0.10932,0.93945,0.79983,-0.96433,-2,0.018334,0.93945,1,0.79983,0.51577,1,0.99239,0.64639,0,0,0,0,0,0,0,1
0,0,0,0,0,0,0,0,0.81752,0.50668,-0.61311,-1,-0.96474,0.00027464,-3.4767e-06,0,0,0,0.88002,999,999,999,0.87729,0.28982,0.3113,0.93952,0.17686,4.2732e-07,9999,1,1,683.59,5.7617,0.1648,0,0,0,0,0,0,0,0,1,0.81752,0.83794,-0.6018,0,0,0,0,0,10,0.17686,4.2732e-07,9999,1,683.59,5.7617,0.1648,0.81752,0.83794,-0.6018,0,0.021356,0.81752,-1,0.83794,-0.6018,-1,-0.96474,-0.61668,0,0,0,0,0,0,0,0
0,0,0,0,0,0,0,0,0.66559,0,-0.55543,1,-0.99279,0.30533,6.7161e-06,0,0,0,0.84997,999,999,999,0.44526,0.72562,0.36186,0.80238,0.080722,1.2138e-06,9999,1,-1,0,10.84,0.081775,0,0,0,0,0,0,0,0,1,0.66559,0.96989,-0.68158,0,0,0,0,0,10,0.080722,1.2138e-06,9999,-1,0,10.84,0.081775,0.66559,0.96989,-0.68158,-6,0.018683,0.66559,1,0.96989,-0.68158,1,0.30533,0.72363,0,0,0,0,0,0,0,1
0,0,0,0,0,0,0,0,0.36195,1.7573,-0.90654,-1,-0.21005,0.035604,0.00016835,0,0,0,0.83391,999,999,999,0.81445,0.8448,0.42259,0,0,0,0,0,0,0,0,0,0,0,0,0,0,0,0,0,0,0,0,0,0,0,0,0,0,0,0,0,0,0,0,0,0,0,0,0,0,0.0035748,0.50811,-1,0.72378,0,0,0,0,0,0,0,0,0,0,0,0
0,0,0,0,0,0,0,0,0.53766,0.77825,0.61369,1,-0.00093609,7.6896e-05,-1.6376e-05,1,0,0,0.89391,999,999,999,0.6656,0.80414,0.4395,0.41866,0.17399,3.3968e-07,9999,0,1,1328.1,14.258,0.097237,0,0,0,0,0,0,0,0,1,999,999,999,0,0,0,0,0,0,0,0,0,0,0,0,0,0,0,0,0,0.01929,0.53766,1,0.56418,0.36416,-1,-0.00093609,-0.026157,0,0,0,0,0,0,0,0
0.86168,0.79569,-0.95134,1,0,0,0,0,0.6387,1.6075,-0.91001,-1,0.044515,-0.00045591,7.1617e-05,1,1,0.49769,1.2862,0.70658,-0.59692,-0.38948,0.99944,0.85228,0.68649,0.37419,0.17594,1.2107e-06,9999,1,-1,0,15.43,0.098877,0,0,0,0,0,0,0,0,1,0.86168,0.95972,-0.273,0,0,0,0,0,10,0.17594,1.2107e-06,9999,-1,0,15.43,0.098877,0.86168,0.95972,-0.273,-5,0.011009,0.86168,1,0.95972,0.91509,1,4.1483e-06,0.019703,0.86168,0.79569,-0.95134,1,1,0.011009,0.95972,1
0,0,0,0,1.0072,0.5142,-0.59425,1,1.0904,0,0.19883,-1,-0.035898,0.0025515,0,0,0,0,1.2886,999,999,999,1.6629,1.1106,0,0,0,0,0,0,0,0,0,0,0,0,0,0,0,0,0,0,0,0,0,0,0,0,0,0,0,0,0,0,0,0,0,0,0,0,0,0,0,0.015986,1.0072,1,0.8415,0,0,0,0,0,0,0,0,0,0,0,1
0,0,0,0,0,0,0,0,0.78036,1.803,-0.46086,1,-0.98651,0.0018194,0.0003991,1,0,0,1.2719,999,999,999,0.47003,0.81656,0.77407,0,0,0,0,0,0,0,0,0,0,0,0,0,0,0,0,0,0,0,0,0,0,0,0,0,0,0,0,0,0,0,0,0,0,0,0,0,0,0.0015118,0.78036,1,0.46134,0,0,0,0,0,0,0,0,0,0,0,0
0,0,0,0,0,0,0,0,1.2965,0.73668,-0.85526,-1,-8.4183e-05,1.1e-05,-3.1715e-06,0,0,0,1.2102,999,999,999,1.8622,0.40275,0.3044,0,0,0,0,0,0,0,0,0,0,0,0,0,0,0,0,0,0,0,0,0,0,0,0,0,0,0,0,0,0,0,0,0,0,0,0,0,0,0.00097727,1.2965,-1,0.98306,0,0,0,0,0,0,0,0,0,0,0,1
0,0,0,0,0,0,0,0,0.54198,0.77133,0.16623,1,-0.00063185,5.0916e-05,-2.763e-05,1,0,0,0.7931,-0.63747,-0.69836,-0.16335,0.37855,0.59487,0.49719,0.53955,0.060276,3.6053e-07,9999,0,1,163.57,4.1016,0.11701,0,0,0,0,0,0,0,0,1,999,999,999,0,0,0,0,0,0,0,0,0,0,0,0,0,0,0,0,0,0.019047,0.54198,1,0.2541,0.28837,-1,-2.763e-05,-0.75072,0,0,0,0,0,0,0,0
0,0,0,0,0,0,0,0,1.3181,0.52501,-0.77038,1,-0.99973,0.012848,0.00012205,0,0,0,1.0603,999,999,999,0.39164,0.88326,0.77462,0,0,0,0,0,0,0,0,0,0,0,0,0,0,0,0,0,0,0,0,0,0,0,0,0,0,0,0,0,0,0,0,0,0,0,0,0,0,0.015707,1.3181,1,0.95901,0,0,0,0,0,0,0,0,0,0,0,0
0,0,0,0,0,0,0,0,0.21405,1.3293,-0.50387,1,1.4878e-06,-1.4375e-06,5.6069e-07,0,0,0,0.31278,999,999,999,0.35548,0.16819,0.22356,0.7274,0.21405,1.4878e-06,9999,0,1,454.1,3.4668,0.35548,0,0,0,0,0,0,0,0,1,999,999,999,0,0,0,0,0,0,0,0,0,0,0,0,0,0,0,0,0,0,0,0,0,-0.36232,-1,-1.4375e-06,-9.8881e-05,0,0,0,0,0,0,0,1
0,0,0,0,0,0,0,0,0.84726,0.27029,-0.64452,1,0.95398,3.9717e-06,-2.677e-06,0,0,0,0.77191,999,999,999,1.3167,0.32134,0.29167,0,0,0,0,0,0,0,0,0,0,0,0,0,0,0,0,0,0,0,0,0,0,0,0,0,0,0,0,0,0,0,0,0,0,0,0,0,0,0.0019266,0.84726,1,0.98678,0,0,0,0,0,0,0,0,0,0,0,1
0,0,0,0,0,0,0,0,1.2931,0.4175,-0.95472,1,0.047006,-2.5223e-06,0,0,0,0,1.2999,999,999,999,1.6624,0.2872,0,0,0,0,0,0,0,0,0,0,0,0,0,0,0,0,0,0,0,0,0,0,0,0,0,0,0,0,0,0,0,0,0,0,0,0,0,0,0,0.011968,1.2931,1,0.98445,0,0,0,0,0,0,0,0,0,0,0,1
0,0,0,0,0,0,0,0,0.81841,0.22776,-0.80775,-1,0.0011349,-0.00011125,-1.3032e-06,7,1,0.49661,0.87403,999,999,999,0.62149,0.69838,0.044409,0.53605,0.031765,1.24e-06,9999,0,-1,25.635,5.2734,0.064548,0,0,0,0,0,0,0,0,1,999,999,999,0,0,0,0,0,10,0.20201,6.633e-07,9999,1,683.59,4.8828,0.25292,0.81841,0.86063,-0.050561,5,0,0,0,0,0.85784,1,1.2932e-06,0.84024,0,0,0,0,0,0,0,0
0.71192,0,-0.28772,-1,0,0,0,0,0.71454,0.079645,-0.023777,1,-0.0066743,0.00066878,2.5979e-05,0,0,0,1.0537,999,999,999,0.94982,0.86248,0.48909,0,0,0,0,0,0,0,0,0,0,0,0,0,0,0,0,0,0,0,0,0,0,0,0,0,0,0,0,0,0,0,0,0,0,0,0,0,0,0.022741,0.71192,-1,0.97339,0,0,0,0,0.71192,0,-0.28772,-1,1,0.022741,0.97339,0
0,0,0,0,0,0,0,0,0.54805,0.42977,-0.43254,1,-9.8649e-06,8.167e-06,-1.2094e-06,2,1,0.49421,0.52828,999,999,999,0.39338,0.37762,0.090878,0.393,0.081498,1.2094e-06,9999,1,-1,0,3.1738,0.090878,1,0,1.7047,-0.69415,0.60225,0.26551,0.10937,0.19017,1,999,999,999,0,0,0,0,0,10,0.1617,6.3714e-07,9999,-1,908.2,4.3457,0.24626,0.54805,0.83625,-0.84331,-9,0.010072,0.54805,1,0.83625,0.98388,-1,-1.2094e-06,-0.46535,0,0,0,0,0,0,0,1
0,0,0,0,0,0,0,0,0.73065,0,0.2571,1,-0.9921,-0.047097,0.00010581,0,0,0,1.1396,-0.53742,0.99755,-0.45287,0.66151,0.70719,0.79678,0,0,0,0,0,0,0,0,0,0,0,0,0,0,0,0,0,0,0,0,0,0,0,0,0,0,0,0,0,0,0,0,0,0,0,0,0,0,0.0052533,0.73065,1,0.40149,0,0,0,0,0,0,0,0,0,0,0,0
0,0,0,0,0,0,0,0,0.60694,0,0.35826,1,-0.94338,0.00051716,-1.9387e-05,0,0,0,0.85335,999,999,999,1.2796,0.52514,0.45665,0,0,0,0,0,0,0,0,0,0,0,0,0,0,0,0,0,0,0,0,0,0,0,0,0,0,0,0,0,0,0,0,0,0,0,0,0,0,0.00226,0.83063,-1,0.95379,0,0,0,0,0,0,0,0,0,0,0,1
0,0,0,0,0,0,0,0,0.61822,0.98419,-0.21383,1,5.7966e-05,-2.5496e-05,1.546e-05,0,0,0,0.91737,999,999,999,0.62058,0.48716,0.4339,0.86128,0.24917,2.0378e-06,9999,1,-1,468.75,3.8574,0.38575,0,0,0,0,0,0,0,0,1,999,999,999,0,0,0,0,0,0,0,0,0,0,0,0,0,0,0,0,0,0.0039905,0.61822,1,0.61834,0.53482,1,5.7966e-05,0.0023679,0,0,0,0,0,0,0,0
0.65127,0.22963,-0.79128,1,0,0,0,0,1.3052,0.11556,-0.79725,1,-0.0014302,8.9357e-05,4.148e-05,0,0,0,1.1515,999,999,999,0.74197,0.90983,0.55399,0,0,0,0,0,0,0,0,0,0,0,0,0,0,0,0,0,0,0,0,0,0,0,0,0,0,0,0,0,0,0,0,0,0,0,0,0,0,0.00022264,1.3052,1,0.93878,0,0,0,0,0.63405,0.31643,0.015357,-1,2,0.0026444,0.76399,0
0,0,0,0,0,0,0,0,1.0052,0.45818,-0.88697,-1,-0.82349,0.26062,-0.0001611,4,1,0.4977,1.1123,999,999,999,0.18038,1.3801,0.81074,0.40715,0.16534,3.6746e-07,9999,1,1,1035.2,7.1289,0.12295,0,0,0,0,0,0,0,0,1,1.0052,0.94438,-0.086668,0,0,0,0,0,10,0.16534,3.6746e-07,9999,1,1035.2,7.1289,0.12295,1.0052,0.94438,-0.086668,0,0.012852,1.0052,-1,0.94438,0.92901,-1,-0.82349,-0.045216,0,0,0,0,0,0,0,0
0,0,0,0,0,0,0,0,1.4689,1.0193,-0.51351,1,-0.91311,0.30207,-9.9471e-05,2,0,0,1.5879,999,999,999,0.67321,1.3561,0.91451,0.74872,0.12757,3.3976e-07,9999,1,1,1562.5,15.234,0.097314,0,0,0,0,0,0,0,0,1,0.691,0.71541,-0.58417,0,0,0,0,0,10,0.12757,3.3976e-07,9999,1,1562.5,15.234,0.097314,0.691,0.71541,-0.58417,0,0.017777,1.4689,1,0.92889,-0.66344,-1,-0.91311,-0.49731,0,0,0,0,0,0,0,0
0,0,0,0,0,0,0,0,0.56147,0,0.37137,-1,-0.00049526,0,0,0,0,0,0.52843,999,999,999,0.54074,0,0,0,0,0,0,0,0,0,0,0,0,0,0,0,0,0,0,0,0,0,0,0,0,0,0,0,0,0,0,0,0,0,0,0,0,0,0,0,0,0.023898,0.56147,-1,0.88873,0,0,0,0,0,0,0,0,0,0,0,1
0,0,0,0,0,0,0,0,0.91059,1.1235,-0.97796,-1,0.31089,-0.071247,6.3317e-05,1,0,0,1.027,999,999,999,1.2157,1.3601,0.64597,0.85408,0.18117,3.572e-07,9999,1,-1,1201.2,10.742,0.11405,0,0,0,0,0,0,0,0,1,0.75384,0.82611,-0.64716,0,0,0,0,0,10,0.18117,3.572e-07,9999,-1,1201.2,10.742,0.11405,0.75384,0.82611,-0.64716,-4,0.010721,0.91059,-1,0.99772,-0.64716,1,0.31089,0.25158,0,0,0,0,0,0,0,0
0,0,0,0,0,0,0,0,0.84316,0.81751,-0.76346,1,-0.99999,-0.0053391,0.0012374,2,0,0,0.89323,999,999,999,0.20698,0.47517,0.80353,0.11401,0.11032,4.0515e-07,9999,0,-1,781.25,6.0059,0.15098,0,0,0,0,0,0,0,0,1,0.84316,0.88607,-0.32184,0,0,0,0,0,10,0.11032,4.0515e-07,9999,-1,781.25,6.0059,0.15098,0.84316,0.88607,-0.32184,-5,0.013559,0.84316,1,0.88607,-0.85834,-1,-0.99999,-0.00020703,0,0,0,0,0,0,0,0
0,0,0,0,0,0,0,0,0.70686,0.12518,-0.96048,-1,0.81628,-8.7987e-05,-5.3738e-05,2,0,0,0.70442,999,999,999,0.17329,0.70118,0.60975,0.40801,0.11096,1.5647e-06,9999,0,1,1142.6,5.8594,0.1851,0,0,0,0,0,0,0,0,1,999,999,999,0,0,0,0,0,0,0,0,0,0,0,0,0,0,0,0,0,0.0013107,0.70686,-1,0.90999,0.7288,-1,-8.7987e-05,-0.37826,0,0,0,0,0,0,0,0
0.70063,0.78904,0.0077441,1,0,0,0,0,0.63435,0.66269,-0.89196,-1,0.082791,-0.0041394,0.00025976,1,0,0,0.93294,0.70063,0.7788,-0.091396,1.4139,0.70287,0.72155,0,0,0,0,0,0,0,0,0,0,0,0,0,0,0,0,0,0,0,0,0,0,0,0,0,0,0,0,0,0,0,0,0,0,0,0,0,0,0.016656,0.70063,1,0.7788,0,0,0,0,0.70063,0.78904,0.0077441,1,1,0.016656,0.7788,0
0,0,0,0,0,0,0,0,1.904,0,-0.99153,1,0.98524,0.0992,-0.00019228,0,0,0,1.9029,1.904,0.99911,-0.35352,0.72909,2.5684,0.40698,0,0,0,0,0,0,0,0,0,0,0,0,0,0,0,0,0,0,0,0,0,0,0,0,0,0,0,0,0,0,0,0,0,0,0,0,0,0,0.008519,1.904,1,0.99911,0,0,0,0,0,0,0,0,0,0,0,1
0,0,0,0,0,0,0,0,0.46938,0.95995,-0.89859,1,-0.9994,0.98971,0.00019942,1,0,0,1.0087,999,999,999,0.43558,0.59862,0.66348,0.75783,0.1164,4.6207e-07,9999,1,-1,576.17,5.4688,0.18352,0,0,0,0,0,0,0,0,1,999,999,999,0,0,0,0,0,0,0,0,0,0,0,0,0,0,0,0,0,0,0,0,0,0.93119,1,0.98971,0.57635,0,0,0,0,0,0,0,0
0,0,0,0,0,0,0,0,0,0,0,0,0.00017941,5.2752e-07,-3.6627e-07,3,0,0,0,999,999,999,0.12019,0.21177,0.12195,0,0,0,0,0,0,0,0,0,0,0,0,0,0,0,0,0,0,0,0,0,0,0,0,0,0,0,0,0,0,0,0,0,0,0,0,0,0,0,0,0,0,0,0,0,0,0,0,0,0,0,0,0,1
0.75563,1.3187,-0.27358,-1,1.6518,0.08068,0.26076,-1,0.56434,1.6992,-0.79408,1,0.51389,-0.073758,-0.024865,1,0,0,1.7188,999,999,999,0.44257,1.0637,1.4313,0,0,0,0,0,0,0,0,0,0,0,0,0,0,0,0,0,0,0,0,0,0,0,0,0,0,0,0,0,0,0,0,0,0,0,0,0,0,0.0029971,1.6518,-1,0.99156,0,0,0,0,0.75563,1.3187,-0.27358,-1,1,0.0020252,0.9913,0
0,0,0,0,0,0,0,0,0.57627,1.0101,0.51398,1,-0.96763,0.00022036,0.0002153,0,0,0,1.1401,-0.87504,-0.83426,-0.21327,0.42564,0.62454,0.82759,0,0,0,0,0,0,0,0,0,0,0,0,0,0,0,0,0,0,0,0,0,0,0,0,0,0,0,0,0,0,0,0,0,0,0,0,0,0,0.0058438,0.87504,-1,0.83426,0,0,0,0,0,0,0,0,0,0,0,0
0,0,0,0,1.4488,0,-0.58354,-1,0,0,0,0,0.098942,-0.051453,0,1,0,0,1.4005,999,999,999,0.44697,1.4602,0,0,0,0,0,0,0,0,0,0,0,0,0,0,0,0,0,0,0,0,0,0,0,0,0,0,0,0,0,0,0,0,0,0,0,0,0,0,0,0.0027696,1.4488,-1,0.83143,0,0,0,0,0,0,0,0,0,0,0,0
0,0,0,0,0,0,0,0,1.729,0,-0.97817,-1,-0.93645,-0.09525,5.7862e-07,2,0,0,1.3711,999,999,999,2.6162,0.74907,0.22939,0,0,0,0,0,0,0,0,0,0,0,0,0,0,0,0,0,0,0,0,0,0,0,0,0,0,0,0,0,0,0,0,0,0,0,0,0,0,0.0089598,1.729,-1,0.98498,0,0,0,0,0,0,0,0,0,0,0,0
0,0,0,0,0,0,0,0,0.30237,0.46205,0.66236,-1,-3.927e-06,0,0,0,0,0,0.29739,999,999,999,0.32048,0,0,0,0,0,0,0,0,0,0,0,0,0,0,0,0,0,0,0,0,0,0,0,0,0,0,0,0,0,0,0,0,0,0,0,0,0,0,0,0,0,0,0,0,0,0,0,0,0,0,0,0,0,0,0,1
0,0,0,0,0,0,0,0,0.77876,1.4163,0.9509,1,0.94263,-4.3137e-07,0,0,0,0,0.78388,999,999,999,1.0158,0.16715,0,0.53122,0.13589,4.3137e-07,9999,1,-1,703.12,6.8359,0.16715,0,0,0,0,0,0,0,0,1,0.77876,0.94832,-0.67376,0,0,0,0,0,10,0.13589,4.3137e-07,9999,-1,703.12,6.8359,0.16715,0.77876,0.94832,-0.67376,-0,0.016785,0.77876,1,0.94832,-0.67376,1,0.94263,0.23295,0,0,0,0,0,0,0,1
0,0,0,0,0,0,0,0,0.7999,0.44275,-0.66638,1,-0.082915,0.0033597,-4.9145e-07,0,0,0,0.9382,999,999,999,1.4614,1.0849,0.19715,0.90352,0.22185,3.8684e-07,9999,0,1,1093.8,6.6406,0.13818,0,0,0,0,0,0,0,0,1,0.92116,0.92878,-0.99465,0,0,0,0,0,10,0.22185,3.8684e-07,9999,1,1093.8,6.6406,0.13818,0.92116,0.92878,-0.99465,6,0.004826,0.92116,-1,0.92878,-0.66825,1,0.0033597,0.0011491,0,0,0,0,0,0,0,0
0,0,0,0,0,0,0,0,0.73934,1.9109,-0.45292,-1,0.00060489,-4.3593e-05,0,1,0,0,0.54222,999,999,999,0.35043,0.56275,0,0,0,0,0,0,0,0,0,0,0,0,0,0,0,0,0,0,0,0,0,0,0,0,0,0,0,0,0,0,0,0,0,0,0,0,0,0,0,0.034913,0.73934,-1,0.90746,0,0,0,0,0,0,0,0,0,0,0,1
0,0,0,0,0,0,0,0,0.59374,0.14052,-0.56307,-1,-0.97974,-7.7863e-07,0,0,0,0,0.6243,999,999,999,0.8692,0.2775,0,0,0,0,0,0,0,0,0,0,0,0,0,0,0,0,0,0,0,0,0,0,0,0,0,0,0,0,0,0,0,0,0,0,0,0,0,0,0,0.0041513,0.59374,-1,0.93317,0,0,0,0,0,0,0,0,0,0,0,0
0,0,0,0,0,0,0,0,0.63602,0.30733,0.5376,-1,0.99999,-0.0023766,-5.0048e-06,0,0,0,0.7055,999,999,999,0.22101,0.8855,0.33894,0,0,0,0,0,0,0,0,0,0,0,0,0,0,0,0,0,0,0,0,0,0,0,0,0,0,0,0,0,0,0,0,0,0,0,0,0,0,0.012122,0.63602,-1,0.87774,0,0,0,0,0,0,0,0,0,0,0,1
0.37424,0.35039,-0.43382,-1,0,0,0,0,1.4867,0.28661,-0.78163,1,-0.30503,0.051373,0,1,0,0,1.1867,999,999,999,0.60398,1.1921,0,0,0,0,0,0,0,0,0,0,0,0,0,0,0,0,0,0,0,0,0,0,0,0,0,0,0,0,0,0,0,0,0,0,0,0,0,0,0,0.019252,1.4867,1,0.92316,0,0,0,0,0.37424,0.35039,-0.43382,-1,1,0.26403,0.49893,0
0,0,0,0,1.0712,0.49555,-0.46244,1,1.3424,0.29465,-0.72975,1,0.96979,0.00015976,-1.2485e-05,1,0,0,1.6035,1.0712,-0.60537,-0.25049,1.7847,0.87875,0.46301,0.83068,0.10734,1.3601e-06,9999,0,-1,0,8.3984,0.15479,0,0,0,0,0,0,0,0,1,1.0712,0.60537,-0.52906,0,0,0,0,0,10,0.10734,1.3601e-06,9999,-1,0,8.3984,0.15479,1.0712,0.60537,-0.52906,-0,0.020045,1.3424,1,0.89794,0.86776,1,0.96979,0.67616,0,0,0,0,0,0,0,1
0,0,0,0,0,0,0,0,0.90017,1.1465,-0.95246,1,-0.96313,-0.00054666,4.789e-05,0,0,0,0.93013,-0.77454,0.9449,-0.72661,0.35421,1.1649,0.58255,0.43594,0.2267,1.3173e-06,9999,1,-1,571.29,5.127,0.23728,0,0,0,0,0,0,0,0,1,999,999,999,0,0,0,0,0,0,0,0,0,0,0,0,0,0,0,0,0,0.02062,0.90017,1,0.95929,0.59877,1,4.789e-05,0.000412,0,0,0,0,0,0,0,0
0,0,0,0,0,0,0,0,0.71706,0.80702,-0.55396,1,-0.9996,0.9377,1.3587e-05,4,1,0.50357,0.88807,999,999,999,0.36984,0.61027,0.42167,0.95133,0.15307,3.5923e-07,9999,1,1,185.55,8.7891,0.11587,0,0,0,0,0,0,0,0,1,999,999,999,0,0,0,0,0,10,0.24967,7.2591e-07,9999,-1,517.58,3.9551,0.2671,0.71706,0.7313,-0.73367,-0,0.00893,0.71706,1,0.7313,0.78655,-1,-0.9996,-0.772,0,0,0,0,0,0,0,0
1.209,0.36132,-0.92678,1,0,0,0,0,0.54845,0.10853,0.70967,1,0.88793,0.35817,-1.0538e-05,0,0,0,1.196,1.209,-0.9856,-0.89958,0.84001,1.0379,0.39903,0,0,0,0,0,0,0,0,0,0,0,0,0,0,0,0,0,0,0,0,0,0,0,0,0,0,0,0,0,0,0,0,0,0,0,0,0,0,0.015467,1.209,1,0.9856,0,0,0,0,0,0,0,0,0,0,0,1
0,0,0,0,0,0,0,0,0.87582,0.18365,0.078998,1,0.97597,0.64194,-0.00014192,1,0,0,1.1477,1.0743,0.91811,-0.94258,0.7217,1.7307,0.85036,0.99064,0.056693,1.2577e-06,9999,0,-1,0,3.9551,0.12839,1,0,-1.9035,0.63298,3.0157,0.62709,0.0078409,3.2178,1,0.87582,0.971,-0.98845,0,0,0,0,0,10,0.056693,1.2577e-06,9999,-1,0,3.9551,0.12839,0.87582,0.971,-0.98845,-21,0.015493,1.0743,1,0.91811,0.95974,1,0.64194,0.87581,0,0,0,0,0,0,0,1
1.4693,0.17101,-0.65452,-1,0,0,0,0,1.0851,0.51445,-0.42448,1,0.0036091,-0.0018879,3.7713e-07,0,0,0,1.3497,999,999,999,1.0464,2.3531,0.13078,0.98387,0.20558,3.7713e-07,9999,1,1,908.2,9.375,0.13078,0,0,0,0,0,0,0,0,1,1.4693,0.91101,-0.92754,0,0,0,0,0,10,0.20558,3.7713e-07,9999,1,908.2,9.375,0.13078,1.4693,0.91101,-0.92754,2,0.002422,1.4693,-1,0.91101,-0.92754,-1,-0.0018879,-0.62173,0,0,0,0,0,0,0,0
0,0,0,0,0,0,0,0,0.42195,1.0583,-0.68987,-1,-0.99944,2.131e-05,1.7398e-05,0,0,0,0.7714,999,999,999,0.34966,0.46679,0.44552,0.7701,0.15223,5.1301e-07,9999,1,-1,683.59,4.0527,0.20614,0,0,0,0,0,0,0,0,1,0.57939,0.77986,-0.87245,0,0,0,0,0,10,0.1827,5.084e-06,9999,-1,0,3.4668,0.31556,0.57939,0.77986,-0.87687,-0,0.027951,0.57939,1,0.77986,0.56379,-1,-0.99944,-0.0015452,0,0,0,0,0,0,0,0
0,0,0,0,0,0,0,0,0.72746,1.0964,-0.83137,-1,-0.97311,-0.95647,0.030295,1,0,0,0.88926,999,999,999,0.81488,0.45712,1.0474,0,0,0,0,0,0,0,0,0,0,0,0,0,0,0,0,0,0,0,0,0,0,0,0,0,0,0,0,0,0,0,0,0,0,0,0,0,0,0.010815,0.72746,-1,0.91974,0,0,0,0,0,0,0,0,0,0,0,0
0,0,0,0,0,0,0,0,0.82965,0,0.89869,-1,-0.019517,-1.0597e-05,1.8586e-06,2,1,0.50042,0.81907,999,999,999,1.0872,0.39952,0.26406,0.71943,0.11245,3.4862e-07,9999,1,1,771.48,3.2715,0.10609,0,0,0,0,0,0,0,0,1,0.82965,0.98982,-0.75518,0,0,0,0,0,10,0.11245,3.4862e-07,9999,1,771.48,3.2715,0.10609,0.82965,0.98982,-0.75518,21,0.013228,0.82965,-1,0.98982,-0.75518,-1,-0.019517,-0.56611,0,0,0,0,0,0,0,0
0,0,0,0,0,0,0,0,1.3159,0.81996,0.96852,1,-0.29865,0.00029484,0.00010874,2,0,0,0.87366,999,999,999,1.1914,0.82863,0.67505,0.75005,0.092384,1.289e-06,9999,0,-1,0,2.4902,0.048026,0,0,0,0,0,0,0,0,1,0.50995,0.19284,-0.75018,0,0,0,0,0,10,0.092384,1.289e-06,9999,-1,0,2.4902,0.048026,0.50995,0.19284,-0.75018,-0,0.0024049,0.50995,1,0.19284,0.617,1,0.00029484,0.67728,0,0,0,0,0,0,0,0
0,0,0,0,0,0,0,0,0.38673,2.367,-0.71705,-1,0.99978,-4.7037e-05,-1.2196e-05,1,0,0,0.8663,999,999,999,0.38219,0.57913,0.41188,0.93743,0.14866,6.0377e-07,9999,1,-1,571.29,4.9805,0.23701,0,0,0,0,0,0,0,0,1,999,999,999,0,0,0,0,0,0,0,0,0,0,0,0,0,0,0,0,0,0.018672,0.57805,-1,0.98663,-0.9835,1,0.99978,0.74352,0,0,0,0,0,0,0,1
0,0,0,0,0,0,0,0,1.6619,1.2761,-0.42288,-1,0.94075,0.75353,-0.03075,2,0,0,2.0074,999,999,999,3.1576,0.10596,1.3424,0.75701,0.17378,4.2948e-07,9999,1,-1,859.38,5.6152,0.16606,0,0,0,0,0,0,0,0,1,2.0467,0.9804,-0.61535,0,0,0,0,0,10,0.17378,4.2948e-07,9999,-1,859.38,5.6152,0.16606,2.0467,0.9804,-0.61535,-0,0.013888,2.0467,1,0.9804,0.67607,1,0.75353,0.14055,0,0,0,0,0,0,0,1
0,0,0,0,0,0,0,0,0.22442,0.62599,0.74117,-1,-0.99999,-0.99998,-0.99858,2,0,0,0.72594,999,999,999,0.21447,0.25957,0.38765,0.99463,0.15013,2.4294e-06,9999,0,1,0,4.5898,0.24609,0,0,0,0,0,0,0,0,1,999,999,999,0,0,0,0,0,10,0.22442,0.99858,9999,-1,976.56,12.891,0.38765,0.62396,0.87625,-0.74336,-22,0.037386,0.62396,1,0.87625,0.80638,-1,-0.99858,-0.89009,0,0,0,0,0,0,0,0
0,0,0,0,0.76399,0.91694,-0.55827,1,1.5482,0.19298,-0.75098,1,0.96813,0.00083256,-3.8462e-05,0,0,0,1.7108,0.76399,-0.58319,-0.07894,1.5317,0.70336,0.51139,0,0,0,0,0,0,0,0,0,0,0,0,0,0,0,0,0,0,0,0,0,0,0,0,0,0,0,0,0,0,0,0,0,0,0,0,0,0,0.00020255,1.5482,1,0.80416,0,0,0,0,0,0,0,0,0,0,0,1
0,0,0,0,0,0,0,0,0.12108,0.034585,0.97276,1,0.0061416,-0.00053606,-0.0001664,1,1,0.50214,1.0041,999,999,999,0.80261,0.5494,0.77088,0.4853,0.12108,3.8308e-07,9999,1,1,634.77,6.1523,0.13538,0,0,0,0,0,0,0,0,1,0.51508,0.50865,-0.50104,0,0,0,0,0,10,0.12108,3.8308e-07,9999,1,634.77,6.1523,0.13538,0.51508,0.50865,-0.50104,8,0.0066259,0.72187,1,0.97395,0.3573,-1,-6.8354e-06,-0.3285,0,0,0,0,0,0,0,0
1.5415,0.80503,-0.9367,-1,0,0,0,0,0.53631,0.28839,0.64982,-1,-0.0022382,0.0015661,-0.00018258,2,0,0,1.7037,-1.5415,-0.9296,-0.10981,0.49996,0.67308,0.75953,0,0,0,0,0,0,0,0,0,0,0,0,0,0,0,0,0,0,0,0,0,0,0,0,0,0,0,0,0,0,0,0,0,0,0,0,0,0,0.0079745,1.5415,-1,0.9296,0,0,0,0,0,0,0,0,0,0,0,0
1.9109,0.16706,-0.91316,1,0,0,0,0,0.46348,0.40341,0.19369,-1,-0.98004,0.014028,0,0,0,0,1.1114,999,999,999,0.70297,1.2834,0,0,0,0,0,0,0,0,0,0,0,0,0,0,0,0,0,0,0,0,0,0,0,0,0,0,0,0,0,0,0,0,0,0,0,0,0,0,0,0.004423,1.9109,1,0.959,0,0,0,0,0,0,0,0,0,0,0,1
0,0,0,0,0,0,0,0,1.6981,1.063,-0.42589,1,-0.83645,0.16419,0.00079071,2,0,0,2.2621,999,999,999,1.5524,2.0783,0.53649,0.61208,0.22196,1.6092e-06,9999,1,-1,0,5.4688,0.19007,0,0,0,0,0,0,0,0,1,999,999,999,0,0,0,0,0,0,0,0,0,0,0,0,0,0,0,0,0,0.00011635,1.6981,1,0.92438,0.53381,-1,-0.83645,-0.00083197,0,0,0,0,0,0,0,0
0,0,0,0,0,0,0,0,0.67684,0.26679,-0.44757,-1,0.016833,-6.8013e-05,-5.5508e-05,4,0,0,0.86925,999,999,999,0.70167,0.66979,0.61418,0.46656,0.071193,1.2214e-06,9999,0,-1,0,4.6875,0.074843,0,0,0,0,0,0,0,0,1,999,999,999,0,0,0,0,0,0,0,0,0,0,0,0,0,0,0,0,0,0.0072036,0.83419,-1,0.82734,0.77165,1,0.016833,0.66304,0,0,0,0,0,0,0,1
0,0,0,0,1.107,0.24293,0.47073,-1,1.0315,1.2501,-0.87797,1,-0.085446,-0.00031384,7.5244e-05,0,0,0,1.4839,-1.107,0.86868,-0.77733,0.94791,1.5875,0.71203,0,0,0,0,0,0,0,0,0,0,0,0,0,0,0,0,0,0,0,0,0,0,0,0,0,0,0,0,0,0,0,0,0,0,0,0,0,0,0.012249,1.107,-1,0.86868,0,0,0,0,0,0,0,0,0,0,0,0
0,0,0,0,0,0,0,0,0.47512,0.37133,0.019588,1,0.002595,6.2238e-05,-4.2745e-07,2,0,0,0.67005,999,999,999,0.5143,0.60086,0.16488,0.90301,0.17518,4.2745e-07,9999,0,-1,693.36,4.834,0.16488,0,0,0,0,0,0,0,0,1,999,999,999,0,0,0,0,0,0,0,0,0,0,0,0,0,0,0,0,0,0,0,0,0,0.76445,1,0.002595,0.47124,0,0,0,0,0,0,0,1
0,0,0,0,0,0,0,0,0.56461,0.9766,0.26046,-1,0.99932,-0.00026196,-0.00017982,3,0,0,0.93539,999,999,999,0.38929,0.72324,0.11881,0.99815,0.16428,4.122e-07,9999,0,-1,732.42,7.2266,0.15556,0,0,0,0,0,0,0,0,1,999,999,999,0,0,0,0,0,10,0.16078,3.6667e-07,9999,1,527.34,7.9102,0.12228,0.56461,0.75392,-0.88021,4,0.018197,0.84643,1,0.84533,0.7769,1,0.99932,0.88382,0,0,0,0,0,0,0,1
0,0,0,0,0,0,0,0,0.66873,1.9778,-0.81718,1,-0.00018948,3.1322e-05,2.4598e-05,0,0,0,1.0689,999,999,999,0.76238,0.51359,0.48307,0,0,0,0,0,0,0,0,0,0,0,0,0,0,0,0,0,0,0,0,0,0,0,0,0,0,0,0,0,0,0,0,0,0,0,0,0,0,0.0047475,0.68329,-1,0.95668,0,0,0,0,0,0,0,0,0,0,0,1
0,0,0,0,0,0,0,0,0.88622,0.49284,-0.49146,-1,0.9702,0.93558,-0.015113,0,0,0,1.4561,0.97317,-0.81843,-0.82091,1.3675,0.94313,0.75505,0,0,0,0,0,0,0,0,0,0,0,0,0,0,0,0,0,0,0,0,0,0,0,0,0,0,0,0,0,0,0,0,0,0,0,0,0,0,0.0027955,0.97317,1,0.81843,0,0,0,0,0,0,0,0,0,0,0,1
0,0,0,0,0,0,0,0,1.2018,0.89724,-0.94377,-1,-0.94673,-0.027257,-3.8867e-05,0,0,0,1.2785,-1.2018,-0.9403,-0.56207,0.62413,0.99084,0.54542,0,0,0,0,0,0,0,0,0,0,0,0,0,0,0,0,0,0,0,0,0,0,0,0,0,0,0,0,0,0,0,0,0,0,0,0,0,0,0.0082517,1.2018,-1,0.9403,0,0,0,0,0,0,0,0,0,0,0,0
0,0,0,0,0,0,0,0,0.90321,0.17419,0.76506,-1,0.97947,0.039828,-5.1117e-05,0,0,0,1.0544,999,999,999,0.74758,1.7291,0.59614,0,0,0,0,0,0,0,0,0,0,0,0,0,0,0,0,0,0,0,0,0,0,0,0,0,0,0,0,0,0,0,0,0,0,0,0,0,0,0.038491,1.12,1,0.44851,0,0,0,0,0,0,0,0,0,0,0,1
0,0,0,0,0,0,0,0,1.2804,0.14194,-0.64784,1,0.035589,-0.00017976,6.06e-05,0,0,0,1.1789,999,999,999,1.126,0.19206,0.63352,0,0,0,0,0,0,0,0,0,0,0,0,0,0,0,0,0,0,0,0,0,0,0,0,0,0,0,0,0,0,0,0,0,0,0,0,0,0,0.00032437,1.2804,1,0.88388,0,0,0,0,0,0,0,0,0,0,0,0
0,0,0,0,0,0,0,0,0.94769,0.81065,0.18628,1,0.049856,0.0085472,0.00023988,1,0,0,1.2933,0.94769,0.91064,-0.56269,0.65871,1.1674,0.63544,0.31997,0.2023,4.6318e-07,9999,1,-1,625,4.6387,0.18407,0,0,0,0,0,0,0,0,1,999,999,999,0,0,0,0,0,0,0,0,0,0,0,0,0,0,0,0,0,0.0079363,0.94769,1,0.91064,0.64413,1,3.0505e-05,0.0019462,0,0,0,0,0,0,0,1
0,0,0,0,0,0,0,0,0.46663,0.37541,0.84082,1,8.6093e-05,-5.3528e-06,-1.4834e-06,2,0,0,0.59417,999,999,999,0.64101,0.33391,0.17485,0.97896,0.1215,3.6282e-07,9999,1,1,1132.8,9.375,0.119,0,0,0,0,0,0,0,0,1,999,999,999,0,0,0,0,0,0,0,0,0,0,0,0,0,0,0,0,0,0,0,0,0,0.92123,-1,-5.3528e-06,-0.8719,0,0,0,0,0,0,0,0
0,0,0,0,0.56869,0.28068,0.29347,1,0.94734,0.28068,-0.72791,-1,-0.0010396,0.00019648,7.4414e-05,2,1,0.49843,1.0966,999,999,999,0.91573,0.22556,0.68408,0,0,0,0,0,0,0,0,0,0,0,0,0,0,0,0,0,0,0,0,0,0,0,0,0,0,0,0,0,0,0,0,0,0,0,0,0,0,0.0070468,0.94734,-1,0.91105,0,0,0,0,0,0,0,0,0,0,0,1
0,0,0,0,2.0558,0.19694,-0.43178,-1,0.97356,1.4747,-0.20908,-1,-0.91725,-0.00067382,-0.00062409,0,0,0,2.3626,-2.0558,0.9805,-0.95739,1.185,2.406,0.72936,0.96701,0.17592,4.3468e-07,9999,0,1,732.42,6.25,0.16904,0,0,0,0,0,0,0,0,1,2.0558,0.9805,-0.93361,0,0,0,0,0,10,0.13894,3.9135e-07,9999,1,888.67,7.4219,0.14146,0.93037,0.95524,-0.3789,5,0.0079037,2.0558,-1,0.9805,0.84855,-1,-0.91725,-0.74675,0,0,0,0,0,0,0,0
0.75817,0.24862,-0.20838,1,0,0,0,0,0.59467,0.3997,-0.98845,1,0.95006,3.7376e-05,0,0,0,0,0.73779,999,999,999,0.87275,0.53923,0,0,0,0,0,0,0,0,0,0,0,0,0,0,0,0,0,0,0,0,0,0,0,0,0,0,0,0,0,0,0,0,0,0,0,0,0,0,0,0.0075486,0.75817,1,0.63215,0,0,0,0,0.75817,0.24862,-0.20838,1,1,0.0075486,0.63215,1
0,0,0,0,1.6502,0.032641,-0.75239,-1,0.9008,0.52323,-0.48005,1,-0.048087,0.012113,0,0,1,0.49521,1.6657,999,999,999,1.4305,0.87319,0,0,0,0,0,0,0,0,0,0,0,0,0,0,0,0,0,0,0,0,0,0,0,0,0,0,0,0,0,0,0,0,0,0,0,0,0,0,0,0.003227,1.6502,-1,0.92708,0,0,0,0,0,0,0,0,0,0,0,0
0,0,0,0,0,0,0,0,1.0566,1.6924,-0.88885,-1,-0.00034029,-0.0002212,1.1447e-05,0,0,0,1.0583,999,999,999,0.61131,0.9176,0.40625,0,0,0,0,0,0,0,0,0,0,0,0,0,0,0,0,0,0,0,0,0,0,0,0,0,0,0,0,0,0,0,0,0,0,0,0,0,0,0.018282,1.0566,-1,0.85645,0,0,0,0,0,0,0,0,0,0,0,1
0,0,0,0,0,0,0,0,0.33336,0.41691,0.87509,1,0.99817,-2.279e-05,1.4544e-05,0,0,0,0.66157,999,999,999,0.51035,0.47408,0.53141,0.9312,0.085476,4.0799e-07,9999,1,-1,761.72,6.543,0.15285,0,0,0,0,0,0,0,0,1,999,999,999,0,0,0,0,0,0,0,0,0,0,0,0,0,0,0,0,0,0,0,0,0,-0.85133,1,0.99817,0.80519,0,0,0,0,0,0,0,1
0,0,0,0,0,0,0,0,0.88115,0.83304,-0.68905,1,0.99998,0.00023469,0.00017777,1,0,0,0.67429,999,999,999,0.24935,0.62611,0.18515,0.78432,0.15191,5.3246e-07,9999,1,-1,625,4.6387,0.21361,0,0,0,0,0,0,0,0,1,999,999,999,0,0,0,0,0,10,0.20142,7.4531e-07,9999,-1,502.93,3.6621,0.27107,0.88115,0.84278,-0.71762,-0,0.00083663,0.88115,1,0.84278,0.22013,1,0.99998,0.36075,0,0,0,0,0,0,0,0
0,0,0,0,0,0,0,0,0.61931,0.59347,0.91306,-1,-0.99856,-9.251e-05,2.3334e-05,0,0,0,0.8067,999,999,999,0.49247,0.85035,0.47696,0.17157,0.21923,3.8391e-07,9999,1,1,937.5,8.2031,0.136,0,0,0,0,0,0,0,0,1,999,999,999,0,0,0,0,0,0,0,0,0,0,0,0,0,0,0,0,0,0.0035513,0.61931,-1,0.99263,0.30641,-1,-0.99856,-0.00034245,0,0,0,0,0,0,0,0
2.2085,0,-0.88231,1,0,0,0,0,0.36663,1.5886,0.84193,1,0.87122,0.00038609,-1.4361e-05,0,0,0,1.8076,2.2085,-0.99776,-0.68233,0.65437,1.7814,0.42687,0,0,0,0,0,0,0,0,0,0,0,0,0,0,0,0,0,0,0,0,0,0,0,0,0,0,0,0,0,0,0,0,0,0,0,0,0,0,0.0042611,2.2085,1,0.99776,0,0,0,0,0,0,0,0,0,0,0,1
0,0,0,0,0,0,0,0,1.5252,0.15478,-0.99301,-1,0.54059,-0.06996,0,0,0,0,1.5528,999,999,999,0.43607,1.8422,0,0,0,0,0,0,0,0,0,0,0,0,0,0,0,0,0,0,0,0,0,0,0,0,0,0,0,0,0,0,0,0,0,0,0,0,0,0,0,0.01836,1.5252,-1,0.97511,0,0,0,0,0,0,0,0,0,0,0,1
0,0,0,0,0,0,0,0,2.0427,0.46783,-0.70144,-1,-0.039018,0.016474,0,0,0,0,1.62,999,999,999,1.6209,0.84593,0,0,0,0,0,0,0,0,0,0,0,0,0,0,0,0,0,0,0,0,0,0,0,0,0,0,0,0,0,0,0,0,0,0,0,0,0,0,0,0.0031414,2.0427,-1,0.99636,0,0,0,0,0,0,0,0,0,0,0,0
0,0,0,0,0,0,0,0,1.0367,0.32974,-0.41816,1,0.072905,1.1752e-05,-1.0841e-05,1,0,0,1.1252,999,999,999,1.192,0.40823,0.40149,0,0,0,0,0,0,0,0,0,0,0,0,0,0,0,0,0,0,0,0,0,0,0,0,0,0,0,0,0,0,0,0,0,0,0,0,0,0,0.017725,1.0367,1,0.99215,0,0,0,0,0,0,0,0,0,0,0,0
0,0,0,0,0,0,0,0,0.64768,2.373,-0.82506,1,-0.99825,0.56241,-0.47895,0,0,0,1.0647,-0.81952,0.9131,-0.095654,0.50519,1.0822,1.3379,0,0,0,0,0,0,0,0,0,0,0,0,0,0,0,0,0,0,0,0,0,0,0,0,0,0,0,0,0,0,0,0,0,0,0,0,0,0,7.8701e-05,0.81952,-1,0.9131,0,0,0,0,0,0,0,0,0,0,0,0
0,0,0,0,0,0,0,0,1.0001,0.67173,-0.73232,-1,0.68999,0.0064924,-0.00065233,0,0,0,1.0519,999,999,999,0.90116,0.46654,1.5361,0,0,0,0,0,0,0,0,0,0,0,0,0,0,0,0,0,0,0,0,0,0,0,0,0,0,0,0,0,0,0,0,0,0,0,0,0,0,0.019677,1.0001,-1,0.56517,0,0,0,0,0,0,0,0,0,0,0,1
0,0,0,0,0,0,0,0,0.69392,0,0.84855,1,0.96972,-0.96523,-6.4358e-07,0,0,0,1.0377,999,999,999,0.94435,1.1542,0.24795,0,0,0,0,0,0,0,0,0,0,0,0,0,0,0,0,0,0,0,0,0,0,0,0,0,0,0,0,0,0,0,0,0,0,0,0,0,0,0.0087146,0.81415,-1,0.37992,0,0,0,0,0,0,0,0,0,0,0,1
0,0,0,0,0,0,0,0,0.24906,0,-0.69707,1,5.8795e-07,0,0,0,0,0,0.22821,999,999,999,0.23229,0,0,0.8764,0.24906,5.8795e-07,9999,1,1,434.57,4.0039,0.23229,0,0,0,0,0,0,0,0,1,999,999,999,0,0,0,0,0,0,0,0,0,0,0,0,0,0,0,0,0,0,0,0,0,0,0,0,0,0,0,0,0,0,0,0,0
0,0,0,0,0,0,0,0,0.72305,1.1716,-0.88907,-1,0.00035793,0.00021242,-3.0089e-05,1,0,0,0.63589,999,999,999,0.71814,0.42402,0.50816,0.39248,0.18684,5.2882e-07,9999,1,-1,600.59,4.7363,0.21226,0,0,0,0,0,0,0,0,1,999,999,999,0,0,0,0,0,0,0,0,0,0,0,0,0,0,0,0,0,0.0016191,0.72305,-1,0.86977,0.48058,-1,-3.0089e-05,-0.00046531,0,0,0,0,0,0,0,1
1.909,0.085158,-0.81189,-1,0,0,0,0,1.0866,0.3234,0.72389,1,-0.99985,0.95053,-0.00026264,0,0,0,1.9963,-1.909,-0.94953,-0.045524,0.36183,1.6807,1.7889,0.82596,0.20542,1.7257e-06,9999,1,1,522.46,5.1758,0.25837,0,0,0,0,0,0,0,0,1,1.909,0.94953,-0.93395,0,0,0,0,0,10,0.20542,1.7257e-06,9999,1,522.46,5.1758,0.25837,1.909,0.94953,-0.93395,0,0.0048646,1.909,-1,0.94953,0.33304,-1,-0.99985,-0.047458,0,0,0,0,0,0,0,0
0.89221,1.8761,-0.67433,1,0,0,0,0,1.095,0.71612,-0.11123,-1,0.97998,-0.014616,0.011727,0,0,0,1.4637,999,999,999,0.58286,1.4439,1.2427,0,0,0,0,0,0,0,0,0,0,0,0,0,0,0,0,0,0,0,0,0,0,0,0,0,0,0,0,0,0,0,0,0,0,0,0,0,0,0.00076607,1.095,-1,0.93028,0,0,0,0,0.89221,1.8761,-0.67433,1,1,0.0067023,0.51735,1
0,0,0,0,0,0,0,0,1.0411,0.3919,-0.84226,1,0.00013163,0.00012458,-4.587e-05,2,1,0.49963,0.8917,999,999,999,0.7084,0.67355,0.57351,0,0,0,0,0,0,0,0,0,0,0,0,0,0,0,0,0,0,0,0,0,0,0,0,0,0,0,0,0,0,0,0,0,0,0,0,0,0,0.012165,1.0411,1,0.91509,0,0,0,0,0,0,0,0,0,0,0,1
1.6357,0.076808,-0.85557,1,0,0,0,0,0.77941,0.32849,0.25113,1,0.24679,0.058844,-0.00018269,1,0,0,1.2747,1.6357,-0.97049,-0.71311,1.2616,1.2393,0.20017,0.51336,0.17549,0.00018269,9999,0,-1,605.47,0,0.20017,0,0,0,0,0,0,0,0,1,1.6357,0.97049,-0.47113,0,0,0,0,0,10,0.17549,0.00018269,9999,-1,605.47,0,0.20017,1.6357,0.97049,-0.47113,-5,0.0033954,1.6357,1,0.97049,0.3477,1,0.24679,0.031429,0,0,0,0,0,0,0,1
0.61265,0.47475,0.72639,-1,0,0,0,0,0.85919,0.70509,-0.88241,1,0.95461,-0.071031,0,0,0,0,1.0127,999,999,999,1.2066,0.69606,0,0,0,0,0,0,0,0,0,0,0,0,0,0,0,0,0,0,0,0,0,0,0,0,0,0,0,0,0,0,0,0,0,0,0,0,0,0,0,0.012324,0.85919,1,0.89898,0,0,0,0,0.61265,0.47475,0.72639,-1,1,0.0079241,0.97665,1
0.84828,0.065006,-0.98795,-1,0,0,0,0,0.7089,0.065006,-0.39684,1,-0.96997,-0.15494,0.0063106,0,0,0,1.2282,999,999,999,0.98587,0.7826,0.91924,0,0,0,0,0,0,0,0,0,0,0,0,0,0,0,0,0,0,0,0,0,0,0,0,0,0,0,0,0,0,0,0,0,0,0,0,0,0,0.017934,0.84828,-1,0.99349,0,0,0,0,0.84828,0.065006,-0.98795,-1,1,0.017934,0.99349,0
0,0,0,0,0,0,0,0,0.60283,0.3705,0.73931,-1,-0.99997,0.0012284,-1.394e-05,0,0,0,0.74473,999,999,999,0.2693,1.1358,0.42409,0,0,0,0,0,0,0,0,0,0,0,0,0,0,0,0,0,0,0,0,0,0,0,0,0,0,0,0,0,0,0,0,0,0,0,0,0,0,0.01068,0.76213,1,0.37701,0,0,0,0,0,0,0,0,0,0,0,0
0,0,0,0,0,0,0,0,1.9855,0.58608,-0.76992,1,0.96059,0.0080875,-8.2961e-06,0,0,0,1.8671,1.9855,-0.97445,-0.97249,1.8389,1.5395,0.37891,0.78675,0.13504,5.5e-07,9999,1,-1,512.7,5.127,0.21991,0,0,0,0,0,0,0,0,1,1.9855,0.97445,-0.7927,0,0,0,0,0,10,0.13504,5.5e-07,9999,-1,512.7,5.127,0.21991,1.9855,0.97445,-0.7927,-2,0.011948,1.9855,1,0.97445,0.81393,1,0.96059,0.49577,0,0,0,0,0,0,0,1
0,0,0,0,0,0,0,0,0.55998,0.82408,-0.81842,1,-0.043948,0.014518,0.00056033,3,1,0.49929,0.72493,-0.61477,0.94966,-0.45864,1.1028,0.87627,0.54905,0.33216,0.14604,1.2145e-06,9999,0,1,0,17.773,0.080951,0,0,0,0,0,0,0,0,1,0.61477,0.94966,-0.21206,0,0,0,0,0,10,0.14604,1.2145e-06,9999,1,0,17.773,0.080951,0.61477,0.94966,-0.21206,5,0.0086414,0.61477,-1,0.94966,0.63824,1,0.014518,0.0073491,0,0,0,0,0,0,0,0
0,0,0,0,0,0,0,0,1.3517,1.4036,-0.96557,-1,-0.95007,0.08615,0.00016182,1,0,0,1.1777,-0.57174,0.66248,-0.39857,0.85935,0.76108,0.89227,0,0,0,0,0,0,0,0,0,0,0,0,0,0,0,0,0,0,0,0,0,0,0,0,0,0,0,0,0,0,0,0,0,0,0,0,0,0,0.0034201,1.3517,-1,0.94841,0,0,0,0,0,0,0,0,0,0,0,0
0,0,0,0,0,0,0,0,0.51358,1.338,-0.28337,-1,-0.018272,-0.013434,0.00016416,0,0,0,0.87477,999,999,999,0.82342,0.90509,0.69173,0,0,0,0,0,0,0,0,0,0,0,0,0,0,0,0,0,0,0,0,0,0,0,0,0,0,0,0,0,0,0,0,0,0,0,0,0,0,0.054089,0.55292,1,0.33744,0,0,0,0,0,0,0,0,0,0,0,1
0,0,0,0,1.6964,0.28508,0.936,-1,1.8791,0.85587,-0.98678,-1,-0.9557,-0.030794,0.00052142,0,0,0,1.8023,-1.6964,-0.98584,-0.95181,2.8041,1.1726,0.53723,0,0,0,0,0,0,0,0,0,0,0,0,0,0,0,0,0,0,0,0,0,0,0,0,0,0,0,0,0,0,0,0,0,0,0,0,0,0,0.0035943,1.8791,-1,0.9889,0,0,0,0,0,0,0,0,0,0,0,0
0,0,0,0,0,0,0,0,0.80235,0.90284,-0.52908,1,0.029832,4.5176e-06,-2.5846e-06,1,0,0,0.74054,999,999,999,1.1827,0.45076,0.28903,0.10993,0.2062,6.0797e-07,9999,1,-1,581.05,4.7363,0.23823,0,0,0,0,0,0,0,0,1,0.80235,0.94137,-0.20309,0,0,0,0,0,10,0.2062,6.0797e-07,9999,-1,581.05,4.7363,0.23823,0.80235,0.94137,-0.20309,-6,0.00038133,0.80235,1,0.94137,0.23302,1,4.5176e-06,0.00065011,0,0,0,0,0,0,0,0
0,0,0,0,0,0,0,0,0.79484,1.4263,-0.58421,1,0.9456,-0.91964,-0.0067275,0,0,0,1.0895,0.79484,-0.99963,-0.90298,1.0395,0.31795,0.91079,0.87742,0.10454,3.8769e-07,9999,1,-1,957.03,6.6406,0.1388,0,0,0,0,0,0,0,0,1,0.67737,0.89536,-0.86508,0,0,0,0,0,10,0.11767,0.91964,9999,-1,0,10.547,0.31795,0.79484,0.99963,-0.80728,-3,0.0026351,0.79484,1,0.99963,-0.86508,1,0.9456,0.72726,0,0,0,0,0,0,0,1
0,0,0,0,1.6025,0.12369,-0.94865,-1,0.53501,0.53797,-0.96733,1,0.021758,-0.00079664,3.4358e-07,1,0,0,1.0936,999,999,999,0.79858,2.5306,0.10118,0.048639,0.099968,3.4358e-07,9999,0,1,673.83,11.914,0.10118,0,0,0,0,0,0,0,0,1,999,999,999,0,0,0,0,0,0,0,0,0,0,0,0,0,0,0,0,0,0.011707,1.6025,-1,0.9781,0.13883,-1,-0.00079664,-0.39877,0,0,0,0,0,0,0,0
0,0,0,0,0,0,0,0,0.52401,1.1544,-0.15152,1,-0.013415,0.00078065,3.6087e-05,0,0,0,0.65929,999,999,999,0.9286,0.40375,0.53389,0,0,0,0,0,0,0,0,0,0,0,0,0,0,0,0,0,0,0,0,0,0,0,0,0,0,0,0,0,0,0,0,0,0,0,0,0,0,0.025041,0.52401,1,0.47056,0,0,0,0,0,0,0,0,0,0,0,1
0,0,0,0,0,0,0,0,0.35882,1.8201,-0.93431,1,0.95218,-0.00037378,0.0001362,2,0,0,1.2035,0.57337,-0.88393,-0.80389,1.0906,0.21257,0.76147,0,0,0,0,0,0,0,0,0,0,0,0,0,0,0,0,0,0,0,0,0,0,0,0,0,0,0,0,0,0,0,0,0,0,0,0,0,0,0.0052157,0.78504,1,0.98184,0,0,0,0,0,0,0,0,0,0,0,1
0,0,0,0,0,0,0,0,0.42308,1.139,-0.86173,-1,0.99785,-0.015979,-1.0318e-05,0,0,0,0.59921,999,999,999,0.40167,0.55734,0.50862,0,0,0,0,0,0,0,0,0,0,0,0,0,0,0,0,0,0,0,0,0,0,0,0,0,0,0,0,0,0,0,0,0,0,0,0,0,0,0,0,0,0,0,0,0,0,0,0,0,0,0,0,0,0
0,0,0,0,0,0,0,0,0.64507,0.51498,-0.80046,-1,-5.7334e-05,2.1752e-06,3.5862e-07,0,0,0,0.66124,999,999,999,0.62192,0.27603,0.11532,0.53667,0.12542,3.5862e-07,9999,1,1,849.61,8.3984,0.11532,0,0,0,0,0,0,0,0,1,0.64507,0.88459,-0.63293,0,0,0,0,0,10,0.12542,3.5862e-07,9999,1,849.61,8.3984,0.11532,0.64507,0.88459,-0.63293,8,0.016197,0.64507,-1,0.88459,-0.059429,-1,-5.7334e-05,-0.00034898,0,0,0,0,0,0,0,0
0.64234,1.6723,-0.40648,-1,0,0,0,0,0.98491,0.5697,0.73889,1,0.99929,0.057903,-0.00044097,0,0,0,1.3794,0.98491,0.98253,-0.74099,0.36455,1.1684,0.84551,0,0,0,0,0,0,0,0,0,0,0,0,0,0,0,0,0,0,0,0,0,0,0,0,0,0,0,0,0,0,0,0,0,0,0,0,0,0,0.00040796,0.98491,1,0.98253,0,0,0,0,0.64234,1.6723,-0.40648,-1,1,0.0028396,0.83141,1
0,0,0,0,0,0,0,0,0.7063,0.79907,-0.12861,1,0.0019693,0.00017784,-2.3095e-05,3,0,0,0.94675,999,999,999,0.78478,0.18544,0.47523,0.6635,0.14734,5.1001e-07,9999,0,-1,498.05,2.0996,0.20493,0,0,0,0,0,0,0,0,1,0.7063,0.73788,-0.052177,0,0,0,0,0,10,0.14734,5.1001e-07,9999,-1,498.05,2.0996,0.20493,0.7063,0.73788,-0.052177,-0,0.005818,0.7063,1,0.73788,0.95109,1,0.00017784,0.012182,0,0,0,0,0,0,0,1
0.6132,0.46691,-0.73007,-1,0,0,0,0,1.2456,0.16337,-0.80284,1,-0.9613,0.0033466,-4.8664e-05,0,0,0,1.5218,999,999,999,0.86782,1.2922,0.4428,0,0,0,0,0,0,0,0,0,0,0,0,0,0,0,0,0,0,0,0,0,0,0,0,0,0,0,0,0,0,0,0,0,0,0,0,0,0,0.010352,1.2456,1,0.87617,0,0,0,0,0.6132,0.46691,-0.73007,-1,1,0.0087761,0.48031,0
0.64125,1.5965,0.86763,-1,0,0,0,0,1.5183,0.64125,0.53713,1,0.9646,-3.8102e-05,0,0,1,0.50026,1.2782,999,999,999,2.2795,0.4991,0,0,0,0,0,0,0,0,0,0,0,0,0,0,0,0,0,0,0,0,0,0,0,0,0,0,0,0,0,0,0,0,0,0,0,0,0,0,0,0.016465,1.5183,1,0.9053,0,0,0,0,0.64125,1.5965,0.86763,-1,1,0.024147,0.47227,1
0,0,0,0,0,0,0,0,0.73577,1.2413,-0.32055,1,0.97591,-5.4965e-05,-1.14e-05,1,0,0,1.0169,999,999,999,0.98487,0.61025,0.40589,0.78518,0.08649,1.2099e-06,9999,0,1,0,3.5645,0.088439,0,0,0,0,0,0,0,0,1,999,999,999,0,0,0,0,0,0,0,0,0,0,0,0,0,0,0,0,0,0.0065263,0.73577,1,0.5815,0.58832,-1,-5.4965e-05,-0.70613,0,0,0,0,0,0,0,1
0.75078,1.6735,-0.94403,-1,0,0,0,0,0.92838,0.66703,0.53582,1,-0.10465,0.040085,0,0,0,0,1.007,999,999,999,0.79125,1.4059,0,0,0,0,0,0,0,0,0,0,0,0,0,0,0,0,0,0,0,0,0,0,0,0,0,0,0,0,0,0,0,0,0,0,0,0,0,0,0,0.0018436,0.92838,1,0.68192,0,0,0,0,0.75078,1.6735,-0.94403,-1,1,0.024062,0.96938,0
0,0,0,0,0,0,0,0,0.9439,0.27804,-0.89693,1,0.89178,0.020253,0.00033296,0,1,0.49423,1.2585,0.9439,-0.89649,-0.068685,0.26093,0.89284,0.78618,0.24592,0.20235,2.3993e-06,9999,1,-1,0,4.4434,0.24468,0,0,0,0,0,0,0,0,1,0.9439,0.89649,-0.42048,0,0,0,0,0,10,0.20235,2.3993e-06,9999,-1,0,4.4434,0.24468,0.9439,0.89649,-0.42048,-0,0.007522,0.9439,1,0.89649,0.038887,1,0.89178,0.0014373,0,0,0,0,0,0,0,1
0,0,0,0,0,0,0,0,0.94641,0.94924,-0.37475,-1,0.0006123,-0.00018394,3.7259e-06,0,0,0,1.1519,999,999,999,0.73416,0.98049,0.31651,0,0,0,0,0,0,0,0,0,0,0,0,0,0,0,0,0,0,0,0,0,0,0,0,0,0,0,0,0,0,0,0,0,0,0,0,0,0,0.0044912,0.94641,-1,0.7228,0,0,0,0,0,0,0,0,0,0,0,0
1.3919,0.36245,0.141,-1,0.70024,1.408,-0.68852,1,1.401,0.70817,-0.52468,-1,-0.13237,0.095183,-0.00029416,0,0,0,1.9514,-1.3919,-0.96577,-0.91644,1.9345,1.0421,1.5733,0,0,0,0,0,0,0,0,0,0,0,0,0,0,0,0,0,0,0,0,0,0,0,0,0,0,0,0,0,0,0,0,0,0,0,0,0,0,0.0015283,1.401,-1,0.9818,0,0,0,0,0,0,0,0,0,0,0,0
0,0,0,0,0,0,0,0,1.4295,0.23145,-0.99195,-1,-0.091787,0,0,0,0,0,1.4242,999,999,999,1.7871,0,0,0,0,0,0,0,0,0,0,0,0,0,0,0,0,0,0,0,0,0,0,0,0,0,0,0,0,0,0,0,0,0,0,0,0,0,0,0,0,0.0089149,1.4295,-1,0.95231,0,0,0,0,0,0,0,0,0,0,0,0
0.79816,0.37755,-0.91154,1,0,0,0,0,0,0,0,0,0.083078,-0.01419,0,0,0,0,1.0933,999,999,999,0.83509,0.97505,0,0,0,0,0,0,0,0,0,0,0,0,0,0,0,0,0,0,0,0,0,0,0,0,0,0,0,0,0,0,0,0,0,0,0,0,0,0,0,0.0074734,0.79816,1,0.92158,0,0,0,0,0.79816,0.37755,-0.91154,1,2,0.0074734,0.92158,0
0,0,0,0,0,0,0,0,0.85006,0.24543,-0.13071,-1,-0.99902,-0.96723,8.188e-05,0,0,0,1.0897,-0.85006,0.89664,-0.17403,0.40349,0.8559,0.7524,0,0,0,0,0,0,0,0,0,0,0,0,0,0,0,0,0,0,0,0,0,0,0,0,0,0,0,0,0,0,0,0,0,0,0,0,0,0,0.01161,0.85006,-1,0.89664,0,0,0,0,0,0,0,0,0,0,0,0
0,0,0,0,1.3727,0.86276,-0.060075,-1,2.0819,0.10635,-0.26355,-1,-0.36887,-0.19223,0,0,0,0,2.1718,-1.3727,-0.96472,-0.92474,2.7848,1.0548,0,0,0,0,0,0,0,0,0,0,0,0,0,0,0,0,0,0,0,0,0,0,0,0,0,0,0,0,0,0,0,0,0,0,0,0,0,0,0,0.0069321,2.0819,-1,0.98778,0,0,0,0,0,0,0,0,0,0,0,0
0,0,0,0,0,0,0,0,0.61029,1.5002,-0.95246,1,-5.7463e-05,4.1122e-05,-2.9559e-05,2,0,0,1.0204,999,999,999,0.61648,0.5547,0.50587,0.8262,0.19525,4.2088e-07,9999,1,-1,722.66,6.3477,0.16095,0,0,0,0,0,0,0,0,1,999,999,999,0,0,0,0,0,0,0,0,0,0,0,0,0,0,0,0,0,0.00078798,0.61029,1,0.99802,0.8599,1,4.1122e-05,0.092108,0,0,0,0,0,0,0,0
0,0,0,0,0.72046,1.0755,0.62256,-1,1.6965,0.8399,-0.91502,-1,-0.96096,-0.065303,1.336e-05,2,0,0,0.96905,-0.72046,0.95221,-0.88019,1.0667,1.1444,0.42015,0.076505,0.10073,4.3142e-07,9999,0,-1,771.48,8.8867,0.16718,0,0,0,0,0,0,0,0,1,999,999,999,0,0,0,0,0,0,0,0,0,0,0,0,0,0,0,0,0,0.0017059,1.6965,-1,0.96337,0.17464,1,1.336e-05,0.39652,0,0,0,0,0,0,0,0
0,0,0,0,0,0,0,0,0.7516,1.134,-0.79375,-1,-0.00015462,-9.3973e-06,2.1338e-06,0,1,0.49978,0.80262,999,999,999,0.81386,0.49838,0.27457,0,0,0,0,0,0,0,0,0,0,0,0,0,0,0,0,0,0,0,0,0,0,0,0,0,0,0,0,0,0,0,0,0,0,0,0,0,0,0.005639,0.7516,-1,0.65461,0,0,0,0,0,0,0,0,0,0,0,0
0,0,0,0,0,0,0,0,0.96903,0.46345,-0.034717,1,0.87119,-0.059259,-5.945e-05,0,0,0,1.4195,999,999,999,1.4003,0.7781,0.63076,0,0,0,0,0,0,0,0,0,0,0,0,0,0,0,0,0,0,0,0,0,0,0,0,0,0,0,0,0,0,0,0,0,0,0,0,0,0,0.015643,0.96903,1,0.87491,0,0,0,0,0,0,0,0,0,0,0,1
0,0,0,0,0,0,0,0,0.66862,0.34049,-0.45792,1,0.99971,-0.00017726,-0.0001762,1,0,0,0.84501,0.66862,0.51875,-0.049281,0.39576,0.18309,0.1781,0.8309,0.22095,1.0518e-06,9999,1,1,507.81,3.3203,0.31709,0,0,0,0,0,0,0,0,1,999,999,999,0,0,0,0,0,10,0.22138,0.00017726,9999,-1,732.42,0,0.18309,0.66862,0.51875,-0.27498,-4,0.025596,0.66248,1,0.78844,0.81509,1,0.99971,0.00092755,0,0,0,0,0,0,0,0
0.85168,0,-0.72906,-1,0,0,0,0,0.089404,0.088486,-0.06909,1,-0.99993,-0.0033219,7.3784e-07,0,0,0,0.89316,999,999,999,0.34971,0.77559,0.26956,0.68842,0.089404,3.3986e-07,9999,1,1,4218.8,3.125,0.097421,0,0,0,0,0,0,0,0,1,0.85168,0.84523,-0.53393,0,0,0,0,0,10,0.089404,3.3986e-07,9999,1,4218.8,3.125,0.097421,0.85168,0.84523,-0.53393,8,0.0034823,0.85168,-1,0.84523,0.15288,-1,-0.99993,-0.66784,0.85168,0,-0.72906,-1,1,0.0034823,0.84523,0
0,0,0,0,2.1316,0.10601,-0.93996,-1,0.50226,0.97949,0.46647,-1,-0.0001164,5.9447e-06,-5.6696e-06,1,0,0,1.4908,-0.50226,-0.72314,-0.67428,3.2972,0.35226,0.34857,0.77555,0.11942,3.6573e-07,9999,1,1,1044.9,10.84,0.12149,0,0,0,0,0,0,0,0,1,2.1316,0.9804,-0.87622,0,0,0,0,0,10,0.11942,3.6573e-07,9999,1,1044.9,10.84,0.12149,2.1316,0.9804,-0.87622,2,0.0073117,2.1316,-1,0.9804,0.61051,-1,-5.6696e-06,-0.57697,0,0,0,0,0,0,0,0
0,0,0,0,0,0,0,0,0.79283,0.76209,-0.36308,1,0.028557,-1.355e-05,-3.3943e-06,2,0,0,0.77492,999,999,999,1.2074,0.42146,0.3095,0.80426,0.115,4.0699e-07,9999,0,-1,751.95,6.2012,0.15219,0,0,0,0,0,0,0,0,1,0.79283,0.94196,-0.72171,0,0,0,0,0,10,0.115,4.0699e-07,9999,-1,751.95,6.2012,0.15219,0.79283,0.94196,-0.72171,-2,0,0,0,0,0.98332,1,1.3728e-06,0.62587,0,0,0,0,0,0,0,1
0,0,0,0,0,0,0,0,0.67488,1.3936,-0.011358,-1,-0.99776,-0.046603,-0.029372,1,0,0,0.66584,-0.67488,0.9184,-0.80158,0.40315,1.0961,0.94587,0.080552,0.075397,3.8346e-07,9999,1,-1,1103.5,7.2266,0.13566,0,0,0,0,0,0,0,0,1,999,999,999,0,0,0,0,0,10,0.17611,3.9207e-07,9999,1,878.91,7.5195,0.14198,0.67488,0.9184,-0.51786,6,0.0080359,0.67488,-1,0.9184,0.92635,-1,-0.99776,-0.16545,0,0,0,0,0,0,0,0
0,0,0,0,0,0,0,0,0.33345,2.0201,-0.687,-1,-0.99953,-6.1416e-05,1.9601e-05,1,0,0,0.51089,999,999,999,0.35146,0.6392,0.4578,0.37855,0.10953,4.6038e-07,9999,1,1,1054.7,7.2266,0.1827,0,0,0,0,0,0,0,0,1,999,999,999,0,0,0,0,0,0,0,0,0,0,0,0,0,0,0,0,0,0,0,0,0,0.03573,-1,-0.99953,-0.38045,0,0,0,0,0,0,0,0
1.7002,0,-0.28956,1,0,0,0,0,0.13797,0.43509,0.29279,-1,0.9467,0.00097267,-3.2242e-05,1,0,0,1.7334,1.7002,-0.96951,-0.83031,1.2012,1.5662,0.51759,0.96805,0.13797,5.2547e-07,9999,1,-1,634.77,6.3477,0.21099,0,0,0,0,0,0,0,0,1,1.7002,0.96951,-0.9994,0,0,0,0,0,10,0.13797,5.2547e-07,9999,-1,634.77,6.3477,0.21099,1.7002,0.96951,-0.9994,-2,0.0022547,1.7002,1,0.96951,0.81938,1,0.9467,0.841,0,0,0,0,0,0,0,1
0,0,0,0,0,0,0,0,0.74053,0.070031,0.023345,-1,-0.13488,0,0,0,0,0,0.72916,999,999,999,0.7999,0,0,0,0,0,0,0,0,0,0,0,0,0,0,0,0,0,0,0,0,0,0,0,0,0,0,0,0,0,0,0,0,0,0,0,0,0,0,0,0,0.0090567,0.74053,-1,0.66258,0,0,0,0,0,0,0,0,0,0,0,1
0,0,0,0,0,0,0,0,0.24605,0.17426,0.036032,-1,-0.99885,0.97268,0.00017488,2,0,0,0.86168,999,999,999,0.41,0.85066,0.16947,0.97692,0.18477,8.4941e-07,9999,0,-1,415.04,3.6133,0.28972,0,0,0,0,0,0,0,0,1,999,999,999,0,0,0,0,0,10,0.24605,5.9256e-07,9999,-1,551.76,3.6133,0.23369,0.62192,0.67047,-0.51458,-5,0.017671,0.77078,-1,0.84548,0.6068,1,0.97268,0.74625,0,0,0,0,0,0,0,1
0,0,0,0,0,0,0,0,0.56263,1.1598,-0.51636,-1,0.93408,-0.009331,-1.6926e-05,1,0,0,0.64665,999,999,999,0.48545,0.8935,0.44277,0.13796,0.14183,4.2901e-07,9999,1,1,712.89,6.25,0.16579,0,0,0,0,0,0,0,0,1,0.56263,0.78288,-0.47303,0,0,0,0,0,10,0.14183,4.2901e-07,9999,1,712.89,6.25,0.16579,0.56263,0.78288,-0.47303,6,0.014923,0.56263,-1,0.78288,0.85988,-1,-1.6926e-05,-1.9309e-05,0,0,0,0,0,0,0,1
0,0,0,0,0,0,0,0,1.1741,0.30705,-0.58474,-1,-0.0032096,0.00065202,0.00026279,1,0,0,1.2012,999,999,999,1.2847,0.3869,0.28323,0.079974,0.1792,8.1221e-07,9999,1,-1,507.81,3.2227,0.28352,0,0,0,0,0,0,0,0,1,0.6379,0.44622,-0.45852,0,0,0,0,0,10,0.1792,8.1221e-07,9999,-1,507.81,3.2227,0.28352,0.6379,0.44622,-0.45852,-0,0.0029307,1.1741,-1,0.91145,0.68295,1,0.00026279,0.004211,0,0,0,0,0,0,0,0
1.0252,0.8418,0.66783,-1,0,0,0,0,1.1217,1.7358,-0.82046,1,0.00018485,-3.629e-05,-2.8836e-05,1,0,0,1.2486,999,999,999,0.96502,1.5684,0.50265,0.65277,0.099013,1.2115e-06,9999,0,1,0,52.344,0.084915,0,0,0,0,0,0,0,0,1,1.0252,0.95199,-0.58628,0,0,0,0,0,10,0.099013,1.2115e-06,9999,1,0,52.344,0.084915,1.0252,0.95199,-0.58628,22,0.0045976,1.1217,1,0.98416,0.034132,1,1.2115e-06,0.48573,0,0,0,0,0,0,0,1
0,0,0,0,0,0,0,0,0.67646,0.30547,-0.27303,1,0.99579,-0.88637,-0.014518,1,1,0.49897,0.81879,0.67646,0.59557,-0.49957,0.45364,0.25274,0.82242,0.71832,0.20075,7.6462e-07,9999,0,-1,576.17,4.248,0.27485,0,0,0,0,0,0,0,0,1,0.67646,0.59557,-0.32099,0,0,0,0,0,10,0.17264,0.88637,9999,-1,0,15.039,0.25274,0.67646,0.59557,-0.18607,-22,0.0082702,0.67646,1,0.59557,0.53927,1,0.99579,0.017522,0,0,0,0,0,0,0,0
0,0,0,0,1.9157,0.32486,-0.70665,1,0.29335,0.29593,0.30879,-1,-0.078274,0.060819,-0.012149,1,1,0.49875,2.1249,999,999,999,2.1113,1.7564,0.90015,0.10259,0.21266,3.1061e-06,9999,1,1,449.22,3.9062,0.30283,0,0,0,0,0,0,0,0,1,999,999,999,0,0,0,0,0,0,0,0,0,0,0,0,0,0,0,0,0,0.0089942,1.9157,1,0.96091,0.35818,-1,-0.078274,-0.00042227,0,0,0,0,0,0,0,0
0,0,0,0,0,0,0,0,0.9059,0.15201,-0.27003,1,0.86068,-0.56912,0.0024122,2,1,0.49786,1.127,999,999,999,1.1087,0.80388,0.90417,0,0,0,0,0,0,0,0,0,0,0,0,0,0,0,0,0,0,0,0,0,0,0,0,0,0,0,0,0,0,0,0,0,0,0,0,0,0,0.022323,0.9059,1,0.74239,0,0,0,0,0,0,0,0,0,0,0,0
0,0,0,0,0,0,0,0,0.44678,1.052,-0.98695,1,-0.023115,-0.011531,-0.00026955,2,0,0,1.0505,-0.59432,-0.96444,-0.20219,1.0283,0.92925,0.46157,0.61817,0.055423,1.2122e-06,9999,1,-1,0,12.695,0.10156,0,0,0,0,0,0,0,0,1,999,999,999,0,0,0,0,0,10,0.21708,3.7114e-07,9999,1,1240.2,7.5195,0.12599,0.70422,0.45329,-0.396,0,0.019528,0.64573,-1,0.83774,0.17236,1,5.9931e-05,0.78121,0,0,0,0,0,0,0,1
0,0,0,0,0,0,0,0,0.33388,0.73491,-0.35404,1,0.052375,-2.59e-05,3.5734e-06,2,1,0.50212,0.57875,999,999,999,1.21,0.48923,0.31349,0.72793,0.099331,4.0035e-07,9999,0,-1,830.08,6.9336,0.14776,0,0,0,0,0,0,0,0,1,999,999,999,0,0,0,0,0,0,0,0,0,0,0,0,0,0,0,0,0,0.0019914,0.51065,-1,0.82496,0.99835,1,0.052375,0.64023,0,0,0,0,0,0,0,1
0,0,0,0,0.98484,0.5964,-0.84338,-1,0.59869,1.2078,0.68421,1,1,-0.0064456,0.0034427,1,0,0,1.1067,0.59869,0.61353,-0.6524,0.15618,0.93541,0.97585,0,0,0,0,0,0,0,0,0,0,0,0,0,0,0,0,0,0,0,0,0,0,0,0,0,0,0,0,0,0,0,0,0,0,0,0,0,0,0.034659,0.98484,-1,0.97425,0,0,0,0,0,0,0,0,0,0,0,0
0,0,0,0,0,0,0,0,0.35802,0.48232,-0.090306,-1,-0.00064884,2.0869e-05,-1.5817e-06,1,0,0,0.49805,999,999,999,0.43247,0.46451,0.25164,0.3596,0.22073,1.2886e-06,9999,1,-1,502.93,3.7598,0.34032,0,0,0,0,0,0,0,0,1,999,999,999,0,0,0,0,0,0,0,0,0,0,0,0,0,0,0,0,0,0,0,0,0,0.55182,-1,-1.5817e-06,-0.00011444,0,0,0,0,0,0,0,0
0,0,0,0,0,0,0,0,0.70038,0.69426,0.62578,-1,-0.00034709,-0.0001128,4.0698e-07,0,0,0,0.65764,999,999,999,1.0563,0.70493,0.15218,0.56133,0.16097,4.0698e-07,9999,1,1,820.31,5.7617,0.15218,0,0,0,0,0,0,0,0,1,999,999,999,0,0,0,0,0,0,0,0,0,0,0,0,0,0,0,0,0,0.0014693,0.70038,-1,0.68515,0.426,-1,-0.00034709,-0.087791,0,0,0,0,0,0,0,1
1.2346,0.44217,-0.99667,-1,0.63858,0.45517,0.83094,1,0,0,0,0,0.038078,-0.029754,0,0,0,0,1.1774,999,999,999,1.0248,1.1176,0,0,0,0,0,0,0,0,0,0,0,0,0,0,0,0,0,0,0,0,0,0,0,0,0,0,0,0,0,0,0,0,0,0,0,0,0,0,0,0.0088388,1.2346,-1,0.99962,0,0,0,0,0,0,0,0,0,0,0,0
2.1782,0.43185,-0.45026,-1,0,0,0,0,1.4256,1.3308,0.19004,-1,0.99996,-0.95863,-7.0741e-05,0,0,0,2.482,999,999,999,0.30791,1.3423,2.9109,0,0,0,0,0,0,0,0,0,0,0,0,0,0,0,0,0,0,0,0,0,0,0,0,0,0,0,0,0,0,0,0,0,0,0,0,0,0,0.0027878,2.1782,-1,0.94531,0,0,0,0,0,0,0,0,0,0,0,0
0,0,0,0,0,0,0,0,1.3195,0.41208,-0.74688,1,0.017667,0.00024496,0,1,0,0,1.0568,999,999,999,1.976,0.27198,0,0.4476,0.19837,0.00024496,9999,0,1,556.64,0,0.27198,1,0,-5.8297,-10.772,14.763,0.081338,0.1611,0.24269,1,999,999,999,0,0,0,0,0,0,0,0,0,0,0,0,0,0,0,0,0,0.0061072,1.3195,1,0.84232,0,0,0,0,0,0,0,0,0,0,0,0
0,0,0,0,0,0,0,0,1.2969,0.9122,-0.96956,-1,-0.29764,-0.014135,-7.8839e-06,1,0,0,0.70333,-1.2969,-0.99392,-0.90924,1.144,0.79658,0.37565,0.42497,0.18327,3.7301e-07,9999,1,1,1015.6,7.4219,0.12751,0,0,0,0,0,0,0,0,1,0.7071,0.94644,-0.37106,0,0,0,0,0,10,0.18327,3.7301e-07,9999,1,1015.6,7.4219,0.12751,0.7071,0.94644,-0.37106,6,0.0020649,0.7071,-1,0.94644,0.47797,-1,-0.014135,-0.013471,0,0,0,0,0,0,0,0
0,0,0,0,0,0,0,0,1.9891,0,-0.95692,1,0.021499,0,0,0,0,0,0.74149,999,999,999,1.2443,0,0,0,0,0,0,0,0,0,0,0,0,0,0,0,0,0,0,0,0,0,0,0,0,0,0,0,0,0,0,0,0,0,0,0,0,0,0,0,0,0.0053659,1.9891,1,0.95692,0,0,0,0,0,0,0,0,0,0,0,1
1.5569,0.44705,-0.89206,-1,0,0,0,0,0.4247,1.2219,-0.62991,1,-0.017905,5.0017e-05,0,0,0,0,1.4077,999,999,999,1.3491,0.57798,0,0,0,0,0,0,0,0,0,0,0,0,0,0,0,0,0,0,0,0,0,0,0,0,0,0,0,0,0,0,0,0,0,0,0,0,0,0,0,0.0031326,1.5569,-1,0.97712,0,0,0,0,0,0,0,0,0,0,0,0
0,0,0,0,0,0,0,0,1.3404,0.70493,0.7987,1,-0.97547,0.0035033,0.00025637,1,0,0,1.3506,999,999,999,0.53694,0.71578,1.9743,0,0,0,0,0,0,0,0,0,0,0,0,0,0,0,0,0,0,0,0,0,0,0,0,0,0,0,0,0,0,0,0,0,0,0,0,0,0,0.018148,1.3404,1,0.96176,0,0,0,0,0,0,0,0,0,0,0,0
0,0,0,0,0,0,0,0,0.65537,0.9374,0.29107,-1,-0.47142,0.20745,-9.6017e-05,1,0,0,0.6427,999,999,999,1.0961,1.0621,0.73772,0.52925,0.22146,4.0378e-07,9999,1,1,859.38,7.5195,0.15007,0,0,0,0,0,0,0,0,1,0.65537,0.73519,-0.30225,0,0,0,0,0,10,0.22146,4.0378e-07,9999,1,859.38,7.5195,0.15007,0.65537,0.73519,-0.30225,0,0.011245,0.65537,-1,0.73519,-0.30225,-1,-0.47142,-0.00083905,0,0,0,0,0,0,0,0
1.574,0,-0.16525,1,0,0,0,0,0.39872,0.35195,0.20714,1,-0.00033319,7.2929e-05,3.2377e-05,0,0,0,1.7803,999,999,999,0.74695,1.684,0.48568,0,0,0,0,0,0,0,0,0,0,0,0,0,0,0,0,0,0,0,0,0,0,0,0,0,0,0,0,0,0,0,0,0,0,0,0,0,0,0.0028958,1.574,1,0.98355,0,0,0,0,0,0,0,0,0,0,0,1
0,0,0,0,0,0,0,0,1.1418,0.088522,-0.31429,1,-0.99087,0.98445,0.033391,0,0,0,1.4661,-0.56604,0.58375,-0.39258,0.45442,0.71389,1.517,0,0,0,0,0,0,0,0,0,0,0,0,0,0,0,0,0,0,0,0,0,0,0,0,0,0,0,0,0,0,0,0,0,0,0,0,0,0,0.011934,1.1418,1,0.89772,0,0,0,0,0,0,0,0,0,0,0,0
1.5831,0.42279,-0.69262,-1,0,0,0,0,0.49307,1.1958,0.97339,-1,-0.98842,0.20985,-0.10181,1,0,0,1.5621,-1.5831,-0.99955,-0.83856,0.71822,0.79476,1.3989,0.99797,0.14984,0.00019988,9999,0,1,395.51,0,0.23026,0,0,0,0,0,0,0,0,1,1.5831,0.99955,-0.99598,0,0,0,0,0,10,0.14984,0.00019988,9999,1,395.51,0,0.23026,1.5831,0.99955,-0.99598,2,0.030082,1.5831,-1,0.99955,0.88077,-1,-0.98842,-0.89718,0,0,0,0,0,0,0,0
0,0,0,0,0,0,0,0,0.61411,0.89541,-0.16754,-1,0.35929,-8.0943e-05,-1.0642e-05,1,0,0,0.77532,999,999,999,0.73632,0.72145,0.39988,0,0,0,0,0,0,0,0,0,0,0,0,0,0,0,0,0,0,0,0,0,0,0,0,0,0,0,0,0,0,0,0,0,0,0,0,0,0,0.023441,0.61411,-1,0.40505,0,0,0,0,0,0,0,0,0,0,0,1
0,0,0,0,1.152,0.17329,-0.23499,-1,1.1359,0.55212,-0.57221,1,-0.99994,0.25147,0.18342,0,0,0,1.4338,999,999,999,0.31869,1.2415,0.55168,0.98769,0.098503,1.4132e-06,9999,1,1,0,6.1523,0.16431,0,0,0,0,0,0,0,0,1,1.152,0.79436,-0.85013,0,0,0,0,0,10,0.098503,1.4132e-06,9999,1,0,6.1523,0.16431,1.152,0.79436,-0.85013,2,0.011459,1.152,-1,0.79436,0.33819,-1,-0.99994,-0.88585,0,0,0,0,0,0,0,0
0,0,0,0,0,0,0,0,2.2607,0.063459,-0.99264,-1,-0.96624,0.038299,0,0,0,0,2.1025,999,999,999,1.9213,1.371,0,0,0,0,0,0,0,0,0,0,0,0,0,0,0,0,0,0,0,0,0,0,0,0,0,0,0,0,0,0,0,0,0,0,0,0,0,0,0,0.010227,2.2607,-1,0.99835,0,0,0,0,0,0,0,0,0,0,0,0
0,0,0,0,0,0,0,0,0.58179,0.085021,-0.19601,1,-0.38699,0.2479,-0.00017423,2,0,0,0.82178,999,999,999,1.415,0.93486,0.15087,0.79077,0.17682,0.00017423,9999,0,-1,761.72,0,0.15087,0,0,0,0,0,0,0,0,1,0.58179,0.74187,-0.59146,0,0,0,0,0,10,0.17682,0.00017423,9999,-1,761.72,0,0.15087,0.58179,0.74187,-0.59146,-0,0.0324,0.87153,-1,0.97016,0.85768,1,5.1336e-05,0.16303,0,0,0,0,0,0,0,1
0.87595,0.57255,-0.62504,-1,0,0,0,0,0.62852,0.85997,-0.94162,1,0.97851,-0.093085,0,0,0,0,1.0717,999,999,999,0.82915,1.0544,0,0,0,0,0,0,0,0,0,0,0,0,0,0,0,0,0,0,0,0,0,0,0,0,0,0,0,0,0,0,0,0,0,0,0,0,0,0,0,0.0047011,0.87595,-1,0.61101,0,0,0,0,0.87595,0.57255,-0.62504,-1,1,0.0047011,0.61101,1
0,0,0,0,0,0,0,0,0.66953,0.55661,-0.78309,1,-0.98752,7.0969e-05,1.2189e-06,1,0,0,0.83689,999,999,999,0.68973,0.65915,0.076783,0.79425,0.15344,1.2189e-06,9999,0,1,0,10.742,0.076783,0,0,0,0,0,0,0,0,1,999,999,999,0,0,0,0,0,0,0,0,0,0,0,0,0,0,0,0,0,0.0094805,0.66953,1,0.94894,0.95776,-1,-0.98752,-0.33203,0,0,0,0,0,0,0,0
0,0,0,0,0,0,0,0,1.4897,0.97672,-0.044797,1,0.76126,4.7104e-05,-4.6565e-05,0,0,0,1.2768,0.79531,-0.90047,-0.97619,2.3576,0.57812,0.57715,0,0,0,0,0,0,0,0,0,0,0,0,0,0,0,0,0,0,0,0,0,0,0,0,0,0,0,0,0,0,0,0,0,0,0,0,0,0,0.013048,1.4897,1,0.8252,0,0,0,0,0,0,0,0,0,0,0,1
0,0,0,0,0,0,0,0,1.4108,0.20572,-0.9188,1,0.027014,0.00034604,-2.8484e-06,2,1,0.50149,1.3047,999,999,999,1.3054,0.7263,0.26313,0.91402,0.11018,3.9494e-07,9999,1,1,849.61,7.1289,0.14402,0,0,0,0,0,0,0,0,1,999,999,999,0,0,0,0,0,10,0.15567,2.8484e-06,9999,-1,0,4.248,0.26313,1.4108,0.93136,-0.63277,-2,0.0033329,1.4108,1,0.93136,0.45233,-1,-2.8484e-06,-0.76617,0,0,0,0,0,0,0,1
0,0,0,0,0,0,0,0,1.6778,0.09759,-0.20738,1,0.96561,0.86722,-3.6091e-07,0,0,0,1.9976,1.1538,0.90415,-0.8907,2.0701,1.5103,0.11735,0.83357,0.12386,3.6091e-07,9999,1,-1,1562.5,10.156,0.11735,0,0,0,0,0,0,0,0,1,1.6778,0.9595,-0.94374,0,0,0,0,0,10,0.12386,3.6091e-07,9999,-1,1562.5,10.156,0.11735,1.6778,0.9595,-0.94374,-2,0.0050625,1.6778,1,0.9595,0.70764,1,0.86722,0.62164,0,0,0,0,0,0,0,1
0,0,0,0,0,0,0,0,1.5517,0.64003,-0.39698,1,0.96508,0.44039,-0.018685,0,0,0,2.1653,0.83602,0.59349,-0.33557,1.6947,1.3155,1.6532,0.99635,0.16678,4.4447e-07,9999,1,-1,634.77,6.3477,0.17444,0,0,0,0,0,0,0,0,1,0.83602,0.59349,-0.64706,0,0,0,0,0,10,0.16678,4.4447e-07,9999,-1,634.77,6.3477,0.17444,0.83602,0.59349,-0.64706,-5,0.0038528,1.5517,1,0.94806,-0.64706,1,0.44039,0.87553,0,0,0,0,0,0,0,1
0,0,0,0,0,0,0,0,0.44408,0.48029,0.20525,1,3.9169e-05,-6.3458e-07,0,0,0,0,0.48097,999,999,999,0.5466,0.24559,0,0,0,0,0,0,0,0,0,0,0,0,0,0,0,0,0,0,0,0,0,0,0,0,0,0,0,0,0,0,0,0,0,0,0,0,0,0,0,0,0,0,0,0,0,0,0,0,0,0,0,0,0,0,1
1.6599,0.54244,-0.91641,-1,0,0,0,0,0.30541,1.2222,0.18206,-1,-0.050875,7.5908e-06,-5.7409e-06,0,0,0,1.1401,999,999,999,1.1851,0.37167,0.34954,0.16083,0.18182,6.4886e-07,9999,1,1,576.17,3.7109,0.2493,0,0,0,0,0,0,0,0,1,1.6599,0.97363,-0.059631,0,0,0,0,0,10,0.18182,6.4886e-07,9999,1,576.17,3.7109,0.2493,1.6599,0.97363,-0.059631,5,0.0021881,1.6599,-1,0.97363,-0.059631,-1,-0.050875,-0.0049933,0,0,0,0,0,0,0,0
0,0,0,0,0,0,0,0,0.57032,1.2486,-0.28073,-1,0.99985,0.0099361,-0.00092845,2,1,0.50229,0.9907,0.5318,0.86311,-0.47805,0.33306,0.77875,0.7742,0.94583,0.23777,2.0967e-06,9999,0,1,400.39,3.6133,0.38833,0,1,0,0,0,0,0,0,1,0.57032,0.94027,-0.81792,0,0,0,0,0,10,0.23777,2.0967e-06,9999,1,400.39,3.6133,0.38833,0.57032,0.94027,-0.81792,9,0.0033895,0.50836,-1,0.59644,0.85563,1,0.99985,0.039418,0,0,0,0,0,0,0,0
1.0821,0,-0.44449,1,0,0,0,0,0.35411,0,-0.51359,-1,0.00061625,-4.386e-06,5.3292e-07,0,0,0,1.0802,999,999,999,1.4376,0.32886,0.21379,0.64314,0.12062,3.4378e-07,9999,1,-1,1308.6,10.938,0.10138,0,0,0,0,0,0,0,0,1,1.0821,0.7772,-0.18508,0,0,0,0,0,10,0.12062,3.4378e-07,9999,-1,1308.6,10.938,0.10138,1.0821,0.7772,-0.18508,-2,0.014251,1.0821,1,0.7772,-0.18508,1,0.00061625,0.43946,0,0,0,0,0,0,0,1
0,0,0,0,0,0,0,0,1.2487,0.55281,0.3018,-1,-0.96531,7.7789e-05,-7.7169e-05,0,0,0,1.4094,999,999,999,1.2432,0.70997,0.67042,0,0,0,0,0,0,0,0,0,0,0,0,0,0,0,0,0,0,0,0,0,0,0,0,0,0,0,0,0,0,0,0,0,0,0,0,0,0,0.016736,1.2487,-1,0.96184,0,0,0,0,0,0,0,0,0,0,0,0
0,0,0,0,0,0,0,0,0.55709,0.58492,-0.20158,1,2.3892e-05,-4.1478e-07,0,1,0,0,0.47966,999,999,999,0.47968,0.15719,0,0,0,0,0,0,0,0,0,0,0,0,0,0,0,0,0,0,0,0,0,0,0,0,0,0,0,0,0,0,0,0,0,0,0,0,0,0,0,0.034236,0.55709,1,0.98339,0,0,0,0,0,0,0,0,0,0,0,1
0,0,0,0,0,0,0,0,1.5494,0.41294,-0.90859,1,0.95791,0.0008854,-1.0268e-05,0,0,0,1.49,0.90967,0.98576,-0.68612,1.1792,1.1043,0.3968,0,0,0,0,0,0,0,0,0,0,0,0,0,0,0,0,0,0,0,0,0,0,0,0,0,0,0,0,0,0,0,0,0,0,0,0,0,0,0.014499,1.5494,1,0.78821,0,0,0,0,0,0,0,0,0,0,0,1
0,0,0,0,0,0,0,0,1.8945,0.57662,-0.97171,1,0.16248,-5.2529e-05,-5.225e-05,1,0,0,1.1483,999,999,999,3.0983,0.60047,0.58223,0,0,0,0,0,0,0,0,0,0,0,0,0,0,0,0,0,0,0,0,0,0,0,0,0,0,0,0,0,0,0,0,0,0,0,0,0,0,0.01726,0.52065,-1,0.3297,0,0,0,0,0,0,0,0,0,0,0,1
0.49681,1.9811,0.1476,1,0,0,0,0,1.3828,0.97788,-0.50541,1,0.0066908,-0.0018218,0.00031895,2,0,0,1.7902,0.89454,-0.90134,-0.88926,1.9047,0.47208,0.69357,0,0,0,0,0,0,0,0,0,0,0,0,0,0,0,0,0,0,0,0,0,0,0,0,0,0,0,0,0,0,0,0,0,0,0,0,0,0,8.824e-05,1.3828,1,0.96505,0,0,0,0,0.49681,1.9811,0.1476,1,1,0.08322,0.68191,0
1.6093,0,-0.63493,1,0,0,0,0,0.58681,0.67881,-0.59478,1,-0.77002,0.38428,0.012742,1,0,0,1.6951,999,999,999,0.1409,0.89442,1.7168,0,0,0,0,0,0,0,0,0,0,0,0,0,0,0,0,0,0,0,0,0,0,0,0,0,0,0,0,0,0,0,0,0,0,0,0,0,0,0.011313,1.6093,1,0.9285,0,0,0,0,0,0,0,0,0,0,0,1
0,0,0,0,1.5652,0.054729,-0.62562,-1,0.8004,0.89023,-0.47131,1,-0.057977,8.5611e-05,0,0,0,0,1.7174,999,999,999,1.9723,0.73625,0,0,0,0,0,0,0,0,0,0,0,0,0,0,0,0,0,0,0,0,0,0,0,0,0,0,0,0,0,0,0,0,0,0,0,0,0,0,0,0.006303,1.5652,-1,0.95945,0,0,0,0,0,0,0,0,0,0,0,0
0,0,0,0,0,0,0,0,0.92545,0.69044,-0.94146,-1,0.0094095,-0.00023928,-2.9475e-06,1,0,0,0.98945,999,999,999,0.70036,0.97455,0.2989,0.055028,0.049179,1.2126e-06,9999,0,1,0,30.469,0.10211,0,0,0,0,0,0,0,0,1,999,999,999,0,0,0,0,0,0,0,0,0,0,0,0,0,0,0,0,0,0.016572,0.92545,-1,0.98681,0.091077,-1,-0.00023928,-0.68515,0,0,0,0,0,0,0,1
0,0,0,0,0,0,0,0,1.4043,0.23881,-0.97588,1,0.072568,-2.5693e-06,1.211e-06,1,0,0,0.8185,999,999,999,2.2508,0.28859,0.099516,0.77844,0.19378,8.7564e-07,9999,1,-1,439.45,4.4434,0.29383,0,0,0,0,0,0,0,0,1,999,999,999,0,0,0,0,0,10,0.23205,2.5693e-06,9999,-1,434.57,3.1006,0.28859,1.4043,0.98349,-0.17573,-5,0.0059422,1.4043,1,0.98349,0.70243,1,0.072568,0.055956,0,0,0,0,0,0,0,1
0,0,0,0,0,0,0,0,0.84032,0.72653,-0.63911,1,0.00054567,-1.4096e-06,1.3619e-06,0,0,0,0.90182,999,999,999,0.76786,0.3499,0.34627,0.99088,0.17968,4.7364e-07,9999,1,-1,600.59,4.4434,0.1891,0,0,0,0,0,0,0,0,1,0.84032,0.75553,-0.71264,0,0,0,0,0,10,0.17968,4.7364e-07,9999,-1,600.59,4.4434,0.1891,0.84032,0.75553,-0.71264,-2,0.0024028,0.84032,1,0.75553,0.034236,1,1.3619e-06,0.82787,0,0,0,0,0,0,0,1
0.73529,1.1588,-0.7416,-1,0,0,0,0,1.467,0,-0.095614,1,0.018623,-0.010573,4.0242e-05,0,0,0,1.4824,0.55259,0.31806,-0.59559,1.1852,0.83957,0.55116,0,0,0,0,0,0,0,0,0,0,0,0,0,0,0,0,0,0,0,0,0,0,0,0,0,0,0,0,0,0,0,0,0,0,0,0,0,0,0.0078101,1.467,1,0.72348,0,0,0,0,0.73529,1.1588,-0.7416,-1,1,0.044469,0.53867,0
0,0,0,0,0,0,0,0,0.73514,0.088378,-0.97908,-1,-0.11208,0,0,0,0,0,0.69395,999,999,999,0.97666,0,0,0,0,0,0,0,0,0,0,0,0,0,0,0,0,0,0,0,0,0,0,0,0,0,0,0,0,0,0,0,0,0,0,0,0,0,0,0,0,0.0087796,0.73514,-1,0.88316,0,0,0,0,0,0,0,0,0,0,0,0
0,0,0,0,0,0,0,0,0.74107,1.0613,-0.88686,-1,0.85296,-0.00041649,-0.00017851,0,0,0,0.91977,999,999,999,0.2109,0.52022,0.70563,0.68181,0.20758,1.0604e-06,9999,1,1,507.81,3.5156,0.31807,0,0,0,0,0,0,0,0,1,0.64051,0.66269,-0.63324,0,0,0,0,0,10,0.20758,1.0604e-06,9999,1,507.81,3.5156,0.31807,0.64051,0.66269,-0.63324,5,0.0031905,0.74107,-1,0.75117,0.058632,-1,-0.00041649,-0.0071029,0,0,0,0,0,0,0,1
0,0,0,0,0,0,0,0,0.92292,0.85152,-0.39344,-1,0.98154,-0.96811,-0.023875,2,1,0.4992,1.1832,999,999,999,0.63001,1.1441,0.89895,0.51836,0.068977,1.2097e-06,9999,0,1,0,3.6621,0.096037,1,1,-0.46433,2.3815,2.2938,0.015986,0.28673,0.3271,1,0.56238,0.37367,-0.49296,0,0,0,0,0,10,0.068977,1.2097e-06,9999,1,0,3.6621,0.096037,0.56238,0.37367,-0.49296,11,0.0058484,0.92292,-1,0.98537,0.65545,-1,-0.96811,-0.70235,0,0,0,0,0,0,0,1
0,0,0,0,0,0,0,0,0.40991,1.2598,-0.93586,-1,0.013751,-1.4579e-05,9.0203e-07,1,0,0,0.61133,999,999,999,0.56062,0.4283,0.29778,0.76468,0.15268,7.1193e-07,9999,1,1,634.77,4.834,0.26413,0,0,0,0,0,0,0,0,1,999,999,999,0,0,0,0,0,0,0,0,0,0,0,0,0,0,0,0,0,0,0,0,0,-0.2184,1,0.013751,0.25306,0,0,0,0,0,0,0,0
0,0,0,0,0,0,0,0,0.24992,0,-0.67905,-1,-1.176e-06,0,0,0,0,0,0.22556,999,999,999,0.22819,0,0,0.74557,0.24992,1.176e-06,9999,1,-1,498.05,4.541,0.22819,0,0,0,0,0,0,0,0,1,999,999,999,0,0,0,0,0,0,0,0,0,0,0,0,0,0,0,0,0,0,0,0,0,0,0,0,0,0,0,0,0,0,0,0,1
0,0,0,0,0,0,0,0,1.1523,0.29557,-0.75486,-1,0.97819,-0.00079436,2.9177e-05,3,0,0,1.1458,0.51386,0.60998,-0.52231,0.51735,0.92481,0.49846,0,0,0,0,0,0,0,0,0,0,0,0,0,0,0,0,0,0,0,0,0,0,0,0,0,0,0,0,0,0,0,0,0,0,0,0,0,0,0.019348,1.1523,-1,0.95828,0,0,0,0,0,0,0,0,0,0,0,1
0,0,0,0,0,0,0,0,0.53739,1.4231,-0.91047,1,-0.00064867,4.7049e-05,2.5916e-05,1,0,0,0.82406,999,999,999,0.41725,0.52971,0.56969,0,0,0,0,0,0,0,0,0,0,0,0,0,0,0,0,0,0,0,0,0,0,0,0,0,0,0,0,0,0,0,0,0,0,0,0,0,0,0.032128,0.53739,1,0.90326,0,0,0,0,0,0,0,0,0,0,0,0
0,0,0,0,0.82516,2.1354,-0.29717,-1,0.48293,1.6982,-0.98588,-1,-0.9878,0.96363,-0.016991,0,0,0,1.2244,999,999,999,0.6352,0.36288,1.081,0.99889,0.23361,2.3925e-06,9999,1,1,644.53,4.3945,0.28322,1,0,2.0204,-1.7044,1.2437,0.057457,0.066171,0.059795,1,0.82516,0.49765,-0.48489,0,0,0,0,0,10,0.23361,2.3925e-06,9999,1,644.53,4.3945,0.28322,0.82516,0.49765,-0.48489,0,0.0061176,0.82516,-1,0.49765,0.7775,-1,-0.9878,-0.35493,0,0,0,0,0,0,0,0
0,0,0,0,0,0,0,0,0.41394,1.3581,-0.93521,1,-0.087235,0.00068208,4.6341e-05,1,1,0.49417,1.147,-0.52301,-0.99819,-0.94103,0.88404,0.74558,0.57626,0.63858,0.05527,1.2461e-06,9999,0,-1,0,18.75,0.061959,0,1,0,0,0,0,0,0,1,0.58315,0.37645,-0.44742,0,0,0,0,0,10,0.05527,1.2461e-06,9999,-1,0,18.75,0.061959,0.58315,0.37645,-0.44742,-2,0.0042437,0.68095,-1,0.95867,-0.44742,1,0.00068208,0.78121,0,0,0,0,0,0,0,1
1.5217,0.26196,-0.36438,1,0,0,0,0,0.73515,0.43522,0.56838,-1,-0.0062303,0.0011889,9.7834e-05,0,0,0,1.5592,999,999,999,0.56893,2.2468,0.74041,0,0,0,0,0,0,0,0,0,0,0,0,0,0,0,0,0,0,0,0,0,0,0,0,0,0,0,0,0,0,0,0,0,0,0,0,0,0,0.021234,1.5217,1,0.97515,0,0,0,0,0,0,0,0,0,0,0,1
0,0,0,0,0,0,0,0,0.9075,0.3156,0.9538,1,-0.97139,0.0050338,0.0013632,1,0,0,1.1075,999,999,999,0.9201,0.59341,0.92697,0.89607,0.14417,1.7271e-06,9999,1,-1,0,5.0781,0.20164,0,0,0,0,0,0,0,0,1,999,999,999,0,0,0,0,0,0,0,0,0,0,0,0,0,0,0,0,0,0.010438,0.9075,1,0.99261,0.90136,1,0.0013632,0.64937,0,0,0,0,0,0,0,0
0.9473,0.55453,-0.97453,-1,0,0,0,0,0.39912,0.13172,0.27713,1,-0.026361,8.6752e-05,0,0,0,0,0.86346,999,999,999,0.83643,0.65266,0,0,0,0,0,0,0,0,0,0,0,0,0,0,0,0,0,0,0,0,0,0,0,0,0,0,0,0,0,0,0,0,0,0,0,0,0,0,0,0.0031272,0.9473,-1,0.79594,0,0,0,0,0.9473,0.55453,-0.97453,-1,1,0.0031272,0.79594,0
1.2666,0.18314,-0.91804,1,0,0,0,0,0.58364,0.064686,-0.79493,-1,-0.76451,0.10193,-1.3011e-05,1,0,0,0.92879,999,999,999,0.65854,0.85486,0.41773,0,0,0,0,0,0,0,0,0,0,0,0,0,0,0,0,0,0,0,0,0,0,0,0,0,0,0,0,0,0,0,0,0,0,0,0,0,0,0.00089458,1.2666,1,0.91599,0,0,0,0,0,0,0,0,0,0,0,1
0,0,0,0,0,0,0,0,0.80753,0.41004,-0.98987,1,0.042009,0,0,0,0,0,0.59967,999,999,999,1.2421,0,0,0,0,0,0,0,0,0,0,0,0,0,0,0,0,0,0,0,0,0,0,0,0,0,0,0,0,0,0,0,0,0,0,0,0,0,0,0,0,0.009719,0.80753,1,0.78981,0,0,0,0,0,0,0,0,0,0,0,1
0,0,0,0,0,0,0,0,1.0654,0.42532,-0.53491,-1,-0.046708,-0.00013001,4.9774e-05,1,1,0.49115,1.3334,-0.58655,0.91505,-0.70485,1.499,0.76971,0.58498,0.15362,0.073449,3.5432e-07,9999,0,-1,3164.1,4.1992,0.11143,0,1,0,0,0,0,0,0,1,0.55509,0.83742,-0.22004,0,0,0,0,0,10,0.073449,3.5432e-07,9999,-1,3164.1,4.1992,0.11143,0.55509,0.83742,-0.22004,-11,0.011426,1.0654,-1,0.71554,-0.22004,1,4.9774e-05,0.57396,0,0,0,0,0,0,0,0
0.54821,1.1461,0.89176,1,0,0,0,0,0.83996,1.6529,-0.91846,-1,-0.97668,-0.95206,0.076666,1,0,0,1.2049,-0.83996,0.98993,-0.52853,0.69438,1.2914,1.2731,0,0,0,0,0,0,0,0,0,0,0,0,0,0,0,0,0,0,0,0,0,0,0,0,0,0,0,0,0,0,0,0,0,0,0,0,0,0,0.011587,0.83996,-1,0.98993,0,0,0,0,0.54821,1.1461,0.89176,1,2,0.036861,0.56252,0
1.0373,0,0.64843,1,0,0,0,0,1.4588,0.043414,-0.85812,1,-0.53401,0.091891,0.00063526,2,1,0.49943,1.4318,999,999,999,0.76449,2.0851,0.75906,0,0,0,0,0,0,0,0,0,0,0,0,0,0,0,0,0,0,0,0,0,0,0,0,0,0,0,0,0,0,0,0,0,0,0,0,0,0,0.0059095,1.0373,1,0.94762,0,0,0,0,0.47868,1.0373,-0.87859,-1,2,0.0063866,0.82266,1
0,0,0,0,0,0,0,0,0.73049,0,-0.48833,1,0.97987,0.0061174,-0.00010261,1,1,0.50392,1.0114,0.73049,0.7879,-0.10129,0.6039,1.0612,0.74638,0.30609,0.12516,4.4537e-07,9999,1,-1,722.66,6.1035,0.17492,0,0,0,0,0,0,0,0,1,999,999,999,0,0,0,0,0,0,0,0,0,0,0,0,0,0,0,0,0,0.04212,0.63955,-1,0.70087,0.96178,1,0.97987,0.24675,0,0,0,0,0,0,0,1
0,0,0,0,0,0,0,0,0.46489,0.484,0.43778,1,0.59623,0.053576,-4.4851e-05,3,1,0.5012,0.97817,0.75653,0.81379,-0.10396,1.4327,1.112,0.55179,0,0,0,0,0,0,0,0,0,0,0,0,0,0,0,0,0,0,0,0,0,0,0,0,0,0,0,0,0,0,0,0,0,0,0,0,0,0,0.016238,0.87428,1,0.64784,0,0,0,0,0,0,0,0,0,0,0,1
0,0,0,0,1.4376,0.27317,-0.36046,-1,0.69789,0.23244,0.00064018,-1,-0.99758,0.99494,-0.25285,3,0,0,1.2257,-1.4376,0.93183,-0.91191,0.53292,0.60553,2.2587,0,0,0,0,0,0,0,0,0,0,0,0,0,0,0,0,0,0,0,0,0,0,0,0,0,0,0,0,0,0,0,0,0,0,0,0,0,0,0.012364,1.4376,-1,0.93183,0,0,0,0,0,0,0,0,0,0,0,0
1.0358,0.96352,0.61076,-1,0,0,0,0,1.9325,0.18767,-0.89929,1,-0.093104,0.0042848,0.00061325,0,0,0,2.1998,999,999,999,0.96629,2.5591,0.79896,0.99603,0.2147,5.4686e-07,9999,1,-1,590.82,4.2969,0.21881,0,0,0,0,0,0,0,0,1,1.9325,0.99974,-0.99487,0,0,0,0,0,10,0.2147,5.4686e-07,9999,-1,590.82,4.2969,0.21881,1.9325,0.99974,-0.99487,-2,0.0093099,1.9325,1,0.99974,0.75624,1,0.00061325,0.608,0,0,0,0,0,0,0,1
0,0,0,0,0,0,0,0,0.74957,1.5158,-0.81967,1,0.00030905,8.9508e-05,-8.5952e-06,0,0,0,1.0241,0.59235,0.23526,-0.62579,0.92913,0.67504,0.38183,0,0,0,0,0,0,0,0,0,0,0,0,0,0,0,0,0,0,0,0,0,0,0,0,0,0,0,0,0,0,0,0,0,0,0,0,0,0,0.004544,0.74957,1,0.83186,0,0,0,0,0,0,0,0,0,0,0,1
0,0,0,0,0,0,0,0,1.2058,0.93322,-0.81685,1,0.0030702,-0.00028253,1.7497e-05,1,1,0.49074,1.3525,999,999,999,1.4455,0.76077,0.44607,0.74657,0.063949,1.2143e-06,9999,0,1,0,25.781,0.081217,0,1,0,0,0,0,0,0,1,999,999,999,0,0,0,0,0,10,0.21119,1.1035e-06,9999,-1,541.99,3.418,0.3228,1.2058,0.97157,-0.36615,-4,0.0073462,1.2058,1,0.97157,0.45727,-1,-1.1035e-06,-0.75148,0,0,0,0,0,0,0,0
0,0,0,0,0,0,0,0,0.18863,1.4475,-0.50745,-1,2.5316e-06,2.0837e-06,-7.0776e-07,2,2,0.49855,0.44825,999,999,999,0.40483,0.27277,0.26322,0.54652,0.18863,4.0702e-07,9999,0,-1,761.72,7.6172,0.15221,0,1,0,0,0,0,0,0,1,999,999,999,0,0,0,0,0,0,0,0,0,0,0,0,0,0,0,0,0,0,0,0,0,-0.13793,1,2.0837e-06,0.013832,0,0,0,0,0,0,0,1
0,0,0,0,0,0,0,0,0.54276,0.053706,0.72931,-1,-0.40282,0.00010708,7.4129e-05,0,0,0,1.1852,-0.54276,-0.88751,-0.94316,1.625,0.67783,0.66196,0,0,0,0,0,0,0,0,0,0,0,0,0,0,0,0,0,0,0,0,0,0,0,0,0,0,0,0,0,0,0,0,0,0,0,0,0,0,0.031917,1.0013,-1,0.6873,0,0,0,0,0,0,0,0,0,0,0,0
0,0,0,0,0,0,0,0,0.8894,1.3727,-0.78258,1,0.99989,-0.96552,0.0012782,1,0,0,1.0914,0.8894,0.99475,-0.8627,0.29919,0.9422,1.046,0,0,0,0,0,0,0,0,0,0,0,0,0,0,0,0,0,0,0,0,0,0,0,0,0,0,0,0,0,0,0,0,0,0,0,0,0,0,0.066415,0.8894,1,0.99475,0,0,0,0,0,0,0,0,0,0,0,1
0,0,0,0,0,0,0,0,0.6887,2.1715,-0.6283,-1,-0.9863,-0.97428,9.6076e-05,0,0,0,1.1593,999,999,999,0.73614,0.76732,0.74549,0.48819,0.18184,4.016e-07,9999,0,1,917.97,6.6406,0.14861,0,0,0,0,0,0,0,0,1,0.70536,0.98281,-0.58412,0,0,0,0,0,10,0.18184,4.016e-07,9999,1,917.97,6.6406,0.14861,0.70536,0.98281,-0.58412,0,0.0014744,0.70536,-1,0.98281,0.043497,-1,-0.97428,-0.018502,0,0,0,0,0,0,0,0
1.3313,0,-0.89134,-1,0,0,0,0,0.35403,0.51469,0.93975,-1,-0.00035713,-8.2869e-06,1.6085e-06,1,0,0,1.3984,999,999,999,1.6195,0.37882,0.36333,0.5256,0.12231,4.04e-07,9999,1,-1,644.53,7.5195,0.15021,0,0,0,0,0,0,0,0,1,999,999,999,0,0,0,0,0,10,0.2382,1.6085e-06,9999,1,532.23,2.8564,0.36333,1.3313,0.97637,-0.73265,5,0.0030262,1.3313,-1,0.97637,0.72809,-1,-8.2869e-06,-0.0026665,0,0,0,0,0,0,0,0
0,0,0,0,0,0,0,0,0.8551,1.0536,-0.88588,-1,-0.011482,6.5944e-06,5.8532e-06,0,1,0.49928,0.95144,999,999,999,0.93172,0.36041,0.35105,0.68898,0.24289,5.8532e-06,9999,1,1,454.1,3.6621,0.35105,0,0,0,0,0,0,0,0,1,999,999,999,0,0,0,0,0,0,0,0,0,0,0,0,0,0,0,0,0,0.0070331,0.8551,-1,0.88403,0.36346,-1,-0.011482,-0.00034327,0,0,0,0,0,0,0,0
0,0,0,0,0,0,0,0,0.63818,0.82293,0.99899,-1,0.99784,-0.95309,0.77895,1,0,0,0.83551,999,999,999,0.52356,0.97742,0.13613,0,0,0,0,0,0,0,0,0,0,0,0,0,0,0,0,0,0,0,0,0,0,0,0,0,0,0,0,0,0,0,0,0,0,0,0,0,0,0.016279,0.76218,1,0.82578,0,0,0,0,0,0,0,0,0,0,0,1
0,0,0,0,0,0,0,0,0.38212,0.32429,-0.38806,-1,-1.8783e-05,-6.5912e-07,4.9915e-07,0,0,0,0.46895,999,999,999,0.45334,0.25189,0.20046,0.27401,0.11239,4.9915e-07,9999,1,1,576.17,4.248,0.20046,0,0,0,0,0,0,0,0,1,999,999,999,0,0,0,0,0,0,0,0,0,0,0,0,0,0,0,0,0,0,0,0,0,0.79765,-1,-1.8783e-05,-0.33677,0,0,0,0,0,0,0,1
1.8022,0,-0.97341,1,0,0,0,0,0,0,0,0,7.7652e-05,-3.8007e-07,0,1,0,0,1.7966,999,999,999,2.2519,0.13308,0,0,0,0,0,0,0,0,0,0,0,0,0,0,0,0,0,0,0,0,0,0,0,0,0,0,0,0,0,0,0,0,0,0,0,0,0,0,0,0.0070426,1.8022,1,0.98641,0,0,0,0,0,0,0,0,0,0,0,1
0,0,0,0,0,0,0,0,1.1606,0.3955,-0.98784,-1,-0.016204,-0.0003026,-6.2846e-05,0,0,0,1.2551,999,999,999,0.991,0.57416,0.56231,0,0,0,0,0,0,0,0,0,0,0,0,0,0,0,0,0,0,0,0,0,0,0,0,0,0,0,0,0,0,0,0,0,0,0,0,0,0,0.001229,1.1606,-1,0.79398,0,0,0,0,0,0,0,0,0,0,0,1
0,0,0,0,0,0,0,0,0.4868,0,-0.11018,-1,-0.87516,-0.03267,-0.002852,3,1,0.4952,1.0022,999,999,999,0.64295,0.8003,0.69486,0.77707,0.13659,4.9393e-07,9999,0,1,644.53,4.4922,0.19823,0,0,0,0,0,0,0,0,1,999,999,999,0,0,0,0,0,0,0,0,0,0,0,0,0,0,0,0,0,0.081727,0.5157,-1,0.89137,0.93503,-1,-0.87516,-0.47071,0,0,0,0,0,0,0,0
0,0,0,0,0,0,0,0,0.59012,1.1213,-0.81077,1,-0.061839,-5.6484e-05,4.1528e-05,1,0,0,1.0264,999,999,999,0.72948,0.61831,0.55202,0,0,0,0,0,0,0,0,0,0,0,0,0,0,0,0,0,0,0,0,0,0,0,0,0,0,0,0,0,0,0,0,0,0,0,0,0,0,0.013501,0.77114,1,0.91382,0,0,0,0,0,0,0,0,0,0,0,1
0,0,0,0,0,0,0,0,0.75742,1.0391,-0.62501,1,0.38406,-0.0086868,-3.5881e-05,2,1,0.50055,0.67034,999,999,999,1.207,0.83513,0.42878,0.26538,0.15778,7.5769e-07,9999,0,1,566.41,6.0059,0.27352,0,1,0,0,0,0,0,0,1,999,999,999,0,0,0,0,0,10,0.17747,1.2101e-06,9999,-1,0,13.867,0.08796,0.75742,0.98271,-0.55627,-5,0.014131,0.75742,1,0.98271,0.16848,-1,-0.0086868,-0.048065,0,0,0,0,0,0,0,0
0,0,0,0,0,0,0,0,0.45986,0.38374,0.90955,1,0.00062184,0.00017525,8.3391e-05,3,0,0,0.83208,999,999,999,0.36658,0.17233,0.32386,0.95227,0.19533,0.00017525,9999,0,1,712.89,0,0.17233,0,0,0,0,0,0,0,0,1,999,999,999,0,0,0,0,0,0,0,0,0,0,0,0,0,0,0,0,0,0,0,0,0,0.69946,1,0.00017525,0.47646,0,0,0,0,0,0,0,1
1.5066,0.7181,-0.597,1,1.3171,0.31557,0.40567,-1,0.45322,1.4825,-0.93442,1,-0.049076,0.0078533,7.1776e-05,0,0,0,1.932,999,999,999,1.7761,1.5172,0.68893,0.96649,0.080577,3.9531e-07,9999,1,-1,791.02,6.3477,0.14427,0,0,0,0,0,0,0,0,1,1.5066,0.99488,-0.94718,0,0,0,0,0,10,0.080577,3.9531e-07,9999,-1,791.02,6.3477,0.14427,1.5066,0.99488,-0.94718,-2,0.011732,1.5066,1,0.99488,-0.42195,1,7.1776e-05,0.85131,0,0,0,0,0,0,0,1
0,0,0,0,0,0,0,0,0.69317,0.16708,-0.96521,1,-0.93543,1.7268e-05,0,0,0,0,0.50699,999,999,999,0.47422,0.44477,0,0,0,0,0,0,0,0,0,0,0,0,0,0,0,0,0,0,0,0,0,0,0,0,0,0,0,0,0,0,0,0,0,0,0,0,0,0,0,0.037655,0.69317,1,0.97802,0,0,0,0,0,0,0,0,0,0,0,0
0,0,0,0,0,0,0,0,0.64744,0.50027,-0.068125,1,-0.70539,0.001507,-0.00018335,0,0,0,0.81918,999,999,999,1.0454,0.76034,0.20177,0.67476,0.16173,0.00018335,9999,1,-1,620.12,0,0.20177,0,0,0,0,0,0,0,0,1,999,999,999,0,0,0,0,0,0,0,0,0,0,0,0,0,0,0,0,0,0.0085477,0.64744,1,0.72577,0.018765,1,0.001507,0.14033,0,0,0,0,0,0,0,1
0,0,0,0,1.1236,0,-0.40584,1,0.98351,0.39736,-0.58797,1,0.91417,0.19464,-3.0728e-06,0,0,0,1.157,1.1236,0.8272,-0.49837,0.58753,1.5618,0.30203,0.65359,0.14329,1.2163e-06,9999,1,-1,0,20.117,0.079079,0,0,0,0,0,0,0,0,1,1.1236,0.8272,-0.11979,0,0,0,0,0,10,0.14329,1.2163e-06,9999,-1,0,20.117,0.079079,1.1236,0.8272,-0.11979,-2,0.004967,1.1236,1,0.8272,0.91847,1,0.91417,0.25892,0,0,0,0,0,0,0,1
0,0,0,0,0,0,0,0,1.692,0.70374,-0.99506,1,0.64347,0.00057919,5.445e-05,0,0,0,0.90969,0.56771,0.96031,-0.84795,1.0165,0.88338,0.60714,0,0,0,0,0,0,0,0,0,0,0,0,0,0,0,0,0,0,0,0,0,0,0,0,0,0,0,0,0,0,0,0,0,0,0,0,0,0,0.00058424,1.692,1,0.93897,0,0,0,0,0,0,0,0,0,0,0,0
0,0,0,0,0,0,0,0,0.64144,0.52309,0.0047247,1,0.99972,0.99964,4.3049e-07,1,0,0,0.51053,999,999,999,0.33163,0.40743,0.16664,0.39187,0.11788,4.3049e-07,9999,0,1,693.36,6.6406,0.16664,0,0,0,0,0,0,0,0,1,999,999,999,0,0,0,0,0,0,0,0,0,0,0,0,0,0,0,0,0,0.0026863,0.64144,1,0.71992,0,0,0,0,0,0,0,0,0,0,0,1
0,0,0,0,0,0,0,0,0.77364,1.0456,-0.66736,-1,0.99992,-0.858,-0.015004,2,0,0,1.1553,999,999,999,0.29312,1.1298,1.0678,0,0,0,0,0,0,0,0,0,0,0,0,0,0,0,0,0,0,0,0,0,0,0,0,0,0,0,0,0,0,0,0,0,0,0,0,0,0,0.0028202,0.77364,-1,0.99109,0,0,0,0,0,0,0,0,0,0,0,1
1.8285,0.20454,-0.88951,1,0,0,0,0,0.19602,0.94028,0.76067,1,6.3934e-05,-1.2163e-06,4.7272e-07,0,0,0,1.4106,999,999,999,2.7199,0.10637,0.18867,0.64747,0.094894,1.2163e-06,9999,1,-1,0,13.867,0.10637,0,0,0,0,0,0,0,0,1,1.8285,0.99454,-0.72248,0,0,0,0,0,10,0.094894,1.2163e-06,9999,-1,0,13.867,0.10637,1.8285,0.99454,-0.72248,-0,0.0021972,1.8285,1,0.99454,-0.72248,1,6.3934e-05,0.62252,0,0,0,0,0,0,0,1
0,0,0,0,1.8,0.40062,-0.83638,1,0.92639,0.92693,0.58186,1,-0.99999,0.006456,0.0014266,3,1,0.50433,1.7707,999,999,999,0.21692,0.88082,2.5851,0.98909,0.15599,4.2704e-07,9999,0,1,703.12,6.6406,0.16463,0,1,0,0,0,0,0,0,1,999,999,999,0,0,0,0,0,10,0.18655,0.99999,9999,-1,3085.9,21.094,0.21692,1.8,0.97744,-0.98748,-3,0.0054708,1.8,1,0.97744,0.91773,-1,-0.99999,-0.87183,0,0,0,0,0,0,0,1
0,0,0,0,0,0,0,0,1.7256,0,-0.99178,-1,-0.029303,-6.4603e-06,3.5241e-06,2,1,0.49188,0.99593,999,999,999,1.1903,0.35879,0.2838,0.98682,0.21697,3.9341e-07,9999,1,-1,683.59,3.9551,0.14293,0,0,0,0,0,0,0,0,1,999,999,999,0,0,0,0,0,0,0,0,0,0,0,0,0,0,0,0,0,0.0007355,1.7256,-1,0.99178,-0.74547,1,3.5241e-06,0.50328,0,0,0,0,0,0,0,1
1.1749,0.19004,-0.042053,-1,0,0,0,0,0.96833,0.11831,-0.58672,-1,-0.020265,-8.331e-05,4.2233e-05,0,0,0,1.5037,-0.96833,-0.7403,-0.58799,1.3664,0.68478,0.55936,0,0,0,0,0,0,0,0,0,0,0,0,0,0,0,0,0,0,0,0,0,0,0,0,0,0,0,0,0,0,0,0,0,0,0,0,0,0,0.0081524,1.1749,-1,0.93245,0,0,0,0,0,0,0,0,0,0,0,0
0,0,0,0,1.6157,0.75796,-0.91355,-1,0.22155,1.0769,-0.081713,1,-0.22537,5.0446e-07,0,0,0,0,1.2773,999,999,999,2.4224,0.20267,0,0.67465,0.22155,5.0446e-07,9999,1,1,585.94,4.0527,0.20267,0,0,0,0,0,0,0,0,1,999,999,999,0,0,0,0,0,0,0,0,0,0,0,0,0,0,0,0,0,0.0009545,1.6157,-1,0.89886,0.30293,-1,-0.22537,-0.0019816,0,0,0,0,0,0,0,0
0,0,0,0,0,0,0,0,0.97256,0.80007,0.35957,1,0.93322,0.92908,0.91231,1,0,0,1.3239,999,999,999,0.49244,0.53637,1.0184,0.23411,0.12765,5.324e-07,9999,1,-1,761.72,4.4922,0.21359,0,0,0,0,0,0,0,0,1,0.97256,0.52323,-0.5342,0,0,0,0,0,10,0.12765,5.324e-07,9999,-1,761.72,4.4922,0.21359,0.97256,0.52323,-0.5342,-5,0.0071687,0.97256,1,0.52323,0.75412,1,0.93322,0.20824,0,0,0,0,0,0,0,1
0.33931,0.97215,0.21929,1,0,0,0,0,0.64039,0.87074,0.31136,1,0.0006492,2.2019e-05,3.4553e-07,1,0,0,0.46983,999,999,999,0.4249,0.46917,0.10311,0.33631,0.10547,3.4553e-07,9999,0,1,1738.3,10.059,0.10311,0,0,0,0,0,0,0,0,1,999,999,999,0,0,0,0,0,0,0,0,0,0,0,0,0,0,0,0,0,0.022107,0.64039,1,0.57662,0,0,0,0,0.33931,0.97215,0.21929,1,1,0.042861,0.19725,1
0,0,0,0,0,0,0,0,0.73682,1.4499,-0.45657,1,0.9979,1.4766e-05,-1.3544e-06,0,0,0,0.6799,999,999,999,0.52144,0.4295,0.34568,0,0,0,0,0,0,0,0,0,0,0,0,0,0,0,0,0,0,0,0,0,0,0,0,0,0,0,0,0,0,0,0,0,0,0,0,0,0,0.0030946,0.6734,1,0.92236,0,0,0,0,0,0,0,0,0,0,0,1
0,0,0,0,0,0,0,0,0.6333,0.87475,-0.64895,-1,-0.017202,4.9983e-06,-4.6121e-06,0,1,0.50035,0.72404,999,999,999,0.8822,0.33884,0.33268,0,0,0,0,0,0,0,0,0,0,0,0,0,0,0,0,0,0,0,0,0,0,0,0,0,0,0,0,0,0,0,0,0,0,0,0,0,0,0.015466,0.6333,-1,0.91881,0,0,0,0,0,0,0,0,0,0,0,1
0,0,0,0,0,0,0,0,1.1159,0.90564,-0.21491,-1,0.94788,-0.0059646,0.00018741,1,0,0,1.5664,999,999,999,0.9737,1.0466,0.71449,0.45739,0.13098,1.2202e-06,9999,0,1,0,8.6914,0.075742,0,0,0,0,0,0,0,0,1,0.63485,0.58289,-0.16101,0,0,0,0,0,10,0.13098,1.2202e-06,9999,1,0,8.6914,0.075742,0.63485,0.58289,-0.16101,6,0.01924,1.1159,-1,0.88308,-0.99584,1,0.94788,0.1661,0,0,0,0,0,0,0,1
0,0,0,0,0,0,0,0,0.51341,0.28352,0.11736,-1,-0.99181,2.825e-05,8.1255e-06,0,0,0,0.49067,999,999,999,0.3398,0.49946,0.37721,0,0,0,0,0,0,0,0,0,0,0,0,0,0,0,0,0,0,0,0,0,0,0,0,0,0,0,0,0,0,0,0,0,0,0,0,0,0,0.011757,0.51341,-1,0.85505,0,0,0,0,0,0,0,0,0,0,0,0
0,0,0,0,0,0,0,0,1.0401,1.1105,-0.66293,1,-0.99989,0.59528,0.030873,0,0,0,1.4597,999,999,999,0.30706,1.3524,1.0843,0.55439,0.22728,0.99989,9999,1,-1,1601.6,18.945,0.30706,0,0,0,0,0,0,0,0,1,1.0401,0.90285,-0.85788,0,0,0,0,0,10,0.22728,0.99989,9999,-1,1601.6,18.945,0.30706,1.0401,0.90285,-0.85788,-22,0.014388,1.0401,1,0.90285,0.18295,1,8.9669e-05,5.114e-06,0,0,0,0,0,0,0,0
0,0,0,0,0,0,0,0,0.27256,0,0.98494,1,-0.98656,0.54676,0.00058481,2,0,0,0.84765,-0.65968,-0.92096,-0.64632,0.71325,0.55206,0.51602,0,0,0,0,0,0,0,0,0,0,0,0,0,0,0,0,0,0,0,0,0,0,0,0,0,0,0,0,0,0,0,0,0,0,0,0,0,0,0.0053586,0.65968,-1,0.92096,0,0,0,0,0,0,0,0,0,0,0,1
0,0,0,0,0,0,0,0,0.57362,0.67236,0.43848,-1,-0.0027085,-1.2054e-05,3.721e-06,2,0,0,0.63656,999,999,999,0.7747,0.41083,0.28877,0.64967,0.099698,3.9922e-07,9999,0,1,722.66,3.7109,0.14699,0,0,0,0,0,0,0,0,1,0.57362,0.68392,-0.60144,0,0,0,0,0,10,0.16761,3.721e-06,9999,1,0,2.9053,0.28877,0.57362,0.68392,-0.19282,0,0.0083824,0.57362,-1,0.68392,0.64502,1,1.325e-06,0.44384,0,0,0,0,0,0,0,1
0,0,0,0,0,0,0,0,1.0483,0.94831,-0.86023,-1,0.99714,0.94985,-0.0017879,0,0,0,1.5614,999,999,999,0.54639,0.78238,1.1769,0,0,0,0,0,0,0,0,0,0,0,0,0,0,0,0,0,0,0,0,0,0,0,0,0,0,0,0,0,0,0,0,0,0,0,0,0,0,0.0081229,1.0483,-1,0.98348,0,0,0,0,0,0,0,0,0,0,0,1
0,0,0,0,0,0,0,0,0.8197,0.57033,-0.90634,1,0.97069,0.17203,-0.00037204,2,0,0,0.71086,999,999,999,1.3054,0.84112,0.74937,0.90159,0.2398,2.7488e-06,9999,0,-1,0,43.75,0.25946,0,0,0,0,0,0,0,0,1,0.8197,0.96002,-0.81746,0,0,0,0,0,10,0.2398,2.7488e-06,9999,-1,0,43.75,0.25946,0.8197,0.96002,-0.81746,-0,0.0073991,0.8197,1,0.96002,-0.81746,1,0.97069,0.014477,0,0,0,0,0,0,0,0
0,0,0,0,0,0,0,0,1.5614,0.77933,-0.090178,-1,-0.041805,-0.03205,8.2541e-05,3,0,0,1.813,999,999,999,1.6901,0.33844,0.74324,0.99052,0.18304,1.7706e-06,9999,0,-1,0,3.9551,0.20544,0,0,0,0,0,0,0,0,1,999,999,999,0,0,0,0,0,10,0.060904,1.2486e-06,9999,1,0,7.0312,0.12491,1.5614,0.93738,-0.18632,4,0.0091325,1.5614,-1,0.93738,0.94489,1,8.2541e-05,0.81448,0,0,0,0,0,0,0,1
0,0,0,0,0,0,0,0,0.71913,1.0003,-0.87969,-1,-0.16557,0.00067941,3.4378e-05,0,0,0,0.99895,999,999,999,0.76196,0.80154,0.52671,0,0,0,0,0,0,0,0,0,0,0,0,0,0,0,0,0,0,0,0,0,0,0,0,0,0,0,0,0,0,0,0,0,0,0,0,0,0,0.0018971,0.71913,-1,0.8941,0,0,0,0,0,0,0,0,0,0,0,0
0,0,0,0,0,0,0,0,0.65786,0.92344,-0.75099,1,0.96477,-1.3757e-06,1.2533e-06,1,0,0,0.69882,999,999,999,0.70485,0.15777,0.12676,0.82826,0.057103,1.2533e-06,9999,0,1,0,7.1289,0.12676,0,0,0,0,0,0,0,0,1,999,999,999,0,0,0,0,0,10,0.10259,1.3757e-06,9999,-1,0,4.7363,0.15777,0.65786,0.97186,-0.026805,-6,0.05096,0.65786,1,0.97186,-0.026805,1,0.96477,0.38923,0,0,0,0,0,0,0,0
0,0,0,0,0,0,0,0,0.99912,0.77337,-0.63451,-1,0.93,-0.024993,0.00041202,1,0,0,1.47,999,999,999,1.02,1.4409,0.51895,0,0,0,0,0,0,0,0,0,0,0,0,0,0,0,0,0,0,0,0,0,0,0,0,0,0,0,0,0,0,0,0,0,0,0,0,0,0,0.0043164,1.0245,1,0.81985,0,0,0,0,0,0,0,0,0,0,0,1
0,0,0,0,0,0,0,0,0.8166,1.5356,-0.99129,1,-0.99972,0.078053,0.025298,1,0,0,1.0573,-0.55677,-0.66084,-0.068392,0.39404,0.1446,1.245,0.80257,0.09194,3.9067e-07,9999,1,-1,781.25,6.7383,0.14097,0,0,0,0,0,0,0,0,1,999,999,999,0,0,0,0,0,10,0.24772,0.99972,9999,-1,1084,8.5938,0.39404,0.8166,0.82856,-0.73501,-3,0.0086281,0.8166,1,0.82856,-0.028725,1,0.078053,0.69916,0,0,0,0,0,0,0,0
0.37802,1.5714,-0.44003,-1,0,0,0,0,0.31387,0.84982,-0.055262,1,0.99997,0.89368,-0.18756,1,0,0,0.73538,999,999,999,0.26811,0.53605,0.5618,0,0,0,0,0,0,0,0,0,0,0,0,0,0,0,0,0,0,0,0,0,0,0,0,0,0,0,0,0,0,0,0,0,0,0,0,0,0,0.0093416,0.54577,-1,0.83471,0,0,0,0,0.37802,1.5714,-0.44003,-1,1,0.30327,0.77158,1
0,0,0,0,0,0,0,0,1.186,0.93264,0.94424,1,0.94796,0.11531,-0.00029794,0,0,0,1.2248,1.186,-0.95812,-0.97409,1.3287,0.89149,0.76678,0,0,0,0,0,0,0,0,0,0,0,0,0,0,0,0,0,0,0,0,0,0,0,0,0,0,0,0,0,0,0,0,0,0,0,0,0,0,0.029499,1.186,1,0.95812,0,0,0,0,0,0,0,0,0,0,0,1
0,0,0,0,0,0,0,0,0.50681,1.3615,0.83527,-1,0.00016142,-6.0395e-05,-5.9694e-05,0,0,0,0.84207,999,999,999,0.37495,0.63064,0.62191,0,0,0,0,0,0,0,0,0,0,0,0,0,0,0,0,0,0,0,0,0,0,0,0,0,0,0,0,0,0,0,0,0,0,0,0,0,0,0.005946,0.50681,-1,0.92472,0,0,0,0,0,0,0,0,0,0,0,1
0,0,0,0,0.83391,0.83066,-0.37496,1,0.44371,0.25976,0.81171,1,0.97561,-0.10197,0.0065715,0,0,0,1.2142,999,999,999,0.49395,0.69927,0.9724,0,0,0,0,0,0,0,0,0,0,0,0,0,0,0,0,0,0,0,0,0,0,0,0,0,0,0,0,0,0,0,0,0,0,0,0,0,0,0.010111,0.83391,1,0.49977,0,0,0,0,0,0,0,0,0,0,0,1
1.2979,0.91992,0.74498,-1,0,0,0,0,2.2374,0.24561,-0.83115,1,0.13721,-0.00010498,1.4868e-05,0,0,0,2.3416,999,999,999,2.0585,1.9038,0.43016,0,0,0,0,0,0,0,0,0,0,0,0,0,0,0,0,0,0,0,0,0,0,0,0,0,0,0,0,0,0,0,0,0,0,0,0,0,0,0.032448,2.2374,1,0.99478,0,0,0,0,0,0,0,0,0,0,0,1
0,0,0,0,1.246,0.86934,0.16981,1,0.95778,1.1812,-0.54962,-1,0.034607,-7.902e-05,5.7591e-05,0,0,0,1.4946,999,999,999,1.7062,0.71484,0.62341,0,0,0,0,0,0,0,0,0,0,0,0,0,0,0,0,0,0,0,0,0,0,0,0,0,0,0,0,0,0,0,0,0,0,0,0,0,0,0.023914,1.246,1,0.97312,0,0,0,0,0,0,0,0,0,0,0,0
0,0,0,0,0,0,0,0,1.2671,0.49526,-0.86946,1,0.039058,-6.1644e-05,4.0407e-05,1,0,0,1.4095,0.57066,0.43256,-0.19676,1.7082,0.63685,0.55184,0.10107,0.071505,1.2124e-06,9999,0,-1,0,3.9062,0.10186,0,0,0,0,0,0,0,0,1,0.57066,0.43256,-0.49847,0,0,0,0,0,10,0.071505,1.2124e-06,9999,-1,0,3.9062,0.10186,0.57066,0.43256,-0.49847,-11,0.0018302,1.2671,1,0.60037,0.72556,1,0.039058,0.59055,0,0,0,0,0,0,0,0
0,0,0,0,0,0,0,0,0.48893,0.46327,0.75912,-1,-0.98871,0.71936,0.00027242,1,1,0.49677,1.1397,999,999,999,0.71381,1.6533,0.62435,0.8817,0.13675,3.8452e-07,9999,1,1,810.55,6.1035,0.13646,0,1,0,0,0,0,0,0,1,999,999,999,0,0,0,0,0,0,0,0,0,0,0,0,0,0,0,0,0,0.0042097,1.0116,1,0.94438,-0.10363,-1,-0.98871,-0.64784,0,0,0,0,0,0,0,1
2.2819,0.26622,-0.88954,-1,0,0,0,0,1.0301,0.89903,0.77991,1,0.00060589,-0.00021031,-6.2241e-07,0,0,0,2.243,999,999,999,1.0027,3.2603,0.24229,0.97104,0.15878,4.0639e-07,9999,1,1,957.03,6.1523,0.1518,0,0,0,0,0,0,0,0,1,2.2819,0.99493,-0.97182,0,0,0,0,0,10,0.2267,6.2241e-07,9999,-1,498.05,3.7109,0.24229,1.0301,0.98786,-0.4711,-0,0.024699,2.2819,-1,0.99493,-0.97182,-1,-0.00021031,-0.81783,0,0,0,0,0,0,0,0
0,0,0,0,0,0,0,0,0.99515,1.2887,0.32174,1,0.921,0.11088,-0.00018778,0,1,0.50167,1.363,0.99515,0.88947,-0.94151,0.92374,1.0921,0.74779,0.44365,0.1408,5.4898e-07,9999,1,-1,556.64,5.0781,0.21955,0,0,0,0,0,0,0,0,1,0.71375,0.83902,-0.45031,0,0,0,0,0,10,0.1408,5.4898e-07,9999,-1,556.64,5.0781,0.21955,0.71375,0.83902,-0.45031,-0,0.015504,0.99515,1,0.88947,-0.45031,1,0.921,0.16951,0,0,0,0,0,0,0,1
0.88403,0.13198,-0.6058,1,0,0,0,0,0,0,0,0,0.095009,-0.032042,-0.0014365,2,1,0.50005,0.87687,999,999,999,0.99363,0.94323,0.45896,0,0,0,0,0,0,0,0,0,0,0,0,0,0,0,0,0,0,0,0,0,0,0,0,0,0,0,0,0,0,0,0,0,0,0,0,0,0,0.0022936,0.88403,1,0.93229,0,0,0,0,0.88403,0.13198,-0.6058,1,1,0.0022936,0.93229,1
0,0,0,0,0,0,0,0,0.64328,1.1613,-0.73412,-1,0.89535,0.0018318,-7.8984e-05,2,0,0,0.99589,999,999,999,0.85375,0.6566,0.72853,0,0,0,0,0,0,0,0,0,0,0,0,0,0,0,0,0,0,0,0,0,0,0,0,0,0,0,0,0,0,0,0,0,0,0,0,0,0,0.022119,0.64328,-1,0.95022,0,0,0,0,0,0,0,0,0,0,0,1
0,0,0,0,0,0,0,0,2.0682,0.9054,-0.94411,1,-0.028419,0.027165,-0.00015248,1,0,0,1.9881,999,999,999,1.4896,1.6215,0.75973,0.42394,0.083104,1.3035e-06,9999,0,-1,0,4.3945,0.1422,0,0,0,0,0,0,0,0,1,999,999,999,0,0,0,0,0,0,0,0,0,0,0,0,0,0,0,0,0,0.0069581,2.0682,1,0.96817,0.26226,1,0.027165,0.57163,0,0,0,0,0,0,0,0
0,0,0,0,0,0,0,0,0.57856,1.3762,0.70174,-1,0.00063525,-0.00013824,-6.1422e-06,1,0,0,0.69195,0.6555,-0.30457,-0.59172,0.38336,0.80935,0.35482,0.94674,0.17533,9.0019e-07,9999,1,1,449.22,4.6875,0.29751,0,0,0,0,0,0,0,0,1,999,999,999,0,0,0,0,0,0,0,0,0,0,0,0,0,0,0,0,0,0.033704,0.6555,1,0.30457,0.92531,-1,-0.00013824,-0.66024,0,0,0,0,0,0,0,0
0,0,0,0,0,0,0,0,0.49163,0.32847,-0.19938,-1,0.00027311,-7.0739e-05,0,0,0,0,0.88066,999,999,999,0.92828,0.64815,0,0,0,0,0,0,0,0,0,0,0,0,0,0,0,0,0,0,0,0,0,0,0,0,0,0,0,0,0,0,0,0,0,0,0,0,0,0,0,0.04761,0.75655,1,0.72164,0,0,0,0,0,0,0,0,0,0,0,1
1.7591,0.44251,-0.83803,1,0,0,0,0,0.29236,1.5646,-0.44114,1,-0.11616,0.0097325,5.684e-05,1,1,0.4981,1.9672,999,999,999,0.9007,0.50306,2.0294,0.86052,0.094581,3.411e-07,9999,1,-1,2226.6,15.43,0.098681,0,0,0,0,0,0,0,0,1,1.7591,0.99251,-0.91568,0,0,0,0,0,10,0.14462,6.4758e-07,9999,-1,581.05,3.8086,0.24898,1.7591,0.99251,-0.41819,-9,0.0044438,1.7591,1,0.99251,0.6983,1,0.0097325,0.72802,0.77277,0.79182,0.73741,-1,2,0.01628,0.98765,1
0,0,0,0,0,0,0,0,0.8853,1.2798,-0.83211,1,-0.97248,0.055166,0.04748,1,1,0.50055,1.0252,999,999,999,0.62197,0.65977,1.2584,0.50455,0.1472,0.00020929,9999,0,-1,517.58,0,0.24155,0,1,0,0,0,0,0,0,1,999,999,999,0,0,0,0,0,0,0,0,0,0,0,0,0,0,0,0,0,0.016801,0.8853,1,0.91386,-0.11633,-1,-0.97248,-0.0034967,0,0,0,0,0,0,0,0
0.50684,1.1171,0.082043,-1,0,0,0,0,0.70354,0.50684,0.91649,-1,-0.92312,0.82495,-0.00028409,0,0,0,1.1618,999,999,999,0.80725,0.87624,0.63208,0.83382,0.2166,1.3921e-06,9999,1,1,541.99,2.8076,0.34859,0,0,0,0,0,0,0,0,1,0.70354,0.31663,-0.25941,0,0,0,0,0,10,0.2166,1.3921e-06,9999,1,541.99,2.8076,0.34859,0.70354,0.31663,-0.25941,0,0.020261,0.73798,1,0.76123,-0.25941,-1,-0.92312,-0.023238,0.50684,1.1171,0.082043,-1,1,0.012656,0.81408,1
1.2206,0.38817,-0.97742,-1,0,0,0,0,0,0,0,0,-4.1215e-05,0,0,0,0,0,0.92642,999,999,999,1.8237,0,0,0,0,0,0,0,0,0,0,0,0,0,0,0,0,0,0,0,0,0,0,0,0,0,0,0,0,0,0,0,0,0,0,0,0,0,0,0,0,0.014859,1.2206,-1,0.79296,0,0,0,0,0,0,0,0,0,0,0,0
0,0,0,0,0,0,0,0,1.6783,0.28735,-0.85581,-1,0.96497,-0.05639,-0.00018423,2,1,0.49669,1.9697,999,999,999,0.91627,1.9465,0.6406,0.98207,0.1769,5.7066e-07,9999,0,-1,673.83,4.4922,0.22684,0,1,0,0,0,0,0,0,1,999,999,999,0,0,0,0,0,0,0,0,0,0,0,0,0,0,0,0,0,0.0060357,1.6783,-1,0.99588,0.83146,1,0.96497,0.80415,0,0,0,0,0,0,0,1
0,0,0,0,0,0,0,0,0.75329,0.0365,-0.43249,-1,0.99714,-7.5675e-05,-6.0096e-07,1,0,0,0.89389,999,999,999,0.56216,0.65726,0.23619,0,0,0,0,0,0,0,0,0,0,0,0,0,0,0,0,0,0,0,0,0,0,0,0,0,0,0,0,0,0,0,0,0,0,0,0,0,0,0.019057,0.75329,-1,0.74609,0,0,0,0,0,0,0,0,0,0,0,1
0,0,0,0,0,0,0,0,0.92061,1.506,-0.94345,-1,-0.012257,0.00011795,-8.2732e-05,0,0,0,1.563,-0.92061,-0.67568,-0.047952,1.7109,0.73733,0.71656,0.95283,0.2084,1.0918e-06,9999,1,-1,483.4,3.2715,0.32154,0,0,0,0,0,0,0,0,1,0.56091,0.39857,-0.38464,0,0,0,0,0,10,0.2084,1.0918e-06,9999,-1,483.4,3.2715,0.32154,0.56091,0.39857,-0.38464,-4,0.0095662,1.1695,-1,0.59638,0.97711,1,1.8513e-05,0.36841,0,0,0,0,0,0,0,0
1.8593,0.38171,-0.75119,-1,0,0,0,0,1.0825,0.61024,0.27616,-1,-0.94144,-7.5644e-05,1.6388e-05,0,0,0,2.0862,-1.8593,0.92636,-0.71871,1.2142,2.4938,0.43936,0.82472,0.072915,1.2102e-06,9999,1,1,0,11.426,0.097684,0,0,0,0,0,0,0,0,1,1.8593,0.92636,-0.97149,0,0,0,0,0,10,0.072915,1.2102e-06,9999,1,0,11.426,0.097684,1.8593,0.92636,-0.97149,2,0.014838,1.8593,-1,0.92636,0.57773,-1,-0.94144,-0.74215,0,0,0,0,0,0,0,0
0,0,0,0,0,0,0,0,0.39624,1.3918,-0.84622,1,0.87817,-0.00017746,3.8853e-05,1,0,0,0.96781,999,999,999,0.24128,0.68912,0.54542,0.98,0.08017,1.2128e-06,9999,0,-1,0,12.5,0.10245,0,0,0,0,0,0,0,0,1,999,999,999,0,0,0,0,0,0,0,0,0,0,0,0,0,0,0,0,0,0.019013,0.71436,-1,0.90639,0.64005,1,0.87817,0.87007,0,0,0,0,0,0,0,1
0,0,0,0,0,0,0,0,0.96493,0.26721,0.79581,-1,-0.02913,8.4961e-05,-1.1468e-06,0,0,0,1.0997,999,999,999,1.3161,0.5931,0.22615,0.98477,0.20975,1.1468e-06,9999,1,-1,571.29,4.1992,0.22615,0,0,0,0,0,0,0,0,1,999,999,999,0,0,0,0,0,10,0.2162,4.9198e-07,9999,1,585.94,3.7598,0.19739,0.96493,0.9991,-0.88599,8,0.062182,0.96493,-1,0.9991,0.98947,1,8.4961e-05,0.58088,0,0,0,0,0,0,0,0
0,0,0,0,0,0,0,0,0.54695,0.64885,0.074302,-1,-0.004816,9.6049e-07,6.0995e-07,1,1,0.49774,0.45905,999,999,999,0.82778,0.30588,0.2388,0,0,0,0,0,0,0,0,0,0,0,0,0,0,0,0,0,0,0,0,0,0,0,0,0,0,0,0,0,0,0,0,0,0,0,0,0,0,0.0095278,0.54695,-1,0.48755,0,0,0,0,0,0,0,0,0,0,0,1
0,0,0,0,0,0,0,0,1.669,0.34575,-0.36142,-1,-0.9703,0.002856,-0.00025211,0,0,0,1.5861,-1.669,0.96894,-0.92885,0.70568,0.93474,2.67,0,0,0,0,0,0,0,0,0,0,0,0,0,0,0,0,0,0,0,0,0,0,0,0,0,0,0,0,0,0,0,0,0,0,0,0,0,0,0.01769,1.669,-1,0.96894,0,0,0,0,0,0,0,0,0,0,0,0
0,0,0,0,0,0,0,0,0.79901,0.039586,-0.99824,-1,0.93308,-6.8269e-05,0,1,0,0,0.53717,999,999,999,1.1594,0.58157,0,0,0,0,0,0,0,0,0,0,0,0,0,0,0,0,0,0,0,0,0,0,0,0,0,0,0,0,0,0,0,0,0,0,0,0,0,0,0,0.0023513,0.79901,-1,0.99467,0,0,0,0,0,0,0,0,0,0,0,1
0,0,0,0,0.54058,1.3624,-0.29005,1,0.6379,0.059984,0.16232,-1,-0.99995,0.0034248,9.4183e-05,0,0,0,1.0295,-0.6379,-0.84426,-0.68154,0.28919,1.0756,0.72482,0.84431,0.12188,0.99995,9999,1,-1,1855.5,15.234,0.28919,0,0,0,0,0,0,0,0,1,999,999,999,0,0,0,0,0,0,0,0,0,0,0,0,0,0,0,0,0,0.023667,0.78159,1,0.98736,0.84054,1,0.0034248,0.0028676,0,0,0,0,0,0,0,0
0,0,0,0,0,0,0,0,1.4995,1.1357,0.64316,1,-0.96715,0.11012,0.0062501,2,0,0,1.6067,999,999,999,1.5138,1.2175,1.0257,0.42143,0.22729,3.7028e-07,9999,0,1,241.7,7.6172,0.12529,0,0,0,0,0,0,0,0,1,0.974,0.98418,-0.38071,0,0,0,0,0,10,0.22729,3.7028e-07,9999,1,241.7,7.6172,0.12529,0.974,0.98418,-0.38071,6,0.02708,1.4995,1,0.97754,-0.38071,-1,-0.96715,-0.00038009,0,0,0,0,0,0,0,0
0,0,0,0,0,0,0,0,0.43208,0,0.58388,1,3.3469e-05,-6.1575e-07,0,0,0,0,0.48628,999,999,999,0.51235,0.24044,0,0,0,0,0,0,0,0,0,0,0,0,0,0,0,0,0,0,0,0,0,0,0,0,0,0,0,0,0,0,0,0,0,0,0,0,0,0,0,0,0,0,0,0,0,0,0,0,0,0,0,0,0,0,1
0,0,0,0,0,0,0,0,0.80203,0.53765,-0.89456,-1,-0.16213,0.0001306,-6.4274e-06,0,0,0,0.93447,999,999,999,1.1402,0.65552,0.35839,0.38685,0.15835,5.0043e-07,9999,1,-1,703.12,4.9316,0.20099,0,0,0,0,0,0,0,0,1,999,999,999,0,0,0,0,0,10,0.1773,1.2141e-06,9999,1,0,12.402,0.10402,0.80203,0.87099,-0.82412,0,0.042263,0.80203,-1,0.87099,0.25435,-1,-6.4274e-06,-0.047003,0,0,0,0,0,0,0,1
0,0,0,0,0.52938,1.3373,-0.025146,1,1.3689,1.0142,-0.91935,-1,-0.9636,-0.018984,0.017556,0,1,0.50215,1.4333,-0.73931,0.93056,-0.83846,1.1815,1.1433,0.82719,0,0,0,0,0,0,0,0,0,0,0,0,0,0,0,0,0,0,0,0,0,0,0,0,0,0,0,0,0,0,0,0,0,0,0,0,0,0,0.0039416,1.3689,-1,0.93232,0,0,0,0,0,0,0,0,0,0,0,0
0,0,0,0,0,0,0,0,0.2481,0.16712,0.20364,1,-0.010169,-8.3878e-05,6.2977e-07,1,0,0,0.72172,999,999,999,0.50839,0.73468,0.2443,0.99775,0.2481,6.2977e-07,9999,1,1,478.52,3.5156,0.2443,0,0,0,0,0,0,0,0,1,999,999,999,0,0,0,0,0,0,0,0,0,0,0,0,0,0,0,0,0,0.0017662,0.68218,-1,0.61595,0.78752,-1,-0.010169,-0.1547,0,0,0,0,0,0,0,1
0,0,0,0,0,0,0,0,1.6197,0.65861,0.32142,-1,-0.21558,-4.6815e-06,2.9326e-06,0,0,0,1.525,999,999,999,2.2413,0.33382,0.29852,0.70436,0.21327,4.9768e-07,9999,1,1,683.59,5.2246,0.19983,0,0,0,0,0,0,0,0,1,1.6197,0.99111,-0.60601,0,0,0,0,0,10,0.21327,4.9768e-07,9999,1,683.59,5.2246,0.19983,1.6197,0.99111,-0.60601,6,0.021294,1.6197,-1,0.99111,0.17716,-1,-4.6815e-06,-0.0054205,0,0,0,0,0,0,0,1
0,0,0,0,0,0,0,0,0.33039,1.4995,-0.71963,-1,-4.2424e-05,6.7871e-06,5.8216e-06,1,1,0.49657,0.76745,999,999,999,0.60065,0.3627,0.35063,0.24213,0.21763,1.7108e-06,9999,0,-1,395.51,3.3203,0.36936,0,1,0,0,0,0,0,0,1,999,999,999,0,0,0,0,0,0,0,0,0,0,0,0,0,0,0,0,0,0,0,0,0,-0.21003,1,6.7871e-06,0.00046492,0,0,0,0,0,0,0,0
0,0,0,0,0,0,0,0,0.91789,0.96014,0.59445,-1,-0.99997,-0.39756,0.00030099,0,0,0,1.1562,-0.91789,0.88479,-0.77611,0.27992,1.405,0.88915,0.95766,0.081495,1.233e-06,9999,1,1,0,13.477,0.11776,0,0,0,0,0,0,0,0,1,0.91789,0.88479,-0.76155,0,0,0,0,0,10,0.081495,1.233e-06,9999,1,0,13.477,0.11776,0.91789,0.88479,-0.76155,2,0.0042968,0.91789,-1,0.88479,0.57267,-1,-0.99997,-0.83941,0,0,0,0,0,0,0,0
0,0,0,0,2.0356,0,-0.77791,1,1.2287,0,0.0053557,-1,-0.03101,0.019883,0,0,0,0,1.6729,999,999,999,1.6594,1.4101,0,0,0,0,0,0,0,0,0,0,0,0,0,0,0,0,0,0,0,0,0,0,0,0,0,0,0,0,0,0,0,0,0,0,0,0,0,0,0,0.009072,2.0356,1,0.95749,0,0,0,0,0,0,0,0,0,0,0,1
0,0,0,0,0,0,0,0,0.48,0.66863,-0.88512,-1,-0.00045885,-6.1894e-06,2.6526e-06,0,0,0,0.62065,999,999,999,0.5831,0.35542,0.40877,0,0,0,0,0,0,0,0,0,0,0,0,0,0,0,0,0,0,0,0,0,0,0,0,0,0,0,0,0,0,0,0,0,0,0,0,0,0,0,0,0,0,0,0,0,0,0,0,0,0,0,0,0,0
0,0,0,0,1.4141,0.60222,-0.48568,-1,0.47778,0.86805,0.94792,-1,-0.13568,-0.013048,5.3853e-05,2,1,0.49474,1.0474,999,999,999,1.033,0.75994,0.60584,0.9071,0.12912,1.2228e-06,9999,1,1,0,3.2715,0.073876,1,0,0.18507,0.28646,-1.4229,0.43148,0.057752,0.040099,1,999,999,999,0,0,0,0,0,10,0.16019,5.5635e-07,9999,1,664.06,7.6172,0.2221,1.4141,0.98411,-0.52472,2,0.012539,1.4141,-1,0.98411,0.83678,-1,-0.13568,-0.72221,0,0,0,0,0,0,0,0
0,0,0,0,0,0,0,0,1.9788,0,-0.52133,1,0.86301,0.75313,-7.9084e-06,2,0,0,2.2679,1.9788,0.98054,-0.68699,1.5219,2.3936,0.34988,0.93127,0.078408,3.7571e-07,9999,0,-1,2441.4,8.9844,0.12967,0,0,0,0,0,0,0,0,1,1.9788,0.98054,-0.96002,0,0,0,0,0,10,0.078408,3.7571e-07,9999,-1,2441.4,8.9844,0.12967,1.9788,0.98054,-0.96002,-2,0.00081579,1.9788,1,0.98054,0.71101,1,0.86301,0.80686,0,0,0,0,0,0,0,1
0,0,0,0,0,0,0,0,1.4068,0.17212,-0.96317,-1,-0.6974,2.733e-06,0,0,0,0,0.95167,999,999,999,2.2349,0.29323,0,0,0,0,0,0,0,0,0,0,0,0,0,0,0,0,0,0,0,0,0,0,0,0,0,0,0,0,0,0,0,0,0,0,0,0,0,0,0,0.0093747,1.4068,-1,0.99611,0,0,0,0,0,0,0,0,0,0,0,0
0,0,0,0,0,0,0,0,0.51941,0.96592,-0.42877,-1,-0.99866,-0.0001686,2.2904e-05,0,0,0,0.76087,999,999,999,0.48859,0.72396,0.47439,0,0,0,0,0,0,0,0,0,0,0,0,0,0,0,0,0,0,0,0,0,0,0,0,0,0,0,0,0,0,0,0,0,0,0,0,0,0,0.019786,0.53356,-1,0.82311,0,0,0,0,0,0,0,0,0,0,0,0
0,0,0,0,0.6807,1.2954,-0.86064,-1,1.3419,0.080949,-0.53642,1,0.067667,-0.00016834,-7.0272e-06,0,0,0,1.4438,999,999,999,1.814,0.84253,0.36547,0,0,0,0,0,0,0,0,0,0,0,0,0,0,0,0,0,0,0,0,0,0,0,0,0,0,0,0,0,0,0,0,0,0,0,0,0,0,0.012447,1.3419,1,0.95927,0,0,0,0,0,0,0,0,0,0,0,1
0,0,0,0,0,0,0,0,1.0922,1.3101,-0.78759,1,0.99998,0.99898,-0.99111,0,0,0,1.2488,1.0922,0.98814,-0.35728,0.3109,0.37669,0.62357,0.93544,0.076868,1.2857e-06,9999,1,-1,0,8.7891,0.13741,0,0,0,0,0,0,0,0,1,1.0922,0.98814,-0.87317,0,0,0,0,0,10,0.076868,1.2857e-06,9999,-1,0,8.7891,0.13741,1.0922,0.98814,-0.87317,-2,0.0079137,1.0922,1,0.98814,0.19124,1,0.99998,0.8118,0,0,0,0,0,0,0,1
1.2096,0.081488,0.56686,1,0,0,0,0,0.97221,0,-0.71923,1,-0.00018144,0.00013019,4.8708e-05,2,1,0.49275,1.3368,999,999,999,0.77622,0.71203,1.8418,0,0,0,0,0,0,0,0,0,0,0,0,0,0,0,0,0,0,0,0,0,0,0,0,0,0,0,0,0,0,0,0,0,0,0,0,0,0,0.020313,1.2096,1,0.95364,0,0,0,0,0,0,0,0,0,0,0,1
0,0,0,0,0,0,0,0,0.77176,0.75595,0.77415,1,0.13876,-5.226e-05,1.5402e-05,3,0,0,0.87206,999,999,999,1.1574,0.39153,0.43804,0,0,0,0,0,0,0,0,0,0,0,0,0,0,0,0,0,0,0,0,0,0,0,0,0,0,0,0,0,0,0,0,0,0,0,0,0,0,0.0057074,0.77176,1,0.91155,0,0,0,0,0,0,0,0,0,0,0,0
0,0,0,0,2.0102,0.2186,-0.97117,1,0.22459,0.73396,0.81166,1,0.015015,4.9033e-06,-4.4623e-07,0,0,0,2.0033,999,999,999,2.216,0.33736,0.17538,0.99269,0.14365,4.4623e-07,9999,1,-1,551.76,4.541,0.17538,0,0,0,0,0,0,0,0,1,2.0102,0.99951,-0.9885,0,0,0,0,0,10,0.14365,4.4623e-07,9999,-1,551.76,4.541,0.17538,2.0102,0.99951,-0.9885,-5,0.0014674,2.0102,1,0.99951,0.81727,1,4.9033e-06,0.89021,0,0,0,0,0,0,0,1
0,0,0,0,0,0,0,0,0.58927,0.89224,0.96008,1,-1,0.95363,-7.7013e-05,2,0,0,0.93893,-0.63247,0.87353,-0.12389,0.19663,0.87052,0.68803,0.57925,0.10566,3.2863e-07,9999,1,1,341.8,12.305,0.085379,0,0,0,0,0,0,0,0,1,999,999,999,0,0,0,0,0,0,0,0,0,0,0,0,0,0,0,0,0,0.0003571,0.63247,-1,0.87353,0.40435,-1,-1,-0.50642,0,0,0,0,0,0,0,1
0,0,0,0,0,0,0,0,0.46518,0.42132,0.27618,1,0.9823,-0.97656,-0.051936,0,0,0,1.1314,999,999,999,0.6505,0.74132,1.6726,0.9965,0.084649,3.3984e-07,9999,1,1,2128.9,17.773,0.097401,0,0,0,0,0,0,0,0,1,1.0906,0.88403,-0.84788,0,0,0,0,0,10,0.084649,3.3984e-07,9999,1,2128.9,17.773,0.097401,1.0906,0.88403,-0.84788,2,0.043313,1.0906,-1,0.88403,0.84449,-1,-0.97656,-0.89484,0,0,0,0,0,0,0,0
0,0,0,0,0.69467,0,0.083822,-1,1.4252,0.34386,-0.89455,-1,-0.013891,-0.0040482,0.00033586,0,0,0,1.5882,-1.4252,-0.98583,-0.51543,1.0695,1.7364,0.88056,0,0,0,0,0,0,0,0,0,0,0,0,0,0,0,0,0,0,0,0,0,0,0,0,0,0,0,0,0,0,0,0,0,0,0,0,0,0,0.0020076,1.4252,-1,0.98583,0,0,0,0,0,0,0,0,0,0,0,1
0,0,0,0,0,0,0,0,0.6177,0,0.22077,1,0.86444,-0.0067594,0.001473,1,0,0,1.2194,0.64281,-0.96919,-0.67897,0.80232,2.1806,0.45071,0.59371,0.20241,3.9587e-07,9999,1,-1,771.48,5.957,0.14467,0,0,0,0,0,0,0,0,1,0.6177,0.64577,-0.56684,0,0,0,0,0,10,0.20241,3.9587e-07,9999,-1,771.48,5.957,0.14467,0.6177,0.64577,-0.56684,-6,0.0038593,1.3674,-1,0.88107,0.77359,1,0.001473,0.0058041,0,0,0,0,0,0,0,0
0,0,0,0,0,0,0,0,0.90958,1.296,-0.89324,-1,0.99653,-0.02851,0.0047842,0,0,0,0.93413,999,999,999,0.50939,1.3843,0.83895,0.86802,0.15324,6.8216e-07,9999,1,1,195.31,4.7363,0.25743,0,0,0,0,0,0,0,0,1,999,999,999,0,0,0,0,0,10,0.18476,3.4766e-07,9999,1,1386.7,11.719,0.10517,0.90958,0.77424,-0.91267,5,0.0020757,0.90958,-1,0.77424,0.84412,-1,-0.02851,-0.52911,0,0,0,0,0,0,0,0
0,0,0,0,0,0,0,0,1.9154,0.20106,-0.84542,-1,-0.30635,0.027828,0,0,0,0,1.8284,999,999,999,2.8831,1.0569,0,0,0,0,0,0,0,0,0,0,0,0,0,0,0,0,0,0,0,0,0,0,0,0,0,0,0,0,0,0,0,0,0,0,0,0,0,0,0,0.013352,1.9154,-1,0.99022,0,0,0,0,0,0,0,0,0,0,0,0
0,0,0,0,1.3005,0.033841,0.89508,-1,1.6775,0,-0.79314,1,0.96685,-0.0012582,0,0,0,0,1.9948,999,999,999,1.6811,1.7926,0,0,0,0,0,0,0,0,0,0,0,0,0,0,0,0,0,0,0,0,0,0,0,0,0,0,0,0,0,0,0,0,0,0,0,0,0,0,0,0.0057713,1.6775,1,0.95874,0,0,0,0,0,0,0,0,0,0,0,0
0,0,0,0,0,0,0,0,1.8314,0.49677,-0.9606,1,0.94416,-0.013467,-0.00017525,3,1,0.49365,1.9151,999,999,999,2.8056,1.3579,0.13951,0.86161,0.1216,3.8447e-07,9999,0,1,966.8,8.8867,0.13641,0,1,0,0,0,0,0,0,1,999,999,999,0,0,0,0,0,0,0,0,0,0,0,0,0,0,0,0,0,0.012517,1.8314,1,0.98241,0.9372,-1,-0.013467,-0.66752,0,0,0,0,0,0,0,1
0,0,0,0,0,0,0,0,1.1066,0.52979,0.20473,1,-0.6124,0.040549,-0.00011721,2,0,0,1.5929,-0.86339,-0.93017,-0.84065,1.9347,1.2541,0.7364,0.9856,0.16405,8.2343e-07,9999,0,1,615.23,3.7598,0.28544,0,0,0,0,0,0,0,0,1,0.86339,0.93017,-0.97863,0,0,0,0,0,10,0.18227,1.2256e-06,9999,-1,0,11.035,0.11353,1.1066,0.56352,-0.10444,-6,0.0012383,1.1066,1,0.56352,0.74914,-1,-0.6124,-0.85028,0,0,0,0,0,0,0,0
1.3624,0.67991,-0.66586,1,0,0,0,0,0.32835,1.7356,-0.95615,1,0.0010708,-5.0581e-05,1.2313e-05,0,0,0,1.4777,999,999,999,1.6404,0.62121,0.52023,0,0,0,0,0,0,0,0,0,0,0,0,0,0,0,0,0,0,0,0,0,0,0,0,0,0,0,0,0,0,0,0,0,0,0,0,0,0,0.0078366,1.3624,1,0.99505,0,0,0,0,0,0,0,0,0,0,0,1
0,0,0,0,0,0,0,0,0.6904,1.0637,-0.06188,-1,-0.96542,0.47498,-0.094351,0,0,0,0.92433,-0.69364,0.66675,-0.79792,0.69124,0.73995,1.1181,0,0,0,0,0,0,0,0,0,0,0,0,0,0,0,0,0,0,0,0,0,0,0,0,0,0,0,0,0,0,0,0,0,0,0,0,0,0,0.0010078,0.6904,-1,0.9597,0,0,0,0,0,0,0,0,0,0,0,0
0,0,0,0,0,0,0,0,1.6047,0.11359,-0.98863,-1,-0.88514,0,0,0,0,0,1.4257,999,999,999,1.4282,0,0,0,0,0,0,0,0,0,0,0,0,0,0,0,0,0,0,0,0,0,0,0,0,0,0,0,0,0,0,0,0,0,0,0,0,0,0,0,0,0.00025059,1.6047,-1,0.99793,0,0,0,0,0,0,0,0,0,0,0,0
0,0,0,0,0,0,0,0,0.9554,0.69721,-0.11589,-1,0.99998,-0.03243,0.0018957,0,0,0,1.2996,0.58896,-0.68185,-0.35016,0.25874,1.2611,0.77195,0,0,0,0,0,0,0,0,0,0,0,0,0,0,0,0,0,0,0,0,0,0,0,0,0,0,0,0,0,0,0,0,0,0,0,0,0,0,0.011741,0.9554,-1,0.79451,0,0,0,0,0,0,0,0,0,0,0,1
0,0,0,0,0,0,0,0,0.36785,1.058,-0.32485,1,7.4276e-05,3.4825e-05,-3.3012e-06,1,0,0,0.91651,999,999,999,0.70107,0.52852,0.42664,0.46595,0.20059,5.5116e-07,9999,0,-1,585.94,4.6387,0.22031,0,0,0,0,0,0,0,0,1,0.83215,0.82837,-0.64094,0,0,0,0,0,10,0.20059,5.5116e-07,9999,-1,585.94,4.6387,0.22031,0.83215,0.82837,-0.64094,-9,0.00029202,0.83215,1,0.82837,-0.094408,1,3.4825e-05,0.0038583,0,0,0,0,0,0,0,0
0,0,0,0,0,0,0,0,0.40008,1.47,-0.864,-1,7.4212e-06,-2.8502e-06,1.7426e-06,0,0,0,0.49184,999,999,999,0.36985,0.29638,0.20302,0.91354,0.21832,1.7426e-06,9999,1,1,0,4.6387,0.20302,0,0,0,0,0,0,0,0,1,999,999,999,0,0,0,0,0,0,0,0,0,0,0,0,0,0,0,0,0,0,0,0,0,0.47162,1,1.7426e-06,0.0054343,0,0,0,0,0,0,0,0
0,0,0,0,0,0,0,0,0.36452,0.20847,-0.3762,-1,5.9977e-05,-1.6874e-06,-5.5907e-07,2,0,0,0.45882,999,999,999,0.61195,0.25665,0.22302,0.65251,0.075405,4.0402e-07,9999,0,-1,512.7,8.0078,0.15023,0,0,0,0,0,0,0,0,1,999,999,999,0,0,0,0,0,0,0,0,0,0,0,0,0,0,0,0,0,0,0,0,0,0.80236,1,5.9977e-05,0.71661,0,0,0,0,0,0,0,0
1.8447,0.073389,-0.88546,-1,0,0,0,0,0.42802,0.32634,0.53666,1,0.00061909,-0.00018374,0.00018147,3,0,0,1.3836,999,999,999,0.49252,0.2027,0.19701,0.48276,0.21096,3.6784e-07,9999,1,1,986.33,10.938,0.12327,0,0,0,0,0,0,0,0,1,1.8447,0.96696,-0.43775,0,0,0,0,0,10,0.21096,3.6784e-07,9999,1,986.33,10.938,0.12327,1.8447,0.96696,-0.43775,5,0.010993,1.8447,-1,0.96696,-0.095669,-1,-0.00018374,-0.0017152,0,0,0,0,0,0,0,0
1.2911,0.21611,-0.58565,1,0,0,0,0,0.63621,1.2454,-0.50175,-1,0.97252,-0.93725,0.0017462,0,0,0,1.5328,1.2911,0.98311,-0.92804,0.78922,0.41825,1.5908,0.44676,0.23306,1.7062e-06,9999,1,-1,664.06,2.6123,0.3691,0,0,0,0,0,0,0,0,1,1.2911,0.98311,-0.58014,0,0,0,0,0,10,0.23306,1.7062e-06,9999,-1,664.06,2.6123,0.3691,1.2911,0.98311,-0.58014,-8,0.0026849,1.2911,1,0.98311,0.30948,1,0.97252,0.00026235,0,0,0,0,0,0,0,1
0,0,0,0,0,0,0,0,0.90895,1.6017,-0.99542,1,-0.99747,0.99717,8.0445e-05,0,0,0,0.86108,999,999,999,0.55107,0.54689,0.69855,0.51685,0.2286,6.6194e-07,9999,1,1,527.34,3.9551,0.25258,0,0,0,0,0,0,0,0,1,999,999,999,0,0,0,0,0,0,0,0,0,0,0,0,0,0,0,0,0,0.0051637,0.90895,1,0.84924,-0.81563,-1,-0.99747,-0.00044446,0,0,0,0,0,0,0,1
0,0,0,0,0,0,0,0,0.90437,1.5516,-0.97647,1,0.99206,0.037898,-0.03469,0,0,0,0.98902,999,999,999,0.44889,1.3265,0.89828,0.6237,0.2088,5.326e-07,9999,1,-1,517.58,5.127,0.21367,0,0,0,0,0,0,0,0,1,0.90437,0.92705,-0.39179,0,0,0,0,0,10,0.2088,5.326e-07,9999,-1,517.58,5.127,0.21367,0.90437,0.92705,-0.39179,-5,0.0025235,0.90437,1,0.92705,-0.6303,1,0.99206,0.0040738,0,0,0,0,0,0,0,1
0,0,0,0,0,0,0,0,0.12611,1.0043,-0.34602,1,0.99968,-0.0059043,-2.3983e-05,1,0,0,0.97551,999,999,999,0.33703,1.009,0.48009,0.92372,0.12611,4.0534e-07,9999,0,1,976.56,5.8594,0.15111,0,0,0,0,0,0,0,0,1,0.76032,0.90269,-0.95097,0,0,0,0,0,10,0.12611,4.0534e-07,9999,1,976.56,5.8594,0.15111,0.76032,0.90269,-0.95097,4,0.0027366,0.76032,-1,0.90269,0.88109,-1,-2.3983e-05,-0.76064,0,0,0,0,0,0,0,1
0,0,0,0,0,0,0,0,1.2902,0.698,-0.64211,1,-0.99946,0.025094,0.0035156,0,0,0,1.5971,999,999,999,0.38059,1.4108,1.0748,0.59839,0.20319,3.6337e-07,9999,0,1,1171.9,6.9336,0.11948,0,0,0,0,0,0,0,0,1,999,999,999,0,0,0,0,0,10,0.1896,0.99946,9999,-1,1025.4,8.7891,0.38059,1.2902,0.96888,-0.98471,-22,0.010764,1.2902,1,0.96888,0.32782,-1,-0.99946,-0.0055873,0,0,0,0,0,0,0,1
0,0,0,0,0,0,0,0,1.3133,0.93886,-0.54284,1,0.99966,0.26855,0.0029598,1,0,0,1.2806,999,999,999,0.33938,0.69199,1.2441,0.92796,0.10053,1.4539e-06,9999,1,-1,0,5.4688,0.17065,0,0,0,0,0,0,0,0,1,1.3133,0.95206,-0.99695,0,0,0,0,0,10,0.10053,1.4539e-06,9999,-1,0,5.4688,0.17065,1.3133,0.95206,-0.99695,-2,0.011965,1.3133,1,0.95206,-0.82649,1,0.26855,0.79461,0,0,0,0,0,0,0,1
0,0,0,0,0,0,0,0,0.13863,0.82774,-0.82816,1,0.035048,-1.4446e-06,8.5365e-07,1,1,0.49912,0.33,999,999,999,0.74938,0.16926,0.2904,0.86481,0.10252,1.4446e-06,9999,1,-1,0,5.3711,0.16926,0,0,0,0,0,0,0,0,1,999,999,999,0,0,0,0,0,0,0,0,0,0,0,0,0,0,0,0,0,0,0,0,0,0.77816,1,0.035048,0.71804,0,0,0,0,0,0,0,1
0,0,0,0,0,0,0,0,1.3475,0.78334,-0.50322,-1,-0.61119,-0.015493,0.006449,0,0,0,1.6886,-0.65814,0.78914,-0.6172,1.6366,1.0003,0.95161,0.95049,0.12877,3.9054e-07,9999,1,1,888.67,5.4688,0.14088,0,0,0,0,0,0,0,0,1,0.65814,0.78914,-0.89922,0,0,0,0,0,10,0.12877,3.9054e-07,9999,1,888.67,5.4688,0.14088,0.65814,0.78914,-0.89922,2,0.0013716,1.3475,-1,0.95358,0.81306,-1,-0.61119,-0.81167,0,0,0,0,0,0,0,0
0,0,0,0,0,0,0,0,1.1999,0.80868,0.89357,-1,0.27385,-0.15073,-0.00012629,1,0,0,1.258,999,999,999,1.8773,0.86905,0.84834,0.95447,0.22241,9.5175e-07,9999,0,1,498.05,3.8086,0.30472,0,0,0,0,0,0,0,0,1,1.1999,0.87574,-0.74363,0,0,0,0,0,10,0.22241,9.5175e-07,9999,1,498.05,3.8086,0.30472,1.1999,0.87574,-0.74363,0,0.018229,1.1682,1,0.88269,0.9644,-1,-0.15073,-0.20667,0,0,0,0,0,0,0,1
0.60194,0,0.25434,1,0.65674,0.60194,-0.95463,-1,0,0,0,0,0.0017936,0.00020205,-0.00010262,2,1,0.49973,0.88124,999,999,999,0.66824,0.23307,0.69317,0,0,0,0,0,0,0,0,0,0,0,0,0,0,0,0,0,0,0,0,0,0,0,0,0,0,0,0,0,0,0,0,0,0,0,0,0,0,0.0060156,0.65674,-1,0.9523,0,0,0,0,0.60194,0,0.25434,1,1,0.034623,0.71427,1
0,0,0,0,0,0,0,0,0.64407,0.50237,-0.52538,1,-0.035553,7.9588e-05,3.5652e-05,0,0,0,1.0399,-0.52319,-0.82733,-0.23465,0.55403,0.72436,0.53207,0.87321,0.062002,1.2188e-06,9999,1,1,0,10.84,0.10858,0,0,0,0,0,0,0,0,1,0.52319,0.82733,-0.49152,0,0,0,0,0,10,0.062002,1.2188e-06,9999,1,0,10.84,0.10858,0.52319,0.82733,-0.49152,2,0.019478,0.64407,1,0.94104,0.66042,-1,-0.035553,-0.76888,0,0,0,0,0,0,0,0
0,0,0,0,0,0,0,0,0.86641,0.47195,0.80886,1,0.030004,0.0014461,-4.4915e-05,2,0,0,1.2682,0.67978,0.98732,-0.95849,0.95456,0.89717,0.57035,0.33832,0.16826,7.9106e-07,9999,0,1,463.87,4.0039,0.27977,0,0,0,0,0,0,0,0,1,999,999,999,0,0,0,0,0,0,0,0,0,0,0,0,0,0,0,0,0,0.012502,0.67978,1,0.98732,0.43381,-1,-4.4915e-05,-0.030296,0,0,0,0,0,0,0,1
0,0,0,0,0,0,0,0,0.52327,0.77395,0.97392,-1,-0.00017569,-0.00010994,-2.7913e-05,2,0,0,0.80205,-0.52327,0.96644,-0.036141,0.17525,0.80457,0.49849,0.94421,0.12178,3.3466e-07,9999,0,1,439.45,14.844,0.091983,0,0,0,0,0,0,0,0,1,0.52327,0.96644,-0.82939,0,0,0,0,0,10,0.21887,1.1553e-06,9999,1,522.46,3.6621,0.32812,0.6012,0.98368,-0.40231,6,0.0062639,0.6012,-1,0.98368,0.96078,-1,-2.7913e-05,-0.80583,0,0,0,0,0,0,0,1
0,0,0,0,0,0,0,0,1.5336,0.85964,-0.48876,-1,0.058095,-0.043292,-8.0865e-07,0,0,0,1.8739,999,999,999,1.3966,1.8125,0.2829,0.20125,0.22944,4.8918e-07,9999,1,1,664.06,4.7363,0.19616,0,0,0,0,0,0,0,0,1,999,999,999,0,0,0,0,0,0,0,0,0,0,0,0,0,0,0,0,0,0.0025001,1.5336,-1,0.94072,0.20712,-1,-0.043292,-0.00020354,0,0,0,0,0,0,0,0
0,0,0,0,0,0,0,0,0.17332,2.3545,-0.86695,1,0.99229,-0.00015783,-5.2859e-05,0,0,0,0.96154,999,999,999,0.44328,0.81814,0.58485,0.90384,0.17332,4.5126e-07,9999,1,1,1289.1,5.4688,0.17803,0,0,0,0,0,0,0,0,1,0.61226,0.93882,-0.99091,0,0,0,0,0,10,0.17332,4.5126e-07,9999,1,1289.1,5.4688,0.17803,0.61226,0.93882,-0.99091,0,0.0020049,0.61226,-1,0.93882,-0.21477,-1,-5.2859e-05,-0.49083,0,0,0,0,0,0,0,1
0,0,0,0,0,0,0,0,1.0821,1.716,-0.80673,1,0.11522,-0.00084183,-1.5163e-05,0,0,0,1.2259,999,999,999,1.4449,0.65762,0.43203,0,0,0,0,0,0,0,0,0,0,0,0,0,0,0,0,0,0,0,0,0,0,0,0,0,0,0,0,0,0,0,0,0,0,0,0,0,0,0.017372,1.0821,1,0.84621,0,0,0,0,0,0,0,0,0,0,0,1
0,0,0,0,1.3039,0,0.71907,-1,1.5025,0.59154,-0.85916,-1,-0.9501,-0.081117,1.1441e-05,0,0,0,1.6966,-1.3039,0.97105,-0.96741,1.2256,1.891,0.4062,0,0,0,0,0,0,0,0,0,0,0,0,0,0,0,0,0,0,0,0,0,0,0,0,0,0,0,0,0,0,0,0,0,0,0,0,0,0,0.0051577,1.5025,-1,0.99561,0,0,0,0,0,0,0,0,0,0,0,0
0,0,0,0,0,0,0,0,1.2036,1.2643,-0.26643,-1,-0.9753,0.016966,-0.00017939,0,0,0,1.4786,-1.2036,-0.79694,-0.33945,0.56391,1.3822,0.86254,0,0,0,0,0,0,0,0,0,0,0,0,0,0,0,0,0,0,0,0,0,0,0,0,0,0,0,0,0,0,0,0,0,0,0,0,0,0,0.0027574,1.2036,-1,0.79694,0,0,0,0,0,0,0,0,0,0,0,0
0,0,0,0,0,0,0,0,0.46932,1.698,-0.981,-1,-0.99999,0.99785,2.6545e-05,1,0,0,0.70768,999,999,999,0.22453,0.52343,0.4879,0.56079,0.17095,5.8629e-07,9999,1,-1,605.47,4.248,0.23178,0,0,0,0,0,0,0,0,1,999,999,999,0,0,0,0,0,0,0,0,0,0,0,0,0,0,0,0,0,0,0,0,0,-0.072284,1,0.99785,0.049725,0,0,0,0,0,0,0,0
0,0,0,0,0,0,0,0,0.48324,0.57694,-0.82358,1,0.94919,3.3488e-07,0,1,0,0,0.4813,999,999,999,0.56135,0.092224,0,0.46679,0.15218,3.3488e-07,9999,0,1,1347.7,13.867,0.092224,0,0,0,0,0,0,0,0,1,999,999,999,0,0,0,0,0,0,0,0,0,0,0,0,0,0,0,0,0,0,0,0,0,0,0,0,0,0,0,0,0,0,0,0,1
0,0,0,0,0,0,0,0,0.43764,0.19832,0.67517,1,-0.96625,2.8187e-05,0,0,0,0,0.66363,999,999,999,0.75682,0.49973,0,0,0,0,0,0,0,0,0,0,0,0,0,0,0,0,0,0,0,0,0,0,0,0,0,0,0,0,0,0,0,0,0,0,0,0,0,0,0,0.0047551,0.51389,-1,0.77151,0,0,0,0,0,0,0,0,0,0,0,0
0,0,0,0,0,0,0,0,1.6899,0.34803,-0.96586,-1,-0.85776,-0.036433,4.9505e-05,0,0,0,1.62,-1.6899,-0.97862,-0.39712,1.0087,1.4289,0.56203,0.61003,0.23938,2.5272e-06,9999,1,1,493.16,3.3203,0.28734,0,0,0,0,0,0,0,0,1,0.62833,0.56686,-0.69772,0,0,0,0,0,10,0.23938,2.5272e-06,9999,1,493.16,3.3203,0.28734,0.62833,0.56686,-0.69772,5,0.0092694,1.6899,-1,0.97862,-0.69772,-1,-0.85776,-0.00027022,0,0,0,0,0,0,0,0
0,0,0,0,0,0,0,0,0.30301,0,0.072033,1,-2.0567e-05,1.4769e-05,1.7506e-06,0,0,0,0.52852,999,999,999,0.46293,0.42952,0.37158,0.64323,0.2375,1.7506e-06,9999,1,1,458.98,3.6133,0.37158,0,0,0,0,0,0,0,0,1,999,999,999,0,0,0,0,0,0,0,0,0,0,0,0,0,0,0,0,0,0,0,0,0,0.72997,-1,-2.0567e-05,-0.00038406,0,0,0,0,0,0,0,0
0.44496,0.067673,-0.59166,1,0,0,0,0,0.24722,0.34214,0.16182,1,0.79035,-3.0925e-05,2.6557e-05,3,1,0.49848,0.47624,999,999,999,0.6034,0.51181,0.49229,0.68832,0.24722,1.1372e-06,9999,1,1,468.75,3.4668,0.32631,0,0,0,0,0,0,0,0,1,999,999,999,0,0,0,0,0,0,0,0,0,0,0,0,0,0,0,0,0,0,0,0,0,-0.089145,-1,-3.0925e-05,-0.00023706,0.44496,0.067673,-0.59166,1,1,0.0083631,0.95607,0
0,0,0,0,0.97722,0.055617,-0.42698,-1,0.98811,0,-0.52381,-1,-0.96703,-0.010875,0.00031183,0,0,0,1.4038,-0.97722,0.81847,-0.54519,0.89005,1.4897,0.80097,0,0,0,0,0,0,0,0,0,0,0,0,0,0,0,0,0,0,0,0,0,0,0,0,0,0,0,0,0,0,0,0,0,0,0,0,0,0,0.024631,0.98811,-1,0.79156,0,0,0,0,0,0,0,0,0,0,0,0
0.32526,2.384,-0.49352,-1,0,0,0,0,0.93067,1.0395,0.54195,1,0.8875,-0.0058182,-7.1218e-05,0,0,0,1.043,999,999,999,1.0083,0.40637,0.68168,0.81789,0.088098,4.2043e-07,9999,1,-1,683.59,5.0293,0.16068,0,0,0,0,0,0,0,0,1,999,999,999,0,0,0,0,0,0,0,0,0,0,0,0,0,0,0,0,0,0.0045055,0.93067,1,0.90351,0.4928,1,0.8875,0.71446,0.32526,2.384,-0.49352,-1,1,0.08257,0.92256,1
1.2211,0.16545,0.42659,-1,0,0,0,0,0.65866,1.2589,-0.94968,1,0.4486,-0.0384,0.010788,0,0,0,1.4474,0.65976,0.96816,-0.3852,1.0317,1.2014,0.85184,0,0,0,0,0,0,0,0,0,0,0,0,0,0,0,0,0,0,0,0,0,0,0,0,0,0,0,0,0,0,0,0,0,0,0,0,0,0,0.0064054,1.2211,-1,0.55244,0,0,0,0,0,0,0,0,0,0,0,1
0,0,0,0,0,0,0,0,0.57084,0.73291,0.46831,-1,-0.99971,-3.3169e-05,1.4443e-06,1,0,0,0.54426,999,999,999,0.39478,0.59379,0.16922,0.39828,0.10948,1.4443e-06,9999,1,1,0,7.9102,0.16922,0,0,0,0,0,0,0,0,1,999,999,999,0,0,0,0,0,0,0,0,0,0,0,0,0,0,0,0,0,0.00021977,0.57084,-1,0.86637,0.37562,-1,-0.99971,-0.38623,0,0,0,0,0,0,0,0
0,0,0,0,0,0,0,0,0.71784,1.4601,0.65297,1,0.0053432,-0.00010358,9.1659e-05,0,0,0,1.1047,999,999,999,1.0104,0.7617,0.50254,0,0,0,0,0,0,0,0,0,0,0,0,0,0,0,0,0,0,0,0,0,0,0,0,0,0,0,0,0,0,0,0,0,0,0,0,0,0,0.011451,0.71784,1,0.6974,0,0,0,0,0,0,0,0,0,0,0,1
0,0,0,0,0,0,0,0,0.53633,1.8837,-0.91481,-1,0.96417,7.9243e-05,-5.1147e-05,0,0,0,1.1255,0.64761,0.95212,-0.97885,0.93673,0.68504,0.59627,0.98899,0.1627,4.5821e-07,9999,1,-1,615.23,5.127,0.18159,0,0,0,0,0,0,0,0,1,0.64761,0.95212,-0.89717,0,0,0,0,0,10,0.1627,4.5821e-07,9999,-1,615.23,5.127,0.18159,0.64761,0.95212,-0.89717,-2,0.00057709,0.6828,1,0.95193,0.90164,1,0.96417,0.86221,0,0,0,0,0,0,0,1
0,0,0,0,0,0,0,0,0.97997,0.30638,0.17835,-1,0.99967,-0.9944,0.96472,2,0,0,1.3965,0.85111,0.98444,-0.82249,0.40225,0.6189,1.3498,0.79874,0.23952,1.7116e-05,9999,1,1,0,3.7598,0.4046,0,0,0,0,0,0,0,0,1,0.97997,0.39071,-0.40005,0,0,0,0,0,10,0.23952,1.7116e-05,9999,1,0,3.7598,0.4046,0.97997,0.39071,-0.40005,5,0.0054451,0.97997,-1,0.39071,0.018542,-1,-0.9944,-0.0017334,0,0,0,0,0,0,0,1
0,0,0,0,0,0,0,0,0.79869,0.58087,-0.035308,1,-0.0064452,0.00082003,-5.0211e-06,1,0,0,1.2129,999,999,999,1.4139,0.73749,0.45857,0.34066,0.18547,7.7951e-07,9999,1,1,458.98,4.1504,0.27766,0,0,0,0,0,0,0,0,1,1.019,0.80809,-0.2294,0,0,0,0,0,10,0.18547,7.7951e-07,9999,1,458.98,4.1504,0.27766,1.019,0.80809,-0.2294,0,0.0217,1.019,-1,0.80809,0.84189,-1,-5.0211e-06,-0.0083203,0,0,0,0,0,0,0,1
0.49974,1.5891,0.12657,-1,0,0,0,0,1.039,1.5185,-0.89925,-1,0.55369,-0.0023746,-9.3777e-05,0,0,0,1.0512,999,999,999,0.72566,0.80249,0.65586,0.96193,0.10811,3.851e-07,9999,1,1,888.67,6.6406,0.13689,0,0,0,0,0,0,0,0,1,999,999,999,0,0,0,0,0,10,0.22312,1.5559e-06,9999,1,546.88,3.4668,0.36001,0.63552,0.68837,-0.30757,6,0.032868,1.039,-1,0.93833,0.81238,-1,-0.0023746,-0.84468,0.49974,1.5891,0.12657,-1,1,0.0090187,0.75006,1
0,0,0,0,0,0,0,0,1.1541,0.38407,-0.76658,-1,0.22115,0.033015,-0.010366,1,0,0,1.3681,999,999,999,1.0571,0.62486,1.1227,0.9616,0.12099,3.8832e-07,9999,1,1,927.73,6.8359,0.13927,0,0,0,0,0,0,0,0,1,1.1541,0.92698,-0.86279,0,0,0,0,0,10,0.12099,3.8832e-07,9999,1,927.73,6.8359,0.13927,1.1541,0.92698,-0.86279,2,0.011547,1.1541,-1,0.92698,-0.86279,-1,-0.010366,-0.83966,0,0,0,0,0,0,0,0
0,0,0,0,0,0,0,0,0.42327,0.078707,0.36265,-1,-6.6988e-06,4.9322e-07,3.7927e-07,1,1,0.50024,0.40203,999,999,999,0.36166,0.19792,0.13246,0,0,0,0,0,0,0,0,0,0,0,0,0,0,0,0,0,0,0,0,0,0,0,0,0,0,0,0,0,0,0,0,0,0,0,0,0,0,0,0,0,0,0,0,0,0,0,0,0,0,0,0,0,1
0,0,0,0,0,0,0,0,0.16156,0,0.71321,1,-1.786e-05,4.1177e-07,0,0,0,0,0.34336,999,999,999,0.40751,0.15529,0,0.84963,0.16156,4.1177e-07,9999,1,1,693.36,5.3711,0.15529,0,0,0,0,0,0,0,0,1,999,999,999,0,0,0,0,0,0,0,0,0,0,0,0,0,0,0,0,0,0,0,0,0,-0.38927,-1,-1.786e-05,-0.41796,0,0,0,0,0,0,0,0
0,0,0,0,1.3366,0.2159,-0.95577,-1,0,0,0,0,-0.00022512,7.4433e-05,0,0,0,0,0.89969,999,999,999,0.89406,0.70662,0,0,0,0,0,0,0,0,0,0,0,0,0,0,0,0,0,0,0,0,0,0,0,0,0,0,0,0,0,0,0,0,0,0,0,0,0,0,0,0.012358,1.3366,-1,0.87063,0,0,0,0,0,0,0,0,0,0,0,1
0,0,0,0,0,0,0,0,0.27091,1.5467,-0.67193,-1,-0.00064323,1.2578e-05,2.2012e-06,1,0,0,0.41061,999,999,999,0.39784,0.41466,0.27693,0.83018,0.23708,2.2012e-06,9999,1,1,473.63,4.1016,0.27693,0,0,0,0,0,0,0,0,1,999,999,999,0,0,0,0,0,0,0,0,0,0,0,0,0,0,0,0,0,0,0,0,0,0.71743,-1,-0.00064323,-0.0037298,0,0,0,0,0,0,0,0
0.6562,0,0.85599,1,0,0,0,0,0,0,0,0,-0.4808,0.097911,0,1,0,0,0.6284,999,999,999,2.9573,0.86347,0,0,0,0,0,0,0,0,0,0,0,0,0,0,0,0,0,0,0,0,0,0,0,0,0,0,0,0,0,0,0,0,0,0,0,0,0,0,0,0.0046857,0.6562,1,0.9986,0,0,0,0,0.6562,0,0.85599,1,1,0.0046857,0.9986,0
0,0,0,0,0,0,0,0,0.79654,1.0773,-0.36916,1,0.00037888,4.6286e-05,-1.717e-05,2,1,0.50235,1.0402,0.54636,-0.80295,-0.99358,0.94298,0.57588,0.44419,0.99393,0.14445,4.0957e-07,9999,1,1,585.94,5.4688,0.15388,0,0,0,0,0,0,0,0,1,999,999,999,0,0,0,0,0,0,0,0,0,0,0,0,0,0,0,0,0,0.019011,0.54636,1,0.80295,-0.15449,-1,-3.9046e-06,-0.89227,0,0,0,0,0,0,0,0
1.0924,0.72909,-0.81184,1,0,0,0,0,1.0424,0.24034,0.036824,-1,0.0003193,-0.00024675,-8.6881e-07,1,0,0,1.2559,999,999,999,1.4746,0.75076,0.29278,0.74891,0.11836,4.3192e-07,9999,1,1,761.72,6.9336,0.16747,1,0,0.37412,-0.30701,-1.4295,0.030119,0.12082,0.16032,1,1.0424,0.88185,-0.36823,0,0,0,0,0,10,0.11836,4.3192e-07,9999,1,761.72,6.9336,0.16747,1.0424,0.88185,-0.36823,5,0.019971,1.0924,1,0.89456,0.99282,1,0.0003193,0.036542,0,0,0,0,0,0,0,0
0,0,0,0,0,0,0,0,1.7111,0,-0.1008,1,0.0088596,-0.00021532,0,0,0,0,2.1038,999,999,999,1.8385,3.0042,0,0,0,0,0,0,0,0,0,0,0,0,0,0,0,0,0,0,0,0,0,0,0,0,0,0,0,0,0,0,0,0,0,0,0,0,0,0,0,0.012761,1.9068,-1,0.92763,0,0,0,0,0,0,0,0,0,0,0,1
0,0,0,0,0,0,0,0,0.47931,0.36284,-0.25408,1,2.6948e-05,-2.5772e-05,0,0,0,0,0.6482,999,999,999,0.49392,0.48859,0,0,0,0,0,0,0,0,0,0,0,0,0,0,0,0,0,0,0,0,0,0,0,0,0,0,0,0,0,0,0,0,0,0,0,0,0,0,0,0.019715,0.67252,-1,0.79413,0,0,0,0,0,0,0,0,0,0,0,0
0,0,0,0,0,0,0,0,0.72715,1.3739,-0.92183,-1,-0.0010242,4.3564e-05,-1.8755e-06,1,1,0.49724,0.94176,999,999,999,0.77452,0.56477,0.3781,0.9906,0.14032,5.5221e-07,9999,0,-1,937.5,7.5195,0.22068,0,0,0,0,0,0,0,0,1,999,999,999,0,0,0,0,0,10,0.099441,1.3802e-06,9999,1,0,6.1523,0.15861,0.72715,0.91416,-0.00057255,4,0.010955,0.72715,-1,0.91416,0.25124,1,1.3802e-06,0.88772,0,0,0,0,0,0,0,1
0,0,0,0,0,0,0,0,0.93699,1.0062,-0.58722,1,-0.099301,0.00022104,8.4565e-05,3,0,0,1.0282,999,999,999,0.97984,0.25321,0.68025,0.94331,0.13129,1.7106e-06,9999,1,-1,0,4.541,0.20014,0,0,0,0,0,0,0,0,1,0.93699,0.63239,-0.63546,0,0,0,0,0,10,0.04966,1.2096e-06,9999,-1,0,17.773,0.089841,0.93699,0.63239,-0.095502,-5,0.017061,0.93699,1,0.63239,0.93521,1,0.00022104,0.79335,0,0,0,0,0,0,0,1
1.262,0.1622,-0.98633,-1,0,0,0,0,0.13444,0.32916,-0.88397,1,-0.003746,5.2784e-07,0,0,0,0,0.68149,999,999,999,2.0401,0.21189,0,0.84063,0.13444,5.2784e-07,9999,1,1,781.25,4.1992,0.21189,0,0,0,0,0,0,0,0,1,999,999,999,0,0,0,0,0,0,0,0,0,0,0,0,0,0,0,0,0,0.014984,1.262,-1,0.99547,0.83976,-1,-0.003746,-0.58285,0,0,0,0,0,0,0,0
0,0,0,0,0,0,0,0,1.0793,0.46498,-0.18778,-1,-0.94038,0.00064733,3.2917e-05,2,0,0,1.1183,999,999,999,1.3252,0.4415,0.41385,0.81868,0.12773,4.4346e-07,9999,1,1,610.35,5.0293,0.17389,0,0,0,0,0,0,0,0,1,999,999,999,0,0,0,0,0,10,0.23787,1.726e-06,9999,-1,522.46,3.5156,0.37021,0.65998,0.8591,-0.23947,-0,0.01228,1.0793,-1,0.84344,0.95972,-1,-0.94038,-0.58409,0,0,0,0,0,0,0,0
0.67267,0.45604,-0.020423,-1,0,0,0,0,1.0279,0.60099,-0.95119,1,0.93683,-0.51483,-0.28631,2,0,0,1.3929,999,999,999,1.2855,0.56943,0.75251,0,0,0,0,0,0,0,0,0,0,0,0,0,0,0,0,0,0,0,0,0,0,0,0,0,0,0,0,0,0,0,0,0,0,0,0,0,0,0.0029409,1.0279,1,0.84596,0,0,0,0,0.67267,0.45604,-0.020423,-1,1,0.021371,0.75115,0
0.66697,0.35715,-0.33603,1,0,0,0,0,0.39859,0.11999,-0.34027,-1,-4.8938e-05,2.3045e-05,-1.0186e-05,1,0,0,0.66574,999,999,999,0.58551,0.46848,0.39611,0.76692,0.19174,3.9303e-07,9999,0,1,800.78,8.7891,0.14266,0,0,0,0,0,0,0,0,1,999,999,999,0,0,0,0,0,0,0,0,0,0,0,0,0,0,0,0,0,0.013983,0.66697,1,0.92141,0.11826,-1,-1.0186e-05,-0.056198,0.66697,0.35715,-0.33603,1,1,0.013983,0.92141,1
0,0,0,0,0,0,0,0,1.1929,0.092713,-0.9544,1,-0.95807,0.0074784,7.0759e-05,0,0,0,1.4683,999,999,999,1.1569,1.018,0.65177,0,0,0,0,0,0,0,0,0,0,0,0,0,0,0,0,0,0,0,0,0,0,0,0,0,0,0,0,0,0,0,0,0,0,0,0,0,0,0.011491,1.1929,1,0.94035,0,0,0,0,0,0,0,0,0,0,0,0
0,0,0,0,0,0,0,0,0.57575,0.72178,-0.99851,-1,-0.97562,-4.3265e-05,1.2408e-06,1,0,0,0.64348,999,999,999,0.81142,0.55873,0.12155,0.33779,0.10816,3.4865e-07,9999,1,1,380.86,11.621,0.10612,0,0,0,0,0,0,0,0,1,0.57575,0.97189,-0.1122,0,0,0,0,0,10,0.10816,3.4865e-07,9999,1,380.86,11.621,0.10612,0.57575,0.97189,-0.1122,5,0.0053372,0.57575,-1,0.97189,-0.1122,-1,-0.97562,-0.38055,0,0,0,0,0,0,0,1
1.1006,0.578,-0.99875,-1,0,0,0,0,0,0,0,0,-0.00012565,0,0,0,0,0,0.92115,999,999,999,1.5823,0,0,0,0,0,0,0,0,0,0,0,0,0,0,0,0,0,0,0,0,0,0,0,0,0,0,0,0,0,0,0,0,0,0,0,0,0,0,0,0,0.0098786,1.1006,-1,0.99439,0,0,0,0,0,0,0,0,0,0,0,0
0.90701,0.93068,-0.43389,1,0,0,0,0,1.6004,0.40304,-0.23022,-1,0.00088837,0.0001465,-5.2943e-05,0,0,0,1.7573,0.7627,-0.25743,-0.21313,0.63591,0.80634,2.2166,0,0,0,0,0,0,0,0,0,0,0,0,0,0,0,0,0,0,0,0,0,0,0,0,0,0,0,0,0,0,0,0,0,0,0,0,0,0,0.0043252,1.6004,-1,0.9249,0,0,0,0,0.90701,0.93068,-0.43389,1,1,0.02226,0.86076,1
0,0,0,0,0,0,0,0,0.63708,0.72739,-0.39682,-1,0.9416,-0.74918,0.00014161,0,0,0,1.5116,0.54838,-0.91701,-0.26504,0.97111,0.90938,0.72607,0.99904,0.2247,3.6219e-06,9999,0,-1,0,4.8828,0.28631,0,0,0,0,0,0,0,0,1,0.54838,0.91701,-0.91525,0,0,0,0,0,10,0.2247,3.6219e-06,9999,-1,0,4.8828,0.28631,0.54838,0.91701,-0.91525,-5,0.019641,0.96148,1,0.38965,0.35072,1,0.9416,0.49517,0,0,0,0,0,0,0,1
0,0,0,0,0,0,0,0,0.94513,0.17254,0.34355,-1,-0.97589,0.00015986,-9.5959e-05,0,0,0,1.0624,-0.94513,-0.74557,-0.60685,0.51728,0.69343,0.75869,0,0,0,0,0,0,0,0,0,0,0,0,0,0,0,0,0,0,0,0,0,0,0,0,0,0,0,0,0,0,0,0,0,0,0,0,0,0,0.012103,0.94513,-1,0.74557,0,0,0,0,0,0,0,0,0,0,0,1
0,0,0,0,0,0,0,0,1.0956,0.50175,-0.78123,-1,-0.045149,4.0738e-07,0,0,0,0,0.97916,999,999,999,1.5524,0.15245,0,0.9832,0.1315,4.0738e-07,9999,1,1,878.91,6.4453,0.15245,0,0,0,0,0,0,0,0,1,1.0956,0.87855,-0.9309,0,0,0,0,0,10,0.1315,4.0738e-07,9999,1,878.91,6.4453,0.15245,1.0956,0.87855,-0.9309,2,0.015441,1.0956,-1,0.87855,-0.9309,-1,-0.045149,-0.87694,0,0,0,0,0,0,0,0
0,0,0,0,0,0,0,0,1.7111,0.49266,-0.98122,1,-0.99183,0.12381,-3.9735e-06,2,0,0,0.65287,999,999,999,0.48041,1.0513,0.32137,0.78942,0.22496,0.99183,9999,0,-1,849.61,7.7148,0.48041,0,0,0,0,0,0,0,0,1,1.7111,0.98571,-0.6928,0,0,0,0,0,10,0.22496,0.99183,9999,-1,849.61,7.7148,0.48041,1.7111,0.98571,-0.6928,-22,0,0,0,0,0.017039,1,2.8744e-06,3.6483e-06,0,0,0,0,0,0,0,0
0,0,0,0,0,0,0,0,0.63724,1.4233,-0.98042,1,-0.00011163,2.0164e-05,-3.6157e-07,1,0,0,0.58444,999,999,999,0.76658,0.46081,0.11792,0.72425,0.11837,3.5586e-07,9999,1,1,1191.4,10.84,0.11284,0,0,0,0,0,0,0,0,1,0.50321,0.87483,-0.302,0,0,0,0,0,10,0.11837,3.5586e-07,9999,1,1191.4,10.84,0.11284,0.50321,0.87483,-0.302,6,0.0092167,0.63724,1,0.8507,0.89557,1,2.0164e-05,0.02288,0,0,0,0,0,0,0,0
0,0,0,0,0,0,0,0,0.7002,1.0163,-0.29102,-1,-0.57137,-0.17393,0.11098,0,0,0,0.96186,-0.65087,0.99125,-0.50265,0.95889,1.0044,0.53634,0,0,0,0,0,0,0,0,0,0,0,0,0,0,0,0,0,0,0,0,0,0,0,0,0,0,0,0,0,0,0,0,0,0,0,0,0,0,0.0075305,0.65087,-1,0.99125,0,0,0,0,0,0,0,0,0,0,0,0
0,0,0,0,0,0,0,0,0.54527,1.0268,-0.16114,1,0.99913,-0.87681,5.1328e-05,0,0,0,0.89466,0.57517,0.43138,-0.69459,0.45867,0.64828,0.59382,0.99614,0.1596,4.0023e-07,9999,1,-1,732.42,7.1289,0.14768,0,0,0,0,0,0,0,0,1,0.57517,0.43138,-0.4491,0,0,0,0,0,10,0.1596,4.0023e-07,9999,-1,732.42,7.1289,0.14768,0.57517,0.43138,-0.4491,-2,0.00025487,0.57517,1,0.43138,0.76159,1,0.99913,0.88471,0,0,0,0,0,0,0,1
0,0,0,0,1.5611,0.37599,-0.79031,-1,0.4696,0.63311,0.6641,-1,-0.99398,-0.00011714,3.2565e-05,1,0,0,1.3699,-1.5611,0.99869,-0.97817,0.43851,2.3289,0.52127,0.68447,0.20366,7.184e-07,9999,1,1,458.98,3.5645,0.26551,0,0,0,0,0,0,0,0,1,1.5611,0.99869,-0.6657,0,0,0,0,0,10,0.20366,7.184e-07,9999,1,458.98,3.5645,0.26551,1.5611,0.99869,-0.6657,5,0.0053329,1.5611,-1,0.99869,0.78407,-1,-0.99398,-0.01006,0,0,0,0,0,0,0,0
0,0,0,0,0,0,0,0,1.0755,0.8175,-0.98749,1,-0.98877,0.98674,0.04451,2,1,0.50299,1.1903,999,999,999,0.7036,0.66137,1.5142,0.31195,0.22213,7.6767e-06,9999,0,-1,0,4.0527,0.34766,0,1,0,0,0,0,0,0,1,1.0755,0.85316,-0.68085,0,0,0,0,0,10,0.22213,7.6767e-06,9999,-1,0,4.0527,0.34766,1.0755,0.85316,-0.68085,-9,0.001345,1.0755,1,0.85316,-0.68085,1,0.98674,0.00041821,0,0,0,0,0,0,0,0
0,0,0,0,0,0,0,0,1.2261,1.0248,-0.85353,-1,-0.020746,-0.00041748,4.762e-05,0,0,0,1.4012,-1.2261,-0.75938,-0.46396,1.167,1.6657,0.58156,0.75977,0.10831,4.1674e-07,9999,1,1,878.91,6.4453,0.15841,0,0,0,0,0,0,0,0,1,1.2261,0.75938,-0.34109,0,0,0,0,0,10,0.10831,4.1674e-07,9999,1,878.91,6.4453,0.15841,1.2261,0.75938,-0.34109,0,0.0015057,1.2261,-1,0.75938,0.54836,-1,-0.020746,-0.61867,0,0,0,0,0,0,0,1
0.26129,0.78429,0.26176,1,0,0,0,0,0.41643,0.91543,-0.99775,-1,-0.99857,-0.96194,-7.2899e-06,2,1,0.49575,0.62743,999,999,999,0.41845,0.35254,0.36841,0.47126,0.23995,0.99857,9999,1,-1,878.91,8.7891,0.41845,0,0,0,0,0,0,0,0,1,999,999,999,0,0,0,0,0,0,0,0,0,0,0,0,0,0,0,0,0,0,0,0,0,0.54642,1,2.6164e-06,6.4717e-06,0.26129,0.78429,0.26176,1,1,0.038606,0.39303,0
0,0,0,0,0,0,0,0,0.50206,0.22005,-0.77687,-1,-9.7477e-06,0,0,0,0,0,0.34152,999,999,999,0.36516,0,0,0,0,0,0,0,0,0,0,0,0,0,0,0,0,0,0,0,0,0,0,0,0,0,0,0,0,0,0,0,0,0,0,0,0,0,0,0,0,0.032931,0.50206,-1,0.76756,0,0,0,0,0,0,0,0,0,0,0,0
0,0,0,0,0,0,0,0,0.83894,0,-0.97433,1,4.9419e-05,-9.1422e-06,0,0,0,0,0.56056,999,999,999,0.58903,0.36052,0,0,0,0,0,0,0,0,0,0,0,0,0,0,0,0,0,0,0,0,0,0,0,0,0,0,0,0,0,0,0,0,0,0,0,0,0,0,0,0.026649,0.83894,1,0.99661,0,0,0,0,0,0,0,0,0,0,0,1
0,0,0,0,0,0,0,0,0.29384,0.22248,0.44335,1,1.5523e-05,3.6421e-06,-5.8531e-07,0,0,0,0.34381,999,999,999,0.43429,0.28682,0.23148,0.98318,0.19182,5.8531e-07,9999,0,-1,585.94,4.6875,0.23148,0,0,0,0,0,0,0,0,1,999,999,999,0,0,0,0,0,0,0,0,0,0,0,0,0,0,0,0,0,0,0,0,0,-0.74896,1,3.6421e-06,0.73529,0,0,0,0,0,0,0,1
0,0,0,0,0.66577,0.50405,-0.96031,-1,0.27662,0.19421,0.39774,1,0.98618,-0.0049364,-9.4512e-05,0,0,0,0.86587,999,999,999,0.47101,0.95311,0.7881,0,0,0,0,0,0,0,0,0,0,0,0,0,0,0,0,0,0,0,0,0,0,0,0,0,0,0,0,0,0,0,0,0,0,0,0,0,0,0.019814,0.66577,-1,0.95671,0,0,0,0,0,0,0,0,0,0,0,1
0,0,0,0,0.69592,1.0231,0.24723,1,0.40162,2.2072,-0.96836,-1,0.04996,-0.00012216,-6.1749e-07,1,0,0,0.75467,999,999,999,0.95739,0.64786,0.24093,0.35858,0.11117,4.6667e-07,9999,1,1,634.77,5.2246,0.18578,0,0,0,0,0,0,0,0,1,999,999,999,0,0,0,0,0,10,0.17506,4.3967e-07,9999,-1,600.59,5.6152,0.17182,0.69592,0.60763,-0.77393,-0,0,0,0,0,-0.16922,-1,-0.00012216,-0.36361,0,0,0,0,0,0,0,0
0,0,0,0,0,0,0,0,1.2825,0.24774,-0.95443,-1,0.18318,-0.014563,2.8417e-06,2,0,0,1.2501,999,999,999,0.87475,1.198,0.29616,0.88967,0.11947,3.7631e-07,9999,0,-1,927.73,7.4219,0.13014,0,0,0,0,0,0,0,0,1,0.52676,0.87301,-0.67154,0,0,0,0,0,10,0.11947,3.7631e-07,9999,-1,927.73,7.4219,0.13014,0.52676,0.87301,-0.67154,-0,0.0035031,1.2825,-1,0.96475,-0.67154,1,0.18318,0.71413,0,0,0,0,0,0,0,0
0.39012,1.7092,-0.61634,1,0.68882,0.96954,0.4373,-1,0.54372,1.1051,-0.12897,-1,-0.00057851,-8.4005e-05,4.4637e-05,0,0,0,0.96418,999,999,999,0.8023,0.72576,0.50464,0.94987,0.20479,6.5837e-07,9999,1,1,551.76,4.6387,0.2517,0,0,0,0,0,0,0,0,1,0.68882,0.98529,-0.98834,0,0,0,0,0,10,0.20479,6.5837e-07,9999,1,551.76,4.6387,0.2517,0.68882,0.98529,-0.98834,4,0.0089903,0.68882,-1,0.98529,-0.7376,-1,-8.4005e-05,-0.395,0.39012,1.7092,-0.61634,1,1,0.0074201,0.89727,0
0,0,0,0,0,0,0,0,0.326,1.7596,-0.9019,-1,-0.99771,0.011098,6.2838e-05,1,0,0,0.83775,999,999,999,0.40385,0.71058,0.64776,0.93125,0.091092,3.4023e-07,9999,1,-1,2363.3,12.402,0.097797,0,0,0,0,0,0,0,0,1,999,999,999,0,0,0,0,0,0,0,0,0,0,0,0,0,0,0,0,0,0.0035159,0.57893,1,0.96599,0.28782,1,0.011098,0.80349,0,0,0,0,0,0,0,0
0,0,0,0,0,0,0,0,0.68446,0.092229,0.33677,1,-0.29206,0.00029473,5.5997e-06,1,0,0,0.87725,999,999,999,1.1344,0.76135,0.3476,0,0,0,0,0,0,0,0,0,0,0,0,0,0,0,0,0,0,0,0,0,0,0,0,0,0,0,0,0,0,0,0,0,0,0,0,0,0,0.009658,0.72997,-1,0.58454,0,0,0,0,0,0,0,0,0,0,0,1
0,0,0,0,0.93208,1.4847,-0.74352,1,1.6549,0.26211,-0.42747,1,0.93642,-0.030029,0.0014299,0,0,0,1.7921,0.93208,0.5746,-0.096855,1.3654,0.74832,0.99862,0.8788,0.20502,1.053e-06,9999,1,1,693.36,4.0039,0.31724,0,0,0,0,0,0,0,0,1,999,999,999,0,0,0,0,0,10,0.22186,5.1033e-07,9999,-1,595.7,3.5156,0.20506,0.93208,0.5746,-0.84332,-6,0.0028967,1.6549,1,0.85765,0.40776,1,0.93642,0.010032,0,0,0,0,0,0,0,1
0,0,0,0,0,0,0,0,1.0192,0,-0.99121,-1,0.21848,-0.0039586,0,1,0,0,0.73187,999,999,999,0.84946,1.5511,0,0,0,0,0,0,0,0,0,0,0,0,0,0,0,0,0,0,0,0,0,0,0,0,0,0,0,0,0,0,0,0,0,0,0,0,0,0,0,0.020001,1.0192,-1,0.99121,0,0,0,0,0,0,0,0,0,0,0,1
0,0,0,0,0,0,0,0,0.41685,0,-0.53691,-1,0.99999,-0.025258,0.0016301,2,1,0.50109,0.59888,999,999,999,0.23146,0.67546,0.96959,0.56818,0.14053,4.9669e-07,9999,1,1,712.89,3.9551,0.19941,0,0,0,0,0,0,0,0,1,999,999,999,0,0,0,0,0,0,0,0,0,0,0,0,0,0,0,0,0,0,0,0,0,0.61527,1,0.99999,0.089175,0,0,0,0,0,0,0,0
0.62331,1.0447,-0.35866,1,0,0,0,0,1.0497,1.0799,-0.92297,-1,-0.95568,-0.85168,0.44826,0,0,0,1.4778,-0.80012,-0.99401,-0.7362,1.2979,0.61167,0.97641,0,0,0,0,0,0,0,0,0,0,0,0,0,0,0,0,0,0,0,0,0,0,0,0,0,0,0,0,0,0,0,0,0,0,0,0,0,0,0.0013282,1.0497,-1,0.73455,0,0,0,0,0.62331,1.0447,-0.35866,1,1,0.0027322,0.90608,0
0,0,0,0,0,0,0,0,1.3113,0.29868,-0.85578,1,0.96133,-0.00059162,0,1,0,0,1.3827,999,999,999,1.3717,0.52136,0,0,0,0,0,0,0,0,0,0,0,0,0,0,0,0,0,0,0,0,0,0,0,0,0,0,0,0,0,0,0,0,0,0,0,0,0,0,0,0.008337,1.3113,1,0.8828,0,0,0,0,0,0,0,0,0,0,0,1
0,0,0,0,0,0,0,0,0.90584,0.81934,-0.76252,1,-0.99992,0.00069285,-0.00016399,0,0,0,1.2208,999,999,999,0.28742,1.0152,0.81654,0,0,0,0,0,0,0,0,0,0,0,0,0,0,0,0,0,0,0,0,0,0,0,0,0,0,0,0,0,0,0,0,0,0,0,0,0,0,0.0028925,0.90584,1,0.93424,0,0,0,0,0,0,0,0,0,0,0,1
0,0,0,0,0,0,0,0,0.79232,0.59581,0.7646,1,-0.95113,0.00063673,0.00035306,0,0,0,1.4002,999,999,999,0.89774,0.98823,0.71126,0.80248,0.18842,5.3335e-06,9999,1,-1,0,4.1504,0.31945,0,0,0,0,0,0,0,0,1,0.79232,0.40757,-0.12492,0,0,0,0,0,10,0.18842,5.3335e-06,9999,-1,0,4.1504,0.31945,0.79232,0.40757,-0.12492,-6,0.0091124,1.1327,-1,0.98638,0.86524,1,0.00035306,0.10221,0,0,0,0,0,0,0,0
0,0,0,0,0,0,0,0,1.5219,0.59159,-0.92002,-1,-0.77433,-0.00025956,2.1112e-05,0,0,0,1.3714,999,999,999,2.2677,0.12473,0.55639,0.94668,0.13114,3.7002e-07,9999,0,-1,830.08,8.0078,0.12508,0,0,0,0,0,0,0,0,1,999,999,999,0,0,0,0,0,0,0,0,0,0,0,0,0,0,0,0,0,0.017053,1.5219,-1,0.98561,0.36827,-1,-0.77433,-0.0072811,0,0,0,0,0,0,0,0
0,0,0,0,0,0,0,0,0.66581,0.088944,-0.10077,-1,-0.95634,0.00023465,0,0,0,0,0.92925,999,999,999,0.66365,0.92511,0,0,0,0,0,0,0,0,0,0,0,0,0,0,0,0,0,0,0,0,0,0,0,0,0,0,0,0,0,0,0,0,0,0,0,0,0,0,0,0.02658,0.70627,1,0.95227,0,0,0,0,0,0,0,0,0,0,0,0
1.3553,0.23968,-0.74433,-1,0,0,0,0,0.42921,0.43742,0.24221,-1,-4.2056e-05,-7.6431e-06,4.6492e-07,1,0,0,1.113,999,999,999,2.0684,0.37223,0.18492,0.21961,0.096466,3.2586e-07,9999,0,1,1523.4,3.2227,0.08224,1,0,0.12754,0.25137,-1.0599,0.10966,0.16673,0.061633,1,1.3553,0.9929,-0.10214,0,0,0,0,0,10,0.096466,3.2586e-07,9999,1,1523.4,3.2227,0.08224,1.3553,0.9929,-0.10214,21,0.0022147,1.3553,-1,0.9929,0.69686,-1,-7.6431e-06,-0.44271,0,0,0,0,0,0,0,0
0,0,0,0,0,0,0,0,0.12906,0.34756,0.59354,1,-0.99953,8.0095e-06,2.0298e-06,0,0,0,0.50861,999,999,999,0.35149,0.37603,0.22445,0.73519,0.12906,5.3672e-07,9999,1,1,654.3,4.8828,0.21518,0,0,0,0,0,0,0,0,1,999,999,999,0,0,0,0,0,0,0,0,0,0,0,0,0,0,0,0,0,0,0,0,0,0.22223,-1,-0.99953,-0.47045,0,0,0,0,0,0,0,0
0.58096,1.4885,0.082354,1,0,0,0,0,1.0534,1.3899,-0.50526,1,0.47013,0.074432,0.00017787,2,0,0,0.96993,0.58096,-0.75348,-0.012605,1.6761,0.83866,0.18553,0.30516,0.23834,4.6446e-07,9999,1,1,673.83,7.4219,0.1847,0,0,0,0,0,0,0,0,1,999,999,999,0,0,0,0,0,0,0,0,0,0,0,0,0,0,0,0,0,0.010194,1.0534,1,0.6669,-0.18655,-1,-3.2764e-05,-0.0001479,0.58096,1.4885,0.082354,1,1,0.16324,0.75348,0
0,0,0,0,0,0,0,0,0.41913,0.096473,-0.20236,-1,0.0098294,0.00054977,-1.0613e-05,1,0,0,0.80261,999,999,999,1.0794,0.31136,0.39965,0,0,0,0,0,0,0,0,0,0,0,0,0,0,0,0,0,0,0,0,0,0,0,0,0,0,0,0,0,0,0,0,0,0,0,0,0,0,0.02759,0.75032,1,0.83981,0,0,0,0,0,0,0,0,0,0,0,1
0,0,0,0,0.84524,0.83449,-0.95941,-1,0.78159,0.32575,-0.76844,-1,-0.0054562,0.003282,-7.9546e-05,0,0,0,1.1878,999,999,999,1.0014,0.92449,0.7303,0.98131,0.11132,1.6201e-06,9999,1,1,0,5.0293,0.19123,0,0,0,0,0,0,0,0,1,999,999,999,0,0,0,0,0,10,0.20065,4.2472e-07,9999,1,791.02,5.6641,0.16327,0.84524,0.73973,-0.42791,0,0.0063563,0.84524,-1,0.73973,0.68308,-1,-0.0054562,-0.87704,0,0,0,0,0,0,0,0
0,0,0,0,0,0,0,0,0.89182,0,0.073505,-1,0.96,0.082495,-0.010761,1,0,0,1.5588,1.3194,0.90937,-0.72218,0.93333,2.024,0.94322,0,0,0,0,0,0,0,0,0,0,0,0,0,0,0,0,0,0,0,0,0,0,0,0,0,0,0,0,0,0,0,0,0,0,0,0,0,0,0.01717,1.3194,1,0.90937,0,0,0,0,0,0,0,0,0,0,0,1
0,0,0,0,0,0,0,0,0.32582,0.12844,-0.74044,-1,-1.209e-05,1.1716e-05,0,0,0,0,0.46041,999,999,999,0.4111,0.4083,0,0,0,0,0,0,0,0,0,0,0,0,0,0,0,0,0,0,0,0,0,0,0,0,0,0,0,0,0,0,0,0,0,0,0,0,0,0,0,0,0,0,0,0,0,0,0,0,0,0,0,0,0,0,1
0,0,0,0,0,0,0,0,0.88699,1.4709,-0.80677,1,0.049686,0.0095815,-0.00010428,0,0,0,1.4416,0.9736,0.58627,-0.71186,1.1935,0.91834,0.71351,0.27408,0.19456,1.2141e-06,9999,1,-1,0,12.207,0.10398,0,0,0,0,0,0,0,0,1,0.9736,0.58627,-0.010318,0,0,0,0,0,10,0.19456,1.2141e-06,9999,-1,0,12.207,0.10398,0.9736,0.58627,-0.010318,-5,0.0026247,0.9736,1,0.58627,-0.010318,1,0.0095815,0.0030072,0,0,0,0,0,0,0,1
0,0,0,0,0,0,0,0,0.69686,1.7468,-0.78482,-1,-0.00014428,-0.00014016,2.3608e-06,1,1,0.49525,0.89792,999,999,999,0.88688,0.71812,0.37468,0.89146,0.10882,4.1219e-07,9999,1,1,781.25,6.6406,0.15555,0,0,0,0,0,0,0,0,1,999,999,999,0,0,0,0,0,0,0,0,0,0,0,0,0,0,0,0,0,0.0092627,0.69686,-1,0.80559,0.86821,-1,-0.00014016,-0.73678,0,0,0,0,0,0,0,0
1.5439,0,-0.79239,1,0,0,0,0,0,0,0,0,0.63957,0,0,0,0,0,0.72648,999,999,999,1.0102,0,0,0,0,0,0,0,0,0,0,0,0,0,0,0,0,0,0,0,0,0,0,0,0,0,0,0,0,0,0,0,0,0,0,0,0,0,0,0,0,0.0042651,1.5439,1,0.95097,0,0,0,0,0,0,0,0,0,0,0,1
0,0,0,0,0.7255,0.28381,0.25953,-1,1.1492,0.28381,-0.93448,1,-0.046469,0.0065312,0.00013006,0,0,0,1.5233,-0.51384,0.68308,-0.66392,0.78693,1.3755,0.96562,0,0,0,0,0,0,0,0,0,0,0,0,0,0,0,0,0,0,0,0,0,0,0,0,0,0,0,0,0,0,0,0,0,0,0,0,0,0,0.002483,1.1492,1,0.971,0,0,0,0,0,0,0,0,0,0,0,1
0,0,0,0,0,0,0,0,0.46266,1.5245,-0.5283,1,-0.99952,-0.47011,0.00074691,1,1,0.49902,0.6598,999,999,999,0.3499,1.011,0.58462,0,0,0,0,0,0,0,0,0,0,0,0,0,0,0,0,0,0,0,0,0,0,0,0,0,0,0,0,0,0,0,0,0,0,0,0,0,0,0,0,0,0,0,0,0,0,0,0,0,0,0,0,0,1
0,0,0,0,0,0,0,0,0.63905,1.085,-0.79332,1,-0.023498,4.5637e-05,1.8164e-05,1,1,0.4957,0.73968,999,999,999,0.95317,0.57332,0.44698,0,0,0,0,0,0,0,0,0,0,0,0,0,0,0,0,0,0,0,0,0,0,0,0,0,0,0,0,0,0,0,0,0,0,0,0,0,0,0.00097139,0.63905,1,0.9248,0,0,0,0,0,0,0,0,0,0,0,1
0,0,0,0,0,0,0,0,1.2532,1.2284,-0.94558,1,0.051,0.049346,3.5375e-05,0,0,0,1.7709,1.0616,0.93298,-0.77263,1.2864,1.2426,0.5309,0.58967,0.21512,1.2194e-06,9999,1,-1,444.34,4.541,0.33424,0,0,0,0,0,0,0,0,1,1.0616,0.93298,-0.36394,0,0,0,0,0,10,0.21512,1.2194e-06,9999,-1,444.34,4.541,0.33424,1.0616,0.93298,-0.36394,-4,0.00058401,1.2532,1,0.94236,0.61219,1,0.051,0.0019178,0,0,0,0,0,0,0,1
1.3439,0.20863,0.35659,1,0,0,0,0,0.88312,1.857,-0.86739,-1,-0.00037761,0.00011469,4.734e-07,0,0,0,1.5564,999,999,999,0.93635,1.7707,0.18899,0,0,0,0,0,0,0,0,0,0,0,0,0,0,0,0,0,0,0,0,0,0,0,0,0,0,0,0,0,0,0,0,0,0,0,0,0,0,0.0060864,1.3439,1,0.97848,0,0,0,0,0,0,0,0,0,0,0,1
0.76281,1.081,-0.75551,-1,0,0,0,0,0.37443,0.60123,-0.4246,1,-0.28767,-0.026563,0.0001743,0,0,0,1.0904,999,999,999,0.81415,0.95147,0.68823,0,0,0,0,0,0,0,0,0,0,0,0,0,0,0,0,0,0,0,0,0,0,0,0,0,0,0,0,0,0,0,0,0,0,0,0,0,0,0.0058636,0.76281,-1,0.68966,0,0,0,0,0.76281,1.081,-0.75551,-1,1,0.0058636,0.68966,0
0,0,0,0,0,0,0,0,0.35051,0.96732,-0.75495,-1,-5.9892e-06,-4.1339e-07,3.9159e-07,1,0,0,0.3815,999,999,999,0.35284,0.15631,0.14164,0.63151,0.093302,3.9159e-07,9999,0,1,732.42,6.7383,0.14164,0,0,0,0,0,0,0,0,1,999,999,999,0,0,0,0,0,0,0,0,0,0,0,0,0,0,0,0,0,0,0,0,0,0.8852,-1,-5.9892e-06,-0.62343,0,0,0,0,0,0,0,0
0,0,0,0,0,0,0,0,0.23155,0.24416,-0.012427,1,-0.00017454,3.3731e-06,0,1,0,0,0.2283,999,999,999,0.14605,0.30903,0,0.68053,0.23155,3.3731e-06,9999,1,1,712.89,4.7852,0.30903,0,0,0,0,0,0,0,0,1,999,999,999,0,0,0,0,0,0,0,0,0,0,0,0,0,0,0,0,0,0,0,0,0,-0.25867,-1,-0.00017454,-0.00085767,0,0,0,0,0,0,0,1
0,0,0,0,0,0,0,0,1.3791,0,0.18272,1,0.96477,0.17351,-7.297e-05,0,0,0,1.4788,0.81075,-0.89756,-0.62872,2.0904,1.0324,0.66782,0,0,0,0,0,0,0,0,0,0,0,0,0,0,0,0,0,0,0,0,0,0,0,0,0,0,0,0,0,0,0,0,0,0,0,0,0,0,0.015591,1.3791,1,0.90715,0,0,0,0,0,0,0,0,0,0,0,1
0.48294,0.35603,-0.29316,-1,0,0,0,0,0.98182,0.83898,-0.90379,1,-0.9458,-0.013756,0.012638,0,0,0,1.2078,999,999,999,0.91147,0.75864,1.4032,0,0,0,0,0,0,0,0,0,0,0,0,0,0,0,0,0,0,0,0,0,0,0,0,0,0,0,0,0,0,0,0,0,0,0,0,0,0,0.0025844,0.98182,1,0.98748,0,0,0,0,0.48294,0.35603,-0.29316,-1,1,0.043573,0.64213,0
0,0,0,0,0,0,0,0,1.1338,1.288,-0.81478,-1,0.97683,-0.95516,-0.95374,1,0,0,1.1086,999,999,999,0.51043,0.77956,0.83192,0.71254,0.07237,1.328e-06,9999,1,1,0,6.0059,0.14806,0,0,0,0,0,0,0,0,1,1.1338,0.94135,-0.558,0,0,0,0,0,10,0.07237,1.328e-06,9999,1,0,6.0059,0.14806,1.1338,0.94135,-0.558,6,0.0081395,1.1338,-1,0.94135,0.40382,-1,-0.95516,-0.73236,0,0,0,0,0,0,0,0
0,0,0,0,1.6825,0.61294,0.71328,1,1.0863,1.3712,-0.75954,-1,0.032318,-0.0066938,-0.00023033,2,0,0,1.7002,999,999,999,1.2824,1.6027,0.84956,0.98391,0.12973,5.4167e-07,9999,0,1,771.48,5.5176,0.21697,0,0,0,0,0,0,0,0,1,999,999,999,0,0,0,0,0,10,0.084476,1.3269e-06,9999,-1,0,5.8105,0.14781,1.6825,0.96179,-0.13979,-0,0.0036124,1.6825,1,0.96179,0.99558,-1,-0.0066938,-0.87892,0,0,0,0,0,0,0,0
0,0,0,0,0,0,0,0,0.56084,0.8412,-0.55309,-1,-8.2358e-05,2.8327e-05,-2.7688e-05,1,0,0,0.79239,999,999,999,0.80541,0.5003,0.49747,0.65405,0.072805,1.3231e-06,9999,1,1,0,6.7383,0.14694,0,0,0,0,0,0,0,0,1,0.56084,0.87689,-0.43424,0,0,0,0,0,10,0.072805,1.3231e-06,9999,1,0,6.7383,0.14694,0.56084,0.87689,-0.43424,5,0.015867,0.56084,-1,0.87689,-0.40947,-1,-2.7688e-05,-0.72658,0,0,0,0,0,0,0,0
0,0,0,0,0,0,0,0,0.99288,1.3596,-0.50733,-1,0.96714,-0.90439,-0.0020964,1,0,0,1.8317,0.52357,-0.23574,-0.22139,0.98486,1.1848,1.1318,0.56844,0.10725,4.0945e-07,9999,0,-1,703.12,6.1035,0.1538,0,0,0,0,0,0,0,0,1,0.52357,0.23574,-0.51848,0,0,0,0,0,10,0.10725,4.0945e-07,9999,-1,703.12,6.1035,0.1538,0.52357,0.23574,-0.51848,-6,0.012549,0.99288,-1,0.94233,0.85868,1,0.96714,0.48668,0,0,0,0,0,0,0,1
0,0,0,0,0,0,0,0,0.48822,0.76108,0.84031,-1,-0.99989,-0.00023185,0.00018434,3,0,0,0.93001,999,999,999,0.32178,0.58749,0.20408,0.54543,0.091508,3.8153e-07,9999,1,1,957.03,6.3477,0.13419,0,0,0,0,0,0,0,0,1,999,999,999,0,0,0,0,0,0,0,0,0,0,0,0,0,0,0,0,0,0,0,0,0,-0.60928,-1,-0.99989,-0.58583,0,0,0,0,0,0,0,1
0,0,0,0,0,0,0,0,2.0299,0.34748,-0.81064,-1,-0.88295,-0.5289,0.10074,2,1,0.49397,1.5141,999,999,999,1.4528,0.59625,1.1483,0.9753,0.16662,3.926e-07,9999,1,1,908.2,7.7148,0.14236,0,0,0,0,0,0,0,0,1,999,999,999,0,0,0,0,0,0,0,0,0,0,0,0,0,0,0,0,0,0.0013256,2.0299,-1,0.9885,0.95439,-1,-0.88295,-0.8122,0,0,0,0,0,0,0,0
0,0,0,0,0,0,0,0,0.62534,0,-0.9271,-1,-0.29568,0,0,0,0,0,0.61349,999,999,999,0.77507,0,0,0,0,0,0,0,0,0,0,0,0,0,0,0,0,0,0,0,0,0,0,0,0,0,0,0,0,0,0,0,0,0,0,0,0,0,0,0,0,0.0049156,0.62534,-1,0.9271,0,0,0,0,0,0,0,0,0,0,0,1
0.9687,0.76661,-0.3767,-1,0,0,0,0,0.94094,0.22723,0.2123,-1,-0.0064505,-0.00053156,5.3364e-05,0,0,0,1.3283,-0.9687,-0.93028,-0.78539,1.4051,0.87116,0.59901,0,0,0,0,0,0,0,0,0,0,0,0,0,0,0,0,0,0,0,0,0,0,0,0,0,0,0,0,0,0,0,0,0,0,0,0,0,0,0.0074154,0.9687,-1,0.93028,0,0,0,0,0.9687,0.76661,-0.3767,-1,1,0.0074154,0.93028,0
0,0,0,0,0,0,0,0,1.065,0,-0.27254,-1,-0.00039457,-0.00018364,-0.00011764,1,0,0,0.724,-1.065,-0.93918,-0.91524,0.69994,0.20246,0.73524,0,0,0,0,0,0,0,0,0,0,0,0,0,0,0,0,0,0,0,0,0,0,0,0,0,0,0,0,0,0,0,0,0,0,0,0,0,0,0.0017167,1.065,-1,0.93918,0,0,0,0,0,0,0,0,0,0,0,0
0,0,0,0,0,0,0,0,1.0059,0.50912,-0.2663,1,0.96369,3.3169e-05,-1.9414e-05,0,0,0,1.2438,0.63217,0.7641,-0.42046,0.99163,0.52153,0.45674,0,0,0,0,0,0,0,0,0,0,0,0,0,0,0,0,0,0,0,0,0,0,0,0,0,0,0,0,0,0,0,0,0,0,0,0,0,0,0.0013388,1.0059,1,0.7457,0,0,0,0,0,0,0,0,0,0,0,0
1.0754,0.41035,-0.98316,1,0,0,0,0,0.29222,0.41035,-0.80444,-1,0.034633,2.0568e-06,-1.9491e-06,1,0,0,1.1311,999,999,999,1.2297,0.22615,0.26769,0.7241,0.046964,1.2146e-06,9999,0,-1,0,13.672,0.1046,0,0,0,0,0,0,0,0,1,999,999,999,0,0,0,0,0,0,0,0,0,0,0,0,0,0,0,0,0,0.0090984,1.0754,1,0.95062,0.89808,1,0.034633,0.78476,0,0,0,0,0,0,0,1
0,0,0,0,0,0,0,0,0.58226,1.1233,-0.33612,-1,-0.00021193,1.1452e-05,1.1281e-05,0,0,0,0.69278,999,999,999,0.86896,0.40627,0.2989,0.75887,0.21249,1.2819e-06,9999,1,1,541.99,5.1758,0.23511,0,0,0,0,0,0,0,0,1,0.58226,0.77999,-0.85008,0,0,0,0,0,10,0.21249,1.2819e-06,9999,1,541.99,5.1758,0.23511,0.58226,0.77999,-0.85008,0,0.0046635,0.58226,-1,0.77999,-0.85008,-1,-0.00021193,-0.010736,0,0,0,0,0,0,0,1
0,0,0,0,0,0,0,0,1.7484,0.84261,-0.98256,1,0.053268,-0.0013742,-3.4264e-05,0,0,0,1.8087,999,999,999,1.7412,0.82355,0.52613,0,0,0,0,0,0,0,0,0,0,0,0,0,0,0,0,0,0,0,0,0,0,0,0,0,0,0,0,0,0,0,0,0,0,0,0,0,0,0.0044039,1.7484,1,0.99322,0,0,0,0,0,0,0,0,0,0,0,0
0,0,0,0,0,0,0,0,0.30403,1.2959,0.94104,-1,-7.4446e-06,0,0,0,0,0,0.30163,999,999,999,0.3701,0,0,0,0,0,0,0,0,0,0,0,0,0,0,0,0,0,0,0,0,0,0,0,0,0,0,0,0,0,0,0,0,0,0,0,0,0,0,0,0,0,0,0,0,0,0,0,0,0,0,0,0,0,0,0,0
0,0,0,0,0,0,0,0,0.9919,1.0449,-0.02588,-1,0.86435,-0.18454,-0.009615,1,0,0,1.4298,0.54759,-0.92929,-0.68367,0.66818,1.1037,0.76416,0.77797,0.10937,4.7462e-07,9999,0,-1,917.97,5.3223,0.18956,0,0,0,0,0,0,0,0,1,999,999,999,0,0,0,0,0,10,0.22781,5.6563e-07,9999,1,566.41,4.2969,0.2252,0.9919,0.95208,-0.67229,5,0.013105,0.9919,-1,0.95208,-0.31347,1,0.86435,0.62728,0,0,0,0,0,0,0,1
0.95247,0.047969,-0.74725,-1,0,0,0,0,0,0,0,0,-0.0012476,0,0,0,0,0,0.80264,999,999,999,0.80574,0,0,0,0,0,0,0,0,0,0,0,0,0,0,0,0,0,0,0,0,0,0,0,0,0,0,0,0,0,0,0,0,0,0,0,0,0,0,0,0,0.0086001,0.95247,-1,0.71775,0,0,0,0,0.95247,0.047969,-0.74725,-1,1,0.0086001,0.71775,1
1.0687,0.072826,0.40208,-1,0,0,0,0,0.7894,0.072826,-0.6041,1,-0.0025242,8.1273e-05,3.4769e-05,2,1,0.50139,1.1898,999,999,999,1.4731,0.70104,0.52836,0.83135,0.23233,2.4952e-06,9999,0,1,585.94,4.4922,0.28638,0,0,0,0,0,0,0,0,1,1.0687,0.92952,-0.87299,0,0,0,0,0,10,0.23233,2.4952e-06,9999,1,585.94,4.4922,0.28638,1.0687,0.92952,-0.87299,5,0.016655,1.0687,-1,0.92952,0.99881,1,8.1273e-05,0.00095902,0,0,0,0,0,0,0,0
0,0,0,0,0,0,0,0,0.52276,1.696,-0.90882,1,-0.00017474,6.1907e-06,7.5497e-07,1,0,0,0.37351,999,999,999,0.16815,0.35543,0.27299,0.97223,0.15879,6.6065e-07,9999,1,-1,546.88,5.2734,0.25227,0,0,0,0,0,0,0,0,1,0.52276,0.97151,-0.90828,0,0,0,0,0,10,0.13975,0.00017474,9999,-1,673.83,0,0.16815,0.52276,0.97151,-0.38282,-6,0.033226,0.52276,1,0.97151,-0.90828,1,6.1907e-06,0.82136,0,0,0,0,0,0,0,1
0,0,0,0,0,0,0,0,0.52437,0.22988,0.10761,-1,0.00018659,-3.238e-05,-1.1771e-06,3,2,0.49733,0.54177,999,999,999,0.20887,0.51818,0.33026,0,0,0,0,0,0,0,0,0,0,0,0,0,0,0,0,0,0,0,0,0,0,0,0,0,0,0,0,0,0,0,0,0,0,0,0,0,0,0.018843,0.52437,-1,0.91974,0,0,0,0,0,0,0,0,0,0,0,0
0,0,0,0,0,0,0,0,1.2569,0.32651,-0.94739,-1,-0.96903,2.0966e-06,-5.8362e-07,0,0,0,1.1766,999,999,999,1.7944,0.38833,0.23095,0.95348,0.24176,2.0966e-06,9999,1,1,566.41,3.4668,0.38833,0,0,0,0,0,0,0,0,1,999,999,999,0,0,0,0,0,0,0,0,0,0,0,0,0,0,0,0,0,0.013909,1.2569,-1,0.87673,0.7968,-1,-0.96903,-0.056505,0,0,0,0,0,0,0,0
0,0,0,0,0,0,0,0,1.1152,0.15285,-0.64347,1,0.014939,-1.0677e-05,-6.4528e-06,0,0,0,1.1683,999,999,999,1.464,0.40017,0.3587,0,0,0,0,0,0,0,0,0,0,0,0,0,0,0,0,0,0,0,0,0,0,0,0,0,0,0,0,0,0,0,0,0,0,0,0,0,0,0.018229,1.1152,1,0.76937,0,0,0,0,0,0,0,0,0,0,0,1
0,0,0,0,0,0,0,0,0.76492,0.64076,0.12296,-1,-0.99485,0.94007,-0.50549,0,0,0,1.1444,-0.76492,-0.47993,-0.20338,0.59981,0.62561,1.2842,0,0,0,0,0,0,0,0,0,0,0,0,0,0,0,0,0,0,0,0,0,0,0,0,0,0,0,0,0,0,0,0,0,0,0,0,0,0,0.01096,0.76492,-1,0.47993,0,0,0,0,0,0,0,0,0,0,0,0
2.0745,0.14023,-0.39345,-1,0,0,0,0,1.4792,0.72926,0.0048945,1,0.044092,-0.0088053,0,0,0,0,2.3477,999,999,999,1.5985,2.9164,0,0,0,0,0,0,0,0,0,0,0,0,0,0,0,0,0,0,0,0,0,0,0,0,0,0,0,0,0,0,0,0,0,0,0,0,0,0,0,0.0078729,2.0745,-1,0.96581,0,0,0,0,0,0,0,0,0,0,0,0
0,0,0,0,0,0,0,0,0.69655,0.34903,0.51222,-1,0.012422,-0.0031096,1.7299e-05,2,1,0.4974,0.94328,999,999,999,1.1911,0.69289,0.44495,0.91694,0.13258,4.5786e-07,9999,0,-1,634.77,3.5645,0.18142,0,0,0,0,0,0,0,0,1,999,999,999,0,0,0,0,0,10,0.23644,6.1382e-06,9999,1,419.92,4.1016,0.35477,0.69655,0.66753,-0.23021,6,0.015711,0.79767,1,0.98217,0.84954,1,0.012422,0.73413,0,0,0,0,0,0,0,0
0,0,0,0,0,0,0,0,0.34807,0.56259,0.95382,-1,-0.73116,0.00018182,4.4444e-05,2,0,0,0.58989,999,999,999,0.39072,0.58724,0.60295,0.98876,0.21038,6.6795e-07,9999,1,1,502.93,5.3711,0.25405,0,0,0,0,0,0,0,0,1,999,999,999,0,0,0,0,0,0,0,0,0,0,0,0,0,0,0,0,0,0,0,0,0,-0.598,-1,-0.73116,-0.6037,0,0,0,0,0,0,0,0
0,0,0,0,0,0,0,0,1.6161,0.49084,-0.61142,1,-0.61292,0.012372,-1.843e-06,1,0,0,0.99852,999,999,999,1.4836,1.1338,0.21132,0.98494,0.1273,1.843e-06,9999,1,-1,0,3.6133,0.21132,0,0,0,0,0,0,0,0,1,1.6161,0.90116,-0.92281,0,0,0,0,0,10,0.1273,1.843e-06,9999,-1,0,3.6133,0.21132,1.6161,0.90116,-0.92281,-2,0.00015056,1.6161,1,0.90116,-0.92281,1,0.012372,0.88155,0,0,0,0,0,0,0,1
0,0,0,0,0,0,0,0,1.6299,1.0334,-0.64023,1,-0.067465,0.00027813,-2.6263e-05,0,0,0,1.7563,-0.75581,-0.64973,-0.95389,1.2629,2.0157,0.49092,0,0,0,0,0,0,0,0,0,0,0,0,0,0,0,0,0,0,0,0,0,0,0,0,0,0,0,0,0,0,0,0,0,0,0,0,0,0,0.0027072,1.6299,1,0.88009,0,0,0,0,0,0,0,0,0,0,0,0
0,0,0,0,0.88721,2.0678,-0.55253,-1,1.5343,0.80703,-0.50113,1,0.88325,-0.35176,0.00029915,0,0,0,2.3031,1.5343,-0.98095,-0.93736,1.5138,1.0307,1.8605,0,0,0,0,0,0,0,0,0,0,0,0,0,0,0,0,0,0,0,0,0,0,0,0,0,0,0,0,0,0,0,0,0,0,0,0,0,0,0.0055604,1.5343,1,0.98095,0,0,0,0,0,0,0,0,0,0,0,1
0,0,0,0,0,0,0,0,0.60955,0,-0.96473,-1,0.99996,-0.99928,0,0,0,0,0.5272,999,999,999,0.28307,0.44653,0,0,0,0,0,0,0,0,0,0,0,0,0,0,0,0,0,0,0,0,0,0,0,0,0,0,0,0,0,0,0,0,0,0,0,0,0,0,0,0.0028266,0.60955,-1,0.96473,0,0,0,0,0,0,0,0,0,0,0,0
0,0,0,0,1.6288,0,-0.70074,1,0.83654,0.32165,0.50781,1,0.97609,0.003802,-1.5335e-05,0,0,0,1.8676,1.6288,0.97064,-0.82241,0.80204,1.9135,0.43311,0,0,0,0,0,0,0,0,0,0,0,0,0,0,0,0,0,0,0,0,0,0,0,0,0,0,0,0,0,0,0,0,0,0,0,0,0,0,0.014054,1.6288,1,0.97064,0,0,0,0,0,0,0,0,0,0,0,1
0,0,0,0,0,0,0,0,0.7116,0.34951,-0.63596,1,0.99988,-0.99116,0.94402,2,0,0,0.94931,999,999,999,0.32649,0.68024,0.80682,0.84151,0.23372,4.8044e-07,9999,1,1,722.66,6.9336,0.19225,0,0,0,0,0,0,0,0,1,999,999,999,0,0,0,0,0,0,0,0,0,0,0,0,0,0,0,0,0,0.024116,0.7116,1,0.97726,0.48353,1,0.94402,0.00028533,0,0,0,0,0,0,0,1
0.76574,0.755,0.30484,-1,0,0,0,0,0.99957,0.54394,-0.90099,1,-0.99999,-0.23248,0.00021304,1,0,0,1.0295,-0.76574,0.95905,-0.80056,0.24558,1.2144,0.7265,0,0,0,0,0,0,0,0,0,0,0,0,0,0,0,0,0,0,0,0,0,0,0,0,0,0,0,0,0,0,0,0,0,0,0,0,0,0,0.01601,0.99957,1,0.69237,0,0,0,0,0.76574,0.755,0.30484,-1,1,0.0052971,0.95905,0
0,0,0,0,0.73858,0.42148,-0.79963,1,1.276,0.12851,-0.35263,1,0.25835,0.070415,0.044448,0,0,0,1.5542,1.276,0.84149,-0.037519,1.1892,1.0874,1.811,0,0,0,0,0,0,0,0,0,0,0,0,0,0,0,0,0,0,0,0,0,0,0,0,0,0,0,0,0,0,0,0,0,0,0,0,0,0,0.0018902,1.276,1,0.84149,0,0,0,0,0,0,0,0,0,0,0,1
0,0,0,0,1.6898,0.088815,0.052202,-1,1.1767,0.92453,-0.63145,1,0.52361,0.26708,-0.028962,0,0,0,1.6378,999,999,999,1.8841,1.4616,1.3699,0,0,0,0,0,0,0,0,0,0,0,0,0,0,0,0,0,0,0,0,0,0,0,0,0,0,0,0,0,0,0,0,0,0,0,0,0,0,0.0050571,1.6898,-1,0.94824,0,0,0,0,0,0,0,0,0,0,0,0
0,0,0,0,0,0,0,0,0.41438,0.94959,0.95422,-1,-0.063003,-6.1706e-05,2.7314e-06,1,0,0,0.58012,999,999,999,0.75742,0.63073,0.41122,0,0,0,0,0,0,0,0,0,0,0,0,0,0,0,0,0,0,0,0,0,0,0,0,0,0,0,0,0,0,0,0,0,0,0,0,0,0,0,0,0,0,0,0,0,0,0,0,0,0,0,0,0,1
0,0,0,0,0,0,0,0,0.56842,1.7069,-0.94754,1,-0.9968,-0.0039536,1.1682e-05,2,0,0,0.48209,999,999,999,0.55597,0.5584,0.40789,0,0,0,0,0,0,0,0,0,0,0,0,0,0,0,0,0,0,0,0,0,0,0,0,0,0,0,0,0,0,0,0,0,0,0,0,0,0,0.04281,0.56842,1,0.68268,0,0,0,0,0,0,0,0,0,0,0,1
0,0,0,0,0,0,0,0,1.0541,0.72475,0.016341,1,0.99926,-0.00061086,0.00050265,2,0,0,0.86141,1.0541,-0.97362,-0.54816,0.36308,0.50193,0.36137,0.24791,0.1442,4.7453e-07,9999,1,-1,595.7,4.6387,0.18952,0,0,0,0,0,0,0,0,1,999,999,999,0,0,0,0,0,0,0,0,0,0,0,0,0,0,0,0,0,0.012973,1.0541,1,0.97362,-0.43554,1,0.99926,0.10202,0,0,0,0,0,0,0,1
1.6338,0.3147,-0.99619,-1,0,0,0,0,0,0,0,0,-0.065364,0,0,0,0,0,0.9758,999,999,999,1.1415,0,0,0,0,0,0,0,0,0,0,0,0,0,0,0,0,0,0,0,0,0,0,0,0,0,0,0,0,0,0,0,0,0,0,0,0,0,0,0,0,0.0092658,1.6338,-1,0.99612,0,0,0,0,0,0,0,0,0,0,0,0
0.19481,2.3355,-0.12263,1,0,0,0,0,0.29458,0.58116,-0.29317,-1,-0.9549,-1.4429e-05,7.6676e-07,0,0,0,1.0642,999,999,999,1.3417,0.42717,0.27526,0.73531,0.19481,7.6676e-07,9999,1,1,654.3,4.0527,0.27526,0,0,0,0,0,0,0,0,1,1.0269,0.86666,-0.30549,0,0,0,0,0,10,0.19481,7.6676e-07,9999,1,654.3,4.0527,0.27526,1.0269,0.86666,-0.30549,8,0.0010089,1.0269,-1,0.86666,-0.30549,-1,-0.9549,-0.032527,0.19481,2.3355,-0.12263,1,1,0.090759,0.73531,0
0,0,0,0,0,0,0,0,0.96447,0.64948,0.60219,1,0.95692,0.91447,9.3797e-05,0,0,0,1.3898,0.96447,-0.53187,-0.59492,0.94327,1.3985,0.73345,0,0,0,0,0,0,0,0,0,0,0,0,0,0,0,0,0,0,0,0,0,0,0,0,0,0,0,0,0,0,0,0,0,0,0,0,0,0,0.0025112,0.88899,1,0.96996,0,0,0,0,0,0,0,0,0,0,0,1
0,0,0,0,0,0,0,0,1.8077,0.081358,-0.88219,-1,-0.69187,-0.029429,1.2102e-06,1,0,0,1.8405,999,999,999,0.70366,1.7246,0.087766,0.95578,0.15803,5.966e-07,9999,1,1,517.58,5.5664,0.2349,0,0,0,0,0,0,0,0,1,1.8077,0.89773,-0.77585,0,0,0,0,0,10,0.094027,1.2102e-06,9999,1,0,16.992,0.087766,1.8077,0.89773,-0.59162,2,0.0028213,1.8077,-1,0.89773,-0.57761,-1,-0.69187,-0.77204,0,0,0,0,0,0,0,0
1.2716,0.64955,-0.62147,-1,0,0,0,0,0.53851,0,0.8996,-1,6.9177e-05,-6.6655e-05,-5.8629e-05,0,0,0,1.2374,999,999,999,0.67655,0.66044,1.9735,0,0,0,0,0,0,0,0,0,0,0,0,0,0,0,0,0,0,0,0,0,0,0,0,0,0,0,0,0,0,0,0,0,0,0,0,0,0,0.0070866,1.2716,-1,0.6906,0,0,0,0,0,0,0,0,0,0,0,0
0.46558,0.8978,-0.98594,-1,0,0,0,0,0.66665,0.8978,-0.9133,1,0.96873,-1.0971e-05,-5.5612e-06,2,1,0.50002,0.5787,999,999,999,0.43279,0.40252,0.34707,0,0,0,0,0,0,0,0,0,0,0,0,0,0,0,0,0,0,0,0,0,0,0,0,0,0,0,0,0,0,0,0,0,0,0,0,0,0,0.035962,0.66665,1,0.90176,0,0,0,0,0.46558,0.8978,-0.98594,-1,1,0.0080192,0.9783,1
0,0,0,0,0,0,0,0,0.64642,0.11082,-0.96759,1,0.85225,0,0,0,0,0,0.56715,999,999,999,0.57716,0,0,0,0,0,0,0,0,0,0,0,0,0,0,0,0,0,0,0,0,0,0,0,0,0,0,0,0,0,0,0,0,0,0,0,0,0,0,0,0,0.0095,0.64642,1,0.97105,0,0,0,0,0,0,0,0,0,0,0,1
0,0,0,0,0,0,0,0,1.2012,0,-0.73497,1,0.0007278,-1.5523e-05,-9.3105e-06,1,0,0,0.96972,999,999,999,0.90359,0.53611,0.38849,0.25801,0.061255,1.2256e-06,9999,1,1,0,8.4961,0.1135,0,0,0,0,0,0,0,0,1,999,999,999,0,0,0,0,0,0,0,0,0,0,0,0,0,0,0,0,0,0.01591,1.2012,1,0.96322,0.96992,-1,-9.3105e-06,-0.62351,0,0,0,0,0,0,0,1
0,0,0,0,0,0,0,0,0.76972,0.98043,0.43769,-1,0.00027374,-0.00022619,1.2743e-05,3,0,0,0.92605,999,999,999,0.71822,0.82231,0.41583,0.63027,0.087818,1.222e-06,9999,0,1,0,21.484,0.074441,0,0,0,0,0,0,0,0,1,999,999,999,0,0,0,0,0,10,0.085436,1.4569e-06,9999,-1,0,5.6152,0.17109,0.54519,0.97857,-0.12888,-2,0.0062903,0.76972,-1,0.9352,0.31616,-1,-0.00022619,-0.65336,0,0,0,0,0,0,0,1
0,0,0,0,0,0,0,0,1.2341,1.0229,0.95824,-1,-0.033116,0.021254,0,0,0,0,1.4972,999,999,999,1.2951,0.92427,0,0,0,0,0,0,0,0,0,0,0,0,0,0,0,0,0,0,0,0,0,0,0,0,0,0,0,0,0,0,0,0,0,0,0,0,0,0,0,0.0082508,1.2341,-1,0.94761,0,0,0,0,0,0,0,0,0,0,0,1
0,0,0,0,0,0,0,0,0.83438,0.45083,0.67261,1,0.99369,0.95019,-0.0070593,1,1,0.49601,1.3244,0.83438,0.98816,-0.47458,0.44024,1.2529,1.1947,0,0,0,0,0,0,0,0,0,0,0,0,0,0,0,0,0,0,0,0,0,0,0,0,0,0,0,0,0,0,0,0,0,0,0,0,0,0,0.0014393,0.93824,-1,0.70853,0,0,0,0,0,0,0,0,0,0,0,1
0,0,0,0,0,0,0,0,0.40921,0.33261,0.053963,-1,-0.99721,4.2157e-05,3.5035e-05,2,1,0.49581,0.85113,999,999,999,0.44661,0.55885,0.46375,0.74021,0.13768,1.4625e-06,9999,1,-1,0,6.0547,0.17191,0,0,0,0,0,0,0,0,1,0.51185,0.64403,-0.88537,0,0,0,0,0,10,0.13768,1.4625e-06,9999,-1,0,6.0547,0.17191,0.51185,0.64403,-0.88537,-6,0.011387,0.69069,1,0.79207,0.69574,1,3.0393e-06,0.41004,0,0,0,0,0,0,0,0
0,0,0,0,0,0,0,0,0.83127,0.087054,-0.76138,-1,-0.0006564,-0.00024282,8.5148e-05,0,0,0,0.98493,999,999,999,0.57115,0.66531,0.72515,0,0,0,0,0,0,0,0,0,0,0,0,0,0,0,0,0,0,0,0,0,0,0,0,0,0,0,0,0,0,0,0,0,0,0,0,0,0,0.0019194,0.83127,-1,0.68657,0,0,0,0,0,0,0,0,0,0,0,0
0,0,0,0,0,0,0,0,0.86966,0.53334,-0.97792,1,7.3787e-05,5.152e-05,-5.516e-07,0,1,0.49733,0.61762,0.86966,-0.99133,-0.77292,0.63457,0.59749,0.22047,0.97937,0.19626,3.7471e-07,9999,0,-1,1005.9,8.2031,0.12887,0,0,0,0,0,0,0,0,1,999,999,999,0,0,0,0,0,0,0,0,0,0,0,0,0,0,0,0,0,0.0019962,0.86966,1,0.99133,0.97832,1,5.152e-05,0.68063,0,0,0,0,0,0,0,0
0,0,0,0,0,0,0,0,1.7598,0.12228,-0.95453,1,0.033358,-0.00016246,0,0,0,0,0.93157,999,999,999,1.1166,0.60731,0,0,0,0,0,0,0,0,0,0,0,0,0,0,0,0,0,0,0,0,0,0,0,0,0,0,0,0,0,0,0,0,0,0,0,0,0,0,0,0.0062255,1.7598,1,0.94231,0,0,0,0,0,0,0,0,0,0,0,1
0,0,0,0,0,0,0,0,0.51696,0.52134,-0.78524,-1,-0.79047,-3.5938e-06,1.2783e-06,1,0,0,0.45202,999,999,999,0.91972,0.3138,0.13521,0.97655,0.24878,4.2155e-07,9999,1,1,732.42,8.2031,0.16136,0,0,0,0,0,0,0,0,1,0.51696,0.99121,-0.98559,0,0,0,0,0,10,0.23788,1.2783e-06,9999,1,0,2.6611,0.13521,0.51696,0.99121,-0.63439,0,0.0086928,0.51696,-1,0.99121,-0.98559,-1,-0.79047,-0.071739,0,0,0,0,0,0,0,0
0,0,0,0,0,0,0,0,1.2189,0.039408,0.66291,1,0.95191,0.027062,-3.1085e-05,0,0,0,1.7214,1.2189,0.98401,-0.96213,1.3965,1.5693,0.51254,0,0,0,0,0,0,0,0,0,0,0,0,0,0,0,0,0,0,0,0,0,0,0,0,0,0,0,0,0,0,0,0,0,0,0,0,0,0,0.002772,1.2189,1,0.98401,0,0,0,0,0,0,0,0,0,0,0,1
0,0,0,0,0,0,0,0,0.97212,0.44201,-0.85624,1,0.087875,0.0049207,3.5778e-05,2,0,0,0.99661,0.53121,-0.81299,-0.56543,1.5313,0.58427,0.53246,0.063324,0.099354,3.5955e-07,9999,0,-1,1250,9.8633,0.11615,0,0,0,0,0,0,0,0,1,0.55942,0.83615,-0.2485,0,0,0,0,0,10,0.099354,3.5955e-07,9999,-1,1250,9.8633,0.11615,0.55942,0.83615,-0.2485,-0,0.060764,0.97212,1,0.74646,0.05795,1,0.087875,0.40653,0,0,0,0,0,0,0,0
0,0,0,0,0,0,0,0,1.4202,0.15909,-0.90939,-1,-0.9414,-0.25389,0.069094,2,0,0,0.89216,-1.4202,-0.9206,-0.42578,0.88893,0.87865,0.92454,0.37149,0.056947,1.2111e-06,9999,0,-1,0,16.602,0.085678,0,0,0,0,0,0,0,0,1,999,999,999,0,0,0,0,0,10,0.23036,7.9552e-07,9999,1,527.34,4.7852,0.28058,0.6976,0.7197,-0.46353,0,0.017218,1.4202,-1,0.9206,-0.73331,1,0.069094,0.68025,0,0,0,0,0,0,0,0
0,0,0,0,0,0,0,0,0.42728,0.33851,0.98655,1,0.99847,0.0013598,-4.0132e-05,0,0,0,0.76604,999,999,999,0.49693,0.69484,0.55071,0,0,0,0,0,0,0,0,0,0,0,0,0,0,0,0,0,0,0,0,0,0,0,0,0,0,0,0,0,0,0,0,0,0,0,0,0,0,0.02229,0.71888,1,0.8341,0,0,0,0,0,0,0,0,0,0,0,1
0,0,0,0,0,0,0,0,1.143,0.22698,-0.90071,-1,-0.00022645,0,0,0,0,0,0.60136,999,999,999,0.76153,0,0,0,0,0,0,0,0,0,0,0,0,0,0,0,0,0,0,0,0,0,0,0,0,0,0,0,0,0,0,0,0,0,0,0,0,0,0,0,0,0.017344,1.143,-1,0.90641,0,0,0,0,0,0,0,0,0,0,0,1
0,0,0,0,1.0151,0.64096,-0.82234,1,0.60678,0.47202,0.51735,-1,0.0064108,-5.5319e-05,-4.4565e-05,1,1,0.49712,1.226,999,999,999,1.3687,0.59304,0.56866,0,0,0,0,0,0,0,0,0,0,0,0,0,0,0,0,0,0,0,0,0,0,0,0,0,0,0,0,0,0,0,0,0,0,0,0,0,0,0.017997,1.0151,1,0.97935,0,0,0,0,0,0,0,0,0,0,0,0
0,0,0,0,0,0,0,0,2.0644,0,-0.23356,1,0.93363,-0.54363,-0.067503,1,0,0,1.9256,999,999,999,1.5539,1.8876,1.1797,0,0,0,0,0,0,0,0,0,0,0,0,0,0,0,0,0,0,0,0,0,0,0,0,0,0,0,0,0,0,0,0,0,0,0,0,0,0,0.0042223,2.0644,1,0.99895,0,0,0,0,0,0,0,0,0,0,0,1
0,0,0,0,0,0,0,0,0.76066,0.80118,-0.11708,-1,-0.93682,-0.41817,-0.00038733,1,0,0,0.97592,-0.76066,-0.82041,-0.62042,0.40653,0.74515,0.7467,0.57219,0.07053,1.2876e-06,9999,0,-1,0,4.1016,0.13794,0,0,0,0,0,0,0,0,1,999,999,999,0,0,0,0,0,10,0.12128,3.4178e-07,9999,1,566.41,18.75,0.099372,0.76066,0.82041,-0.25544,4,0.0088351,0.76066,-1,0.82041,-0.51925,-1,-0.93682,-0.22671,0,0,0,0,0,0,0,1
0,0,0,0,0,0,0,0,0.7953,1.0857,0.69274,-1,-0.037502,-0.001094,8.6468e-05,0,0,0,1.1475,-0.53213,-0.45844,-0.094735,1.1374,0.84438,0.74155,0.27077,0.24911,8.0612e-06,9999,1,-1,458.98,4.3945,0.37656,0,0,0,0,0,0,0,0,1,0.62995,0.64277,-0.29128,0,0,0,0,0,10,0.24911,8.0612e-06,9999,-1,458.98,4.3945,0.37656,0.62995,0.64277,-0.29128,-4,0.033383,0.7953,-1,0.91468,0.051271,1,8.6468e-05,8.3717e-05,0,0,0,0,0,0,0,1
0,0,0,0,0,0,0,0,0.61248,1.7159,-0.72577,1,0.044585,0.00038962,-0.00022058,1,0,0,1.2907,0.61248,0.86893,-0.82761,1.1026,0.8265,0.43025,0.35417,0.10358,3.1004e-07,9999,0,-1,12.817,11.035,0.062701,0,0,0,0,0,0,0,0,1,0.88707,0.97945,-0.53552,0,0,0,0,0,10,0.10358,3.1004e-07,9999,-1,12.817,11.035,0.062701,0.88707,0.97945,-0.53552,-4,0.0010251,0.88707,1,0.97945,0.2004,1,0.00038962,0.41619,0,0,0,0,0,0,0,0
0,0,0,0,0,0,0,0,0.87287,0.037902,0.8755,-1,0.98493,-0.022886,-0.00060791,0,0,0,1.0677,999,999,999,0.47461,0.87241,1.0445,0,0,0,0,0,0,0,0,0,0,0,0,0,0,0,0,0,0,0,0,0,0,0,0,0,0,0,0,0,0,0,0,0,0,0,0,0,0,0.019212,0.87287,-1,0.93387,0,0,0,0,0,0,0,0,0,0,0,1
0,0,0,0,0,0,0,0,0.50196,1.841,-0.97719,1,-5.7895e-05,4.9035e-05,-2.1913e-05,0,0,0,0.82662,999,999,999,0.62371,0.58205,0.46986,0.88006,0.11845,3.6652e-07,9999,1,1,2480.5,6.8359,0.12216,0,0,0,0,0,0,0,0,1,999,999,999,0,0,0,0,0,0,0,0,0,0,0,0,0,0,0,0,0,0.007843,0.50196,1,0.56868,0.64505,-1,-5.7895e-05,-0.70227,0,0,0,0,0,0,0,0
0.47933,1.5541,-0.19636,1,1.2065,0.70385,0.0085466,-1,1.4,0.56022,-0.25399,-1,-0.37973,0.037156,-0.029859,0,0,0,1.8716,-1.2065,0.97703,-0.8476,1.4103,0.71003,1.2834,0,0,0,0,0,0,0,0,0,0,0,0,0,0,0,0,0,0,0,0,0,0,0,0,0,0,0,0,0,0,0,0,0,0,0,0,0,0,0.0088011,1.4,-1,0.94095,0,0,0,0,0.47933,1.5541,-0.19636,1,1,0.042441,0.7823,0
0.40751,0.28598,-0.87811,1,0,0,0,0,0.81206,0,-0.87085,-1,-9.4073e-05,5.524e-06,0,0,0,0,0.70439,999,999,999,0.63005,0.34655,0,0,0,0,0,0,0,0,0,0,0,0,0,0,0,0,0,0,0,0,0,0,0,0,0,0,0,0,0,0,0,0,0,0,0,0,0,0,0,0.0070804,0.81206,-1,0.97249,0,0,0,0,0.40751,0.28598,-0.87811,1,1,0.0074109,0.95943,0
0,0,0,0,1.9756,0.3942,0.3713,1,0.7276,1.643,0.2418,-1,0.99891,0.11147,-0.00058739,0,0,0,1.9186,1.9756,0.99897,-0.99744,0.47607,2.8641,0.89174,0,0,0,0,0,0,0,0,0,0,0,0,0,0,0,0,0,0,0,0,0,0,0,0,0,0,0,0,0,0,0,0,0,0,0,0,0,0,0.021112,1.9756,1,0.99897,0,0,0,0,0,0,0,0,0,0,0,1
0,0,0,0,2.0592,0.40734,-0.95777,-1,0.75858,0.555,0.23823,1,-0.25844,0.0178,-1.3003e-06,0,0,0,0.9057,999,999,999,1.2798,1.1939,0.34131,0,0,0,0,0,0,0,0,0,0,0,0,0,0,0,0,0,0,0,0,0,0,0,0,0,0,0,0,0,0,0,0,0,0,0,0,0,0,0.0099248,2.0592,-1,0.98929,0,0,0,0,0,0,0,0,0,0,0,0
0,0,0,0,0,0,0,0,1.4903,0.66166,-0.24787,-1,-0.60459,-0.00064918,0.00033185,2,1,0.50097,1.2444,999,999,999,2.4176,0.42712,0.73428,0,0,0,0,0,0,0,0,0,0,0,0,0,0,0,0,0,0,0,0,0,0,0,0,0,0,0,0,0,0,0,0,0,0,0,0,0,0,0.003479,1.4903,-1,0.98505,0,0,0,0,0,0,0,0,0,0,0,0
0,0,0,0,0,0,0,0,0.49353,0.091947,-0.79553,-1,-4.7338e-05,-4.381e-06,4.1075e-07,2,1,0.50105,0.44933,999,999,999,0.58033,0.32877,0.15463,0,0,0,0,0,0,0,0,0,0,0,0,0,0,0,0,0,0,0,0,0,0,0,0,0,0,0,0,0,0,0,0,0,0,0,0,0,0,0,0,0,0,0,0,0,0,0,0,0,0,0,0,0,1
1.185,0.33229,0.33397,-1,0,0,0,0,1.4068,0.75496,-0.83124,-1,-0.67007,-0.00018652,2.1715e-05,0,0,0,1.82,-1.185,0.92867,-0.80069,1.773,1.595,0.4213,0.15762,0.21613,3.9006e-07,9999,1,1,839.84,8.4961,0.14053,0,0,0,0,0,0,0,0,1,1.4068,0.9611,-0.1884,0,0,0,0,0,10,0.21613,3.9006e-07,9999,1,839.84,8.4961,0.14053,1.4068,0.9611,-0.1884,0,0.0065261,1.4068,-1,0.9611,-0.1884,-1,-0.67007,-0.00039862,0.38696,0.25727,-0.48484,1,2,0.0093983,0.97532,0
0,0,0,0,0,0,0,0,0.79561,0.4059,-0.64921,1,0.40736,2.6322e-05,3.1349e-06,1,0,0,0.74191,999,999,999,1.2583,0.4912,0.30353,0,0,0,0,0,0,0,0,0,0,0,0,0,0,0,0,0,0,0,0,0,0,0,0,0,0,0,0,0,0,0,0,0,0,0,0,0,0,0,0,0,0,0,0,0,0,0,0,0,0,0,0,0,0
0,0,0,0,0,0,0,0,0.50484,0,-0.58922,1,0.0057832,-1.8382e-06,4.0757e-07,0,0,0,0.40863,999,999,999,0.80746,0.26322,0.15258,0.91619,0.15736,4.0757e-07,9999,1,1,703.12,3.418,0.15258,0,0,0,0,0,0,0,0,1,999,999,999,0,0,0,0,0,10,0.22735,1.8382e-06,9999,-1,634.77,3.9062,0.26322,0.50484,0.94843,-0.21879,-13,0.047604,0.50484,1,0.94843,0.072629,-1,-1.8382e-06,-0.64456,0,0,0,0,0,0,0,0
0,0,0,0,0,0,0,0,0.78392,0,-0.37984,-1,0.37986,-0.0020528,-6.1667e-05,0,0,0,1.0658,999,999,999,1.1716,1.0234,0.64127,0,0,0,0,0,0,0,0,0,0,0,0,0,0,0,0,0,0,0,0,0,0,0,0,0,0,0,0,0,0,0,0,0,0,0,0,0,0,0.0022767,0.78392,-1,0.82752,0,0,0,0,0,0,0,0,0,0,0,1
1.2432,0.65572,-0.87599,-1,0,0,0,0,0.6387,0.98066,0.62221,1,-0.099174,0.011232,0,0,0,0,0.95339,999,999,999,0.88068,0.93,0,0,0,0,0,0,0,0,0,0,0,0,0,0,0,0,0,0,0,0,0,0,0,0,0,0,0,0,0,0,0,0,0,0,0,0,0,0,0,0.0013396,1.2432,-1,0.79618,0,0,0,0,0,0,0,0,0,0,0,0
0,0,0,0,0,0,0,0,0.1739,0.18954,0.35605,1,0.94957,-0.77102,-9.5858e-06,0,0,0,0.51928,999,999,999,0.52928,0.675,0.39094,0.95963,0.17155,7.9436e-07,9999,1,1,546.88,4.3945,0.28037,0,0,0,0,0,0,0,0,1,999,999,999,0,0,0,0,0,0,0,0,0,0,0,0,0,0,0,0,0,0,0,0,0,0.96262,-1,-0.77102,-0.73626,0,0,0,0,0,0,0,0
0,0,0,0,0,0,0,0,0.80191,0.22431,-0.93659,1,-0.68939,0.0009943,-0.00059534,0,0,0,1.1723,999,999,999,0.97719,0.98746,0.77039,0,0,0,0,0,0,0,0,0,0,0,0,0,0,0,0,0,0,0,0,0,0,0,0,0,0,0,0,0,0,0,0,0,0,0,0,0,0,0.020311,0.80191,1,0.95651,0,0,0,0,0,0,0,0,0,0,0,0
0,0,0,0,0,0,0,0,1.219,0.04834,-0.17366,-1,-0.98598,0.057247,9.9746e-05,0,0,0,1.3201,-1.219,-0.99193,-0.67645,0.68419,1.4149,0.73491,0,0,0,0,0,0,0,0,0,0,0,0,0,0,0,0,0,0,0,0,0,0,0,0,0,0,0,0,0,0,0,0,0,0,0,0,0,0,0.0030779,1.219,-1,0.99193,0,0,0,0,0,0,0,0,0,0,0,0
0,0,0,0,0,0,0,0,0.26597,0.42092,0.49516,-1,-0.00057693,4.5627e-06,1.2093e-06,1,0,0,0.3612,999,999,999,0.32906,0.33186,0.092035,0.10511,0.16753,1.2093e-06,9999,0,1,0,25,0.092035,0,0,0,0,0,0,0,0,1,999,999,999,0,0,0,0,0,0,0,0,0,0,0,0,0,0,0,0,0,0,0,0,0,0.95131,-1,-0.00057693,-0.00012343,0,0,0,0,0,0,0,1
0,0,0,0,0,0,0,0,0.5604,1.1476,-0.81503,-1,-0.0010092,3.4054e-05,0,0,0,0,0.47198,999,999,999,0.86145,0.58798,0,0,0,0,0,0,0,0,0,0,0,0,0,0,0,0,0,0,0,0,0,0,0,0,0,0,0,0,0,0,0,0,0,0,0,0,0,0,0,0.0080652,0.5604,-1,0.95235,0,0,0,0,0,0,0,0,0,0,0,0
0,0,0,0,0,0,0,0,1.1149,1.0268,-0.56218,1,0.021997,0.011058,-0.0030187,1,0,0,1.545,999,999,999,1.216,1.0619,1.1592,0,0,0,0,0,0,0,0,0,0,0,0,0,0,0,0,0,0,0,0,0,0,0,0,0,0,0,0,0,0,0,0,0,0,0,0,0,0,0.0056226,1.1149,1,0.85253,0,0,0,0,0,0,0,0,0,0,0,1
0,0,0,0,0,0,0,0,1.4562,0.47298,-0.22018,1,0.98463,0.94905,-6.8021e-05,0,0,0,1.548,1.4562,-0.8447,-0.59456,0.70042,1.1605,0.6622,0,0,0,0,0,0,0,0,0,0,0,0,0,0,0,0,0,0,0,0,0,0,0,0,0,0,0,0,0,0,0,0,0,0,0,0,0,0,0.011922,1.4562,1,0.8447,0,0,0,0,0,0,0,0,0,0,0,1
0,0,0,0,0,0,0,0,0.63744,1.4024,-0.75495,1,0.0014565,1.0365e-05,-6.3308e-07,0,0,0,0.75647,999,999,999,0.78263,0.39761,0.24518,0.86606,0.11397,4.4433e-07,9999,1,-1,654.3,5.6641,0.17436,0,0,0,0,0,0,0,0,1,999,999,999,0,0,0,0,0,0,0,0,0,0,0,0,0,0,0,0,0,0.024419,0.63744,1,0.66659,0.91308,1,0.0014565,0.69475,0,0,0,0,0,0,0,1
0,0,0,0,0,0,0,0,1.1938,1.6677,-0.95006,-1,0.05667,-0.01131,0.0041705,2,1,0.49348,1.9799,0.92623,0.89714,-0.91869,1.4053,1.6346,1.0938,0.42307,0.13463,3.3775e-07,9999,0,-1,2500,15.039,0.095242,0,1,0,0,0,0,0,0,1,1.1948,0.97055,-0.62116,0,0,0,0,0,10,0.13463,3.3775e-07,9999,-1,2500,15.039,0.095242,1.1948,0.97055,-0.62116,-0,0.0068039,1.1938,-1,0.93278,0.64781,1,0.0041705,0.20648,0,0,0,0,0,0,0,0
0,0,0,0,0,0,0,0,0.64626,1.0994,-0.89222,1,0.00028301,3.988e-05,-7.8052e-06,1,1,0.49917,0.73509,0.64626,-0.83841,-0.85004,0.78375,0.54876,0.37393,0.5571,0.18633,5.5207e-07,9999,1,1,478.52,5.9082,0.22063,0,0,0,0,0,0,0,0,1,999,999,999,0,0,0,0,0,0,0,0,0,0,0,0,0,0,0,0,0,0.008105,0.64626,1,0.83841,0.74186,-1,-7.8052e-06,-0.01722,0,0,0,0,0,0,0,1
0,0,0,0,0,0,0,0,1.9464,0,0.71612,1,0.80496,0.69337,-2.4336e-06,0,0,0,1.5401,1.9464,0.9989,-0.85923,1.0407,3.1327,0.2845,0.98614,0.18629,3.7983e-07,9999,1,-1,888.67,8.3008,0.13289,0,0,0,0,0,0,0,0,1,1.9464,0.9989,-0.98813,0,0,0,0,0,10,0.18629,3.7983e-07,9999,-1,888.67,8.3008,0.13289,1.9464,0.9989,-0.98813,-2,0.00010731,1.9464,1,0.9989,0.91404,1,0.80496,0.78144,0,0,0,0,0,0,0,1
0,0,0,0,0,0,0,0,0.91068,1.0703,0.36704,-1,-0.030819,-0.0039867,-0.00052868,3,0,0,1.4087,-0.82254,-0.99111,-0.81281,1.3327,0.8798,0.79572,0.91409,0.13557,4.3694e-07,9999,0,1,634.77,5.0781,0.17031,0,0,0,0,0,0,0,0,1,0.91068,0.82766,-0.62448,0,0,0,0,0,10,0.15909,5.8188e-07,9999,1,712.89,4.7363,0.23041,0.91068,0.82766,-0.03231,0,0.0027951,0.82254,-1,0.99111,0.95282,-1,-0.0039867,-0.7206,0,0,0,0,0,0,0,1
0,0,0,0,0,0,0,0,1.4554,0.18421,-0.93814,1,0.058287,0.00080543,-6.8243e-06,2,1,0.50004,1.4852,0.62819,0.90634,-0.84893,1.3562,0.75082,0.3631,0.1938,0.12022,5.4051e-07,9999,1,-1,478.52,4.0039,0.21656,0,0,0,0,0,0,0,0,1,1.4554,0.9923,-0.30406,0,0,0,0,0,10,0.12022,5.4051e-07,9999,-1,478.52,4.0039,0.21656,1.4554,0.9923,-0.30406,-8,0.017327,1.4554,1,0.9923,-0.30406,1,0.058287,0.25561,0,0,0,0,0,0,0,1
0,0,0,0,0,0,0,0,0.53145,0.93129,-0.88157,1,0.98777,-3.45e-05,5.7463e-07,0,0,0,0.61138,999,999,999,0.75416,0.39624,0.22812,0.90737,0.14404,4.0439e-07,9999,1,-1,722.66,6.8359,0.15048,0,0,0,0,0,0,0,0,1,0.53145,0.85917,-0.83838,0,0,0,0,0,10,0.14404,4.0439e-07,9999,-1,722.66,6.8359,0.15048,0.53145,0.85917,-0.83838,-0,0.0019293,0.53145,1,0.85917,-0.83838,1,0.98777,0.67789,0,0,0,0,0,0,0,1
0.6424,0.31322,-0.46389,1,0.8124,0.83316,-0.90743,-1,0.24788,0.31322,-0.38081,-1,0.99989,-0.99547,-0.050888,0,0,0,0.94555,999,999,999,0.32359,0.46844,0.96994,0.65712,0.19441,0.99989,9999,1,1,1406.2,14.062,0.32359,0,0,0,0,0,0,0,0,1,999,999,999,0,0,0,0,0,10,0.24788,0.99547,9999,-1,957.03,7.3242,0.46844,0.6424,0.4654,-0.58013,-22,0.0031817,0.8124,-1,0.84972,0.50545,1,0.99989,6.1693e-06,0.6424,0.31322,-0.46389,1,1,0.02257,0.4654,0
1.2357,0,0.51844,1,0,0,0,0,0.84299,0,-0.18639,-1,0.94346,-0.023318,0.00021231,0,0,0,1.8853,1.2357,0.97922,-0.72793,1.2966,1.0501,1.5553,0,0,0,0,0,0,0,0,0,0,0,0,0,0,0,0,0,0,0,0,0,0,0,0,0,0,0,0,0,0,0,0,0,0,0,0,0,0,0.039396,1.2357,1,0.97922,0,0,0,0,0,0,0,0,0,0,0,1
0,0,0,0,0,0,0,0,0.70366,0.34894,0.3415,1,-0.9993,0.91236,6.105e-05,0,0,0,1.0813,999,999,999,0.44523,1.0371,0.63943,0.888,0.12292,1.2093e-06,9999,1,-1,0,19.336,0.092031,0,0,0,0,0,0,0,0,1,0.70366,0.83224,-0.54562,0,0,0,0,0,10,0.12292,1.2093e-06,9999,-1,0,19.336,0.092031,0.70366,0.83224,-0.54562,-0,0.00052962,0.6832,1,0.97269,-0.54562,1,0.91236,0.70334,0,0,0,0,0,0,0,1
0,0,0,0,0,0,0,0,1.9157,0.26815,-0.90175,1,0.97291,0.0032359,-8.8001e-06,1,0,0,1.8111,1.9157,-0.9994,-0.451,0.62873,1.6793,0.49696,0.97357,0.10355,1.6035e-06,9999,0,-1,0,6.9336,0.18945,0,0,0,0,0,0,0,0,1,1.9157,0.9994,-0.96509,0,0,0,0,0,10,0.10355,1.6035e-06,9999,-1,0,6.9336,0.18945,1.9157,0.9994,-0.96509,-2,0.012857,1.9157,1,0.9994,0.20161,1,0.97291,0.86427,0,0,0,0,0,0,0,1
0.3576,0.72816,-0.79861,-1,0,0,0,0,0.67259,0.96731,-0.68258,-1,-0.93781,-0.00090695,-0.00042821,0,1,0.50173,0.87916,999,999,999,0.89506,0.45216,0.24345,0.17465,0.19419,5.2615e-07,9999,1,1,517.58,4.1992,0.21125,0,0,0,0,0,0,0,0,1,999,999,999,0,0,0,0,0,0,0,0,0,0,0,0,0,0,0,0,0,0.016355,0.67259,-1,0.96029,0.33852,-1,-0.93781,-0.0019965,0.3576,0.72816,-0.79861,-1,1,0.026653,0.89433,1
0,0,0,0,0,0,0,0,0.30031,1.8394,-0.90666,-1,0.99994,-0.99989,0.0041554,4,2,0.49817,0.64718,999,999,999,0.33469,0.31474,0.56406,0.79865,0.098714,4.2623e-07,9999,1,1,742.19,5.7617,0.16416,0,0,0,0,0,0,0,0,1,999,999,999,0,0,0,0,0,0,0,0,0,0,0,0,0,0,0,0,0,0,0,0,0,-0.76115,-1,-0.99989,-0.67887,0,0,0,0,0,0,0,0
0,0,0,0,0,0,0,0,0.59474,0.28413,-0.76553,1,0.99972,-6.0898e-06,-2.4363e-06,2,0,0,0.52304,999,999,999,0.35637,0.35415,0.24641,0.33527,0.17072,4.3447e-07,9999,0,1,722.66,6.9336,0.16892,0,0,0,0,0,0,0,0,1,999,999,999,0,0,0,0,0,0,0,0,0,0,0,0,0,0,0,0,0,0.0076856,0.59474,1,0.84155,0.70107,-1,-6.0898e-06,-0.02518,0,0,0,0,0,0,0,1
1.6055,0.5061,0.46512,1,0,0,0,0,1.0713,1.3013,-0.69171,-1,-0.52371,0.00044536,0,0,0,0,1.872,999,999,999,1.5041,1.7252,0,0,0,0,0,0,0,0,0,0,0,0,0,0,0,0,0,0,0,0,0,0,0,0,0,0,0,0,0,0,0,0,0,0,0,0,0,0,0,0.010725,1.6055,1,0.98198,0,0,0,0,0,0,0,0,0,0,0,0
0,0,0,0,0,0,0,0,1.5727,0.80824,-0.91841,1,-0.99897,0.96403,0.00013056,0,0,0,1.7242,999,999,999,0.46954,2.0731,0.77951,0,0,0,0,0,0,0,0,0,0,0,0,0,0,0,0,0,0,0,0,0,0,0,0,0,0,0,0,0,0,0,0,0,0,0,0,0,0,0.012237,1.5727,1,0.94403,0,0,0,0,0,0,0,0,0,0,0,1
0,0,0,0,0,0,0,0,0.73216,0.12183,-0.53675,-1,-0.98981,0.00019038,-3.0509e-05,1,0,0,0.86727,-0.73216,-0.77734,-0.030791,0.69463,0.56855,0.50811,0,0,0,0,0,0,0,0,0,0,0,0,0,0,0,0,0,0,0,0,0,0,0,0,0,0,0,0,0,0,0,0,0,0,0,0,0,0,0.01382,0.81903,-1,0.63013,0,0,0,0,0,0,0,0,0,0,0,0
0,0,0,0,0,0,0,0,0.5806,0.79915,0.93124,-1,-0.30072,0.0065882,0.0025603,2,1,0.49536,0.9989,-0.5806,-0.98667,-0.94836,0.91618,0.66742,0.53426,0.98465,0.18034,8.9535e-07,9999,0,-1,410.16,4.1504,0.2968,0,0,0,0,0,0,0,0,1,0.57448,0.84174,-0.89673,0,0,0,0,0,10,0.12847,2.1145e-06,9999,1,0,6.25,0.22965,0.5806,0.98667,-0.76218,0,0.015975,0.65974,-1,0.97267,0.96038,-1,-0.30072,-0.78896,0,0,0,0,0,0,0,1
0,0,0,0,0,0,0,0,0.26689,1.4157,-0.99789,1,-0.00017661,3.6233e-05,1.7227e-05,5,0,0,0.8197,999,999,999,0.18017,0.53452,0.44425,0.98656,0.17579,6.8484e-07,9999,1,-1,522.46,4.9316,0.25806,0,0,0,0,0,0,0,0,1,0.5447,0.69063,-0.75432,0,0,0,0,0,10,0.11154,4.8776e-07,9999,-1,742.19,4.834,0.19554,0.5447,0.69063,-0.87865,-4,0.0019285,0.5447,1,0.69063,0.85009,1,3.6233e-05,0.82458,0,0,0,0,0,0,0,0
0,0,0,0,0,0,0,0,0.4962,1.1721,-0.37164,-1,-0.061757,0.0004587,2.1833e-05,0,0,0,0.8095,999,999,999,0.6539,0.64903,0.46947,0.91861,0.097178,1.4526e-06,9999,1,-1,0,5.8105,0.17046,0,0,0,0,0,0,0,0,1,0.56948,0.90903,-0.67357,0,0,0,0,0,10,0.097178,1.4526e-06,9999,-1,0,5.8105,0.17046,0.56948,0.90903,-0.67357,-2,0.0086161,0.56948,1,0.90903,0.65268,1,2.1833e-05,0.7842,0,0,0,0,0,0,0,1
0,0,0,0,0,0,0,0,0.7846,0.59717,0.085792,1,0.023989,-1.9768e-05,-1.604e-06,0,0,0,0.91548,999,999,999,1.0476,0.4587,0.36305,0,0,0,0,0,0,0,0,0,0,0,0,0,0,0,0,0,0,0,0,0,0,0,0,0,0,0,0,0,0,0,0,0,0,0,0,0,0,0.0053832,0.7846,1,0.66441,0,0,0,0,0,0,0,0,0,0,0,1
0,0,0,0,0,0,0,0,0.87417,0.36233,-0.4823,1,0.00080678,-1.9102e-06,1.2708e-06,1,0,0,0.53123,999,999,999,0.6,0.37981,0.053266,0.18218,0.22815,1.9102e-06,9999,1,-1,517.58,3.8086,0.37981,0,0,0,0,0,0,0,0,1,0.87417,0.58438,-0.80797,0,0,0,0,0,10,0.22815,1.9102e-06,9999,-1,517.58,3.8086,0.37981,0.87417,0.58438,-0.80797,-6,0.00090929,0.87417,1,0.58438,-0.47038,1,1.2708e-06,0.00021046,0,0,0,0,0,0,0,0
0,0,0,0,0,0,0,0,1.2723,0.11297,0.8505,1,6.3116e-05,5.6674e-05,2.4148e-05,0,0,0,1.2177,1.2723,0.88924,-0.15787,0.91228,1.8815,0.48092,0.99689,0.21345,1.261e-06,9999,0,-1,0,10.84,0.12958,0,0,0,0,0,0,0,0,1,1.2723,0.88924,-0.85541,0,0,0,0,0,10,0.21345,1.261e-06,9999,-1,0,10.84,0.12958,1.2723,0.88924,-0.85541,-4,0.0058772,1.2723,1,0.88924,0.81717,1,2.4148e-05,0.62964,0,0,0,0,0,0,0,0
0.92838,1.0242,-0.63685,1,0,0,0,0,0.92227,0.091403,0.67386,1,0.024177,0.01293,-0.0001097,0,0,0,1.4068,999,999,999,1.2357,0.97273,0.92618,0.4226,0.091878,1.2618e-06,9999,1,1,0,8.0078,0.12986,0,0,0,0,0,0,0,0,1,999,999,999,0,0,0,0,0,0,0,0,0,0,0,0,0,0,0,0,0,4.6067e-05,0.92227,1,0.91713,0.70336,-1,-0.0001097,-0.5162,0.92838,1.0242,-0.63685,1,1,0.022308,0.28026,0
0,0,0,0,0,0,0,0,2.078,0,-0.54088,-1,-0.033277,-0.019473,0.00012893,0,0,0,2.0512,-2.078,-0.99649,-0.79465,0.98811,1.867,0.94183,0,0,0,0,0,0,0,0,0,0,0,0,0,0,0,0,0,0,0,0,0,0,0,0,0,0,0,0,0,0,0,0,0,0,0,0,0,0,0.0039161,2.078,-1,0.99649,0,0,0,0,0,0,0,0,0,0,0,0
0,0,0,0,1.5137,0.41999,-0.97096,1,0.73563,0.39762,0.81106,1,0.00070403,-0.00030587,0.00011961,2,0,0,1.6041,0.73563,-0.98668,-0.92155,2.0531,0.30474,0.84651,0.63842,0.076117,1.3529e-06,9999,0,-1,0,9.1797,0.15335,0,0,0,0,0,0,0,0,1,1.5137,0.96005,-0.44305,0,0,0,0,0,10,0.076117,1.3529e-06,9999,-1,0,9.1797,0.15335,1.5137,0.96005,-0.44305,-2,0.00094003,1.5137,1,0.96005,0.74922,1,0.00011961,0.71102,0,0,0,0,0,0,0,1
1.8079,0,-0.91439,-1,0,0,0,0,0.20096,1.0934,0.21553,-1,-0.9995,-0.00058941,3.247e-06,0,0,0,1.4016,-1.8079,-0.99055,-0.59162,0.37803,1.4138,0.30616,0.57447,0.23927,3.247e-06,9999,0,1,527.34,3.9551,0.30616,0,0,0,0,0,0,0,0,1,1.8079,0.99055,-0.64651,0,0,0,0,0,10,0.23927,3.247e-06,9999,1,527.34,3.9551,0.30616,1.8079,0.99055,-0.64651,5,0.02726,1.8079,-1,0.99055,0.032023,-1,-0.9995,-0.00023215,0,0,0,0,0,0,0,0
0,0,0,0,0,0,0,0,1.0012,0.22967,-0.65306,1,0.51261,0.0018157,5.0608e-06,1,1,0.49633,1.0262,999,999,999,1.3225,1.0747,0.33979,0.51947,0.2123,3.9345e-07,9999,1,-1,849.61,9.2773,0.14296,0,0,0,0,0,0,0,0,1,1.0012,0.93399,-0.7902,0,0,0,0,0,10,0.2123,3.9345e-07,9999,-1,849.61,9.2773,0.14296,1.0012,0.93399,-0.7902,-5,0.012355,1.0012,1,0.93399,0.52702,1,5.0608e-06,0.0017582,0,0,0,0,0,0,0,1
0,0,0,0,0,0,0,0,1.1487,0.45817,-0.6964,1,0.041269,-0.035978,0.00010852,2,0,0,1.58,999,999,999,1.4722,1.119,0.82483,0,0,0,0,0,0,0,0,0,0,0,0,0,0,0,0,0,0,0,0,0,0,0,0,0,0,0,0,0,0,0,0,0,0,0,0,0,0,0.037985,1.1487,1,0.82701,0,0,0,0,0,0,0,0,0,0,0,0
0,0,0,0,0,0,0,0,0.99557,0,0.24486,-1,0.016025,-0.00432,-0.00040518,1,0,0,1.0489,999,999,999,1.0649,0.62866,0.78209,0,0,0,0,0,0,0,0,0,0,0,0,0,0,0,0,0,0,0,0,0,0,0,0,0,0,0,0,0,0,0,0,0,0,0,0,0,0,0.0022515,0.99557,-1,0.87701,0,0,0,0,0,0,0,0,0,0,0,0
0,0,0,0,0,0,0,0,0.82843,0.23791,0.63435,1,0.99999,-0.9972,0.022789,0,0,0,0.99733,0.82843,0.99008,-0.59836,0.22475,0.41078,1.1719,0.60066,0.24547,0.99999,9999,1,1,2773.4,23.828,0.22475,0,0,0,0,0,0,0,0,1,999,999,999,0,0,0,0,0,0,0,0,0,0,0,0,0,0,0,0,0,0.0053783,0.82843,1,0.99008,0.87476,-1,-0.9972,-3.5137e-06,0,0,0,0,0,0,0,1
0,0,0,0,0,0,0,0,1.9064,0.086538,-0.99029,1,0.83911,-6.0215e-07,-5.6021e-07,0,0,0,0.72455,999,999,999,1.1606,0.23654,0.2234,0.099099,0.2005,6.0215e-07,9999,1,-1,444.34,2.5879,0.23654,0,0,0,0,0,0,0,0,1,1.9064,0.9996,-0.076629,0,0,0,0,0,10,0.2005,6.0215e-07,9999,-1,444.34,2.5879,0.23654,1.9064,0.9996,-0.076629,-8,0.0027269,1.9064,1,0.9996,-0.076629,1,0.83911,0.00092138,0,0,0,0,0,0,0,1
0,0,0,0,0,0,0,0,0.32207,0,0.66723,-1,0.9671,0.0063682,-0.00062593,4,0,0,1.1076,999,999,999,0.86725,0.57349,0.37116,0,0,0,0,0,0,0,0,0,0,0,0,0,0,0,0,0,0,0,0,0,0,0,0,0,0,0,0,0,0,0,0,0,0,0,0,0,0,0.0080681,0.80021,1,0.49342,0,0,0,0,0,0,0,0,0,0,0,1
0,0,0,0,0,0,0,0,0.70818,0,-0.79356,-1,0.99935,-0.068168,0,0,0,0,0.67251,999,999,999,0.44062,1.0846,0,0,0,0,0,0,0,0,0,0,0,0,0,0,0,0,0,0,0,0,0,0,0,0,0,0,0,0,0,0,0,0,0,0,0,0,0,0,0,0.020015,0.70818,-1,0.91612,0,0,0,0,0,0,0,0,0,0,0,1
0,0,0,0,0,0,0,0,0.25282,0.99242,-0.94778,1,-4.6514e-06,-6.2626e-07,6.2071e-07,0,0,0,0.46601,999,999,999,0.33333,0.24335,0.24182,0.26793,0.20308,6.2626e-07,9999,1,-1,571.29,4.1992,0.24335,0,0,0,0,0,0,0,0,1,999,999,999,0,0,0,0,0,0,0,0,0,0,0,0,0,0,0,0,0,0,0,0,0,0,0,0,0,0,0,0,0,0,0,0,1
0,0,0,0,0,0,0,0,0.90723,0.40086,0.25907,-1,-0.93319,-0.000175,9.96e-05,1,0,0,1.2117,999,999,999,1.2001,0.17043,0.79411,0.24168,0.13301,2.1558e-06,9999,1,1,0,4.1504,0.23205,0,0,0,0,0,0,0,0,1,0.90723,0.84914,-0.27943,0,0,0,0,0,10,0.13301,2.1558e-06,9999,1,0,4.1504,0.23205,0.90723,0.84914,-0.27943,8,0.003944,0.92087,1,0.91196,-0.27943,-1,-0.93319,-0.17081,0,0,0,0,0,0,0,0
1.6291,0,-0.6114,1,0,0,0,0,0.7717,0.24434,0.05652,1,0.8136,-0.00039139,5.7783e-05,0,0,0,1.4594,1.6291,0.96406,-0.82407,0.61129,0.55678,2.4658,0.49634,0.20055,3.5047e-07,9999,1,-1,1757.8,7.5195,0.10785,0,0,0,0,0,0,0,0,1,1.6291,0.96406,-0.35115,0,0,0,0,0,10,0.20055,3.5047e-07,9999,-1,1757.8,7.5195,0.10785,1.6291,0.96406,-0.35115,-8,0.033536,1.6291,1,0.96406,0.29276,1,0.8136,0.004337,0,0,0,0,0,0,0,1
0,0,0,0,0,0,0,0,1.3574,1.0608,-0.39779,-1,-0.32834,-0.0056587,2.0338e-06,2,1,0.4992,1.4815,-1.4999,-0.97051,-0.97439,2.0121,1.0743,0.27093,0.97102,0.24217,4.2885e-07,9999,1,1,751.95,6.1523,0.16569,0,0,0,0,0,0,0,0,1,1.3574,0.99529,-0.97496,0,0,0,0,0,10,0.2345,2.0338e-06,9999,1,473.63,4.6875,0.27093,1.3574,0.99529,-0.34385,9,0.0048679,1.4999,-1,0.97051,1,-1,-0.0056587,-0.09635,0,0,0,0,0,0,0,1
0,0,0,0,0,0,0,0,0.46044,0,-0.47679,-1,0.99621,-0.00064623,-5.6061e-06,1,0,0,0.45198,999,999,999,0.57477,0.40596,0.34769,0,0,0,0,0,0,0,0,0,0,0,0,0,0,0,0,0,0,0,0,0,0,0,0,0,0,0,0,0,0,0,0,0,0,0,0,0,0,0,0,0,0,0,0,0,0,0,0,0,0,0,0,0,1
0.4068,0.17396,-0.15814,-1,0,0,0,0,0.095293,0.17396,-0.45304,-1,-2.7172e-06,-1.2854e-06,0,1,0,0,0.26968,999,999,999,0.29279,0.049022,0,0.35939,0.095293,1.2854e-06,9999,0,-1,0,1.1108,0.049022,0,0,0,0,0,0,0,0,1,999,999,999,0,0,0,0,0,0,0,0,0,0,0,0,0,0,0,0,0,0,0,0,0,0,0,0,0,0.4068,0.17396,-0.15814,-1,1,0.018273,0.28387,0
0,0,0,0,0,0,0,0,2.1986,0.10693,0.94229,-1,-0.9891,-0.18196,0.00032818,0,0,0,2.1985,-2.1986,0.99935,-0.92185,0.72647,3.1713,0.89241,0,0,0,0,0,0,0,0,0,0,0,0,0,0,0,0,0,0,0,0,0,0,0,0,0,0,0,0,0,0,0,0,0,0,0,0,0,0,0.0017643,2.1986,-1,0.99935,0,0,0,0,0,0,0,0,0,0,0,0
0,0,0,0,0,0,0,0,0.58212,0,-0.098708,1,-0.97176,0.00068965,-5.6664e-05,3,1,0.49557,0.96348,-0.55927,0.40912,-0.46991,0.77757,0.40644,0.61972,0.10879,0.10549,4.9565e-07,9999,1,1,273.44,5.4688,0.19897,0,0,0,0,0,0,0,0,1,0.55927,0.40912,-0.69603,0,0,0,0,0,10,0.10549,4.9565e-07,9999,1,273.44,5.4688,0.19897,0.55927,0.40912,-0.69603,2,0.009668,0.67613,-1,0.91832,0.43793,-1,-0.97176,-0.36058,0,0,0,0,0,0,0,0
0,0,0,0,0,0,0,0,0.45507,2.115,-0.88967,-1,0.005184,0.00058065,-5.0895e-05,1,0,0,1.0772,0.565,0.38084,-0.10125,0.89001,0.72771,0.59498,0,0,0,0,0,0,0,0,0,0,0,0,0,0,0,0,0,0,0,0,0,0,0,0,0,0,0,0,0,0,0,0,0,0,0,0,0,0,0.0048387,0.65895,1,0.76727,0,0,0,0,0,0,0,0,0,0,0,1
0,0,0,0,0,0,0,0,2.2577,0,-0.12147,1,0.96963,0.92962,-0.00011613,1,0,0,2.439,2.2577,0.99208,-0.83664,0.7045,2.6344,0.75028,0.50808,0.086022,1.3291e-06,9999,1,-1,0,3.9062,0.03853,0,0,0,0,0,0,0,0,1,2.2577,0.99208,-0.46639,0,0,0,0,0,10,0.086022,1.3291e-06,9999,-1,0,3.9062,0.03853,2.2577,0.99208,-0.46639,-8,0.016915,2.2577,1,0.99208,0.53692,1,0.96963,0.59964,0,0,0,0,0,0,0,1
0,0,0,0,1.2802,0.19395,0.56351,1,1.009,0.66455,-0.94943,1,0.0088498,0.0014597,1.0215e-05,1,0,0,1.4211,1.009,-0.45044,-0.3173,1.9979,1.2666,0.39635,0.57868,0.13467,5.0205e-07,9999,0,-1,585.94,5.4199,0.20167,0,0,0,0,0,0,0,0,1,1.009,0.45044,-0.79256,0,0,0,0,0,10,0.13467,5.0205e-07,9999,-1,585.94,5.4199,0.20167,1.009,0.45044,-0.79256,-9,0.0044091,1.2802,1,0.98881,0.46403,1,0.0088498,0.2688,0,0,0,0,0,0,0,0
0,0,0,0,0,0,0,0,1.6739,0.40856,-0.91225,-1,-0.009529,0.0034674,-0.0024142,0,0,0,1.5302,-0.59748,0.96577,-0.56553,1.2903,0.97826,0.90262,0,0,0,0,0,0,0,0,0,0,0,0,0,0,0,0,0,0,0,0,0,0,0,0,0,0,0,0,0,0,0,0,0,0,0,0,0,0,0.0076489,1.6739,-1,0.7585,0,0,0,0,0,0,0,0,0,0,0,0
0,0,0,0,0,0,0,0,0.58815,1.4243,0.50726,1,0.0086777,-1.9979e-05,-1.724e-05,1,0,0,0.60754,999,999,999,0.94975,0.45982,0.4446,0,0,0,0,0,0,0,0,0,0,0,0,0,0,0,0,0,0,0,0,0,0,0,0,0,0,0,0,0,0,0,0,0,0,0,0,0,0,0.00040061,0.58815,1,0.92608,0,0,0,0,0,0,0,0,0,0,0,1
0,0,0,0,0,0,0,0,1.2585,1.4148,-0.6166,1,0.89279,0.39972,0.0035282,0,0,0,1.3985,0.91657,0.90395,-0.91804,1.0819,1.4623,0.90403,0,0,0,0,0,0,0,0,0,0,0,0,0,0,0,0,0,0,0,0,0,0,0,0,0,0,0,0,0,0,0,0,0,0,0,0,0,0,0.011838,1.2585,1,0.82188,0,0,0,0,0,0,0,0,0,0,0,1
0,0,0,0,0,0,0,0,0.66754,0.56958,-0.65889,-1,-0.00026517,-1.3887e-06,6.303e-07,1,0,0,0.51721,999,999,999,0.45912,0.34833,0.24444,0.26134,0.24753,6.303e-07,9999,1,1,585.94,4.2969,0.24444,0,0,0,0,0,0,0,0,1,0.66754,0.96621,-0.2926,0,0,0,0,0,10,0.24753,6.303e-07,9999,1,585.94,4.2969,0.24444,0.66754,0.96621,-0.2926,0,0.022519,0.66754,-1,0.96621,0.19316,-1,-1.3887e-06,-8.9444e-05,0,0,0,0,0,0,0,1
0.32842,1.1007,-0.78852,1,0,0,0,0,0.9264,0.33347,0.71626,1,-0.98644,0.12898,2.3475e-06,1,0,0,1.24,999,999,999,0.7866,1.1621,0.28178,0.031171,0.096335,3.5919e-07,9999,0,1,1289.1,7.1289,0.11583,0,0,0,0,0,0,0,0,1,0.88554,0.98819,-0.053538,0,0,0,0,0,10,0.096335,3.5919e-07,9999,1,1289.1,7.1289,0.11583,0.88554,0.98819,-0.053538,6,0.0066414,0.9264,1,0.97213,-0.053538,-1,-0.98644,-0.42861,0.32842,1.1007,-0.78852,1,1,0.011112,0.46036,0
0,0,0,0,0,0,0,0,1.8974,0.81584,-0.6682,-1,-0.95981,-0.26368,-0.000194,1,0,0,2.1422,-1.8974,0.99985,-0.75608,1.1192,2.2559,0.22186,0.97194,0.18574,5.7275e-07,9999,1,1,576.17,4.6387,0.22752,0,0,0,0,0,0,0,0,1,1.8974,0.99985,-0.9746,0,0,0,0,0,10,0.18574,5.7275e-07,9999,1,576.17,4.6387,0.22752,1.8974,0.99985,-0.9746,2,0.00065613,1.8974,-1,0.99985,0.88004,-1,-0.95981,-0.71586,0,0,0,0,0,0,0,0
0,0,0,0,0,0,0,0,0.85638,0.18275,-0.12219,1,0.0058021,-0.00052678,-0.00017544,1,0,0,1.212,999,999,999,1.2376,0.57592,0.92464,0,0,0,0,0,0,0,0,0,0,0,0,0,0,0,0,0,0,0,0,0,0,0,0,0,0,0,0,0,0,0,0,0,0,0,0,0,0,0.036556,0.85638,1,0.87099,0,0,0,0,0,0,0,0,0,0,0,1
0,0,0,0,0,0,0,0,0.28008,1.2909,-0.76515,-1,0.059922,-8.5605e-06,0,1,0,0,0.2631,999,999,999,1.0908,0.38149,0,0,0,0,0,0,0,0,0,0,0,0,0,0,0,0,0,0,0,0,0,0,0,0,0,0,0,0,0,0,0,0,0,0,0,0,0,0,0,0,0,0,0,0,0,0,0,0,0,0,0,0,0,0,0
0,0,0,0,0,0,0,0,0.66546,0.49303,0.45259,1,0.99812,0.98996,3.4905e-05,0,0,0,1.064,0.66546,0.92256,-0.30554,0.51248,0.64978,0.52894,0,0,0,0,0,0,0,0,0,0,0,0,0,0,0,0,0,0,0,0,0,0,0,0,0,0,0,0,0,0,0,0,0,0,0,0,0,0,0.017938,0.66546,1,0.92256,0,0,0,0,0,0,0,0,0,0,0,1
0.26906,1.2606,-0.20782,-1,0,0,0,0,0.76216,0.48318,-0.99276,1,0.99975,0.017733,-0.0010752,1,0,0,1.0043,0.76216,0.95409,-0.95083,0.42033,0.96868,0.43283,0,0,0,0,0,0,0,0,0,0,0,0,0,0,0,0,0,0,0,0,0,0,0,0,0,0,0,0,0,0,0,0,0,0,0,0,0,0,0.0083803,0.76216,1,0.95409,0,0,0,0,0.26906,1.2606,-0.20782,-1,1,0.2558,0.38472,1
0,0,0,0,0,0,0,0,0.58716,0.44588,0.20174,1,-0.10336,5.2434e-05,4.1809e-05,2,0,0,0.98979,999,999,999,0.92294,0.60122,0.55762,0,0,0,0,0,0,0,0,0,0,0,0,0,0,0,0,0,0,0,0,0,0,0,0,0,0,0,0,0,0,0,0,0,0,0,0,0,0,0.0083694,0.58716,1,0.77903,0,0,0,0,0,0,0,0,0,0,0,0
0,0,0,0,0,0,0,0,0.7799,0.83432,-0.58684,-1,0.97678,-0.094845,-0.00011597,1,0,0,1.0073,999,999,999,0.23484,1.1507,0.68256,0.41581,0.17733,6.2987e-07,9999,1,1,468.75,4.8828,0.24432,0,0,0,0,0,0,0,0,1,0.7799,0.72718,-0.42667,0,0,0,0,0,10,0.17733,6.2987e-07,9999,1,468.75,4.8828,0.24432,0.7799,0.72718,-0.42667,6,0.016511,0.7799,-1,0.72718,0.19849,-1,-0.00011597,-0.020401,0,0,0,0,0,0,0,1
0,0,0,0,0,0,0,0,0.32207,0,-0.88525,-1,-1.9684e-05,0,0,0,0,0,0.2853,999,999,999,0.45822,0,0,0,0,0,0,0,0,0,0,0,0,0,0,0,0,0,0,0,0,0,0,0,0,0,0,0,0,0,0,0,0,0,0,0,0,0,0,0,0,0,0,0,0,0,0,0,0,0,0,0,0,0,0,0,0
0,0,0,0,0,0,0,0,0.80877,0.35181,0.80071,1,0.10865,7.4331e-05,-7.0567e-06,0,0,0,0.9261,0.80877,-0.98116,-0.48807,1.1596,0.68213,0.3658,0.2935,0.21417,6.0713e-07,9999,1,-1,551.76,4.3945,0.23799,0,0,0,0,0,0,0,0,1,0.80877,0.98116,-0.46638,0,0,0,0,0,10,0.21417,6.0713e-07,9999,-1,551.76,4.3945,0.23799,0.80877,0.98116,-0.46638,-0,0.0055609,0.80877,1,0.98116,-0.46638,1,7.4331e-05,0.00070098,0,0,0,0,0,0,0,0
0,0,0,0,0,0,0,0,0.59755,1.6763,-0.95353,1,-0.97863,-0.93709,0.026667,1,0,0,0.90412,999,999,999,0.55128,0.41128,1.0918,0.96058,0.1881,5.1481e-07,9999,0,-1,610.35,6.25,0.20686,0,0,0,0,0,0,0,0,1,0.72004,0.96348,-0.85427,0,0,0,0,0,10,0.1783,0.93709,9999,-1,0,8.3008,0.41128,0.72004,0.96348,-0.057822,-22,0.0022795,0.72004,1,0.96348,0.075976,-1,-0.93709,-0.20014,0,0,0,0,0,0,0,0
0,0,0,0,0,0,0,0,1.5075,0.7086,-0.69391,-1,-0.23157,0.092827,-0.0054755,1,0,0,1.7995,-1.5075,-0.85416,-0.53829,1.1653,1.0321,1.7708,0,0,0,0,0,0,0,0,0,0,0,0,0,0,0,0,0,0,0,0,0,0,0,0,0,0,0,0,0,0,0,0,0,0,0,0,0,0,0.016413,1.5075,-1,0.85416,0,0,0,0,0,0,0,0,0,0,0,1
0,0,0,0,0,0,0,0,0.4337,1.0027,-0.99967,1,0.85026,0.78759,0.00017795,2,0,0,0.61884,999,999,999,0.20794,0.14503,0.18585,0.99033,0.19231,6.0419e-07,9999,0,1,522.46,5.5176,0.23714,0,0,0,0,0,0,0,0,1,999,999,999,0,0,0,0,0,0,0,0,0,0,0,0,0,0,0,0,0,0,0,0,0,0.91606,-1,-1.1507e-05,-0.33886,0,0,0,0,0,0,0,0
0,0,0,0,0,0,0,0,0.65724,0.67297,0.96203,1,-0.00016503,-9.7141e-05,7.7784e-05,4,1,0.49174,0.87332,999,999,999,0.79759,0.83845,0.64437,0,0,0,0,0,0,0,0,0,0,0,0,0,0,0,0,0,0,0,0,0,0,0,0,0,0,0,0,0,0,0,0,0,0,0,0,0,0,0.011108,0.65724,1,0.6951,0,0,0,0,0,0,0,0,0,0,0,0
1.0869,0.31901,-0.49225,-1,0,0,0,0,1.2921,0,0.14265,1,0.013579,-0.0049843,0,1,1,0.49763,0.74862,999,999,999,0.79638,1.749,0,0,0,0,0,0,0,0,0,0,0,0,0,0,0,0,0,0,0,0,0,0,0,0,0,0,0,0,0,0,0,0,0,0,0,0,0,0,0,0.036127,1.0869,-1,0.81482,0,0,0,0,0,0,0,0,0,0,0,0
0,0,0,0,0,0,0,0,0.47449,0.42224,0.81543,1,-0.0004189,-3.8049e-05,3.2307e-05,0,0,0,0.8687,999,999,999,0.74834,0.54204,0.51787,0,0,0,0,0,0,0,0,0,0,0,0,0,0,0,0,0,0,0,0,0,0,0,0,0,0,0,0,0,0,0,0,0,0,0,0,0,0,0.0021667,0.52376,-1,0.4672,0,0,0,0,0,0,0,0,0,0,0,0
0,0,0,0,0,0,0,0,0.73846,1.3893,0.68259,1,-0.00023992,0.00010686,0,0,0,0,0.85512,999,999,999,0.75121,0.92656,0,0,0,0,0,0,0,0,0,0,0,0,0,0,0,0,0,0,0,0,0,0,0,0,0,0,0,0,0,0,0,0,0,0,0,0,0,0,0,0.0014432,0.73846,1,0.8192,0,0,0,0,0,0,0,0,0,0,0,0
0,0,0,0,0,0,0,0,1.0894,1.1137,-0.39089,1,0.77992,0.092312,-0.00055887,0,0,0,1.5826,1.0894,0.85996,-0.65478,0.93674,1.5841,0.90904,0.80863,0.22894,5.5132e-07,9999,1,-1,532.23,4.248,0.22037,0,0,0,0,0,0,0,0,1,0.90966,0.91525,-0.6544,0,0,0,0,0,10,0.22894,5.5132e-07,9999,-1,532.23,4.248,0.22037,0.90966,0.91525,-0.6544,-5,0.0051299,1.0894,1,0.85996,0.55092,1,0.092312,0.0053064,0,0,0,0,0,0,0,1
1.1898,0.34152,-0.85495,1,0,0,0,0,0,0,0,0,-0.091797,0.00087755,0.00030996,1,0,0,1.2606,999,999,999,0.77551,1.5261,0.75673,0,0,0,0,0,0,0,0,0,0,0,0,0,0,0,0,0,0,0,0,0,0,0,0,0,0,0,0,0,0,0,0,0,0,0,0,0,0,0.010067,1.1898,1,0.98124,0,0,0,0,0.57282,0.37604,0.39134,-1,2,0.046579,0.89533,1
0,0,0,0,0,0,0,0,0.71162,1.009,-0.3653,1,0.0063893,0.00049166,-0.00015456,0,0,0,1.1156,999,999,999,0.74548,0.91515,0.37698,0.77247,0.15018,5.2432e-07,9999,1,1,693.36,4.3457,0.21055,0,0,0,0,0,0,0,0,1,999,999,999,0,0,0,0,0,0,0,0,0,0,0,0,0,0,0,0,0,0.00027632,0.82749,1,0.96214,0.98925,1,0.0063893,0.16372,0,0,0,0,0,0,0,1
0,0,0,0,0,0,0,0,1.0719,0.7149,0.25876,-1,-0.59983,-0.0056348,0.0013532,2,0,0,1.4084,-1.0719,-0.9602,-0.86454,0.91222,1.0952,0.73391,0.69813,0.15881,3.7075e-07,9999,0,-1,2304.7,6.4453,0.12567,0,0,0,0,0,0,0,0,1,999,999,999,0,0,0,0,0,10,0.15457,3.3166e-07,9999,1,2734.4,19.531,0.088737,1.0719,0.9602,-0.30105,9,0.0043021,1.0719,-1,0.9602,-0.21695,-1,-0.59983,-0.10746,0,0,0,0,0,0,0,1
0,0,0,0,0,0,0,0,0.80702,1.2532,0.35371,1,0.99252,-0.26923,-0.17242,0,0,0,1.2232,0.80702,-0.99449,-0.83793,0.64421,1.1998,1.0164,0,0,0,0,0,0,0,0,0,0,0,0,0,0,0,0,0,0,0,0,0,0,0,0,0,0,0,0,0,0,0,0,0,0,0,0,0,0,0.0022282,0.80702,1,0.99449,0,0,0,0,0,0,0,0,0,0,0,1
0,0,0,0,0,0,0,0,1.1021,0.34073,-0.96719,1,0.79529,-0.051863,0.0053341,2,0,0,1.1503,1.1021,0.87836,-0.64554,0.66173,1.6882,1.5037,0,0,0,0,0,0,0,0,0,0,0,0,0,0,0,0,0,0,0,0,0,0,0,0,0,0,0,0,0,0,0,0,0,0,0,0,0,0,0.010168,1.1021,1,0.87836,0,0,0,0,0,0,0,0,0,0,0,1
0,0,0,0,0,0,0,0,0.72721,1.046,0.36663,1,-0.00096035,-0.00055566,0.00013189,2,1,0.50094,1.2327,999,999,999,0.81828,0.30926,0.68633,0.067887,0.070696,1.2767e-06,9999,1,1,0,2.3682,0.05148,0,0,0,0,0,0,0,0,1,0.5392,0.60238,-0.52248,0,0,0,0,0,10,0.070696,1.2767e-06,9999,1,0,2.3682,0.05148,0.5392,0.60238,-0.52248,6,0.0078771,0.7207,-1,0.95703,0.84179,-1,-0.00055566,-0.60039,0,0,0,0,0,0,0,0
0,0,0,0,0,0,0,0,1.206,0.24192,-0.87585,-1,-0.95712,0.01067,5.9152e-06,1,0,0,1.2221,999,999,999,1.2282,1.7196,0.35187,0.79078,0.10756,3.2167e-07,9999,1,1,3164.1,18.75,0.077333,0,0,0,0,0,0,0,0,1,999,999,999,0,0,0,0,0,0,0,0,0,0,0,0,0,0,0,0,0,0.0064971,1.206,-1,0.95505,0.86072,-1,-0.95712,-0.64406,0,0,0,0,0,0,0,0
1.084,0,-0.42411,-1,0,0,0,0,1.0223,0.24794,-0.51742,1,0.032478,0.0022445,-0.00038928,1,1,0.49698,1.4023,999,999,999,1.4453,0.86306,1.3478,0,0,0,0,0,0,0,0,0,0,0,0,0,0,0,0,0,0,0,0,0,0,0,0,0,0,0,0,0,0,0,0,0,0,0,0,0,0,0.017029,1.084,-1,0.91422,0,0,0,0,0,0,0,0,0,0,0,0
0,0,0,0,0,0,0,0,1.9019,0.37943,-0.7004,-1,-0.97892,-0.015519,0.0001174,0,0,0,1.147,-1.9019,-0.98681,-0.72922,0.84588,1.2557,0.67067,0,0,0,0,0,0,0,0,0,0,0,0,0,0,0,0,0,0,0,0,0,0,0,0,0,0,0,0,0,0,0,0,0,0,0,0,0,0,0.0030933,1.9019,-1,0.98681,0,0,0,0,0,0,0,0,0,0,0,0
0,0,0,0,0,0,0,0,0.26151,1.9986,-0.94953,-1,-0.99961,0.26508,-0.00015875,0,0,0,0.66589,999,999,999,0.36898,0.94731,0.3718,0.4611,0.21018,1.2268e-06,9999,1,1,0,4.541,0.11428,0,0,0,0,0,0,0,0,1,999,999,999,0,0,0,0,0,0,0,0,0,0,0,0,0,0,0,0,0,0.0095116,0.60254,1,0.73726,-0.17364,-1,-0.99961,-0.0016956,0,0,0,0,0,0,0,0
0,0,0,0,0,0,0,0,0.96444,0.49781,0.97764,1,0.9926,-0.1515,0.0762,1,0,0,1.0115,0.8952,0.95388,-0.80677,0.64492,1.0151,1.3293,0,0,0,0,0,0,0,0,0,0,0,0,0,0,0,0,0,0,0,0,0,0,0,0,0,0,0,0,0,0,0,0,0,0,0,0,0,0,0.0079541,0.8952,1,0.95388,0,0,0,0,0,0,0,0,0,0,0,0
0,0,0,0,0,0,0,0,0.71514,0.25708,0.91275,1,0.43938,2.8044e-05,0,0,0,0,0.81808,999,999,999,0.93489,0.49511,0,0,0,0,0,0,0,0,0,0,0,0,0,0,0,0,0,0,0,0,0,0,0,0,0,0,0,0,0,0,0,0,0,0,0,0,0,0,0,0.077218,0.71514,1,0.88608,0,0,0,0,0,0,0,0,0,0,0,0
1.489,0.10845,-0.35304,1,0,0,0,0,0.98277,0.69325,-0.10547,1,0.0020212,5.3902e-05,-3.574e-07,0,0,0,1.5228,1.489,0.97931,-0.87528,0.96363,2.1979,0.11423,0.91362,0.096156,3.574e-07,9999,1,-1,1250,10.156,0.11423,0,0,0,0,0,0,0,0,1,1.489,0.97931,-0.83569,0,0,0,0,0,10,0.096156,3.574e-07,9999,-1,1250,10.156,0.11423,1.489,0.97931,-0.83569,-2,0.00064885,1.489,1,0.97931,0.99694,1,0.0020212,0.7787,0,0,0,0,0,0,0,1
0,0,0,0,0,0,0,0,0.74713,1.1083,-0.58339,-1,-0.98555,3.9578e-05,-2.2704e-05,0,0,0,0.72817,-0.74713,-0.44376,-0.17513,0.47268,0.54841,0.47384,0,0,0,0,0,0,0,0,0,0,0,0,0,0,0,0,0,0,0,0,0,0,0,0,0,0,0,0,0,0,0,0,0,0,0,0,0,0,0.026116,0.74713,-1,0.44376,0,0,0,0,0,0,0,0,0,0,0,0
0,0,0,0,0,0,0,0,0.78035,1.9263,0.56754,1,0.0048707,-0.0002126,-0.00015769,2,1,0.49657,1.3602,999,999,999,0.87146,0.61906,0.8937,0.97509,0.11692,4.2066e-07,9999,0,-1,424.8,8.6914,0.16082,0,0,0,0,0,0,0,0,1,0.78035,0.613,-0.42364,0,0,0,0,0,10,0.11438,3.7661e-07,9999,1,703.12,4.0527,0.13038,0.68187,0.63758,-0.80627,11,0.0083402,0.78035,1,0.613,0.955,-1,-0.0002126,-0.79322,0,0,0,0,0,0,0,1
0,0,0,0,0,0,0,0,1.8676,0.22816,-0.94266,1,0.39735,7.2886e-05,-6.8608e-05,1,0,0,1.9115,1.8676,-0.98361,-0.70747,0.81752,1.9509,0.6582,0.57003,0.073787,1.3426e-06,9999,0,-1,0,9.9609,0.15125,0,0,0,0,0,0,0,0,1,1.8676,0.98361,-0.41509,0,0,0,0,0,10,0.073787,1.3426e-06,9999,-1,0,9.9609,0.15125,1.8676,0.98361,-0.41509,-2,0.0059942,1.8676,1,0.98361,0.38424,1,0.39735,0.70106,0,0,0,0,0,0,0,1
0,0,0,0,0,0,0,0,0.99502,0.70798,-0.039208,-1,-0.011934,0.0019159,-6.4799e-05,0,0,0,1.2014,-0.52193,0.24364,-0.0088589,1.261,0.83255,0.58724,0,0,0,0,0,0,0,0,0,0,0,0,0,0,0,0,0,0,0,0,0,0,0,0,0,0,0,0,0,0,0,0,0,0,0,0,0,0,0.0046315,0.99502,-1,0.96752,0,0,0,0,0,0,0,0,0,0,0,0
0,0,0,0,0,0,0,0,1.2541,0.91966,-0.423,1,0.9814,0.74078,-7.0522e-06,1,0,0,1.3036,1.2541,0.95236,-0.91085,0.8945,1.9968,0.48278,0.059949,0.11178,4.7915e-07,9999,0,1,703.12,4.4434,0.19166,0,0,0,0,0,0,0,0,1,999,999,999,0,0,0,0,0,0,0,0,0,0,0,0,0,0,0,0,0,0.0051651,1.2541,1,0.95236,-0.059008,-1,-7.0522e-06,-0.29086,0,0,0,0,0,0,0,1
0,0,0,0,0,0,0,0,0.96662,2.0477,-0.8428,-1,-0.99309,-0.22358,0.0088038,1,0,0,1.2532,999,999,999,0.64442,0.96059,0.91651,0.87357,0.069569,3.6e-07,9999,0,1,947.27,10.059,0.11654,0,0,0,0,0,0,0,0,1,999,999,999,0,0,0,0,0,0,0,0,0,0,0,0,0,0,0,0,0,0.00078864,0.96662,-1,0.96826,0.60153,-1,-0.99309,-0.76397,0,0,0,0,0,0,0,0
0.98726,0,-0.94638,1,0,0,0,0,0.138,0.13927,-0.8328,-1,0.23131,-3.9003e-07,0,0,0,0,0.53729,999,999,999,0.66619,0.14052,0,0.87631,0.138,3.9003e-07,9999,1,-1,898.44,7.5195,0.14052,0,0,0,0,0,0,0,0,1,999,999,999,0,0,0,0,0,0,0,0,0,0,0,0,0,0,0,0,0,0.0046496,0.98726,1,0.96962,0.75188,1,0.23131,0.63168,0.98726,0,-0.94638,1,1,0.0046496,0.96962,1
0,0,0,0,0,0,0,0,1.2178,1.0351,-0.93978,-1,0.00064891,-9.3922e-05,5.3842e-05,3,1,0.50017,0.92502,0.69473,-0.93236,-0.14311,0.43185,0.79513,0.60605,0.51446,0.12188,3.6954e-07,9999,1,-1,1005.9,7.8125,0.12468,0,0,0,0,0,0,0,0,1,999,999,999,0,0,0,0,0,0,0,0,0,0,0,0,0,0,0,0,0,0.075859,0.69473,1,0.93236,0.78961,1,5.3842e-05,0.33557,0,0,0,0,0,0,0,1
0,0,0,0,0,0,0,0,1.2932,0.17644,-0.78034,1,0.019183,-0.00017736,4.0704e-05,1,0,0,1.3618,999,999,999,1.305,0.1835,0.53217,0,0,0,0,0,0,0,0,0,0,0,0,0,0,0,0,0,0,0,0,0,0,0,0,0,0,0,0,0,0,0,0,0,0,0,0,0,0,0.0091556,1.2932,1,0.95958,0,0,0,0,0,0,0,0,0,0,0,0
0,0,0,0,0,0,0,0,2.083,0,-0.99283,1,0.058252,-3.6613e-06,0,0,0,0,0.86918,999,999,999,1.3131,0.3152,0,0,0,0,0,0,0,0,0,0,0,0,0,0,0,0,0,0,0,0,0,0,0,0,0,0,0,0,0,0,0,0,0,0,0,0,0,0,0,0.0083141,2.083,1,0.98469,0,0,0,0,0,0,0,0,0,0,0,1
0,0,0,0,0,0,0,0,0.32965,0.042776,-0.25621,1,-0.1788,2.7738e-05,0,0,0,0,0.71428,999,999,999,0.99115,0.4977,0,0,0,0,0,0,0,0,0,0,0,0,0,0,0,0,0,0,0,0,0,0,0,0,0,0,0,0,0,0,0,0,0,0,0,0,0,0,0,0.0099059,0.71806,-1,0.69249,0,0,0,0,0,0,0,0,0,0,0,0
1.1198,0.33944,-0.46784,-1,0,0,0,0,0.66994,0.84938,-0.95197,1,-0.99439,0.026002,8.2788e-05,0,0,0,1.4496,-1.1198,0.87025,-0.12666,0.61427,0.95843,0.73836,0,0,0,0,0,0,0,0,0,0,0,0,0,0,0,0,0,0,0,0,0,0,0,0,0,0,0,0,0,0,0,0,0,0,0,0,0,0,0.0047001,1.1198,-1,0.87025,0,0,0,0,0.83234,0.97052,0.14632,1,2,0.027886,0.55396,0
0,0,0,0,0,0,0,0,0.35391,0.80158,-0.61351,1,1.5047e-05,-3.7396e-06,2.0475e-06,0,0,0,0.54437,999,999,999,0.43129,0.31679,0.27144,0,0,0,0,0,0,0,0,0,0,0,0,0,0,0,0,0,0,0,0,0,0,0,0,0,0,0,0,0,0,0,0,0,0,0,0,0,0,0,0,0,0,0,0,0,0,0,0,0,0,0,0,0,0
0,0,0,0,1.4509,0.95597,-0.59261,-1,0.74255,0.20042,0.082411,-1,-0.31083,-0.0098577,0.00074396,0,0,0,1.4756,-1.4509,-0.7132,-0.043019,1.1674,1.1088,0.7824,0,0,0,0,0,0,0,0,0,0,0,0,0,0,0,0,0,0,0,0,0,0,0,0,0,0,0,0,0,0,0,0,0,0,0,0,0,0,0.0052522,1.4509,-1,0.7132,0,0,0,0,0,0,0,0,0,0,0,0
0,0,0,0,0,0,0,0,0.7632,0.63045,-0.92443,1,0.00044568,4.9024e-05,1.1094e-06,0,0,0,0.91393,999,999,999,0.63842,0.58738,0.32343,0.89658,0.24503,4.6095e-07,9999,0,-1,625,4.541,0.18297,0,0,0,0,0,0,0,0,1,999,999,999,0,0,0,0,0,0,0,0,0,0,0,0,0,0,0,0,0,0.0074549,0.63569,1,0.83999,0.98032,1,0.00044568,0.0080784,0,0,0,0,0,0,0,0
0,0,0,0,0,0,0,0,0.78833,0.26056,-0.28601,-1,-0.99049,-0.94906,0.00068614,0,1,0.49279,1.1849,999,999,999,0.69276,0.88298,0.56652,0,0,0,0,0,0,0,0,0,0,0,0,0,0,0,0,0,0,0,0,0,0,0,0,0,0,0,0,0,0,0,0,0,0,0,0,0,0,0.023356,0.89392,-1,0.70048,0,0,0,0,0,0,0,0,0,0,0,0
0,0,0,0,0,0,0,0,0.69565,0.31247,0.82644,-1,8.0577e-05,-5.5119e-05,3.959e-05,2,0,0,0.75333,999,999,999,0.67656,0.59673,0.54766,0.96921,0.15779,3.8686e-07,9999,1,1,849.61,6.4453,0.1382,0,0,0,0,0,0,0,0,1,999,999,999,0,0,0,0,0,0,0,0,0,0,0,0,0,0,0,0,0,0.0063919,0.69565,-1,0.99882,0.97782,-1,-5.5119e-05,-0.81447,0,0,0,0,0,0,0,0
0,0,0,0,0,0,0,0,0.64797,1.3465,0.65702,-1,-0.031376,0.015173,-0.0051734,1,0,0,0.85368,999,999,999,0.81465,0.85035,1.0093,0.21224,0.11993,3.3638e-07,9999,1,1,1894.5,11.23,0.093809,0,0,0,0,0,0,0,0,1,999,999,999,0,0,0,0,0,0,0,0,0,0,0,0,0,0,0,0,0,0.025199,0.54727,1,0.65176,0.60002,-1,-7.7398e-06,-0.26303,0,0,0,0,0,0,0,0
0,0,0,0,0,0,0,0,1.6349,0.24076,-0.99976,1,8.455e-05,-1.2994e-05,-9.2495e-07,0,0,0,1.3995,999,999,999,2.3625,0.41761,0.30105,0.40349,0.23644,9.2495e-07,9999,1,-1,502.93,3.8574,0.30105,0,0,0,0,0,0,0,0,1,1.6349,0.97743,-0.5689,0,0,0,0,0,10,0.23644,9.2495e-07,9999,-1,502.93,3.8574,0.30105,1.6349,0.97743,-0.5689,-9,0.0023274,1.6349,1,0.97743,-0.5689,1,8.455e-05,0.00019148,0,0,0,0,0,0,0,1
0,0,0,0,0,0,0,0,0.92546,0.29823,-0.81612,1,0.97107,0.00077788,-6.8548e-07,0,0,0,0.79417,999,999,999,1.4603,0.37051,0.2582,0.68015,0.17972,6.8548e-07,9999,1,-1,571.29,3.5645,0.2582,0,0,0,0,0,0,0,0,1,0.92546,0.96249,-0.4653,0,0,0,0,0,10,0.17972,6.8548e-07,9999,-1,571.29,3.5645,0.2582,0.92546,0.96249,-0.4653,-0,0.004312,0.92546,1,0.96249,-0.4653,1,0.97107,0.055128,0,0,0,0,0,0,0,1
0.54747,0.43929,-0.78209,1,0,0,0,0,1.8659,0,-0.95829,-1,-0.0014147,6.0538e-05,0,0,1,0.50116,1.6623,999,999,999,2.7246,0.52811,0,0,0,0,0,0,0,0,0,0,0,0,0,0,0,0,0,0,0,0,0,0,0,0,0,0,0,0,0,0,0,0,0,0,0,0,0,0,0,0.00023939,1.8659,-1,0.98847,0,0,0,0,0.54747,0.43929,-0.78209,1,1,0.0101,0.68996,1
0,0,0,0,0,0,0,0,0.78762,0.17054,-0.97171,1,0.00011999,-5.2887e-07,0,1,1,0.49933,0.73119,999,999,999,0.72229,0.21228,0,0,0,0,0,0,0,0,0,0,0,0,0,0,0,0,0,0,0,0,0,0,0,0,0,0,0,0,0,0,0,0,0,0,0,0,0,0,0,0.066428,0.78762,1,0.97371,0,0,0,0,0,0,0,0,0,0,0,0
0,0,0,0,0,0,0,0,0.6282,0.55242,0.69345,-1,0.99951,-0.015846,0.0027489,2,0,0,1.0067,0.74299,0.44158,-0.36026,0.42655,0.95337,0.99637,0,0,0,0,0,0,0,0,0,0,0,0,0,0,0,0,0,0,0,0,0,0,0,0,0,0,0,0,0,0,0,0,0,0,0,0,0,0,0.0031259,0.74299,1,0.44158,0,0,0,0,0,0,0,0,0,0,0,0
0,0,0,0,1.0872,1.3526,-0.95558,1,1.2694,0.075565,0.83146,-1,-0.30968,0.052831,-0.011247,1,0,0,1.9903,-1.2694,-0.99219,-0.96982,1.5865,1.3246,1.2779,0,0,0,0,0,0,0,0,0,0,0,0,0,0,0,0,0,0,0,0,0,0,0,0,0,0,0,0,0,0,0,0,0,0,0,0,0,0,0.013612,1.2694,-1,0.99219,0,0,0,0,0,0,0,0,0,0,0,0
0,0,0,0,0,0,0,0,1.1029,0.56629,0.51674,1,0.046387,-0.01311,-1.2061e-05,0,0,0,1.1412,999,999,999,1.6524,0.98997,0.41088,0.98857,0.15535,4.3026e-07,9999,1,1,781.25,5.9082,0.16651,0,0,0,0,0,0,0,0,1,999,999,999,0,0,0,0,0,0,0,0,0,0,0,0,0,0,0,0,0,0.0010471,1.1029,1,0.83675,0.51922,-1,-0.01311,-0.87132,0,0,0,0,0,0,0,1
0,0,0,0,0,0,0,0,0.37996,1.0976,-0.10998,-1,-4.2712e-05,-1.5849e-06,4.3213e-07,1,0,0,0.34588,999,999,999,0.56132,0.1874,0.16759,0.41945,0.24857,4.3213e-07,9999,1,1,693.36,4.7363,0.16759,0,0,0,0,0,0,0,0,1,999,999,999,0,0,0,0,0,0,0,0,0,0,0,0,0,0,0,0,0,0,0,0,0,-0.0025234,-1,-1.5849e-06,-9.1258e-05,0,0,0,0,0,0,0,1
0,0,0,0,0,0,0,0,1.2512,0.066108,-0.41471,-1,0.9968,-0.99461,-0.069167,0,0,0,1.3073,999,999,999,0.55138,0.17766,1.6607,0,0,0,0,0,0,0,0,0,0,0,0,0,0,0,0,0,0,0,0,0,0,0,0,0,0,0,0,0,0,0,0,0,0,0,0,0,0,0.0003482,1.2512,-1,0.91721,0,0,0,0,0,0,0,0,0,0,0,0
0,0,0,0,0,0,0,0,0.86083,1.1833,-0.67989,-1,0.95227,-0.00011848,-2.0542e-06,2,0,0,0.87245,999,999,999,1.028,0.63168,0.38648,0.87351,0.055207,1.2149e-06,9999,0,1,0,3.7109,0.10497,0,0,0,0,0,0,0,0,1,0.86083,0.88385,-0.67203,0,0,0,0,0,10,0.055207,1.2149e-06,9999,1,0,3.7109,0.10497,0.86083,0.88385,-0.67203,6,0.021369,0.86083,-1,0.88385,-0.43259,1,0.95227,0.49936,0,0,0,0,0,0,0,1
0,0,0,0,0,0,0,0,0.98271,0.70106,-0.047962,1,-0.86326,0.008435,-0.0023119,0,0,0,1.6029,999,999,999,0.94909,0.84142,1.2957,0,0,0,0,0,0,0,0,0,0,0,0,0,0,0,0,0,0,0,0,0,0,0,0,0,0,0,0,0,0,0,0,0,0,0,0,0,0,0.0010308,1.089,-1,0.97132,0,0,0,0,0,0,0,0,0,0,0,1
0,0,0,0,2.0142,0.23033,0.39897,-1,0.92229,2.0623,-0.3442,-1,-0.92632,-0.10348,3.8929e-05,0,0,0,2.2057,-2.0142,-0.97736,-0.93748,1.3712,2.1024,0.57519,0.91988,0.063339,1.2093e-06,9999,1,-1,0,4.248,0.093388,0,0,0,0,0,0,0,0,1,999,999,999,0,0,0,0,0,10,0.20249,1.4635e-06,9999,1,527.34,4.0039,0.24558,2.0142,0.97736,-0.97511,2,0.0026888,2.0142,-1,0.97736,0.86284,-1,-0.92632,-0.65258,0,0,0,0,0,0,0,0
0,0,0,0,0,0,0,0,0.14184,1.2653,-0.91511,1,-2.0536e-05,1.0966e-05,-5.0475e-06,0,0,0,0.69066,999,999,999,0.46267,0.40249,0.33959,0.47522,0.14184,3.5673e-07,9999,1,1,1562.5,8.2031,0.11363,0,0,0,0,0,0,0,0,1,999,999,999,0,0,0,0,0,0,0,0,0,0,0,0,0,0,0,0,0,0.0033872,0.63901,-1,0.66807,0.89103,-1,-2.0536e-05,-0.17089,0,0,0,0,0,0,0,0
0,0,0,0,0,0,0,0,1.1715,0.36049,-0.052074,-1,-0.25581,4.6469e-07,0,0,0,0,1.1235,999,999,999,1.5174,0.18481,0,0,0,0,0,0,0,0,0,0,0,0,0,0,0,0,0,0,0,0,0,0,0,0,0,0,0,0,0,0,0,0,0,0,0,0,0,0,0,0.0016327,1.1715,-1,0.90314,0,0,0,0,0,0,0,0,0,0,0,1
0,0,0,0,0,0,0,0,0.85018,1.0466,-0.18316,-1,-0.96589,0.0012017,-1.0613e-05,0,0,0,1.0227,999,999,999,1.1172,0.77654,0.39965,0.83155,0.21253,4.5188e-07,9999,1,1,654.3,5.4199,0.17835,0,0,0,0,0,0,0,0,1,0.85018,0.96324,-0.92869,0,0,0,0,0,10,0.21253,4.5188e-07,9999,1,654.3,5.4199,0.17835,0.85018,0.96324,-0.92869,6,0.0053716,0.85018,-1,0.96324,-0.92869,-1,-0.96589,-0.030736,0,0,0,0,0,0,0,0
0,0,0,0,0.76686,0,-0.60301,1,0.9042,0,-0.97206,-1,-0.95676,0.94449,0.00018317,1,0,0,1.4056,999,999,999,1.101,0.78994,0.86271,0,0,0,0,0,0,0,0,0,0,0,0,0,0,0,0,0,0,0,0,0,0,0,0,0,0,0,0,0,0,0,0,0,0,0,0,0,0,0.020963,0.9042,-1,0.69373,0,0,0,0,0,0,0,0,0,0,0,1
0,0,0,0,0,0,0,0,0.45732,0.95836,-0.79936,1,-5.0351e-06,3.7387e-06,0,0,0,0,0.51188,999,999,999,0.3394,0.43639,0,0,0,0,0,0,0,0,0,0,0,0,0,0,0,0,0,0,0,0,0,0,0,0,0,0,0,0,0,0,0,0,0,0,0,0,0,0,0,0,0,0,0,0,0,0,0,0,0,0,0,0,0,0,1
0,0,0,0,0,0,0,0,0.41393,0.86072,-0.32718,1,0.05628,3.7182e-05,-2.2636e-05,2,0,0,0.84202,999,999,999,0.92667,0.53818,0.47343,0.97909,0.062132,1.2647e-06,9999,0,1,0,9.375,0.13087,0,0,0,0,0,0,0,0,1,0.61152,0.8419,-0.77285,0,0,0,0,0,10,0.062132,1.2647e-06,9999,1,0,9.375,0.13087,0.61152,0.8419,-0.77285,6,0.020099,0.61152,-1,0.8419,-0.75594,-1,-2.2636e-05,-0.86302,0,0,0,0,0,0,0,1
0.37398,2.9694,-0.79671,1,0,0,0,0,0.48364,0.91968,-0.098817,1,-0.99814,-0.99444,0.56784,0,0,0,0.92042,-0.63583,-0.91741,-0.13934,0.51183,0.60145,0.57084,0,0,0,0,0,0,0,0,0,0,0,0,0,0,0,0,0,0,0,0,0,0,0,0,0,0,0,0,0,0,0,0,0,0,0,0,0,0,0.01947,0.63583,-1,0.91741,0,0,0,0,0.37398,2.9694,-0.79671,1,2,0.020185,0.40549,0
1.4179,0.17357,-0.73749,1,0,0,0,0,0.6101,0.62706,0.29025,1,0.48816,0.00052782,-5.5961e-05,0,0,0,1.3249,1.4179,-0.93364,-0.84012,1.0355,1.1748,0.58732,0,0,0,0,0,0,0,0,0,0,0,0,0,0,0,0,0,0,0,0,0,0,0,0,0,0,0,0,0,0,0,0,0,0,0,0,0,0,0.0063013,1.4179,1,0.93364,0,0,0,0,0.49488,0.88272,-0.21394,-1,2,0.0080306,0.73516,1
0,0,0,0,0,0,0,0,0.75145,1.269,-0.71504,-1,-0.057974,-0.0071107,0.0066683,3,0,0,0.78031,999,999,999,0.9175,0.98317,0.62582,0.98093,0.13579,3.4257e-07,9999,0,1,1894.5,12.891,0.10017,0,0,0,0,0,0,0,0,1,0.75145,0.7128,-0.5818,0,0,0,0,0,10,0.13579,3.4257e-07,9999,1,1894.5,12.891,0.10017,0.75145,0.7128,-0.5818,2,0.015561,0.75145,-1,0.7128,-0.94817,-1,-0.057974,-0.87044,0,0,0,0,0,0,0,0
0,0,0,0,1.008,0.24677,-0.23486,-1,0.16341,1.1256,0.067896,1,-0.02306,5.8442e-07,0,0,0,0,0.96087,999,999,999,1.3485,0.2312,0,0.6794,0.16341,5.8442e-07,9999,1,1,590.82,5.5176,0.2312,0,0,0,0,0,0,0,0,1,999,999,999,0,0,0,0,0,0,0,0,0,0,0,0,0,0,0,0,0,0.0077808,1.008,-1,0.8345,0.94999,-1,-0.02306,-0.1335,0,0,0,0,0,0,0,0
0,0,0,0,0,0,0,0,0.83174,0.24921,0.92013,1,0.87824,0.6794,-0.00068558,0,0,0,1.7436,0.83174,-0.35319,-0.60443,1.0392,1.5672,0.88477,0,0,0,0,0,0,0,0,0,0,0,0,0,0,0,0,0,0,0,0,0,0,0,0,0,0,0,0,0,0,0,0,0,0,0,0,0,0,0.010971,0.95992,1,0.75892,0,0,0,0,0,0,0,0,0,0,0,1
0,0,0,0,0,0,0,0,0.92545,0.94682,0.10632,1,-0.99956,0.9434,0.92546,1,0,0,1.4843,-0.83775,0.98143,-0.31097,0.41763,1.0386,1.4681,0.72415,0.068437,1.2567e-06,9999,0,1,0,28.125,0.057918,0,0,0,0,0,0,0,0,1,0.83775,0.98143,-0.5808,0,0,0,0,0,10,0.068437,1.2567e-06,9999,1,0,28.125,0.057918,0.83775,0.98143,-0.5808,0,0.008164,0.92545,1,0.80735,0.95209,-1,-0.99956,-0.74264,0,0,0,0,0,0,0,1
0,0,0,0,0,0,0,0,0.73398,2.1427,-0.18917,-1,0.9681,-8.7281e-05,-1.8153e-06,0,0,0,0.89724,999,999,999,0.50763,0.69615,0.29308,0,0,0,0,0,0,0,0,0,0,0,0,0,0,0,0,0,0,0,0,0,0,0,0,0,0,0,0,0,0,0,0,0,0,0,0,0,0,0.014035,0.73398,-1,0.77076,0,0,0,0,0,0,0,0,0,0,0,1
1.4072,0.3006,-0.72556,-1,0.61326,0.11054,-0.066318,1,0.097846,0.11054,-0.75227,1,-0.95357,-0.038973,0.00018542,2,0,0,1.3237,-1.4072,-0.79661,-0.26293,1.0368,0.9987,0.92793,0.35469,0.097846,3.5212e-07,9999,0,1,1523.4,10.547,0.1094,0,0,0,0,0,0,0,0,1,999,999,999,0,0,0,0,0,0,0,0,0,0,0,0,0,0,0,0,0,0.0070342,1.4072,-1,0.79661,0.93291,-1,-0.95357,-0.45458,0,0,0,0,0,0,0,0
0,0,0,0,0,0,0,0,0.53544,0.9814,-0.65148,-1,-0.0001975,6.42e-05,-7.1302e-06,1,0,0,0.90634,999,999,999,0.66986,0.64982,0.484,0.90223,0.046004,1.2094e-06,9999,0,-1,0,3.2227,0.094724,0,0,0,0,0,0,0,0,1,999,999,999,0,0,0,0,0,0,0,0,0,0,0,0,0,0,0,0,0,0.015949,0.53544,-1,0.96734,-0.46745,1,6.42e-05,0.78907,0,0,0,0,0,0,0,0
0,0,0,0,0,0,0,0,0.38237,2.5849,-0.91556,1,-4.0403e-05,5.1075e-06,1.8277e-06,1,0,0,0.52716,999,999,999,0.4513,0.3405,0.37567,0.93153,0.082633,4.0196e-07,9999,0,-1,917.97,6.9336,0.14885,0,0,0,0,0,0,0,0,1,999,999,999,0,0,0,0,0,0,0,0,0,0,0,0,0,0,0,0,0,0,0,0,0,0.86536,1,1.8277e-06,0.80629,0,0,0,0,0,0,0,1
1.2213,0.98257,0.93829,1,0,0,0,0,2.2155,0.12068,-0.77622,-1,-0.94535,0.064597,-0.00010559,0,0,0,1.6744,-2.2155,0.99973,-0.99817,0.41862,0.84252,3.4772,0,0,0,0,0,0,0,0,0,0,0,0,0,0,0,0,0,0,0,0,0,0,0,0,0,0,0,0,0,0,0,0,0,0,0,0,0,0,0.00071916,2.2155,-1,0.99973,0,0,0,0,0,0,0,0,0,0,0,0
0.497,0.34301,-0.10809,1,0,0,0,0,0,0,0,0,7.3686e-06,0,0,0,0,0,0.34128,999,999,999,0.36927,0,0,0,0,0,0,0,0,0,0,0,0,0,0,0,0,0,0,0,0,0,0,0,0,0,0,0,0,0,0,0,0,0,0,0,0,0,0,0,0,0,0,0,0,0,0,0,0,0.497,0.34301,-0.10809,1,1,0.015046,0.75299,1
0,0,0,0,0,0,0,0,0.63738,1.1017,-0.58886,1,0.96846,-0.83196,0.00053571,1,1,0.50095,0.92496,0.63738,-0.7896,-0.2065,0.32407,0.36238,0.54914,0.36344,0.19032,1.2105e-06,9999,0,-1,0,15.234,0.098533,0,1,0,0,0,0,0,0,1,999,999,999,0,0,0,0,0,0,0,0,0,0,0,0,0,0,0,0,0,0.027641,0.63738,1,0.7896,0.70612,1,0.96846,0.00013052,0,0,0,0,0,0,0,0
1.6643,0.28313,-0.62028,1,0,0,0,0,0.70371,0.69597,0.66463,-1,-0.038212,0.009271,-3.0997e-05,2,1,0.50032,1.8676,999,999,999,0.86187,1.736,0.51197,0,0,0,0,0,0,0,0,0,0,0,0,0,0,0,0,0,0,0,0,0,0,0,0,0,0,0,0,0,0,0,0,0,0,0,0,0,0,0.014971,1.6643,1,0.96132,0,0,0,0,0,0,0,0,0,0,0,1
0,0,0,0,1.6673,0.28051,-0.95745,-1,0.58967,0.32201,-0.17488,1,-0.12401,0.00010199,3.6742e-07,0,0,0,0.79989,999,999,999,1.0374,0.81358,0.12292,0.11445,0.078002,3.6742e-07,9999,1,1,712.89,7.7148,0.12292,0,0,0,0,0,0,0,0,1,1.6673,0.93236,-0.12007,0,0,0,0,0,10,0.078002,3.6742e-07,9999,1,712.89,7.7148,0.12292,1.6673,0.93236,-0.12007,5,0.0040016,1.6673,-1,0.93236,-0.12007,-1,-0.12401,-0.55592,0,0,0,0,0,0,0,0
0,0,0,0,1.9779,0,0.13187,1,0.36959,1.7605,-0.42162,-1,0.0078128,0.0065985,-3.6016e-05,0,0,0,1.7913,999,999,999,1.6623,0.62522,0.59063,0,0,0,0,0,0,0,0,0,0,0,0,0,0,0,0,0,0,0,0,0,0,0,0,0,0,0,0,0,0,0,0,0,0,0,0,0,0,0.0050999,1.9779,1,0.99015,0,0,0,0,0,0,0,0,0,0,0,1
0,0,0,0,0,0,0,0,0.13563,1.5622,-0.80955,-1,1,0.10962,-1.4265e-05,0,0,0,0.52096,0.58654,0.87474,-0.72104,0.18349,0.90203,0.42624,0.61515,0.13563,5.4598e-07,9999,1,-1,605.47,4.7852,0.2185,0,0,0,0,0,0,0,0,1,999,999,999,0,0,0,0,0,0,0,0,0,0,0,0,0,0,0,0,0,0.014322,0.58654,1,0.87474,-0.84765,1,1,0.28799,0,0,0,0,0,0,0,1
0,0,0,0,0,0,0,0,0.80846,0.62853,-0.78072,1,0.99686,-2.2828e-05,-3.6893e-07,1,0,0,0.66556,999,999,999,0.55635,0.47446,0.12418,0.97558,0.1237,3.4829e-07,9999,1,1,869.14,3.6621,0.10578,0,0,0,0,0,0,0,0,1,999,999,999,0,0,0,0,0,0,0,0,0,0,0,0,0,0,0,0,0,0.0072655,0.80846,1,0.97058,0.48534,1,0.99686,0.16494,0,0,0,0,0,0,0,0
0,0,0,0,0,0,0,0,0.83156,1.2902,-0.51815,-1,-0.0035197,-9.658e-05,5.9904e-05,1,0,0,1.0364,-0.83156,-0.99014,-0.79207,0.5456,0.76285,0.62942,0.099665,0.14106,3.3792e-07,9999,1,-1,1250,13.672,0.095416,0,0,0,0,0,0,0,0,1,0.61306,0.79674,-0.48535,0,0,0,0,0,10,0.14106,3.3792e-07,9999,-1,1250,13.672,0.095416,0.61306,0.79674,-0.48535,-0,0.00029671,0.83156,-1,0.99014,0.012855,1,1.1103e-05,0.079547,0,0,0,0,0,0,0,1
0,0,0,0,0,0,0,0,1.3256,0.065636,-0.64868,1,-0.12599,0.053996,-0.012319,0,0,0,1.5471,999,999,999,1.1153,1.3981,1.2058,0,0,0,0,0,0,0,0,0,0,0,0,0,0,0,0,0,0,0,0,0,0,0,0,0,0,0,0,0,0,0,0,0,0,0,0,0,0,0.0088036,1.3256,1,0.84713,0,0,0,0,0,0,0,0,0,0,0,0
0,0,0,0,0,0,0,0,0.82589,0.69162,-0.56634,-1,-0.9741,6.5399e-05,0,0,0,0,0.94621,999,999,999,0.88639,0.65851,0,0,0,0,0,0,0,0,0,0,0,0,0,0,0,0,0,0,0,0,0,0,0,0,0,0,0,0,0,0,0,0,0,0,0,0,0,0,0,0.0049325,0.82589,-1,0.56851,0,0,0,0,0,0,0,0,0,0,0,0
0,0,0,0,0,0,0,0,0.98514,0.45075,-0.43685,-1,-0.69996,0.0006128,-6.8509e-05,0,0,0,1.1183,999,999,999,1.6057,0.9292,0.67492,0,0,0,0,0,0,0,0,0,0,0,0,0,0,0,0,0,0,0,0,0,0,0,0,0,0,0,0,0,0,0,0,0,0,0,0,0,0,0.029022,0.98514,-1,0.86111,0,0,0,0,0,0,0,0,0,0,0,0
0,0,0,0,0,0,0,0,0.73919,0.69952,-0.20253,1,0.010159,0.005154,-0.00046933,1,0,0,1.0056,0.73919,0.84051,-0.36501,0.9931,0.94803,0.35431,0.9388,0.1184,3.8013e-07,9999,1,1,839.84,7.2266,0.13312,0,0,0,0,0,0,0,0,1,999,999,999,0,0,0,0,0,0,0,0,0,0,0,0,0,0,0,0,0,0.006471,0.73919,1,0.84051,0.5192,-1,-0.00046933,-0.79879,0,0,0,0,0,0,0,0
0,0,0,0,0,0,0,0,0.62923,1.6836,-0.3748,-1,-0.99358,-0.00068305,2.545e-05,0,0,0,0.92274,999,999,999,0.58229,0.79139,0.56871,0.93492,0.23843,2.1263e-06,9999,0,1,478.52,3.2227,0.38959,0,0,0,0,0,0,0,0,1,999,999,999,0,0,0,0,0,10,0.24775,5.962e-07,9999,1,625,4.4434,0.23478,0.62923,0.53307,-0.084452,6,0.0042116,0.58069,-1,0.83599,0.28133,-1,-0.99358,-0.041261,0,0,0,0,0,0,0,0
0,0,0,0,0,0,0,0,1.1959,0.16125,-0.38355,1,0.8462,0.11451,-5.1328e-06,0,0,0,1.1512,999,999,999,0.20357,1.1132,0.42199,0.899,0.1302,4.6311e-07,9999,1,-1,664.06,4.834,0.18403,0,0,0,0,0,0,0,0,1,1.1959,0.86026,-0.68445,0,0,0,0,0,10,0.1302,4.6311e-07,9999,-1,664.06,4.834,0.18403,1.1959,0.86026,-0.68445,-2,0.0074193,1.1959,1,0.86026,0.33683,1,0.8462,0.70378,0,0,0,0,0,0,0,1
0,0,0,0,0,0,0,0,0.65579,1.3801,-0.45731,-1,0.99979,-0.00033952,0.00017649,3,1,0.50002,0.98732,999,999,999,0.37886,0.77653,0.13205,0.39928,0.14979,0.00017649,9999,0,1,908.2,0,0.13205,0,0,0,0,0,0,0,0,1,999,999,999,0,0,0,0,0,0,0,0,0,0,0,0,0,0,0,0,0,0.0071395,0.65579,-1,0.9498,0.23041,-1,-9.5756e-06,-0.10644,0,0,0,0,0,0,0,1
0,0,0,0,0,0,0,0,1.0153,1.2703,0.15393,-1,0.9853,-0.80073,0.00042087,1,0,0,1.3472,0.58331,-0.808,-0.17706,0.24358,1.1485,0.71349,0.8792,0.05625,1.2343e-06,9999,1,1,0,9.8633,0.11845,0,0,0,0,0,0,0,0,1,999,999,999,0,0,0,0,0,0,0,0,0,0,0,0,0,0,0,0,0,0.011357,1.0153,-1,0.9161,0.61611,-1,-0.80073,-0.77462,0,0,0,0,0,0,0,0
0,0,0,0,0,0,0,0,0.96282,0.47367,0.82164,1,-0.97075,-0.25928,0.032624,2,0,0,1.4499,999,999,999,1.5664,0.57215,1.1394,0.74973,0.17335,3.797e-07,9999,1,1,976.56,9.082,0.13279,0,0,0,0,0,0,0,0,1,1.076,0.9453,-0.77204,0,0,0,0,0,10,0.17335,3.797e-07,9999,1,976.56,9.082,0.13279,1.076,0.9453,-0.77204,4,0.00095397,1.076,-1,0.9453,-0.77204,-1,-0.97075,-0.13531,0,0,0,0,0,0,0,0
0,0,0,0,0,0,0,0,1.1051,0.98804,-0.95365,1,0.0093782,8.6096e-05,-1.1366e-05,1,0,0,1.2694,0.55274,0.8676,-0.84039,1.2105,0.74765,0.40562,0.23177,0.20648,3.7275e-07,9999,1,-1,927.73,5.3223,0.1273,0,0,0,0,0,0,0,0,1,0.55274,0.8676,-0.6125,0,0,0,0,0,10,0.20648,3.7275e-07,9999,-1,927.73,5.3223,0.1273,0.55274,0.8676,-0.6125,-0,0.0094904,1.1051,1,0.99665,0.15703,1,0.0093782,0.00099224,0,0,0,0,0,0,0,0
0,0,0,0,0,0,0,0,1.0257,0.80135,0.22365,1,0.11907,4.8499e-05,-3.6052e-05,0,0,0,1.159,999,999,999,0.99004,0.58357,0.53366,0,0,0,0,0,0,0,0,0,0,0,0,0,0,0,0,0,0,0,0,0,0,0,0,0,0,0,0,0,0,0,0,0,0,0,0,0,0,0.00089388,1.0257,1,0.97053,0,0,0,0,0,0,0,0,0,0,0,1
1.8258,0.4279,-0.64792,-1,0,0,0,0,0.88575,1.5301,-0.20721,-1,-0.99421,-0.00070292,0.00041719,1,0,0,1.9242,-1.8258,0.99083,-0.61089,0.62065,2.4686,0.51871,0.79814,0.13031,1.2197e-06,9999,0,1,0,26.562,0.076193,0,0,0,0,0,0,0,0,1,1.8258,0.99083,-0.75678,0,0,0,0,0,10,0.13031,1.2197e-06,9999,1,0,26.562,0.076193,1.8258,0.99083,-0.75678,2,0.0034781,1.8258,-1,0.99083,0.95535,-1,-0.99421,-0.54207,0,0,0,0,0,0,0,0
0,0,0,0,0,0,0,0,1.5158,0.6756,-0.72897,1,0.97448,0.050308,-0.00044297,0,0,0,1.5479,1.5158,-0.97659,-0.66409,0.92639,1.3238,1.0124,0,0,0,0,0,0,0,0,0,0,0,0,0,0,0,0,0,0,0,0,0,0,0,0,0,0,0,0,0,0,0,0,0,0,0,0,0,0,5.9699e-05,1.5158,1,0.97659,0,0,0,0,0,0,0,0,0,0,0,1
0,0,0,0,0,0,0,0,0.94984,1.0853,-0.23173,1,0.0017592,0.00030989,0.00014212,0,0,0,1.2922,0.94984,0.48666,-0.47433,1.1455,0.6878,0.80084,0.8464,0.22199,3.1623e-06,9999,1,-1,498.05,4.0527,0.30418,0,0,0,0,0,0,0,0,1,0.94984,0.48666,-0.40309,0,0,0,0,0,10,0.22199,3.1623e-06,9999,-1,498.05,4.0527,0.30418,0.94984,0.48666,-0.40309,-6,0.0011648,0.94984,1,0.48666,-0.40309,1,0.00014212,0.018823,0,0,0,0,0,0,0,1
0,0,0,0,0,0,0,0,0.83744,0,-0.92628,1,-0.9727,9.7747e-05,4.0946e-07,0,0,0,0.98968,999,999,999,0.90206,0.70138,0.1538,0.97628,0.16061,4.0946e-07,9999,1,1,751.95,8.8867,0.1538,0,0,0,0,0,0,0,0,1,999,999,999,0,0,0,0,0,0,0,0,0,0,0,0,0,0,0,0,0,0.016337,0.83744,1,0.92627,0.71372,-1,-0.9727,-0.82963,0,0,0,0,0,0,0,0
0,0,0,0,0,0,0,0,0.66628,0.10846,-0.91877,1,-0.00043479,-0.00015289,9.1317e-05,2,1,0.49645,0.86733,999,999,999,0.34623,0.68966,0.80126,0,0,0,0,0,0,0,0,0,0,0,0,0,0,0,0,0,0,0,0,0,0,0,0,0,0,0,0,0,0,0,0,0,0,0,0,0,0,0.017066,0.66628,1,0.96102,0,0,0,0,0,0,0,0,0,0,0,0
0,0,0,0,0.73371,2.06,-0.46795,1,0.85069,1.4451,-0.089233,-1,-0.94249,-0.084677,0.041192,0,0,0,1.5712,-0.85069,0.90772,-0.64657,0.53644,1.2271,1.0459,0.48147,0.23126,4.8639e-07,9999,1,1,800.78,5.2734,0.19493,0,0,0,0,0,0,0,0,1,999,999,999,0,0,0,0,0,0,0,0,0,0,0,0,0,0,0,0,0,0.0030178,0.85069,-1,0.90772,0.081215,-1,-0.94249,-0.0003252,0,0,0,0,0,0,0,0
0,0,0,0,0,0,0,0,0.9152,0.78373,0.814,1,0.94982,-0.027197,0.00068102,0,0,0,1.3495,999,999,999,1.4082,0.92735,0.39102,0.93028,0.179,6.2796e-07,9999,1,1,595.7,3.5645,0.24381,0,0,0,0,0,0,0,0,1,1.0723,0.99736,-0.95182,0,0,0,0,0,10,0.24656,0.00068102,9999,1,512.7,0,0.39102,0.55593,0.82874,-0.29223,6,0.013892,1.0723,-1,0.99736,0.80021,-1,-8.8728e-05,-0.55673,0,0,0,0,0,0,0,1
0,0,0,0,0,0,0,0,0.11272,0.21149,0.46887,-1,0.99954,1.6587e-06,-4.6985e-07,0,0,0,0.41999,999,999,999,0.25867,0.25532,0.1873,0.83536,0.12799,3.9078e-07,9999,0,-1,1132.8,5.957,0.14105,0,0,0,0,0,0,0,0,1,999,999,999,0,0,0,0,0,0,0,0,0,0,0,0,0,0,0,0,0,0,0,0,0,0.89097,1,0.99954,0.60603,0,0,0,0,0,0,0,1
0,0,0,0,0,0,0,0,1.1218,0.99382,-0.40055,1,-0.87203,0.71493,0.0025185,0,0,0,1.7321,999,999,999,0.66004,1.5163,0.99651,0,0,0,0,0,0,0,0,0,0,0,0,0,0,0,0,0,0,0,0,0,0,0,0,0,0,0,0,0,0,0,0,0,0,0,0,0,0,0.0092352,1.1784,1,0.41979,0,0,0,0,0,0,0,0,0,0,0,0
0,0,0,0,1.4956,0.17162,0.38642,-1,0.87741,0.22085,-0.67018,1,-0.95828,0.51139,-0.012028,0,0,0,1.8444,-1.4956,-0.97028,-0.8733,2.0685,1.32,1.4302,0,0,0,0,0,0,0,0,0,0,0,0,0,0,0,0,0,0,0,0,0,0,0,0,0,0,0,0,0,0,0,0,0,0,0,0,0,0,0.0025637,1.4956,-1,0.97028,0,0,0,0,0,0,0,0,0,0,0,0
0,0,0,0,0,0,0,0,0.75981,0.50701,0.86834,-1,-0.94172,-3.9297e-05,1.0385e-05,0,1,0.49345,1.007,-0.59477,-0.91079,-0.94131,0.96821,0.53433,0.39777,0,0,0,0,0,0,0,0,0,0,0,0,0,0,0,0,0,0,0,0,0,0,0,0,0,0,0,0,0,0,0,0,0,0,0,0,0,0,0.0076196,0.75981,-1,0.98145,0,0,0,0,0,0,0,0,0,0,0,1
0,0,0,0,0,0,0,0,1.3258,0.15433,0.64916,1,0.95242,0.68981,-0.33819,1,0,0,1.8902,1.3258,-0.82292,-0.2269,0.89638,0.87462,1.2669,0,0,0,0,0,0,0,0,0,0,0,0,0,0,0,0,0,0,0,0,0,0,0,0,0,0,0,0,0,0,0,0,0,0,0,0,0,0,0.012243,1.3258,1,0.82292,0,0,0,0,0,0,0,0,0,0,0,1
0,0,0,0,0,0,0,0,1.5818,0.35158,-0.67049,1,0.066843,-2.2271e-05,9.8964e-06,0,0,0,1.3683,999,999,999,2.4197,0.47168,0.39365,0,0,0,0,0,0,0,0,0,0,0,0,0,0,0,0,0,0,0,0,0,0,0,0,0,0,0,0,0,0,0,0,0,0,0,0,0,0,0.0053691,1.5818,1,0.99914,0,0,0,0,0,0,0,0,0,0,0,0
0,0,0,0,1.6592,0.051397,0.8918,1,1.0695,0.91518,-0.77256,-1,0.93453,-0.00223,8.6914e-05,1,0,0,1.8052,1.6592,0.99659,-0.48159,1.2519,0.80154,2.4267,0,0,0,0,0,0,0,0,0,0,0,0,0,0,0,0,0,0,0,0,0,0,0,0,0,0,0,0,0,0,0,0,0,0,0,0,0,0,0.010509,1.0695,-1,0.95477,0,0,0,0,0,0,0,0,0,0,0,1
0,0,0,0,0,0,0,0,0.86606,0.60046,-0.20123,1,-0.99987,-0.99512,0.018513,1,0,0,1.0496,999,999,999,0.3106,0.57042,1.1553,0.19617,0.13506,5.2988e-07,9999,1,1,581.05,4.3457,0.21266,0,0,0,0,0,0,0,0,1,999,999,999,0,0,0,0,0,0,0,0,0,0,0,0,0,0,0,0,0,0.01756,0.86606,1,0.8866,0.85953,-1,-0.99512,-0.14288,0,0,0,0,0,0,0,0
0,0,0,0,0,0,0,0,1.8503,0,-0.98956,1,0.94209,0.00048009,-3.4205e-06,2,0,0,0.99472,999,999,999,1.1986,0.2716,0.31009,0.97631,0.22713,3.7248e-07,9999,0,-1,1084,8.4961,0.12708,0,0,0,0,0,0,0,0,1,999,999,999,0,0,0,0,0,0,0,0,0,0,0,0,0,0,0,0,0,0.004655,1.8503,1,0.98434,0.99339,1,0.94209,0.27712,0,0,0,0,0,0,0,1
0,0,0,0,1.4093,0.22738,-0.73679,1,1.0535,0,-0.088701,-1,0.0038763,-0.00011108,0,0,0,0,1.6927,999,999,999,1.5385,0.93096,0,0,0,0,0,0,0,0,0,0,0,0,0,0,0,0,0,0,0,0,0,0,0,0,0,0,0,0,0,0,0,0,0,0,0,0,0,0,0,0.0016906,1.4093,1,0.92769,0,0,0,0,0,0,0,0,0,0,0,1
0,0,0,0,0,0,0,0,1.6296,0.57563,-0.29436,-1,-0.00086495,-0.00048466,7.6042e-05,0,0,0,1.5716,-1.6296,0.76703,-0.86643,1.0771,2.5795,0.67926,0,0,0,0,0,0,0,0,0,0,0,0,0,0,0,0,0,0,0,0,0,0,0,0,0,0,0,0,0,0,0,0,0,0,0,0,0,0,0.0035253,1.6296,-1,0.76703,0,0,0,0,0,0,0,0,0,0,0,0
0,0,0,0,1.224,0.71991,0.54562,-1,1.0365,0.88906,-0.37826,1,-0.97819,0.58054,-0.000191,2,0,0,1.0432,-1.224,-0.99346,-0.30383,0.79318,1.6511,0.78478,0.74213,0.075104,3.3265e-07,9999,0,-1,61.035,3.0518,0.08982,0,0,0,0,0,0,0,0,1,1.0365,0.94366,-0.89606,0,0,0,0,0,10,0.075104,3.3265e-07,9999,-1,61.035,3.0518,0.08982,1.0365,0.94366,-0.89606,-11,0.017005,1.224,-1,0.99346,-0.89606,1,0.58054,0.72671,0,0,0,0,0,0,0,0
0,0,0,0,0,0,0,0,0.55066,0.33885,-0.83902,1,-0.00078289,2.4064e-05,8.3031e-06,1,0,0,0.50075,999,999,999,0.39587,0.48051,0.37898,0.81556,0.090683,1.484e-06,9999,1,-1,0,5.3711,0.17493,0,0,0,0,0,0,0,0,1,0.55066,0.91771,-0.58352,0,0,0,0,0,10,0.090683,1.484e-06,9999,-1,0,5.3711,0.17493,0.55066,0.91771,-0.58352,-4,0.037279,0.55066,1,0.91771,0.94438,1,2.4064e-05,0.70799,0,0,0,0,0,0,0,0
0,0,0,0,0,0,0,0,0.97229,0.68864,0.60178,1,-0.99998,-0.99748,0.91551,0,0,0,1.339,-0.79698,-0.69811,-0.30221,0.25719,0.53625,1.41,0,0,0,0,0,0,0,0,0,0,0,0,0,0,0,0,0,0,0,0,0,0,0,0,0,0,0,0,0,0,0,0,0,0,0,0,0,0,0.010719,0.97229,1,0.92929,0,0,0,0,0,0,0,0,0,0,0,0
0,0,0,0,0,0,0,0,0.93906,1.5282,-0.80636,1,-0.87552,0.00070385,-1.6316e-06,2,0,0,0.83933,999,999,999,0.514,0.6654,0.36473,0.17775,0.093851,4.006e-07,9999,0,-1,131.84,5.2734,0.14793,0,0,0,0,0,0,0,0,1,999,999,999,0,0,0,0,0,10,0.22286,1.6316e-06,9999,-1,424.8,4.6875,0.36473,0.93906,0.85146,-0.98296,-4,0.0013213,0.93906,1,0.85146,0.19157,-1,-0.87552,-0.017595,0,0,0,0,0,0,0,0
0,0,0,0,0,0,0,0,0.99801,0.93216,-0.93976,1,-0.87083,0.022015,-0.019319,2,0,0,1.2933,-0.60498,-0.90294,-0.51009,0.96559,1.3499,0.72205,0.9393,0.14983,4.3393e-07,9999,0,-1,654.3,3.6621,0.16861,1,0,4.0933,-0.58542,2.2939,0.22937,0.057136,0.12375,1,0.99801,0.61263,-0.79828,0,0,0,0,0,10,0.13743,0.00017414,9999,1,878.91,0,0.15409,0.60498,0.90294,-0.71827,11,0.0013334,0.99801,1,0.61263,0.67303,-1,-0.87083,-0.61769,0,0,0,0,0,0,0,0
0,0,0,0,0,0,0,0,0.79396,0.90944,-0.28679,-1,-0.083093,-0.00060407,4.3953e-05,1,1,0.49233,1.2215,-0.79396,-0.60562,-0.28182,0.963,0.64106,0.48392,0.94752,0.11224,4.6224e-07,9999,1,1,722.66,6.0547,0.1836,1,0,0.46176,0.62304,-0.32908,0.32165,0.13274,0.9805,1,0.79396,0.60562,-0.45971,0,0,0,0,0,10,0.11224,4.6224e-07,9999,1,722.66,6.0547,0.1836,0.79396,0.60562,-0.45971,2,0.0017159,0.81566,-1,0.93413,0.93318,-1,-0.083093,-0.81864,0,0,0,0,0,0,0,0
0,0,0,0,0,0,0,0,0.65379,1.4347,-0.99145,-1,-0.00098075,3.3059e-05,2.2728e-05,3,1,0.49635,0.87453,999,999,999,1.0156,0.51031,0.47372,0.45415,0.10874,3.9393e-07,9999,1,1,36.011,9.2773,0.1433,0,0,0,0,0,0,0,0,1,999,999,999,0,0,0,0,0,10,0.18278,6.8601e-07,9999,1,615.23,3.6621,0.25833,0.65379,0.97845,-0.053189,4,0.009419,0.65379,-1,0.97845,0.52071,-1,-0.00098075,-0.41104,0,0,0,0,0,0,0,1
0,0,0,0,0,0,0,0,1.6673,0.41757,0.6249,-1,0.99734,-0.96776,-0.95909,0,0,0,1.5261,999,999,999,0.53255,0.76682,2.5272,0,0,0,0,0,0,0,0,0,0,0,0,0,0,0,0,0,0,0,0,0,0,0,0,0,0,0,0,0,0,0,0,0,0,0,0,0,0,0.0025421,1.6673,-1,0.99186,0,0,0,0,0,0,0,0,0,0,0,0
0,0,0,0,0,0,0,0,0.79955,0.74561,-0.60393,1,-0.99995,0.98718,9.3091e-05,3,0,0,0.90827,999,999,999,0.32827,0.63111,0.70165,0.21112,0.072994,1.2184e-06,9999,1,1,0,3.0029,0.0772,0,0,0,0,0,0,0,0,1,999,999,999,0,0,0,0,0,0,0,0,0,0,0,0,0,0,0,0,0,0.030781,0.79955,1,0.90039,0.3318,-1,-0.99995,-0.57224,0,0,0,0,0,0,0,1
0,0,0,0,0,0,0,0,0.56885,0.96243,-0.78391,-1,-0.3389,-0.00061194,3.3757e-05,0,0,0,0.69597,-0.56885,-0.96973,-0.81955,1.283,0.35672,0.52407,0.90911,0.12499,2.0484e-06,9999,1,-1,0,4.3457,0.22563,0,0,0,0,0,0,0,0,1,0.64322,0.90658,-0.68551,0,0,0,0,0,10,0.12499,2.0484e-06,9999,-1,0,4.3457,0.22563,0.64322,0.90658,-0.68551,-2,0.0116,0.78148,-1,0.6559,-0.68551,1,3.3757e-05,0.73503,0,0,0,0,0,0,0,1
0,0,0,0,0,0,0,0,0.71746,2.0584,-0.73384,-1,-0.99334,0.78547,0.78112,2,0,0,1.0028,999,999,999,0.6389,0.14288,0.1384,0,0,0,0,0,0,0,0,0,0,0,0,0,0,0,0,0,0,0,0,0,0,0,0,0,0,0,0,0,0,0,0,0,0,0,0,0,0,0.0045706,0.71746,-1,0.81778,0,0,0,0,0,0,0,0,0,0,0,0
0,0,0,0,0,0,0,0,0.24592,0.16196,0.72206,-1,-5.492e-06,2.8917e-06,1.2095e-06,2,0,0,0.35986,999,999,999,0.3461,0.29747,0.095217,0.92653,0.15003,1.2095e-06,9999,0,1,0,21.289,0.095217,0,0,0,0,0,0,0,0,1,999,999,999,0,0,0,0,0,0,0,0,0,0,0,0,0,0,0,0,0,0,0,0,0,-0.79824,-1,-5.492e-06,-0.70786,0,0,0,0,0,0,0,1
0,0,0,0,0,0,0,0,0.88477,0.063833,-0.69911,-1,-0.0052871,8.7817e-05,-2.6702e-06,3,1,0.4971,0.89909,999,999,999,1.1285,0.83076,0.29148,0.6834,0.090928,3.7461e-07,9999,0,-1,1953.1,3.4668,0.1288,0,0,0,0,0,0,0,0,1,999,999,999,0,0,0,0,0,0,0,0,0,0,0,0,0,0,0,0,0,0.012996,0.88477,-1,0.76413,-0.93183,1,8.7817e-05,0.65914,0,0,0,0,0,0,0,0
0,0,0,0,0,0,0,0,0.43429,0.73821,-0.11795,-1,-0.018606,-4.9987e-05,2.0517e-05,2,1,0.50083,0.56404,999,999,999,1.0817,0.59124,0.46268,0.8754,0.20652,3.9341e-07,9999,0,1,625,7.4219,0.14293,0,0,0,0,0,0,0,0,1,999,999,999,0,0,0,0,0,0,0,0,0,0,0,0,0,0,0,0,0,0,0,0,0,0.1417,-1,-4.9987e-05,-0.098492,0,0,0,0,0,0,0,0
0,0,0,0,0,0,0,0,1.258,0.41064,-0.77212,1,-0.9916,0.89829,-0.83894,1,0,0,1.5365,-0.51754,0.46146,-0.58099,0.67529,1.4418,0.74463,0,0,0,0,0,0,0,0,0,0,0,0,0,0,0,0,0,0,0,0,0,0,0,0,0,0,0,0,0,0,0,0,0,0,0,0,0,0,0.009029,1.258,1,0.91826,0,0,0,0,0,0,0,0,0,0,0,0
0,0,0,0,0,0,0,0,0.22862,0.057653,-0.62157,-1,-2.6543e-06,-1.1843e-06,4.4998e-07,2,1,0.4957,0.20871,999,999,999,0.29103,0.33096,0.17736,0.88503,0.22862,1.1843e-06,9999,1,-1,512.7,3.9062,0.33096,0,0,0,0,0,0,0,0,1,999,999,999,0,0,0,0,0,0,0,0,0,0,0,0,0,0,0,0,0,0,0,0,0,0,0,0,0,0,0,0,0,0,0,0,0
0,0,0,0,0,0,0,0,1.2719,0.73573,-0.9946,-1,0.98243,-0.9257,-0.0079219,0,0,0,0.8419,0.57495,-0.77679,-0.9192,0.48607,0.33732,0.79482,0.39179,0.16396,0.9257,9999,1,-1,0,10.742,0.33732,0,0,0,0,0,0,0,0,1,999,999,999,0,0,0,0,0,0,0,0,0,0,0,0,0,0,0,0,0,0.030238,1.2719,-1,0.95682,-0.99431,1,0.98243,3.6391e-05,0,0,0,0,0,0,0,0
0,0,0,0,0,0,0,0,0.65507,1.0709,0.78986,-1,0.99487,-0.99088,-0.00035914,0,0,0,0.87325,999,999,999,0.43256,0.67461,0.99311,0.095585,0.1885,4.5787e-07,9999,1,1,703.12,4.6387,0.18142,0,0,0,0,0,0,0,0,1,999,999,999,0,0,0,0,0,0,0,0,0,0,0,0,0,0,0,0,0,0.00015408,0.65507,-1,0.96522,0.16391,-1,-0.99088,-0.0021874,0,0,0,0,0,0,0,0
0,0,0,0,0,0,0,0,1.4468,0.14361,-0.98567,1,0.00061034,-1.6322e-05,0,0,0,0,0.73313,999,999,999,0.92081,0.43917,0,0,0,0,0,0,0,0,0,0,0,0,0,0,0,0,0,0,0,0,0,0,0,0,0,0,0,0,0,0,0,0,0,0,0,0,0,0,0,0.0099485,1.4468,1,0.97313,0,0,0,0,0,0,0,0,0,0,0,0
0,0,0,0,0,0,0,0,0.69448,0.78345,0.54797,-1,-0.082784,0.00028368,0.00013914,1,0,0,1.2697,999,999,999,0.94026,1.0228,0.76508,0.55559,0.14759,3.4728e-07,9999,1,1,1269.5,11.426,0.10481,0,0,0,0,0,0,0,0,1,0.69448,0.65929,-0.91637,0,0,0,0,0,10,0.23138,1.4098e-06,9999,1,390.62,4.1016,0.34992,0.69448,0.65929,-0.60133,4,0.0038571,0.83768,1,0.76931,0.98331,1,0.00028368,0.0067907,0,0,0,0,0,0,0,0
0.97768,0.38688,-0.029912,1,0,0,0,0,0,0,0,0,-0.10462,0.097912,0,0,0,0,1.1821,999,999,999,0.93285,0.80055,0,0,0,0,0,0,0,0,0,0,0,0,0,0,0,0,0,0,0,0,0,0,0,0,0,0,0,0,0,0,0,0,0,0,0,0,0,0,0,0.014459,0.97768,1,0.79314,0,0,0,0,0.97768,0.38688,-0.029912,1,2,0.014459,0.79314,0
0,0,0,0,0,0,0,0,0.69465,0.89687,-0.23451,1,0.99855,-0.86779,0.095134,1,0,0,0.92844,0.57805,0.94555,-0.61273,0.49365,0.15322,0.73032,0.88573,0.14559,1.8653e-06,9999,1,-1,0,4.7363,0.21303,0,0,0,0,0,0,0,0,1,0.69465,0.70484,-0.60322,0,0,0,0,0,10,0.14559,1.8653e-06,9999,-1,0,4.7363,0.21303,0.69465,0.70484,-0.60322,-5,0.0021216,0.69465,1,0.70484,-0.60322,1,0.99855,0.61772,0,0,0,0,0,0,0,0
0,0,0,0,0,0,0,0,0.56685,0.75756,-0.40698,1,8.6407e-05,8.1893e-05,-1.7343e-05,4,1,0.49522,0.55627,0.56685,-0.72015,-0.84143,0.74055,0.41769,0.4452,0.62134,0.13255,3.7335e-07,9999,1,-1,1201.2,8.8867,0.12778,0,0,0,0,0,0,0,0,1,0.56685,0.72015,-0.092535,0,0,0,0,0,10,0.13255,3.7335e-07,9999,-1,1201.2,8.8867,0.12778,0.56685,0.72015,-0.092535,-5,0.067303,0.56685,1,0.72015,0.55032,1,8.6407e-05,0.31916,0,0,0,0,0,0,0,1
0,0,0,0,0,0,0,0,1.4305,0.088934,-0.46493,1,0.0041221,-0.00075472,8.1462e-05,0,0,0,0.99461,0.55687,0.36831,-0.49203,0.90299,0.82791,0.74372,0,0,0,0,0,0,0,0,0,0,0,0,0,0,0,0,0,0,0,0,0,0,0,0,0,0,0,0,0,0,0,0,0,0,0,0,0,0,0.020954,1.4305,1,0.93972,0,0,0,0,0,0,0,0,0,0,0,1
0,0,0,0,0,0,0,0,0.64146,0.14576,-0.41275,1,-0.00046197,-6.808e-05,2.3905e-05,1,0,0,0.69548,-0.53387,-0.96174,-0.87196,0.62789,0.67286,0.47974,0,0,0,0,0,0,0,0,0,0,0,0,0,0,0,0,0,0,0,0,0,0,0,0,0,0,0,0,0,0,0,0,0,0,0,0,0,0,0.0080074,0.64146,1,0.6913,0,0,0,0,0,0,0,0,0,0,0,0
0,0,0,0,0,0,0,0,0.72615,1.0792,-0.87306,1,-0.99404,-0.0005737,0.00016505,1,0,0,0.91427,-0.61926,-0.31079,-0.41538,0.42592,0.37456,0.68179,0.98491,0.12193,4.0242e-07,9999,1,1,908.2,7.4219,0.14916,0,0,0,0,0,0,0,0,1,0.61926,0.31079,-0.17946,0,0,0,0,0,10,0.12193,4.0242e-07,9999,1,908.2,7.4219,0.14916,0.61926,0.31079,-0.17946,0,0.0089639,0.72615,1,0.82014,0.96412,-1,-0.99404,-0.88251,0,0,0,0,0,0,0,0
0,0,0,0,0,0,0,0,0.59496,1.068,-0.93086,-1,0.99985,-0.99975,7.9149e-06,0,0,0,0.63106,999,999,999,0.36111,0.38698,0.37506,0.11847,0.1418,5.7174e-07,9999,1,1,551.76,5.0293,0.22719,0,0,0,0,0,0,0,0,1,0.59496,0.95878,-0.27981,0,0,0,0,0,10,0.1418,5.7174e-07,9999,1,551.76,5.0293,0.22719,0.59496,0.95878,-0.27981,0,0.027803,0.59496,-1,0.95878,-0.27981,-1,-0.99975,-0.080759,0,0,0,0,0,0,0,1
0,0,0,0,0,0,0,0,0.354,0.52898,0.46927,1,0.00018923,4.7817e-05,-3.5782e-05,3,0,0,0.54317,999,999,999,0.21391,0.58238,0.29384,0.9754,0.17679,6.5179e-07,9999,0,1,605.47,4.1016,0.25005,0,0,0,0,0,0,0,0,1,999,999,999,0,0,0,0,0,0,0,0,0,0,0,0,0,0,0,0,0,0,0,0,0,0.66125,-1,-3.5782e-05,-0.77806,0,0,0,0,0,0,0,0
0,0,0,0,0,0,0,0,0.33064,0.44256,0.49003,-1,-0.42968,1.5942e-05,-5.8095e-07,3,0,0,0.40254,999,999,999,0.56397,0.43686,0.23012,0.81939,0.097406,3.818e-07,9999,0,-1,771.48,3.6621,0.1344,0,0,0,0,0,0,0,0,1,999,999,999,0,0,0,0,0,0,0,0,0,0,0,0,0,0,0,0,0,0,0,0,0,-0.8628,1,1.5942e-05,0.69442,0,0,0,0,0,0,0,1
0,0,0,0,0,0,0,0,1.2451,0,-0.70776,-1,0.96519,-0.02211,0.00026853,4,2,0.49792,1.4689,999,999,999,0.88755,1.5552,0.74185,0,0,0,0,0,0,0,0,0,0,0,0,0,0,0,0,0,0,0,0,0,0,0,0,0,0,0,0,0,0,0,0,0,0,0,0,0,0,0.0038715,1.2451,-1,0.8665,0,0,0,0,0,0,0,0,0,0,0,0
0,0,0,0,0,0,0,0,0.6384,0.6837,0.026627,1,-0.013412,0.00035196,-5.5787e-06,1,0,0,0.6694,999,999,999,0.69279,0.96265,0.34731,0,0,0,0,0,0,0,0,0,0,0,0,0,0,0,0,0,0,0,0,0,0,0,0,0,0,0,0,0,0,0,0,0,0,0,0,0,0,0.00046612,0.6384,1,0.57657,0,0,0,0,0,0,0,0,0,0,0,0
0,0,0,0,1.3146,0,-0.6764,-1,0.47435,0.13622,0.8668,1,-0.00022374,1.7921e-05,-1.5893e-05,1,0,0,1.31,999,999,999,1.824,0.44848,0.43657,0.20903,0.10882,3.66e-07,9999,0,1,1425.8,10.645,0.12172,0,0,0,0,0,0,0,0,1,1.3146,0.99254,-0.25218,0,0,0,0,0,10,0.10882,3.66e-07,9999,1,1425.8,10.645,0.12172,1.3146,0.99254,-0.25218,2,0.0010031,1.3146,-1,0.99254,0.68839,-1,-1.5893e-05,-0.35159,0,0,0,0,0,0,0,0
0,0,0,0,0,0,0,0,0.83337,1.1432,-0.54701,1,0.96097,0.0032956,-0.0001753,1,0,0,0.96365,999,999,999,0.38681,1.1364,0.17272,0.88468,0.24524,2.0747e-06,9999,0,-1,522.46,4.1992,0.27244,0,0,0,0,0,0,0,0,1,999,999,999,0,0,0,0,0,0,0,0,0,0,0,0,0,0,0,0,0,0.011285,0.83337,1,0.73398,0.54698,1,0.96097,0.0058432,0,0,0,0,0,0,0,1
0,0,0,0,0,0,0,0,0.85362,0.53561,-0.82653,-1,-0.00047781,0.00019141,-4.1762e-05,1,1,0.49861,1.0675,999,999,999,1.2325,0.69233,0.55183,0.90669,0.088608,1.219e-06,9999,0,-1,129.39,13.281,0.10877,0,0,0,0,0,0,0,0,1,999,999,999,0,0,0,0,0,0,0,0,0,0,0,0,0,0,0,0,0,0.0050281,0.85362,-1,0.89897,0.71617,1,0.00019141,0.77616,0,0,0,0,0,0,0,1
0,0,0,0,0,0,0,0,0.97745,0.96752,-0.3663,-1,-0.08917,0.069777,2.2622e-05,1,0,0,1.3144,999,999,999,1.3632,0.99689,0.47343,0.90229,0.058577,3.5715e-07,9999,0,1,781.25,6.1523,0.11401,0,0,0,0,0,0,0,0,1,999,999,999,0,0,0,0,0,10,0.11088,4.2099e-07,9999,-1,957.03,7.1289,0.16102,0.83317,0.92884,-0.11127,-6,0.010158,0.97745,-1,0.70405,0.94077,-1,-0.08917,-0.78607,0,0,0,0,0,0,0,0
0,0,0,0,1.6506,0.46227,-0.47078,1,0.98533,0.53582,0.27565,1,0.12364,0.031508,-0.014803,0,0,0,1.9544,1.6506,-0.93347,-0.92781,1.1586,1.5626,1.044,0.97259,0.084911,3.757e-07,9999,1,-1,1005.9,7.8125,0.12966,0,0,0,0,0,0,0,0,1,1.6506,0.93347,-0.88988,0,0,0,0,0,10,0.21283,9.5874e-07,9999,1,390.62,6.3477,0.30446,0.74026,0.60697,-0.63181,0,0.002979,1.6506,1,0.93347,0.98698,1,0.12364,0.86068,0,0,0,0,0,0,0,1
0,0,0,0,0,0,0,0,0.63265,0.087402,-0.66916,1,0.00057941,0,0,0,0,0,0.63151,999,999,999,0.76845,0,0,0,0,0,0,0,0,0,0,0,0,0,0,0,0,0,0,0,0,0,0,0,0,0,0,0,0,0,0,0,0,0,0,0,0,0,0,0,0,0.0049477,0.63265,1,0.93651,0,0,0,0,0,0,0,0,0,0,0,0
0,0,0,0,0,0,0,0,1.4319,1.3022,-0.93566,-1,-0.0089667,6.7178e-06,0,0,0,0,1.0866,999,999,999,2.2046,0.36618,0,0,0,0,0,0,0,0,0,0,0,0,0,0,0,0,0,0,0,0,0,0,0,0,0,0,0,0,0,0,0,0,0,0,0,0,0,0,0,0.00035961,1.4319,-1,0.88107,0,0,0,0,0,0,0,0,0,0,0,1
0,0,0,0,0,0,0,0,0.95741,0.64664,-0.33403,1,0.0001933,-5.618e-07,0,0,0,0,0.75694,999,999,999,0.75078,0.22393,0,0.90976,0.21172,5.618e-07,9999,1,-1,595.7,3.8086,0.22393,0,0,0,0,0,0,0,0,1,999,999,999,0,0,0,0,0,0,0,0,0,0,0,0,0,0,0,0,0,0.010147,0.95741,1,0.53404,0.2409,1,0.0001933,0.13799,0,0,0,0,0,0,0,1
1.8543,0.62511,-0.62247,1,0,0,0,0,1.5827,0.44602,-0.13786,1,0.96381,6.3545e-05,-6.7053e-07,0,0,0,2.2743,1.8543,0.95886,-0.68885,1.9145,2.6363,0.25468,0,0,0,0,0,0,0,0,0,0,0,0,0,0,0,0,0,0,0,0,0,0,0,0,0,0,0,0,0,0,0,0,0,0,0,0,0,0,0.0060845,1.8543,1,0.95886,0,0,0,0,0,0,0,0,0,0,0,1
0,0,0,0,0,0,0,0,0.63214,0.94523,0.43466,1,-0.00017814,0.0001742,0.00010872,2,0,0,0.74151,999,999,999,0.18658,0.16044,0.64498,0.92387,0.15909,3.7191e-07,9999,1,-1,830.08,7.5195,0.12662,0,0,0,0,0,0,0,0,1,999,999,999,0,0,0,0,0,0,0,0,0,0,0,0,0,0,0,0,0,0.0042267,0.63214,1,0.94612,0.91722,1,0.0001742,0.66131,0,0,0,0,0,0,0,0
0,0,0,0,0,0,0,0,1.3686,0.79331,-0.7976,-1,-0.9313,0.0004525,0.00016388,1,0,0,1.4144,999,999,999,1.5034,0.6529,0.69151,0,0,0,0,0,0,0,0,0,0,0,0,0,0,0,0,0,0,0,0,0,0,0,0,0,0,0,0,0,0,0,0,0,0,0,0,0,0,0.012528,1.3686,-1,0.99077,0,0,0,0,0,0,0,0,0,0,0,1
0,0,0,0,0,0,0,0,0.49975,1.3235,-0.71296,-1,-0.99967,-0.00023977,5.0416e-05,0,0,0,0.76345,999,999,999,0.4023,0.72161,0.61463,0,0,0,0,0,0,0,0,0,0,0,0,0,0,0,0,0,0,0,0,0,0,0,0,0,0,0,0,0,0,0,0,0,0,0,0,0,0,0.037655,0.52499,1,0.87669,0,0,0,0,0,0,0,0,0,0,0,0
0,0,0,0,0,0,0,0,0.83722,0.49408,-0.92217,1,0.94317,-0.00045504,-0.00022472,3,0,0,0.8762,999,999,999,0.90284,0.63291,0.59607,0.94971,0.16224,3.8863e-07,9999,0,1,722.66,3.6621,0.13949,0,0,0,0,0,0,0,0,1,999,999,999,0,0,0,0,0,0,0,0,0,0,0,0,0,0,0,0,0,0.0092513,0.83722,1,0.94642,0.69066,-1,-0.00045504,-0.73746,0,0,0,0,0,0,0,1
0,0,0,0,0,0,0,0,1.1674,0.30167,-0.067842,1,-0.87521,0.057167,-1.0243e-06,1,0,0,1.2399,999,999,999,0.78019,1.6172,0.31388,0.95085,0.10974,3.5679e-07,9999,0,1,1406.2,12.109,0.11368,0,0,0,0,0,0,0,0,1,999,999,999,0,0,0,0,0,10,0.20123,1.0243e-06,9999,-1,346.68,4.1992,0.31388,1.1674,0.94467,-0.093831,-0,0.016844,1.1674,1,0.94467,0.71706,-1,-0.87521,-0.82551,0,0,0,0,0,0,0,1
1.9903,0,-0.92718,1,0,0,0,0,0.86161,0.30932,0.54729,-1,-0.16863,5.6032e-05,0,0,0,0,1.8969,999,999,999,1.3703,1.8298,0,0,0,0,0,0,0,0,0,0,0,0,0,0,0,0,0,0,0,0,0,0,0,0,0,0,0,0,0,0,0,0,0,0,0,0,0,0,0,0.0017268,1.9903,1,0.91791,0,0,0,0,0,0,0,0,0,0,0,1
0,0,0,0,0.80034,0.47628,-0.65131,1,1.0756,0.33966,-0.82362,-1,-0.73365,-0.00062946,0.00060309,1,0,0,1.2646,-0.82761,0.85367,-0.42521,0.70206,0.95324,0.60058,0.49302,0.2274,1.2581e-06,9999,1,1,522.46,3.1738,0.33771,0,0,0,0,0,0,0,0,1,0.82761,0.85367,-0.87168,0,0,0,0,0,10,0.2274,1.2581e-06,9999,1,522.46,3.1738,0.33771,0.82761,0.85367,-0.87168,0,0.0058602,1.0756,-1,0.79352,0.0044055,-1,-0.73365,-0.00045457,0,0,0,0,0,0,0,0
0,0,0,0,0,0,0,0,1.2601,0.75093,-0.96124,1,-0.86728,0.31134,0.00065254,2,1,0.49177,1.2372,999,999,999,0.22743,1.1975,0.97303,0.64035,0.12461,3.7153e-07,9999,1,-1,1181.6,7.3242,0.12631,0,0,0,0,0,0,0,0,1,0.80639,0.92382,-0.84765,0,0,0,0,0,10,0.19001,0.86728,9999,-1,0,19.531,0.22743,1.2601,0.92785,-0.16122,-22,0.0054777,1.2601,1,0.92785,-0.08994,-1,-0.86728,-0.082302,0,0,0,0,0,0,0,0
0,0,0,0,0,0,0,0,1.9849,0.37603,-0.81117,1,0.00010129,-6.2721e-07,0,0,0,0,2.0083,999,999,999,2.1779,0.24361,0,0,0,0,0,0,0,0,0,0,0,0,0,0,0,0,0,0,0,0,0,0,0,0,0,0,0,0,0,0,0,0,0,0,0,0,0,0,0,0.0013116,1.9849,1,0.96136,0,0,0,0,0,0,0,0,0,0,0,1
0,0,0,0,0,0,0,0,0.81313,0.42968,-0.14888,1,-0.9987,0.37309,-0.00074675,4,0,0,1.0534,999,999,999,0.48503,1.1329,0.39964,0.86173,0.060191,1.2101e-06,9999,0,1,0,22.852,0.087901,0,0,0,0,0,0,0,0,1,999,999,999,0,0,0,0,0,10,0.22109,5.5012e-07,9999,-1,634.77,4.4922,0.21995,0.81313,0.74079,-0.18847,-0,0.0072845,0.81313,1,0.74079,0.69153,-1,-0.9987,-0.76564,0,0,0,0,0,0,0,1
0,0,0,0,0,0,0,0,0.72204,1.2531,-0.47363,-1,-0.00043905,-0.0001396,-8.9921e-05,1,0,0,1.1077,-0.64635,-0.87318,-0.67073,0.24937,0.78274,0.7692,0.69385,0.21111,5.5655e-07,9999,1,1,556.64,4.3945,0.22216,0,0,0,0,0,0,0,0,1,0.64635,0.87318,-0.37917,0,0,0,0,0,10,0.21111,5.5655e-07,9999,1,556.64,4.3945,0.22216,0.64635,0.87318,-0.37917,0,0.0048409,0.72204,-1,0.95264,0.85026,-1,-0.00043905,-0.0058857,0,0,0,0,0,0,0,0
0,0,0,0,1.5717,0,-0.7607,-1,0.80408,0.90948,-0.49089,-1,-0.84724,-0.057436,0.0025309,0,0,0,1.4486,-1.5717,-0.92818,-0.073093,0.64334,1.2381,1.0061,0.56117,0.20344,1.0151e-06,9999,1,1,512.7,3.9062,0.31278,0,0,0,0,0,0,0,0,1,1.5717,0.92818,-0.81617,0,0,0,0,0,10,0.20344,1.0151e-06,9999,1,512.7,3.9062,0.31278,1.5717,0.92818,-0.81617,0,0.0022502,1.5717,-1,0.92818,-0.25887,-1,-0.84724,-0.0044918,0,0,0,0,0,0,0,0
0,0,0,0,0,0,0,0,0.30318,0.20602,0.23945,1,-0.00049275,-1.6539e-05,-1.0969e-05,4,2,0.50427,0.57426,999,999,999,0.60221,0.32099,0.40251,0,0,0,0,0,0,0,0,0,0,0,0,0,0,0,0,0,0,0,0,0,0,0,0,0,0,0,0,0,0,0,0,0,0,0,0,0,0,0,0,0,0,0,0,0,0,0,0,0,0,0,0,0,0
1.1476,0.29603,-0.85196,1,0,0,0,0,0.3004,0.29603,-0.91582,-1,0.0031787,1.7482e-05,-8.7828e-06,0,0,0,0.76253,999,999,999,1.8447,0.44598,0.49797,0.82149,0.092576,4.3778e-07,9999,1,-1,732.42,4.9805,0.17078,0,0,0,0,0,0,0,0,1,999,999,999,0,0,0,0,0,0,0,0,0,0,0,0,0,0,0,0,0,0.0011508,1.1476,1,0.80561,0.51906,1,1.7482e-05,0.70681,0,0,0,0,0,0,0,1
0,0,0,0,0,0,0,0,0.49055,0.83895,-0.16854,-1,0.0001901,-4.9935e-05,3.7908e-06,3,0,0,0.75961,999,999,999,0.57716,0.59026,0.29045,0.92618,0.060157,1.216e-06,9999,1,-1,0,13.867,0.1061,1,0,-0.7294,-1.131,3.5077,0.060841,0.27612,0.95092,1,999,999,999,0,0,0,0,0,0,0,0,0,0,0,0,0,0,0,0,0,0,0,0,0,0.83729,1,0.0001901,0.804,0,0,0,0,0,0,0,1
0.88809,0.41603,0.46923,-1,0,0,0,0,0.67178,1.6116,-0.93715,-1,-0.046787,-0.00060126,0.000115,0,0,0,1.1672,-0.67178,-0.81116,-0.55692,1.231,0.78946,0.76319,0,0,0,0,0,0,0,0,0,0,0,0,0,0,0,0,0,0,0,0,0,0,0,0,0,0,0,0,0,0,0,0,0,0,0,0,0,0,0.010594,0.88809,-1,0.88917,0,0,0,0,0.88809,0.41603,0.46923,-1,1,0.010594,0.88917,1
0,0,0,0,0,0,0,0,0.25714,0.25515,-0.1619,-1,5.8982e-05,-3.419e-06,-2.3467e-06,0,0,0,0.75853,999,999,999,0.62983,0.31005,0.24215,0.87654,0.16338,2.3467e-06,9999,1,-1,0,3.5156,0.24215,0,0,0,0,0,0,0,0,1,999,999,999,0,0,0,0,0,0,0,0,0,0,0,0,0,0,0,0,0,0.0027342,0.63494,1,0.87602,0.78768,1,5.8982e-05,0.47856,0,0,0,0,0,0,0,1
0,0,0,0,0,0,0,0,1.0652,0,-0.63217,-1,-0.094276,0.061031,-1.0318e-05,1,0,0,1.1378,999,999,999,1.2478,1.3869,0.39721,0.8939,0.20537,8.9174e-07,9999,1,1,517.58,5.2246,0.29626,0,0,0,0,0,0,0,0,1,1.0652,0.95866,-0.72981,0,0,0,0,0,10,0.20537,8.9174e-07,9999,1,517.58,5.2246,0.29626,1.0652,0.95866,-0.72981,2,0.0059813,1.0652,-1,0.95866,0.18848,-1,-1.0318e-05,-0.14567,0,0,0,0,0,0,0,0
0,0,0,0,0,0,0,0,1.9279,0.4154,-0.84986,1,0.0050521,0.00019283,-2.0717e-06,0,0,0,2.3021,1.9279,0.99367,-0.95114,1.3749,2.4565,0.27233,0.40313,0.14469,1.2317e-06,9999,1,-1,0,11.328,0.11706,0,0,0,0,0,0,0,0,1,1.2934,0.97386,-0.53448,0,0,0,0,0,10,0.14469,1.2317e-06,9999,-1,0,11.328,0.11706,1.2934,0.97386,-0.53448,-0,0.0022522,1.9279,1,0.99367,0.2979,1,0.00019283,0.13588,0,0,0,0,0,0,0,1
0.86049,1.9423,-0.74773,-1,0,0,0,0,0.33383,1.2372,-0.045508,1,0.99724,0.97184,-0.83579,1,0,0,1.2118,0.61207,-0.94525,-0.89078,0.44616,0.7446,0.93293,0.92388,0.07949,1.2103e-06,9999,0,-1,0,17.188,0.087429,0,0,0,0,0,0,0,0,1,999,999,999,0,0,0,0,0,0,0,0,0,0,0,0,0,0,0,0,0,0.044919,0.86049,-1,0.83539,0.75549,1,0.97184,0.79852,0.86049,1.9423,-0.74773,-1,1,0.044919,0.83539,0
0,0,0,0,0.6965,0.58558,0.56128,1,1.0844,0.81501,-0.92619,1,-0.11499,0.091873,0.0011492,0,0,0,1.198,999,999,999,0.67942,1.5975,0.78054,0,0,0,0,0,0,0,0,0,0,0,0,0,0,0,0,0,0,0,0,0,0,0,0,0,0,0,0,0,0,0,0,0,0,0,0,0,0,0.00079595,1.0844,1,0.98226,0,0,0,0,0,0,0,0,0,0,0,0
1.0759,0,-0.20953,1,0,0,0,0,1.4018,0,-0.66087,-1,-0.044626,0.00027191,0,0,0,0,1.6171,999,999,999,1.5393,0.82541,0,0,0,0,0,0,0,0,0,0,0,0,0,0,0,0,0,0,0,0,0,0,0,0,0,0,0,0,0,0,0,0,0,0,0,0,0,0,0,0.0071331,1.4018,-1,0.9209,0,0,0,0,0,0,0,0,0,0,0,1
0,0,0,0,0.8774,1.338,-0.62109,1,0.82554,0.62479,-0.57742,-1,0.99892,-0.91963,6.9063e-05,1,0,0,1.2318,999,999,999,0.47281,0.83529,0.74539,0.96946,0.057856,1.2093e-06,9999,0,1,0,16.992,0.091411,1,0,-0.9874,1.779,2.3031,0.13922,0.23952,0.78864,1,0.82554,0.82394,-0.85941,0,0,0,0,0,10,0.057856,1.2093e-06,9999,1,0,16.992,0.091411,0.82554,0.82394,-0.85941,2,0.0012818,0.8774,1,0.73264,-0.85941,-1,-0.91963,-0.84953,0,0,0,0,0,0,0,0
0,0,0,0,0,0,0,0,1.4301,0.28099,-0.9557,-1,-0.46306,9.2647e-06,6.5511e-07,1,0,0,0.87779,999,999,999,2.3474,0.38808,0.25089,0.32506,0.19675,6.5511e-07,9999,1,1,488.28,5.2246,0.25089,0,0,0,0,0,0,0,0,1,999,999,999,0,0,0,0,0,0,0,0,0,0,0,0,0,0,0,0,0,0,0,0,0,0.24679,-1,-0.46306,-0.0031202,0,0,0,0,0,0,0,0
0,0,0,0,0,0,0,0,0.59701,0.88877,-0.68979,-1,-0.0013806,-0.00017855,1.1766e-06,3,0,0,0.65553,999,999,999,0.81736,0.12322,0.33022,0.98301,0.20454,5.383e-07,9999,1,-1,600.59,4.541,0.21576,0,0,0,0,0,0,0,0,1,999,999,999,0,0,0,0,0,10,0.17047,5.7135e-07,9999,1,507.81,4.3945,0.22707,0.59701,0.85855,-0.010271,6,0.021807,0.59701,-1,0.85855,0.80528,1,1.1766e-06,0.62673,0,0,0,0,0,0,0,1
0,0,0,0,0,0,0,0,0.79162,0.77715,0.78165,1,0.8939,0.15337,-0.10551,1,1,0.49944,1.2871,0.81168,0.85655,-0.8323,1.0612,1.0565,1.51,0.94204,0.13099,1.2415e-06,9999,1,-1,0,9.5703,0.12187,0,0,0,0,0,0,0,0,1,0.81168,0.85655,-0.6341,0,0,0,0,0,10,0.13099,1.2415e-06,9999,-1,0,9.5703,0.12187,0.81168,0.85655,-0.6341,-2,0.032856,0.94772,-1,0.83963,0.18627,1,0.8939,0.79101,0,0,0,0,0,0,0,1
0,0,0,0,0,0,0,0,0.47871,0.65656,-0.15669,1,-6.5045e-05,4.3392e-05,-1.304e-05,0,0,0,0.8183,999,999,999,0.65559,0.56403,0.41793,0,0,0,0,0,0,0,0,0,0,0,0,0,0,0,0,0,0,0,0,0,0,0,0,0,0,0,0,0,0,0,0,0,0,0,0,0,0,0,0,0,0,0,0,0,0,0,0,0,0,0,0,0,0
0,0,0,0,0,0,0,0,0.86664,0.36668,-0.055203,-1,-0.18035,-0.0024461,-1.7807e-05,1,1,0.50007,0.9851,-0.55885,-0.88671,-0.52755,1.3705,0.68017,0.44786,0.81925,0.14802,2.4642e-06,9999,1,1,0,3.0029,0.24768,0,0,0,0,0,0,0,0,1,0.55885,0.88671,-0.48699,0,0,0,0,0,10,0.14802,2.4642e-06,9999,1,0,3.0029,0.24768,0.55885,0.88671,-0.48699,14,0.029258,0.86664,-1,0.80776,0.76837,-1,-0.18035,-0.45747,0,0,0,0,0,0,0,1
0,0,0,0,0,0,0,0,0.29365,0.063556,0.36263,-1,0.11126,-0.0015417,-0.00040425,3,1,0.49819,1.1698,999,999,999,0.80648,0.46604,0.74204,0,0,0,0,0,0,0,0,0,0,0,0,0,0,0,0,0,0,0,0,0,0,0,0,0,0,0,0,0,0,0,0,0,0,0,0,0,0,0.018276,0.8397,1,0.84865,0,0,0,0,0,0,0,0,0,0,0,0
0,0,0,0,0,0,0,0,0.85326,0.97532,-0.74865,1,0.96453,0.94698,-0.00023523,1,0,0,0.94872,999,999,999,0.98049,1.6461,0.44063,0,0,0,0,0,0,0,0,0,0,0,0,0,0,0,0,0,0,0,0,0,0,0,0,0,0,0,0,0,0,0,0,0,0,0,0,0,0,0.01192,0.85326,1,0.98806,0,0,0,0,0,0,0,0,0,0,0,1
0,0,0,0,0,0,0,0,1.3015,0.48315,0.0036665,-1,-0.34438,0.00017433,0.0001519,1,0,0,1.2682,999,999,999,2.0809,0.149,0.84773,0.99727,0.14205,6.5394e-07,9999,0,1,498.05,4.4434,0.25059,1,0,1.6539,0.99202,-4.7677,0.27573,0.028332,1.6938,1,999,999,999,0,0,0,0,0,0,0,0,0,0,0,0,0,0,0,0,0,0.020575,1.3015,-1,0.99287,0.9923,-1,-0.34438,-0.89997,0,0,0,0,0,0,0,1
1.6749,0.071137,-0.98441,1,0,0,0,0,0,0,0,0,0.0083819,-5.858e-06,0,0,0,0,1.0435,999,999,999,1.1712,0.35111,0,0,0,0,0,0,0,0,0,0,0,0,0,0,0,0,0,0,0,0,0,0,0,0,0,0,0,0,0,0,0,0,0,0,0,0,0,0,0,0.011838,1.6749,1,0.99463,0,0,0,0,0.31914,0.10013,-0.44698,-1,2,0.02925,0.384,1
0,0,0,0,0,0,0,0,1.0322,0.21276,-0.70704,1,-0.99999,0.96496,-9.815e-06,0,0,0,0.89572,999,999,999,0.23783,0.8018,0.39295,0,0,0,0,0,0,0,0,0,0,0,0,0,0,0,0,0,0,0,0,0,0,0,0,0,0,0,0,0,0,0,0,0,0,0,0,0,0,0.0061667,1.0322,1,0.61681,0,0,0,0,0,0,0,0,0,0,0,0
0,0,0,0,0,0,0,0,1.2196,0.10369,-0.062384,1,-0.15994,0.14468,-0.010847,0,0,0,1.8307,-0.94526,0.59184,-0.43355,1.1424,1.7893,1.0791,0,0,0,0,0,0,0,0,0,0,0,0,0,0,0,0,0,0,0,0,0,0,0,0,0,0,0,0,0,0,0,0,0,0,0,0,0,0,0.00055958,1.3025,-1,0.98283,0,0,0,0,0,0,0,0,0,0,0,0
0,0,0,0,0,0,0,0,1.086,0.99249,0.77134,-1,0.98874,-0.69444,4.1388e-05,0,0,0,0.98514,0.53475,-0.7276,-0.59856,0.67205,1.7447,0.55588,0.069017,0.1533,6.8927e-07,9999,1,-1,473.63,5.1758,0.25908,0,0,0,0,0,0,0,0,1,999,999,999,0,0,0,0,0,0,0,0,0,0,0,0,0,0,0,0,0,0.013014,1.086,-1,0.95861,-0.38687,1,0.98874,0.030625,0,0,0,0,0,0,0,1
0,0,0,0,0,0,0,0,0.86597,1.8795,-0.7563,-1,-0.96516,0.27541,5.8e-05,0,0,0,1.1918,-0.55913,-0.6608,-0.041508,1.3275,0.78682,0.56901,0.21035,0.24664,1.1157e-06,9999,1,1,546.88,3.4668,0.32409,0,0,0,0,0,0,0,0,1,999,999,999,0,0,0,0,0,0,0,0,0,0,0,0,0,0,0,0,0,0.0040694,0.86597,-1,0.76437,0.71039,-1,-0.96516,-9.0523e-05,0,0,0,0,0,0,0,0
0,0,0,0,0,0,0,0,0.70929,0.48799,-0.46497,-1,-0.053931,-0.0010702,-6.301e-06,2,0,0,0.82977,-0.70929,-0.86948,-0.95,0.97223,0.58051,0.35682,0.43474,0.062889,1.2797e-06,9999,1,1,0,8.6914,0.13564,0,0,0,0,0,0,0,0,1,999,999,999,0,0,0,0,0,0,0,0,0,0,0,0,0,0,0,0,0,0.012317,0.70929,-1,0.86948,0.16476,-1,-0.053931,-0.6875,0,0,0,0,0,0,0,0
0,0,0,0,0.69026,0.12049,0.24571,1,1.0003,0,-0.79275,-1,-0.96298,-0.24791,4.2462e-05,0,0,0,1.1593,999,999,999,0.79877,0.75555,0.97401,0,0,0,0,0,0,0,0,0,0,0,0,0,0,0,0,0,0,0,0,0,0,0,0,0,0,0,0,0,0,0,0,0,0,0,0,0,0,0.016209,1.0003,-1,0.99397,0,0,0,0,0,0,0,0,0,0,0,0
0,0,0,0,0,0,0,0,0.86955,1.1553,-0.46586,1,0.019642,2.1198e-05,-1.3974e-05,5,2,0.49623,1.0181,999,999,999,1.0684,0.46622,0.42432,0.5677,0.22435,4.2518e-07,9999,1,-1,693.36,5.127,0.16354,0,0,0,0,0,0,0,0,1,999,999,999,0,0,0,0,0,0,0,0,0,0,0,0,0,0,0,0,0,0,0,0,0,0.97445,1,1.2715e-06,0.00077281,0,0,0,0,0,0,0,0
0,0,0,0,0.68956,1.0015,0.26668,1,0.82446,0.86292,-0.072436,1,-0.99906,0.9792,0.055782,0,0,0,1.1702,999,999,999,0.46297,0.49397,0.97906,0,0,0,0,0,0,0,0,0,0,0,0,0,0,0,0,0,0,0,0,0,0,0,0,0,0,0,0,0,0,0,0,0,0,0,0,0,0,0.035782,0.854,1,0.83158,0,0,0,0,0,0,0,0,0,0,0,0
0,0,0,0,0,0,0,0,0.69568,1.3182,0.71529,1,0.00016496,0.00011168,-2.1755e-05,1,0,0,1.2322,999,999,999,0.87186,0.75247,0.55838,0.99993,0.12894,4.5681e-07,9999,1,-1,644.53,6.2012,0.18088,0,0,0,0,0,0,0,0,1,0.82764,0.93887,-0.93991,0,0,0,0,0,10,0.12894,4.5681e-07,9999,-1,644.53,6.2012,0.18088,0.82764,0.93887,-0.93991,-4,0.00574,0.82764,1,0.93887,0.58551,1,3.1356e-06,0.89242,0,0,0,0,0,0,0,0
0,0,0,0,0.54828,1.3906,0.92056,1,1.3246,1.0284,-0.55354,-1,-0.77678,-0.0054031,0.00076339,1,0,0,1.6093,-1.3246,-0.92434,-0.70199,0.63864,1.0374,0.78623,0,0,0,0,0,0,0,0,0,0,0,0,0,0,0,0,0,0,0,0,0,0,0,0,0,0,0,0,0,0,0,0,0,0,0,0,0,0,0.00065887,1.3246,-1,0.92434,0,0,0,0,0,0,0,0,0,0,0,0
0,0,0,0,0,0,0,0,0.58134,1.29,-0.8602,1,0.99522,5.991e-05,-6.4267e-06,2,0,0,0.67011,999,999,999,0.4794,0.63419,0.35838,0,0,0,0,0,0,0,0,0,0,0,0,0,0,0,0,0,0,0,0,0,0,0,0,0,0,0,0,0,0,0,0,0,0,0,0,0,0,0.025588,0.58134,1,0.62732,0,0,0,0,0,0,0,0,0,0,0,1
0,0,0,0,0,0,0,0,0.51672,1.0564,-0.98607,1,-0.00017951,7.4072e-05,4.9402e-05,2,0,0,0.85118,999,999,999,0.19128,0.68703,0.56116,0,0,0,0,0,0,0,0,0,0,0,0,0,0,0,0,0,0,0,0,0,0,0,0,0,0,0,0,0,0,0,0,0,0,0,0,0,0,0.057515,0.58672,-1,0.31693,0,0,0,0,0,0,0,0,0,0,0,0
0,0,0,0,0,0,0,0,0.94998,0.17039,-0.99221,-1,0.98461,-0.52821,0.034414,2,0,0,0.89069,999,999,999,0.64805,1.3118,1.0002,0,0,0,0,0,0,0,0,0,0,0,0,0,0,0,0,0,0,0,0,0,0,0,0,0,0,0,0,0,0,0,0,0,0,0,0,0,0,0.0043407,0.94998,-1,0.98223,0,0,0,0,0,0,0,0,0,0,0,1
0,0,0,0,0,0,0,0,2.3026,0.084895,-0.93182,-1,-0.052056,0.00010525,0,0,0,0,2.2315,999,999,999,1.9376,1.5189,0,0,0,0,0,0,0,0,0,0,0,0,0,0,0,0,0,0,0,0,0,0,0,0,0,0,0,0,0,0,0,0,0,0,0,0,0,0,0,0.0077964,2.3026,-1,0.99276,0,0,0,0,0,0,0,0,0,0,0,0
0,0,0,0,0,0,0,0,0.86792,0.30937,-0.14849,-1,0.01245,-0.00025813,-0.00017582,3,1,0.49962,0.98148,999,999,999,0.65987,0.28046,0.78552,0.68112,0.2141,7.1656e-07,9999,1,1,498.05,3.7109,0.26512,0,0,0,0,0,0,0,0,1,999,999,999,0,0,0,0,0,0,0,0,0,0,0,0,0,0,0,0,0,0,0,0,0,0.72018,-1,-2.4611e-06,-0.0040397,0,0,0,0,0,0,0,1
0,0,0,0,0,0,0,0,0.38772,0.48334,0.29195,-1,0.000551,0.00017526,-1.2043e-05,1,0,0,0.43944,999,999,999,0.37059,0.17242,0.41075,0.43991,0.13001,0.00017526,9999,1,1,610.35,0,0.17242,0,0,0,0,0,0,0,0,1,999,999,999,0,0,0,0,0,0,0,0,0,0,0,0,0,0,0,0,0,0,0,0,0,-0.84404,-1,-1.2043e-05,-0.24434,0,0,0,0,0,0,0,0
0,0,0,0,0,0,0,0,0.76445,0.8373,-0.30016,1,6.8567e-05,2.9223e-05,-7.2335e-06,5,1,0.49692,0.63326,0.76445,-0.92585,-0.23847,0.66347,0.50419,0.48368,0.41876,0.22709,1.4518e-06,9999,0,1,488.28,4.1504,0.35296,0,0,0,0,0,0,0,0,1,999,999,999,0,0,0,0,0,0,0,0,0,0,0,0,0,0,0,0,0,0.010846,0.76445,1,0.92585,0.036146,-1,-7.2335e-06,-0.00038339,0,0,0,0,0,0,0,0
0,0,0,0,0,0,0,0,0.47758,1.3416,-0.62213,-1,-0.00018108,-4.0578e-05,5.7379e-07,0,0,0,0.87002,999,999,999,0.9273,0.55255,0.22785,0.15554,0.11828,3.4822e-07,9999,1,1,142.82,11.914,0.10571,0,0,0,0,0,0,0,0,1,0.71037,0.96617,-0.22075,0,0,0,0,0,10,0.11828,3.4822e-07,9999,1,142.82,11.914,0.10571,0.71037,0.96617,-0.22075,0,0.043366,0.71037,-1,0.96617,-0.22075,-1,-0.00018108,-0.26091,0,0,0,0,0,0,0,0
0,0,0,0,0,0,0,0,1.4539,0.39931,-0.72057,1,0.092695,0.018456,0.0013985,2,0,0,1.5516,999,999,999,1.5368,1.5609,0.45653,0.9424,0.078778,3.8726e-07,9999,1,1,1191.4,7.0312,0.13849,0,0,0,0,0,0,0,0,1,999,999,999,0,0,0,0,0,10,0.17712,2.2785e-06,9999,-1,0,3.8574,0.23871,1.4539,0.95775,-0.76627,-4,0.037614,1.4539,1,0.95775,0.9912,1,0.0013985,0.40546,0,0,0,0,0,0,0,0
1.0895,0.89986,-0.86369,-1,0,0,0,0,0.69509,0.19089,0.19883,1,-0.00022815,0.00019177,0.00018499,2,0,0,0.95187,999,999,999,0.74125,0.71751,0.2055,0.89889,0.068505,1.2729e-06,9999,0,1,0,34.375,0.052613,0,0,0,0,0,0,0,0,1,999,999,999,0,0,0,0,0,0,0,0,0,0,0,0,0,0,0,0,0,0.0039203,1.0895,-1,0.66089,0.74601,-1,-0.00022815,-0.78019,0,0,0,0,0,0,0,0
1.8379,0,-0.32328,1,0,0,0,0,0.83745,1.0931,0.028321,1,0.94572,0.00013186,-5.3479e-07,0,0,0,1.8286,1.8379,-0.97666,-0.86177,0.98671,1.6033,0.21447,0.98434,0.15252,5.3479e-07,9999,1,-1,683.59,4.0527,0.21447,0,0,0,0,0,0,0,0,1,1.8379,0.97666,-0.94355,0,0,0,0,0,10,0.15252,5.3479e-07,9999,-1,683.59,4.0527,0.21447,1.8379,0.97666,-0.94355,-2,0.0025935,1.8379,1,0.97666,0.95793,1,0.94572,0.86423,0,0,0,0,0,0,0,1
0.57689,0.82079,-0.1162,1,0,0,0,0,0.52852,0,-0.32379,-1,-0.0038943,0.00040618,0,0,0,0,0.64935,999,999,999,0.85216,0.62061,0,0,0,0,0,0,0,0,0,0,0,0,0,0,0,0,0,0,0,0,0,0,0,0,0,0,0,0,0,0,0,0,0,0,0,0,0,0,0,0.05353,0.52852,-1,0.31449,0,0,0,0,0.57689,0.82079,-0.1162,1,1,0.0018489,0.97129,1
0,0,0,0,0,0,0,0,1.7612,1.0075,0.11793,1,-0.090432,0.036819,-7.6994e-05,0,0,0,1.8143,999,999,999,1.2803,1.6593,0.67523,0.063172,0.21265,4.862e-07,9999,1,1,625,4.7852,0.19485,0,0,0,0,0,0,0,0,1,0.80877,0.93939,-0.33589,0,0,0,0,0,10,0.21265,4.862e-07,9999,1,625,4.7852,0.19485,0.80877,0.93939,-0.33589,0,0.016603,1.7612,1,0.97693,-0.33589,-1,-0.090432,-0.00038137,0,0,0,0,0,0,0,1
0,0,0,0,0,0,0,0,1.1524,0.45539,-0.95379,1,0.26696,0.00011115,-3.9603e-06,2,0,0,0.58039,1.1524,-0.98779,-0.80325,1.4013,0.74867,0.32112,0.69027,0.15449,2.4516e-06,9999,1,-1,0,4.1992,0.24711,0,0,0,0,0,0,0,0,1,1.1524,0.98779,-0.71852,0,0,0,0,0,10,0.15449,2.4516e-06,9999,-1,0,4.1992,0.24711,1.1524,0.98779,-0.71852,-6,0.012528,1.1524,1,0.98779,0.18324,1,0.26696,0.20631,0,0,0,0,0,0,0,0
0,0,0,0,0,0,0,0,0.51174,0.26754,-0.46015,-1,-0.98565,0,0,0,0,0,0.5104,999,999,999,0.67864,0,0,0,0,0,0,0,0,0,0,0,0,0,0,0,0,0,0,0,0,0,0,0,0,0,0,0,0,0,0,0,0,0,0,0,0,0,0,0,0,0.030572,0.51174,-1,0.75612,0,0,0,0,0,0,0,0,0,0,0,0
0,0,0,0,0,0,0,0,1.256,0.53547,-0.51726,-1,0.1212,-0.00027435,-7.9981e-06,1,0,0,1.2923,999,999,999,0.76772,1.7318,0.37592,0.69833,0.11627,1.2103e-06,9999,1,-1,0,8.7891,0.08731,0,0,0,0,0,0,0,0,1,999,999,999,0,0,0,0,0,10,0.23527,5.6447e-06,9999,1,400.39,3.418,0.34823,1.256,0.95918,-0.53258,6,0.010857,1.256,-1,0.95918,-0.18002,1,0.1212,0.52337,0,0,0,0,0,0,0,0
0,0,0,0,0,0,0,0,1.2925,0.29808,-0.57002,-1,-0.062218,-0.014961,-2.391e-05,2,1,0.50104,1.119,999,999,999,2.0036,1.0885,0.47977,0.92217,0.169,3.3583e-07,9999,1,1,2285.2,16.016,0.093232,0,0,0,0,0,0,0,0,1,1.2925,0.94045,-0.91681,0,0,0,0,0,10,0.169,3.3583e-07,9999,1,2285.2,16.016,0.093232,1.2925,0.94045,-0.91681,2,0.004707,1.2925,-1,0.94045,0.59213,-1,-2.391e-05,-0.59713,0,0,0,0,0,0,0,0
0,0,0,0,0,0,0,0,1.1331,0.5782,-0.29317,1,0.047165,2.612e-05,0,1,0,0,1.1067,0.65816,-0.34906,-0.28571,1.6137,0.49026,0,0,0,0,0,0,0,0,0,0,0,0,0,0,0,0,0,0,0,0,0,0,0,0,0,0,0,0,0,0,0,0,0,0,0,0,0,0,0,0.021459,0.65816,1,0.34906,0,0,0,0,0,0,0,0,0,0,0,0
0.40427,1.6035,-0.5131,-1,0,0,0,0,0.48854,0.27981,0.33555,-1,0.99336,-0.98001,-6.4299e-05,0,0,0,0.92992,999,999,999,0.44185,0.90845,0.50619,0.2469,0.091127,1.5002e-06,9999,1,1,0,5.5664,0.17711,0,0,0,0,0,0,0,0,1,999,999,999,0,0,0,0,0,0,0,0,0,0,0,0,0,0,0,0,0,0.0010213,0.6492,-1,0.93814,0.049917,-1,-0.98001,-0.47855,0.40427,1.6035,-0.5131,-1,1,0.019475,0.55273,0
0,0,0,0,0,0,0,0,1.3234,0,0.0083087,1,-0.98985,0.96844,0.034447,0,0,0,1.675,999,999,999,0.69554,0.97658,1.5686,0.5879,0.23607,4.118e-07,9999,1,1,654.3,5.7129,0.1553,0,0,0,0,0,0,0,0,1,999,999,999,0,0,0,0,0,0,0,0,0,0,0,0,0,0,0,0,0,0.00044664,1.3234,1,0.94291,0.22291,-1,-0.98985,-0.00031803,0,0,0,0,0,0,0,0
0,0,0,0,0,0,0,0,0.89718,1.4119,-0.96021,1,-0.98152,0.015151,5.2255e-05,0,0,0,1.196,-0.67247,-0.785,-0.84427,0.68204,1.2876,0.6008,0.16261,0.13674,3.709e-07,9999,1,1,1005.9,8.3008,0.12579,0,0,0,0,0,0,0,0,1,0.51344,0.54782,-0.38032,0,0,0,0,0,10,0.13674,3.709e-07,9999,1,1005.9,8.3008,0.12579,0.51344,0.54782,-0.38032,5,0.0072468,0.89718,1,0.91378,-0.38032,-1,-0.98152,-0.12167,0,0,0,0,0,0,0,1
0,0,0,0,1.9972,0.39945,-0.66699,1,0,0,0,0,-0.99991,-0.036097,0.021931,1,0,0,2.3483,999,999,999,0.33767,1.3604,2.181,0,0,0,0,0,0,0,0,0,0,0,0,0,0,0,0,0,0,0,0,0,0,0,0,0,0,0,0,0,0,0,0,0,0,0,0,0,0,0.0034964,1.9972,1,0.95583,0,0,0,0,0,0,0,0,0,0,0,1
0,0,0,0,0,0,0,0,0.64319,1.5928,-0.60887,1,0.9075,-0.097661,0.0043255,0,0,0,1.0494,0.64319,-0.41865,-0.38631,0.61825,1.193,0.56608,0.94893,0.15462,5.9504e-07,9999,1,-1,615.23,4.1016,0.23444,0,0,0,0,0,0,0,0,1,0.64319,0.41865,-0.11251,0,0,0,0,0,10,0.15462,5.9504e-07,9999,-1,615.23,4.1016,0.23444,0.64319,0.41865,-0.11251,-2,0.0031383,0.78477,-1,0.94449,0.93251,1,0.9075,0.7604,0,0,0,0,0,0,0,1
0,0,0,0,0,0,0,0,0.298,0.64521,0.46675,-1,0.00040646,-7.2594e-07,3.417e-07,0,0,0,0.69126,999,999,999,0.69435,0.26711,0.099294,0.10643,0.16778,3.417e-07,9999,1,1,2050.8,12.695,0.099294,0,0,0,0,0,0,0,0,1,999,999,999,0,0,0,0,0,0,0,0,0,0,0,0,0,0,0,0,0,0.0023126,0.6304,1,0.94258,0,0,0,0,0,0,0,0,0,0,0,0
0,0,0,0,0,0,0,0,0.51769,0.50046,-0.1505,1,9.5002e-05,6.0587e-05,4.4408e-05,3,0,0,0.76778,0.51769,0.51502,-0.38794,0.29714,0.61777,0.56456,0,0,0,0,0,0,0,0,0,0,0,0,0,0,0,0,0,0,0,0,0,0,0,0,0,0,0,0,0,0,0,0,0,0,0,0,0,0,0.016111,0.51769,1,0.51502,0,0,0,0,0,0,0,0,0,0,0,1
0,0,0,0,1.6989,0.22383,-0.76115,-1,1.0193,0.48424,-0.40131,1,-0.031986,0.0007605,6.9812e-07,1,0,0,1.7338,999,999,999,1.7815,0.66012,0.26108,0.55886,0.17499,6.9812e-07,9999,0,1,493.16,4.6387,0.26108,0,0,0,0,0,0,0,0,1,1.6989,0.90511,-0.80405,0,0,0,0,0,10,0.17499,6.9812e-07,9999,1,493.16,4.6387,0.26108,1.6989,0.90511,-0.80405,9,0.0019742,1.6989,-1,0.90511,-0.80405,-1,-0.031986,-0.038254,0,0,0,0,0,0,0,0
0.34872,1.7417,-0.73275,-1,0.6889,1.0447,0.45803,1,0.14965,2.1407,-0.53036,-1,0.0056097,-3.8629e-06,1.3407e-06,0,0,0,0.57685,999,999,999,1.0935,0.31924,0.15083,0.93026,0.084573,1.3407e-06,9999,0,1,0,7.3242,0.15083,0,0,0,0,0,0,0,0,1,999,999,999,0,0,0,0,0,10,0.14965,4.1867e-07,9999,-1,996.09,8.8867,0.1596,0.6889,0.64015,-0.68999,-5,0.0017685,0.6889,1,0.64015,0.44629,-1,-3.8629e-06,-0.64419,0.34872,1.7417,-0.73275,-1,1,0.0031395,0.55564,0
0,0,0,0,0,0,0,0,0.60607,1.4335,-0.98323,-1,-0.96982,7.2071e-06,-3.9735e-06,2,0,0,0.69976,999,999,999,0.88656,0.36749,0.29464,0.35826,0.15071,1.2349e-06,9999,0,-1,0,10.254,0.066942,0,0,0,0,0,0,0,0,1,999,999,999,0,0,0,0,0,0,0,0,0,0,0,0,0,0,0,0,0,0.027382,0.60607,-1,0.98205,-0.1881,1,7.2071e-06,0.093781,0,0,0,0,0,0,0,0
0,0,0,0,0,0,0,0,0.83927,0.6411,0.11886,1,-0.99997,0.98497,0.00022596,1,0,0,0.97776,999,999,999,0.27543,0.6965,0.75807,0.96247,0.17142,6.9744e-07,9999,1,-1,502.93,3.7598,0.26093,1,0,3.0684,-3.736,6.2109,0.048272,0.098054,0.34047,1,0.83927,0.81904,-0.84705,0,0,0,0,0,10,0.17161,7.3006e-07,9999,-1,498.05,4.6387,0.26797,0.83927,0.81904,-0.26705,-4,0.0091168,0.83927,1,0.81904,0.98644,1,0.98497,0.74831,0,0,0,0,0,0,0,1
1.6773,0.092057,-0.54048,-1,0,0,0,0,0,0,0,0,0.098196,-0.018979,2.854e-05,2,0,0,1.9186,999,999,999,1.0092,1.9183,0.50132,0,0,0,0,0,0,0,0,0,0,0,0,0,0,0,0,0,0,0,0,0,0,0,0,0,0,0,0,0,0,0,0,0,0,0,0,0,0,0.0011957,1.6773,-1,0.92035,0,0,0,0,0,0,0,0,0,0,0,0
0,0,0,0,1.1742,0.11945,-0.98482,1,0.51282,0.11945,-0.93805,-1,0.012904,-0.00010432,0,0,0,0,1.2067,999,999,999,1.5494,0.75662,0,0,0,0,0,0,0,0,0,0,0,0,0,0,0,0,0,0,0,0,0,0,0,0,0,0,0,0,0,0,0,0,0,0,0,0,0,0,0,0.017394,1.1742,1,0.98848,0,0,0,0,0,0,0,0,0,0,0,1
0,0,0,0,0,0,0,0,0.27569,0.44257,0.92409,1,0.99912,-0.92178,-3.1356e-05,1,0,0,0.89602,999,999,999,0.37158,0.41007,0.51375,0.84613,0.055036,1.2197e-06,9999,0,-1,0,13.477,0.10934,0,0,0,0,0,0,0,0,1,999,999,999,0,0,0,0,0,0,0,0,0,0,0,0,0,0,0,0,0,0,0,0,0,0.66732,1,0.99912,0.76536,0,0,0,0,0,0,0,0
0,0,0,0,0,0,0,0,2.2388,0,-0.83329,1,0.00040665,0,0,0,0,0,2.1238,999,999,999,2.1831,0,0,0,0,0,0,0,0,0,0,0,0,0,0,0,0,0,0,0,0,0,0,0,0,0,0,0,0,0,0,0,0,0,0,0,0,0,0,0,0,0.0013273,2.2388,1,0.99135,0,0,0,0,0,0,0,0,0,0,0,1
0,0,0,0,0,0,0,0,0.18766,0.8144,0.89267,-1,-0.0039719,0.00019702,-9.5869e-05,0,0,0,1.0238,999,999,999,0.71568,0.89716,0.81514,0.30944,0.18766,3.7426e-07,9999,1,-1,732.42,6.6406,0.12852,0,0,0,0,0,0,0,0,1,0.62141,0.92818,-0.26766,0,0,0,0,0,10,0.18766,3.7426e-07,9999,-1,732.42,6.6406,0.12852,0.62141,0.92818,-0.26766,-8,0.0093187,0.62141,1,0.92818,0.31055,1,4.4911e-05,0.0061334,0,0,0,0,0,0,0,1
0,0,0,0,0.8475,0.63001,-0.83803,1,0.12994,0.79625,-0.44257,-1,0.054544,-4.7707e-07,0,0,0,0,0.75311,999,999,999,1.1824,0.1907,0,0.89199,0.12994,4.7707e-07,9999,1,-1,634.77,4.9316,0.1907,0,0,0,0,0,0,0,0,1,0.8475,0.44378,-0.023756,0,0,0,0,0,10,0.12994,4.7707e-07,9999,-1,634.77,4.9316,0.1907,0.8475,0.44378,-0.023756,-6,0.0056618,0.8475,1,0.44378,-0.023756,1,0.054544,0.69122,0,0,0,0,0,0,0,0
0,0,0,0,0,0,0,0,0.27814,1.1563,-0.99925,1,0.99551,0.84267,-0.032194,2,0,0,0.34647,999,999,999,0.16387,0.19985,1.0922,0.65408,0.16373,4.7331e-07,9999,0,1,546.88,5.4199,0.18895,0,0,0,0,0,0,0,0,1,999,999,999,0,0,0,0,0,0,0,0,0,0,0,0,0,0,0,0,0,0,0,0,0,-0.60188,-1,-0.032194,-0.114,0,0,0,0,0,0,0,1
0,0,0,0,0,0,0,0,0.24076,0.5938,-0.8007,1,0.00054104,1.4569e-05,-1.2058e-05,0,1,0.50379,0.70809,0.54284,0.85182,-0.6228,0.30605,0.53191,0.41086,0.75169,0.23507,8.1646e-07,9999,1,-1,537.11,3.9062,0.28425,1,1,-0.094137,0.54404,-1.8933,0.053425,0.055526,0.06376,1,0.54284,0.85182,-0.56264,0,0,0,0,0,10,0.23507,8.1646e-07,9999,-1,537.11,3.9062,0.28425,0.54284,0.85182,-0.56264,-5,0.025715,0.54284,1,0.85182,0.99353,1,0.00054104,0.0013282,0,0,0,0,0,0,0,0
0,0,0,0,0,0,0,0,1.6824,0.76522,-0.70124,1,-0.95843,0.11951,0.025545,1,2,0.49909,1.8093,999,999,999,0.98725,0.44945,1.8027,0.20816,0.13482,1.2354e-06,9999,0,1,0,5.127,0.066711,0,0,0,0,0,0,0,0,1,0.63112,0.78338,-0.15089,0,0,0,0,0,10,0.13482,1.2354e-06,9999,1,0,5.127,0.066711,0.63112,0.78338,-0.15089,8,0.00013098,1.6824,1,0.93576,-0.15089,-1,-0.95843,-0.14814,0,0,0,0,0,0,0,0
0,0,0,0,0,0,0,0,0.93261,0.37782,-0.16035,-1,-0.95129,-0.94884,0.70386,1,0,0,1.3163,999,999,999,1.1706,0.53061,2.0083,0.74057,0.23296,1.0633e-06,9999,1,1,561.52,6.1035,0.21997,0,0,0,0,0,0,0,0,1,0.93261,0.83909,-0.87403,0,0,0,0,0,10,0.23296,1.0633e-06,9999,1,561.52,6.1035,0.21997,0.93261,0.83909,-0.87403,5,0.0036086,1.2431,1,0.77023,0.87062,-1,-0.94884,-0.0014025,0,0,0,0,0,0,0,0
0.55962,0.26127,0.021306,1,0,0,0,0,0.313,0.49402,-0.77384,1,0.99886,-0.87566,0.050514,3,1,0.49721,0.99078,0.55962,0.96763,-0.23449,0.48876,0.56405,0.70266,0.51335,0.12764,3.2155e-07,9999,0,1,600.59,12.695,0.07719,0,0,0,0,0,0,0,0,1,0.52924,0.67144,-0.12421,0,0,0,0,0,10,0.12764,3.2155e-07,9999,1,600.59,12.695,0.07719,0.52924,0.67144,-0.12421,6,0.0045091,0.55962,1,0.96763,0.40317,-1,-0.87566,-0.28892,0.55962,0.26127,0.021306,1,1,0.0045091,0.96763,1
0,0,0,0,0,0,0,0,1.095,1.6484,-0.73196,-1,-0.032303,-5.9249e-05,2.6805e-05,1,0,0,0.99198,999,999,999,1.6869,0.62609,0.49341,0.57629,0.070412,1.2166e-06,9999,0,1,0,3.6133,0.078769,0,0,0,0,0,0,0,0,1,1.095,0.89963,-0.62291,0,0,0,0,0,10,0.070412,1.2166e-06,9999,1,0,3.6133,0.078769,1.095,0.89963,-0.62291,21,0.019421,1.095,-1,0.89963,-0.62291,-1,-0.032303,-0.71914,0,0,0,0,0,0,0,1
0,0,0,0,0,0,0,0,0.69159,1.3735,-0.94146,-1,0.99998,-0.93776,-0.00036476,1,1,0.50258,1.004,999,999,999,0.25149,1.0728,0.91539,0.80791,0.15387,0.99998,9999,0,1,1992.2,20.312,0.25149,0,1,0,0,0,0,0,0,1,0.70175,0.60868,-0.044227,0,0,0,0,0,10,0.15387,0.99998,9999,1,1992.2,20.312,0.25149,0.70175,0.60868,-0.044227,3,0.01345,0.69159,-1,0.847,-0.044227,-1,-0.93776,-0.00010504,0,0,0,0,0,0,0,0
0,0,0,0,0,0,0,0,0.86519,0.62108,-0.64325,-1,0.17742,0.022812,-0.014855,2,0,0,1.075,999,999,999,0.9154,1.2594,1.2511,0.98709,0.18945,3.4771e-07,9999,0,-1,1386.7,9.7656,0.10522,0,0,0,0,0,0,0,0,1,0.84586,0.84452,-0.74966,0,0,0,0,0,10,0.18945,3.4771e-07,9999,-1,1386.7,9.7656,0.10522,0.84586,0.84452,-0.74966,-4,0.0032297,0.86519,-1,0.69472,-0.56857,1,0.17742,0.76944,0,0,0,0,0,0,0,0
0,0,0,0,0.67608,1.1189,0.59378,-1,0.95812,0.9544,-0.62893,1,0.57516,-0.035034,-0.00075478,0,0,0,1.2942,999,999,999,0.85209,0.91297,0.40064,0.95182,0.16873,4.431e-07,9999,1,-1,742.19,5.5664,0.1737,0,0,0,0,0,0,0,0,1,999,999,999,0,0,0,0,0,10,0.23904,0.00075478,9999,-1,517.58,0,0.40064,0.95812,0.98496,-0.83638,-4,0.012236,0.95812,1,0.98496,0.98278,1,0.57516,0.71794,0,0,0,0,0,0,0,1
0,0,0,0,0,0,0,0,0.9032,0.88676,-0.91181,-1,-0.99669,-0.0018212,4.9022e-07,1,0,0,0.85549,-0.9032,0.60811,-0.42236,0.41674,1.3045,0.19662,0,0,0,0,0,0,0,0,0,0,0,0,0,0,0,0,0,0,0,0,0,0,0,0,0,0,0,0,0,0,0,0,0,0,0,0,0,0,0.0015931,0.9032,-1,0.60811,0,0,0,0,0,0,0,0,0,0,0,0
0,0,0,0,0,0,0,0,0.88581,0.29198,-0.79143,1,0.094825,0.00048465,-0.00017703,1,0,0,0.95366,0.88581,-0.66827,-0.55789,0.994,0.60841,0.12945,0.63229,0.21866,7.4115e-07,9999,1,1,600.59,3.6133,0.27024,0,0,0,0,0,0,0,0,1,999,999,999,0,0,0,0,0,0,0,0,0,0,0,0,0,0,0,0,0,0.012474,0.64307,1,0.96759,0.90235,-1,-0.00016206,-0.0018367,0,0,0,0,0,0,0,1
0,0,0,0,1.9538,0,-0.82491,1,0.54695,1.0107,0.013008,1,0.97183,6.7132e-05,-1.4534e-06,0,0,0,1.6523,1.9538,0.97998,-0.57092,0.79496,2.8891,0.35307,0.75073,0.087001,3.8194e-07,9999,1,-1,703.12,7.9102,0.13451,1,0,-0.95603,-1.5197,1.8199,0.052985,0.23728,0.38515,1,1.9538,0.97998,-0.70177,0,0,0,0,0,10,0.087001,3.8194e-07,9999,-1,703.12,7.9102,0.13451,1.9538,0.97998,-0.70177,-2,0.006035,1.9538,1,0.97998,0.9766,1,0.97183,0.69505,0,0,0,0,0,0,0,1
0,0,0,0,0,0,0,0,0.3467,0.31407,0.52453,1,1.1755e-05,1.4477e-06,-6.234e-07,1,0,0,0.47446,999,999,999,0.4086,0.16973,0.24257,0.49498,0.096688,1.4477e-06,9999,0,1,458.98,4.1016,0.16973,0,0,0,0,0,0,0,0,1,999,999,999,0,0,0,0,0,0,0,0,0,0,0,0,0,0,0,0,0,0,0,0,0,0.493,1,1.4477e-06,0.058163,0,0,0,0,0,0,0,0
0,0,0,0,0,0,0,0,1.015,0.4797,-0.87172,1,0.98907,-7.6273e-06,-7.8172e-07,0,0,0,0.81342,999,999,999,0.70115,0.48797,0.27807,0.47872,0.20621,7.8172e-07,9999,1,-1,507.81,3.6621,0.27807,0,0,0,0,0,0,0,0,1,1.015,0.92672,-0.7396,0,0,0,0,0,10,0.20621,7.8172e-07,9999,-1,507.81,3.6621,0.27807,1.015,0.92672,-0.7396,-8,0.006012,1.015,1,0.92672,-0.7396,1,0.98907,0.002524,0,0,0,0,0,0,0,1
0,0,0,0,0,0,0,0,0.83282,0.47525,-0.60563,-1,0.00063395,-0.00038779,-9.2896e-05,0,0,0,0.99523,999,999,999,0.47223,0.87361,0.63073,0.95964,0.23003,5.5518e-07,9999,1,1,600.59,4.4434,0.2217,0,0,0,0,0,0,0,0,1,999,999,999,0,0,0,0,0,0,0,0,0,0,0,0,0,0,0,0,0,0.016446,0.83282,-1,0.56209,0.76951,-1,-9.2896e-05,-0.15275,0,0,0,0,0,0,0,0
0,0,0,0,0,0,0,0,1.2744,0.38786,-0.91348,1,0.99135,-0.96715,0.018415,0,0,0,1.5296,1.2744,-0.65249,-0.33034,0.6228,1.4396,1.8712,0.96684,0.093771,1.3102e-06,9999,1,1,0,7.1289,0.14387,0,0,0,0,0,0,0,0,1,1.0504,0.96842,-0.87478,0,0,0,0,0,10,0.093771,1.3102e-06,9999,1,0,7.1289,0.14387,1.0504,0.96842,-0.87478,2,0.019021,1.2744,1,0.65249,-0.87478,-1,-0.96715,-0.85339,0,0,0,0,0,0,0,0
0,0,0,0,0,0,0,0,1.4098,0,-0.0086376,-1,-0.99896,0.94218,0.02029,1,0,0,1.6318,-1.4098,0.99515,-0.90259,0.47348,1.0937,0.43207,0,0,0,0,0,0,0,0,0,0,0,0,0,0,0,0,0,0,0,0,0,0,0,0,0,0,0,0,0,0,0,0,0,0,0,0,0,0,0.029945,1.4098,-1,0.99515,0,0,0,0,0,0,0,0,0,0,0,1
0,0,0,0,1.6811,0,-0.99405,-1,0.1109,0.5846,0.84432,1,-0.057389,4.6511e-07,0,1,0,0,1.1569,999,999,999,1.2399,0.18502,0,0.90078,0.1109,4.6511e-07,9999,0,1,878.91,4.248,0.18502,0,0,0,0,0,0,0,0,1,1.6811,0.99986,-0.89642,0,0,0,0,0,10,0.1109,4.6511e-07,9999,1,878.91,4.248,0.18502,1.6811,0.99986,-0.89642,11,0.016685,1.6811,-1,0.99986,-0.89642,-1,-0.057389,-0.74609,0,0,0,0,0,0,0,0
0,0,0,0,0,0,0,0,1.101,0.54683,-0.03462,-1,-0.04593,4.8868e-05,1.235e-06,1,0,0,1.0816,999,999,999,1.5769,0.58379,0.066886,0.38075,0.1229,1.235e-06,9999,0,1,0,30.859,0.066886,0,0,0,0,0,0,0,0,1,1.101,0.98229,-0.54507,0,0,0,0,0,10,0.1229,1.235e-06,9999,1,0,30.859,0.066886,1.101,0.98229,-0.54507,5,0.010199,1.101,-1,0.98229,-0.54507,-1,-0.04593,-0.28195,0,0,0,0,0,0,0,1
0,0,0,0,0,0,0,0,1.0345,0.64867,0.20965,1,0.89086,0.26542,-0.11891,0,0,0,1.3497,1.0345,0.98591,-0.44088,0.25949,1.3366,0.87834,0.82199,0.11687,3.3331e-07,9999,1,-1,1777.3,14.648,0.090539,0,0,0,0,0,0,0,0,1,1.0345,0.98591,-0.73292,0,0,0,0,0,10,0.11687,3.3331e-07,9999,-1,1777.3,14.648,0.090539,1.0345,0.98591,-0.73292,-2,0.0016186,1.0345,1,0.98591,0.89282,1,0.89086,0.63613,0,0,0,0,0,0,0,1
0,0,0,0,0,0,0,0,0.89418,0.84187,-0.78357,-1,-0.13714,-5.282e-06,4.3738e-07,0,0,0,0.94575,999,999,999,1.1115,0.34308,0.17055,0.95644,0.19329,4.3738e-07,9999,1,1,722.66,5.5664,0.17055,0,0,0,0,0,0,0,0,1,999,999,999,0,0,0,0,0,0,0,0,0,0,0,0,0,0,0,0,0,0.019329,0.89418,-1,0.77481,0.55993,-1,-0.13714,-0.56728,0,0,0,0,0,0,0,1
0,0,0,0,1.1173,0.090141,-0.62101,1,0,0,0,0,0.030712,-0.00067628,0,0,1,0.49438,1.3924,999,999,999,1.0685,0.96137,0,0,0,0,0,0,0,0,0,0,0,0,0,0,0,0,0,0,0,0,0,0,0,0,0,0,0,0,0,0,0,0,0,0,0,0,0,0,0,0.010604,1.1173,1,0.87093,0,0,0,0,0,0,0,0,0,0,0,1
0.79295,0.21202,0.40528,1,0,0,0,0,1.4,0.14499,-0.68723,1,-0.86659,0.068286,0.015774,0,0,0,1.6651,999,999,999,0.95193,1.9729,0.77892,0.30527,0.10533,4.3716e-07,9999,1,-1,693.36,5.2246,0.17043,0,0,0,0,0,0,0,0,1,1.4,0.96778,-0.35638,0,0,0,0,0,10,0.10533,4.3716e-07,9999,-1,693.36,5.2246,0.17043,1.4,0.96778,-0.35638,-6,0.013288,1.4,1,0.96778,0.67083,1,0.015774,0.394,0.79295,0.21202,0.40528,1,1,0.0014138,0.86421,0
0,0,0,0,0,0,0,0,0.77557,1.2716,0.2534,1,0.96259,0.092672,0.00040804,3,1,0.49575,1.3581,0.86839,-0.98002,-0.68668,1.1924,0.9527,0.66826,0.29733,0.062849,1.2096e-06,9999,0,-1,0,13.672,0.095622,0,1,0,0,0,0,0,0,1,0.5495,0.41967,-0.4976,0,0,0,0,0,10,0.062849,1.2096e-06,9999,-1,0,13.672,0.095622,0.5495,0.41967,-0.4976,-9,0.015496,0.86839,1,0.98002,0.069114,1,0.96259,0.62507,0,0,0,0,0,0,0,1
0.86522,0.53412,-0.17214,-1,0,0,0,0,0.89479,0.71385,-0.46271,1,0.081644,-0.00035264,-0.0002612,0,0,0,1.1472,999,999,999,1.2914,0.69678,0.78579,0,0,0,0,0,0,0,0,0,0,0,0,0,0,0,0,0,0,0,0,0,0,0,0,0,0,0,0,0,0,0,0,0,0,0,0,0,0,0.0068815,0.89479,1,0.82258,0,0,0,0,0.86522,0.53412,-0.17214,-1,1,0.0088039,0.57294,0
0,0,0,0,0,0,0,0,0.79896,0.44283,-0.66997,1,-0.00018122,0.00013158,-4.3941e-05,2,0,0,1.003,999,999,999,0.92031,1.0227,0.5624,0,0,0,0,0,0,0,0,0,0,0,0,0,0,0,0,0,0,0,0,0,0,0,0,0,0,0,0,0,0,0,0,0,0,0,0,0,0,0,0,0,0,0,0,0,0,0,0,0,0,0,0,0,0
0,0,0,0,0,0,0,0,1.1678,0.21611,-0.53888,-1,-0.99837,0.87047,-0.060944,2,0,0,1.4091,999,999,999,0.50122,0.97678,1.0915,0.93542,0.165,3.8239e-07,9999,1,-1,634.77,4.2969,0.13485,0,0,0,0,0,0,0,0,1,0.82351,0.80389,-0.78628,0,0,0,0,0,10,0.165,3.8239e-07,9999,-1,634.77,4.2969,0.13485,0.82351,0.80389,-0.78628,-21,0.0095453,1.1678,-1,0.99656,-0.78628,1,0.87047,0.67267,0,0,0,0,0,0,0,0
0,0,0,0,0,0,0,0,1.2823,0.27444,-0.84663,1,0.022846,1.9795e-05,0,0,0,0,1.2979,999,999,999,1.2524,0.45885,0,0,0,0,0,0,0,0,0,0,0,0,0,0,0,0,0,0,0,0,0,0,0,0,0,0,0,0,0,0,0,0,0,0,0,0,0,0,0,0.0010295,1.2823,1,0.99603,0,0,0,0,0,0,0,0,0,0,0,0
0,0,0,0,0,0,0,0,0.86461,0.405,0.96203,-1,0.99757,-0.98778,-0.3355,1,0,0,1.3771,999,999,999,0.53242,0.65175,1.4533,0.60535,0.071538,1.295e-06,9999,0,1,0,7.4219,0.13998,0,0,0,0,0,0,0,0,1,0.86461,0.82458,-0.64929,0,0,0,0,0,10,0.071538,1.295e-06,9999,1,0,7.4219,0.13998,0.86461,0.82458,-0.64929,2,0.0029164,0.93753,-1,0.79768,0.86387,-1,-0.98778,-0.72254,0,0,0,0,0,0,0,0
1.0351,0.31745,-0.84623,1,0,0,0,0,0.41431,0.56063,0.45806,-1,0.0040377,0.00018762,-4.0764e-06,1,0,0,1.1137,999,999,999,1.2888,0.2109,0.32331,0.89224,0.11286,3.4314e-07,9999,1,-1,1640.6,11.523,0.10074,0,0,0,0,0,0,0,0,1,1.0351,0.9993,-0.88398,0,0,0,0,0,10,0.11286,3.4314e-07,9999,-1,1640.6,11.523,0.10074,1.0351,0.9993,-0.88398,-2,0.034533,1.0351,1,0.9993,0.98155,1,0.00018762,0.73103,0,0,0,0,0,0,0,1
0,0,0,0,0,0,0,0,0.98667,1.8189,-0.49526,-1,-0.95964,0.95463,0.084213,1,0,0,1.4569,-0.98667,0.99068,-0.77974,0.62681,0.65209,0.67582,0.68551,0.21846,1.1545e-06,9999,1,1,478.52,4.3457,0.32805,0,0,0,0,0,0,0,0,1,0.57466,0.85712,-0.37041,0,0,0,0,0,10,0.21846,1.1545e-06,9999,1,478.52,4.3457,0.32805,0.57466,0.85712,-0.37041,5,0.001389,0.98667,-1,0.99068,-0.29719,1,0.95463,0.0004484,0,0,0,0,0,0,0,1
0,0,0,0,0,0,0,0,0.77966,1.1874,-0.95591,1,0.89453,0.00014218,-2.6687e-05,3,1,0.4958,0.88796,0.77966,-0.9747,-0.38458,0.26532,0.76599,0.57018,0.9241,0.1193,5.203e-07,9999,0,1,541.99,5.127,0.20901,1,0,-0.0012997,0.87989,-0.3999,0.0021062,0.22623,0.88855,1,999,999,999,0,0,0,0,0,10,0.09107,1.3537e-06,9999,-1,0,5.957,0.15353,0.77966,0.9747,-0.52809,-4,0.0080376,0.77966,1,0.9747,0.795,1,0.89453,0.64317,0,0,0,0,0,0,0,1
1.2273,0.11702,0.14133,1,0,0,0,0,0.35717,0.11702,0.046089,1,0.99805,-0.0046268,0.0028796,0,0,0,1.3923,1.2273,0.88301,-0.79648,0.39824,0.96648,0.51213,0.80757,0.12768,1.3853e-06,9999,1,-1,0,7.2266,0.15952,0,0,0,0,0,0,0,0,1,1.2273,0.88301,-0.43632,0,0,0,0,0,10,0.12768,1.3853e-06,9999,-1,0,7.2266,0.15952,1.2273,0.88301,-0.43632,-2,0.0026493,1.2273,1,0.88301,0.14309,1,0.99805,0.56957,0,0,0,0,0,0,0,1
0,0,0,0,0,0,0,0,0.77553,0.25339,0.78822,1,0.96355,0.18344,-0.00014535,0,0,0,1.3797,0.77553,0.95503,-0.36338,1.2503,1.2188,0.84794,0,0,0,0,0,0,0,0,0,0,0,0,0,0,0,0,0,0,0,0,0,0,0,0,0,0,0,0,0,0,0,0,0,0,0,0,0,0,0.0086615,1.0975,-1,0.90463,0,0,0,0,0,0,0,0,0,0,0,1
0,0,0,0,1.751,0,-0.68598,-1,0.84747,1.8549,-0.77196,-1,-0.99583,0.00075313,-0.00010335,0,0,0,1.7224,-0.52895,-0.72949,-0.73054,0.58104,0.36549,0.73566,0.82315,0.19428,5.761e-07,9999,1,1,595.7,4.6875,0.22859,0,0,0,0,0,0,0,0,1,1.751,0.93578,-0.71156,0,0,0,0,0,10,0.19428,5.761e-07,9999,1,595.7,4.6875,0.22859,1.751,0.93578,-0.71156,0,0.0062142,1.751,-1,0.93578,-0.34107,-1,-0.99583,-0.093755,0,0,0,0,0,0,0,0
0,0,0,0,0,0,0,0,0.9486,1.2987,0.3487,-1,0.040203,-0.00093456,-1.2442e-06,0,0,0,1.0036,999,999,999,0.85865,1.0707,0.33648,0.64727,0.22251,1.2442e-06,9999,1,-1,439.45,3.6621,0.33648,0,0,0,0,0,0,0,0,1,999,999,999,0,0,0,0,0,10,0.2359,3.963e-07,9999,1,839.84,6.7383,0.14496,0.9486,0.80243,-0.33144,0,0.017202,0.9486,-1,0.80243,0.81515,1,0.040203,0.001458,0,0,0,0,0,0,0,1
0,0,0,0,0,0,0,0,0.96614,1.1968,-0.8168,-1,-0.99996,-0.96456,0.014323,3,0,0,1.1313,-0.96614,0.9234,-0.75914,0.27031,1.4525,1.0239,0.13028,0.2014,4.2006e-06,9999,0,-1,0,2.1729,0.29951,0,0,0,0,0,0,0,0,1,999,999,999,0,0,0,0,0,0,0,0,0,0,0,0,0,0,0,0,0,0.0041427,0.96614,-1,0.9234,0.55491,1,1.6824e-06,0.00097166,0,0,0,0,0,0,0,1
0,0,0,0,0,0,0,0,1.1194,0.53217,-0.50621,-1,0.99602,-0.25631,-0.079424,2,0,0,1.4197,999,999,999,0.5648,1.1828,1.1633,0.13022,0.13674,1.7066e-06,9999,1,1,0,5.5664,0.19977,0,0,0,0,0,0,0,0,1,1.1194,0.99247,-0.24674,0,0,0,0,0,10,0.13674,1.7066e-06,9999,1,0,5.5664,0.19977,1.1194,0.99247,-0.24674,0,0.0016567,1.1194,-1,0.99247,0.72553,-1,-0.25631,-0.11193,0,0,0,0,0,0,0,0
0,0,0,0,0,0,0,0,1.4594,0.53148,-0.66209,-1,-0.00018794,7.1504e-05,1.1599e-05,0,0,0,1.0124,999,999,999,0.94778,0.79562,0.40741,0,0,0,0,0,0,0,0,0,0,0,0,0,0,0,0,0,0,0,0,0,0,0,0,0,0,0,0,0,0,0,0,0,0,0,0,0,0,0.019186,1.4594,-1,0.91953,0,0,0,0,0,0,0,0,0,0,0,0
0,0,0,0,0,0,0,0,0.34549,0.91289,0.34348,-1,-0.99426,-0.00038326,1.5131e-06,1,0,0,0.38311,999,999,999,0.60687,0.21816,0.24819,0.80426,0.093789,4.1644e-07,9999,1,1,1044.9,6.8359,0.15823,0,0,0,0,0,0,0,0,1,999,999,999,0,0,0,0,0,0,0,0,0,0,0,0,0,0,0,0,0,0,0,0,0,-0.0082177,-1,-0.99426,-0.69531,0,0,0,0,0,0,0,1
0,0,0,0,0,0,0,0,0.83747,1.6573,0.12157,-1,-0.27271,0.00051211,-0.00011256,0,0,0,1.2712,-0.74261,-0.52293,-0.50909,1.3601,0.82471,0.80257,0.30976,0.19554,5.9178e-07,9999,1,1,556.64,4.3457,0.23345,0,0,0,0,0,0,0,0,1,0.83747,0.7594,-0.010175,0,0,0,0,0,10,0.19554,5.9178e-07,9999,1,556.64,4.3457,0.23345,0.83747,0.7594,-0.010175,6,0.026475,0.83747,-1,0.7594,0.68317,-1,-2.3085e-05,-0.0032322,0,0,0,0,0,0,0,0
0.29423,0.17575,-0.25056,-1,0,0,0,0,0.20358,0.33208,0.13992,1,-0.97908,0.00049075,7.2172e-06,1,0,0,0.80076,999,999,999,0.53058,0.8552,0.34303,0.39939,0.094771,1.4303e-06,9999,1,1,0,6.8359,0.16707,0,0,0,0,0,0,0,0,1,999,999,999,0,0,0,0,0,0,0,0,0,0,0,0,0,0,0,0,0,0.015388,0.61484,1,0.71553,0.71638,-1,-0.97908,-0.48813,0.29423,0.17575,-0.25056,-1,1,0.020269,0.70622,0
0,0,0,0,0,0,0,0,0.95132,0.74303,0.78758,1,0.96263,0.030732,0.0063995,0,0,0,1.419,0.95132,0.63468,-0.89084,0.77362,1.3445,0.67651,0.99598,0.20216,9.8785e-07,9999,1,-1,546.88,4.248,0.30941,0,0,0,0,0,0,0,0,1,0.74747,0.83332,-0.86478,0,0,0,0,0,10,0.20216,9.8785e-07,9999,-1,546.88,4.248,0.30941,0.74747,0.83332,-0.86478,-6,0.0011091,0.95132,1,0.63468,-0.86478,1,0.96263,0.73348,0,0,0,0,0,0,0,1
0.59881,1.5214,0.55472,-1,0,0,0,0,1.1526,0.95099,-0.77483,-1,-0.014878,-5.0376e-05,2.0406e-05,2,1,0.49757,1.0671,-0.59881,-0.89205,-0.94179,1.7842,0.58891,0.46209,0,0,0,0,0,0,0,0,0,0,0,0,0,0,0,0,0,0,0,0,0,0,0,0,0,0,0,0,0,0,0,0,0,0,0,0,0,0,0.026304,1.1526,-1,0.73542,0,0,0,0,0.59881,1.5214,0.55472,-1,1,0.01861,0.89205,0
0.58977,1.0352,-0.90164,1,0,0,0,0,0.55789,0.5709,0.075362,1,-0.99977,-0.092855,0.016856,1,0,0,0.78321,999,999,999,0.38443,0.68539,0.60539,0,0,0,0,0,0,0,0,0,0,0,0,0,0,0,0,0,0,0,0,0,0,0,0,0,0,0,0,0,0,0,0,0,0,0,0,0,0,0.043377,0.55789,1,0.56965,0,0,0,0,0.58977,1.0352,-0.90164,1,1,0.0066139,0.84523,1
0,0,0,0,0.43692,1.5027,0.037651,1,0.69671,0.78625,0.47102,1,-0.62627,0.20216,0.01085,0,0,0,1.2538,999,999,999,0.62712,0.707,0.70878,0.41276,0.21848,5.0757e-07,9999,1,1,620.12,4.0039,0.20394,0,0,0,0,0,0,0,0,1,999,999,999,0,0,0,0,0,0,0,0,0,0,0,0,0,0,0,0,0,0.0037468,0.69671,1,0.98755,-0.17848,-1,-0.62627,-0.00073369,0,0,0,0,0,0,0,0
0,0,0,0,1.3684,0.42361,-0.72707,1,0.60969,0.25131,-0.21903,1,0.048719,-0.00026472,0.00014401,1,0,0,0.96557,1.3684,-0.82615,-0.4649,0.98652,0.78995,0.90325,0.25947,0.1981,6.7468e-07,9999,1,-1,683.59,3.8086,0.25567,0,0,0,0,0,0,0,0,1,999,999,999,0,0,0,0,0,0,0,0,0,0,0,0,0,0,0,0,0,0.0079216,1.3684,1,0.82615,0.19543,1,0.00014401,0.0021254,0,0,0,0,0,0,0,1
0,0,0,0,0,0,0,0,1.1717,0,-0.28775,-1,-0.94071,-0.046729,1.1322e-05,0,0,0,1.515,-1.1717,0.7765,-0.69257,0.94233,1.3383,0.4006,0.93199,0.11448,3.2909e-07,9999,1,1,2929.7,15.625,0.085901,0,0,0,0,0,0,0,0,1,1.1717,0.7765,-0.72198,0,0,0,0,0,10,0.11448,3.2909e-07,9999,1,2929.7,15.625,0.085901,1.1717,0.7765,-0.72198,2,0.0089028,1.2425,-1,0.99227,0.92124,-1,-0.94071,-0.79039,0,0,0,0,0,0,0,0
0,0,0,0,0,0,0,0,0.58173,0,-0.86634,1,1.5054e-05,-6.1035e-06,0,0,0,0,0.51252,999,999,999,0.43134,0.35432,0,0,0,0,0,0,0,0,0,0,0,0,0,0,0,0,0,0,0,0,0,0,0,0,0,0,0,0,0,0,0,0,0,0,0,0,0,0,0,0.015563,0.58173,1,0.89267,0,0,0,0,0,0,0,0,0,0,0,0
0,0,0,0,0,0,0,0,1.6753,0,-0.39017,1,-0.047877,0.026927,0.013188,1,0,0,1.2278,999,999,999,1.8018,1.1135,1.0953,0,0,0,0,0,0,0,0,0,0,0,0,0,0,0,0,0,0,0,0,0,0,0,0,0,0,0,0,0,0,0,0,0,0,0,0,0,0,0.019002,1.6753,1,0.94573,0,0,0,0,0,0,0,0,0,0,0,1
0,0,0,0,1.5068,0.76522,-0.97652,-1,0.54225,0.51263,-0.19854,-1,0.076139,-0.00069841,-8.3365e-06,0,0,0,1.1426,999,999,999,0.88044,1.0883,0.49414,0,0,0,0,0,0,0,0,0,0,0,0,0,0,0,0,0,0,0,0,0,0,0,0,0,0,0,0,0,0,0,0,0,0,0,0,0,0,0.0071014,1.5068,-1,0.74334,0,0,0,0,0,0,0,0,0,0,0,0
0,0,0,0,0.82124,0.86116,-0.93035,1,0.94774,0,-0.63712,-1,0.047567,-0.00037774,0,0,0,0,1.1043,999,999,999,1.2846,1.0274,0,0,0,0,0,0,0,0,0,0,0,0,0,0,0,0,0,0,0,0,0,0,0,0,0,0,0,0,0,0,0,0,0,0,0,0,0,0,0,0.0020944,0.94774,-1,0.94657,0,0,0,0,0,0,0,0,0,0,0,0
0,0,0,0,0.97298,0.70711,-0.0051587,1,1.2132,0.82655,-0.45187,1,0.060378,0.025401,0.00019573,2,1,0.5009,1.5173,0.97298,-0.86341,-0.85116,1.649,0.8843,0.86928,0.45971,0.19683,6.4057e-07,9999,1,-1,532.23,3.8574,0.24716,0,0,0,0,0,0,0,0,1,0.97298,0.86341,-0.84145,0,0,0,0,0,10,0.19683,6.4057e-07,9999,-1,532.23,3.8574,0.24716,0.97298,0.86341,-0.84145,-5,0.019146,0.97298,1,0.86341,0.47837,1,0.060378,0.0051546,0,0,0,0,0,0,0,1
0,0,0,0,0,0,0,0,1.4664,0.059815,-0.55287,-1,-0.73942,0.0014844,-8.0514e-05,0,0,0,1.4274,999,999,999,0.71276,0.83199,2.2214,0,0,0,0,0,0,0,0,0,0,0,0,0,0,0,0,0,0,0,0,0,0,0,0,0,0,0,0,0,0,0,0,0,0,0,0,0,0,0.025714,1.4664,-1,0.89022,0,0,0,0,0,0,0,0,0,0,0,0
1.385,0.40613,-0.9121,-1,0,0,0,0,0.3814,0,0.61434,1,-0.00026697,3.6886e-05,-3.0416e-06,1,0,0,1.449,999,999,999,1.6038,0.53647,0.26973,0.94003,0.067571,1.2105e-06,9999,0,1,0,21.289,0.098478,0,0,0,0,0,0,0,0,1,999,999,999,0,0,0,0,0,0,0,0,0,0,0,0,0,0,0,0,0,0.0048365,1.385,-1,0.76971,0.69375,-1,-3.0416e-06,-0.81734,0,0,0,0,0,0,0,0
1.1551,0.35905,0.15023,-1,0,0,0,0,0.34419,0.32222,0.37695,-1,0.051963,-0.0022547,6.6384e-05,0,0,0,1.3288,999,999,999,1.205,1.7958,0.66309,0,0,0,0,0,0,0,0,0,0,0,0,0,0,0,0,0,0,0,0,0,0,0,0,0,0,0,0,0,0,0,0,0,0,0,0,0,0,0.018049,1.1551,-1,0.81447,0,0,0,0,0,0,0,0,0,0,0,0
0,0,0,0,0,0,0,0,0.82502,0.82721,0.78272,-1,-0.95066,0.027878,-0.0006492,1,0,0,1.2074,999,999,999,1.2,0.42846,0.42546,0,0,0,0,0,0,0,0,0,0,0,0,0,0,0,0,0,0,0,0,0,0,0,0,0,0,0,0,0,0,0,0,0,0,0,0,0,0,0.0093288,0.89832,1,0.94126,0,0,0,0,0,0,0,0,0,0,0,1
0,0,0,0,0,0,0,0,0.45671,0.93866,-0.78139,-1,0.99976,-0.99958,0.00057927,2,0,0,0.75979,999,999,999,0.35126,0.41567,0.3755,0.8021,0.2282,1.3826e-06,9999,1,-1,0,4.9316,0.15904,0,0,0,0,0,0,0,0,1,999,999,999,0,0,0,0,0,0,0,0,0,0,0,0,0,0,0,0,0,0,0,0,0,-0.076503,1,0.99976,0.0050972,0,0,0,0,0,0,0,0
0,0,0,0,0,0,0,0,0.42585,0.52989,0.24761,-1,-0.99969,-0.00072384,-2.1279e-05,1,0,0,0.779,999,999,999,0.35981,0.57088,0.35105,0.68721,0.11713,1.4563e-06,9999,1,1,0,5.2246,0.171,1,0,0.62893,-2.9905,3.2505,0.0054064,0.20176,0.23263,1,999,999,999,0,0,0,0,0,0,0,0,0,0,0,0,0,0,0,0,0,0,0,0,0,0.024556,-1,-0.99969,-0.50722,0,0,0,0,0,0,0,0
0,0,0,0,0,0,0,0,1.3806,1.4247,-0.63468,1,-0.027395,0.0062085,-8.8491e-05,0,0,0,1.9481,-0.69932,0.96221,-0.90442,1.1671,1.7401,0.79337,0,0,0,0,0,0,0,0,0,0,0,0,0,0,0,0,0,0,0,0,0,0,0,0,0,0,0,0,0,0,0,0,0,0,0,0,0,0,0.013065,1.3806,1,0.94915,0,0,0,0,0,0,0,0,0,0,0,1
0,0,0,0,0,0,0,0,1.403,0.22577,-0.95931,-1,0.95044,-0.002108,-0.0012792,0,0,0,1.553,999,999,999,0.87475,1.5523,1.0649,0.30632,0.10308,4.2699e-07,9999,1,1,742.19,6.8359,0.16461,0,0,0,0,0,0,0,0,1,999,999,999,0,0,0,0,0,10,0.23243,1.9486e-06,9999,-1,458.98,3.418,0.38165,0.82556,0.40361,-0.80822,-6,0.0058122,1.403,-1,0.81285,-0.80822,1,0.95044,0.0010486,0,0,0,0,0,0,0,1
0,0,0,0,0,0,0,0,0.44598,1.4524,-0.3664,1,0.0001441,8.5413e-05,-6.7599e-05,0,0,0,1.0798,0.60442,-0.95316,-0.90336,0.36987,0.77058,0.66023,0.83807,0.077773,1.3336e-06,9999,1,-1,0,6.7383,0.1493,0,0,0,0,0,0,0,0,1,999,999,999,0,0,0,0,0,0,0,0,0,0,0,0,0,0,0,0,0,0.0030925,0.60442,1,0.95316,0.95409,1,8.5413e-05,0.7398,0,0,0,0,0,0,0,1
0,0,0,0,0,0,0,0,0.99376,0.73412,-0.79157,-1,0.019049,-0.0053477,1.5259e-06,1,0,0,0.99804,999,999,999,1.2881,1.2466,0.35805,0.74835,0.21975,1.5259e-06,9999,1,1,478.52,4.0527,0.35805,0,0,0,0,0,0,0,0,1,999,999,999,0,0,0,0,0,0,0,0,0,0,0,0,0,0,0,0,0,0.0022673,0.99376,-1,0.59523,0.064469,-1,-0.0053477,-0.0050444,0,0,0,0,0,0,0,0
0,0,0,0,0,0,0,0,0.50199,1.5108,-0.71276,1,0.99974,-0.83319,-0.38289,0,0,0,1.3546,0.7373,0.4818,-0.79604,0.36856,0.78695,0.87313,0.29728,0.090648,4.2006e-07,9999,1,1,722.66,6.4453,0.16046,0,0,0,0,0,0,0,0,1,0.82521,0.69947,-0.37885,0,0,0,0,0,10,0.090648,4.2006e-07,9999,1,722.66,6.4453,0.16046,0.82521,0.69947,-0.37885,0,0.00085352,0.82521,-1,0.69947,-0.2255,-1,-0.83319,-0.48728,0,0,0,0,0,0,0,1
0,0,0,0,0.69719,0.99114,-0.63166,-1,1.0781,0.86235,-0.43833,-1,-0.88879,-0.25345,0.00025886,0,0,0,1.2689,999,999,999,1.0702,1.1015,0.88683,0,0,0,0,0,0,0,0,0,0,0,0,0,0,0,0,0,0,0,0,0,0,0,0,0,0,0,0,0,0,0,0,0,0,0,0,0,0,0.012106,1.0781,-1,0.9336,0,0,0,0,0,0,0,0,0,0,0,0
0,0,0,0,0,0,0,0,0.30391,0.27866,0.29199,-1,-8.4571e-05,4.0147e-05,-2.4936e-05,2,0,0,0.90464,999,999,999,0.73049,0.55077,0.48469,0,0,0,0,0,0,0,0,0,0,0,0,0,0,0,0,0,0,0,0,0,0,0,0,0,0,0,0,0,0,0,0,0,0,0,0,0,0,0.0093902,0.74231,1,0.97609,0,0,0,0,0,0,0,0,0,0,0,0
0,0,0,0,1.4707,0.35476,-0.53753,-1,1.2089,0.61123,-0.24997,-1,-0.0054013,0.0026077,-0.00025478,1,0,0,1.5528,-1.4707,0.85197,-0.62167,0.87446,0.51477,2.0705,0.65975,0.13177,4.2679e-07,9999,1,1,664.06,5.9082,0.16449,0,0,0,0,0,0,0,0,1,1.4707,0.85197,-0.4058,0,0,0,0,0,10,0.13177,4.2679e-07,9999,1,664.06,5.9082,0.16449,1.4707,0.85197,-0.4058,2,0.0020125,1.4707,-1,0.85197,0.69528,-1,-0.0054013,-0.3627,0,0,0,0,0,0,0,0
0,0,0,0,0,0,0,0,1.1422,1.1914,-0.87702,-1,-0.97167,0.052066,-4.8827e-06,1,0,0,0.93622,999,999,999,0.83124,0.97218,0.33704,0.16091,0.076802,1.3347e-06,9999,0,-1,0,6.3477,0.14954,0,0,0,0,0,0,0,0,1,0.60107,0.84343,-0.046566,0,0,0,0,0,10,0.076802,1.3347e-06,9999,-1,0,6.3477,0.14954,0.60107,0.84343,-0.046566,-2,0.013806,1.1422,-1,0.9747,-0.046566,1,0.052066,0.55714,0,0,0,0,0,0,0,1
1.4337,0.62256,0.43318,-1,0,0,0,0,1.1314,1.1624,-0.85064,1,0.0032285,-0.00031509,-4.1094e-05,0,0,0,1.7874,0.53502,0.28098,-0.49483,0.94953,0.7532,2.0437,0,0,0,0,0,0,0,0,0,0,0,0,0,0,0,0,0,0,0,0,0,0,0,0,0,0,0,0,0,0,0,0,0,0,0,0,0,0,0.0032631,1.4337,-1,0.90777,0,0,0,0,0,0,0,0,0,0,0,0
0,0,0,0,0,0,0,0,1.4216,1.0728,-0.59934,-1,-0.91512,0.2119,-5.1584e-05,0,1,0.49858,2.216,999,999,999,1.6196,1.9559,0.59586,0,0,0,0,0,0,0,0,0,0,0,0,0,0,0,0,0,0,0,0,0,0,0,0,0,0,0,0,0,0,0,0,0,0,0,0,0,0,0.0046719,1.6311,1,0.99303,0,0,0,0,0,0,0,0,0,0,0,1
0,0,0,0,1.0304,0,-0.85038,-1,0.61852,0.092354,-0.58123,1,0.00015693,-0.00012993,0,0,0,0,0.75273,999,999,999,0.82877,0.67058,0,0,0,0,0,0,0,0,0,0,0,0,0,0,0,0,0,0,0,0,0,0,0,0,0,0,0,0,0,0,0,0,0,0,0,0,0,0,0,0.019607,1.0304,-1,0.88346,0,0,0,0,0,0,0,0,0,0,0,0
0,0,0,0,0,0,0,0,0.90097,0.72002,0.094465,-1,-0.9659,-0.10636,0.00017416,1,0,0,1.245,999,999,999,1.4089,1.1088,0.15894,0,0,0,0,0,0,0,0,0,0,0,0,0,0,0,0,0,0,0,0,0,0,0,0,0,0,0,0,0,0,0,0,0,0,0,0,0,0,0.0071314,0.90097,-1,0.78607,0,0,0,0,0,0,0,0,0,0,0,0
0,0,0,0,0,0,0,0,0.41446,0.11347,0.75875,-1,-0.99965,0.00027192,-5.6324e-05,4,1,0.50115,0.53089,999,999,999,0.34185,0.46287,0.40937,0.35984,0.23356,2.5211e-06,9999,1,1,444.34,3.125,0.28716,0,0,0,0,0,0,0,0,1,999,999,999,0,0,0,0,0,0,0,0,0,0,0,0,0,0,0,0,0,0,0,0,0,-0.17696,-1,-0.99965,-0.00021525,0,0,0,0,0,0,0,0
0,0,0,0,0,0,0,0,0.61788,0.44781,-0.96778,1,0.0025537,-4.1124e-07,0,0,0,0,0.58658,999,999,999,0.57498,0.15495,0,0.28802,0.14886,4.1124e-07,9999,1,-1,781.25,5.3223,0.15495,0,0,0,0,0,0,0,0,1,999,999,999,0,0,0,0,0,0,0,0,0,0,0,0,0,0,0,0,0,0.006509,0.61788,1,0.90107,0.15573,1,0.0025537,0.087847,0,0,0,0,0,0,0,1
1.3216,0.1479,0.62924,1,0,0,0,0,1.4724,1.0795,-0.9212,-1,0.97312,-0.00011861,6.4677e-05,0,0,0,1.3682,1.3216,0.97164,-0.42419,0.64589,0.99142,1.9799,0.98111,0.18371,3.6907e-07,9999,1,-1,1064.5,8.9844,0.12429,0,0,0,0,0,0,0,0,1,1.3216,0.97164,-0.91222,0,0,0,0,0,10,0.18371,3.6907e-07,9999,-1,1064.5,8.9844,0.12429,1.3216,0.97164,-0.91222,-2,0.00031076,1.4724,-1,0.96318,0.20261,1,0.97312,0.7713,0,0,0,0,0,0,0,1
0,0,0,0,0.73905,0.86195,0.11871,1,0.50946,0.63975,0.17213,-1,-0.0096751,0.0007189,0,0,0,0,0.83208,999,999,999,0.77502,0.83608,0,0,0,0,0,0,0,0,0,0,0,0,0,0,0,0,0,0,0,0,0,0,0,0,0,0,0,0,0,0,0,0,0,0,0,0,0,0,0,0.0015682,0.73905,1,0.89532,0,0,0,0,0,0,0,0,0,0,0,1
1.2309,0,0.016626,-1,0,0,0,0,0,0,0,0,-0.037385,0.0077905,0,0,0,0,1.16,999,999,999,1.0034,1.6573,0,0,0,0,0,0,0,0,0,0,0,0,0,0,0,0,0,0,0,0,0,0,0,0,0,0,0,0,0,0,0,0,0,0,0,0,0,0,0,0.0047845,1.2309,-1,0.95078,0,0,0,0,0,0,0,0,0,0,0,0
0,0,0,0,0,0,0,0,0.63221,0.04477,-0.9504,-1,0.00029401,-0.0001824,-7.196e-05,0,0,0,0.86797,999,999,999,0.56436,0.19945,0.66367,0.81456,0.14446,4.4919e-07,9999,0,1,532.23,4.248,0.17695,0,0,0,0,0,0,0,0,1,999,999,999,0,0,0,0,0,0,0,0,0,0,0,0,0,0,0,0,0,0.0041509,0.63221,-1,0.99343,0.64614,1,0.00029401,0.39388,0,0,0,0,0,0,0,1
0,0,0,0,0,0,0,0,0.82121,0.66603,0.17959,1,0.95845,-0.00012021,-1.8465e-05,1,0,0,1.1144,999,999,999,1.0807,0.6112,0.45158,0.96854,0.20841,1.2458e-06,9999,1,1,405.27,3.9551,0.33662,0,0,0,0,0,0,0,0,1,0.71162,0.77992,-0.89556,0,0,0,0,0,10,0.20841,1.2458e-06,9999,1,405.27,3.9551,0.33662,0.71162,0.77992,-0.89556,5,0.0034174,0.82121,1,0.488,0.11014,-1,-0.00012021,-0.47614,0,0,0,0,0,0,0,1
0,0,0,0,0,0,0,0,0.45416,0.74165,0.10164,-1,-0.0082613,-0.0067577,0.00017508,3,1,0.50367,1.1225,999,999,999,0.58052,0.48383,0.14079,0,0,0,0,0,0,0,0,0,0,0,0,0,0,0,0,0,0,0,0,0,0,0,0,0,0,0,0,0,0,0,0,0,0,0,0,0,0,0,0,0,0,0,0,0,0,0,0,0,0,0,0,0,0
0,0,0,0,0,0,0,0,0.45773,0.9475,0.35905,-1,0.99795,-0.75279,-4.9791e-05,3,1,0.50026,0.84678,999,999,999,0.43342,0.80372,0.59058,0.84044,0.12393,1.5074e-06,9999,1,1,0,6.7383,0.17806,0,0,0,0,0,0,0,0,1,999,999,999,0,0,0,0,0,0,0,0,0,0,0,0,0,0,0,0,0,0,0,0,0,-0.59274,-1,-0.75279,-0.6304,0,0,0,0,0,0,0,0
0,0,0,0,0,0,0,0,1.7944,0.1778,-0.98517,-1,-0.93821,0,0,0,1,0.4974,1.7717,999,999,999,1.8723,0,0,0,0,0,0,0,0,0,0,0,0,0,0,0,0,0,0,0,0,0,0,0,0,0,0,0,0,0,0,0,0,0,0,0,0,0,0,0,0,0.0056458,1.7944,-1,0.98463,0,0,0,0,0,0,0,0,0,0,0,0
0,0,0,0,0,0,0,0,0.55711,0.31659,-0.41666,-1,-0.00016018,0.0001019,1.2806e-06,1,0,0,0.82436,999,999,999,0.65353,0.74372,0.13589,0,0,0,0,0,0,0,0,0,0,0,0,0,0,0,0,0,0,0,0,0,0,0,0,0,0,0,0,0,0,0,0,0,0,0,0,0,0,0.010977,0.55711,-1,0.61278,0,0,0,0,0,0,0,0,0,0,0,0
0,0,0,0,0,0,0,0,0.64525,0.85132,0.35013,-1,-0.88329,-7.5032e-05,-6.8231e-05,0,1,0.49973,0.78062,-0.64525,0.89642,-0.26111,0.24831,0.61205,0.67395,0.68138,0.14439,6.4723e-07,9999,0,1,625,4.541,0.24889,0,0,0,0,0,0,0,0,1,0.64525,0.89642,-0.78521,0,0,0,0,0,10,0.14439,6.4723e-07,9999,1,625,4.541,0.24889,0.64525,0.89642,-0.78521,6,0.0086879,0.64525,-1,0.89642,0.072334,-1,-0.88329,-0.27868,0,0,0,0,0,0,0,1
0,0,0,0,1.4775,0,-0.96025,-1,0.44921,0.041028,0.43567,-1,-0.98776,-0.0066111,1.6023e-05,1,0,0,1.4854,-1.4775,-0.9265,-0.50637,0.67424,1.3791,0.43737,0,0,0,0,0,0,0,0,0,0,0,0,0,0,0,0,0,0,0,0,0,0,0,0,0,0,0,0,0,0,0,0,0,0,0,0,0,0,0.01888,1.4775,-1,0.9265,0,0,0,0,0,0,0,0,0,0,0,0
0,0,0,0,0,0,0,0,0.77889,0.97698,-0.6246,-1,-0.95724,-0.32412,0,0,0,0,0.8546,-0.77889,-0.76372,-0.21608,0.52084,0.67969,0,0,0,0,0,0,0,0,0,0,0,0,0,0,0,0,0,0,0,0,0,0,0,0,0,0,0,0,0,0,0,0,0,0,0,0,0,0,0,0.0010107,0.77889,-1,0.76372,0,0,0,0,0,0,0,0,0,0,0,0
0,0,0,0,0,0,0,0,0.47119,0.16615,-0.24809,-1,1.4628e-05,-1.4358e-05,6.0297e-07,1,0,0,0.63936,999,999,999,0.42861,0.42685,0.23678,0,0,0,0,0,0,0,0,0,0,0,0,0,0,0,0,0,0,0,0,0,0,0,0,0,0,0,0,0,0,0,0,0,0,0,0,0,0,0,0,0,0,0,0,0,0,0,0,0,0,0,0,0,1
0,0,0,0,0,0,0,0,1.7437,0.20877,-0.68327,-1,-0.91093,-0.027029,8.7697e-05,0,0,0,1.832,-1.7437,-0.93055,-0.99308,1.151,1.5563,0.62793,0.79422,0.13094,3.7427e-07,9999,1,1,976.56,6.0059,0.12852,0,0,0,0,0,0,0,0,1,1.7437,0.93055,-0.55062,0,0,0,0,0,10,0.13094,3.7427e-07,9999,1,976.56,6.0059,0.12852,1.7437,0.93055,-0.55062,2,0.0038818,1.7437,-1,0.93055,0.62756,-1,-0.91093,-0.53292,0,0,0,0,0,0,0,0
0,0,0,0,0,0,0,0,1.3202,0.86449,0.080437,1,0.99754,0.0021577,-0.00037663,1,0,0,1.4732,1.3202,0.892,-0.56765,0.53281,1.6719,0.62139,0.99851,0.17739,1.3661e-06,9999,1,-1,0,4.7363,0.15596,0,0,0,0,0,0,0,0,1,1.3202,0.892,-0.87989,0,0,0,0,0,10,0.17739,1.3661e-06,9999,-1,0,4.7363,0.15596,1.3202,0.892,-0.87989,-2,0.030777,1.3202,1,0.892,0.88926,1,0.99754,0.86066,0,0,0,0,0,0,0,1
2.3464,0.086984,-0.98918,-1,0,0,0,0,0.67173,0.2063,0.55974,1,0.070256,-0.0001151,0,0,0,0,1.9796,999,999,999,0.97892,1.9152,0,0,0,0,0,0,0,0,0,0,0,0,0,0,0,0,0,0,0,0,0,0,0,0,0,0,0,0,0,0,0,0,0,0,0,0,0,0,0,0.0067591,2.3464,-1,0.98943,0,0,0,0,0,0,0,0,0,0,0,0
0,0,0,0,0.70432,0.86714,-0.40155,1,0.79092,0.99977,-0.19865,-1,0.038902,0.00067988,-4.3768e-05,0,0,0,0.89894,999,999,999,1.0811,0.78208,0.56568,0.98047,0.16989,8.2072e-07,9999,1,1,478.52,3.418,0.28498,0,0,0,0,0,0,0,0,1,0.79092,0.97772,-0.97931,0,0,0,0,0,10,0.16989,8.2072e-07,9999,1,478.52,3.418,0.28498,0.79092,0.97772,-0.97931,5,0.021686,0.79092,-1,0.97772,-0.38179,-1,-1.2422e-05,-0.82066,0,0,0,0,0,0,0,1
0,0,0,0,0,0,0,0,0.7638,0.18006,-0.37949,1,-0.00028567,7.3969e-05,-1.5365e-06,1,0,0,0.71358,999,999,999,0.29545,0.6735,0.24939,0.84733,0.24809,1.5365e-06,9999,1,-1,576.17,3.8574,0.24939,0,0,0,0,0,0,0,0,1,0.7638,0.77307,-0.40427,0,0,0,0,0,10,0.24809,1.5365e-06,9999,-1,576.17,3.8574,0.24939,0.7638,0.77307,-0.40427,-4,0.0077694,0.7638,1,0.77307,-0.40427,1,7.3969e-05,0.0019338,0,0,0,0,0,0,0,0
0,0,0,0,0,0,0,0,0.70284,0.17109,-0.95626,1,-0.99997,0.0010299,1.6457e-06,1,0,0,0.34844,999,999,999,0.27742,0.42898,0.19388,0.84602,0.098963,1.6457e-06,9999,0,1,0,5.6641,0.19388,0,0,0,0,0,0,0,0,1,999,999,999,0,0,0,0,0,0,0,0,0,0,0,0,0,0,0,0,0,0.0080911,0.70284,1,0.83124,-0.45134,-1,-0.99997,-0.70897,0,0,0,0,0,0,0,0
0,0,0,0,0,0,0,0,0.19085,1.9073,-0.98828,1,0.98055,-0.3693,-4.8808e-06,1,0,0,0.89427,999,999,999,0.66482,0.98543,0.33701,0.97648,0.092458,3.3355e-07,9999,0,1,356.45,3.1738,0.090792,1,0,0.94422,0.21632,-1.9614,0.37307,0.015735,0.10931,1,0.63498,0.78038,-0.87667,0,0,0,0,0,10,0.092458,3.3355e-07,9999,1,356.45,3.1738,0.090792,0.63498,0.78038,-0.87667,21,0.017577,0.63498,-1,0.78038,-0.87667,-1,-0.3693,-0.86774,0,0,0,0,0,0,0,1
0,0,0,0,1.4158,0.098457,-0.6933,1,0.76634,0.2063,-0.5563,1,0.23105,0.051825,-5.6908e-06,1,0,0,1.1644,0.76634,-0.59497,-0.1112,2.2784,1.0203,0.34886,0.97265,0.093925,3.4582e-07,9999,0,-1,3671.9,12.695,0.10339,0,0,0,0,0,0,0,0,1,1.4158,0.82531,-0.71215,0,0,0,0,0,10,0.093925,3.4582e-07,9999,-1,3671.9,12.695,0.10339,1.4158,0.82531,-0.71215,-2,0.0018557,1.4158,1,0.82531,-0.71215,1,0.23105,0.86218,0,0,0,0,0,0,0,1
0,0,0,0,0,0,0,0,0.51214,0.38339,0.94187,-1,-4.3189e-05,-2.1262e-05,1.8974e-06,2,0,0,0.46322,999,999,999,0.56322,0.46654,0.37918,0,0,0,0,0,0,0,0,0,0,0,0,0,0,0,0,0,0,0,0,0,0,0,0,0,0,0,0,0,0,0,0,0,0,0,0,0,0,0.022601,0.51214,-1,0.99973,0,0,0,0,0,0,0,0,0,0,0,1
0,0,0,0,0,0,0,0,1.1892,1.0433,-0.59355,1,-0.9806,0.013506,1.2098e-06,1,0,0,1.1875,999,999,999,0.76417,1.0001,0.088878,0.57145,0.18127,1.2098e-06,9999,0,1,0,4.0527,0.088878,0,0,0,0,0,0,0,0,1,999,999,999,0,0,0,0,0,0,0,0,0,0,0,0,0,0,0,0,0,0.015659,1.1892,1,0.99799,0.22886,-1,-0.9806,-0.026411,0,0,0,0,0,0,0,1
0,0,0,0,0,0,0,0,0.61063,0.31639,-0.66827,-1,0.30919,8.9461e-06,-1.7616e-06,0,0,0,0.61617,999,999,999,0.71647,0.38515,0.37217,0,0,0,0,0,0,0,0,0,0,0,0,0,0,0,0,0,0,0,0,0,0,0,0,0,0,0,0,0,0,0,0,0,0,0,0,0,0,0.055558,0.61063,-1,0.93339,0,0,0,0,0,0,0,0,0,0,0,1
0,0,0,0,0,0,0,0,1.2657,1.2571,-0.39299,1,0.9152,-0.66315,-3.56e-05,1,0,0,1.7972,999,999,999,1.2114,1.6055,0.53166,0.64454,0.087409,4.0597e-07,9999,0,1,644.53,6.0547,0.15152,0,0,0,0,0,0,0,0,1,999,999,999,0,0,0,0,0,10,0.22205,6.741e-07,9999,1,527.34,3.9551,0.25553,1.2186,0.99961,-0.25962,5,0.011222,1.2657,1,0.98225,0.64636,-1,-0.66315,-0.6613,0,0,0,0,0,0,0,0
0,0,0,0,0,0,0,0,0.9041,0.474,-0.60769,-1,-0.97445,0.96523,0.00043263,0,0,0,1.1863,999,999,999,0.936,0.76279,0.34569,0.85175,0.14452,5.0707e-07,9999,0,-1,615.23,4.9805,0.20374,0,0,0,0,0,0,0,0,1,1.0361,0.83194,-0.75218,0,0,0,0,0,10,0.082955,1.3074e-06,9999,-1,0,4.5898,0.14319,1.0361,0.83194,-0.095927,-14,0.02745,1.0361,1,0.83194,-0.095927,1,0.96523,0.53147,0,0,0,0,0,0,0,0
0,0,0,0,0,0,0,0,0.30899,1.2073,-0.999,-1,-2.4056e-05,7.199e-06,-5.904e-07,0,0,0,0.41638,999,999,999,0.48047,0.3674,0.23303,0,0,0,0,0,0,0,0,0,0,0,0,0,0,0,0,0,0,0,0,0,0,0,0,0,0,0,0,0,0,0,0,0,0,0,0,0,0,0,0,0,0,0,0,0,0,0,0,0,0,0,0,0,0
0.77214,0,0.18457,-1,0,0,0,0,0.72848,0,-0.34566,1,0.4924,-0.23007,0,0,0,0,0.72272,999,999,999,1.2246,0.58696,0,0,0,0,0,0,0,0,0,0,0,0,0,0,0,0,0,0,0,0,0,0,0,0,0,0,0,0,0,0,0,0,0,0,0,0,0,0,0,0.0070577,0.77214,-1,0.9649,0,0,0,0,0.77214,0,0.18457,-1,1,0.0070577,0.9649,0
0,0,0,0,0,0,0,0,0.64782,1.7538,-0.92595,1,-0.99947,-0.03929,0.0032653,1,0,0,1.2777,-0.79424,0.98847,-0.65986,0.42816,1.0217,1.0275,0,0,0,0,0,0,0,0,0,0,0,0,0,0,0,0,0,0,0,0,0,0,0,0,0,0,0,0,0,0,0,0,0,0,0,0,0,0,0.013323,0.79424,-1,0.98847,0,0,0,0,0,0,0,0,0,0,0,0
0,0,0,0,0,0,0,0,1.3591,0.53918,-0.080594,1,0.96698,-0.016248,3.5786e-05,1,0,0,1.4592,0.53055,0.20798,-0.51758,2.0342,0.73711,0.53265,0,0,0,0,0,0,0,0,0,0,0,0,0,0,0,0,0,0,0,0,0,0,0,0,0,0,0,0,0,0,0,0,0,0,0,0,0,0,0.014177,1.3591,1,0.72411,0,0,0,0,0,0,0,0,0,0,0,0
0,0,0,0,0,0,0,0,0.6481,0.78009,0.22158,-1,-0.0081003,-1.0737e-05,-2.7028e-06,1,0,0,0.71487,999,999,999,0.85607,0.40065,0.29239,0.90074,0.11763,3.6499e-07,9999,1,1,1084,10.156,0.12086,0,0,0,0,0,0,0,0,1,999,999,999,0,0,0,0,0,0,0,0,0,0,0,0,0,0,0,0,0,0.00048677,0.6481,-1,0.9116,0.76013,-1,-0.0081003,-0.73495,0,0,0,0,0,0,0,1
0,0,0,0,0,0,0,0,1.4975,1.2048,-0.52996,1,-0.99997,-0.58233,0.056035,0,0,0,2.1604,999,999,999,0.27703,1.765,1.6599,0.66517,0.22917,4.2285e-07,9999,0,-1,839.84,9.7656,0.16215,0,0,0,0,0,0,0,0,1,999,999,999,0,0,0,0,0,10,0.22763,0.99997,9999,-1,1894.5,16.602,0.27703,1.4975,0.97795,-0.81479,-3,0.0091405,1.47,-1,0.99637,0.729,1,0.056035,0.00093049,0,0,0,0,0,0,0,0
0.87217,0.57205,-0.3499,-1,0,0,0,0,1.0247,0.23236,-0.46754,1,-0.50683,0.05702,-0.039031,0,0,0,1.3618,999,999,999,0.53971,1.0913,0.99167,0,0,0,0,0,0,0,0,0,0,0,0,0,0,0,0,0,0,0,0,0,0,0,0,0,0,0,0,0,0,0,0,0,0,0,0,0,0,0.0014018,1.0247,1,0.94817,0,0,0,0,0.87217,0.57205,-0.3499,-1,1,0.0096529,0.86034,0
0,0,0,0,0,0,0,0,0.218,0.24772,0.98733,1,-0.00018495,6.7858e-05,-6.8053e-06,1,0,0,0.85965,999,999,999,0.47521,0.66923,0.36291,0.44097,0.218,1.0058e-06,9999,1,1,502.93,5.1758,0.31164,0,0,0,0,0,0,0,0,1,0.59633,0.89356,-0.0088012,0,0,0,0,0,10,0.218,1.0058e-06,9999,1,502.93,5.1758,0.31164,0.59633,0.89356,-0.0088012,0,0.00017206,0.58304,1,0.92074,-0.0088012,-1,-0.00018495,-0.00083054,0,0,0,0,0,0,0,0
0,0,0,0,1.3704,0,-0.39494,-1,0.15433,0.52625,-0.91872,1,-0.043761,-5.5793e-06,5.5888e-07,1,0,0,1.3344,999,999,999,1.3581,0.46622,0.22295,0.29403,0.15433,5.5888e-07,9999,0,1,478.52,3.6133,0.22295,0,0,0,0,0,0,0,0,1,999,999,999,0,0,0,0,0,0,0,0,0,0,0,0,0,0,0,0,0,0.010381,1.3704,-1,0.91956,0.76995,-1,-5.5793e-06,-0.065231,0,0,0,0,0,0,0,0
0,0,0,0,0,0,0,0,0.96141,0.1434,-0.49001,-1,0.99957,-0.94097,-0.047968,0,0,0,1.1327,999,999,999,0.34633,0.79503,0.98167,0.2541,0.21218,5.9614e-07,9999,1,1,522.46,4.0039,0.23476,0,0,0,0,0,0,0,0,1,0.96141,0.85274,-0.18671,0,0,0,0,0,10,0.21218,5.9614e-07,9999,1,522.46,4.0039,0.23476,0.96141,0.85274,-0.18671,8,0.0019165,0.96141,-1,0.85274,-0.18671,-1,-0.94097,-0.00070833,0,0,0,0,0,0,0,0
0.97418,0.28065,0.63073,1,0,0,0,0,1.2882,0.56914,-0.83851,1,0.96497,0.092604,4.7582e-06,0,0,0,1.614,0.97418,-0.97989,-0.80685,1.4458,0.93789,0.33507,0.95962,0.098576,4.1706e-07,9999,1,-1,859.38,7.1289,0.15861,0,0,0,0,0,0,0,0,1,0.97418,0.97989,-0.9646,0,0,0,0,0,10,0.098576,4.1706e-07,9999,-1,859.38,7.1289,0.15861,0.97418,0.97989,-0.9646,-0,0.013916,1.2882,1,0.87617,0.91236,1,0.96497,0.84232,0.97418,0.28065,0.63073,1,1,0.007382,0.97989,1
0,0,0,0,0,0,0,0,0.67337,1.099,-0.96273,1,-0.99944,0.97321,-0.0001441,1,0,0,0.84044,-0.59357,0.63057,-0.89649,0.43153,0.45224,0.85554,0.22023,0.17854,9.3879e-07,9999,1,1,483.4,2.9541,0.30297,0,0,0,0,0,0,0,0,1,999,999,999,0,0,0,0,0,0,0,0,0,0,0,0,0,0,0,0,0,0.0071279,0.67337,1,0.83411,-0.34745,-1,-0.99944,-0.0085922,0,0,0,0,0,0,0,1
0,0,0,0,0,0,0,0,2.0933,0.46635,-0.98992,1,0.00057356,0.00026099,-3.65e-05,0,0,0,2.2212,2.0933,-0.99254,-0.5932,0.8863,2.4721,0.49873,0,0,0,0,0,0,0,0,0,0,0,0,0,0,0,0,0,0,0,0,0,0,0,0,0,0,0,0,0,0,0,0,0,0,0,0,0,0,0.0047709,2.0933,1,0.99254,0,0,0,0,0,0,0,0,0,0,0,1
0,0,0,0,0,0,0,0,0.6158,0.22657,0.42522,-1,0.99412,-0.037594,-0.00018638,2,0,0,1.2477,999,999,999,0.62161,1.5023,0.63217,0.96325,0.17848,1.211e-06,9999,0,-1,0,15.234,0.099564,0,0,0,0,0,0,0,0,1,999,999,999,0,0,0,0,0,10,0.19927,9.5265e-07,9999,-1,673.83,6.0059,0.30484,0.92643,0.78313,-0.13257,-0,0.009233,0.98975,-1,0.99028,0.87348,1,0.99412,0.717,0,0,0,0,0,0,0,1
0,0,0,0,0,0,0,0,0.92195,0.76663,-0.88905,1,0.00043795,9.2944e-05,2.6891e-05,2,1,0.50061,1.1531,0.92195,-0.97609,-0.41675,0.64491,0.8937,0.49383,0.74823,0.076782,1.2154e-06,9999,1,-1,0,14.648,0.10542,0,0,0,0,0,0,0,0,1,0.92195,0.97609,-0.87355,0,0,0,0,0,10,0.076782,1.2154e-06,9999,-1,0,14.648,0.10542,0.92195,0.97609,-0.87355,-0,0.013913,0.92195,1,0.97609,0.43879,1,0.00043795,0.72304,0,0,0,0,0,0,0,0
0,0,0,0,0,0,0,0,0.43467,1.0129,-0.80921,-1,-0.99998,0.98322,-2.3323e-05,2,0,0,0.88903,-0.5107,0.21677,-0.040881,0.25186,0.70551,0.4769,0.93191,0.090589,1.336e-06,9999,1,1,0,5.8594,0.14982,0,0,0,0,0,0,0,0,1,999,999,999,0,0,0,0,0,0,0,0,0,0,0,0,0,0,0,0,0,0.013343,0.84733,1,0.97594,-0.78198,-1,-0.99998,-0.80451,0,0,0,0,0,0,0,0
1.8236,0,-0.89215,-1,0,0,0,0,0.89038,0.35647,0.73492,1,-0.99894,0.14886,-8.5903e-05,0,0,0,1.9565,-1.8236,0.99148,-0.23992,0.47152,1.378,1.9901,0.81633,0.076735,1.2093e-06,9999,1,1,0,12.305,0.09185,0,0,0,0,0,0,0,0,1,1.8236,0.99148,-0.74092,0,0,0,0,0,10,0.076735,1.2093e-06,9999,1,0,12.305,0.09185,1.8236,0.99148,-0.74092,2,0.0068997,1.8236,-1,0.99148,0.401,-1,-0.99894,-0.73433,0,0,0,0,0,0,0,0
0,0,0,0,0,0,0,0,0.7269,0.71606,0.038226,-1,-0.12969,-0.037696,0.0046253,0,0,0,1.4555,-0.7269,0.64819,-0.94947,0.65506,0.66636,0.97077,0,0,0,0,0,0,0,0,0,0,0,0,0,0,0,0,0,0,0,0,0,0,0,0,0,0,0,0,0,0,0,0,0,0,0,0,0,0,0.00857,0.9625,-1,0.77109,0,0,0,0,0,0,0,0,0,0,0,0
0,0,0,0,0,0,0,0,0.96422,1.0663,0.47137,1,-0.98141,0.0049886,0.0006709,1,0,0,1.2026,999,999,999,0.74135,1.4493,0.63479,0.83474,0.21864,3.6842e-07,9999,1,1,1103.5,8.8867,0.12375,0,0,0,0,0,0,0,0,1,999,999,999,0,0,0,0,0,0,0,0,0,0,0,0,0,0,0,0,0,0.00068477,0.99547,-1,0.95553,0.84681,-1,-0.98141,-0.020037,0,0,0,0,0,0,0,0
0,0,0,0,0,0,0,0,0.25922,1.1384,-0.89428,1,0.99799,-1.5387e-05,2.7452e-06,0,0,0,0.52599,999,999,999,0.39929,0.43344,0.29356,0,0,0,0,0,0,0,0,0,0,0,0,0,0,0,0,0,0,0,0,0,0,0,0,0,0,0,0,0,0,0,0,0,0,0,0,0,0,0,0,0,0,0,0,0,0,0,0,0,0,0,0,0,1
0,0,0,0,0,0,0,0,0.58553,0.2068,-0.34326,1,-1.1746e-05,6.9058e-06,5.6499e-07,0,0,0,0.40709,999,999,999,0.40853,0.36408,0.22499,0,0,0,0,0,0,0,0,0,0,0,0,0,0,0,0,0,0,0,0,0,0,0,0,0,0,0,0,0,0,0,0,0,0,0,0,0,0,0.016279,0.58553,1,0.87179,0,0,0,0,0,0,0,0,0,0,0,0
0,0,0,0,0,0,0,0,1.254,0.9677,-0.27918,1,-0.14008,0.0093403,-0.0030884,1,0,0,1.6454,999,999,999,0.79423,0.9929,0.93876,0.88419,0.063864,1.2093e-06,9999,1,1,0,22.07,0.093683,0,0,0,0,0,0,0,0,1,0.58168,0.72237,-0.52839,0,0,0,0,0,10,0.063864,1.2093e-06,9999,1,0,22.07,0.093683,0.58168,0.72237,-0.52839,2,0.0084828,1.254,1,0.75526,-0.52839,-1,-0.14008,-0.77318,0,0,0,0,0,0,0,0
0,0,0,0,0,0,0,0,1.8346,0.29569,-0.65296,-1,-0.064792,0.041021,0,0,0,0,1.6981,999,999,999,1.3806,1.9521,0,0,0,0,0,0,0,0,0,0,0,0,0,0,0,0,0,0,0,0,0,0,0,0,0,0,0,0,0,0,0,0,0,0,0,0,0,0,0,0.0067653,1.8346,-1,0.9795,0,0,0,0,0,0,0,0,0,0,0,0
0,0,0,0,0,0,0,0,0.59524,0.70207,-0.46991,-1,0.0487,-6.9666e-05,-6.5381e-05,1,0,0,0.81259,999,999,999,1.0518,0.6362,0.65734,0.97974,0.23983,6.1336e-06,9999,1,1,478.52,4.1504,0.35471,0,0,0,0,0,0,0,0,1,0.50272,0.83288,-0.71536,0,0,0,0,0,10,0.23983,6.1336e-06,9999,1,478.52,4.1504,0.35471,0.50272,0.83288,-0.71536,0,0.023692,0.50272,-1,0.83288,0.64789,-1,-6.9666e-05,-0.1487,0,0,0,0,0,0,0,1
0,0,0,0,0,0,0,0,0.70771,0.2184,-0.067429,-1,0.99436,-0.22712,-0.00030923,1,1,0.50083,0.74392,999,999,999,0.4361,1.1508,0.60993,0.22502,0.064079,1.2368e-06,9999,0,-1,0,7.3242,0.11969,0,0,0,0,0,0,0,0,1,999,999,999,0,0,0,0,0,0,0,0,0,0,0,0,0,0,0,0,0,0.010045,0.70771,-1,0.92458,0.70661,1,0.99436,0.60967,0,0,0,0,0,0,0,1
0,0,0,0,0,0,0,0,1.2854,0.27671,-0.1332,-1,-0.96129,-2.9676e-05,7.7248e-07,0,0,0,1.3539,-0.68194,-0.81916,-0.81779,1.6891,0.50638,0.27635,0.38086,0.15884,4.7174e-07,9999,1,-1,595.7,5.5176,0.1882,0,0,0,0,0,0,0,0,1,999,999,999,0,0,0,0,0,0,0,0,0,0,0,0,0,0,0,0,0,0.016106,1.2854,-1,0.8638,0,0,0,0,0,0,0,0,0,0,0,0
0,0,0,0,0,0,0,0,0.97408,1.5904,-0.5682,-1,-0.00011141,1.9371e-05,-6.9561e-07,0,0,0,1.0516,999,999,999,0.8651,0.45656,0.26052,0.9594,0.21423,4.8779e-07,9999,0,1,634.77,4.834,0.19555,0,0,0,0,0,0,0,0,1,999,999,999,0,0,0,0,0,10,0.15369,4.9267e-07,9999,1,571.29,4.8828,0.19768,0.97408,0.81055,-0.12357,6,0.01098,0.97408,-1,0.81055,0.84758,-1,-0.00011141,-0.33551,0,0,0,0,0,0,0,1
0,0,0,0,0,0,0,0,0.97388,1.2195,0.15283,1,0.075646,-4.0468e-05,-2.138e-05,1,1,0.49594,0.79692,999,999,999,1.5076,0.55194,0.46715,0,0,0,0,0,0,0,0,0,0,0,0,0,0,0,0,0,0,0,0,0,0,0,0,0,0,0,0,0,0,0,0,0,0,0,0,0,0,0.014705,0.97388,1,0.8665,0,0,0,0,0,0,0,0,0,0,0,0
0,0,0,0,1.8534,0,-0.94208,-1,0.4401,0.89169,0.98318,-1,-8.6462e-05,-4.0633e-06,-3.915e-06,2,1,0.49695,1.6029,999,999,999,2.7084,0.32306,0.32025,0.4528,0.23989,6.5598e-07,9999,1,1,532.23,4.0527,0.2511,0,0,0,0,0,0,0,0,1,1.8534,0.99405,-0.41617,0,0,0,0,0,10,0.23989,6.5598e-07,9999,1,532.23,4.0527,0.2511,1.8534,0.99405,-0.41617,5,0.0088474,1.8534,-1,0.99405,0.42514,-1,-3.915e-06,-0.00016351,0,0,0,0,0,0,0,0
0,0,0,0,0,0,0,0,0.22472,0.83873,0.58566,1,0.00017866,-7.2555e-06,7.1685e-06,4,1,0.4989,0.51436,999,999,999,0.18846,0.36803,0.36706,0.39091,0.15936,6.4932e-07,9999,1,-1,566.41,4.1504,0.24942,0,0,0,0,0,0,0,0,1,999,999,999,0,0,0,0,0,0,0,0,0,0,0,0,0,0,0,0,0,0,0,0,0,0.60911,1,7.1685e-06,0.062547,0,0,0,0,0,0,0,1
0,0,0,0,0,0,0,0,1.1217,0.7822,-0.78244,-1,-0.00078213,1.8582e-05,1.7018e-05,0,0,0,0.98021,999,999,999,1.6779,0.54789,0.44331,0.51774,0.16273,5.9059e-07,9999,1,-1,517.58,3.418,0.23309,0,0,0,0,0,0,0,0,1,0.61549,0.98867,-0.41127,0,0,0,0,0,10,0.16273,5.9059e-07,9999,-1,517.58,3.418,0.23309,0.61549,0.98867,-0.41127,-14,0.0046519,1.1217,-1,0.94631,-0.27867,1,1.8582e-05,0.070034,0,0,0,0,0,0,0,0
1.6085,0.034348,-0.87757,1,0,0,0,0,0.6797,0,0.48924,-1,0.99812,0.00013381,-4.7044e-05,0,0,0,1.6902,999,999,999,0.51203,2.1973,0.61002,0,0,0,0,0,0,0,0,0,0,0,0,0,0,0,0,0,0,0,0,0,0,0,0,0,0,0,0,0,0,0,0,0,0,0,0,0,0,0.0036336,1.6085,1,0.84764,0,0,0,0,0,0,0,0,0,0,0,1
0,0,0,0,0,0,0,0,0.49668,0.60304,0.75706,1,-0.9933,0.39007,0.00026409,0,0,0,0.9351,999,999,999,0.64287,0.78639,0.84661,0.27869,0.080155,3.5666e-07,9999,1,1,878.91,3.5156,0.11356,0,0,0,0,0,0,0,0,1,0.5782,0.77219,-0.82107,0,0,0,0,0,10,0.080155,3.5666e-07,9999,1,878.91,3.5156,0.11356,0.5782,0.77219,-0.82107,21,0.00051255,0.5782,-1,0.77219,-0.82107,-1,-0.9933,-0.54205,0,0,0,0,0,0,0,0
0,0,0,0,0,0,0,0,1.8842,0,-0.9427,1,0.00074629,-4.4458e-05,0,0,0,0,1.8477,999,999,999,2.5476,0.56852,0,0,0,0,0,0,0,0,0,0,0,0,0,0,0,0,0,0,0,0,0,0,0,0,0,0,0,0,0,0,0,0,0,0,0,0,0,0,0,0.012062,1.8842,1,0.99223,0,0,0,0,0,0,0,0,0,0,0,1
0.48141,0.8609,-0.79618,1,0,0,0,0,1.3251,0.14789,-0.239,-1,-0.96519,-0.0021169,-2.3144e-05,0,0,0,1.099,999,999,999,1.0012,0.5449,0.47598,0,0,0,0,0,0,0,0,0,0,0,0,0,0,0,0,0,0,0,0,0,0,0,0,0,0,0,0,0,0,0,0,0,0,0,0,0,0,0.012239,1.3251,-1,0.9726,0,0,0,0,0.36451,0.49638,0.40564,-1,2,0.00039506,0.35301,0
0,0,0,0,0,0,0,0,1.7157,0.47234,-0.089613,-1,-0.032631,4.8449e-07,0,0,0,0,1.3917,999,999,999,1.401,0.19408,0,0,0,0,0,0,0,0,0,0,0,0,0,0,0,0,0,0,0,0,0,0,0,0,0,0,0,0,0,0,0,0,0,0,0,0,0,0,0,0.0024218,1.7157,-1,0.99352,0,0,0,0,0,0,0,0,0,0,0,0
0,0,0,0,0,0,0,0,0.47273,0.91266,0.29583,1,-0.99242,0.00011864,7.6658e-05,0,0,0,0.81203,999,999,999,0.64715,0.66811,0.70007,0.33523,0.18448,7.8079e-07,9999,1,-1,556.64,3.7598,0.2779,0,0,0,0,0,0,0,0,1,999,999,999,0,0,0,0,0,0,0,0,0,0,0,0,0,0,0,0,0,0,0,0,0,0.49607,1,2.391e-05,0.0088105,0,0,0,0,0,0,0,0
0,0,0,0,0,0,0,0,0.52551,0.81006,-0.89464,1,4.7379e-06,-1.2976e-06,-4.4021e-07,1,1,0.49994,0.29137,999,999,999,0.33474,0.14066,0.17212,0.89875,0.077011,1.2976e-06,9999,0,-1,0,9.5703,0.14066,0,1,0,0,0,0,0,0,1,0.52551,0.75111,-0.46853,0,0,0,0,0,10,0.077011,1.2976e-06,9999,-1,0,9.5703,0.14066,0.52551,0.75111,-0.46853,-0,0.027995,0.52551,1,0.75111,-0.46853,1,4.7379e-06,0.77588,0,0,0,0,0,0,0,1
0,0,0,0,0,0,0,0,0.3692,1.4403,-0.42789,1,-0.00058032,7.0488e-05,1.5799e-05,0,0,0,0.83048,999,999,999,0.66345,0.66029,0.43598,0.78577,0.24811,5.4854e-07,9999,1,-1,610.35,3.8574,0.2194,0,0,0,0,0,0,0,0,1,999,999,999,0,0,0,0,0,0,0,0,0,0,0,0,0,0,0,0,0,0.022793,0.52132,-1,0.92879,0.85142,1,1.5799e-05,0.00065511,0,0,0,0,0,0,0,1
0,0,0,0,0,0,0,0,0.82661,0.62788,-0.31329,-1,-0.063371,0.0071132,0.0020341,1,0,0,1.1902,999,999,999,1.1305,0.99168,0.54489,0,0,0,0,0,0,0,0,0,0,0,0,0,0,0,0,0,0,0,0,0,0,0,0,0,0,0,0,0,0,0,0,0,0,0,0,0,0,0.011394,0.82661,-1,0.80873,0,0,0,0,0,0,0,0,0,0,0,0
0,0,0,0,0,0,0,0,1.0024,0.55261,-0.86453,-1,0.090673,-0.00605,1.9662e-05,1,0,0,0.54339,0.65001,-0.97847,-0.97146,1.014,0.61161,0.45813,0,0,0,0,0,0,0,0,0,0,0,0,0,0,0,0,0,0,0,0,0,0,0,0,0,0,0,0,0,0,0,0,0,0,0,0,0,0,0.014415,1.0024,-1,0.91275,0,0,0,0,0,0,0,0,0,0,0,1
0,0,0,0,0,0,0,0,0.72444,0.13885,-0.62717,-1,-0.95347,-0.91065,6.7124e-05,2,0,0,0.93411,-0.72444,0.90987,-0.32759,0.84372,0.98444,0.63227,0,0,0,0,0,0,0,0,0,0,0,0,0,0,0,0,0,0,0,0,0,0,0,0,0,0,0,0,0,0,0,0,0,0,0,0,0,0,0.0014072,0.54164,-1,0.6146,0,0,0,0,0,0,0,0,0,0,0,0
0,0,0,0,0,0,0,0,2.0077,0.29659,-0.98316,-1,0.076446,-0.025385,3.5501e-07,1,0,0,2.1655,999,999,999,1.8698,1.8716,0.11207,0.922,0.058311,3.5501e-07,9999,0,1,468.75,6.1035,0.11207,0,0,0,0,0,0,0,0,1,2.0077,0.99716,-0.89028,0,0,0,0,0,10,0.058311,3.5501e-07,9999,1,468.75,6.1035,0.11207,2.0077,0.99716,-0.89028,2,0.0017796,2.0077,-1,0.99716,-0.89028,-1,-0.025385,-0.8006,0,0,0,0,0,0,0,0
0,0,0,0,0,0,0,0,0.4999,0.1349,0.18578,1,0.010283,2.754e-05,-5.4413e-07,2,1,0.49511,0.63939,999,999,999,0.57575,0.4968,0.21785,0.89351,0.20243,4.9477e-07,9999,1,-1,571.29,4.9316,0.19859,0,0,0,0,0,0,0,0,1,999,999,999,0,0,0,0,0,0,0,0,0,0,0,0,0,0,0,0,0,0,0,0,0,0.76583,1,2.754e-05,0.16882,0,0,0,0,0,0,0,1
0,0,0,0,0,0,0,0,1.1088,1.1042,-0.56759,1,0.024087,-0.0042435,-0.00064353,4,1,0.49759,1.4245,999,999,999,1.3517,0.78499,0.39855,0.99348,0.21902,9.7922e-07,9999,0,1,532.23,4.1016,0.30832,0,0,0,0,0,0,0,0,1,999,999,999,0,0,0,0,0,10,0.087753,1.3089e-06,9999,-1,0,40.234,0.043041,1.1088,0.93263,-0.40153,-0,0.02244,0.50155,-1,0.67158,0.99622,-1,-8.759e-05,-0.53003,0,0,0,0,0,0,0,1
0,0,0,0,0,0,0,0,1.3374,0.053995,-0.03357,-1,-0.78214,-0.57951,8.053e-05,1,0,0,1.456,-1.3374,-0.75889,-0.64255,0.72944,1.8939,0.68842,0.80588,0.23192,2.5986e-06,9999,0,1,644.53,5.8594,0.28944,0,0,0,0,0,0,0,0,1,1.3374,0.75889,-0.40395,0,0,0,0,0,10,0.23192,2.5986e-06,9999,1,644.53,5.8594,0.28944,1.3374,0.75889,-0.40395,8,0.011023,1.3374,-1,0.75889,0.6821,-1,-0.78214,-0.0038823,0,0,0,0,0,0,0,0
0,0,0,0,0,0,0,0,1.1406,1.1661,-0.20718,-1,-0.7085,-9.58e-05,2.7387e-05,0,0,0,1.1449,999,999,999,1.8036,0.74566,0.4961,0.46274,0.12995,3.611e-07,9999,1,1,869.14,5.0781,0.11751,0,0,0,0,0,0,0,0,1,999,999,999,0,0,0,0,0,0,0,0,0,0,0,0,0,0,0,0,0,0.0030404,1.1406,-1,0.88842,0.01814,-1,-0.7085,-0.25176,0,0,0,0,0,0,0,0
0,0,0,0,0,0,0,0,1.2015,0.45693,-0.56171,1,0.055121,-0.00064916,-0.00026097,2,1,0.49765,1.4192,999,999,999,1.0771,0.42801,0.93152,0,0,0,0,0,0,0,0,0,0,0,0,0,0,0,0,0,0,0,0,0,0,0,0,0,0,0,0,0,0,0,0,0,0,0,0,0,0,0.0065599,1.1393,-1,0.88385,0,0,0,0,0,0,0,0,0,0,0,0
0,0,0,0,0.74411,0.3386,0.5975,-1,1.8725,0,-0.088371,1,-0.06657,-0.00024448,7.2963e-05,4,1,0.49918,2.3476,999,999,999,1.3785,0.78603,2.145,0,0,0,0,0,0,0,0,0,0,0,0,0,0,0,0,0,0,0,0,0,0,0,0,0,0,0,0,0,0,0,0,0,0,0,0,0,0,0.00015471,1.8725,1,0.99332,0,0,0,0,0,0,0,0,0,0,0,1
0,0,0,0,0,0,0,0,0.97058,0.041826,-0.56778,1,0.040644,-6.0015e-05,0,0,0,0,1.0731,999,999,999,1.3307,0.62718,0,0,0,0,0,0,0,0,0,0,0,0,0,0,0,0,0,0,0,0,0,0,0,0,0,0,0,0,0,0,0,0,0,0,0,0,0,0,0,0.0083903,0.97058,1,0.94911,0,0,0,0,0,0,0,0,0,0,0,1
0,0,0,0,0.6246,1.1074,0.99007,-1,0.18718,2.3299,-0.84924,1,-0.0076618,0.00017494,-4.9716e-06,0,0,0,0.59993,999,999,999,0.99318,0.16995,0.33842,0.92176,0.18718,4.5167e-07,9999,1,1,644.53,5.3711,0.17825,0,0,0,0,0,0,0,0,1,0.6246,0.48661,-0.78389,0,0,0,0,0,10,0.22352,0.00017494,9999,1,625,0,0.16995,0.6246,0.48661,-0.089622,0,0.018674,0.6246,-1,0.48661,0.72029,-1,-4.9716e-06,-0.43838,0,0,0,0,0,0,0,1
0,0,0,0,0,0,0,0,1.1624,0.065657,-0.80542,-1,-0.027108,0.00092053,0,0,0,0,1.1552,999,999,999,1.6166,0.94199,0,0,0,0,0,0,0,0,0,0,0,0,0,0,0,0,0,0,0,0,0,0,0,0,0,0,0,0,0,0,0,0,0,0,0,0,0,0,0,0.0021797,1.1624,-1,0.96481,0,0,0,0,0,0,0,0,0,0,0,0
0,0,0,0,0,0,0,0,1.7575,0.80576,-0.96834,-1,0.050153,-0.0055552,-0.00029749,1,1,0.49668,2.2443,999,999,999,1.2639,2.0914,0.30103,0.99714,0.20554,5.1197e-07,9999,1,1,512.7,4.8828,0.20572,0,0,0,0,0,0,0,0,1,1.7575,0.97075,-0.97221,0,0,0,0,0,10,0.20554,5.1197e-07,9999,1,512.7,4.8828,0.20572,1.7575,0.97075,-0.97221,2,0.016276,1.7575,-1,0.97075,0.6516,-1,-0.00029749,-0.7125,0,0,0,0,0,0,0,0
0,0,0,0,0,0,0,0,0.9909,0.60726,0.44999,1,-0.99994,0.00052846,-4.621e-07,0,0,0,1.0327,999,999,999,0.3159,1.0584,0.18353,0.38252,0.18513,4.621e-07,9999,1,-1,654.3,7.0312,0.18353,0,0,0,0,0,0,0,0,1,0.9909,0.82292,-0.83786,0,0,0,0,0,10,0.18513,4.621e-07,9999,-1,654.3,7.0312,0.18353,0.9909,0.82292,-0.83786,-6,0.012731,0.9909,1,0.82292,-0.83786,1,0.00052846,0.01003,0,0,0,0,0,0,0,0
0,0,0,0,0,0,0,0,0.25738,0.61027,-0.62177,-1,8.0023e-05,-7.2401e-06,3.5043e-06,1,1,0.49863,0.40207,999,999,999,0.67434,0.36786,0.43125,0.99212,0.16631,6.7494e-07,9999,1,-1,571.29,4.9316,0.25573,0,0,0,0,0,0,0,0,1,999,999,999,0,0,0,0,0,0,0,0,0,0,0,0,0,0,0,0,0,0,0,0,0,0.94892,1,3.5043e-06,0.86473,0,0,0,0,0,0,0,1
0,0,0,0,0,0,0,0,0.25678,0.21287,0.83952,1,-4.5309e-05,7.4707e-06,-4.9284e-06,0,0,0,0.67927,999,999,999,0.57202,0.37038,0.33776,0.99592,0.1727,4.7262e-07,9999,1,1,683.59,4.9316,0.18862,0,0,0,0,0,0,0,0,1,999,999,999,0,0,0,0,0,0,0,0,0,0,0,0,0,0,0,0,0,0.011874,0.51939,-1,0.74786,0.79899,-1,-4.5309e-05,-0.8634,0,0,0,0,0,0,0,0
0,0,0,0,0,0,0,0,0.49691,1.5911,0.12384,-1,-0.000557,3.1493e-06,1.124e-06,0,0,0,0.55635,999,999,999,0.55169,0.30387,0.32496,0.97873,0.21467,1.124e-06,9999,0,1,473.63,4.1992,0.32496,0,0,0,0,0,0,0,0,1,999,999,999,0,0,0,0,0,0,0,0,0,0,0,0,0,0,0,0,0,0,0,0,0,0.82797,-1,-0.000557,-0.47023,0,0,0,0,0,0,0,1
0.99995,0.52779,-0.84678,1,0,0,0,0,0.18666,0.10587,0.59294,1,0.89622,0.00099121,-1.171e-05,0,0,0,1.0382,0.99995,-0.94787,-0.59564,0.26812,0.98598,0.40825,0.48095,0.18666,0.89622,9999,1,1,0,28.516,0.26812,0,0,0,0,0,0,0,0,1,999,999,999,0,0,0,0,0,0,0,0,0,0,0,0,0,0,0,0,0,0.0056516,0.99995,1,0.94787,-0.46913,-1,-1.171e-05,-1.7159e-05,0.99995,0.52779,-0.84678,1,1,0.0056516,0.94787,1
0,0,0,0,1.224,0.069333,-0.59582,-1,0.98455,0.34769,-0.92608,1,-0.011177,6.9348e-05,-6.2778e-06,0,0,0,1.3815,999,999,999,1.3053,0.65656,0.35653,0,0,0,0,0,0,0,0,0,0,0,0,0,0,0,0,0,0,0,0,0,0,0,0,0,0,0,0,0,0,0,0,0,0,0,0,0,0,0.0025507,1.224,-1,0.71088,0,0,0,0,0,0,0,0,0,0,0,0
0,0,0,0,0.72771,0.08406,-0.51777,1,0.26483,0.08406,-0.2276,-1,0.00010439,-5.4099e-07,0,0,0,0,0.75736,999,999,999,0.88302,0.21673,0,0,0,0,0,0,0,0,0,0,0,0,0,0,0,0,0,0,0,0,0,0,0,0,0,0,0,0,0,0,0,0,0,0,0,0,0,0,0,0.0099896,0.72771,1,0.87795,0,0,0,0,0,0,0,0,0,0,0,0
0,0,0,0,0,0,0,0,0.62408,1.1783,0.74576,-1,-0.11096,-0.0050644,2.6805e-05,1,0,0,1.0439,-0.62408,0.69641,-0.67016,0.72957,0.8959,0.49343,0.26695,0.13803,3.9038e-07,9999,0,1,927.73,6.4453,0.14077,0,0,0,0,0,0,0,0,1,999,999,999,0,0,0,0,0,0,0,0,0,0,0,0,0,0,0,0,0,0.0073108,0.62644,-1,0.94699,0.42801,-1,-0.0050644,-0.00021368,0,0,0,0,0,0,0,1
0,0,0,0,0,0,0,0,0.51616,0.41419,-0.73543,1,0.11074,0.00090751,5.8894e-06,1,0,0,0.71023,0.51616,0.62501,-0.074589,0.66923,0.83088,0.35153,0.38366,0.11943,1.2133e-06,9999,1,1,0,3.4668,0.082384,0,0,0,0,0,0,0,0,1,999,999,999,0,0,0,0,0,0,0,0,0,0,0,0,0,0,0,0,0,0.0072434,0.51616,1,0.62501,0.82196,-1,-1.2169e-06,-0.094626,0,0,0,0,0,0,0,0
1.4121,0.04871,-0.9547,-1,0,0,0,0,0.3476,0.66767,0.69187,1,-4.3589e-05,1.4454e-05,0,0,0,0,1.4114,999,999,999,1.7708,0.42747,0,0,0,0,0,0,0,0,0,0,0,0,0,0,0,0,0,0,0,0,0,0,0,0,0,0,0,0,0,0,0,0,0,0,0,0,0,0,0,0.0128,1.4121,-1,0.99364,0,0,0,0,0,0,0,0,0,0,0,0
0,0,0,0,0,0,0,0,1.1753,0,-0.89157,-1,0.98238,-0.039626,-0.00024971,0,0,0,1.4676,0.59855,0.75921,-0.54815,0.70848,1.1687,0.53907,0.98012,0.18336,7.6645e-07,9999,1,-1,595.7,4.5898,0.2752,0,0,0,0,0,0,0,0,1,0.80737,0.95063,-0.93817,0,0,0,0,0,10,0.18336,7.6645e-07,9999,-1,595.7,4.5898,0.2752,0.80737,0.95063,-0.93817,-2,0.015959,1.1753,-1,0.99173,-0.93817,1,0.98238,0.76855,0,0,0,0,0,0,0,1
0,0,0,0,0,0,0,0,1.7467,0.043909,-0.58499,1,-0.018387,0.0060329,0,0,0,0,1.8129,999,999,999,1.7139,2.7881,0,0,0,0,0,0,0,0,0,0,0,0,0,0,0,0,0,0,0,0,0,0,0,0,0,0,0,0,0,0,0,0,0,0,0,0,0,0,0,0.018558,1.7467,1,0.65596,0,0,0,0,0,0,0,0,0,0,0,1
0.29217,0.60078,-0.30533,1,0,0,0,0,0.34237,0,0.35054,-1,-0.99997,-0.00011215,7.3164e-05,0,1,0.50097,0.88156,-0.87983,-0.80434,-0.28654,0.27483,0.7386,0.66755,0,0,0,0,0,0,0,0,0,0,0,0,0,0,0,0,0,0,0,0,0,0,0,0,0,0,0,0,0,0,0,0,0,0,0,0,0,0,0.0086879,0.87983,-1,0.80434,0,0,0,0,0.29217,0.60078,-0.30533,1,1,0.029432,0.81864,0
0,0,0,0,0,0,0,0,1.2594,1.173,0.80468,-1,-0.048555,-3.155e-05,5.7646e-06,0,1,0.49549,1.3363,999,999,999,1.4848,0.51416,0.34986,0.96497,0.10824,3.7212e-07,9999,1,1,986.33,13.867,0.12679,0,0,0,0,0,0,0,0,1,1.2594,0.78629,-0.91669,0,0,0,0,0,10,0.10824,3.7212e-07,9999,1,986.33,13.867,0.12679,1.2594,0.78629,-0.91669,2,0.021698,1.2594,-1,0.78629,0.57499,-1,-3.155e-05,-0.84977,0,0,0,0,0,0,0,0
0,0,0,0,0,0,0,0,1.8263,0.45659,-0.82843,-1,-0.99992,-0.013102,-7.8805e-05,1,0,0,1.9248,-1.8263,-0.98757,-0.86093,0.29683,0.97778,2.2354,0.7438,0.105,1.6318e-06,9999,1,1,0,4.248,0.19245,0,0,0,0,0,0,0,0,1,1.8263,0.98757,-0.65095,0,0,0,0,0,10,0.105,1.6318e-06,9999,1,0,4.248,0.19245,1.8263,0.98757,-0.65095,2,5.5294e-05,1.8263,-1,0.98757,0.38835,-1,-0.99992,-0.62329,0,0,0,0,0,0,0,0
0.32601,0.1517,-0.15135,1,0,0,0,0,1.4987,0.1517,-0.79609,-1,-0.81318,-0.052519,0.010283,1,0,0,1.205,999,999,999,1.1861,1.1537,0.50893,0.63272,0.11285,3.6402e-07,9999,1,1,1103.5,6.3477,0.12004,0,0,0,0,0,0,0,0,1,999,999,999,0,0,0,0,0,0,0,0,0,0,0,0,0,0,0,0,0,0.00056609,1.4987,-1,0.87129,0.91849,-1,-0.81318,-0.49183,0.32601,0.1517,-0.15135,1,1,0.011076,0.65978,0
0,0,0,0,1.5936,0.039114,-0.05085,1,0.69944,0.59761,-0.65283,1,0.92153,0.27386,-3.0602e-05,0,0,0,1.2422,1.5936,0.93298,-0.71045,0.34759,2.4687,0.51046,0,0,0,0,0,0,0,0,0,0,0,0,0,0,0,0,0,0,0,0,0,0,0,0,0,0,0,0,0,0,0,0,0,0,0,0,0,0,0.0073661,1.5936,1,0.93298,0,0,0,0,0,0,0,0,0,0,0,1
0,0,0,0,0,0,0,0,1.8588,0,-0.60682,-1,0.097305,-0.040744,-1.2103e-06,2,0,0,1.8435,999,999,999,1.1527,1.7009,0.087382,0,0,0,0,0,0,0,0,0,0,0,0,0,0,0,0,0,0,0,0,0,0,0,0,0,0,0,0,0,0,0,0,0,0,0,0,0,0,0.00048549,1.8588,-1,0.94352,0,0,0,0,0,0,0,0,0,0,0,0
0,0,0,0,0,0,0,0,1.6583,0.33314,-0.52848,-1,0.99997,-0.97371,-0.0016523,0,1,0.4976,1.2,999,999,999,0.27635,0.46981,2.6731,0.93999,0.13658,3.7318e-07,9999,1,1,1044.9,7.7148,0.12765,0,0,0,0,0,0,0,0,1,1.6583,0.91943,-0.75641,0,0,0,0,0,10,0.13658,3.7318e-07,9999,1,1044.9,7.7148,0.12765,1.6583,0.91943,-0.75641,4,0.043586,1.6583,-1,0.91943,0.89848,-1,-0.97371,-0.77766,0,0,0,0,0,0,0,1
0,0,0,0,0,0,0,0,0.42462,1.599,-0.98474,1,0.99809,-0.00062676,-0.00012519,1,0,0,0.81958,999,999,999,0.51376,0.37214,0.52452,0,0,0,0,0,0,0,0,0,0,0,0,0,0,0,0,0,0,0,0,0,0,0,0,0,0,0,0,0,0,0,0,0,0,0,0,0,0,0,0,0,0,0,0,0,0,0,0,0,0,0,0,0,0
0,0,0,0,0,0,0,0,0.9583,0.71984,-0.32767,1,0.99995,0.041491,-0.00021144,0,0,0,1.0222,0.9583,0.79198,-0.92203,0.29111,1.4138,0.42339,0.29758,0.16081,4.6202e-07,9999,1,-1,722.66,3.6621,0.1835,0,0,0,0,0,0,0,0,1,0.9583,0.79198,-0.11546,0,0,0,0,0,10,0.16081,4.6202e-07,9999,-1,722.66,3.6621,0.1835,0.9583,0.79198,-0.11546,-4,0.0091006,0.9583,1,0.79198,0.89302,1,0.99995,0.00038887,0,0,0,0,0,0,0,1
0,0,0,0,0,0,0,0,0.35821,0,-1,1,0.25491,4.7436e-06,0,1,1,0.50436,0.33027,999,999,999,1.1784,0.33483,0,0,0,0,0,0,0,0,0,0,0,0,0,0,0,0,0,0,0,0,0,0,0,0,0,0,0,0,0,0,0,0,0,0,0,0,0,0,0,0,0,0,0,0,0,0,0,0,0,0,0,0,0,0,0
0,0,0,0,1.6009,0.38997,-0.38683,1,0.9286,0.36269,0.16155,1,0.94988,0.015322,-8.8454e-06,1,0,0,1.8593,1.6009,-0.98757,-0.90755,1.3096,1.5925,0.38421,0.63708,0.12767,3.6709e-07,9999,0,-1,625,7.7148,0.12264,0,0,0,0,0,0,0,0,1,1.6009,0.98757,-0.50799,0,0,0,0,0,10,0.12767,3.6709e-07,9999,-1,625,7.7148,0.12264,1.6009,0.98757,-0.50799,-2,0.0099523,1.6009,1,0.98757,0.62581,1,0.94988,0.37508,0,0,0,0,0,0,0,1
0,0,0,0,0,0,0,0,1.3876,0.19397,0.57219,-1,-0.05135,-0.015524,0.00036432,2,0,0,1.5956,-1.3876,-0.98809,-0.41311,1.2067,1.1648,0.90778,0.95599,0.1347,3.5228e-07,9999,0,1,898.44,10.547,0.10955,0,0,0,0,0,0,0,0,1,0.98492,0.54797,-0.28012,0,0,0,0,0,10,0.1347,3.5228e-07,9999,1,898.44,10.547,0.10955,0.98492,0.54797,-0.28012,2,0.0039038,1.3876,-1,0.98809,0.98888,-1,-0.015524,-0.81716,0,0,0,0,0,0,0,0
0,0,0,0,0,0,0,0,1.3326,0,0.58472,-1,-0.93992,-0.070662,0.02895,2,0,0,1.1647,-0.71834,0.94845,-0.99269,0.86387,1.141,1.3208,0,0,0,0,0,0,0,0,0,0,0,0,0,0,0,0,0,0,0,0,0,0,0,0,0,0,0,0,0,0,0,0,0,0,0,0,0,0,0.0011926,1.3326,-1,0.97858,0,0,0,0,0,0,0,0,0,0,0,0
0,0,0,0,0,0,0,0,1.0418,0.82511,-0.98212,1,-0.96651,0.96205,-4.4185e-07,0,0,0,0.96242,999,999,999,1.0166,1.6325,0.17302,0.43335,0.10335,4.4185e-07,9999,1,-1,271,5.2734,0.17302,0,0,0,0,0,0,0,0,1,1.0418,0.98,-0.38315,0,0,0,0,0,10,0.10335,4.4185e-07,9999,-1,271,5.2734,0.17302,1.0418,0.98,-0.38315,-4,0.00021077,1.0418,1,0.98,-0.38315,1,0.96205,0.44227,0,0,0,0,0,0,0,0
0,0,0,0,0,0,0,0,1.0309,0.53927,-0.78484,-1,-0.18765,3.294e-05,1.2104e-06,3,1,0.50095,0.79509,999,999,999,1.5363,0.51373,0.098301,0.15984,0.046131,1.2104e-06,9999,0,1,0,16.211,0.098301,0,0,0,0,0,0,0,0,1,1.0309,0.75767,-0.69224,0,0,0,0,0,10,0.046131,1.2104e-06,9999,1,0,16.211,0.098301,1.0309,0.75767,-0.69224,0,0,0,0,0,-0.69224,-1,-0.18765,-0.67234,0,0,0,0,0,0,0,0
0,0,0,0,0.80977,0.16672,0.22948,1,1.0312,0.85407,0.11676,1,0.93339,-0.42702,0.069056,1,0,0,1.6,0.80977,-0.73553,-0.90946,1.319,0.76891,1.0004,0,0,0,0,0,0,0,0,0,0,0,0,0,0,0,0,0,0,0,0,0,0,0,0,0,0,0,0,0,0,0,0,0,0,0,0,0,0,0.00609,1.0312,1,0.9486,0,0,0,0,0,0,0,0,0,0,0,1
0,0,0,0,0,0,0,0,1.5561,0.043718,-0.25581,1,0.00013958,4.879e-05,-3.9022e-05,0,0,0,1.6737,1.5561,0.96519,-0.74817,0.78741,2.1694,0.54567,0.43046,0.18783,3.7663e-07,9999,1,-1,1015.6,6.4453,0.1304,0,0,0,0,0,0,0,0,1,1.5561,0.96519,-0.5044,0,0,0,0,0,10,0.18783,3.7663e-07,9999,-1,1015.6,6.4453,0.1304,1.5561,0.96519,-0.5044,-0,0.022481,1.5561,1,0.96519,0.27192,1,0.00013958,0.0096207,0,0,0,0,0,0,0,1
0,0,0,0,0,0,0,0,0.4172,0.29029,0.4532,-1,0.96509,-0.0070733,-1.3379e-06,2,0,0,0.80539,999,999,999,0.85907,0.58089,0.036707,0.67507,0.07973,1.3326e-06,9999,0,-1,0,3.418,0.037792,1,0,-0.82777,1.4203,-2.1863,0.062573,0.025984,0.012445,1,0.65295,0.72434,-0.57611,0,0,0,0,0,10,0.07973,1.3326e-06,9999,-1,0,3.418,0.037792,0.65295,0.72434,-0.57611,-9,0.01847,0.65295,1,0.72434,-0.57611,1,0.96509,0.70408,0,0,0,0,0,0,0,1
0,0,0,0,0,0,0,0,0.95849,0.56112,-0.34651,1,0.99993,0.95601,-8.4055e-05,0,0,0,1.0611,0.95849,-0.82923,-0.3352,0.30449,1.1494,0.6513,0.8443,0.048343,1.2093e-06,9999,1,-1,0,16.992,0.092097,0,0,0,0,0,0,0,0,1,999,999,999,0,0,0,0,0,0,0,0,0,0,0,0,0,0,0,0,0,0.0065448,0.95849,1,0.82923,0.41272,1,0.95601,0.76994,0,0,0,0,0,0,0,1
2.0134,0.32207,-0.51119,1,0,0,0,0,0.29026,0.69078,0.87028,1,-0.064307,4.5906e-05,6.4623e-06,0,0,0,2.0617,999,999,999,0.87621,2.1283,0.47669,0.9795,0.167,7.3622e-07,9999,1,-1,888.67,4.1016,0.26924,0,0,0,0,0,0,0,0,1,2.0134,0.95809,-0.88853,0,0,0,0,0,10,0.167,7.3622e-07,9999,-1,888.67,4.1016,0.26924,2.0134,0.95809,-0.88853,-2,0.018484,2.0134,1,0.95809,0.35478,1,6.4623e-06,0.82504,0,0,0,0,0,0,0,1
0,0,0,0,0,0,0,0,0.41968,0,0.2321,1,-7.0127e-05,6.1579e-05,2.1601e-06,0,0,0,0.70481,999,999,999,0.65719,0.64155,0.2755,0,0,0,0,0,0,0,0,0,0,0,0,0,0,0,0,0,0,0,0,0,0,0,0,0,0,0,0,0,0,0,0,0,0,0,0,0,0,0.011176,0.50754,-1,0.78829,0,0,0,0,0,0,0,0,0,0,0,0
0,0,0,0,0,0,0,0,1.8511,0.76038,-0.99125,-1,-0.0059958,-0.00018549,2.2429e-05,0,0,0,1.7277,999,999,999,2.6329,0.63539,0.47247,0.65501,0.2247,5.5835e-07,9999,1,1,590.82,4.4922,0.22277,0,0,0,0,0,0,0,0,1,1.8511,0.91568,-0.35113,0,0,0,0,0,10,0.2247,5.5835e-07,9999,1,590.82,4.4922,0.22277,1.8511,0.91568,-0.35113,0,0.0015261,1.8511,-1,0.91568,-0.35113,-1,-0.0059958,-0.001275,0,0,0,0,0,0,0,0
0,0,0,0,0,0,0,0,0.46549,0,-0.36607,-1,-4.5143e-05,5.5233e-07,0,0,1,0.49971,0.50519,999,999,999,0.55919,0.22072,0,0,0,0,0,0,0,0,0,0,0,0,0,0,0,0,0,0,0,0,0,0,0,0,0,0,0,0,0,0,0,0,0,0,0,0,0,0,0,0,0,0,0,0,0,0,0,0,0,0,0,0,0,0,0
0,0,0,0,0,0,0,0,0.54531,1.1499,0.41512,1,0.0057124,0.0002787,-0.00010389,0,0,0,0.9326,999,999,999,0.48089,0.7351,0.53719,0.5354,0.087092,1.2627e-06,9999,1,-1,0,6.543,0.13018,0,0,0,0,0,0,0,0,1,999,999,999,0,0,0,0,0,0,0,0,0,0,0,0,0,0,0,0,0,0.0058976,0.54531,1,0.87165,0.84098,1,0.0002787,0.60872,0,0,0,0,0,0,0,0
0,0,0,0,0,0,0,0,0.24576,0.33576,-0.70941,1,-0.00058795,-8.23e-05,7.0314e-05,1,0,0,0.81364,-0.52705,0.79875,-0.49278,0.52479,0.72314,0.68235,0.86284,0.24576,6.4031e-06,9999,1,1,429.69,4.0527,0.35809,0,0,0,0,0,0,0,0,1,999,999,999,0,0,0,0,0,0,0,0,0,0,0,0,0,0,0,0,0,0.017887,0.52705,-1,0.79875,0.99,-1,-8.23e-05,-0.0033283,0,0,0,0,0,0,0,1
0,0,0,0,0,0,0,0,1.389,0.84911,-0.98905,-1,-0.35727,1.7248e-05,1.483e-05,0,0,0,0.96917,999,999,999,2.2129,0.54307,0.42991,0,0,0,0,0,0,0,0,0,0,0,0,0,0,0,0,0,0,0,0,0,0,0,0,0,0,0,0,0,0,0,0,0,0,0,0,0,0,0.0057876,1.389,-1,0.92932,0,0,0,0,0,0,0,0,0,0,0,0
0,0,0,0,0,0,0,0,1.3866,0.3984,-0.99677,1,-0.98461,0.17724,-5.3405e-07,1,0,0,1.1418,999,999,999,0.82943,2.0538,0.2142,0.80573,0.15524,5.3405e-07,9999,1,-1,566.41,4.0039,0.2142,0,0,0,0,0,0,0,0,1,999,999,999,0,0,0,0,0,0,0,0,0,0,0,0,0,0,0,0,0,0.0096276,1.3866,1,0.99318,0.73223,1,0.17724,0.37248,0,0,0,0,0,0,0,1
0,0,0,0,0,0,0,0,0.90333,0.093531,-0.57071,-1,0.99999,0.45157,-0.0023706,0,0,0,1.0303,0.72744,0.81824,-0.68115,0.2903,1.2018,0.89475,0,0,0,0,0,0,0,0,0,0,0,0,0,0,0,0,0,0,0,0,0,0,0,0,0,0,0,0,0,0,0,0,0,0,0,0,0,0,0.011693,0.90333,-1,0.73842,0,0,0,0,0,0,0,0,0,0,0,0
0,0,0,0,1.893,0,-0.98568,-1,0.572,1.106,0.22828,1,-0.11051,0.0013242,6.7109e-06,0,0,0,1.6121,999,999,999,1.5292,0.86142,0.3618,0,0,0,0,0,0,0,0,0,0,0,0,0,0,0,0,0,0,0,0,0,0,0,0,0,0,0,0,0,0,0,0,0,0,0,0,0,0,0.0039566,1.893,-1,0.9973,0,0,0,0,0,0,0,0,0,0,0,0
0,0,0,0,0,0,0,0,0.50766,0.46982,0.87802,1,0.99981,0.99967,-0.00079934,0,0,0,0.62208,0.50766,-0.90019,-0.21873,0.37347,0.40843,0.44681,0.42211,0.16713,7.5065e-07,9999,1,-1,585.94,4.3457,0.27214,0,0,0,0,0,0,0,0,1,999,999,999,0,0,0,0,0,0,0,0,0,0,0,0,0,0,0,0,0,0.01236,0.50766,1,0.90019,0.20748,1,0.99967,0.041966,0,0,0,0,0,0,0,1
0.49248,0.30901,0.94373,-1,0,0,0,0,0.71912,0.61929,-0.94268,-1,0.00051086,-0.00011849,4.9307e-05,2,0,0,0.81543,999,999,999,0.36302,1.0577,0.58823,0,0,0,0,0,0,0,0,0,0,0,0,0,0,0,0,0,0,0,0,0,0,0,0,0,0,0,0,0,0,0,0,0,0,0,0,0,0,0,0,0,0,0,0,0,0,0.49248,0.30901,0.94373,-1,1,0.01636,0.98809,1
0,0,0,0,0,0,0,0,0.69889,0.051745,-0.79149,1,0.9714,-1.2237e-06,-4.4623e-07,1,0,0,0.69021,999,999,999,0.76211,0.073313,0.17538,0,0,0,0,0,0,0,0,0,0,0,0,0,0,0,0,0,0,0,0,0,0,0,0,0,0,0,0,0,0,0,0,0,0,0,0,0,0,0.015169,0.69889,1,0.79303,0,0,0,0,0,0,0,0,0,0,0,1
0,0,0,0,0,0,0,0,0.61448,0.48997,0.070068,-1,-0.00011164,-6.4909e-06,0,0,0,0,0.70908,999,999,999,0.67672,0.35916,0,0,0,0,0,0,0,0,0,0,0,0,0,0,0,0,0,0,0,0,0,0,0,0,0,0,0,0,0,0,0,0,0,0,0,0,0,0,0,0.012242,0.61448,-1,0.4749,0,0,0,0,0,0,0,0,0,0,0,1
0,0,0,0,0,0,0,0,0.71041,0.37459,0.6825,1,-0.9616,-0.0004026,4.5361e-05,1,0,0,1.234,-0.77364,0.55857,-0.32541,1.1446,1.0142,0.57191,0,0,0,0,0,0,0,0,0,0,0,0,0,0,0,0,0,0,0,0,0,0,0,0,0,0,0,0,0,0,0,0,0,0,0,0,0,0,0.00079166,0.81088,-1,0.59464,0,0,0,0,0,0,0,0,0,0,0,0
0,0,0,0,0,0,0,0,0.77327,0.5587,-0.50613,-1,-0.022716,0.00064767,-3.4995e-06,0,0,0,0.90774,999,999,999,0.94709,0.43997,0.3118,0.69588,0.095443,1.5237e-06,9999,1,-1,0,5.6152,0.18014,0,0,0,0,0,0,0,0,1,999,999,999,0,0,0,0,0,0,0,0,0,0,0,0,0,0,0,0,0,0.0014079,0.77327,-1,0.9807,-0.4541,1,0.00064767,0.64302,0,0,0,0,0,0,0,1
0,0,0,0,0,0,0,0,0.75788,1.319,-0.91561,1,0.99452,0.001145,-0.00028297,0,0,0,0.84577,999,999,999,0.4775,0.91576,0.29411,0.92381,0.19815,0.00028297,9999,1,-1,541.99,0,0.29411,0,0,0,0,0,0,0,0,1,999,999,999,0,0,0,0,0,0,0,0,0,0,0,0,0,0,0,0,0,0.015554,0.75788,1,0.9168,0.64604,1,0.99452,0.328,0,0,0,0,0,0,0,0
1.6532,0,0.10081,1,0,0,0,0,0.56898,0.54218,0.087826,1,0.019397,-0.00040485,0.00011275,0,0,0,1.3489,0.56898,0.89805,-0.95896,1.2558,0.96396,0.88364,0,0,0,0,0,0,0,0,0,0,0,0,0,0,0,0,0,0,0,0,0,0,0,0,0,0,0,0,0,0,0,0,0,0,0,0,0,0,0.019218,1.6532,1,0.97738,0,0,0,0,0,0,0,0,0,0,0,1
0,0,0,0,0,0,0,0,1.4405,0.79794,-0.93299,1,0.92831,0.0097777,-8.5082e-07,0,0,0,1.4772,1.4405,-0.96852,-0.15445,0.85289,1.3614,0.28995,0.6113,0.19915,8.5082e-07,9999,1,-1,458.98,3.4668,0.28995,0,0,0,0,0,0,0,0,1,1.4405,0.96852,-0.72705,0,0,0,0,0,10,0.19915,8.5082e-07,9999,-1,458.98,3.4668,0.28995,1.4405,0.96852,-0.72705,-5,0.009819,1.4405,1,0.96852,-0.49456,1,0.92831,0.0084179,0,0,0,0,0,0,0,1
0,0,0,0,0,0,0,0,0.62003,0.97993,0.16716,-1,0.99292,-0.99162,0.00017539,1,0,0,0.87813,999,999,999,0.65009,0.63398,0.13849,0.99946,0.10322,4.7976e-07,9999,0,-1,91.553,4.8828,0.19194,0,0,0,0,0,0,0,0,1,999,999,999,0,0,0,0,0,0,0,0,0,0,0,0,0,0,0,0,0,0.0042824,0.62003,-1,0.83868,0.81687,1,0.99292,0.90459,0,0,0,0,0,0,0,1
0,0,0,0,0,0,0,0,1.1086,1.3477,-0.85126,-1,-0.036517,0.00020782,0,0,1,0.498,1.2239,999,999,999,1.0624,0.84142,0,0,0,0,0,0,0,0,0,0,0,0,0,0,0,0,0,0,0,0,0,0,0,0,0,0,0,0,0,0,0,0,0,0,0,0,0,0,0,0.014764,1.1086,-1,0.92294,0,0,0,0,0,0,0,0,0,0,0,0
0,0,0,0,0,0,0,0,0.65762,0.42063,0.34567,1,1,0.97097,2.1803e-05,1,0,0,0.72974,0.65762,0.63304,-0.49099,0.20101,0.93613,0.46931,0.98491,0.20793,1,9999,0,1,2851.6,15.82,0.20101,0,0,0,0,0,0,0,0,1,999,999,999,0,0,0,0,0,0,0,0,0,0,0,0,0,0,0,0,0,0.0057221,0.65762,1,0.63304,0,0,0,0,0,0,0,0,0,0,0,1
0,0,0,0,0,0,0,0,0.71306,0.84601,-0.31017,-1,0.99305,-0.00030237,-5.345e-07,0,0,0,0.70361,999,999,999,0.64091,1.0691,0.21437,0.28107,0.1486,5.345e-07,9999,1,-1,620.12,4.3457,0.21437,0,0,0,0,0,0,0,0,1,999,999,999,0,0,0,0,0,10,0.24787,4.2343e-07,9999,1,830.08,6.1035,0.16249,0.71306,0.99746,-0.78265,4,0.026232,0.71306,-1,0.99746,-0.056121,1,0.99305,0.08754,0,0,0,0,0,0,0,1
0,0,0,0,0,0,0,0,0.70335,0.89646,-0.5771,-1,-0.097596,-7.0726e-05,3.2928e-05,0,0,0,0.98409,-0.70335,0.40224,-0.3791,1.0036,0.68098,0.5201,0.48213,0.08644,1.3737e-06,9999,1,1,0,7.2266,0.15739,0,0,0,0,0,0,0,0,1,0.64133,0.65638,-0.25194,0,0,0,0,0,10,0.08644,1.3737e-06,9999,1,0,7.2266,0.15739,0.64133,0.65638,-0.25194,4,0.018945,0.70335,-1,0.40224,0.65376,-1,-0.097596,-0.52995,0,0,0,0,0,0,0,1
0,0,0,0,0,0,0,0,1.1652,0.081663,-0.69216,-1,-0.00027273,5.2084e-06,1.2721e-06,1,0,0,0.90563,999,999,999,0.88638,0.342,0.052849,0.058328,0.066788,1.2721e-06,9999,0,1,0,13.281,0.052849,0,0,0,0,0,0,0,0,1,999,999,999,0,0,0,0,0,0,0,0,0,0,0,0,0,0,0,0,0,0.0059953,1.1652,-1,0.97833,0.13457,-1,-0.00027273,-0.62044,0,0,0,0,0,0,0,0
0,0,0,0,0,0,0,0,1.6307,0.54549,-0.34967,-1,-0.040316,-0.016782,4.0807e-07,0,0,0,2.0631,-1.285,0.95222,-0.92616,1.7089,1.4617,0.1529,0.075579,0.21732,4.0807e-07,9999,1,1,751.95,6.0547,0.1529,0,0,0,0,0,0,0,0,1,1.6307,0.987,-0.068833,0,0,0,0,0,10,0.21732,4.0807e-07,9999,1,751.95,6.0547,0.1529,1.6307,0.987,-0.068833,5,0.00070611,1.6307,-1,0.987,-0.017475,-1,-0.016782,-0.00030267,0,0,0,0,0,0,0,0
0,0,0,0,0,0,0,0,0.87233,1.9968,-0.9957,-1,-0.92142,-0.70364,1.7469e-05,0,0,0,0.77442,-0.87233,-0.80835,-0.93691,0.55136,0.63659,0.44592,0,0,0,0,0,0,0,0,0,0,0,0,0,0,0,0,0,0,0,0,0,0,0,0,0,0,0,0,0,0,0,0,0,0,0,0,0,0,0.00032837,0.87233,-1,0.80835,0,0,0,0,0,0,0,0,0,0,0,0
0.40394,1.7625,0.46066,-1,0,0,0,0,1.9931,0.29685,-0.80789,1,0.9819,0.0015395,-1.3078e-05,0,0,0,2.0841,1.9931,-0.97476,-0.53853,0.79447,1.9695,0.4182,0.71575,0.13823,5.829e-07,9999,1,-1,644.53,3.5645,0.23073,0,0,0,0,0,0,0,0,1,1.9931,0.97476,-0.74471,0,0,0,0,0,10,0.13823,5.829e-07,9999,-1,644.53,3.5645,0.23073,1.9931,0.97476,-0.74471,-2,0.0052469,1.9931,1,0.97476,0.69228,1,0.9819,0.37298,0.40394,1.7625,0.46066,-1,1,0.031223,0.77512,1
0,0,0,0,0,0,0,0,0.86948,1.3818,-0.64892,1,0.99993,0.031513,6.7284e-05,0,0,0,1.251,0.86948,0.45994,-0.25894,0.29026,0.89175,0.66128,0.98681,0.19396,4.2418e-07,9999,1,-1,820.31,6.3477,0.16294,0,0,0,0,0,0,0,0,1,0.86948,0.45994,-0.32983,0,0,0,0,0,10,0.19396,4.2418e-07,9999,-1,820.31,6.3477,0.16294,0.86948,0.45994,-0.32983,-2,0.0030991,0.86948,1,0.45994,0.99682,1,0.99993,0.74052,0,0,0,0,0,0,0,1
0.53944,1.4356,-0.40295,-1,0,0,0,0,0.81512,1.2016,-0.15998,1,0.14928,-0.00049999,1.5159e-05,2,1,0.4981,0.89871,999,999,999,1.2913,0.52476,0.43201,0.72076,0.14633,3.9022e-07,9999,1,-1,859.38,6.9336,0.14065,0,0,0,0,0,0,0,0,1,0.81512,0.98659,-0.65155,0,0,0,0,0,10,0.15233,5.0186e-07,9999,1,644.53,5.0293,0.20159,0.61807,0.97572,-0.43351,4,0.0029961,0.81512,1,0.98659,-0.65155,1,0.14928,0.31062,0.53944,1.4356,-0.40295,-1,1,0.011384,0.90236,1
0,0,0,0,0,0,0,0,1.3156,1.4585,-0.52017,1,0.0047519,-0.00013233,5.8474e-07,0,0,0,1.3171,999,999,999,1.1775,0.7478,0.2313,0.77542,0.076561,3.6753e-07,9999,1,-1,1113.3,10.352,0.12301,0,0,0,0,0,0,0,0,1,999,999,999,0,0,0,0,0,0,0,0,0,0,0,0,0,0,0,0,0,0.0030798,1.3156,1,0.91192,0.44805,1,0.0047519,0.72673,0,0,0,0,0,0,0,0
0,0,0,0,0,0,0,0,1.5401,0.68382,-0.90044,-1,-0.96683,0.95102,-0.92011,2,0,0,1.5928,999,999,999,0.99236,1.6969,0.31928,0.56647,0.14407,0.92011,9999,0,-1,0,16.016,0.31928,0,0,0,0,0,0,0,0,1,1.2573,0.94361,-0.66684,0,0,0,0,0,10,0.14407,0.92011,9999,-1,0,16.016,0.31928,1.2573,0.94361,-0.66684,-22,0.018762,1.5401,-1,0.77514,-0.66684,1,0.95102,0.00010876,0,0,0,0,0,0,0,0
0,0,0,0,0,0,0,0,0.5403,0.37495,-0.047251,1,-0.0086372,0.00032954,0.00018189,4,0,0,0.74519,999,999,999,0.66977,0.73646,0.19813,0.42203,0.076581,1.3798e-06,9999,0,1,0,3.1006,0.028906,0,0,0,0,0,0,0,0,1,999,999,999,0,0,0,0,0,10,0.22061,2.5378e-06,9999,-1,551.76,5.0781,0.28766,0.5403,0.64761,-0.26146,-6,0.0048089,0.5403,1,0.64761,0.30776,-1,-5.3178e-06,-0.60855,0,0,0,0,0,0,0,0
0,0,0,0,0,0,0,0,0.35672,1.209,-0.92236,1,3.7275e-06,3.2829e-06,-3.0851e-06,0,0,0,0.59622,999,999,999,0.31655,0.30699,0.30233,0.39108,0.21146,3.5957e-07,9999,1,-1,917.97,7.7148,0.11616,0,0,0,0,0,0,0,0,1,999,999,999,0,0,0,0,0,0,0,0,0,0,0,0,0,0,0,0,0,0,0,0,0,0.79981,1,2.2864e-06,0.00023441,0,0,0,0,0,0,0,1
0,0,0,0,0,0,0,0,0.94762,0.98548,-0.87257,-1,-0.00095343,-6.6874e-05,3.1933e-05,0,0,0,1.2393,999,999,999,0.87066,0.63177,0.51602,0.48703,0.13321,3.8085e-07,9999,1,-1,947.27,7.2266,0.13368,0,0,0,0,0,0,0,0,1,0.53596,0.95957,-0.60414,0,0,0,0,0,10,0.13321,3.8085e-07,9999,-1,947.27,7.2266,0.13368,0.53596,0.95957,-0.60414,-6,0.0023594,0.94762,-1,0.83116,0.27978,1,9.913e-06,0.23542,0,0,0,0,0,0,0,1
0,0,0,0,0,0,0,0,0.26436,0.40759,0.57069,1,0.00045897,-5.4683e-05,4.3849e-07,0,0,0,0.65282,999,999,999,0.26016,0.60588,0.17117,0.41388,0.22228,0.00045897,9999,1,1,512.7,0,0.26016,0,0,0,0,0,0,0,0,1,0.63752,0.4623,-0.48213,0,0,0,0,0,10,0.22228,0.00045897,9999,1,512.7,0,0.26016,0.63752,0.4623,-0.48213,5,0.013606,0.63752,-1,0.4623,-0.48213,-1,-5.4683e-05,-0.00054423,0,0,0,0,0,0,0,1
0,0,0,0,0,0,0,0,1.21,0.19842,-0.092195,1,0.16586,0.057002,9.8173e-05,0,0,0,1.6201,1.21,0.89554,-0.97873,1.0028,1.4552,0.59804,0.81487,0.16117,3.9203e-07,9999,1,-1,947.27,5.7617,0.14195,1,0,-3.8722,0.64473,0.051669,0.18901,0.0010056,0.0069278,1,1.21,0.89554,-0.90872,0,0,0,0,0,10,0.16117,3.9203e-07,9999,-1,947.27,5.7617,0.14195,1.21,0.89554,-0.90872,-6,0.0093753,1.0234,1,0.91531,0.9671,1,0.16586,0.3399,0,0,0,0,0,0,0,1
0,0,0,0,0,0,0,0,0.63303,0.12197,0.086408,1,-0.46321,-0.00032564,4.2711e-05,3,1,0.50286,0.87687,999,999,999,0.98207,0.57506,0.56127,0.26099,0.10284,1.2184e-06,9999,0,-1,0,29.297,0.10827,0,0,0,0,0,0,0,0,1,0.63303,0.66854,-0.62605,0,0,0,0,0,10,0.10284,1.2184e-06,9999,-1,0,29.297,0.10827,0.63303,0.66854,-0.62605,-0,0.013738,0.70752,-1,0.52247,-0.62605,1,4.2711e-05,0.40406,0,0,0,0,0,0,0,0
0,0,0,0,0,0,0,0,1.5604,0.20985,0.85991,1,0.072035,0.0032133,-1.2611e-05,0,0,0,1.9032,1.0908,0.92344,-0.85004,1.6375,1.1064,0.4149,0.90517,0.15671,4.8247e-07,9999,1,-1,576.17,4.248,0.19317,0,0,0,0,0,0,0,0,1,1.0908,0.92344,-0.9461,0,0,0,0,0,10,0.15671,4.8247e-07,9999,-1,576.17,4.248,0.19317,1.0908,0.92344,-0.9461,-2,0.00063761,1.5604,1,0.9854,0.82582,1,0.072035,0.61306,0,0,0,0,0,0,0,1
0,0,0,0,0,0,0,0,1.1602,0.92225,0.14892,1,0.059181,0.0228,-0.0046124,2,0,0,1.778,1.1602,0.98651,-0.87069,1.2339,1.3832,0.60365,0.65374,0.068841,1.2227e-06,9999,0,-1,0,9.8633,0.1116,0,0,0,0,0,0,0,0,1,1.1602,0.98651,-0.70931,0,0,0,0,0,10,0.068841,1.2227e-06,9999,-1,0,9.8633,0.1116,1.1602,0.98651,-0.70931,-2,0.0075255,1.3334,1,0.92749,0.33314,1,0.059181,0.7404,0,0,0,0,0,0,0,1
0,0,0,0,0,0,0,0,0.99566,1.1476,-0.49745,-1,0.00044551,-0.00018608,-3.3455e-05,1,0,0,1.2433,999,999,999,0.74781,0.89317,0.52279,0.99465,0.057531,1.2136e-06,9999,0,1,0,8.0078,0.10346,0,0,0,0,0,0,0,0,1,0.99566,0.90293,-0.90243,0,0,0,0,0,10,0.057531,1.2136e-06,9999,1,0,8.0078,0.10346,0.99566,0.90293,-0.90243,2,0.00039532,0.99566,-1,0.90293,0.80917,-1,-3.3455e-05,-0.88139,0,0,0,0,0,0,0,0
1.2877,0.49846,0.1326,1,0,0,0,0,1.4317,0.8056,-0.30217,-1,-0.19581,0.033131,-0.026019,2,1,0.49243,1.6496,999,999,999,2.2957,1.0583,0.59405,0,0,0,0,0,0,0,0,0,0,0,0,0,0,0,0,0,0,0,0,0,0,0,0,0,0,0,0,0,0,0,0,0,0,0,0,0,0,0.01262,1.4317,-1,0.94258,0,0,0,0,0,0,0,0,0,0,0,1
0,0,0,0,0,0,0,0,0.14372,1.6505,-0.62622,-1,0.98582,1.887e-06,1.2765e-06,2,0,0,0.43484,999,999,999,0.52583,0.21465,0.051548,0.97643,0.14372,5.1489e-07,9999,1,-1,771.48,3.9062,0.20689,0,0,0,0,0,0,0,0,1,999,999,999,0,0,0,0,0,0,0,0,0,0,0,0,0,0,0,0,0,0,0,0,0,-0.9429,1,0.98582,0.85469,0,0,0,0,0,0,0,1
0,0,0,0,1.7366,0,-0.69502,1,0.55196,0.43518,0.017458,-1,0.93946,-0.21245,0.13594,0,0,0,1.5977,999,999,999,0.78628,0.44219,2.53,0,0,0,0,0,0,0,0,0,0,0,0,0,0,0,0,0,0,0,0,0,0,0,0,0,0,0,0,0,0,0,0,0,0,0,0,0,0,0.0063754,1.7366,1,0.99122,0,0,0,0,0,0,0,0,0,0,0,1
0,0,0,0,0,0,0,0,1.1662,0.5804,0.36184,1,-0.99929,0.044388,-0.0001129,0,0,0,1.3976,999,999,999,0.44591,1.5753,0.91781,0,0,0,0,0,0,0,0,0,0,0,0,0,0,0,0,0,0,0,0,0,0,0,0,0,0,0,0,0,0,0,0,0,0,0,0,0,0,0.0044125,1.3031,-1,0.94856,0,0,0,0,0,0,0,0,0,0,0,0
0,0,0,0,0,0,0,0,0.34095,1.0242,0.070789,1,0.001621,-0.00034707,0.00017602,3,0,0,0.54044,999,999,999,0.46993,0.49706,0.17715,0.37886,0.10037,4.2466e-07,9999,0,-1,830.08,5.2246,0.16323,0,0,0,0,0,0,0,0,1,999,999,999,0,0,0,0,0,0,0,0,0,0,0,0,0,0,0,0,0,0,0,0,0,0.34389,1,0.001621,0.44442,0,0,0,0,0,0,0,0
0,0,0,0,0,0,0,0,0.81982,0.72725,-0.90981,-1,-0.026503,4.9517e-05,-3.6903e-05,2,1,0.49687,0.9372,999,999,999,1.2124,0.58911,0.53732,0.98468,0.1534,1.2579e-06,9999,0,1,0,7.5195,0.12847,0,0,0,0,0,0,0,0,1,0.81982,0.96978,-0.99068,0,0,0,0,0,10,0.1534,1.2579e-06,9999,1,0,7.5195,0.12847,0.81982,0.96978,-0.99068,2,0.018502,0.81982,-1,0.96978,0.95596,-1,-7.8564e-06,-0.86404,0,0,0,0,0,0,0,0
0.87342,0.29018,-0.78347,1,0,0,0,0,0.30598,0.52526,0.21793,-1,-0.28327,0.087926,-4.4336e-06,0,0,0,0.91607,999,999,999,0.94551,1.1774,0.32968,0,0,0,0,0,0,0,0,0,0,0,0,0,0,0,0,0,0,0,0,0,0,0,0,0,0,0,0,0,0,0,0,0,0,0,0,0,0,0.027203,0.87342,1,0.90408,0,0,0,0,0.87342,0.29018,-0.78347,1,1,0.027203,0.90408,1
0,0,0,0,0,0,0,0,1.3257,0.13794,0.32658,1,0.33479,0.085944,-0.00018363,0,0,0,2.4381,1.3257,-0.82957,-0.84685,2.439,1.5676,0.9231,0.34457,0.085225,1.2189e-06,9999,1,-1,0,8.9844,0.10866,0,0,0,0,0,0,0,0,1,1.8818,0.9993,-0.30943,0,0,0,0,0,10,0.085225,1.2189e-06,9999,-1,0,8.9844,0.10866,1.8818,0.9993,-0.30943,-0,0.0049164,1.8818,1,0.9993,-0.30943,1,0.33479,0.52851,0,0,0,0,0,0,0,1
0,0,0,0,0,0,0,0,1.2889,0.31014,-0.82745,1,0.0011201,-6.0415e-07,3.9868e-07,0,0,0,0.60423,999,999,999,0.83143,0.23712,0.14662,0.79132,0.147,6.0415e-07,9999,1,-1,424.8,3.6133,0.23712,0,0,0,0,0,0,0,0,1,1.2889,0.89741,-0.44229,0,0,0,0,0,10,0.147,6.0415e-07,9999,-1,424.8,3.6133,0.23712,1.2889,0.89741,-0.44229,-5,0.022992,1.2889,1,0.89741,-0.44229,1,0.0011201,0.41385,0,0,0,0,0,0,0,1
0,0,0,0,0,0,0,0,1.0261,0.68772,-0.22264,1,-0.33555,0.093223,0.053277,2,1,0.50004,1.3702,999,999,999,0.494,0.82011,1.2175,0.80532,0.23086,2.1897e-06,9999,1,-1,483.4,3.3691,0.27653,0,0,0,0,0,0,0,0,1,999,999,999,0,0,0,0,0,0,0,0,0,0,0,0,0,0,0,0,0,0.016724,1.0261,1,0.85475,0.86586,1,0.093223,0.0042297,0,0,0,0,0,0,0,1
0,0,0,0,0,0,0,0,0.75436,0.18754,0.55953,-1,-0.97302,0.1085,0.0056981,0,0,0,1.5324,-0.75436,-0.69488,-0.047861,0.71486,1.4691,0.72252,0,0,0,0,0,0,0,0,0,0,0,0,0,0,0,0,0,0,0,0,0,0,0,0,0,0,0,0,0,0,0,0,0,0,0,0,0,0,0.0097962,1.0781,1,0.90678,0,0,0,0,0,0,0,0,0,0,0,0
0,0,0,0,0,0,0,0,0.75062,0.98668,-0.77673,-1,-0.99985,-5.6568e-05,-5.4015e-05,1,0,0,0.78052,-0.75062,-0.94166,-0.74391,0.31341,0.61936,0.60836,0.85272,0.10518,4.8766e-07,9999,0,1,732.42,5.127,0.19549,0,0,0,0,0,0,0,0,1,0.75062,0.94166,-0.82156,0,0,0,0,0,10,0.10518,4.8766e-07,9999,1,732.42,5.127,0.19549,0.75062,0.94166,-0.82156,0,0.013453,0.75062,-1,0.94166,0.42826,-1,-0.99985,-0.70127,0,0,0,0,0,0,0,0
0,0,0,0,1.6466,0,-0.97892,1,0,0,0,0,0.00078787,2.8148e-06,-2.1847e-06,2,0,0,1.6076,999,999,999,1.6731,0.29544,0.27636,0,0,0,0,0,0,0,0,0,0,0,0,0,0,0,0,0,0,0,0,0,0,0,0,0,0,0,0,0,0,0,0,0,0,0,0,0,0,0.010099,1.6466,1,0.9938,0,0,0,0,0,0,0,0,0,0,0,1
0,0,0,0,0,0,0,0,0.56916,0.54185,-0.81419,1,0.0013319,4.9058e-05,-1.3385e-06,5,1,0.49878,0.58406,0.56916,-0.68209,-0.11232,0.15098,0.58751,0.15036,0.07113,0.053328,1.2522e-06,9999,1,-1,0,11.816,0.059572,0,1,0,0,0,0,0,0,1,0.56916,0.68209,-0.58275,0,0,0,0,0,10,0.17624,1.2102e-06,9999,-1,0,15.039,0.087629,0.56916,0.68209,-0.12449,-6,0.0070456,0.56916,1,0.68209,0.72636,1,0.0013319,0.66815,0,0,0,0,0,0,0,0
0,0,0,0,0,0,0,0,1.0861,1.1071,-0.56988,1,0.95499,0.023174,-0.00034339,0,0,0,0.91045,999,999,999,0.72494,0.80004,0.8694,0.99068,0.13856,3.3221e-07,9999,1,-1,3203.1,16.016,0.089337,0,0,0,0,0,0,0,0,1,999,999,999,0,0,0,0,0,0,0,0,0,0,0,0,0,0,0,0,0,0.0015278,1.0861,1,0.98436,0.99311,1,0.95499,0.8887,0,0,0,0,0,0,0,1
0,0,0,0,0,0,0,0,0.94696,0.62592,-0.58213,-1,-0.56103,2.9948e-06,2.4338e-06,0,0,0,0.81361,999,999,999,1.5211,0.3001,0.28451,0.96638,0.1783,3.7756e-07,9999,1,1,927.73,7.7148,0.13113,0,0,0,0,0,0,0,0,1,0.94696,0.97989,-0.98681,0,0,0,0,0,10,0.1783,3.7756e-07,9999,1,927.73,7.7148,0.13113,0.94696,0.97989,-0.98681,4,0.0037286,0.94696,-1,0.97989,-0.98681,-1,-0.56103,-0.73217,0,0,0,0,0,0,0,1
0.33481,1.7627,-0.99534,1,0,0,0,0,1.008,1.3256,0.60514,-1,-0.071702,0.0031263,-0.00040281,3,0,0,1.2651,-1.008,-0.86286,-0.67386,1.0681,0.51133,0.33789,0.80703,0.12678,5.3962e-07,9999,0,-1,620.12,3.418,0.21624,1,0,2.1498,2.2528,4.1502,0.11119,0.09132,0.75097,1,0.5326,0.30868,-0.31199,0,0,0,0,0,10,0.12678,5.3962e-07,9999,-1,620.12,3.418,0.21624,0.5326,0.30868,-0.31199,-0,0.0021695,1.008,-1,0.86286,0.9854,1,0.0031263,0.57365,0.33481,1.7627,-0.99534,1,1,0.047355,0.89227,0
0,0,0,0,0,0,0,0,0.90264,0,0.21655,-1,0.4807,-0.091754,-0.0034895,1,0,0,1.3983,999,999,999,1.4747,1.2809,1.1913,0,0,0,0,0,0,0,0,0,0,0,0,0,0,0,0,0,0,0,0,0,0,0,0,0,0,0,0,0,0,0,0,0,0,0,0,0,0,0.0054429,0.94903,-1,0.97962,0,0,0,0,0,0,0,0,0,0,0,0
0,0,0,0,0.94734,0.84856,0.89517,-1,0.27064,1.0364,-0.7697,1,-0.057781,9.3475e-06,3.9791e-06,0,0,0,0.95067,999,999,999,1.3647,0.38882,0.32148,0.99529,0.17736,3.9849e-07,9999,1,-1,791.02,6.6406,0.14649,0,0,0,0,0,0,0,0,1,999,999,999,0,0,0,0,0,10,0.24408,3.9791e-06,9999,1,444.34,3.9551,0.32148,0.94734,0.81868,-0.70309,6,0.013543,0.94734,-1,0.81868,0.86441,1,9.3475e-06,0.85028,0,0,0,0,0,0,0,1
0,0,0,0,0,0,0,0,0.45947,1.709,-0.78608,-1,-0.0048484,0.00062184,-8.9675e-06,2,0,0,0.68494,999,999,999,0.60076,0.36659,0.38535,0.97612,0.14144,4.9317e-07,9999,1,-1,683.59,3.6621,0.1979,0,0,0,0,0,0,0,0,1,999,999,999,0,0,0,0,0,0,0,0,0,0,0,0,0,0,0,0,0,0,0,0,0,0.70693,1,3.2262e-06,0.8561,0,0,0,0,0,0,0,0
0,0,0,0,0,0,0,0,0.78792,0.5122,-0.40708,1,3.4659e-05,-1.7632e-05,-1.2105e-05,0,0,0,0.84573,999,999,999,0.52752,0.44687,0.41121,0.68408,0.14187,4.7245e-07,9999,1,1,800.78,4.1016,0.18854,0,0,0,0,0,0,0,0,1,999,999,999,0,0,0,0,0,0,0,0,0,0,0,0,0,0,0,0,0,0.010663,0.78792,1,0.75221,0.21588,-1,-1.7632e-05,-0.30315,0,0,0,0,0,0,0,1
0,0,0,0,0,0,0,0,0.48359,0.95464,-0.23763,1,0.00077235,0.00022895,1.5754e-05,0,0,0,0.9514,0.53798,-0.86227,-0.80919,0.50894,0.4482,0.53528,0.45335,0.23133,1.3525e-06,9999,1,-1,478.52,4.3945,0.34554,0,0,0,0,0,0,0,0,1,0.53798,0.86227,-0.084343,0,0,0,0,0,10,0.24572,6.9287e-07,9999,-1,610.35,3.4668,0.2599,0.53798,0.86227,-0.48398,-6,0.040776,0.53798,1,0.86227,0.76377,1,4.1166e-06,9.071e-05,0,0,0,0,0,0,0,0
0,0,0,0,0,0,0,0,0.91247,0.11852,-0.97664,1,0.93662,0,0,0,0,0,0.64447,999,999,999,0.66659,0,0,0,0,0,0,0,0,0,0,0,0,0,0,0,0,0,0,0,0,0,0,0,0,0,0,0,0,0,0,0,0,0,0,0,0,0,0,0,0,0.020067,0.91247,1,0.94744,0,0,0,0,0,0,0,0,0,0,0,0
0,0,0,0,0,0,0,0,1.2824,0.52939,-0.30284,1,0.048832,6.9515e-06,-4.2744e-07,1,0,0,1.2803,999,999,999,1.3043,0.36461,0.16487,0.63207,0.07357,3.8111e-07,9999,0,-1,937.5,6.0059,0.13387,0,0,0,0,0,0,0,0,1,999,999,999,0,0,0,0,0,0,0,0,0,0,0,0,0,0,0,0,0,0.0054365,1.2824,1,0.99576,0.70017,1,0.048832,0.72007,0,0,0,0,0,0,0,0
0.60141,1.6229,-0.86038,-1,0,0,0,0,0.72398,0.36893,-0.082164,-1,-0.42342,0.00026892,-0.00011096,1,0,0,1.0619,999,999,999,0.95141,0.69449,0.79469,0.32478,0.045303,1.2122e-06,9999,0,1,0,3.3691,0.10147,0,0,0,0,0,0,0,0,1,0.72398,0.65364,-0.92259,0,0,0,0,0,10,0.045303,1.2122e-06,9999,1,0,3.3691,0.10147,0.72398,0.65364,-0.92259,11,0.0045877,0.72398,-1,0.65364,-0.0089937,-1,-0.42342,-0.70468,0.60141,1.6229,-0.86038,-1,1,0.0021464,0.84409,1
0,0,0,0,0,0,0,0,1.4258,0.73189,0.26987,1,0.00067398,-9.9634e-06,0,0,0,0,0.93809,999,999,999,1.0073,0.39422,0,0,0,0,0,0,0,0,0,0,0,0,0,0,0,0,0,0,0,0,0,0,0,0,0,0,0,0,0,0,0,0,0,0,0,0,0,0,0,0.016939,1.4258,1,0.9524,0,0,0,0,0,0,0,0,0,0,0,0
0,0,0,0,0,0,0,0,0.65511,0.1154,0.67391,1,-0.96091,-0.00206,0.00024365,1,0,0,1.1356,999,999,999,1.0767,0.80764,0.74207,0.64974,0.17809,4.7383e-07,9999,1,-1,600.59,3.8086,0.18919,0,0,0,0,0,0,0,0,1,0.65511,0.85983,-0.93849,0,0,0,0,0,10,0.17809,4.7383e-07,9999,-1,600.59,3.8086,0.18919,0.65511,0.85983,-0.93849,-4,0.030055,0.89196,-1,0.95739,-0.93849,1,0.00024365,0.049636,0,0,0,0,0,0,0,1
0,0,0,0,0,0,0,0,1.7985,0.27345,0.25343,1,0.98077,-0.00025589,0.00012595,0,0,0,1.876,1.7985,0.99863,-0.71833,0.85583,0.91628,2.5892,0,0,0,0,0,0,0,0,0,0,0,0,0,0,0,0,0,0,0,0,0,0,0,0,0,0,0,0,0,0,0,0,0,0,0,0,0,0,0.0034604,1.7985,1,0.99863,0,0,0,0,0,0,0,0,0,0,0,1
0,0,0,0,0,0,0,0,0.59197,0.16718,-0.85682,1,0.99998,-0.00018226,1.4891e-05,2,0,0,0.42938,0.59197,-0.88408,-0.015046,0.24116,0.1991,0.4303,0.3283,0.15434,1.2113e-06,9999,0,-1,0,38.281,0.097631,0,0,0,0,0,0,0,0,1,999,999,999,0,0,0,0,0,0,0,0,0,0,0,0,0,0,0,0,0,0.022337,0.59197,1,0.88408,0.83985,1,0.99998,0.071615,0,0,0,0,0,0,0,0
0.33379,0.67188,-0.39436,1,0,0,0,0,0.50691,0.6104,-0.95957,-1,-8.7503e-06,3.2595e-06,-1.4341e-06,2,1,0.49652,0.56123,999,999,999,0.38331,0.30646,0.24399,0.84979,0.19021,5.9545e-07,9999,0,1,458.98,4.4922,0.23456,0,1,0,0,0,0,0,0,1,999,999,999,0,0,0,0,0,0,0,0,0,0,0,0,0,0,0,0,0,0.026226,0.50691,-1,0.65078,0.76574,1,3.2595e-06,0.010204,0.33379,0.67188,-0.39436,1,1,0.0041698,0.54157,0
0,0,0,0,0,0,0,0,0.79986,1.1618,0.17252,-1,-0.99825,-5.4192e-06,2.7038e-06,1,0,0,0.69532,999,999,999,0.50265,0.34507,0.29242,0.83198,0.054043,1.2125e-06,9999,0,-1,0,26.562,0.083453,0,0,0,0,0,0,0,0,1,999,999,999,0,0,0,0,0,10,0.13277,4.9824e-07,9999,1,620.12,4.248,0.20007,0.79986,0.72862,-0.74096,6,0.00015314,0.79986,-1,0.72862,0.61983,-1,-0.99825,-0.71406,0,0,0,0,0,0,0,0
0,0,0,0,0,0,0,0,0.60929,0.916,-0.80795,1,0.038172,-0.0078368,0.00025205,1,0,0,1.0038,0.60929,-0.6803,-0.32791,0.20159,0.66267,0.77,0.83124,0.11659,3.4344e-07,9999,0,1,2695.3,17.383,0.10104,0,0,0,0,0,0,0,0,1,999,999,999,0,0,0,0,0,10,0.22519,1.5566e-06,9999,-1,781.25,3.5645,0.35972,0.63902,0.48254,-0.76588,-4,0.0010761,0.60929,1,0.6803,0.85013,-1,-9.1661e-06,-0.64705,0,0,0,0,0,0,0,0
0,0,0,0,0,0,0,0,0.85772,0.55462,-0.89586,1,-0.94683,9.5213e-05,0,0,0,0,0.92653,999,999,999,0.50798,0.78029,0,0,0,0,0,0,0,0,0,0,0,0,0,0,0,0,0,0,0,0,0,0,0,0,0,0,0,0,0,0,0,0,0,0,0,0,0,0,0,0.00038174,0.85772,1,0.96806,0,0,0,0,0,0,0,0,0,0,0,0
0,0,0,0,0,0,0,0,0.80878,0.9357,0.46717,1,0.99354,0.052183,-5.9949e-05,0,0,0,1.1132,0.80878,0.47371,-0.73348,0.59532,1.1751,0.63241,0.718,0.2039,5.5734e-07,9999,1,1,527.34,4.834,0.22243,0,0,0,0,0,0,0,0,1,999,999,999,0,0,0,0,0,0,0,0,0,0,0,0,0,0,0,0,0,0.00098402,0.78365,1,0.91856,0.95176,-1,-5.9949e-05,-0.013614,0,0,0,0,0,0,0,1
0,0,0,0,0,0,0,0,0.84918,0.9989,0.15237,-1,0.2827,0.0056653,-0.00062821,0,0,0,1.2358,0.74444,-0.98344,-0.74244,0.89716,0.64407,0.91707,0.23853,0.21811,3.7918e-06,9999,1,-1,502.93,3.0273,0.31784,0,0,0,0,0,0,0,0,1,0.74444,0.98344,-0.41049,0,0,0,0,0,10,0.23097,6.9279e-07,9999,-1,522.46,5.0293,0.25988,0.74444,0.98344,-0.64708,-4,0.021328,0.84918,-1,0.71679,0.91633,1,0.0056653,0.00044518,0,0,0,0,0,0,0,0
0,0,0,0,0,0,0,0,0.88635,1.5369,-0.56665,-1,0.96773,-0.087148,-1.6113e-05,0,0,0,1.0888,999,999,999,0.77758,1.1333,0.43791,0.17259,0.10335,4.1713e-07,9999,1,1,878.91,5.6641,0.15866,0,0,0,0,0,0,0,0,1,0.88635,0.9743,-0.27982,0,0,0,0,0,10,0.10335,4.1713e-07,9999,1,878.91,5.6641,0.15866,0.88635,0.9743,-0.27982,0,0.0033157,0.88635,-1,0.9743,-0.40363,1,0.96773,0.00084509,0,0,0,0,0,0,0,1
1.4064,0.23211,0.40449,1,0,0,0,0,0.5483,0.76882,-0.84281,-1,-0.0049168,-7.2662e-05,4.0195e-05,0,0,0,1.3725,999,999,999,0.53601,0.62454,2.0683,0,0,0,0,0,0,0,0,0,0,0,0,0,0,0,0,0,0,0,0,0,0,0,0,0,0,0,0,0,0,0,0,0,0,0,0,0,0,0.027005,1.4064,1,0.9728,0,0,0,0,0,0,0,0,0,0,0,0
0,0,0,0,0,0,0,0,0.1654,0.14118,-0.56636,1,-0.0021317,5.5878e-07,-5.3562e-07,0,0,0,0.54288,999,999,999,0.4868,0.22292,0.21478,0.74843,0.1654,5.5878e-07,9999,1,1,585.94,5.0293,0.22292,0,0,0,0,0,0,0,0,1,999,999,999,0,0,0,0,0,0,0,0,0,0,0,0,0,0,0,0,0,0.036455,0.59572,-1,0.95278,0.63188,-1,-0.0021317,-0.19045,0,0,0,0,0,0,0,1
0,0,0,0,0,0,0,0,1.1901,1.8759,-0.93903,1,0.85314,-0.8107,-6.9318e-05,0,0,0,1.3885,999,999,999,1.6653,1.1193,0.67963,0,0,0,0,0,0,0,0,0,0,0,0,0,0,0,0,0,0,0,0,0,0,0,0,0,0,0,0,0,0,0,0,0,0,0,0,0,0,0.00034288,1.1901,1,0.92132,0,0,0,0,0,0,0,0,0,0,0,1
0,0,0,0,0,0,0,0,1.3304,1.7145,-0.99233,1,0.96683,0.04458,-0.0001225,0,0,0,1.5537,1.3304,0.88688,-0.63072,0.75317,1.7192,0.72125,0.85597,0.14516,3.9137e-07,9999,1,-1,966.8,6.4453,0.14148,0,0,0,0,0,0,0,0,1,1.3304,0.88688,-0.96062,0,0,0,0,0,10,0.23837,2.1031e-06,9999,-1,634.77,4.3945,0.38843,1.0578,0.91207,-0.9353,-0,0.0059766,1.3304,1,0.88688,0.57381,1,0.96683,0.55224,0,0,0,0,0,0,0,1
0,0,0,0,0,0,0,0,0.8907,1.6156,-0.00013409,-1,0.9992,-0.97393,0.0026344,1,0,0,1.3169,999,999,999,0.45343,0.82898,0.85161,0.99426,0.072565,1.2092e-06,9999,0,1,0,4.8828,0.092432,1,0,0.19462,0.47188,0.69899,0.14824,0.030176,0.15616,1,999,999,999,0,0,0,0,0,10,0.058311,1.2679e-06,9999,-1,0,3.6621,0.054162,0.64449,0.94136,-0.80262,-21,0.0040962,0.8907,-1,0.96323,0.96926,-1,-0.97393,-0.88723,0,0,0,0,0,0,0,0
0,0,0,0,0,0,0,0,1.8259,0.87545,-0.89975,1,0.95443,0.092139,-4.6505e-06,0,0,0,1.8168,1.5014,0.95397,-0.93585,1.3932,2.2651,0.33332,0.96328,0.12209,1.2118e-06,9999,1,-1,0,18.75,0.084416,0,0,0,0,0,0,0,0,1,1.5014,0.95397,-0.84118,0,0,0,0,0,10,0.12209,1.2118e-06,9999,-1,0,18.75,0.084416,1.5014,0.95397,-0.84118,-2,0.0060031,1.8259,1,0.99309,0.97432,1,0.95443,0.8423,0,0,0,0,0,0,0,1
1.0925,0.22506,0.02355,-1,0,0,0,0,1.216,0.32125,-0.1242,1,0.24443,-2.9268e-05,0,0,0,0,1.517,999,999,999,1.152,1.5089,0,0,0,0,0,0,0,0,0,0,0,0,0,0,0,0,0,0,0,0,0,0,0,0,0,0,0,0,0,0,0,0,0,0,0,0,0,0,0,0.0057946,1.216,1,0.99906,0,0,0,0,0,0,0,0,0,0,0,0
0,0,0,0,0,0,0,0,1.1867,1.104,0.62153,1,0.99988,-0.94864,-0.043133,0,0,0,1.5646,1.1867,0.91185,-0.87602,0.35024,0.92296,1.1285,0,0,0,0,0,0,0,0,0,0,0,0,0,0,0,0,0,0,0,0,0,0,0,0,0,0,0,0,0,0,0,0,0,0,0,0,0,0,0.0053629,1.1867,1,0.91185,0,0,0,0,0,0,0,0,0,0,0,1
0,0,0,0,0,0,0,0,0.7117,0.23689,-0.85952,1,0.98248,5.6228e-05,-1.5103e-06,0,0,0,0.89443,999,999,999,0.88044,0.61757,0.24804,0.96984,0.24205,1.5103e-06,9999,1,-1,532.23,4.248,0.24804,0,0,0,0,0,0,0,0,1,0.7117,0.45493,-0.22429,0,0,0,0,0,10,0.24205,1.5103e-06,9999,-1,532.23,4.248,0.24804,0.7117,0.45493,-0.22429,-6,0.0030823,0.7117,1,0.45493,-0.22429,1,0.98248,0.093524,0,0,0,0,0,0,0,0
0,0,0,0,1.1857,0,0.51656,-1,1.8652,0.42073,-0.83187,1,0.075391,-0.054758,-0.00056086,2,0,0,2.1594,999,999,999,1.839,1.3538,0.31834,0.99204,0.1319,3.9592e-07,9999,1,1,625,6.4453,0.14471,0,0,0,0,0,0,0,0,1,1.1857,0.92645,-0.95715,0,0,0,0,0,10,0.18118,3.9537e-07,9999,1,595.7,8.2031,0.14432,1.1857,0.92645,-0.51219,9,0.016668,1.8652,1,0.99736,-0.95715,-1,-0.054758,-0.8935,0,0,0,0,0,0,0,0
0,0,0,0,0,0,0,0,0.84371,1.0471,0.2964,-1,-0.0045097,0.00038512,1.0249e-05,1,1,0.50345,1.3371,999,999,999,1.1293,1.4848,0.39664,0.99816,0.14884,4.7272e-07,9999,0,-1,693.36,5.4688,0.18867,0,0,0,0,0,0,0,0,1,1.0644,0.81493,-0.77829,0,0,0,0,0,10,0.14884,4.7272e-07,9999,-1,693.36,5.4688,0.18867,1.0644,0.81493,-0.77829,-0,0.047015,1.0644,1,0.81493,0.97198,1,1.0249e-05,0.49287,0,0,0,0,0,0,0,0
0,0,0,0,0,0,0,0,0.49413,1.0409,-0.998,1,0.0025352,-0.002415,0.00011162,2,0,0,0.51751,999,999,999,0.512,0.50727,0.60175,0,0,0,0,0,0,0,0,0,0,0,0,0,0,0,0,0,0,0,0,0,0,0,0,0,0,0,0,0,0,0,0,0,0,0,0,0,0,0,0,0,0,0,0,0,0,0,0,0,0,0,0,0,0
0,0,0,0,0,0,0,0,0.66614,0,-0.94854,-1,8.2195e-05,-4.7447e-05,-4.4577e-06,1,0,0,0.65852,999,999,999,0.64961,0.58081,0.33009,0,0,0,0,0,0,0,0,0,0,0,0,0,0,0,0,0,0,0,0,0,0,0,0,0,0,0,0,0,0,0,0,0,0,0,0,0,0,0.01372,0.66614,-1,0.94854,0,0,0,0,0,0,0,0,0,0,0,1
1.4567,0.51621,-0.97759,1,0,0,0,0,0.099572,0.89588,0.90493,-1,-0.0003246,7.7239e-05,-1.222e-06,0,0,0,1.478,999,999,999,0.65305,2.0146,0.074424,0.96309,0.099572,1.222e-06,9999,1,-1,0,3.5156,0.074424,0,0,0,0,0,0,0,0,1,1.4567,0.99428,-0.95104,0,0,0,0,0,10,0.099572,1.222e-06,9999,-1,0,3.5156,0.074424,1.4567,0.99428,-0.95104,-21,0.0046551,1.4567,1,0.99428,-0.95104,1,7.7239e-05,0.84764,0.71814,0.34919,0.69025,-1,2,0.026159,0.87872,1
1.1388,0,-0.86977,-1,0,0,0,0,0.60948,0,-0.85111,1,0.99972,-0.096929,-3.2344e-06,0,0,0,0.99807,999,999,999,0.33553,0.92363,0.30587,0,0,0,0,0,0,0,0,0,0,0,0,0,0,0,0,0,0,0,0,0,0,0,0,0,0,0,0,0,0,0,0,0,0,0,0,0,0,0.022217,1.1388,-1,0.86977,0,0,0,0,0,0,0,0,0,0,0,1
0,0,0,0,0,0,0,0,1.1338,0.34622,-0.38793,-1,-0.90194,2.9613e-05,2.6158e-06,0,1,0.49256,1.1417,999,999,999,1.5137,0.57876,0.28993,0.46442,0.13236,4.7023e-07,9999,1,-1,600.59,5.8594,0.18749,0,1,0,0,0,0,0,0,1,999,999,999,0,0,0,0,0,0,0,0,0,0,0,0,0,0,0,0,0,0.010666,1.1338,-1,0.7256,-0.5441,1,2.9613e-05,0.23435,0,0,0,0,0,0,0,0
0,0,0,0,0,0,0,0,0.73016,0.76285,-0.1725,1,-0.99995,3.5626e-05,-2.1328e-05,3,0,0,0.71274,999,999,999,0.29092,0.53023,0.46683,0.2418,0.24905,5.8583e-07,9999,0,-1,566.41,5.1758,0.23164,0,0,0,0,0,0,0,0,1,0.73016,0.94557,-0.26066,0,0,0,0,0,10,0.24905,5.8583e-07,9999,-1,566.41,5.1758,0.23164,0.73016,0.94557,-0.26066,-6,0.012483,0.73016,1,0.94557,0.27133,1,1.5807e-06,3.0189e-05,0,0,0,0,0,0,0,0
0,0,0,0,0,0,0,0,0.72378,1.3036,-0.99839,-1,-0.0728,7.9925e-06,-3.1311e-06,2,0,0,0.8125,999,999,999,0.8999,0.37586,0.27257,0.83952,0.073183,1.2743e-06,9999,0,1,0,8.1055,0.13399,0,0,0,0,0,0,0,0,1,0.72378,0.99623,-0.87547,0,0,0,0,0,10,0.073183,1.2743e-06,9999,1,0,8.1055,0.13399,0.72378,0.99623,-0.87547,2,0.0060058,0.72378,-1,0.99623,-0.87547,-1,-0.0728,-0.74616,0,0,0,0,0,0,0,0
0,0,0,0,0,0,0,0,0.55027,0.58201,-0.47603,-1,-0.71706,-1.374e-05,9.5776e-06,0,0,0,0.81655,999,999,999,0.61772,0.42275,0.39087,0.40317,0.060637,1.214e-06,9999,1,1,0,20.898,0.081565,0,0,0,0,0,0,0,0,1,999,999,999,0,0,0,0,0,0,0,0,0,0,0,0,0,0,0,0,0,0.00026127,0.55027,-1,0.96034,0.62741,-1,-0.71706,-0.68048,0,0,0,0,0,0,0,0
1.1362,0.69394,-0.68363,1,1.3214,0.1066,0.32689,-1,0,0,0,0,-0.05632,-0.02944,0.0061186,2,0,0,1.7246,999,999,999,0.91139,1.4621,1.418,0,0,0,0,0,0,0,0,0,0,0,0,0,0,0,0,0,0,0,0,0,0,0,0,0,0,0,0,0,0,0,0,0,0,0,0,0,0,0.0025305,1.3214,-1,0.96436,0,0,0,0,0,0,0,0,0,0,0,0
0,0,0,0,0,0,0,0,0.49423,0.33756,0.77331,1,0.024192,-4.8673e-05,2.5084e-05,0,0,0,0.91233,999,999,999,0.79873,0.55386,0.48522,0,0,0,0,0,0,0,0,0,0,0,0,0,0,0,0,0,0,0,0,0,0,0,0,0,0,0,0,0,0,0,0,0,0,0,0,0,0,0.012219,0.74014,-1,0.74299,0,0,0,0,0,0,0,0,0,0,0,0
0,0,0,0,0,0,0,0,0.87751,1.352,-0.84721,1,0.96317,0.00051431,-0.00018159,1,0,0,0.86141,0.87751,-0.66514,-0.29118,0.88115,0.58617,0.19733,0,0,0,0,0,0,0,0,0,0,0,0,0,0,0,0,0,0,0,0,0,0,0,0,0,0,0,0,0,0,0,0,0,0,0,0,0,0,0.0042091,0.87751,1,0.66514,0,0,0,0,0,0,0,0,0,0,0,1
0,0,0,0,0,0,0,0,0.24987,0.32535,0.20677,1,0.0099165,-1.0448e-05,1.2149e-06,4,0,0,0.54683,999,999,999,0.6934,0.39829,0.10497,0.8788,0.047231,1.2149e-06,9999,0,1,0,8.8867,0.10497,0,0,0,0,0,0,0,0,1,999,999,999,0,0,0,0,0,0,0,0,0,0,0,0,0,0,0,0,0,0,0,0,0,0.72527,-1,-1.0448e-05,-0.77844,0,0,0,0,0,0,0,1
0,0,0,0,0,0,0,0,0.66735,0.61371,-0.40959,-1,-0.95669,0.9565,0.0051054,0,0,0,1.4606,-0.66735,-0.46246,-0.83129,0.96235,0.56942,1.0737,0,0,0,0,0,0,0,0,0,0,0,0,0,0,0,0,0,0,0,0,0,0,0,0,0,0,0,0,0,0,0,0,0,0,0,0,0,0,0.019792,1.0326,1,0.98654,0,0,0,0,0,0,0,0,0,0,0,1
0,0,0,0,0.65917,0.96132,-0.45641,-1,1.4784,0,0.16058,1,0.90922,-0.00020012,0.00017523,2,1,0.49517,1.7395,1.1215,0.59463,-0.41801,1.5052,0.73592,0.80999,0,0,0,0,0,0,0,0,0,0,0,0,0,0,0,0,0,0,0,0,0,0,0,0,0,0,0,0,0,0,0,0,0,0,0,0,0,0,0.0002166,1.4784,1,0.97129,0,0,0,0,0,0,0,0,0,0,0,1
0,0,0,0,0,0,0,0,0.62002,0.47958,-0.02969,1,-0.99997,-0.96672,0.00026018,3,1,0.49963,1.1351,-0.63963,0.96383,-0.73385,0.2961,0.95094,0.7816,0.9327,0.14116,4.7189e-07,9999,1,1,551.76,4.8828,0.18828,0,0,0,0,0,0,0,0,1,0.59557,0.51969,-0.28296,0,0,0,0,0,10,0.11448,1.2547e-06,9999,1,0,13.672,0.1273,0.63963,0.96383,-0.57727,2,0.0039445,0.63963,-1,0.96383,0.908,-1,-0.96672,-0.75056,0,0,0,0,0,0,0,0
0,0,0,0,0,0,0,0,1.664,0.13912,-0.73109,-1,-0.73635,-1.3199e-06,1.2451e-06,0,0,0,1.6485,999,999,999,2.1843,0.1462,0.33656,0.48272,0.16268,1.3199e-06,9999,1,-1,0,8.3008,0.1462,0,0,0,0,0,0,0,0,1,999,999,999,0,0,0,0,0,0,0,0,0,0,0,0,0,0,0,0,0,0.00033828,1.664,-1,0.93967,0.39241,1,1.2451e-06,0.064111,0,0,0,0,0,0,0,1
0,0,0,0,0,0,0,0,0.80713,1.1703,-0.78056,-1,-0.27814,0.00039757,-6.1851e-05,2,1,0.49897,1.1058,999,999,999,0.92697,0.67681,0.641,0.86525,0.21982,1.7732e-06,9999,1,-1,625,4.1016,0.26046,0,0,0,0,0,0,0,0,1,0.56325,0.5476,-0.84861,0,0,0,0,0,10,0.21982,1.7732e-06,9999,-1,625,4.1016,0.26046,0.56325,0.5476,-0.84861,-6,0,0,0,0,-0.84861,1,0.00039757,0.032218,0,0,0,0,0,0,0,0
0,0,0,0,0,0,0,0,0.43069,1.0103,-0.65751,1,-0.91848,-0.91364,0.0003032,1,0,0,0.51202,999,999,999,0.31471,0.62903,0.69654,0.16015,0.19555,0.91848,9999,1,-1,0,12.402,0.31471,0,0,0,0,0,0,0,0,1,999,999,999,0,0,0,0,0,0,0,0,0,0,0,0,0,0,0,0,0,0,0,0,0,-0.60946,1,0.0003032,2.685e-05,0,0,0,0,0,0,0,0
1.2776,1.5224,-0.81044,-1,0,0,0,0,1.9751,0.23473,0.83904,1,0.39584,-0.0074214,0.00015069,2,1,0.49926,2.1687,1.0243,-0.88346,-0.90461,2.9084,1.3153,0.69498,0,0,0,0,0,0,0,0,0,0,0,0,0,0,0,0,0,0,0,0,0,0,0,0,0,0,0,0,0,0,0,0,0,0,0,0,0,0,0.015365,1.9751,1,0.99085,0,0,0,0,0,0,0,0,0,0,0,1
0,0,0,0,1.2577,0,0.77167,-1,0.84864,1.2621,-0.95179,-1,-0.99626,0.0061687,-0.0002173,0,0,0,1.2413,-1.2577,0.97992,-0.59683,0.45961,0.52784,1.8785,0,0,0,0,0,0,0,0,0,0,0,0,0,0,0,0,0,0,0,0,0,0,0,0,0,0,0,0,0,0,0,0,0,0,0,0,0,0,0.016751,1.2577,-1,0.97992,0,0,0,0,0,0,0,0,0,0,0,0
0,0,0,0,0,0,0,0,0.092087,0.74205,-0.45729,-1,0.0010172,2.9984e-05,-1.3391e-05,4,0,0,0.83855,999,999,999,0.92588,0.57965,0.42464,0.71517,0.091047,3.1839e-07,9999,1,1,5156.2,28.125,0.073367,0,0,0,0,0,0,0,0,1,999,999,999,0,0,0,0,0,10,0.12502,1.6427e-06,9999,-1,0,4.5898,0.19357,0.66166,0.86684,-0.68467,-5,0.020592,0.66166,1,0.86684,0.61903,-1,-1.3391e-05,-0.67007,0,0,0,0,0,0,0,0
0,0,0,0,0,0,0,0,0.49849,1.1403,-0.65555,1,6.3609e-05,-2.7394e-05,-1.766e-05,2,0,0,0.70901,999,999,999,0.64944,0.49598,0.36028,0.3068,0.22576,5.5927e-06,9999,1,1,0,4.3457,0.32326,0,0,0,0,0,0,0,0,1,0.54896,0.61553,-0.078494,0,0,0,0,0,10,0.22576,5.5927e-06,9999,1,0,4.3457,0.32326,0.54896,0.61553,-0.078494,0,0,0,0,0,-0.078494,-1,-1.766e-05,-0.00032193,0,0,0,0,0,0,0,1
0,0,0,0,0,0,0,0,1.0534,1.159,-0.20675,1,0.96732,7.6737e-05,2.563e-05,3,0,0,1.1757,0.59447,-0.7106,-0.47928,1.6456,0.71832,0.4877,0.46003,0.14177,4.7146e-07,9999,1,-1,600.59,6.7383,0.18807,0,0,0,0,0,0,0,0,1,1.0534,0.8558,-0.29407,0,0,0,0,0,10,0.14177,4.7146e-07,9999,-1,600.59,6.7383,0.18807,1.0534,0.8558,-0.29407,-5,0.021279,1.0534,1,0.8558,0.70306,1,0.96732,0.10019,0,0,0,0,0,0,0,1
0,0,0,0,0,0,0,0,1.0106,2.0491,-0.86968,1,-0.99951,0.99202,-0.95567,3,1,0.49442,1.5264,999,999,999,0.42458,0.61249,0.57957,0.92664,0.1071,1.3699e-06,9999,1,-1,0,5.3711,0.15669,0,0,0,0,0,0,0,0,1,1.0106,0.84913,-0.72676,0,0,0,0,0,10,0.1071,1.3699e-06,9999,-1,0,5.3711,0.15669,1.0106,0.84913,-0.72676,-2,0.014744,1.0106,1,0.84913,-0.91976,1,0.99202,0.78812,0,0,0,0,0,0,0,1
0,0,0,0,0,0,0,0,0.97421,0.68944,0.3102,1,0.96824,0.0001128,-3.5311e-05,0,1,0.49381,1.195,0.97421,-0.96417,-0.94606,1.4174,0.78174,0.53062,0.86486,0.23707,3.2045e-06,9999,1,-1,556.64,3.8086,0.30518,0,0,0,0,0,0,0,0,1,0.97421,0.96417,-0.85939,0,0,0,0,0,10,0.23707,3.2045e-06,9999,-1,556.64,3.8086,0.30518,0.97421,0.96417,-0.85939,-5,0.0089152,0.97421,1,0.96417,0.86451,1,0.96824,0.0075508,0,0,0,0,0,0,0,1
0,0,0,0,0,0,0,0,0.45501,0.91288,-0.15614,1,0.99606,-0.96302,0.89459,1,0,0,1.2373,999,999,999,0.54847,0.53018,0.26543,0.16012,0.078662,1.2097e-06,9999,1,1,0,17.578,0.096235,0,0,0,0,0,0,0,0,1,0.84151,0.97531,-0.029605,0,0,0,0,0,10,0.078662,1.2097e-06,9999,1,0,17.578,0.096235,0.84151,0.97531,-0.029605,0,0.037031,0.84151,-1,0.97531,-0.33765,-1,-0.96302,-0.54781,0,0,0,0,0,0,0,1
0,0,0,0,0,0,0,0,2.1042,0.44618,-0.99684,-1,0.0063559,-0.0019553,-6.1252e-06,0,0,0,1.8559,999,999,999,0.52473,3.0755,0.3546,0.9131,0.23589,4.1486e-07,9999,1,1,673.83,3.2227,0.15724,0,0,0,0,0,0,0,0,1,2.1042,0.99581,-0.92946,0,0,0,0,0,10,0.23589,4.1486e-07,9999,1,673.83,3.2227,0.15724,2.1042,0.99581,-0.92946,8,0.012224,2.1042,-1,0.99581,-0.27485,-1,-6.1252e-06,-0.027252,0,0,0,0,0,0,0,0
0,0,0,0,0,0,0,0,1.3902,0.25782,0.45649,-1,0.029387,-0.00031483,0.0001861,3,0,0,1.9406,999,999,999,1.4746,1.7541,0.20787,0.17249,0.13518,3.3679e-07,9999,0,-1,1660.2,12.207,0.09424,0,0,0,0,0,0,0,0,1,1.3281,0.95267,-0.12647,0,0,0,0,0,10,0.15519,1.2466e-06,9999,1,0,12.207,0.12409,1.3902,0.98936,-0.30454,0,0.0012688,1.3281,1,0.95267,0.89637,1,2.4693e-05,0.13482,0,0,0,0,0,0,0,1
1.561,0,-0.46265,-1,0,0,0,0,0.73112,0.57138,0.43263,1,0.00067919,-5.6329e-05,1.3965e-05,0,0,0,1.7277,999,999,999,0.79451,1.987,0.42426,0,0,0,0,0,0,0,0,0,0,0,0,0,0,0,0,0,0,0,0,0,0,0,0,0,0,0,0,0,0,0,0,0,0,0,0,0,0,0.001073,1.561,-1,0.98128,0,0,0,0,0,0,0,0,0,0,0,0
0,0,0,0,0.45623,0.30876,-0.20997,1,0.39193,0.27351,-0.78736,1,0.008468,-0.00064836,-1.3131e-06,2,0,0,0.38016,999,999,999,0.70483,0.4362,0.042077,0,0,0,0,0,0,0,0,0,0,0,0,0,0,0,0,0,0,0,0,0,0,0,0,0,0,0,0,0,0,0,0,0,0,0,0,0,0,0,0,0,0,0,0,0,0,0,0,0,0,0,0,0,0
0,0,0,0,0,0,0,0,1.2988,0,-0.705,1,-0.057067,0.024203,0,0,0,0,1.2708,999,999,999,0.82877,1.946,0,0,0,0,0,0,0,0,0,0,0,0,0,0,0,0,0,0,0,0,0,0,0,0,0,0,0,0,0,0,0,0,0,0,0,0,0,0,0,0.0024289,1.2988,1,0.7846,0,0,0,0,0,0,0,0,0,0,0,0
0,0,0,0,0,0,0,0,0.88821,1.0328,-0.85901,1,0.9915,6.1008e-06,4.7094e-06,2,0,0,0.78437,999,999,999,0.60107,0.35429,0.33428,0.89844,0.19856,4.8563e-07,9999,0,-1,703.12,7.5195,0.19459,0,0,0,0,0,0,0,0,1,999,999,999,0,0,0,0,0,10,0.15912,5.1445e-07,9999,-1,585.94,4.8828,0.20671,0.88821,0.79266,-0.43816,-4,0.0023973,0.88821,1,0.79266,0.8312,1,0.9915,0.21957,0,0,0,0,0,0,0,0
0,0,0,0,0,0,0,0,0.92861,0.40491,0.6658,-1,-0.95996,0.00011718,-2.3218e-05,2,1,0.49601,1.224,999,999,999,1.3176,0.75384,0.47638,0,0,0,0,0,0,0,0,0,0,0,0,0,0,0,0,0,0,0,0,0,0,0,0,0,0,0,0,0,0,0,0,0,0,0,0,0,0,0.012955,0.92861,-1,0.98063,0,0,0,0,0,0,0,0,0,0,0,1
0,0,0,0,0,0,0,0,1.4922,0.67828,-0.77134,-1,0.95176,-0.87368,-3.849e-06,1,0,0,1.8218,999,999,999,1.6301,1.8356,0.29182,0.75933,0.17941,4.9853e-07,9999,1,-1,625,5.1758,0.20019,0,0,0,0,0,0,0,0,1,999,999,999,0,0,0,0,0,0,0,0,0,0,0,0,0,0,0,0,0,0.0048732,1.4922,-1,0.96349,0.75303,1,0.95176,0.10798,0,0,0,0,0,0,0,1
0.72284,0,0.41269,1,0,0,0,0,1.0013,0.72284,-0.50441,-1,0.99623,-0.97374,0.094957,0,0,0,1.167,0.72284,-0.94134,-0.97037,0.45969,0.26406,0.86496,0,0,0,0,0,0,0,0,0,0,0,0,0,0,0,0,0,0,0,0,0,0,0,0,0,0,0,0,0,0,0,0,0,0,0,0,0,0,0.028812,1.0013,-1,0.70423,0,0,0,0,0.72284,0,0.41269,1,1,0.00822,0.94134,1
0,0,0,0,0,0,0,0,0.83895,1.5552,-0.69656,-1,-0.99999,0.99892,0.99688,0,0,0,0.74021,999,999,999,0.23097,0.47264,0.55597,0.77551,0.22948,1.1068e-06,9999,1,-1,541.99,4.2969,0.22326,0,0,0,0,0,0,0,0,1,999,999,999,0,0,0,0,0,0,0,0,0,0,0,0,0,0,0,0,0,0.06897,0.83895,-1,0.95021,-0.50593,1,0.99892,0.0030365,0,0,0,0,0,0,0,1
0,0,0,0,0,0,0,0,0.91167,1.1143,-0.30939,-1,-0.10624,0.0080684,0,1,1,0.49345,0.54008,999,999,999,1.446,0.9225,0,0,0,0,0,0,0,0,0,0,0,0,0,0,0,0,0,0,0,0,0,0,0,0,0,0,0,0,0,0,0,0,0,0,0,0,0,0,0,0.015311,0.91167,-1,0.90847,0,0,0,0,0,0,0,0,0,0,0,0
0,0,0,0,0,0,0,0,0.90566,0.39537,-0.75129,1,0.98338,-0.2285,0.0047855,2,0,0,1.6233,0.90566,0.79302,-0.54493,0.73999,1.2745,1.0893,0.79755,0.24635,3.5751e-06,9999,1,1,493.16,5.0781,0.3134,0,0,0,0,0,0,0,0,1,0.77096,0.54888,-0.52653,0,0,0,0,0,10,0.24635,3.5751e-06,9999,1,493.16,5.0781,0.3134,0.77096,0.54888,-0.52653,6,0.020457,1.0537,1,0.86274,0.15733,-1,-0.2285,-0.00091725,0,0,0,0,0,0,0,1
0,0,0,0,0,0,0,0,1.3736,0.097267,-0.78074,1,0.047939,0,0,0,0,0,1.2891,999,999,999,1.3089,0,0,0,0,0,0,0,0,0,0,0,0,0,0,0,0,0,0,0,0,0,0,0,0,0,0,0,0,0,0,0,0,0,0,0,0,0,0,0,0,0.0092847,1.3736,1,0.78073,0,0,0,0,0,0,0,0,0,0,0,1
1.3059,0,-0.68011,-1,0,0,0,0,0,0,0,0,-0.04183,0.0002648,1.5309e-05,1,1,0.49794,1.0022,999,999,999,0.85534,1.4379,0.43309,0,0,0,0,0,0,0,0,0,0,0,0,0,0,0,0,0,0,0,0,0,0,0,0,0,0,0,0,0,0,0,0,0,0,0,0,0,0,0.02115,1.3059,-1,0.98685,0,0,0,0,0.9684,0.12844,0.32637,1,2,0.012564,0.9667,0
0,0,0,0,0,0,0,0,0.94801,0.25709,0.45641,-1,-0.1768,-0.018631,2.4186e-06,0,0,0,1.2538,-0.82675,0.99565,-0.9652,0.98208,1.0667,0.28403,0,0,0,0,0,0,0,0,0,0,0,0,0,0,0,0,0,0,0,0,0,0,0,0,0,0,0,0,0,0,0,0,0,0,0,0,0,0,0.010791,0.94801,-1,0.97511,0,0,0,0,0,0,0,0,0,0,0,0
0,0,0,0,0,0,0,0,0.46284,0.046691,-0.77905,1,-0.99995,-0.067698,0.0036175,2,1,0.49326,0.53733,999,999,999,0.31286,1.2227,0.85118,0,0,0,0,0,0,0,0,0,0,0,0,0,0,0,0,0,0,0,0,0,0,0,0,0,0,0,0,0,0,0,0,0,0,0,0,0,0,0,0,0,0,0,0,0,0,0,0,0,0,0,0,0,1
0,0,0,0,0.60872,0.63586,-0.66149,-1,0.82935,0.23424,-0.6696,-1,-0.98716,-0.1206,-0.00032864,0,0,0,1.2014,999,999,999,0.52236,0.93361,0.98044,0.14844,0.18812,6.3565e-07,9999,1,1,546.88,5.2246,0.24587,0,0,0,0,0,0,0,0,1,0.61863,0.61107,-0.56826,0,0,0,0,0,10,0.18812,6.3565e-07,9999,1,546.88,5.2246,0.24587,0.61863,0.61107,-0.56826,0,0.0076939,0.82935,-1,0.68321,-0.56826,-1,-0.98716,-0.0028543,0,0,0,0,0,0,0,0
0,0,0,0,0,0,0,0,0.52319,0.56506,-0.96093,-1,-4.1617e-05,1.4181e-05,-1.3004e-06,0,0,0,0.63008,999,999,999,0.55683,0.42569,0.14139,0.88751,0.092931,4.2145e-07,9999,0,-1,771.48,6.1523,0.1613,0,0,0,0,0,0,0,0,1,999,999,999,0,0,0,0,0,0,0,0,0,0,0,0,0,0,0,0,0,0.014927,0.52319,-1,0.87183,0.91831,1,1.4181e-05,0.75335,0,0,0,0,0,0,0,1
0,0,0,0,0,0,0,0,0.82782,1.4368,-0.75744,-1,-0.99973,-0.99949,-0.70794,2,0,0,1.3187,-0.83984,-0.98067,-0.96528,0.35513,0.42675,1.0399,0.99716,0.058005,1.2099e-06,9999,0,1,0,19.336,0.088433,0,0,0,0,0,0,0,0,1,0.82782,0.70452,-0.75576,0,0,0,0,0,10,0.058005,1.2099e-06,9999,1,0,19.336,0.088433,0.82782,0.70452,-0.75576,5,0.00058623,0.83984,-1,0.98067,-0.75576,-1,-0.70794,-0.88488,0,0,0,0,0,0,0,0
0.47666,1.1004,-0.68546,1,0,0,0,0,0.9239,0.82033,-0.61321,-1,-0.96627,0.0098224,0.00063777,3,2,0.49778,1.2524,-0.64229,-0.97732,-0.96583,1.1675,0.66017,0.46571,0,0,0,0,0,0,0,0,0,0,0,0,0,0,0,0,0,0,0,0,0,0,0,0,0,0,0,0,0,0,0,0,0,0,0,0,0,0,0.01299,0.9239,-1,0.93746,0,0,0,0,0.47666,1.1004,-0.68546,1,1,0.0098146,0.39837,0
0,0,0,0,0,0,0,0,0.7142,1.5331,-0.91296,1,-0.1157,3.6217e-05,3.4857e-05,2,1,0.50285,1.0586,999,999,999,0.8284,0.53144,0.52871,0.98302,0.23003,4.8237e-07,9999,1,-1,512.7,4.1992,0.19313,0,0,0,0,0,0,0,0,1,999,999,999,0,0,0,0,0,0,0,0,0,0,0,0,0,0,0,0,0,0.023025,0.7142,1,0.88885,0.93306,1,3.6217e-05,0.28417,0,0,0,0,0,0,0,0
0,0,0,0,0.57942,1.1534,0.11468,1,0.59026,0.97287,0.1362,-1,-0.93041,-0.53547,6.6243e-05,0,0,0,0.91028,-0.59026,0.99618,-0.10206,0.35704,0.70245,0.65956,0.083532,0.2236,0.93041,9999,1,-1,0,9.4727,0.35704,0,0,0,0,0,0,0,0,1,999,999,999,0,0,0,0,0,0,0,0,0,0,0,0,0,0,0,0,0,0.0099643,0.57942,1,0.99519,0.044601,1,3.968e-06,2.4771e-05,0,0,0,0,0,0,0,0
0,0,0,0,0,0,0,0,1.4519,0.77616,-0.99977,-1,-0.084604,1.4289e-06,0,0,0,0,0.90732,999,999,999,1.0159,0.35132,0,0.31325,0.24799,1.4289e-06,9999,1,1,527.34,3.9551,0.35132,0,0,0,0,0,0,0,0,1,999,999,999,0,0,0,0,0,0,0,0,0,0,0,0,0,0,0,0,0,0.0025281,1.4519,-1,0.97421,0.11528,-1,-0.084604,-8.979e-05,0,0,0,0,0,0,0,0
0.7501,0.97461,-0.51059,-1,0,0,0,0,0.83956,0.46822,-0.24872,1,-0.99981,0.97606,-0.00034206,2,0,0,1.0967,999,999,999,0.34194,0.86958,0.59061,0.77162,0.14455,6.1243e-07,9999,1,1,507.81,4.8828,0.2395,0,0,0,0,0,0,0,0,1,0.7501,0.64746,-0.78839,0,0,0,0,0,10,0.14455,6.1243e-07,9999,1,507.81,4.8828,0.2395,0.7501,0.64746,-0.78839,4,0.010298,0.83956,1,0.83006,-0.40887,-1,-0.99981,-0.40074,0.7501,0.97461,-0.51059,-1,1,0.0078383,0.64746,0
0,0,0,0,0,0,0,0,1.1363,0.091604,0.5751,1,-0.045742,0.0016206,-0.00050926,2,0,0,1.5775,999,999,999,0.96389,1.4069,0.58952,0,0,0,0,0,0,0,0,0,0,0,0,0,0,0,0,0,0,0,0,0,0,0,0,0,0,0,0,0,0,0,0,0,0,0,0,0,0,0.029994,1.231,-1,0.91868,0,0,0,0,0,0,0,0,0,0,0,1
0,0,0,0,0,0,0,0,0.15352,0,0.40851,-1,-0.79505,0.0020075,0.00054564,0,0,0,0.84092,999,999,999,0.63189,0.85329,0.5896,0.52798,0.15352,5.4226e-07,9999,1,-1,527.34,4.3457,0.21718,0,0,0,0,0,0,0,0,1,0.5828,0.92522,-0.52811,0,0,0,0,0,10,0.15352,5.4226e-07,9999,-1,527.34,4.3457,0.21718,0.5828,0.92522,-0.52811,-1,0.017743,0.58962,1,0.39385,0.56179,1,0.0020075,0.11536,0,0,0,0,0,0,0,0
0,0,0,0,0,0,0,0,1.539,0.29241,0.64355,-1,-0.96342,-0.012206,-0.00035344,0,0,0,1.767,-1.1131,-0.84594,-0.49184,2.3638,1.4781,0.49945,0.75251,0.20651,4.6841e-07,9999,1,1,595.7,3.9062,0.18661,0,0,0,0,0,0,0,0,1,1.1131,0.84594,-0.96836,0,0,0,0,0,10,0.20651,4.6841e-07,9999,1,595.7,3.9062,0.18661,1.1131,0.84594,-0.96836,8,0.0062141,1.539,-1,0.87399,0.33783,-1,-0.96342,-0.01621,0,0,0,0,0,0,0,0
0,0,0,0,0,0,0,0,0.22901,1.6431,-0.88101,1,-2.3606e-05,7.5995e-06,-1.2233e-06,1,0,0,0.58303,999,999,999,0.47828,0.37176,0.073539,0.7403,0.20192,9.9617e-07,9999,1,1,468.75,4.541,0.31046,0,0,0,0,0,0,0,0,1,999,999,999,0,0,0,0,0,0,0,0,0,0,0,0,0,0,0,0,0,0.023153,0.52231,1,0.9697,0.95221,-1,-1.2233e-06,-0.0077924,0,0,0,0,0,0,0,1
0,0,0,0,0,0,0,0,0.79325,1.3322,-0.85649,1,-0.99997,0.00065696,-0.00018694,2,1,0.49713,0.82802,999,999,999,0.29665,1.1042,0.20957,0.97047,0.15373,7.1138e-07,9999,0,1,415.04,4.1992,0.26401,0,0,0,0,0,0,0,0,1,999,999,999,0,0,0,0,0,0,0,0,0,0,0,0,0,0,0,0,0,0.011499,0.79325,1,0.92774,-0.95188,-1,-0.99997,-0.82612,0,0,0,0,0,0,0,0
0,0,0,0,0,0,0,0,0.73426,0,-0.486,1,0.061225,-7.4879e-05,0,0,0,0,0.57476,999,999,999,1.1537,0.69276,0,0,0,0,0,0,0,0,0,0,0,0,0,0,0,0,0,0,0,0,0,0,0,0,0,0,0,0,0,0,0,0,0,0,0,0,0,0,0,0.0063744,0.73426,1,0.92036,0,0,0,0,0,0,0,0,0,0,0,0
0,0,0,0,0,0,0,0,0.25329,0.12171,0.53803,1,-0.00017658,-3.4955e-05,5.3158e-06,1,1,0.49826,0.60825,999,999,999,0.18002,0.52426,0.34358,0,0,0,0,0,0,0,0,0,0,0,0,0,0,0,0,0,0,0,0,0,0,0,0,0,0,0,0,0,0,0,0,0,0,0,0,0,0,0.0164,0.7665,-1,0.76042,0,0,0,0,0,0,0,0,0,0,0,0
1.1208,0.21561,-0.55654,1,0,0,0,0,0,0,0,0,0.06051,1.2845e-06,1.2144e-06,2,0,0,1.0664,999,999,999,1.0864,0.049266,0.08104,0,0,0,0,0,0,0,0,0,0,0,0,0,0,0,0,0,0,0,0,0,0,0,0,0,0,0,0,0,0,0,0,0,0,0,0,0,0,0.010339,1.1208,1,0.95314,0,0,0,0,0,0,0,0,0,0,0,1
1.0381,0.51598,-0.70848,-1,0,0,0,0,0.35273,0.27349,0.20347,1,-0.09662,-0.00077547,7.9867e-06,0,0,0,1.3284,999,999,999,1.023,0.93089,0.3758,0,0,0,0,0,0,0,0,0,0,0,0,0,0,0,0,0,0,0,0,0,0,0,0,0,0,0,0,0,0,0,0,0,0,0,0,0,0,0.00057215,1.0381,-1,0.83792,0,0,0,0,0,0,0,0,0,0,0,0
0,0,0,0,0,0,0,0,0.32161,0.30136,-0.9242,-1,0.13699,-6.1381e-07,0,1,0,0,0.23145,999,999,999,1.4948,0.23989,0,0,0,0,0,0,0,0,0,0,0,0,0,0,0,0,0,0,0,0,0,0,0,0,0,0,0,0,0,0,0,0,0,0,0,0,0,0,0,0,0,0,0,0,0,0,0,0,0,0,0,0,0,0,1
0,0,0,0,0,0,0,0,0.93836,0,0.68697,-1,-0.33236,-0.0087513,0.00079056,0,0,0,1.3006,-0.93836,0.57957,-0.39966,0.68142,1.2976,0.8568,0.44116,0.20047,9.3964e-07,9999,1,-1,468.75,4.0527,0.30308,0,0,0,0,0,0,0,0,1,999,999,999,0,0,0,0,0,0,0,0,0,0,0,0,0,0,0,0,0,0.0013147,0.93836,-1,0.57957,0.27931,1,5.35e-06,0.0035622,0,0,0,0,0,0,0,0
0,0,0,0,0,0,0,0,0.56421,0.9163,-0.91489,1,6.952e-05,6.7682e-05,4.1877e-05,2,1,0.50393,0.93746,999,999,999,0.67745,0.67091,0.54879,0.57991,0.10817,4.8746e-07,9999,0,1,595.7,3.4668,0.19541,0,1,0,0,0,0,0,0,1,999,999,999,0,0,0,0,0,0,0,0,0,0,0,0,0,0,0,0,0,0.0014539,0.56421,1,0.68456,0,0,0,0,0,0,0,0,0,0,0,0
0,0,0,0,0,0,0,0,0.64234,0.89054,0.86947,-1,0.18281,-0.00010635,-7.9254e-05,0,0,0,1.213,999,999,999,1.2288,0.78021,0.69522,0,0,0,0,0,0,0,0,0,0,0,0,0,0,0,0,0,0,0,0,0,0,0,0,0,0,0,0,0,0,0,0,0,0,0,0,0,0,0.0076594,0.77398,1,0.6442,0,0,0,0,0,0,0,0,0,0,0,0
0,0,0,0,0,0,0,0,0.61806,0.72523,-0.72771,-1,-0.99998,0.86686,7.4337e-05,0,0,0,0.97458,999,999,999,0.25342,0.38649,0.68426,0.77063,0.2235,0.86686,9999,1,1,1093.8,0,0.38649,0,0,0,0,0,0,0,0,1,0.61806,0.93696,-0.77884,0,0,0,0,0,10,0.2235,0.86686,9999,1,1093.8,0,0.38649,0.61806,0.93696,-0.77884,22,0.0058859,0.64623,1,0.87491,-0.2013,-1,-0.99998,-5.1389e-06,0,0,0,0,0,0,0,1
0,0,0,0,1.7737,0.57019,-0.90381,-1,0.2161,1.4546,-0.98509,1,-0.00011059,9.8506e-07,-5.3815e-07,0,0,0,1.576,999,999,999,2.4731,0.30906,0.2157,0.67855,0.097822,3.3687e-07,9999,1,1,2500,17.969,0.094324,0,0,0,0,0,0,0,0,1,1.7737,0.99946,-0.70129,0,0,0,0,0,10,0.097822,3.3687e-07,9999,1,2500,17.969,0.094324,1.7737,0.99946,-0.70129,2,0.0015235,1.7737,-1,0.99946,0.96395,-1,-0.00011059,-0.39741,0,0,0,0,0,0,0,0
0,0,0,0,0,0,0,0,1.0409,1.1043,-0.98633,-1,-0.026471,0.00041848,-1.0611e-05,0,0,0,1.1926,999,999,999,1.0643,0.65995,0.39963,0.92822,0.22187,2.3298e-06,9999,1,1,454.1,2.5879,0.28122,0,0,0,0,0,0,0,0,1,999,999,999,0,0,0,0,0,0,0,0,0,0,0,0,0,0,0,0,0,0.006907,1.0409,-1,0.9963,0.9159,-1,-0.026471,-0.11251,0,0,0,0,0,0,0,0
0,0,0,0,1.5446,0,-0.39541,1,0.23375,1.1758,-0.306,-1,0.040777,-5.1854e-07,-3.8722e-07,1,0,0,1.0688,999,999,999,2.408,0.20832,0.13846,0.79199,0.23375,5.1854e-07,9999,1,-1,546.88,4.4434,0.20832,0,0,0,0,0,0,0,0,1,1.5446,0.98586,-0.68202,0,0,0,0,0,10,0.23375,5.1854e-07,9999,-1,546.88,4.4434,0.20832,1.5446,0.98586,-0.68202,-5,0.0088087,1.5446,1,0.98586,-0.68202,1,0.040777,0.0026346,0,0,0,0,0,0,0,1
0,0,0,0,0,0,0,0,1.1295,0.44398,-0.72896,-1,-0.81617,0.57234,-1.2398e-06,1,0,0,1.337,999,999,999,1.3058,0.79607,0.064621,0.82633,0.24233,4.3634e-07,9999,1,1,732.42,6.3477,0.16997,0,0,0,0,0,0,0,0,1,1.1295,0.88657,-0.55496,0,0,0,0,0,10,0.24233,4.3634e-07,9999,1,732.42,6.3477,0.16997,1.1295,0.88657,-0.55496,5,0.017638,1.1295,-1,0.88657,-0.55496,-1,-0.81617,-0.0021585,0,0,0,0,0,0,0,0
0,0,0,0,0,0,0,0,0.38582,1.1278,-0.59605,1,2.5988e-05,6.8381e-06,1.2106e-06,0,0,0,0.58909,999,999,999,0.48965,0.3633,0.086624,0.88157,0.11736,1.2106e-06,9999,1,1,0,17.383,0.086624,0,0,0,0,0,0,0,0,1,999,999,999,0,0,0,0,0,0,0,0,0,0,0,0,0,0,0,0,0,0,0,0,0,0.9097,1,1.2106e-06,0.13393,0,0,0,0,0,0,0,0
0.63538,1.1779,-0.55273,-1,0.6955,1.1098,-0.42469,1,1.0202,0.42822,-0.48122,1,-0.99906,0.95199,-0.6218,1,0,0,1.2009,-0.63538,0.70749,-0.13832,0.45911,1.4249,0.99534,0,0,0,0,0,0,0,0,0,0,0,0,0,0,0,0,0,0,0,0,0,0,0,0,0,0,0,0,0,0,0,0,0,0,0,0,0,0,0.00052677,0.63538,-1,0.70749,0,0,0,0,0.63538,1.1779,-0.55273,-1,1,0.00052677,0.70749,1
0.60584,0,-0.76338,-1,0,0,0,0,0.61313,0,-0.58197,1,0.066645,-0.0015751,-2.7455e-05,0,0,0,0.91634,999,999,999,0.98353,0.6359,0.57336,0.4263,0.06633,1.2987e-06,9999,1,1,0,3.1738,0.045532,1,0,-0.32668,0.63811,-0.49523,0.076586,0.044231,0.026952,1,999,999,999,0,0,0,0,0,10,0.12717,3.5953e-07,9999,-1,693.36,3.8086,0.11613,0.61313,0.58198,-0.15523,-21,0.042804,0.61313,1,0.58198,0.71139,-1,-0.0015751,-0.66563,0.60584,0,-0.76338,-1,1,0.049461,0.76337,0
0,0,0,0,0,0,0,0,1.1561,0.44464,-0.52593,1,-0.082571,0.03053,-0.0006798,2,0,0,1.2769,999,999,999,1.4268,1.6458,0.48552,0,0,0,0,0,0,0,0,0,0,0,0,0,0,0,0,0,0,0,0,0,0,0,0,0,0,0,0,0,0,0,0,0,0,0,0,0,0,0.0078759,1.1561,1,0.75497,0,0,0,0,0,0,0,0,0,0,0,0
0,0,0,0,0,0,0,0,1.0578,2.1389,-0.94196,-1,-0.06448,0.006789,1.3258e-06,1,0,0,1.4027,999,999,999,1.0266,0.99402,0.14756,0.47516,0.24255,1.3258e-06,9999,0,1,0,1.6113,0.14756,0,0,0,0,0,0,0,0,1,999,999,999,0,0,0,0,0,0,0,0,0,0,0,0,0,0,0,0,0,0.0077268,1.0578,-1,0.99667,0.41766,-1,-0.06448,-0.00014113,0,0,0,0,0,0,0,1
0,0,0,0,2.1894,0,-0.96963,-1,0.62179,1.0222,0.17513,1,-0.04178,9.7562e-05,0,0,0,0,1.4778,999,999,999,1.5471,0.65068,0,0,0,0,0,0,0,0,0,0,0,0,0,0,0,0,0,0,0,0,0,0,0,0,0,0,0,0,0,0,0,0,0,0,0,0,0,0,0,0.0034107,2.1894,-1,0.9969,0,0,0,0,0,0,0,0,0,0,0,0
0,0,0,0,0,0,0,0,1.0191,0.79034,-0.19485,1,-0.99981,0.87601,0.1883,1,0,0,1.3327,999,999,999,0.38486,1.472,0.86606,0,0,0,0,0,0,0,0,0,0,0,0,0,0,0,0,0,0,0,0,0,0,0,0,0,0,0,0,0,0,0,0,0,0,0,0,0,0,0.020923,1.0191,1,0.99623,0,0,0,0,0,0,0,0,0,0,0,0
0,0,0,0,1.2234,0.22939,-0.79932,1,0.65908,0.32418,-0.15645,-1,-0.94612,0.133,-4.6672e-07,1,0,0,1.1013,999,999,999,0.87019,1.8846,0.1858,0,0,0,0,0,0,0,0,0,0,0,0,0,0,0,0,0,0,0,0,0,0,0,0,0,0,0,0,0,0,0,0,0,0,0,0,0,0,0.0044305,1.2234,1,0.94056,0,0,0,0,0,0,0,0,0,0,0,1
0,0,0,0,0,0,0,0,1.1556,0.085479,-0.21642,-1,0.94147,-0.020902,-1.1206e-05,2,1,0.49459,1.3061,999,999,999,0.74702,1.5202,0.40438,0.69022,0.13833,4.0578e-07,9999,1,1,810.55,6.543,0.1514,0,0,0,0,0,0,0,0,1,1.1556,0.94208,-0.84852,0,0,0,0,0,10,0.13833,4.0578e-07,9999,1,810.55,6.543,0.1514,1.1556,0.94208,-0.84852,2,0.023792,1.1556,-1,0.94208,0.85989,-1,-1.6964e-06,-0.34055,0,0,0,0,0,0,0,0
0,0,0,0,0,0,0,0,1.2033,0.23845,0.97219,-1,-0.91213,0.89084,-0.018025,1,1,0.50166,2.024,-1.2033,-0.99479,-0.63071,0.90464,1.546,1.2798,0.80322,0.14163,5.6282e-07,9999,1,-1,595.7,3.8086,0.22427,0,0,0,0,0,0,0,0,1,1.532,0.89797,-0.76812,0,0,0,0,0,10,0.14163,5.6282e-07,9999,-1,595.7,3.8086,0.22427,1.532,0.89797,-0.76812,-2,0.020325,1.532,1,0.89797,-0.76812,1,0.89084,0.47538,0,0,0,0,0,0,0,1
0,0,0,0,0,0,0,0,0.6183,0.60511,0.1405,-1,-0.0062076,0.003072,-0.0027257,3,1,0.49779,1.0175,999,999,999,1.0463,0.51801,0.773,0.54374,0.068313,3.6205e-07,9999,0,1,1484.4,7.2266,0.11834,0,0,0,0,0,0,0,0,1,0.79079,0.81493,-0.19876,0,0,0,0,0,10,0.068313,3.6205e-07,9999,1,1484.4,7.2266,0.11834,0.79079,0.81493,-0.19876,6,0.022494,0.79079,-1,0.81493,0.71878,-1,-0.0027257,-0.71689,0,0,0,0,0,0,0,0
0,0,0,0,0,0,0,0,0.55969,0.22249,0.72539,-1,-0.99941,-0.0030582,-0.00015729,0,0,0,0.81466,-0.55969,0.89485,-0.93848,0.43847,0.88585,0.6764,0,0,0,0,0,0,0,0,0,0,0,0,0,0,0,0,0,0,0,0,0,0,0,0,0,0,0,0,0,0,0,0,0,0,0,0,0,0,0.021264,0.78441,-1,0.90861,0,0,0,0,0,0,0,0,0,0,0,0
0,0,0,0,0,0,0,0,0.49762,1.177,-0.75021,1,6.6433e-05,-2.3373e-05,2.9852e-06,0,0,0,0.73899,999,999,999,0.66446,0.47713,0.29985,0.9504,0.12635,4.7844e-07,9999,1,-1,551.76,5.2734,0.19133,0,0,0,0,0,0,0,0,1,999,999,999,0,0,0,0,0,0,0,0,0,0,0,0,0,0,0,0,0,0,0,0,0,0.72862,1,2.2729e-06,0.81385,0,0,0,0,0,0,0,0
0,0,0,0,0,0,0,0,0.95917,0.31444,0.29462,1,-0.72109,0.00050165,-7.4432e-06,2,1,0.49936,0.93371,999,999,999,0.73168,0.77002,0.37009,0.86962,0.19872,4.6532e-07,9999,1,1,791.02,4.7363,0.18512,0,0,0,0,0,0,0,0,1,999,999,999,0,0,0,0,0,0,0,0,0,0,0,0,0,0,0,0,0,0,0,0,0,-0.78779,-1,-0.72109,-0.13999,0,0,0,0,0,0,0,1
0.7075,0.25626,-0.97476,1,0,0,0,0,0.21492,0,0.17743,-1,-0.0035406,0.00067395,-1.0471e-05,2,0,0,0.76175,999,999,999,0.2973,0.91513,0.27284,0.98794,0.1882,7.3394e-07,9999,0,1,527.34,4.6875,0.26877,0,0,0,0,0,0,0,0,1,999,999,999,0,0,0,0,0,10,0.21492,3.7641e-07,9999,-1,908.2,9.375,0.13022,0.7075,0.96618,-0.24298,-9,0.0080993,0.7075,1,0.96618,0.52649,-1,-1.2093e-06,-0.78018,0.7075,0.25626,-0.97476,1,1,0.0080993,0.96618,1
1.1726,0.22836,-0.62581,-1,0,0,0,0,1.0248,0.43949,0.89206,-1,-0.76673,-0.00015792,2.0559e-05,1,0,0,1.6025,-1.1726,0.90804,-0.85638,1.2369,1.5793,0.46289,0.4271,0.18075,4.8041e-07,9999,1,1,634.77,5.5176,0.19223,0,0,0,0,0,0,0,0,1,1.0248,0.99185,-0.33693,0,0,0,0,0,10,0.18075,4.8041e-07,9999,1,634.77,5.5176,0.19223,1.0248,0.99185,-0.33693,4,0.0020415,1.1726,-1,0.90804,-0.33693,-1,-0.76673,-0.016433,0,0,0,0,0,0,0,0
0,0,0,0,1.8194,0.29297,-0.92473,-1,0.71881,0.87348,0.27458,1,-0.0011703,2.3603e-05,-5.1633e-06,2,0,0,1.9144,999,999,999,2.169,0.47823,0.34133,0.92037,0.21356,6.0448e-07,9999,0,1,527.34,5.3223,0.23722,0,0,0,0,0,0,0,0,1,1.8194,0.98453,-0.85019,0,0,0,0,0,10,0.21356,6.0448e-07,9999,1,527.34,5.3223,0.23722,1.8194,0.98453,-0.85019,0,0.012118,1.8194,-1,0.98453,-0.50605,-1,-5.1633e-06,-0.15471,0,0,0,0,0,0,0,0
0,0,0,0,0,0,0,0,1.1633,0,-0.92575,1,0.96327,8.0524e-06,-2.9669e-06,0,0,0,0.73591,999,999,999,0.71501,0.37647,0.29939,0,0,0,0,0,0,0,0,0,0,0,0,0,0,0,0,0,0,0,0,0,0,0,0,0,0,0,0,0,0,0,0,0,0,0,0,0,0,0.029961,1.1633,1,0.96255,0,0,0,0,0,0,0,0,0,0,0,1
0,0,0,0,0,0,0,0,0.85959,1.0567,-0.88905,-1,-0.020928,0.0023914,3.7227e-06,2,1,0.49934,0.92454,999,999,999,1.243,0.81617,0.31645,0.90474,0.17207,4.4012e-07,9999,1,1,693.36,6.2012,0.17207,0,0,0,0,0,0,0,0,1,0.85959,0.87364,-0.8102,0,0,0,0,0,10,0.17207,4.4012e-07,9999,1,693.36,6.2012,0.17207,0.85959,0.87364,-0.8102,5,0.0052798,0.85959,-1,0.87364,0.87089,-1,-3.2319e-06,-0.50491,0,0,0,0,0,0,0,0
1.4731,0.54206,-0.61413,1,0,0,0,0,0.14214,0.84338,-0.29147,-1,0.060715,-5.0797e-07,0,0,0,0,0.98009,999,999,999,1.0733,0.20411,0,0.8208,0.14214,5.0797e-07,9999,1,-1,595.7,4.7852,0.20411,0,0,0,0,0,0,0,0,1,1.4731,0.65543,-0.57534,0,0,0,0,0,10,0.14214,5.0797e-07,9999,-1,595.7,4.7852,0.20411,1.4731,0.65543,-0.57534,-2,0.0097199,1.4731,1,0.65543,-0.57534,1,0.060715,0.50254,0,0,0,0,0,0,0,1
0,0,0,0,0,0,0,0,1.7384,0.75068,-0.8411,1,0.9569,-0.00027276,8.9061e-06,1,0,0,1.1895,999,999,999,1.1932,0.84016,0.38478,0.98721,0.073625,1.2129e-06,9999,0,-1,0,24.609,0.082852,0,0,0,0,0,0,0,0,1,999,999,999,0,0,0,0,0,0,0,0,0,0,0,0,0,0,0,0,0,0.016088,1.7384,1,0.92882,0.88727,1,0.9569,0.87798,0,0,0,0,0,0,0,1
0,0,0,0,0.57138,0.34241,-0.76165,1,0.31267,0.083855,0.98975,-1,0.99997,0.00012246,-3.6284e-06,0,0,0,0.64639,0.57138,0.87341,-0.22466,0.27274,0.77422,0.31452,0.50783,0.23167,0.99997,9999,1,1,1855.5,16.797,0.27274,0,0,0,0,0,0,0,0,1,999,999,999,0,0,0,0,0,0,0,0,0,0,0,0,0,0,0,0,0,0.0088607,0.57138,1,0.87341,-0.33064,-1,-3.6284e-06,-5.934e-06,0,0,0,0,0,0,0,1
0,0,0,0,0,0,0,0,0.45226,0.71705,0.32602,-1,-0.97919,0.32967,0.00040005,0,0,0,0.9078,999,999,999,0.82255,1.3373,1.001,0,0,0,0,0,0,0,0,0,0,0,0,0,0,0,0,0,0,0,0,0,0,0,0,0,0,0,0,0,0,0,0,0,0,0,0,0,0,0.013314,0.81638,1,0.92965,0,0,0,0,0,0,0,0,0,0,0,0
0,0,0,0,0.6547,2.006,-0.7759,-1,0.55375,0.66184,0.91385,-1,0.018763,-0.001196,0.0011607,0,0,0,1.4457,999,999,999,1.4411,0.87246,0.56556,0,0,0,0,0,0,0,0,0,0,0,0,0,0,0,0,0,0,0,0,0,0,0,0,0,0,0,0,0,0,0,0,0,0,0,0,0,0,0.0071696,1.0735,1,0.75454,0,0,0,0,0,0,0,0,0,0,0,0
0,0,0,0,0,0,0,0,1.8963,0.31261,-0.43027,1,0.96667,-0.00022174,7.4744e-06,0,0,0,2.0882,999,999,999,2.0376,0.85441,0.37042,0,0,0,0,0,0,0,0,0,0,0,0,0,0,0,0,0,0,0,0,0,0,0,0,0,0,0,0,0,0,0,0,0,0,0,0,0,0,0.00044782,1.8963,1,0.98006,0,0,0,0,0,0,0,0,0,0,0,1
0,0,0,0,0,0,0,0,0.28027,0.42537,0.48665,1,0.99879,-7.8681e-05,8.1381e-06,3,0,0,0.49264,999,999,999,0.46762,0.73367,0.37733,0.14118,0.081213,1.2148e-06,9999,0,-1,0,28.125,0.08057,0,0,0,0,0,0,0,0,1,999,999,999,0,0,0,0,0,0,0,0,0,0,0,0,0,0,0,0,0,0,0,0,0,0.32055,1,0.99879,0.53574,0,0,0,0,0,0,0,1
0,0,0,0,0,0,0,0,0.61034,1.7639,-0.84637,-1,-0.99994,0.99649,-0.03411,0,0,0,0.94128,-0.6331,0.89405,-0.69517,0.31599,0.56704,0.87704,0,0,0,0,0,0,0,0,0,0,0,0,0,0,0,0,0,0,0,0,0,0,0,0,0,0,0,0,0,0,0,0,0,0,0,0,0,0,0.027333,0.56248,-1,0.30895,0,0,0,0,0,0,0,0,0,0,0,1
0,0,0,0,0,0,0,0,0.82729,0.74327,0.10346,1,0.99974,0.49857,-0.1549,1,0,0,1.0752,0.82729,0.85439,-0.68835,0.38949,0.8607,1.0874,0.69128,0.20558,1.2484e-06,9999,0,-1,0,3.5645,0.12482,0,0,0,0,0,0,0,0,1,0.82729,0.85439,-0.24837,0,0,0,0,0,10,0.20558,1.2484e-06,9999,-1,0,3.5645,0.12482,0.82729,0.85439,-0.24837,-0,0.0080633,0.82729,1,0.85439,0.76445,1,0.99974,0.0091422,0,0,0,0,0,0,0,1
0.48805,0.04329,0.28384,1,0,0,0,0,1.6342,0.20865,-0.88362,-1,-0.0014911,0.00049149,-0.00041826,0,0,0,1.0118,999,999,999,1.0586,0.71241,0.53711,0,0,0,0,0,0,0,0,0,0,0,0,0,0,0,0,0,0,0,0,0,0,0,0,0,0,0,0,0,0,0,0,0,0,0,0,0,0,0.0058036,1.6342,-1,0.9751,0,0,0,0,0.48805,0.04329,0.28384,1,2,0.033204,0.66176,1
0,0,0,0,0,0,0,0,1.2376,0.67761,-0.87711,-1,-0.92812,-0.00062491,0.0003114,0,0,0,0.97413,-0.73989,0.97581,-0.87756,0.81956,1.1583,0.73397,0.61822,0.21209,1.3386e-06,9999,1,-1,507.81,6.1035,0.33645,0,0,0,0,0,0,0,0,1,999,999,999,0,0,0,0,0,0,0,0,0,0,0,0,0,0,0,0,0,0.012414,1.2376,-1,0.9483,0.028881,1,0.0003114,0.0029618,0,0,0,0,0,0,0,0
0,0,0,0,0,0,0,0,0.72533,0.76985,-0.61718,1,-0.087705,0.045226,3.0564e-05,0,0,0,1.3037,999,999,999,1.1454,1.0822,0.5101,0,0,0,0,0,0,0,0,0,0,0,0,0,0,0,0,0,0,0,0,0,0,0,0,0,0,0,0,0,0,0,0,0,0,0,0,0,0,0.0030039,1.0942,-1,0.89794,0,0,0,0,0,0,0,0,0,0,0,1
0,0,0,0,0,0,0,0,0.88087,0.10367,-0.97392,-1,-0.065712,-4.9534e-06,0,0,1,0.49764,0.75596,999,999,999,1.3341,0.33814,0,0,0,0,0,0,0,0,0,0,0,0,0,0,0,0,0,0,0,0,0,0,0,0,0,0,0,0,0,0,0,0,0,0,0,0,0,0,0,0.0039451,0.88087,-1,0.76673,0,0,0,0,0,0,0,0,0,0,0,0
0,0,0,0,0,0,0,0,1.5135,0.45277,-0.68532,1,0.046966,-6.452e-05,-4.159e-05,4,1,0.49668,1.617,999,999,999,1.6684,0.62852,0.55672,0.55849,0.23352,4.0536e-07,9999,0,1,859.38,6.543,0.15112,0,0,0,0,0,0,0,0,1,999,999,999,0,0,0,0,0,10,0.24841,2.3588e-06,9999,-1,566.41,3.418,0.28215,1.5135,0.99384,-0.54884,-6,0.076408,1.5135,1,0.99384,0.48239,1,1.25e-05,0.00014412,0,0,0,0,0,0,0,0
0,0,0,0,0.58562,0,-0.99242,1,0,0,0,0,0.00053131,0,0,0,0,0,0.48024,999,999,999,0.85729,0,0,0,0,0,0,0,0,0,0,0,0,0,0,0,0,0,0,0,0,0,0,0,0,0,0,0,0,0,0,0,0,0,0,0,0,0,0,0,0,0.025242,0.58562,1,0.99241,0,0,0,0,0,0,0,0,0,0,0,0
0.31761,2.1065,-0.92869,1,0,0,0,0,0.81157,1.4502,-0.47753,-1,-0.55636,-4.2282e-05,7.0755e-06,3,0,0,0.87468,999,999,999,1.3762,0.52521,0.36602,0.15458,0.14072,3.579e-07,9999,0,1,187.99,13.281,0.11468,0,0,0,0,0,0,0,0,1,0.81157,0.73841,-0.4459,0,0,0,0,0,10,0.14072,3.579e-07,9999,1,187.99,13.281,0.11468,0.81157,0.73841,-0.4459,6,0.049309,0.81157,-1,0.73841,-0.4459,-1,-0.55636,-0.095964,0.31761,2.1065,-0.92869,1,1,0.062653,0.49845,0
0,0,0,0,0,0,0,0,0.67613,0,-0.79387,1,0.0045867,-4.1659e-05,-1.2093e-06,1,0,0,0.65738,999,999,999,0.95508,0.50916,0.091589,0.52785,0.15949,6.3768e-07,9999,1,-1,571.29,4.3457,0.24641,0,0,0,0,0,0,0,0,1,0.67613,0.97893,-0.34608,0,0,0,0,0,10,0.15949,6.3768e-07,9999,-1,571.29,4.3457,0.24641,0.67613,0.97893,-0.34608,-2,0.0036056,0.67613,1,0.97893,-0.34608,1,0.0045867,0.085742,0,0,0,0,0,0,0,1
0,0,0,0,0,0,0,0,0.99607,1.2341,-0.30644,1,-0.97082,0.21456,-0.00055317,0,1,0.50169,1.2635,999,999,999,0.74224,1.2766,0.55484,0.91438,0.24856,1.7154e-06,9999,1,-1,488.28,4.1016,0.25791,0,0,0,0,0,0,0,0,1,0.99607,0.97478,-0.96945,0,0,0,0,0,10,0.24856,1.7154e-06,9999,-1,488.28,4.1016,0.25791,0.99607,0.97478,-0.96945,-4,0.013112,0.99607,1,0.97478,-0.02799,1,7.0234e-06,0.0097424,0,0,0,0,0,0,0,0
0,0,0,0,0,0,0,0,1.3785,0.85392,-0.037714,1,-0.68088,0.088141,-0.0046615,1,0,0,1.0534,999,999,999,1.9626,0.97738,0.60598,0,0,0,0,0,0,0,0,0,0,0,0,0,0,0,0,0,0,0,0,0,0,0,0,0,0,0,0,0,0,0,0,0,0,0,0,0,0,0.036227,1.3785,1,0.92109,0,0,0,0,0,0,0,0,0,0,0,1
0,0,0,0,0,0,0,0,0.58864,0.79887,-0.68861,-1,-0.95604,0.001374,5.7202e-05,0,0,0,0.95642,999,999,999,0.95206,0.81801,0.61949,0,0,0,0,0,0,0,0,0,0,0,0,0,0,0,0,0,0,0,0,0,0,0,0,0,0,0,0,0,0,0,0,0,0,0,0,0,0,0.01818,0.67224,1,0.55977,0,0,0,0,0,0,0,0,0,0,0,1
1.6007,0.31746,-0.32365,-1,0,0,0,0,1.6521,0.19689,-0.097703,-1,-0.012237,-0.00043987,1.2093e-06,0,0,0,1.7708,-1.6007,0.98486,-0.90379,1.4196,2.506,0.093987,0.49185,0.13888,1.2093e-06,9999,1,1,0,10.645,0.093987,0,0,0,0,0,0,0,0,1,1.6007,0.98486,-0.47121,0,0,0,0,0,10,0.13888,1.2093e-06,9999,1,0,10.645,0.093987,1.6007,0.98486,-0.47121,0,0.0077453,1.6521,-1,0.9643,0.49189,-1,-0.012237,-0.19599,0,0,0,0,0,0,0,0
0,0,0,0,0,0,0,0,0.94359,1.0007,0.60661,-1,0.99822,0.4546,-0.081934,1,0,0,1.4567,0.87903,0.8803,-0.24731,0.50798,1.1956,1.3136,0.95593,0.17246,1.3567e-06,9999,0,-1,0,6.9336,0.15412,0,0,0,0,0,0,0,0,1,0.87903,0.8803,-0.77253,0,0,0,0,0,10,0.17246,1.3567e-06,9999,-1,0,6.9336,0.15412,0.87903,0.8803,-0.77253,-2,0.0020395,0.94359,-1,0.93539,0.08055,1,0.4546,0.71666,0,0,0,0,0,0,0,1
0.49444,0.63012,0.0033337,-1,0,0,0,0,0.89098,1.4192,-0.95404,-1,-0.001316,-0.0003043,7.4573e-06,0,0,0,1.0255,999,999,999,0.81774,0.68542,0.37024,0.75686,0.16143,3.9981e-07,9999,1,-1,810.55,6.1035,0.14739,0,0,0,0,0,0,0,0,1,999,999,999,0,0,0,0,0,0,0,0,0,0,0,0,0,0,0,0,0,0.0093575,0.89098,-1,0.84399,0.91849,1,7.4573e-06,0.23405,0.49444,0.63012,0.0033337,-1,1,0.0058611,0.63036,1
0,0,0,0,0,0,0,0,0.69871,1.3486,-0.37022,1,0.94782,9.0352e-05,-1.4333e-05,1,0,0,0.88879,0.69871,-0.89266,-0.29967,0.97698,0.78062,0.42669,0,0,0,0,0,0,0,0,0,0,0,0,0,0,0,0,0,0,0,0,0,0,0,0,0,0,0,0,0,0,0,0,0,0,0,0,0,0,0.010661,0.69871,1,0.89266,0,0,0,0,0,0,0,0,0,0,0,1
0.81437,1.1627,-0.91938,-1,1.1579,0,0.84357,-1,0.59063,1.1627,-0.89081,-1,-0.95791,-0.11292,-0.00055249,1,0,0,1.4037,-1.1579,-0.99016,-0.91273,0.98145,1.1257,1.1098,0.98313,0.12907,4.9046e-07,9999,0,1,673.83,4.9805,0.19672,1,0,-2.4414,-0.80131,3.342,0.17374,0.034538,0.28642,1,1.1579,0.99016,-0.96836,0,0,0,0,0,10,0.12907,4.9046e-07,9999,1,673.83,4.9805,0.19672,1.1579,0.99016,-0.96836,2,0.010465,1.1579,-1,0.99016,0.84945,-1,-0.95791,-0.87765,0.81437,1.1627,-0.91938,-1,1,0.022805,0.9991,0
0,0,0,0,0,0,0,0,1.2342,1.3021,-0.69848,-1,0.018852,-0.015865,7.9358e-05,0,0,0,1.4697,0.70652,-0.91016,-0.84035,1.0275,1.1858,0.66866,0,0,0,0,0,0,0,0,0,0,0,0,0,0,0,0,0,0,0,0,0,0,0,0,0,0,0,0,0,0,0,0,0,0,0,0,0,0,0.0066459,1.2342,-1,0.8881,0,0,0,0,0,0,0,0,0,0,0,0
0,0,0,0,0,0,0,0,0.9688,0.23915,-0.0033341,1,-0.65086,0.047013,-0.0001811,0,0,0,1.0868,999,999,999,0.66913,1.4712,0.196,0.81575,0.14794,0.0001811,9999,1,-1,610.35,0,0.196,0,0,0,0,0,0,0,0,1,0.9688,0.83613,-0.36665,0,0,0,0,0,10,0.14794,0.0001811,9999,-1,610.35,0,0.196,0.9688,0.83613,-0.36665,-0,0.0035469,0.9688,1,0.83613,0.49995,-1,-0.65086,-0.0007578,0,0,0,0,0,0,0,0
0,0,0,0,0,0,0,0,0.93654,0,-1,1,4.8897e-05,-6.0397e-06,6.8786e-07,2,1,0.50055,0.36,999,999,999,0.58686,0.3535,0.25875,0,0,0,0,0,0,0,0,0,0,0,0,0,0,0,0,0,0,0,0,0,0,0,0,0,0,0,0,0,0,0,0,0,0,0,0,0,0,0.00031107,0.93654,1,1,0,0,0,0,0,0,0,0,0,0,0,0
0,0,0,0,0,0,0,0,1.1526,0.64594,0.91176,1,0.97299,0.63454,-0.0015555,0,0,0,1.1428,1.1526,0.99474,-0.77948,0.61962,1.8342,0.46617,0,0,0,0,0,0,0,0,0,0,0,0,0,0,0,0,0,0,0,0,0,0,0,0,0,0,0,0,0,0,0,0,0,0,0,0,0,0,0.011414,1.1526,1,0.99474,0,0,0,0,0,0,0,0,0,0,0,1
0.62767,1.6793,-0.51611,-1,0,0,0,0,0.95078,0.94666,0.14435,1,-0.0075917,0.00069663,2.506e-06,0,0,0,0.99095,999,999,999,0.97192,1.334,0.24955,0.26306,0.19393,2.506e-06,9999,1,1,0,3.8574,0.24955,0,0,0,0,0,0,0,0,1,0.62767,0.37087,-0.38065,0,0,0,0,0,10,0.19393,2.506e-06,9999,1,0,3.8574,0.24955,0.62767,0.37087,-0.38065,5,0.0033174,0.95078,1,0.88049,-0.0094193,-1,-1.949e-06,-0.0030148,0.62767,1.6793,-0.51611,-1,1,0.0075251,0.37087,0
0,0,0,0,0,0,0,0,1.8858,0.96396,-0.98575,1,-0.86526,0.096801,0.025782,1,0,0,1.9113,999,999,999,0.225,2.529,0.89093,0.77297,0.22386,0.86526,9999,0,-1,0,21.875,0.225,0,0,0,0,0,0,0,0,1,1.8858,0.92246,-0.85855,0,0,0,0,0,10,0.22386,0.86526,9999,-1,0,21.875,0.225,1.8858,0.92246,-0.85855,-22,0.013806,1.8858,1,0.92246,0.4863,1,0.025782,5.1433e-06,0,0,0,0,0,0,0,0
0,0,0,0,0,0,0,0,0.6966,0.72937,-0.51874,-1,0.0083198,0.00041892,0.00018379,2,0,0,0.77454,0.6431,0.64792,-0.20704,0.84782,0.96289,0.20282,0.7508,0.15789,0.00018379,9999,0,1,693.36,0,0.20282,0,0,0,0,0,0,0,0,1,0.6966,0.60797,-0.055762,0,0,0,0,0,10,0.15789,0.00018379,9999,1,693.36,0,0.20282,0.6966,0.60797,-0.055762,21,0.021035,0.6966,-1,0.60797,0.98844,-1,-4.1946e-06,-0.25447,0,0,0,0,0,0,0,1
0,0,0,0,0,0,0,0,1.1783,0.73825,-0.93461,-1,-0.97586,-0.95474,5.5863e-05,1,0,0,1.4892,-1.1783,-0.91165,-0.96512,0.80109,1.3238,0.59637,0.34276,0.052014,1.2125e-06,9999,0,-1,0,11.23,0.102,0,0,0,0,0,0,0,0,1,999,999,999,0,0,0,0,0,0,0,0,0,0,0,0,0,0,0,0,0,0.0059392,1.1783,-1,0.91165,0.8852,1,5.5863e-05,0.59352,0,0,0,0,0,0,0,0
0,0,0,0,0,0,0,0,0.655,0,0.148,1,0.32414,-5.3639e-07,0,0,0,0,0.66567,999,999,999,0.86268,0.21506,0,0.38766,0.19654,5.3639e-07,9999,1,-1,473.63,4.1504,0.21506,0,0,0,0,0,0,0,0,1,0.655,0.87038,-0.60898,0,0,0,0,0,10,0.19654,5.3639e-07,9999,-1,473.63,4.1504,0.21506,0.655,0.87038,-0.60898,-8,0.015153,0.655,1,0.87038,-0.60898,1,0.32414,0.0040563,0,0,0,0,0,0,0,1
0,0,0,0,0,0,0,0,0.22991,1.3939,-0.67948,-1,-0.97262,0.76436,8.0749e-05,0,1,0.49585,0.57118,999,999,999,0.50052,0.1199,0.53015,0.36215,0.15137,6.6595e-07,9999,1,-1,541.99,5.127,0.25357,0,0,0,0,0,0,0,0,1,999,999,999,0,0,0,0,0,0,0,0,0,0,0,0,0,0,0,0,0,0,0,0,0,-0.74137,-1,-0.97262,-0.034408,0,0,0,0,0,0,0,1
1.2478,0.1982,-0.3093,-1,0,0,0,0,0.70067,0.82659,-0.011372,1,-0.0025932,9.4489e-05,-4.9372e-07,0,0,0,1.4065,999,999,999,1.4591,0.65838,0.19814,0.76844,0.14072,4.9372e-07,9999,1,-1,561.52,6.2012,0.19814,0,0,0,0,0,0,0,0,1,0.70067,0.76174,-0.26698,0,0,0,0,0,10,0.18178,3.7106e-07,9999,1,1289.1,9.8633,0.12593,1.2478,0.99544,-0.12617,0,0.010813,1.2478,-1,0.99544,-0.26698,1,9.4489e-05,0.42645,0,0,0,0,0,0,0,0
0,0,0,0,0,0,0,0,1.7663,0,-0.98098,-1,-0.0025421,-1.1326e-05,1.4566e-06,0,0,0,0.82134,999,999,999,1.1386,0.51515,0.3533,0.38512,0.21694,1.4566e-06,9999,1,1,493.16,3.4668,0.3533,0,0,0,0,0,0,0,0,1,1.7663,0.99647,-0.38586,0,0,0,0,0,10,0.21694,1.4566e-06,9999,1,493.16,3.4668,0.3533,1.7663,0.99647,-0.38586,6,0.00049443,1.7663,-1,0.99647,0.034051,-1,-1.1326e-05,-0.00076209,0,0,0,0,0,0,0,1
0,0,0,0,1.2777,1.1948,0.94321,-1,2.0942,0.18475,-0.95957,1,0.37156,0.11896,-0.00071014,0,0,0,2.1144,0.96788,-0.69761,-0.73818,3.1394,0.88906,1.0677,0.99993,0.16599,3.7463e-07,9999,1,-1,751.95,6.4453,0.12881,0,0,0,0,0,0,0,0,1,2.0942,0.99802,-0.99847,0,0,0,0,0,10,0.16599,3.7463e-07,9999,-1,751.95,6.4453,0.12881,2.0942,0.99802,-0.99847,-2,0.0080063,2.0942,1,0.99802,-0.99847,1,0.37156,0.88597,0,0,0,0,0,0,0,1
1.2789,0.73993,-0.9206,-1,0.97931,0,0.055595,1,0.5804,0,-0.042511,1,0.12097,-0.0095927,-0.0014953,1,0,0,1.4106,0.5804,-0.71253,-0.86739,1.1963,0.69088,0.93866,0,0,0,0,0,0,0,0,0,0,0,0,0,0,0,0,0,0,0,0,0,0,0,0,0,0,0,0,0,0,0,0,0,0,0,0,0,0,0.0025183,1.2789,-1,0.79231,0,0,0,0,0,0,0,0,0,0,0,0
0,0,0,0,0,0,0,0,0.53012,1.4023,-0.86311,-1,0.9999,-0.0010295,-6.4853e-05,0,0,0,0.76884,999,999,999,0.30262,0.8522,0.65698,0.99997,0.11326,3.6109e-07,9999,0,1,551.76,3.5156,0.1175,0,0,0,0,0,0,0,0,1,0.56108,0.93731,-0.93456,0,0,0,0,0,10,0.11326,3.6109e-07,9999,1,551.76,3.5156,0.1175,0.56108,0.93731,-0.93456,21,0.012553,0.56108,-1,0.93731,-0.4831,1,0.9999,0.77181,0,0,0,0,0,0,0,1
0,0,0,0,1.1602,0.56676,-0.11449,1,0.13953,0.17715,-0.24693,-1,0.037287,-4.6435e-07,0,0,0,0,1.1369,999,999,999,1.5051,0.18464,0,0.98223,0.13953,4.6435e-07,9999,1,-1,712.89,5.5176,0.18464,0,0,0,0,0,0,0,0,1,1.1602,0.89947,-0.92474,0,0,0,0,0,10,0.13953,4.6435e-07,9999,-1,712.89,5.5176,0.18464,1.1602,0.89947,-0.92474,-2,0.0145,1.1602,1,0.89947,-0.92474,1,0.037287,0.87092,0,0,0,0,0,0,0,1
0,0,0,0,0,0,0,0,0.5998,1.0815,-0.0033372,1,0.00065573,1.1344e-05,-1.1012e-05,2,1,0.50221,0.82649,999,999,999,0.81651,0.40545,0.51327,0,0,0,0,0,0,0,0,0,0,0,0,0,0,0,0,0,0,0,0,0,0,0,0,0,0,0,0,0,0,0,0,0,0,0,0,0,0,0.025534,0.5998,1,0.95135,0,0,0,0,0,0,0,0,0,0,0,1
0,0,0,0,0,0,0,0,0.59941,0.59144,0.18906,-1,-0.99725,-0.00087925,9.218e-05,0,0,0,0.87519,-0.59941,-0.90758,-0.72454,0.54421,0.68369,0.63837,0.71904,0.11611,5.4092e-07,9999,1,1,546.88,5.2246,0.2167,0,0,0,0,0,0,0,0,1,0.61235,0.41235,-0.10384,0,0,0,0,0,10,0.11611,5.4092e-07,9999,1,546.88,5.2246,0.2167,0.61235,0.41235,-0.10384,0,0.0083662,0.59941,-1,0.90758,-0.10384,-1,-0.99725,-0.54308,0,0,0,0,0,0,0,0
0,0,0,0,0,0,0,0,0.73474,1.173,-0.065954,-1,-0.0070909,0.0061458,4.0919e-07,1,0,0,0.89523,999,999,999,0.88372,0.50016,0.15363,0.58746,0.092436,4.0199e-07,9999,0,1,722.66,4.2969,0.14887,0,0,0,0,0,0,0,0,1,0.73474,0.81013,-0.88671,0,0,0,0,0,10,0.092436,4.0199e-07,9999,1,722.66,4.2969,0.14887,0.73474,0.81013,-0.88671,21,0.020476,0.73474,-1,0.81013,-0.88671,-1,-0.0070909,-0.60458,0,0,0,0,0,0,0,0
0,0,0,0,0,0,0,0,1.1269,0.10498,0.28178,1,0.061407,-0.00020203,3.4765e-05,1,0,0,1.3364,0.79278,-0.61977,-0.70808,1.4377,0.86595,0.52835,0,0,0,0,0,0,0,0,0,0,0,0,0,0,0,0,0,0,0,0,0,0,0,0,0,0,0,0,0,0,0,0,0,0,0,0,0,0,0.0067047,0.79278,1,0.61977,0,0,0,0,0,0,0,0,0,0,0,1
0,0,0,0,0,0,0,0,1.023,1.1241,-0.857,-1,0.99988,-0.98325,-0.014261,2,0,0,1.2005,999,999,999,0.30937,0.64216,1.3927,0.8107,0.2181,1.1901e-06,9999,1,1,566.41,4.7363,0.22915,0,0,0,0,0,0,0,0,1,0.58736,0.99678,-0.7636,0,0,0,0,0,10,0.2181,1.1901e-06,9999,1,566.41,4.7363,0.22915,0.58736,0.99678,-0.7636,4,0.031154,1.023,-1,0.90909,-0.7636,-1,-0.98325,-0.014023,0,0,0,0,0,0,0,1
0,0,0,0,0,0,0,0,1.1068,0.30691,0.7751,-1,-0.082889,0.0011865,-8.6933e-06,0,0,0,1.1065,-0.57849,-0.84056,-0.85414,1.5917,0.42677,0.38277,0.55824,0.23326,4.5621e-07,9999,1,1,664.06,5.1758,0.18058,0,0,0,0,0,0,0,0,1,1.1068,0.84448,-0.027728,0,0,0,0,0,10,0.23326,4.5621e-07,9999,1,664.06,5.1758,0.18058,1.1068,0.84448,-0.027728,6,0.02411,1.1068,-1,0.84448,0.22451,-1,-8.6933e-06,-0.00035286,0,0,0,0,0,0,0,1
0,0,0,0,0,0,0,0,1.1785,0.99988,-0.86508,1,0.70832,-0.24737,-0.027328,0,0,0,1.8102,1.1785,-0.86649,-0.87054,2.0876,0.79329,0.94417,0,0,0,0,0,0,0,0,0,0,0,0,0,0,0,0,0,0,0,0,0,0,0,0,0,0,0,0,0,0,0,0,0,0,0,0,0,0,0.0015508,1.3572,1,0.99878,0,0,0,0,0,0,0,0,0,0,0,0
1.618,0.29995,-0.72042,-1,0,0,0,0,0.54995,0.26185,0.14455,1,-0.99973,-0.084583,4.8308e-05,0,0,0,1.5957,-1.618,-0.9449,-0.15623,0.3343,1.4391,0.58256,0.81606,0.22155,4.3492e-06,9999,1,-1,502.93,3.7598,0.32822,0,0,0,0,0,0,0,0,1,999,999,999,0,0,0,0,0,0,0,0,0,0,0,0,0,0,0,0,0,0.0060376,1.618,-1,0.9449,0.58119,1,4.8308e-05,0.011439,0,0,0,0,0,0,0,0
0,0,0,0,0,0,0,0,0.92153,1.2126,-0.99945,1,0.022175,0.0052174,-0.00010541,2,1,0.49726,0.80556,999,999,999,1.3732,0.74966,0.66429,0.1714,0.18949,8.8227e-07,9999,0,1,541.99,3.9062,0.29484,0,0,0,0,0,0,0,0,1,999,999,999,0,0,0,0,0,0,0,0,0,0,0,0,0,0,0,0,0,0.0088915,0.92153,1,0.89969,0.53727,-1,-1.6516e-05,-0.0028452,0,0,0,0,0,0,0,0
0,0,0,0,0,0,0,0,1.0197,1.0308,-0.20768,-1,0.98667,-0.00091317,1.248e-05,1,0,0,1.1714,999,999,999,0.66525,1.4936,0.39881,0,0,0,0,0,0,0,0,0,0,0,0,0,0,0,0,0,0,0,0,0,0,0,0,0,0,0,0,0,0,0,0,0,0,0,0,0,0,0.0003351,1.0197,-1,0.92743,0,0,0,0,0,0,0,0,0,0,0,1
0,0,0,0,0,0,0,0,0.81835,0.83395,-0.91018,-1,-0.91417,-0.20153,0.052976,2,1,0.4938,1.1959,999,999,999,0.48997,1.2904,1.2252,0.73716,0.14102,3.982e-07,9999,0,-1,937.5,5.4688,0.14629,0,1,0,0,0,0,0,0,1,0.6874,0.81285,-0.99169,0,0,0,0,0,10,0.19736,3.8389e-07,9999,-1,1015.6,7.5195,0.13599,0.82219,0.96208,-0.74603,-6,0.0019041,0.81835,-1,0.79853,0.55787,1,0.052976,0.37831,0,0,0,0,0,0,0,0
0.57445,0.44063,-0.21973,-1,0,0,0,0,0.52653,0.70514,-0.90397,1,0.3882,-0.00051469,0,0,0,0,0.62554,999,999,999,0.82643,0.51473,0,0,0,0,0,0,0,0,0,0,0,0,0,0,0,0,0,0,0,0,0,0,0,0,0,0,0,0,0,0,0,0,0,0,0,0,0,0,0,0.024863,0.52653,1,0.79219,0,0,0,0,0.57445,0.44063,-0.21973,-1,1,0.008849,0.76212,1
0,0,0,0,0,0,0,0,0.50556,0.28147,0.99719,1,0.99797,0.84708,0.018765,0,0,0,0.75171,0.50556,0.93978,-0.82323,0.51843,0.20451,0.77971,0.16779,0.18033,0.84708,9999,1,1,0,39.844,0.20451,0,0,0,0,0,0,0,0,1,999,999,999,0,0,0,0,0,0,0,0,0,0,0,0,0,0,0,0,0,0.005859,0.63674,-1,0.99788,0.10703,-1,-1.8532e-05,-3.6989e-05,0,0,0,0,0,0,0,1
0,0,0,0,0,0,0,0,0.44784,1.2253,-0.7704,-1,0.0868,-0.00027817,-5.3636e-05,4,0,0,0.63925,999,999,999,0.77362,0.29167,0.60681,0.059185,0.096303,3.5723e-07,9999,1,1,1230.5,10.645,0.11408,0,0,0,0,0,0,0,0,1,999,999,999,0,0,0,0,0,0,0,0,0,0,0,0,0,0,0,0,0,0,0,0,0,0.79207,1,0.0868,0.018014,0,0,0,0,0,0,0,1
1.5345,0.38525,-0.91895,1,0,0,0,0,0.38006,0.113,0.15366,-1,0.01482,-1.9139e-06,-1.6947e-06,0,0,0,1.4552,999,999,999,1.4083,0.32428,0.36842,0,0,0,0,0,0,0,0,0,0,0,0,0,0,0,0,0,0,0,0,0,0,0,0,0,0,0,0,0,0,0,0,0,0,0,0,0,0,0.0039253,1.5345,1,0.98299,0,0,0,0,0,0,0,0,0,0,0,1
0,0,0,0,0,0,0,0,1.0647,1.5289,0.0089472,1,0.96955,0.014309,-7.3102e-05,1,0,0,1.5419,1.0647,-0.97546,-0.95968,0.98459,1.0776,0.69687,0.42062,0.059963,1.2618e-06,9999,0,1,0,3.0762,0.056156,0,0,0,0,0,0,0,0,1,999,999,999,0,0,0,0,0,10,0.083713,1.3074e-06,9999,-1,0,3.6133,0.043393,0.75095,0.985,-0.14766,-0,0.0015701,1.0647,1,0.97546,0.8607,1,0.96955,0.64106,0,0,0,0,0,0,0,1
0,0,0,0,0,0,0,0,1.9296,0.38895,-0.98433,1,0.0494,3.2076e-06,-7.419e-07,1,0,0,1.4133,999,999,999,1.4662,0.30525,0.27039,0.78276,0.22077,7.419e-07,9999,1,-1,463.87,3.418,0.27039,0,0,0,0,0,0,0,0,1,1.9296,0.9794,-0.72202,0,0,0,0,0,10,0.22077,7.419e-07,9999,-1,463.87,3.418,0.27039,1.9296,0.9794,-0.72202,-0,0.0063742,1.9296,1,0.9794,0.99668,1,3.2076e-06,0.0073106,0,0,0,0,0,0,0,0
0,0,0,0,0,0,0,0,0.44966,0.92311,0.43472,-1,-0.0019534,-0.0010042,4.8521e-05,0,0,0,1.0012,-0.50447,0.58146,-0.51577,0.7041,0.71782,0.57978,0,0,0,0,0,0,0,0,0,0,0,0,0,0,0,0,0,0,0,0,0,0,0,0,0,0,0,0,0,0,0,0,0,0,0,0,0,0,0.0011946,0.50447,-1,0.58146,0,0,0,0,0,0,0,0,0,0,0,1
0,0,0,0,0,0,0,0,0.22124,1.4504,-0.83579,1,0.99911,0.014404,-1.4842e-05,1,0,0,0.47608,999,999,999,0.4601,0.68065,0.42999,0.76672,0.22124,4.7968e-07,9999,1,1,634.77,4.6875,0.1919,0,0,0,0,0,0,0,0,1,999,999,999,0,0,0,0,0,0,0,0,0,0,0,0,0,0,0,0,0,0,0,0,0,0.64901,-1,-1.2345e-06,-0.0056114,0,0,0,0,0,0,0,0
0,0,0,0,0,0,0,0,0.59598,0.7339,0.55018,1,0.9987,0.022423,-4.0859e-05,3,3,0.49751,0.74868,0.59598,0.81487,-0.64005,0.3839,0.94869,0.55356,0.61942,0.2133,4.8255e-07,9999,0,1,576.17,7.1289,0.19321,0,1,0,0,0,0,0,0,1,999,999,999,0,0,0,0,0,10,0.22096,1.5542e-06,9999,1,517.58,2.71,0.3599,0.8833,0.84934,-0.92514,9,0.020707,0.8833,-1,0.84934,0.46947,1,0.9987,0.00049431,0,0,0,0,0,0,0,1
0,0,0,0,0,0,0,0,0.071654,1.1558,-0.97674,-1,0.99998,-0.99874,-0.89215,3,0,0,0.77356,999,999,999,0.25527,0.48327,0.75325,0.99859,0.13064,4.6173e-07,9999,0,1,957.03,5.5176,0.18335,1,0,1.3494,0.92033,-0.24896,0.070377,0.031389,0.063878,1,0.73934,0.5786,-0.61768,0,0,0,0,0,10,0.13731,2.0072e-06,9999,1,0,4.541,0.22299,0.73934,0.5786,-0.8315,4,0.0056643,0.73934,-1,0.5786,0.87312,-1,-0.89215,-0.90529,0,0,0,0,0,0,0,1
0,0,0,0,0,0,0,0,1.1447,0.88247,0.98251,-1,-0.9642,-4.8895e-05,-1.5834e-05,0,0,0,1.3766,999,999,999,1.6372,0.58685,0.43587,0.31708,0.20209,7.6054e-07,9999,1,1,527.34,6.0059,0.27407,0,0,0,0,0,0,0,0,1,999,999,999,0,0,0,0,0,10,0.22298,6.8681e-07,9999,1,585.94,4.2969,0.25851,1.1447,0.98214,-0.26569,0,0.0066014,1.1447,-1,0.98214,0.21597,-1,-0.9642,-0.0019574,0,0,0,0,0,0,0,0
0,0,0,0,0,0,0,0,0.46401,1.2884,-0.85368,1,-0.11492,-0.00047028,-9.8065e-05,1,1,0.49694,1.2199,-0.59503,-0.95062,-0.93925,0.64489,0.63378,0.74419,0,0,0,0,0,0,0,0,0,0,0,0,0,0,0,0,0,0,0,0,0,0,0,0,0,0,0,0,0,0,0,0,0,0,0,0,0,0,0.0022792,0.65203,-1,0.91886,0,0,0,0,0,0,0,0,0,0,0,0
1.4808,0.066298,-0.7955,1,0,0,0,0,0.20377,1.0938,-0.39953,-1,7.6902e-05,-3.7291e-07,0,0,0,0,1.0992,999,999,999,2.2337,0.12743,0,0.43805,0.20377,3.7291e-07,9999,1,-1,556.64,2.8564,0.12743,0,0,0,0,0,0,0,0,1,1.4808,0.94445,-0.14476,0,0,0,0,0,10,0.20377,3.7291e-07,9999,-1,556.64,2.8564,0.12743,1.4808,0.94445,-0.14476,-21,0.00051879,1.4808,1,0.94445,-0.14476,1,7.6902e-05,0.0026745,0,0,0,0,0,0,0,1
0,0,0,0,0,0,0,0,0.87974,0.70396,0.31452,-1,-0.0005815,-0.0002145,-0.00012601,1,0,0,1.1483,-0.87974,-0.90333,-0.99993,0.83189,0.24699,0.75148,0,0,0,0,0,0,0,0,0,0,0,0,0,0,0,0,0,0,0,0,0,0,0,0,0,0,0,0,0,0,0,0,0,0,0,0,0,0,0.012914,0.87974,-1,0.90333,0,0,0,0,0,0,0,0,0,0,0,1
1.3806,0,-0.8999,-1,0,0,0,0,0,0,0,0,-0.0033538,0,0,0,0,0,1.3587,999,999,999,1.4404,0,0,0,0,0,0,0,0,0,0,0,0,0,0,0,0,0,0,0,0,0,0,0,0,0,0,0,0,0,0,0,0,0,0,0,0,0,0,0,0,0.0038006,1.3806,-1,0.99746,0,0,0,0,0,0,0,0,0,0,0,0
0,0,0,0,0,0,0,0,1.4745,0.99951,-0.89476,1,0.012375,-0.00098687,1.8259e-05,1,0,0,1.1124,0.68765,-0.95654,-0.91864,2.3125,0.42513,0.45043,0,0,0,0,0,0,0,0,0,0,0,0,0,0,0,0,0,0,0,0,0,0,0,0,0,0,0,0,0,0,0,0,0,0,0,0,0,0,0.0010292,1.4745,1,0.9627,0,0,0,0,0,0,0,0,0,0,0,1
0,0,0,0,0,0,0,0,1.0068,1.0939,-0.79954,1,0.054866,0.00046059,-0.00017636,3,1,0.50122,1.2165,1.0068,-0.91712,-0.93394,1.1905,0.85346,0.17893,0,0,0,0,0,0,0,0,0,0,0,0,0,0,0,0,0,0,0,0,0,0,0,0,0,0,0,0,0,0,0,0,0,0,0,0,0,0,0.0018487,1.0068,1,0.91712,0,0,0,0,0,0,0,0,0,0,0,1
0,0,0,0,0,0,0,0,0.70767,0.21042,-0.91365,-1,-0.00010977,-7.6743e-05,-1.7894e-05,0,0,0,1.0345,999,999,999,0.70022,0.67486,0.44822,0.21745,0.15747,5.9759e-07,9999,1,1,537.11,4.5898,0.2352,0,0,0,0,0,0,0,0,1,0.70767,0.90092,-0.57565,0,0,0,0,0,10,0.15747,5.9759e-07,9999,1,537.11,4.5898,0.2352,0.70767,0.90092,-0.57565,9,0.00034915,0.68803,-1,0.95853,-0.45936,-1,-0.00010977,-0.041384,0,0,0,0,0,0,0,1
0,0,0,0,0,0,0,0,0.19696,0.075477,0.71683,1,-0.99206,0.19266,4.5714e-07,0,0,0,0.71077,999,999,999,0.6689,0.78962,0.18105,0.41963,0.19696,4.5714e-07,9999,1,1,673.83,4.5898,0.18105,0,0,0,0,0,0,0,0,1,0.54797,0.97458,-0.59889,0,0,0,0,0,10,0.19696,4.5714e-07,9999,1,673.83,4.5898,0.18105,0.54797,0.97458,-0.59889,0,0.0053911,0.54797,-1,0.97458,-0.59889,-1,-0.99206,-0.0044104,0,0,0,0,0,0,0,0
0.34676,0.23056,-0.85049,-1,0,0,0,0,0.26823,0.7099,-0.72592,1,-0.87953,-0.0071866,0.00093655,3,0,0,0.32823,999,999,999,0.24311,0.56209,0.4204,0,0,0,0,0,0,0,0,0,0,0,0,0,0,0,0,0,0,0,0,0,0,0,0,0,0,0,0,0,0,0,0,0,0,0,0,0,0,0,0,0,0,0,0,0,0,0.34676,0.23056,-0.85049,-1,1,0.28309,0.99358,0
0,0,0,0,0,0,0,0,1.5128,1.354,-0.48283,-1,-0.03656,-0.00020674,0.00016319,1,0,0,1.6459,999,999,999,1.5909,0.2387,0.91435,0,0,0,0,0,0,0,0,0,0,0,0,0,0,0,0,0,0,0,0,0,0,0,0,0,0,0,0,0,0,0,0,0,0,0,0,0,0,0.0043011,1.5128,-1,0.99234,0,0,0,0,0,0,0,0,0,0,0,0
0,0,0,0,0,0,0,0,1.329,1.1023,-0.73328,-1,1,-0.096116,-0.00058699,0,0,0,1.7146,0.66178,0.78782,-0.65621,0.17874,1.4187,0.99479,0.85969,0.078833,1.2392e-06,9999,1,-1,0,8.0078,0.12084,0,0,0,0,0,0,0,0,1,0.66178,0.78782,-0.92997,0,0,0,0,0,10,0.078833,1.2392e-06,9999,-1,0,8.0078,0.12084,0.66178,0.78782,-0.92997,-5,0.011827,1.329,-1,0.919,0.36512,1,1,0.74834,0,0,0,0,0,0,0,1
0,0,0,0,0,0,0,0,0.15791,1.3385,-0.95874,-1,-1.9131e-05,-1.2358e-06,1.2187e-06,1,0,0,0.61121,999,999,999,0.45522,0.11918,0.076943,0.94739,0.10462,1.2358e-06,9999,1,-1,0,10.449,0.11918,0,0,0,0,0,0,0,0,1,999,999,999,0,0,0,0,0,0,0,0,0,0,0,0,0,0,0,0,0,0,0,0,0,0.83071,1,1.2187e-06,0.82184,0,0,0,0,0,0,0,0
0,0,0,0,0,0,0,0,0.64676,0.80153,0.044513,-1,-0.99096,0.96115,-0.0016059,0,0,0,1.0141,-0.53517,-0.85882,-0.29032,0.63224,0.37441,0.6637,0.45521,0.21861,6.3134e-07,9999,1,-1,458.98,4.9805,0.24472,0,0,0,0,0,0,0,0,1,0.56761,0.561,-0.11141,0,0,0,0,0,10,0.21861,6.3134e-07,9999,-1,458.98,4.9805,0.24472,0.56761,0.561,-0.11141,-0,0.0026215,0.64676,-1,0.54755,-0.11141,1,0.96115,0.00082587,0,0,0,0,0,0,0,0
0,0,0,0,0,0,0,0,0.55628,1.6528,-0.77247,1,-0.00010233,7.521e-05,-6.0251e-05,0,0,0,1.1134,999,999,999,0.78999,0.66579,0.62546,0.98061,0.15225,3.4237e-07,9999,1,-1,1523.4,12.695,0.09997,0,0,0,0,0,0,0,0,1,0.55628,0.8255,-0.6989,0,0,0,0,0,10,0.15225,3.4237e-07,9999,-1,1523.4,12.695,0.09997,0.55628,0.8255,-0.6989,-2,0.011865,0.97404,-1,0.87446,0.94389,1,4.7862e-06,0.85529,0,0,0,0,0,0,0,1
0,0,0,0,0,0,0,0,1.2501,0.36912,-0.71129,-1,0.8509,-8.9633e-05,7.0293e-07,0,0,0,0.85537,999,999,999,1.0371,0.7993,0.26215,0.36741,0.095653,3.6014e-07,9999,1,1,5000,12.305,0.11669,0,0,0,0,0,0,0,0,1,999,999,999,0,0,0,0,0,10,0.184,7.0293e-07,9999,1,551.76,4.5898,0.26215,1.2501,0.95726,-0.27343,0,0.0071348,1.2501,-1,0.95726,0.59459,-1,-8.9633e-05,-0.47212,0,0,0,0,0,0,0,1
0,0,0,0,0,0,0,0,0.99991,0.8178,-0.99909,1,0.0072843,-6.4593e-06,-1.2744e-06,2,0,0,1.0151,999,999,999,0.968,0.35878,0.052151,0.052071,0.05798,1.2744e-06,9999,0,-1,0,3.6621,0.052151,0,0,0,0,0,0,0,0,1,999,999,999,0,0,0,0,0,0,0,0,0,0,0,0,0,0,0,0,0,0.0017641,0.99991,1,0.98912,0.44323,1,0.0072843,0.59699,0,0,0,0,0,0,0,1
0,0,0,0,0,0,0,0,0.40981,0.27862,0.99811,-1,0.0030588,-0.00017685,-4.3108e-06,2,0,0,0.63907,999,999,999,0.96549,0.1813,0.44725,0.99286,0.16411,0.00017685,9999,0,-1,703.12,0,0.1813,0,0,0,0,0,0,0,0,1,0.62727,0.40499,-0.51068,0,0,0,0,0,10,0.16411,0.00017685,9999,-1,703.12,0,0.1813,0.62727,0.40499,-0.51068,-6,0.0030522,0.62727,1,0.40499,-0.51068,1,0.0030588,0.87029,0,0,0,0,0,0,0,0
0,0,0,0,0.89735,0,-0.80617,-1,0.53665,0,0.14547,1,-0.96225,0.6538,-0.095372,2,1,0.4971,0.72354,-0.89735,0.95792,-0.081071,0.9731,1.77,1.4318,0,0,0,0,0,0,0,0,0,0,0,0,0,0,0,0,0,0,0,0,0,0,0,0,0,0,0,0,0,0,0,0,0,0,0,0,0,0,0.03652,0.89735,-1,0.95792,0,0,0,0,0,0,0,0,0,0,0,0
0,0,0,0,1.372,0.55956,-0.77386,-1,1.0425,1.0402,-0.90317,1,0.80938,-0.10155,0.084747,1,0,0,1.5511,1.0425,-0.76333,-0.80465,0.49844,1.1246,1.2389,0.31813,0.090933,1.2098e-06,9999,0,-1,0,15.625,0.096414,0,0,0,0,0,0,0,0,1,1.0425,0.76333,-0.078642,0,0,0,0,0,10,0.090933,1.2098e-06,9999,-1,0,15.625,0.096414,1.0425,0.76333,-0.078642,-5,0.0030175,1.372,-1,0.92169,0.18243,1,0.80938,0.4893,0,0,0,0,0,0,0,0
1.3625,0,-0.8134,1,0,0,0,0,0.076084,0.2899,0.10683,-1,-0.0005162,0.00013629,-4.3574e-06,1,0,0,1.4067,999,999,999,0.29159,1.6065,0.32836,0.68056,0.076084,1.2182e-06,9999,1,-1,0,8.4961,0.1081,0,0,0,0,0,0,0,0,1,1.3625,0.99924,-0.65151,0,0,0,0,0,10,0.076084,1.2182e-06,9999,-1,0,8.4961,0.1081,1.3625,0.99924,-0.65151,-2,0.0017076,1.3625,1,0.99924,-0.65151,1,0.00013629,0.71828,0,0,0,0,0,0,0,1
0,0,0,0,0,0,0,0,0.191,0.35221,0.94852,-1,-0.99992,0.58954,-6.4996e-05,2,0,0,0.61847,999,999,999,0.31197,0.44575,0.64044,0.99306,0.11081,4.1997e-07,9999,1,1,703.12,6.3477,0.1604,1,0,-0.46867,0.40577,0.20367,0.18063,0.0050238,0.2018,1,999,999,999,0,0,0,0,0,0,0,0,0,0,0,0,0,0,0,0,0,0,0,0,0,0.49979,1,0.58954,0.47872,0,0,0,0,0,0,0,0
0,0,0,0,0,0,0,0,2.1275,0.64123,-0.91965,-1,-0.0017448,-0.00042545,0.00015423,1,0,0,2.3221,999,999,999,2.0966,0.65771,0.91836,0,0,0,0,0,0,0,0,0,0,0,0,0,0,0,0,0,0,0,0,0,0,0,0,0,0,0,0,0,0,0,0,0,0,0,0,0,0,0.0068168,2.1275,-1,0.96143,0,0,0,0,0,0,0,0,0,0,0,0
0.92642,0.41348,0.66269,-1,0,0,0,0,1.0766,1.3399,-0.88337,1,-0.99139,-0.023097,0.01009,0,0,0,1.2944,-0.92642,0.90208,-0.8833,0.4521,1.2131,0.846,0.42873,0.21191,8.6961e-07,9999,1,1,488.28,3.3691,0.29291,0,0,0,0,0,0,0,0,1,0.54884,0.97962,-0.58184,0,0,0,0,0,10,0.21191,8.6961e-07,9999,1,488.28,3.3691,0.29291,0.54884,0.97962,-0.58184,0,0.020691,1.0766,1,0.96864,-0.58184,-1,-0.99139,-0.0013144,0.92642,0.41348,0.66269,-1,1,0.0018415,0.90208,0
0,0,0,0,0,0,0,0,0.67629,1.4189,-0.93442,1,0.16338,0.00056497,-3.2874e-05,3,1,0.49827,0.68688,999,999,999,1.0943,0.32101,0.52031,0.93244,0.22701,1.801e-06,9999,1,-1,493.16,3.7109,0.26166,0,0,0,0,0,0,0,0,1,0.67629,0.66348,-0.6063,0,0,0,0,0,10,0.22701,1.801e-06,9999,-1,493.16,3.7109,0.26166,0.67629,0.66348,-0.6063,-0,0,0,0,0,0.97384,1,0.00056497,0.089155,0,0,0,0,0,0,0,1
0.42763,1.2017,0.49141,-1,0,0,0,0,0.41152,1.4322,-0.8011,-1,-0.99532,-0.92297,-0.00048326,2,0,0,0.90169,999,999,999,0.59698,0.32798,0.56023,0.85676,0.17674,8.4595e-07,9999,0,1,561.52,3.8574,0.28916,0,0,0,0,0,0,0,0,1,999,999,999,0,0,0,0,0,0,0,0,0,0,0,0,0,0,0,0,0,0.059506,0.64312,1,0.95157,-0.49562,-1,-0.92297,-0.30001,0.42763,1.2017,0.49141,-1,1,0.025507,0.94928,0
0,0,0,0,0,0,0,0,0.99361,1.58,-0.099651,-1,-0.98068,0.947,-0.0020032,0,0,0,1.2835,999,999,999,0.75504,1.059,1.4683,0,0,0,0,0,0,0,0,0,0,0,0,0,0,0,0,0,0,0,0,0,0,0,0,0,0,0,0,0,0,0,0,0,0,0,0,0,0,0.0020273,0.94361,1,0.96362,0,0,0,0,0,0,0,0,0,0,0,0
0,0,0,0,0.57364,1.3263,-0.81265,-1,0.93928,1.7342,-0.928,-1,-0.13964,-0.00037338,8.967e-05,1,0,0,1.1238,999,999,999,1.5141,0.86675,0.77181,0.71746,0.24817,2.6427e-06,9999,0,-1,527.34,4.0039,0.40846,0,0,0,0,0,0,0,0,1,0.69976,0.374,-0.36697,0,0,0,0,0,10,0.24817,2.6427e-06,9999,-1,527.34,4.0039,0.40846,0.69976,0.374,-0.36697,-6,0.01049,0.93928,-1,0.61113,0.051943,-1,-0.13964,-0.00015196,0,0,0,0,0,0,0,0
0,0,0,0,0,0,0,0,0.51937,0.85403,-0.049779,1,0.0037621,0.00040715,-1.2663e-06,0,0,0,0.64851,999,999,999,0.45526,0.79752,0.33842,0.91,0.17127,6.0421e-07,9999,1,-1,561.52,4.6387,0.23714,0,0,0,0,0,0,0,0,1,0.51937,0.84308,-0.55913,0,0,0,0,0,10,0.17127,6.0421e-07,9999,-1,561.52,4.6387,0.23714,0.51937,0.84308,-0.55913,-4,0.021792,0.51937,1,0.84308,0.88045,1,0.0037621,0.075942,0,0,0,0,0,0,0,0
0,0,0,0,0,0,0,0,1.1813,0.6417,-0.70442,1,0.96823,0.18671,-0.00017445,1,0,0,1.4032,0.63993,-0.82082,-0.81481,1.6051,0.82241,0.16481,0.57842,0.16751,4.1257e-07,9999,1,-1,771.48,5.5176,0.15579,0,0,0,0,0,0,0,0,1,0.63993,0.82082,-0.70953,0,0,0,0,0,10,0.16751,4.1257e-07,9999,-1,771.48,5.5176,0.15579,0.63993,0.82082,-0.70953,-4,0.017276,1.1813,1,0.99994,0.57509,1,0.96823,0.065312,0,0,0,0,0,0,0,1
0,0,0,0,0,0,0,0,0.63656,0.1346,-0.80961,-1,0.99986,0.083427,-0.00039773,0,0,0,0.81421,0.57331,0.93328,-0.61541,0.35753,0.91919,0.8694,0,0,0,0,0,0,0,0,0,0,0,0,0,0,0,0,0,0,0,0,0,0,0,0,0,0,0,0,0,0,0,0,0,0,0,0,0,0,0.031761,0.63656,-1,0.85516,0,0,0,0,0,0,0,0,0,0,0,1
0,0,0,0,0,0,0,0,0.61748,1.2635,-0.81948,-1,-0.0027009,-0.0001817,8.2239e-06,2,0,0,0.9409,999,999,999,0.53726,0.84311,0.37819,0.79374,0.10478,1.2108e-06,9999,0,1,0,4.834,0.098996,0,0,0,0,0,0,0,0,1,999,999,999,0,0,0,0,0,10,0.18942,4.133e-07,9999,1,839.84,6.8359,0.15626,0.61748,0.94146,-0.3758,6,0.038436,0.61748,-1,0.94146,0.87074,-1,-0.0027009,-0.65631,0,0,0,0,0,0,0,0
0,0,0,0,0,0,0,0,0.58213,0.41104,-0.42627,-1,-0.00060492,-1.6476e-05,3.4515e-06,2,0,0,0.49445,-0.58213,-0.70201,-0.74625,0.37971,0.4401,0.31076,0.73625,0.17392,3.9287e-07,9999,0,1,859.38,8.7891,0.14255,0,0,0,0,0,0,0,0,1,999,999,999,0,0,0,0,0,0,0,0,0,0,0,0,0,0,0,0,0,0.0067963,0.58213,-1,0.70201,0.44971,-1,-1.6476e-05,-0.11808,0,0,0,0,0,0,0,0
0,0,0,0,0,0,0,0,0.85658,1.0425,0.039727,-1,-0.99743,0.957,-0.65659,1,0,0,1.2265,-0.85658,-0.919,-0.87369,0.53695,1.0578,0.88495,0.74152,0.096971,4.0651e-07,9999,0,1,937.5,11.133,0.15188,0,0,0,0,0,0,0,0,1,999,999,999,0,0,0,0,0,0,0,0,0,0,0,0,0,0,0,0,0,0.0042251,0.85658,-1,0.919,0.62463,-1,-0.65659,-0.65674,0,0,0,0,0,0,0,0
0,0,0,0,0,0,0,0,0.61332,0.77682,0.89726,-1,0.030266,-5.5931e-05,-8.2878e-06,0,0,0,1.1831,999,999,999,0.99803,0.61246,0.37883,0,0,0,0,0,0,0,0,0,0,0,0,0,0,0,0,0,0,0,0,0,0,0,0,0,0,0,0,0,0,0,0,0,0,0,0,0,0,0.011728,0.94826,1,0.87694,0,0,0,0,0,0,0,0,0,0,0,1
0,0,0,0,0,0,0,0,1.6839,0.11585,-0.58319,1,0.069335,8.4977e-05,-2.0749e-06,0,0,0,1.5486,0.71214,0.55115,-0.54058,1.3772,0.72022,0.38739,0.63917,0.10037,3.5985e-07,9999,1,-1,1230.5,8.9844,0.11641,0,0,0,0,0,0,0,0,1,1.6839,0.96807,-0.58582,0,0,0,0,0,10,0.10037,3.5985e-07,9999,-1,1230.5,8.9844,0.11641,1.6839,0.96807,-0.58582,-4,0.0023909,1.6839,1,0.96807,0.98052,1,8.4977e-05,0.58461,0,0,0,0,0,0,0,0
0,0,0,0,0,0,0,0,0.87891,1.4458,-0.68984,1,0.46019,0.0048603,0.003884,1,0,0,1.4433,0.87891,0.49651,-0.40074,1.2926,0.5538,1.1283,0.50827,0.19622,1.1441e-06,9999,0,-1,468.75,4.1016,0.32701,0,0,0,0,0,0,0,0,1,0.88447,0.37519,-0.18958,0,0,0,0,0,10,0.19622,1.1441e-06,9999,-1,468.75,4.1016,0.32701,0.88447,0.37519,-0.18958,-0,0.016074,0.88447,1,0.37519,0.47791,1,0.0048603,0.0064924,0,0,0,0,0,0,0,1
0,0,0,0,0,0,0,0,0.55343,0.75152,-0.21519,1,-0.10057,0.0021331,1.971e-05,0,0,0,1.2376,999,999,999,0.95532,0.93004,0.45839,0,0,0,0,0,0,0,0,0,0,0,0,0,0,0,0,0,0,0,0,0,0,0,0,0,0,0,0,0,0,0,0,0,0,0,0,0,0,0.003827,0.87345,1,0.85917,0,0,0,0,0,0,0,0,0,0,0,0
0,0,0,0,0,0,0,0,0.31707,0.18658,-0.076031,1,-0.99304,0.47616,-0.00040436,0,0,0,0.83367,999,999,999,0.6431,0.59997,0.5165,0.87447,0.21334,2.0437e-06,9999,1,1,551.76,3.8086,0.2713,0,0,0,0,0,0,0,0,1,999,999,999,0,0,0,0,0,0,0,0,0,0,0,0,0,0,0,0,0,0.046197,0.55296,-1,0.70594,0.47502,-1,-0.99304,-0.062071,0,0,0,0,0,0,0,0
0.75546,0.28043,0.88954,-1,0,0,0,0,0.63898,1.0359,-0.94704,-1,-0.2284,-0.10236,5.7873e-05,1,0,0,1.0832,-0.75546,-0.98782,-0.69638,1.008,0.74235,0.54167,0,0,0,0,0,0,0,0,0,0,0,0,0,0,0,0,0,0,0,0,0,0,0,0,0,0,0,0,0,0,0,0,0,0,0,0,0,0,0.025314,0.75546,-1,0.98782,0,0,0,0,0.75546,0.28043,0.88954,-1,1,0.025314,0.98782,0
0,0,0,0,0,0,0,0,0.25965,1.235,-0.96828,1,0.35052,0.00018222,-2.2129e-05,1,0,0,0.68264,999,999,999,0.62369,0.19899,0.47079,0.35386,0.11462,4.4099e-07,9999,1,1,693.36,6.1035,0.17255,0,0,0,0,0,0,0,0,1,0.62033,0.49455,-0.1382,0,0,0,0,0,10,0.11462,4.4099e-07,9999,1,693.36,6.1035,0.17255,0.62033,0.49455,-0.1382,6,0.0056423,0.62033,-1,0.49455,-0.1382,-1,-2.2129e-05,-0.33728,0,0,0,0,0,0,0,0
0,0,0,0,0,0,0,0,0.49205,0.043318,-0.47076,1,0.99995,-1.0823e-05,0,0,1,0.49822,0.43594,999,999,999,0.28896,0.40135,0,0,0,0,0,0,0,0,0,0,0,0,0,0,0,0,0,0,0,0,0,0,0,0,0,0,0,0,0,0,0,0,0,0,0,0,0,0,0,0,0,0,0,0,0,0,0,0,0,0,0,0,0,0,0
0,0,0,0,0,0,0,0,0.484,0.13142,0.75525,1,0.00029662,-4.9761e-05,-3.7803e-07,0,0,0,0.71306,999,999,999,0.63411,0.59001,0.13149,0.87436,0.21851,3.7803e-07,9999,1,-1,1044.9,7.6172,0.13149,0,0,0,0,0,0,0,0,1,999,999,999,0,0,0,0,0,0,0,0,0,0,0,0,0,0,0,0,0,0.019238,0.52871,-1,0.88614,-0.67302,1,0.00029662,0.042704,0,0,0,0,0,0,0,1
0,0,0,0,0,0,0,0,2.0336,0.50495,-0.78196,-1,-0.38112,-0.093355,3.7721e-07,0,0,0,0.81794,-2.0336,-0.97592,-0.52504,1.031,1.262,0.13086,0.65213,0.17944,3.7721e-07,9999,1,1,546.88,3.6133,0.13086,0,0,0,0,0,0,0,0,1,0.65027,0.68119,-0.17059,0,0,0,0,0,10,0.17944,3.7721e-07,9999,1,546.88,3.6133,0.13086,0.65027,0.68119,-0.17059,8,0.00084105,2.0336,-1,0.97592,0.77739,-1,-0.093355,-0.046258,0,0,0,0,0,0,0,0
0,0,0,0,0,0,0,0,0.65626,0.61166,0.752,1,-0.99957,0.00074181,4.6296e-05,0,0,0,0.96548,999,999,999,0.37261,0.82608,0.55751,0.87959,0.21043,0.99957,9999,1,-1,1162.1,12.012,0.37261,0,0,0,0,0,0,0,0,1,0.71627,0.34287,-0.65557,0,0,0,0,0,10,0.21043,0.99957,9999,-1,1162.1,12.012,0.37261,0.71627,0.34287,-0.65557,-22,0.00010946,0.71627,1,0.34287,0.0059993,1,0.00074181,7.8903e-06,0,0,0,0,0,0,0,0
0,0,0,0,0,0,0,0,0.9431,0.84936,0.14973,-1,-0.020404,1.1396e-05,-1.3033e-06,2,1,0.49496,0.87415,999,999,999,1.4164,0.40585,0.34156,0.69669,0.11814,4.7076e-07,9999,0,-1,610.35,5.4688,0.18774,0,1,0,0,0,0,0,0,1,999,999,999,0,0,0,0,0,10,0.17271,4.5124e-07,9999,1,683.59,5.8594,0.17802,0.9431,0.75643,-0.81885,5,0.018929,0.9431,-1,0.75643,0.62126,-1,-1.3033e-06,-0.12976,0,0,0,0,0,0,0,0
0,0,0,0,1.6753,0.075447,-0.79239,-1,0.093402,0.53101,-0.11731,1,-0.046814,4.1043e-07,0,0,0,0,1.646,999,999,999,1.7186,0.15443,0,0.61827,0.093402,4.1043e-07,9999,1,1,693.36,7.1289,0.15443,0,0,0,0,0,0,0,0,1,1.6753,0.92801,-0.38714,0,0,0,0,0,10,0.093402,4.1043e-07,9999,1,693.36,7.1289,0.15443,1.6753,0.92801,-0.38714,2,0.015505,1.6753,-1,0.92801,-0.38714,-1,-0.046814,-0.61581,0,0,0,0,0,0,0,0
0,0,0,0,0,0,0,0,0.45689,0.36596,-0.50698,1,3.2928e-05,-6.6288e-07,0,0,0,0,0.50934,999,999,999,0.52023,0.25282,0,0,0,0,0,0,0,0,0,0,0,0,0,0,0,0,0,0,0,0,0,0,0,0,0,0,0,0,0,0,0,0,0,0,0,0,0,0,0,0,0,0,0,0,0,0,0,0,0,0,0,0,0,0,0
0,0,0,0,0,0,0,0,1.2673,1.3977,-0.70805,-1,-0.33029,0.0058083,0.0047269,1,0,0,1.4488,999,999,999,1.9991,0.59945,0.91057,0.12136,0.20507,5.2281e-07,9999,1,-1,571.29,7.4219,0.20998,0,0,0,0,0,0,0,0,1,0.81795,0.78174,-0.49232,0,0,0,0,0,10,0.20507,5.2281e-07,9999,-1,571.29,7.4219,0.20998,0.81795,0.78174,-0.49232,-6,0.022169,1.2673,-1,0.83974,0.51455,1,0.0047269,0.00072885,0,0,0,0,0,0,0,0
1.1284,0.53217,-0.9282,-1,0,0,0,0,0.81692,0.3416,0.15221,-1,-0.95588,-0.0022651,1.1053e-05,0,0,0,1.2278,-1.1284,0.88064,-0.50606,1.1333,1.6665,0.40317,0,0,0,0,0,0,0,0,0,0,0,0,0,0,0,0,0,0,0,0,0,0,0,0,0,0,0,0,0,0,0,0,0,0,0,0,0,0,0.0068905,1.1284,-1,0.88064,0,0,0,0,0,0,0,0,0,0,0,0
0,0,0,0,0,0,0,0,2.0138,0.14755,-0.34941,1,0.96656,0.50972,-0.00018883,0,0,0,2.2501,2.0138,0.99723,-0.80639,0.8831,2.5445,0.95926,0,0,0,0,0,0,0,0,0,0,0,0,0,0,0,0,0,0,0,0,0,0,0,0,0,0,0,0,0,0,0,0,0,0,0,0,0,0,0.0015216,2.0138,1,0.99723,0,0,0,0,0,0,0,0,0,0,0,1
0,0,0,0,0,0,0,0,1.0065,0.89999,-0.58117,-1,-0.4968,-0.10464,-2.9641e-05,0,0,0,1.331,-1.0065,-0.57011,-0.82771,1.2924,1.1384,0.50623,0.96012,0.15431,5.5954e-07,9999,0,1,153.81,4.5898,0.22317,0,0,0,0,0,0,0,0,1,1.0065,0.57011,-0.49195,0,0,0,0,0,10,0.15431,5.5954e-07,9999,1,153.81,4.5898,0.22317,1.0065,0.57011,-0.49195,2,0.0066527,1.0065,-1,0.57011,0.70357,-1,-0.4968,-0.79516,0,0,0,0,0,0,0,0
0,0,0,0,0,0,0,0,0.8898,0.35005,-0.057977,-1,-0.00072385,0.00021448,-0.00015214,2,0,0,0.96374,999,999,999,0.92185,0.24697,0.36346,0.89872,0.090492,1.2414e-06,9999,1,1,0,14.844,0.12182,0,0,0,0,0,0,0,0,1,0.8898,0.98379,-0.82006,0,0,0,0,0,10,0.090492,1.2414e-06,9999,1,0,14.844,0.12182,0.8898,0.98379,-0.82006,2,0.0085553,0.8898,-1,0.98379,-0.31279,-1,-0.00015214,-0.7666,0,0,0,0,0,0,0,0
0,0,0,0,0,0,0,0,1.0792,0.61255,0.539,1,0.24714,1.5139e-05,-7.7386e-07,0,0,0,1.0412,999,999,999,1.5044,0.43188,0.2766,0.9945,0.20311,7.7386e-07,9999,1,-1,556.64,4.248,0.2766,0,0,0,0,0,0,0,0,1,999,999,999,0,0,0,0,0,0,0,0,0,0,0,0,0,0,0,0,0,0.0031321,1.0792,1,0.88521,0.925,1,0.24714,0.71662,0,0,0,0,0,0,0,1
0,0,0,0,0,0,0,0,1.0525,1.0875,-0.052769,1,0.99756,0.0035722,-4.0372e-07,0,0,0,1.0138,999,999,999,0.53351,1.5201,0.15003,0.89456,0.085499,4.0372e-07,9999,1,-1,119.63,8.5938,0.15003,0,0,0,0,0,0,0,0,1,999,999,999,0,0,0,0,0,0,0,0,0,0,0,0,0,0,0,0,0,0.0063575,1.0525,1,0.38841,0.77961,1,0.99756,0.76668,0,0,0,0,0,0,0,1
0,0,0,0,0,0,0,0,0.87941,0.67808,-0.80678,1,0.95587,-0.23935,0.0005266,0,0,0,1.0164,0.64517,-0.99502,-0.70686,1.3412,0.75127,0.54765,0,0,0,0,0,0,0,0,0,0,0,0,0,0,0,0,0,0,0,0,0,0,0,0,0,0,0,0,0,0,0,0,0,0,0,0,0,0,0.0047805,0.87941,1,0.63934,0,0,0,0,0,0,0,0,0,0,0,1
0,0,0,0,0,0,0,0,0.4189,0.14209,-0.24634,1,5.373e-05,6.7134e-06,5.4348e-06,1,0,0,0.68263,999,999,999,0.60158,0.36183,0.34561,0,0,0,0,0,0,0,0,0,0,0,0,0,0,0,0,0,0,0,0,0,0,0,0,0,0,0,0,0,0,0,0,0,0,0,0,0,0,0.0058195,0.53073,1,0.86857,0,0,0,0,0,0,0,0,0,0,0,0
0,0,0,0,1.0237,0.068728,-0.6012,1,0,0,0,0,0.031555,0,0,0,0,0,1.0158,999,999,999,1.2032,0,0,0,0,0,0,0,0,0,0,0,0,0,0,0,0,0,0,0,0,0,0,0,0,0,0,0,0,0,0,0,0,0,0,0,0,0,0,0,0,0.032592,1.0237,1,0.90199,0,0,0,0,0,0,0,0,0,0,0,1
0,0,0,0,0,0,0,0,2.0405,0,0.26767,-1,0.66359,-0.42991,-0.03345,0,0,0,1.8337,999,999,999,0.63583,0.82376,1.5329,0,0,0,0,0,0,0,0,0,0,0,0,0,0,0,0,0,0,0,0,0,0,0,0,0,0,0,0,0,0,0,0,0,0,0,0,0,0,0.008878,2.0405,-1,0.98561,0,0,0,0,0,0,0,0,0,0,0,0
0,0,0,0,0,0,0,0,1.9826,0.66402,-0.84703,-1,0.037539,-0.00019118,-0.00017485,3,0,0,2.482,999,999,999,1.9299,2.1991,0.16917,0.78496,0.13525,0.00017485,9999,0,-1,703.12,0,0.16917,0,0,0,0,0,0,0,0,1,999,999,999,0,0,0,0,0,0,0,0,0,0,0,0,0,0,0,0,0,0.014662,1.9826,-1,0.98528,0.84556,1,0.037539,0.49155,0,0,0,0,0,0,0,0
0,0,0,0,0,0,0,0,2.0258,0.073931,0.55891,-1,-0.9288,0.14015,-0.1155,0,0,0,2.2518,-2.0258,-0.99524,-0.92277,1.1464,0.93707,2.3204,0.99381,0.21372,7.8897e-07,9999,1,1,571.29,4.1504,0.2794,0,0,0,0,0,0,0,0,1,2.0258,0.99524,-0.98168,0,0,0,0,0,10,0.21372,7.8897e-07,9999,1,571.29,4.1504,0.2794,2.0258,0.99524,-0.98168,2,0.0084195,2.0258,-1,0.99524,0.97865,-1,-0.9288,-0.60248,0,0,0,0,0,0,0,0
0,0,0,0,0,0,0,0,0.94716,0.44229,-0.82138,-1,0.0020594,0.0005579,-0.00014318,2,1,0.50242,0.76041,999,999,999,0.49207,0.31645,0.7682,0,0,0,0,0,0,0,0,0,0,0,0,0,0,0,0,0,0,0,0,0,0,0,0,0,0,0,0,0,0,0,0,0,0,0,0,0,0,0.008849,0.94716,-1,0.73008,0,0,0,0,0,0,0,0,0,0,0,1
1.871,0.069703,-0.19337,1,0,0,0,0,1.9302,0,-0.16186,-1,-0.054949,6.5659e-05,0,0,0,0,2.3686,999,999,999,1.6136,2.5084,0,0,0,0,0,0,0,0,0,0,0,0,0,0,0,0,0,0,0,0,0,0,0,0,0,0,0,0,0,0,0,0,0,0,0,0,0,0,0,0.012691,1.9302,-1,0.9845,0,0,0,0,0,0,0,0,0,0,0,1
0,0,0,0,0,0,0,0,0.46552,0,0.088165,1,0.14187,-0.014875,-6.607e-05,0,0,0,1.617,999,999,999,1.7803,1.2087,0.63381,0,0,0,0,0,0,0,0,0,0,0,0,0,0,0,0,0,0,0,0,0,0,0,0,0,0,0,0,0,0,0,0,0,0,0,0,0,0,0.0092245,1.3046,1,0.91156,0,0,0,0,0,0,0,0,0,0,0,1
0,0,0,0,0,0,0,0,1.165,1.6051,-0.70712,-1,-0.84816,-5.5757e-05,2.205e-05,0,0,0,1.3409,-0.86247,-0.51253,-0.20025,1.1685,0.61228,0.47056,0,0,0,0,0,0,0,0,0,0,0,0,0,0,0,0,0,0,0,0,0,0,0,0,0,0,0,0,0,0,0,0,0,0,0,0,0,0,0.011453,1.165,-1,0.93377,0,0,0,0,0,0,0,0,0,0,0,0
0,0,0,0,0,0,0,0,1.378,1.1467,-0.84798,-1,0.016724,-0.0004439,0.00040517,0,0,0,0.88654,999,999,999,0.9357,0.85266,0.97016,0.35623,0.13927,4.3814e-07,9999,1,-1,673.83,7.8125,0.17098,0,0,0,0,0,0,0,0,1,0.66733,0.94055,-0.13891,0,0,0,0,0,10,0.13927,4.3814e-07,9999,-1,673.83,7.8125,0.17098,0.66733,0.94055,-0.13891,-0,0.0078563,1.378,-1,0.89578,0.97447,1,0.00040517,0.071164,0,0,0,0,0,0,0,1
0,0,0,0,0,0,0,0,0.47909,0,-0.72418,1,1.5974e-05,-1.2177e-06,9.7323e-07,0,0,0,0.58491,999,999,999,0.538,0.10766,0.30754,0.72717,0.14097,1.2177e-06,9999,1,-1,0,9.668,0.10766,0,0,0,0,0,0,0,0,1,999,999,999,0,0,0,0,0,0,0,0,0,0,0,0,0,0,0,0,0,0.005026,0.55638,1,0.92657,0.59324,1,1.5974e-05,0.36493,0,0,0,0,0,0,0,0
0,0,0,0,0,0,0,0,1.2156,1.217,-0.047338,1,-0.99999,0.00091408,-0.00019267,1,0,0,1.3139,-0.65404,-0.45482,-0.297,0.24496,1.7659,0.81124,0.97753,0.17501,3.3851e-07,9999,1,1,3750,12.695,0.096029,0,0,0,0,0,0,0,0,1,999,999,999,0,0,0,0,0,10,0.11797,1.229e-06,9999,-1,0,48.047,0.070045,1.2156,0.93313,-0.62616,-5,0.0048893,1.2156,1,0.93313,0.71609,-1,-0.99999,-0.79349,0,0,0,0,0,0,0,0
0,0,0,0,0,0,0,0,0.24123,0.34594,0.94259,-1,-0.99997,-0.99953,-0.99939,1,0,0,0.5222,999,999,999,0.29653,0.37582,0.35992,0.94532,0.13181,0.036717,9999,0,1,4101.6,5.4199,0.19712,0,0,0,0,0,0,0,0,1,999,999,999,0,0,0,0,0,0,0,0,0,0,0,0,0,0,0,0,0,0.072039,0.51345,-1,0.45313,0.26792,-1,-0.99997,-0.77669,0,0,0,0,0,0,0,0
1.6323,0,-0.96388,1,0,0,0,0,0.41372,0.22497,0.43222,1,0.25617,0.041746,4.9007e-05,1,0,0,1.1994,1.6323,-0.98871,-0.27472,1.1883,1.2241,0.58732,0,0,0,0,0,0,0,0,0,0,0,0,0,0,0,0,0,0,0,0,0,0,0,0,0,0,0,0,0,0,0,0,0,0,0,0,0,0,0.0023946,1.6323,1,0.98871,0,0,0,0,0,0,0,0,0,0,0,1
0,0,0,0,0,0,0,0,0.80276,0.72125,0.99295,-1,0.67562,-0.0075373,-0.00046156,0,0,0,1.01,999,999,999,1.5598,0.41321,0.49878,0,0,0,0,0,0,0,0,0,0,0,0,0,0,0,0,0,0,0,0,0,0,0,0,0,0,0,0,0,0,0,0,0,0,0,0,0,0,0.01153,0.96108,1,0.91498,0,0,0,0,0,0,0,0,0,0,0,0
0,0,0,0,0,0,0,0,0.78164,1.0609,-0.38898,1,0.00010973,-2.5336e-06,0,0,0,0,0.79809,999,999,999,0.71201,0.40003,0,0,0,0,0,0,0,0,0,0,0,0,0,0,0,0,0,0,0,0,0,0,0,0,0,0,0,0,0,0,0,0,0,0,0,0,0,0,0,0.0029428,0.78164,1,0.48731,0,0,0,0,0,0,0,0,0,0,0,1
0,0,0,0,0,0,0,0,0.92335,1.2705,-0.80425,-1,-0.022434,0.00046666,2.5315e-05,0,0,0,1.364,999,999,999,1.1383,0.96133,0.48649,0,0,0,0,0,0,0,0,0,0,0,0,0,0,0,0,0,0,0,0,0,0,0,0,0,0,0,0,0,0,0,0,0,0,0,0,0,0,0.0097907,0.92335,-1,0.8622,0,0,0,0,0,0,0,0,0,0,0,0
0,0,0,0,0,0,0,0,0.41931,1.1035,-0.78652,1,-0.91119,-0.00091308,0.00017821,3,1,0.49662,0.79766,999,999,999,0.5773,0.72933,0.18683,0.13588,0.1283,2.1062e-06,9999,1,1,0,5.4199,0.22917,0,0,0,0,0,0,0,0,1,999,999,999,0,0,0,0,0,0,0,0,0,0,0,0,0,0,0,0,0,0,0,0,0,0.1255,-1,-0.91119,-0.17229,0,0,0,0,0,0,0,0
1.3467,0.26192,0.28329,1,0,0,0,0,0.61411,1.3393,-0.33921,-1,-0.40872,0.0049464,-0.00024063,1,0,0,1.5205,999,999,999,0.46967,1.3357,0.80347,0.99284,0.19442,8.6447e-07,9999,1,-1,561.52,3.9062,0.29211,0,0,0,0,0,0,0,0,1,1.3467,0.97646,-0.95579,0,0,0,0,0,10,0.19442,8.6447e-07,9999,-1,561.52,3.9062,0.29211,1.3467,0.97646,-0.95579,-2,0.0044719,1.3467,1,0.97646,0.9361,1,2.3083e-05,0.7694,0.3571,1.6294,-0.85868,-1,2,0.32062,0.81576,1
0,0,0,0,0,0,0,0,0.71386,0.72504,-0.34387,1,0.99579,0.00093495,-3.9149e-05,3,1,0.49794,0.82559,0.71386,0.92017,-0.9622,0.46508,0.98027,0.54665,0.894,0.23498,2.2935e-06,9999,1,1,610.35,4.3945,0.28003,0,0,0,0,0,0,0,0,1,999,999,999,0,0,0,0,0,0,0,0,0,0,0,0,0,0,0,0,0,0.0077291,0.71386,1,0.92017,-0.2704,-1,-1.6732e-06,-0.017911,0,0,0,0,0,0,0,0
0,0,0,0,1.7355,0.049322,-0.91878,1,0.91505,0.24513,0.76375,-1,0.0012043,0.0004603,-0.00040387,2,0,0,1.9411,999,999,999,1.9109,0.6271,0.95974,0,0,0,0,0,0,0,0,0,0,0,0,0,0,0,0,0,0,0,0,0,0,0,0,0,0,0,0,0,0,0,0,0,0,0,0,0,0,0.0084255,1.7355,1,0.99022,0,0,0,0,0,0,0,0,0,0,0,1
0,0,0,0,0,0,0,0,0.85566,1.0941,-0.89376,1,-0.99849,0.85569,-0.054346,0,0,0,1.1583,-0.60204,0.88602,-0.76373,0.49619,1.2978,0.96243,0,0,0,0,0,0,0,0,0,0,0,0,0,0,0,0,0,0,0,0,0,0,0,0,0,0,0,0,0,0,0,0,0,0,0,0,0,0,0.0030472,0.85566,1,0.76433,0,0,0,0,0,0,0,0,0,0,0,0
0,0,0,0,0,0,0,0,0.65724,1.2407,-0.74589,1,-0.0035386,-0.0001842,7.1808e-05,2,0,0,1.0422,-0.68002,-0.94229,-0.98553,0.66899,0.20375,0.63828,0,0,0,0,0,0,0,0,0,0,0,0,0,0,0,0,0,0,0,0,0,0,0,0,0,0,0,0,0,0,0,0,0,0,0,0,0,0,0.0043305,0.68002,-1,0.94229,0,0,0,0,0,0,0,0,0,0,0,1
0,0,0,0,1.8875,0,-0.43577,-1,0.12533,0.90405,-0.24429,1,-9.6753e-05,-4.7687e-05,3.8757e-07,0,0,0,1.4181,-0.58918,-0.84792,-0.71512,2.9152,0.5791,0.13872,0.87392,0.12533,3.8757e-07,9999,1,1,859.38,7.3242,0.13872,0,0,0,0,0,0,0,0,1,1.8875,0.96437,-0.73422,0,0,0,0,0,10,0.12533,3.8757e-07,9999,1,859.38,7.3242,0.13872,1.8875,0.96437,-0.73422,2,0.041271,1.8875,-1,0.96437,0.99432,-1,-4.7687e-05,-0.67406,0,0,0,0,0,0,0,0
0,0,0,0,0.96835,0.5092,-0.57349,1,0.34869,0.18901,0.1325,-1,0.98182,0.094241,-2.1242e-05,0,0,0,1.1838,999,999,999,0.79801,1.3727,0.43111,0,0,0,0,0,0,0,0,0,0,0,0,0,0,0,0,0,0,0,0,0,0,0,0,0,0,0,0,0,0,0,0,0,0,0,0,0,0,0.004286,0.96835,1,0.7659,0,0,0,0,0,0,0,0,0,0,0,1
0,0,0,0,0,0,0,0,1.3374,0.52382,0.77372,-1,-0.028661,-0.00035706,1.5974e-06,2,0,0,1.3174,999,999,999,1.3236,0.75727,0.18879,0.94733,0.15612,5.3992e-07,9999,1,1,625,4.2969,0.21634,0,0,0,0,0,0,0,0,1,1.3374,0.99634,-0.97112,0,0,0,0,0,10,0.15612,5.3992e-07,9999,1,625,4.2969,0.21634,1.3374,0.99634,-0.97112,2,0.00021732,1.3374,-1,0.99634,-0.97112,-1,-0.028661,-0.75081,0,0,0,0,0,0,0,0
1.3705,0.32606,-0.65584,1,0,0,0,0,0.22803,1.3757,-0.38222,-1,0.001254,-4.0272e-06,-6.5672e-07,0,1,0.50099,0.98347,999,999,999,2.1615,0.32239,0.25129,0.6427,0.22803,6.5672e-07,9999,1,-1,571.29,4.541,0.25129,0,0,0,0,0,0,0,0,1,999,999,999,0,0,0,0,0,0,0,0,0,0,0,0,0,0,0,0,0,0.0030698,1.3705,1,0.98202,0.50603,1,0.001254,0.0008679,0,0,0,0,0,0,0,1
0.28587,0.54643,0.54681,1,0,0,0,0,0.95096,0.8323,-0.95444,-1,-0.0014105,5.645e-06,3.5807e-06,0,0,0,0.91554,999,999,999,0.81378,0.34823,0.31352,0.45071,0.11773,3.4855e-07,9999,1,-1,1152.3,12.695,0.10603,0,0,0,0,0,0,0,0,1,999,999,999,0,0,0,0,0,0,0,0,0,0,0,0,0,0,0,0,0,0.024562,0.95096,-1,0.76529,0.77321,1,5.645e-06,0.34129,0.28587,0.54643,0.54681,1,1,0.0076136,0.839,0
0,0,0,0,1.0821,0,-0.99664,1,0.15679,0,-0.82464,-1,0.0092362,-3.7645e-07,0,1,0,0,0.96537,999,999,999,0.95667,0.13025,0,0.82464,0.15679,3.7645e-07,9999,0,-1,664.06,6.2012,0.13025,0,0,0,0,0,0,0,0,1,999,999,999,0,0,0,0,0,0,0,0,0,0,0,0,0,0,0,0,0,0.00045889,1.0821,1,0.99664,0.7755,1,0.0092362,0.39869,0,0,0,0,0,0,0,0
0,0,0,0,0,0,0,0,0.29848,1.7799,-0.44984,1,0.0073479,-0.00064002,-1.9742e-05,1,0,0,0.64504,999,999,999,0.44485,0.46141,0.45856,0.96789,0.074092,1.2228e-06,9999,0,-1,0,10.156,0.11165,0,0,0,0,0,0,0,0,1,999,999,999,0,0,0,0,0,0,0,0,0,0,0,0,0,0,0,0,0,0,0,0,0,0.9213,-1,-8.1218e-06,-0.77668,0,0,0,0,0,0,0,1
0,0,0,0,0,0,0,0,0.28566,1.289,-0.94136,1,0.87559,-3.6607e-05,1.8961e-06,3,0,0,0.60774,999,999,999,0.23788,0.53608,0.37912,0.82897,0.22806,1.8961e-06,9999,1,1,419.92,3.6621,0.37912,0,0,0,0,0,0,0,0,1,0.673,0.88912,-0.83375,0,0,0,0,0,10,0.22806,1.8961e-06,9999,1,419.92,3.6621,0.37912,0.673,0.88912,-0.83375,0,0.0042294,0.673,-1,0.88912,0.31616,1,0.87559,0.0029645,0,0,0,0,0,0,0,1
0,0,0,0,0,0,0,0,0.25043,0.31597,-0.54574,1,0.99826,-2.2016e-06,0,0,0,0,0.37193,999,999,999,0.39445,0.27694,0,0,0,0,0,0,0,0,0,0,0,0,0,0,0,0,0,0,0,0,0,0,0,0,0,0,0,0,0,0,0,0,0,0,0,0,0,0,0,0,0,0,0,0,0,0,0,0,0,0,0,0,0,0,1
0,0,0,0,0,0,0,0,0.85816,1.835,-0.85662,-1,0.9513,-0.00053308,5.7244e-07,1,0,0,0.56329,999,999,999,0.41812,0.57096,0.22742,0.25706,0.20004,5.7244e-07,9999,1,1,634.77,3.9551,0.22742,0,0,0,0,0,0,0,0,1,0.85816,0.56003,-0.16103,0,0,0,0,0,10,0.20004,5.7244e-07,9999,1,634.77,3.9551,0.22742,0.85816,0.56003,-0.16103,6,0,0,0,0,-0.16103,-1,-0.00053308,-0.0018028,0,0,0,0,0,0,0,1
0,0,0,0,1.5395,0.040546,-0.92242,1,0.85116,0.77173,0.63926,-1,-0.013831,0.0066335,0,0,0,0,1.697,999,999,999,0.97722,1.5095,0,0,0,0,0,0,0,0,0,0,0,0,0,0,0,0,0,0,0,0,0,0,0,0,0,0,0,0,0,0,0,0,0,0,0,0,0,0,0,0.0188,1.5395,1,0.99618,0,0,0,0,0,0,0,0,0,0,0,1
0,0,0,0,0,0,0,0,0.70431,0,0.76474,-1,-7.102e-05,-6.0667e-05,1.1122e-05,0,0,0,0.97791,-0.70431,0.9506,-0.18378,0.65002,0.99349,0.40372,0,0,0,0,0,0,0,0,0,0,0,0,0,0,0,0,0,0,0,0,0,0,0,0,0,0,0,0,0,0,0,0,0,0,0,0,0,0,0.0026621,0.70431,-1,0.9506,0,0,0,0,0,0,0,0,0,0,0,0
0,0,0,0,0,0,0,0,0.50279,0.18706,-0.031999,1,-0.16266,-0.007284,-0.0005676,3,1,0.49847,0.75272,999,999,999,1.4329,0.63733,0.54306,0,0,0,0,0,0,0,0,0,0,0,0,0,0,0,0,0,0,0,0,0,0,0,0,0,0,0,0,0,0,0,0,0,0,0,0,0,0,0.0075916,0.91355,-1,0.77784,0,0,0,0,0,0,0,0,0,0,0,1
1.4569,0,-0.054128,1,0,0,0,0,0.65966,0.85089,0.12665,1,0.29324,0.00055682,-0.00039964,0,0,0,1.7264,1.4569,-0.99558,-0.9541,0.7082,1.5348,0.337,0,0,0,0,0,0,0,0,0,0,0,0,0,0,0,0,0,0,0,0,0,0,0,0,0,0,0,0,0,0,0,0,0,0,0,0,0,0,0.0037057,1.4569,1,0.99558,0,0,0,0,0,0,0,0,0,0,0,1
0,0,0,0,0,0,0,0,1.0073,0.32759,-0.83375,1,0.96709,1.8363e-05,-2.5764e-06,0,0,0,0.90537,999,999,999,0.8199,0.45101,0.28879,0.49328,0.16714,3.5695e-07,9999,1,-1,1289.1,14.258,0.11383,0,0,0,0,0,0,0,0,1,999,999,999,0,0,0,0,0,0,0,0,0,0,0,0,0,0,0,0,0,0.019083,1.0073,1,0.86842,0.85661,1,0.96709,0.050624,0,0,0,0,0,0,0,1
0,0,0,0,0,0,0,0,2.2428,0.20892,0.87288,1,0.9695,0.75131,-0.31629,1,0,0,2.2662,1.2097,0.86694,-0.86146,1.768,1.5582,1.5428,0,0,0,0,0,0,0,0,0,0,0,0,0,0,0,0,0,0,0,0,0,0,0,0,0,0,0,0,0,0,0,0,0,0,0,0,0,0,0.006159,2.2428,1,0.99837,0,0,0,0,0,0,0,0,0,0,0,1
0,0,0,0,0,0,0,0,0.89118,1.8625,-0.58025,-1,0.99948,-0.98245,-0.95792,2,0,0,1.1796,999,999,999,0.36702,0.76032,1.178,0.38777,0.07968,1.3363e-06,9999,0,1,0,6.9336,0.14989,0,0,0,0,0,0,0,0,1,0.89118,0.86766,-0.74884,0,0,0,0,0,10,0.07968,1.3363e-06,9999,1,0,6.9336,0.14989,0.89118,0.86766,-0.74884,2,0.0095554,0.89118,-1,0.86766,0.96558,-1,-0.98245,-0.57484,0,0,0,0,0,0,0,0
0,0,0,0,0,0,0,0,0.48244,0.19868,-0.48558,1,0.0006492,-0.00017449,-8.7887e-06,1,0,0,0.62723,999,999,999,0.42512,0.1654,0.38367,0,0,0,0,0,0,0,0,0,0,0,0,0,0,0,0,0,0,0,0,0,0,0,0,0,0,0,0,0,0,0,0,0,0,0,0,0,0,0,0,0,0,0,0,0,0,0,0,0,0,0,0,0,0
0,0,0,0,0,0,0,0,1.2092,0.88343,0.16868,1,0.057627,-6.6739e-07,0,0,0,0,0.96307,999,999,999,1.7875,0.25392,0,0.24271,0.18339,6.6739e-07,9999,1,-1,644.53,3.4668,0.25392,0,0,0,0,0,0,0,0,1,1.2092,0.87948,-0.62112,0,0,0,0,0,10,0.18339,6.6739e-07,9999,-1,644.53,3.4668,0.25392,1.2092,0.87948,-0.62112,-8,0.011235,1.2092,1,0.87948,-0.62112,1,0.057627,0.0064541,0,0,0,0,0,0,0,1
0,0,0,0,0,0,0,0,1.69,0,-0.52087,-1,-0.98064,0.047007,-0.00093636,0,0,0,1.9514,-1.69,-0.93094,-0.77942,0.48447,1.5315,1.5631,0,0,0,0,0,0,0,0,0,0,0,0,0,0,0,0,0,0,0,0,0,0,0,0,0,0,0,0,0,0,0,0,0,0,0,0,0,0,0.0023757,1.69,-1,0.93094,0,0,0,0,0,0,0,0,0,0,0,0
0,0,0,0,0,0,0,0,1.5418,0.93447,-0.71477,-1,-0.12392,0.014107,-2.0571e-05,2,0,0,1.6374,999,999,999,2.0187,0.80832,0.46296,0.97347,0.089754,3.3194e-07,9999,0,-1,3046.9,16.211,0.089048,0,0,0,0,0,0,0,0,1,999,999,999,0,0,0,0,0,0,0,0,0,0,0,0,0,0,0,0,0,0.02098,1.5418,-1,0.99902,0.98717,1,1.6394e-05,0.86282,0,0,0,0,0,0,0,1
0,0,0,0,0,0,0,0,1.1569,0.91677,-0.90912,-1,-0.96795,-0.20291,1.237e-06,1,1,0.50199,1.1148,999,999,999,1.1278,0.78722,0.1198,0.90844,0.067638,1.237e-06,9999,1,1,0,12.109,0.1198,0,0,0,0,0,0,0,0,1,999,999,999,0,0,0,0,0,0,0,0,0,0,0,0,0,0,0,0,0,0.0023148,1.1569,-1,0.98986,0.85271,-1,-0.96795,-0.78773,0,0,0,0,0,0,0,0
0,0,0,0,0,0,0,0,0.35986,0.46121,0.67871,1,-0.25546,0.00016981,3.1371e-05,3,1,0.50002,1.0109,999,999,999,0.90178,0.38459,0.51364,0.80305,0.087783,1.2135e-06,9999,0,-1,0,10.156,0.10325,0,0,0,0,0,0,0,0,1,999,999,999,0,0,0,0,0,0,0,0,0,0,0,0,0,0,0,0,0,0.017817,0.76877,-1,0.83733,-0.60292,1,1.1604e-06,0.70915,0,0,0,0,0,0,0,1
0,0,0,0,0,0,0,0,0.59192,1.1512,-0.72326,-1,-1,-0.00062306,9.3892e-05,1,0,0,0.98974,999,999,999,0.17566,0.48763,0.71284,0.77944,0.20703,1.0114e-06,9999,1,-1,512.7,3.9551,0.31233,0,0,0,0,0,0,0,0,1,0.55671,0.88048,-0.401,0,0,0,0,0,10,0.20703,1.0114e-06,9999,-1,512.7,3.9551,0.31233,0.55671,0.88048,-0.401,-4,0.032362,0.55671,1,0.88048,0.26032,1,3.4958e-06,0.021808,0,0,0,0,0,0,0,0
0,0,0,0,0,0,0,0,0.79878,1.9607,-0.96925,1,0.94983,7.6133e-05,-4.5791e-06,0,0,0,0.99663,0.54694,0.48881,-0.39666,1.1292,0.70994,0.33214,0.71899,0.18272,6.3317e-07,9999,1,1,512.7,4.4434,0.24521,0,0,0,0,0,0,0,0,1,999,999,999,0,0,0,0,0,10,0.23021,2.4992e-06,9999,-1,551.76,2.9541,0.2865,0.79878,0.60477,-0.42359,-6,0.0038279,0.79878,1,0.60477,-0.016645,1,0.94983,0.00035149,0,0,0,0,0,0,0,1
0,0,0,0,0,0,0,0,1.3678,0.65813,-0.72552,-1,0.068374,-0.0082694,-0.006168,0,0,0,1.7589,999,999,999,1.1429,1.3656,0.45303,0,0,0,0,0,0,0,0,0,0,0,0,0,0,0,0,0,0,0,0,0,0,0,0,0,0,0,0,0,0,0,0,0,0,0,0,0,0,0.017328,1.3678,-1,0.94004,0,0,0,0,0,0,0,0,0,0,0,0
0,0,0,0,1.2694,1.1442,-0.58934,1,1.3156,0.67901,0.45759,1,0.052149,0.025865,-1.3108e-06,1,0,0,1.1222,1.2694,-0.98598,-0.98614,2.121,0.932,0.14404,0.6154,0.083902,1.3108e-06,9999,1,-1,0,8.7891,0.14404,0,0,0,0,0,0,0,0,1,1.2694,0.98598,-0.52055,0,0,0,0,0,10,0.083902,1.3108e-06,9999,-1,0,8.7891,0.14404,1.2694,0.98598,-0.52055,-6,0.017767,1.2694,1,0.98598,0.4757,1,0.052149,0.66775,0,0,0,0,0,0,0,0
0,0,0,0,0,0,0,0,1.1134,0.51285,-0.68865,1,-0.26104,0.014612,1.0957e-05,0,0,0,1.1594,999,999,999,0.87678,1.0621,0.40242,0.3387,0.22074,9.6799e-07,9999,1,-1,576.17,4.1016,0.21217,0,0,0,0,0,0,0,0,1,1.1134,0.67122,-0.43019,0,0,0,0,0,10,0.22074,9.6799e-07,9999,-1,576.17,4.1016,0.21217,1.1134,0.67122,-0.43019,-4,0.0071833,1.1134,1,0.67122,0.046646,1,1.0957e-05,0.00049769,0,0,0,0,0,0,0,0
1.0726,0.14741,-0.88371,1,0,0,0,0,0.60221,0.23411,-0.26074,-1,-0.18451,0.00063877,-1.4504e-06,1,0,0,1.1303,999,999,999,0.98179,1.1617,0.17014,0.58715,0.096186,1.4504e-06,9999,1,-1,0,4.9805,0.17014,0,0,0,0,0,0,0,0,1,1.0726,0.86388,-0.26152,0,0,0,0,0,10,0.096186,1.4504e-06,9999,-1,0,4.9805,0.17014,1.0726,0.86388,-0.26152,-2,0.00021889,1.0726,1,0.86388,0.98666,-1,-1.2225e-06,-0.018032,0,0,0,0,0,0,0,1
0,0,0,0,0,0,0,0,2.2572,1.2322,-0.99395,1,0.85349,0.093256,-0.021237,2,0,0,2.4661,999,999,999,0.21148,2.4091,0.88392,0,0,0,0,0,0,0,0,0,0,0,0,0,0,0,0,0,0,0,0,0,0,0,0,0,0,0,0,0,0,0,0,0,0,0,0,0,0,0.025299,2.2572,1,0.91773,0,0,0,0,0,0,0,0,0,0,0,1
0,0,0,0,0,0,0,0,0.68562,1.4989,-0.79183,-1,-0.97335,0.96954,-0.007335,1,0,0,1.1082,-0.57469,0.90978,-0.85723,0.88517,0.74805,0.36082,0.62764,0.11068,1.2115e-06,9999,0,1,0,25,0.084991,0,0,0,0,0,0,0,0,1,0.68562,0.81625,-0.67772,0,0,0,0,0,10,0.11068,1.2115e-06,9999,1,0,25,0.084991,0.68562,0.81625,-0.67772,2,0.007274,0.68562,-1,0.81625,-0.67772,-1,-0.97335,-0.50427,0,0,0,0,0,0,0,0
0,0,0,0,0,0,0,0,0.50719,0.86798,0.7127,1,7.1692e-05,1.3443e-06,0,0,0,0,0.48826,999,999,999,0.69036,0.34488,0,0.96745,0.21145,1.3443e-06,9999,1,1,405.27,3.8086,0.34488,0,0,0,0,0,0,0,0,1,999,999,999,0,0,0,0,0,0,0,0,0,0,0,0,0,0,0,0,0,0.00079904,0.50719,1,0.80947,0,0,0,0,0,0,0,0,0,0,0,0
0,0,0,0,0,0,0,0,1.4157,1.255,-0.35364,-1,0.99514,-0.0041145,0.00016855,0,0,0,1.6214,0.73953,-0.92957,-0.36648,0.59482,2.0366,0.61463,0.98265,0.22086,4.8377e-07,9999,1,-1,654.3,4.4434,0.19376,0,0,0,0,0,0,0,0,1,0.62969,0.67726,-0.59346,0,0,0,0,0,10,0.22086,4.8377e-07,9999,-1,654.3,4.4434,0.19376,0.62969,0.67726,-0.59346,-5,0.013756,1.4157,-1,0.97789,-0.59346,1,0.99514,0.41352,0,0,0,0,0,0,0,1
0,0,0,0,0,0,0,0,0.849,0,-0.67468,-1,-0.00014179,4.8601e-06,0,1,0,0,0.90681,999,999,999,0.95808,0.45618,0,0,0,0,0,0,0,0,0,0,0,0,0,0,0,0,0,0,0,0,0,0,0,0,0,0,0,0,0,0,0,0,0,0,0,0,0,0,0,0.013644,0.849,-1,0.70475,0,0,0,0,0,0,0,0,0,0,0,0
0,0,0,0,0,0,0,0,1.332,0.37582,0.52934,-1,-0.92271,0.53029,2.6291e-05,0,0,0,1.7046,999,999,999,1.6719,0.94654,0.49105,0.95445,0.088406,3.8659e-07,9999,1,1,869.14,7.4219,0.138,0,0,0,0,0,0,0,0,1,999,999,999,0,0,0,0,0,0,0,0,0,0,0,0,0,0,0,0,0,0.0098836,1.332,-1,0.97748,0.99368,-1,-0.92271,-0.83523,0,0,0,0,0,0,0,0
0,0,0,0,0,0,0,0,1.7622,0.1814,-0.98748,1,0.063926,-4.4156e-06,-3.234e-06,0,0,0,1.7908,999,999,999,2.0663,0.32937,0.30586,0.18881,0.23419,3.234e-06,9999,1,-1,532.23,3.7598,0.30586,0,0,0,0,0,0,0,0,1,999,999,999,0,0,0,0,0,0,0,0,0,0,0,0,0,0,0,0,0,0.0026984,1.7622,1,0.98362,0.031308,1,0.063926,0.00015573,0,0,0,0,0,0,0,1
0,0,0,0,0,0,0,0,1.1322,0.91143,-0.69441,-1,-0.96002,0.00055416,6.8245e-05,0,0,0,1.4825,999,999,999,1.5321,0.81018,0.58405,0.60846,0.21536,7.1448e-07,9999,1,-1,551.76,4.4922,0.26468,0,0,0,0,0,0,0,0,1,0.60292,0.49239,-0.37738,0,0,0,0,0,10,0.21536,7.1448e-07,9999,-1,551.76,4.4922,0.26468,0.60292,0.49239,-0.37738,-6,0.0016062,1.1322,-1,0.93801,0.97615,1,5.0564e-05,0.0020967,0,0,0,0,0,0,0,0
0,0,0,0,0,0,0,0,0.65915,0.39374,-0.88152,1,2.9897e-05,-2.357e-06,-1.2137e-06,2,0,0,0.54207,999,999,999,0.50735,0.28209,0.10353,0.28287,0.061989,1.2137e-06,9999,0,-1,0,2.4658,0.10353,0,0,0,0,0,0,0,0,1,0.65915,0.91926,-0.63699,0,0,0,0,0,10,0.061989,1.2137e-06,9999,-1,0,2.4658,0.10353,0.65915,0.91926,-0.63699,-5,0.0063603,0.65915,1,0.91926,-0.63699,1,2.9897e-05,0.62511,0,0,0,0,0,0,0,0
0.31134,1.5775,-0.83473,-1,0,0,0,0,0.59715,1.2765,-0.95044,1,0.97651,-0.07142,-3.409e-06,0,0,0,0.88067,999,999,999,0.7687,0.91495,0.30983,0,0,0,0,0,0,0,0,0,0,0,0,0,0,0,0,0,0,0,0,0,0,0,0,0,0,0,0,0,0,0,0,0,0,0,0,0,0,0.002194,0.59715,1,0.97036,0,0,0,0,0.31134,1.5775,-0.83473,-1,1,0.012509,0.84596,1
0,0,0,0,0,0,0,0,1.3016,0.39862,-0.55639,-1,0.98919,-0.070414,0.023698,1,0,0,1.3908,999,999,999,0.70382,1.9402,1.1867,0,0,0,0,0,0,0,0,0,0,0,0,0,0,0,0,0,0,0,0,0,0,0,0,0,0,0,0,0,0,0,0,0,0,0,0,0,0,0.018171,1.3016,-1,0.88484,0,0,0,0,0,0,0,0,0,0,0,1
0,0,0,0,0,0,0,0,0.75179,0.40024,0.93184,1,-0.06381,0.0066335,5.9159e-05,0,0,0,1.3093,999,999,999,1.067,1.0536,0.60979,0,0,0,0,0,0,0,0,0,0,0,0,0,0,0,0,0,0,0,0,0,0,0,0,0,0,0,0,0,0,0,0,0,0,0,0,0,0,0.0095118,1.0917,-1,0.73793,0,0,0,0,0,0,0,0,0,0,0,0
0.34714,0.10569,-0.23497,-1,0,0,0,0,0.46081,0.10569,-0.92548,-1,-0.55315,-7.6452e-05,2.1943e-06,1,0,0,0.53791,999,999,999,0.54476,0.69965,0.3924,0.11462,0.074629,1.3017e-06,9999,1,1,0,11.426,0.14175,0,0,0,0,0,0,0,0,1,999,999,999,0,0,0,0,0,0,0,0,0,0,0,0,0,0,0,0,0,0,0,0,0,0.68556,-1,-0.55315,-0.5733,0.34714,0.10569,-0.23497,-1,1,0.29423,0.25685,1
0,0,0,0,0,0,0,0,1.0438,0.66306,-0.67085,-1,-0.78315,-0.076637,4.3255e-07,1,0,0,0.92467,-0.77667,0.98813,-0.99878,0.74863,1.1954,0.16783,0.60767,0.12299,4.3255e-07,9999,1,1,1103.5,3.7598,0.16783,0,0,0,0,0,0,0,0,1,0.77667,0.98813,-0.6202,0,0,0,0,0,10,0.12299,4.3255e-07,9999,1,1103.5,3.7598,0.16783,0.77667,0.98813,-0.6202,21,0.0022956,1.0438,-1,0.98435,0.58363,-1,-0.78315,-0.38846,0,0,0,0,0,0,0,0
0.66588,1.5424,-0.21053,-1,0,0,0,0,0.97096,0.96896,-0.90334,-1,0.99695,0.99346,-0.96811,2,0,0,1.2165,999,999,999,0.50073,0.44158,1.4799,0,0,0,0,0,0,0,0,0,0,0,0,0,0,0,0,0,0,0,0,0,0,0,0,0,0,0,0,0,0,0,0,0,0,0,0,0,0,0.005447,0.97096,-1,0.91524,0,0,0,0,0.66588,1.5424,-0.21053,-1,1,0.0036119,0.49263,1
0,0,0,0,0,0,0,0,0.18734,0.98469,-0.93869,-1,-0.99635,5.4284e-05,4.8992e-05,0,0,0,0.74765,999,999,999,0.56884,0.62009,0.58716,0.9635,0.18734,9.3642e-07,9999,0,-1,473.63,4.0039,0.30264,0,0,0,0,0,0,0,0,1,0.55034,0.47017,-0.31623,0,0,0,0,0,10,0.18734,9.3642e-07,9999,-1,473.63,4.0039,0.30264,0.55034,0.47017,-0.31623,-4,0.045962,0.55034,1,0.47017,0.47036,-1,-0.99635,-0.44939,0,0,0,0,0,0,0,0
0,0,0,0,0,0,0,0,1.0217,0.61,-0.26894,-1,-0.69775,-0.043196,0.0058467,1,0,0,1.378,-1.0217,0.90697,-0.84193,0.97104,1.5105,0.82606,0.86057,0.16332,1.2104e-06,9999,1,1,0,4.1016,0.087147,0,0,0,0,0,0,0,0,1,1.0217,0.90697,-0.57962,0,0,0,0,0,10,0.16332,1.2104e-06,9999,1,0,4.1016,0.087147,1.0217,0.90697,-0.57962,8,0.010646,1.0108,-1,0.76443,0.58602,-1,-0.69775,-0.4325,0,0,0,0,0,0,0,0
0,0,0,0,0,0,0,0,1.0597,1.1531,-0.90945,-1,-0.90179,3.425e-05,-7.5224e-06,0,0,0,0.81189,999,999,999,0.62544,0.52614,0.37094,0.7591,0.098503,3.6927e-07,9999,1,1,976.56,6.8359,0.12446,1,0,2.9978,-1.2194,1.9592,0.17101,0.055627,0.14173,1,999,999,999,0,0,0,0,0,0,0,0,0,0,0,0,0,0,0,0,0,0.014568,1.0597,-1,0.82833,0.52919,-1,-0.90179,-0.65908,0,0,0,0,0,0,0,0
0,0,0,0,0,0,0,0,0.25216,0.2143,0.73034,-1,-4.582e-06,9.5265e-07,5.2481e-07,0,0,0,0.37841,999,999,999,0.33218,0.30484,0.21074,0.95278,0.23534,9.5265e-07,9999,0,1,468.75,3.1738,0.30484,0,0,0,0,0,0,0,0,1,999,999,999,0,0,0,0,0,0,0,0,0,0,0,0,0,0,0,0,0,0,0,0,0,-0.37918,-1,-4.582e-06,-0.033641,0,0,0,0,0,0,0,1
0.71923,0.35949,-8.1092e-05,-1,0,0,0,0,0.70276,0,-0.58071,-1,0.014287,-0.00024401,-0.00013873,0,0,0,1.2402,999,999,999,1.031,0.48225,1.026,0,0,0,0,0,0,0,0,0,0,0,0,0,0,0,0,0,0,0,0,0,0,0,0,0,0,0,0,0,0,0,0,0,0,0,0,0,0,0.031124,0.90212,1,0.77484,0,0,0,0,0.71923,0.35949,-8.1092e-05,-1,1,0.018847,0.816,0
0,0,0,0,0,0,0,0,0.45268,0,-0.70511,-1,0.00059897,-3.9357e-06,0,1,0,0,0.29418,999,999,999,0.34551,0.32065,0,0,0,0,0,0,0,0,0,0,0,0,0,0,0,0,0,0,0,0,0,0,0,0,0,0,0,0,0,0,0,0,0,0,0,0,0,0,0,0,0,0,0,0,0,0,0,0,0,0,0,0,0,0,1
0,0,0,0,0,0,0,0,1.7822,0,-0.98908,-1,-0.065408,-0.05621,2.2402e-05,0,0,0,1.2748,-0.58527,0.75945,-0.71684,1.2713,0.71153,0.47233,0,0,0,0,0,0,0,0,0,0,0,0,0,0,0,0,0,0,0,0,0,0,0,0,0,0,0,0,0,0,0,0,0,0,0,0,0,0,0.0029437,1.7822,-1,0.99633,0,0,0,0,0,0,0,0,0,0,0,0
1.29,1.2648,-0.22352,-1,0,0,0,0,1.8875,0,-0.29355,1,0.72927,-0.0012764,0.00022389,1,0,0,1.9004,1.8875,0.99344,-0.66495,1.0054,0.89064,2.747,0.94552,0.12939,3.4244e-07,9999,0,-1,1699.2,13.867,0.10004,0,0,0,0,0,0,0,0,1,1.8875,0.99344,-0.90517,0,0,0,0,0,10,0.12939,3.4244e-07,9999,-1,1699.2,13.867,0.10004,1.8875,0.99344,-0.90517,-2,0.0056933,1.8875,1,0.99344,0.36658,1,0.72927,0.80051,0,0,0,0,0,0,0,1
1.1397,0.25317,-0.61856,-1,0,0,0,0,0.79459,0.25317,-0.50787,1,-0.99997,-0.092462,0.090917,1,0,0,1.3894,-1.1397,-0.61006,-0.09143,0.27333,1.3938,0.8837,0,0,0,0,0,0,0,0,0,0,0,0,0,0,0,0,0,0,0,0,0,0,0,0,0,0,0,0,0,0,0,0,0,0,0,0,0,0,0.00066593,1.1397,-1,0.61006,0,0,0,0,0,0,0,0,0,0,0,0
0,0,0,0,0,0,0,0,0.26233,0.33808,0.028187,-1,-4.4508e-05,-5.3288e-06,2.2669e-06,4,1,0.49692,0.64133,999,999,999,0.5685,0.4629,0.27915,0.77187,0.13046,3.454e-07,9999,0,1,1220.7,12.5,0.10298,0,0,0,0,0,0,0,0,1,999,999,999,0,0,0,0,0,10,0.22063,1.751e-06,9999,1,473.63,3.4668,0.3716,0.5243,0.61591,-0.50936,5,0.004797,0.5243,-1,0.61591,0.74108,-1,-4.4508e-05,-0.50629,0,0,0,0,0,0,0,0
2.1079,0,-0.90914,1,0,0,0,0,0.61049,1.5162,0.89268,1,0.081492,-0.0079644,0.00054806,2,0,0,1.4005,2.1079,-0.99553,-0.97883,1.0062,0.55376,1.5086,0.10736,0.10925,3.565e-07,9999,0,-1,800.78,9.2773,0.11342,0,0,0,0,0,0,0,0,1,2.1079,0.99553,-0.14915,0,0,0,0,0,10,0.10925,3.565e-07,9999,-1,800.78,9.2773,0.11342,2.1079,0.99553,-0.14915,-0,0.016735,2.1079,1,0.99553,-0.032683,1,0.081492,0.32718,0.36062,1.4419,0.077032,-1,2,0.040406,0.27043,1
0,0,0,0,0,0,0,0,0.51037,0.42745,0.233,1,0.99999,-0.36474,0.12507,5,1,0.49483,0.76923,0.51037,-0.63264,-0.65559,0.22101,1.1863,0.74632,0.37881,0.21359,0.00047648,9999,0,-1,419.92,0,0.35588,0,0,0,0,0,0,0,0,1,999,999,999,0,0,0,0,0,0,0,0,0,0,0,0,0,0,0,0,0,0.0043267,0.58943,-1,0.79837,-0.66086,1,0.99999,0.00096917,0,0,0,0,0,0,0,1
0.90679,0.54265,-0.91052,-1,0.53226,0,0.51267,1,1.4494,0.54265,-0.99653,-1,-0.14377,-0.05948,0.0031924,0,0,0,1.7157,999,999,999,1.6734,0.87762,0.85366,0,0,0,0,0,0,0,0,0,0,0,0,0,0,0,0,0,0,0,0,0,0,0,0,0,0,0,0,0,0,0,0,0,0,0,0,0,0,0.018221,1.4494,-1,0.95894,0,0,0,0,0.90679,0.54265,-0.91052,-1,1,0.013353,0.99351,0
0,0,0,0,0,0,0,0,1.3402,0.13548,-0.91412,1,-0.99924,0.92503,-3.4362e-05,1,0,0,1.4776,999,999,999,0.46006,1.5822,0.52599,0.72673,0.16224,4.205e-07,9999,0,1,751.95,7.2266,0.16072,0,0,0,0,0,0,0,0,1,0.63917,0.87792,-0.30919,0,0,0,0,0,10,0.16224,4.205e-07,9999,1,751.95,7.2266,0.16072,0.63917,0.87792,-0.30919,6,0.0010089,1.3402,1,0.92306,-0.30919,-1,-0.99924,-0.18762,0,0,0,0,0,0,0,1
0,0,0,0,0,0,0,0,0.72077,0.15479,-0.46431,1,-0.99965,0.95533,0.0035625,1,1,0.50091,1.0949,999,999,999,0.40544,1.1523,0.52562,0,0,0,0,0,0,0,0,0,0,0,0,0,0,0,0,0,0,0,0,0,0,0,0,0,0,0,0,0,0,0,0,0,0,0,0,0,0,0.00026299,0.72077,1,0.70102,0,0,0,0,0,0,0,0,0,0,0,0
0,0,0,0,0,0,0,0,1.2239,0,-0.56608,-1,-0.038006,0.0099688,1.9146e-05,0,0,0,1.2433,-0.56534,-0.31106,-0.24374,1.7796,0.80442,0.45503,0,0,0,0,0,0,0,0,0,0,0,0,0,0,0,0,0,0,0,0,0,0,0,0,0,0,0,0,0,0,0,0,0,0,0,0,0,0,0.013963,1.2239,-1,0.96329,0,0,0,0,0,0,0,0,0,0,0,0
0,0,0,0,0,0,0,0,1.0002,0.47637,0.76341,-1,0.00013449,-8.5027e-05,-4.9983e-05,0,2,0.50308,1.2335,999,999,999,1.0739,0.70779,0.59079,0.28388,0.23235,4.9636e-07,9999,1,1,556.64,4.1016,0.19927,0,0,0,0,0,0,0,0,1,999,999,999,0,0,0,0,0,0,0,0,0,0,0,0,0,0,0,0,0,0.02431,1.0002,-1,0.89175,0.2235,-1,-5.4309e-06,-0.00020207,0,0,0,0,0,0,0,0
0.30762,1.0581,-0.42141,-1,0,0,0,0,0.94637,1.3554,-0.97057,-1,0.88283,0.0086005,-0.0023759,1,0,0,1.0863,999,999,999,0.24766,0.79286,1.0481,0,0,0,0,0,0,0,0,0,0,0,0,0,0,0,0,0,0,0,0,0,0,0,0,0,0,0,0,0,0,0,0,0,0,0,0,0,0,0.0066499,0.94637,-1,0.8477,0,0,0,0,0.30762,1.0581,-0.42141,-1,1,0.014979,0.71282,1
0,0,0,0,0,0,0,0,0.96686,1.2704,0.93737,-1,0.96821,0.96468,-0.0073427,0,0,0,1.504,0.87697,-0.90608,-0.96596,0.72459,1.0712,1.424,0,0,0,0,0,0,0,0,0,0,0,0,0,0,0,0,0,0,0,0,0,0,0,0,0,0,0,0,0,0,0,0,0,0,0,0,0,0,0.0072558,0.96686,-1,0.62499,0,0,0,0,0,0,0,0,0,0,0,1
0,0,0,0,0,0,0,0,0.63083,1.171,-0.44865,1,-0.99329,0.13804,1.8149e-05,0,0,0,0.80049,999,999,999,0.63785,0.96262,0.44973,0,0,0,0,0,0,0,0,0,0,0,0,0,0,0,0,0,0,0,0,0,0,0,0,0,0,0,0,0,0,0,0,0,0,0,0,0,0,0.025778,0.63083,1,0.86746,0,0,0,0,0,0,0,0,0,0,0,0
0,0,0,0,0,0,0,0,0.83414,1.056,-0.41526,-1,-0.0016113,6.8644e-05,-6.7515e-05,3,0,0,0.89919,-0.83414,-0.29038,-0.30763,0.46938,0.63627,0.62245,0.99744,0.1039,1.2281e-06,9999,0,-1,0,9.9609,0.11502,0,0,0,0,0,0,0,0,1,999,999,999,0,0,0,0,0,0,0,0,0,0,0,0,0,0,0,0,0,0.024999,0.83414,-1,0.29038,0.68616,1,3.1676e-05,0.90173,0,0,0,0,0,0,0,0
0,0,0,0,0,0,0,0,0.65693,1.4409,-0.05469,-1,-0.97788,-2.0804e-05,1.3456e-05,1,0,0,0.93791,999,999,999,0.89797,0.51691,0.42081,0.93837,0.19163,6.8164e-07,9999,0,-1,615.23,3.9062,0.25731,0,0,0,0,0,0,0,0,1,999,999,999,0,0,0,0,0,0,0,0,0,0,0,0,0,0,0,0,0,0.010297,0.65693,-1,0.84448,0.78085,1,1.3456e-05,0.47856,0,0,0,0,0,0,0,1
0,0,0,0,1.0454,1.1943,-0.99857,-1,0.94816,0.085716,-0.24891,-1,-0.97036,-0.0005333,9.0919e-05,1,0,0,1.4584,999,999,999,1.4699,1.1403,0.72828,0.725,0.08891,1.3602e-06,9999,0,1,0,8.8867,0.15482,0,0,0,0,0,0,0,0,1,999,999,999,0,0,0,0,0,0,0,0,0,0,0,0,0,0,0,0,0,0.023223,1.0454,-1,0.61408,0.40228,-1,-0.97036,-0.68144,0,0,0,0,0,0,0,0
0,0,0,0,0,0,0,0,0.70368,0.67782,0.72261,-1,-0.96637,-0.96017,0.00064589,1,0,0,1.2021,-0.75085,-0.94225,-0.94354,0.98534,0.8375,0.44683,0.81429,0.1346,1.2093e-06,9999,1,1,0,15.039,0.091797,0,0,0,0,0,0,0,0,1,0.70368,0.97182,-0.80749,0,0,0,0,0,10,0.1346,1.2093e-06,9999,1,0,15.039,0.091797,0.70368,0.97182,-0.80749,4,0.0098521,0.75085,-1,0.94225,0.59473,-1,-0.96017,-0.53979,0,0,0,0,0,0,0,0
0,0,0,0,0,0,0,0,1.9256,0.16941,0.92724,-1,-0.92804,-0.00032379,6.075e-07,0,0,0,2.1436,-1.9256,-0.9956,-0.92333,1.9498,1.5853,0.23809,0.95786,0.15188,6.075e-07,9999,1,1,644.53,3.8086,0.23809,0,0,0,0,0,0,0,0,1,1.9256,0.9956,-0.96275,0,0,0,0,0,10,0.15188,6.075e-07,9999,1,644.53,3.8086,0.23809,1.9256,0.9956,-0.96275,2,0.005089,1.9256,-1,0.9956,0.95323,-1,-0.92804,-0.79405,0,0,0,0,0,0,0,0
0,0,0,0,0,0,0,0,0.44101,0.20488,-0.28936,-1,-0.99991,-0.81611,1.5556e-05,1,0,0,0.6575,999,999,999,0.31614,0.59155,0.43449,0.55346,0.15559,1.2135e-06,9999,0,1,0,17.969,0.082102,0,0,0,0,0,0,0,0,1,999,999,999,0,0,0,0,0,0,0,0,0,0,0,0,0,0,0,0,0,0.0343,0.55767,-1,0.45174,0.13882,-1,-0.81611,-0.11211,0,0,0,0,0,0,0,0
0,0,0,0,0,0,0,0,0.92019,0.57431,-0.59984,1,-0.80563,0.0028951,0.00069004,1,0,0,1.1383,999,999,999,1.1448,0.52522,0.69032,0,0,0,0,0,0,0,0,0,0,0,0,0,0,0,0,0,0,0,0,0,0,0,0,0,0,0,0,0,0,0,0,0,0,0,0,0,0,0.0031507,0.92019,1,0.64547,0,0,0,0,0,0,0,0,0,0,0,1
0,0,0,0,0,0,0,0,1.0927,1.0281,-0.22015,1,-0.99997,-0.97166,0.024498,0,0,0,1.3572,-0.76278,-0.98471,-0.9018,0.32647,0.96123,1.2659,0,0,0,0,0,0,0,0,0,0,0,0,0,0,0,0,0,0,0,0,0,0,0,0,0,0,0,0,0,0,0,0,0,0,0,0,0,0,0.0029304,1.0927,1,0.9807,0,0,0,0,0,0,0,0,0,0,0,0
0,0,0,0,0,0,0,0,0.64279,0.30599,-0.77251,-1,-0.38725,-0.0023199,7.303e-06,0,1,0.49945,0.71019,999,999,999,0.61718,0.65244,0.36855,0.63925,0.23995,7.303e-06,9999,1,1,395.51,3.4668,0.36855,0,0,0,0,0,0,0,0,1,999,999,999,0,0,0,0,0,0,0,0,0,0,0,0,0,0,0,0,0,0.0023926,0.64279,-1,0.86556,0.46398,-1,-0.38725,-0.00030461,0,0,0,0,0,0,0,1
0,0,0,0,0,0,0,0,0.81669,1.4025,0.44146,-1,0.74013,0.56971,-0.00065328,2,0,0,1.2243,999,999,999,0.9494,1.464,0.8014,0.5052,0.23225,1.255e-06,9999,0,-1,0,11.133,0.12742,0,0,0,0,0,0,0,0,1,0.86676,0.91358,-0.71857,0,0,0,0,0,10,0.23225,1.255e-06,9999,-1,0,11.133,0.12742,0.86676,0.91358,-0.71857,-6,0.0035524,0.81669,-1,0.94257,0.1039,1,0.74013,0.00032084,0,0,0,0,0,0,0,1
0,0,0,0,0,0,0,0,0.38196,0.22686,-0.93055,1,-7.2103e-07,6.9487e-07,-4.8399e-07,0,0,0,0.37774,999,999,999,0.26607,0.26035,0.19386,0,0,0,0,0,0,0,0,0,0,0,0,0,0,0,0,0,0,0,0,0,0,0,0,0,0,0,0,0,0,0,0,0,0,0,0,0,0,0,0,0,0,0,0,0,0,0,0,0,0,0,0,0,1
0,0,0,0,0,0,0,0,0.78556,0.31585,0.31754,-1,0.88113,-0.064322,0.055924,2,1,0.49721,1.3858,999,999,999,0.90479,1.311,1.1383,0.24263,0.10409,1.2287e-06,9999,0,-1,0,25.391,0.070201,0,0,0,0,0,0,0,0,1,0.70633,0.86691,-0.34499,0,0,0,0,0,10,0.10409,1.2287e-06,9999,-1,0,25.391,0.070201,0.70633,0.86691,-0.34499,-0,0.0036714,1.1001,-1,0.7717,-0.16956,1,0.88113,0.39251,0,0,0,0,0,0,0,0
0,0,0,0,0,0,0,0,0.71701,1.4626,0.83004,-1,-0.9999,-0.0002006,3.8468e-07,0,0,0,0.80078,999,999,999,0.3409,0.8316,0.13658,0.91583,0.15982,3.5851e-07,9999,1,1,1044.9,9.375,0.11522,0,0,0,0,0,0,0,0,1,0.71701,0.27341,-0.13501,0,0,0,0,0,10,0.15982,3.5851e-07,9999,1,1044.9,9.375,0.11522,0.71701,0.27341,-0.13501,2,0.0047255,0.71701,-1,0.27341,0.76585,-1,-0.9999,-0.61615,0,0,0,0,0,0,0,0
0,0,0,0,0,0,0,0,0.61159,0.71192,0.60527,-1,-0.96846,-0.00064865,0.00038506,0,0,0,1.1342,999,999,999,0.5067,0.43419,0.9864,0,0,0,0,0,0,0,0,0,0,0,0,0,0,0,0,0,0,0,0,0,0,0,0,0,0,0,0,0,0,0,0,0,0,0,0,0,0,0.036905,0.80891,1,0.48952,0,0,0,0,0,0,0,0,0,0,0,1
0,0,0,0,0,0,0,0,0.59253,1.1002,-0.7888,-1,-0.9928,0.040116,0.034033,3,1,0.49455,1.2119,-0.59253,0.99365,-0.89243,0.64946,0.6558,0.87819,0,0,0,0,0,0,0,0,0,0,0,0,0,0,0,0,0,0,0,0,0,0,0,0,0,0,0,0,0,0,0,0,0,0,0,0,0,0,0.0028246,0.80691,1,0.96772,0,0,0,0,0,0,0,0,0,0,0,0
0,0,0,0,0,0,0,0,1.79,0.30101,-0.53342,-1,-0.99235,-0.96932,0.038575,1,0,0,2.0946,-1.79,-0.9747,-0.58571,0.66242,1.6923,0.8242,0,0,0,0,0,0,0,0,0,0,0,0,0,0,0,0,0,0,0,0,0,0,0,0,0,0,0,0,0,0,0,0,0,0,0,0,0,0,0.0017661,1.79,-1,0.9747,0,0,0,0,0,0,0,0,0,0,0,0
0,0,0,0,0,0,0,0,0.12963,1.622,-0.60283,-1,0.010871,-5.1564e-06,-4.0228e-06,1,0,0,0.6555,999,999,999,0.77476,0.31671,0.3223,0.99875,0.12963,3.7337e-07,9999,1,-1,986.33,10.84,0.1278,0,0,0,0,0,0,0,0,1,0.50894,0.91854,-0.93308,0,0,0,0,0,10,0.12963,3.7337e-07,9999,-1,986.33,10.84,0.1278,0.50894,0.91854,-0.93308,-6,0.0087962,0.50894,1,0.91854,0.36394,1,1.3286e-06,0.90569,0,0,0,0,0,0,0,1
0,0,0,0,0,0,0,0,0.82478,0,-0.96447,-1,-0.00030292,8.8428e-05,-4.5318e-05,2,1,0.49691,0.44465,999,999,999,0.52538,0.7623,0.57204,0,0,0,0,0,0,0,0,0,0,0,0,0,0,0,0,0,0,0,0,0,0,0,0,0,0,0,0,0,0,0,0,0,0,0,0,0,0,0.010699,0.82478,-1,0.99439,0,0,0,0,0,0,0,0,0,0,0,0
0,0,0,0,0,0,0,0,0.29366,1.5767,-0.82462,1,-0.99724,0.029045,0.0053496,0,0,0,0.83743,999,999,999,0.44609,0.66278,0.58615,0.38117,0.20698,7.3837e-07,9999,1,-1,473.63,4.834,0.26967,0,0,0,0,0,0,0,0,1,999,999,999,0,0,0,0,0,10,0.21312,0.99724,9999,-1,986.33,8.0078,0.44609,0.55417,0.59681,-0.48202,-22,0.019396,0.55417,1,0.59681,0.56824,1,6.1093e-05,2.1737e-05,0,0,0,0,0,0,0,0
0,0,0,0,0,0,0,0,0.73378,1.0184,-0.8757,-1,-0.99825,0.98446,-9.2986e-05,0,0,0,1.0409,999,999,999,0.50706,0.7511,0.7363,0,0,0,0,0,0,0,0,0,0,0,0,0,0,0,0,0,0,0,0,0,0,0,0,0,0,0,0,0,0,0,0,0,0,0,0,0,0,0.002997,1.1387,1,0.8799,0,0,0,0,0,0,0,0,0,0,0,1
0,0,0,0,0,0,0,0,0.93623,1.0397,-0.46768,1,-0.99914,0.9691,0.82443,1,1,0.49821,1.5187,999,999,999,0.4576,1.0368,0.82916,0.76222,0.2066,5.537e-07,9999,1,-1,590.82,4.7363,0.22119,1,0,-0.38424,-2.5927,-2.3628,0.0014404,0.12119,0.027845,1,0.80203,0.88793,-0.82669,0,0,0,0,0,10,0.2066,5.537e-07,9999,-1,590.82,4.7363,0.22119,0.80203,0.88793,-0.82669,-0,0.026586,0.93623,1,0.80711,0.99275,1,0.9691,0.018098,0,0,0,0,0,0,0,0
0,0,0,0,0.87529,1.7102,0.56605,1,1.2864,1.2258,-0.70989,-1,-0.69012,-0.057612,0.0001302,1,0,0,1.5259,-1.2864,0.94751,-0.99066,0.92261,1.9896,0.83197,0.68057,0.070444,1.2545e-06,9999,1,1,0,3.7598,0.058697,0,0,0,0,0,0,0,0,1,1.2864,0.94751,-0.87359,0,0,0,0,0,10,0.070444,1.2545e-06,9999,1,0,3.7598,0.058697,1.2864,0.94751,-0.87359,0,0.0017811,1.2864,-1,0.94751,0.8489,-1,-0.69012,-0.73679,0,0,0,0,0,0,0,0
0,0,0,0,0,0,0,0,1.6563,0,-0.80958,-1,-0.47408,-0.094262,0.030417,0,0,0,1.0492,-1.6563,-0.88832,-0.90409,0.87684,1.0373,1.1896,0.63493,0.067663,1.222e-06,9999,1,1,0,10.352,0.1111,0,0,0,0,0,0,0,0,1,999,999,999,0,0,0,0,0,0,0,0,0,0,0,0,0,0,0,0,0,0.003095,1.6563,-1,0.88832,-0.34827,-1,-0.47408,-0.74277,0,0,0,0,0,0,0,0
0,0,0,0,1.4049,0.70554,0.33716,-1,1.1493,0.70774,-0.53424,1,-0.035299,0.033221,-6.0229e-05,0,0,0,1.7401,-0.69159,-0.41577,-0.048809,1.3472,1.6982,0.63472,0,0,0,0,0,0,0,0,0,0,0,0,0,0,0,0,0,0,0,0,0,0,0,0,0,0,0,0,0,0,0,0,0,0,0,0,0,0,0.012444,1.4049,-1,0.88526,0,0,0,0,0,0,0,0,0,0,0,0
0,0,0,0,0,0,0,0,0.8575,1.0973,0.13959,1,0.052849,0.00058212,-2.9057e-05,2,0,0,0.98051,999,999,999,1.2308,0.33272,0.50357,0,0,0,0,0,0,0,0,0,0,0,0,0,0,0,0,0,0,0,0,0,0,0,0,0,0,0,0,0,0,0,0,0,0,0,0,0,0,0.017687,0.8575,1,0.79009,0,0,0,0,0,0,0,0,0,0,0,0
0,0,0,0,0.90693,0.31557,-0.64742,-1,0.17215,0.61682,0.11661,1,-0.00013219,-9.8182e-06,3.6549e-07,0,0,0,0.91705,999,999,999,0.83822,0.39297,0.12129,0.66506,0.17215,3.6549e-07,9999,1,1,1543,18.164,0.12129,0,0,0,0,0,0,0,0,1,999,999,999,0,0,0,0,0,0,0,0,0,0,0,0,0,0,0,0,0,0.017434,0.90693,-1,0.89797,0.66326,-1,-0.00013219,-0.07793,0,0,0,0,0,0,0,1
0.85115,0.34873,-0.63761,-1,0,0,0,0,0.59704,0.89813,-0.49494,-1,-0.92253,0.23054,-0.054483,0,0,0,0.85317,-0.85115,0.99017,-0.17354,0.86598,0.55563,1.3446,0,0,0,0,0,0,0,0,0,0,0,0,0,0,0,0,0,0,0,0,0,0,0,0,0,0,0,0,0,0,0,0,0,0,0,0,0,0,0.042867,0.85115,-1,0.99017,0,0,0,0,0.85115,0.34873,-0.63761,-1,2,0.042867,0.99017,0
0,0,0,0,0,0,0,0,0.59629,0,0.45313,1,0.082203,8.0905e-05,-1.2092e-06,0,0,0,1.0795,999,999,999,1.3551,0.72868,0.092462,0.99786,0.062688,1.2092e-06,9999,1,-1,0,13.086,0.092462,0,0,0,0,0,0,0,0,1,0.97486,0.64102,-0.68973,0,0,0,0,0,10,0.062688,1.2092e-06,9999,-1,0,13.086,0.092462,0.97486,0.64102,-0.68973,-0,0.020728,0.97486,1,0.64102,-0.68973,1,0.082203,0.8879,0,0,0,0,0,0,0,1
0,0,0,0,0,0,0,0,0.2155,0.60905,0.6083,-1,0.0018891,1.9034e-05,-2.1937e-06,1,0,0,0.66837,999,999,999,0.48401,0.45473,0.27667,0.88922,0.2155,2.1937e-06,9999,1,-1,551.76,3.5645,0.27667,0,0,0,0,0,0,0,0,1,999,999,999,0,0,0,0,0,0,0,0,0,0,0,0,0,0,0,0,0,0,0,0,0,0.86893,1,1.9034e-05,0.071616,0,0,0,0,0,0,0,0
0,0,0,0,0,0,0,0,0.67723,0.86777,-0.63172,1,0.18751,0.01044,0.0005918,7,1,0.4981,0.90143,999,999,999,0.57254,0.71058,0.33987,0,0,0,0,0,0,0,0,0,0,0,0,0,0,0,0,0,0,0,0,0,0,0,0,0,0,0,0,0,0,0,0,0,0,0,0,0,0,0.0039967,0.67723,1,0.48838,0,0,0,0,0,0,0,0,0,0,0,0
0,0,0,0,0,0,0,0,0.68864,0.21724,0.46965,-1,-0.056418,0.0006348,0,0,0,0,0.94486,999,999,999,1.0156,0.80991,0,0,0,0,0,0,0,0,0,0,0,0,0,0,0,0,0,0,0,0,0,0,0,0,0,0,0,0,0,0,0,0,0,0,0,0,0,0,0,0.0029854,0.78332,1,0.96558,0,0,0,0,0,0,0,0,0,0,0,0
0,0,0,0,0,0,0,0,1.5183,0.57112,-0.32857,1,-0.064759,0.031784,0.00031549,0,0,0,1.7391,999,999,999,1.6914,1.3314,0.77325,0,0,0,0,0,0,0,0,0,0,0,0,0,0,0,0,0,0,0,0,0,0,0,0,0,0,0,0,0,0,0,0,0,0,0,0,0,0,0.0063546,1.5183,1,0.99951,0,0,0,0,0,0,0,0,0,0,0,1
0,0,0,0,0,0,0,0,1.0505,0.28564,0.058256,1,-0.97391,0.1145,0,0,0,0,1.127,999,999,999,0.9384,1.1773,0,0,0,0,0,0,0,0,0,0,0,0,0,0,0,0,0,0,0,0,0,0,0,0,0,0,0,0,0,0,0,0,0,0,0,0,0,0,0,0.029455,1.0505,1,0.9443,0,0,0,0,0,0,0,0,0,0,0,0
0.39888,2.5133,-0.4357,1,0,0,0,0,0.67887,0.96283,0.92331,-1,0.99722,0.38949,-0.016818,0,0,0,1.5173,0.83884,0.98847,-0.90874,0.54491,1.2973,1.1507,0,0,0,0,0,0,0,0,0,0,0,0,0,0,0,0,0,0,0,0,0,0,0,0,0,0,0,0,0,0,0,0,0,0,0,0,0,0,0.029438,1.1885,-1,0.89325,0,0,0,0,0.39888,2.5133,-0.4357,1,1,0.010852,0.98004,1
0,0,0,0,0,0,0,0,0.21494,0.55631,0.61005,-1,-0.94458,-0.0011053,-0.00063807,3,2,0.50114,0.39437,999,999,999,0.66842,0.43535,0.46516,0.91944,0.23097,1.0983e-06,9999,0,1,551.76,4.3457,0.22263,0,0,0,0,0,0,0,0,1,999,999,999,0,0,0,0,0,0,0,0,0,0,0,0,0,0,0,0,0,0,0,0,0,0.39569,-1,-0.94458,-0.047536,0,0,0,0,0,0,0,0
0,0,0,0,0,0,0,0,0.22198,0.74245,-0.68151,-1,-0.055504,1.5713e-05,-6.0903e-06,3,1,0.49837,0.58347,999,999,999,0.77854,0.43546,0.35415,0.86332,0.12971,3.9575e-07,9999,1,1,947.27,6.3477,0.14458,0,0,0,0,0,0,0,0,1,0.51699,0.2346,-0.032433,0,0,0,0,0,10,0.12971,3.9575e-07,9999,1,947.27,6.3477,0.14458,0.51699,0.2346,-0.032433,6,0.016264,0.51699,-1,0.2346,-0.032433,-1,-0.055504,-0.64169,0,0,0,0,0,0,0,1
0,0,0,0,0,0,0,0,0.89652,1.172,-0.92581,-1,-0.94696,-0.00023313,3.4961e-05,1,1,0.49969,1.1683,-0.779,-0.45343,-0.055743,0.76719,0.67146,0.52917,0.81751,0.2434,1.2149e-06,9999,0,1,449.22,3.2227,0.33383,0,0,0,0,0,0,0,0,1,0.779,0.45343,-0.081291,0,0,0,0,0,10,0.2434,1.2149e-06,9999,1,449.22,3.2227,0.33383,0.779,0.45343,-0.081291,6,0.011014,0.89652,-1,0.80616,0.54413,-1,-0.94696,-0.0016707,0,0,0,0,0,0,0,0
0,0,0,0,0,0,0,0,0.93756,0,-0.77313,-1,-0.38379,-0.00077136,8.8807e-05,1,1,0.49879,1.212,-1.0443,-0.95055,-0.95819,1.3269,0.80567,0.58564,0.58858,0.22465,1.7807e-06,9999,0,1,468.75,3.6621,0.3732,0,0,0,0,0,0,0,0,1,1.0443,0.95055,-0.50394,0,0,0,0,0,10,0.22465,1.7807e-06,9999,1,468.75,3.6621,0.3732,1.0443,0.95055,-0.50394,6,0.024342,1.0443,-1,0.95055,0.47792,-1,-0.38379,-0.00083542,0,0,0,0,0,0,0,1
0,0,0,0,0,0,0,0,0.72351,0,0.44618,-1,0.98046,-0.96822,-0.0062373,1,0,0,1.2358,999,999,999,0.57104,1.0509,1.1276,0.93453,0.15176,3.7301e-07,9999,0,1,898.44,11.328,0.12751,0,0,0,0,0,0,0,0,1,0.72351,0.98613,-0.97061,0,0,0,0,0,10,0.15176,3.7301e-07,9999,1,898.44,11.328,0.12751,0.72351,0.98613,-0.97061,2,0.00271,1.3007,-1,0.88722,0.71939,-1,-0.96822,-0.72544,0,0,0,0,0,0,0,0
0,0,0,0,0,0,0,0,1.0597,0.86534,-0.60648,-1,-0.92498,0.52531,0.00031338,0,0,0,1.313,-0.64704,0.70558,-0.97323,1.3241,1.0014,0.50496,0,0,0,0,0,0,0,0,0,0,0,0,0,0,0,0,0,0,0,0,0,0,0,0,0,0,0,0,0,0,0,0,0,0,0,0,0,0,0.0068271,1.0597,-1,0.84205,0,0,0,0,0,0,0,0,0,0,0,1
0,0,0,0,0,0,0,0,0.85927,0.11449,-0.47114,-1,-0.98074,-0.0010867,0.00050014,0,0,0,1.2041,-0.62407,0.85174,-0.88098,0.7445,0.78686,0.54185,0,0,0,0,0,0,0,0,0,0,0,0,0,0,0,0,0,0,0,0,0,0,0,0,0,0,0,0,0,0,0,0,0,0,0,0,0,0,0.023009,0.85927,-1,0.74975,0,0,0,0,0,0,0,0,0,0,0,0
0,0,0,0,0,0,0,0,1.0133,1.0821,-0.79844,-1,-0.94519,-0.0089341,1.377e-05,0,0,0,1.2522,-1.0133,-0.85022,-0.61995,1.3578,1.2914,0.42295,0,0,0,0,0,0,0,0,0,0,0,0,0,0,0,0,0,0,0,0,0,0,0,0,0,0,0,0,0,0,0,0,0,0,0,0,0,0,0.0058001,1.0133,-1,0.85022,0,0,0,0,0,0,0,0,0,0,0,0
0,0,0,0,0,0,0,0,0.98183,0.54313,-0.091944,1,0.0011152,0.00018376,-4.0421e-07,2,0,0,0.93949,999,999,999,0.48751,0.93519,0.15036,0.98623,0.15264,4.0421e-07,9999,1,-1,791.02,6.7383,0.15036,0,0,0,0,0,0,0,0,1,0.98183,0.73798,-0.63116,0,0,0,0,0,10,0.15264,4.0421e-07,9999,-1,791.02,6.7383,0.15036,0.98183,0.73798,-0.63116,-2,0.018665,0.98183,1,0.73798,-0.63116,1,0.00018376,0.8687,0,0,0,0,0,0,0,1
0,0,0,0,0,0,0,0,0.68139,1.3825,-0.92203,-1,0.90796,-0.0018721,0.00071287,5,2,0.49389,0.94028,999,999,999,0.28986,1.0221,0.73551,0.66122,0.20831,0.90796,9999,0,1,0,13.672,0.28986,0,1,0,0,0,0,0,0,1,999,999,999,0,0,0,0,0,0,0,0,0,0,0,0,0,0,0,0,0,0.0077825,0.68139,-1,0.92548,0.96132,-1,-2.5355e-05,-6.3753e-06,0,0,0,0,0,0,0,1
0,0,0,0,0,0,0,0,1.6482,0,-0.36705,-1,-0.96195,0.28198,0.00053834,0,0,0,1.7011,-0.71969,-0.4883,-0.60148,2.4312,0.77298,0.71567,0.42358,0.20706,4.4112e-07,9999,1,-1,732.42,5.957,0.17262,0,0,0,0,0,0,0,0,1,0.51944,0.24989,-0.6186,0,0,0,0,0,10,0.20706,4.4112e-07,9999,-1,732.42,5.957,0.17262,0.51944,0.24989,-0.6186,-0,0.028121,1.6482,-1,0.98829,0.80967,1,0.00053834,0.0019309,0,0,0,0,0,0,0,0
0,0,0,0,0,0,0,0,0.56393,1.2882,-0.40317,1,-3.8058e-05,2.5216e-05,-4.7568e-06,0,0,0,0.67137,999,999,999,0.54209,0.44565,0.33504,0,0,0,0,0,0,0,0,0,0,0,0,0,0,0,0,0,0,0,0,0,0,0,0,0,0,0,0,0,0,0,0,0,0,0,0,0,0,0.00064345,0.50448,-1,0.52129,0,0,0,0,0,0,0,0,0,0,0,1
0,0,0,0,0,0,0,0,0.34964,0,-1,1,0.063326,-0.0047837,3.1955e-06,2,0,0,0.30445,999,999,999,1.5289,0.58078,0.30496,0,0,0,0,0,0,0,0,0,0,0,0,0,0,0,0,0,0,0,0,0,0,0,0,0,0,0,0,0,0,0,0,0,0,0,0,0,0,0,0,0,0,0,0,0,0,0,0,0,0,0,0,0,0
0,0,0,0,0,0,0,0,0.71542,1.4363,-0.58708,1,-0.00010439,3.8752e-05,3.851e-05,0,0,0,0.98054,999,999,999,0.78268,0.5441,0.544,0.715,0.18806,4.8578e-07,9999,1,-1,654.3,5.957,0.19466,0,0,0,0,0,0,0,0,1,0.71542,0.37307,-0.3818,0,0,0,0,0,10,0.18806,4.8578e-07,9999,-1,654.3,5.957,0.19466,0.71542,0.37307,-0.3818,-0,0.0013421,0.61846,-1,0.634,0.97583,1,3.851e-05,0.042685,0,0,0,0,0,0,0,1
1.0577,0.15859,-0.99549,1,0,0,0,0,0,0,0,0,0.01252,0,0,0,0,0,0.57198,999,999,999,0.71824,0,0,0,0,0,0,0,0,0,0,0,0,0,0,0,0,0,0,0,0,0,0,0,0,0,0,0,0,0,0,0,0,0,0,0,0,0,0,0,0,0.03059,1.0577,1,0.9992,0,0,0,0,0,0,0,0,0,0,0,1
0,0,0,0,0,0,0,0,1.3083,0,-0.97617,1,0.048151,0.0071239,8.6296e-06,1,1,0.495,1.2254,999,999,999,1.2002,0.31069,0.38216,0,0,0,0,0,0,0,0,0,0,0,0,0,0,0,0,0,0,0,0,0,0,0,0,0,0,0,0,0,0,0,0,0,0,0,0,0,0,0.074417,1.3083,1,0.96969,0,0,0,0,0,0,0,0,0,0,0,1
1.297,0,-0.9274,-1,0,0,0,0,0,0,0,0,0.017552,-0.0089228,0,0,0,0,1.4408,999,999,999,0.90702,1.3514,0,0,0,0,0,0,0,0,0,0,0,0,0,0,0,0,0,0,0,0,0,0,0,0,0,0,0,0,0,0,0,0,0,0,0,0,0,0,0,0.0020557,1.297,-1,0.99314,0,0,0,0,0.69587,0.042767,0.92389,1,2,0.016278,0.98556,0
0,0,0,0,0,0,0,0,1.1097,0.076669,-0.61845,1,0.93557,-0.067363,9.1741e-05,1,1,0.50031,1.4419,0.57705,0.59645,-0.25736,1.1461,1.2089,0.71,0,0,0,0,0,0,0,0,0,0,0,0,0,0,0,0,0,0,0,0,0,0,0,0,0,0,0,0,0,0,0,0,0,0,0,0,0,0,0.022824,1.1097,1,0.92022,0,0,0,0,0,0,0,0,0,0,0,1
0,0,0,0,0,0,0,0,0.75536,0.47052,0.25704,-1,0.99661,-0.93144,0.00073883,1,0,0,0.7979,999,999,999,0.41762,1.0462,0.39865,0.59596,0.055433,1.2563e-06,9999,1,1,0,8.6914,0.1279,0,0,0,0,0,0,0,0,1,999,999,999,0,0,0,0,0,0,0,0,0,0,0,0,0,0,0,0,0,0.011763,0.75536,-1,0.8543,0.57538,-1,-0.93144,-0.78017,0,0,0,0,0,0,0,1
1.3857,0.30588,-0.87256,1,0,0,0,0,0.093891,0,-0.90304,-1,0.00046649,-9.3204e-06,-3.5386e-07,2,1,0.50033,0.64527,999,999,999,0.90463,0.38858,0.11102,0.90304,0.093891,3.5386e-07,9999,0,-1,1777.3,10.254,0.11102,0,0,0,0,0,0,0,0,1,999,999,999,0,0,0,0,0,0,0,0,0,0,0,0,0,0,0,0,0,0.0067409,1.3857,1,0.87256,0.57818,1,0.00046649,0.76825,0,0,0,0,0,0,0,1
0,0,0,0,0,0,0,0,0.61373,0.60957,-0.95804,1,0.98445,5.4339e-05,-4.5688e-07,0,0,0,0.84139,999,999,999,0.74554,0.59117,0.18092,0.48831,0.20382,4.5688e-07,9999,1,-1,620.12,6.543,0.18092,0,0,0,0,0,0,0,0,1,0.61373,0.99695,-0.55479,0,0,0,0,0,10,0.20382,4.5688e-07,9999,-1,620.12,6.543,0.18092,0.61373,0.99695,-0.55479,-6,0.0034462,0.61373,1,0.99695,-0.55479,1,0.98445,0.0031986,0,0,0,0,0,0,0,0
0,0,0,0,0,0,0,0,0.90842,0.52361,-0.79915,-1,-0.95029,-0.00079013,2.2521e-05,0,0,0,1.0255,999,999,999,1.2656,0.39878,0.47293,0,0,0,0,0,0,0,0,0,0,0,0,0,0,0,0,0,0,0,0,0,0,0,0,0,0,0,0,0,0,0,0,0,0,0,0,0,0,0.011891,0.90842,-1,0.98489,0,0,0,0,0,0,0,0,0,0,0,0
0,0,0,0,0,0,0,0,1.1933,0.87009,-0.15615,-1,0.91776,-0.52513,-9.0497e-06,2,0,0,0.93055,999,999,999,0.31277,1.9486,0.38611,0.7152,0.081857,1.2893e-06,9999,0,-1,0,28.906,0.04796,0,0,0,0,0,0,0,0,1,999,999,999,0,0,0,0,0,10,0.13705,0.91776,9999,1,0,23.633,0.31277,1.1933,0.97943,-0.32506,22,0.017799,1.1933,-1,0.97943,0.53921,1,0.91776,0.70378,0,0,0,0,0,0,0,0
0.73733,0.046613,-0.32661,-1,0,0,0,0,1.5653,0.046613,-0.90658,1,0.50976,-0.00020714,1.4111e-05,2,1,0.49928,1.265,999,999,999,2.4677,0.7414,0.42523,0,0,0,0,0,0,0,0,0,0,0,0,0,0,0,0,0,0,0,0,0,0,0,0,0,0,0,0,0,0,0,0,0,0,0,0,0,0,0.0032149,1.5653,1,0.90237,0,0,0,0,0.73733,0.046613,-0.32661,-1,1,0.023483,0.52143,1
0,0,0,0,0,0,0,0,0.23,0.47521,0.37028,1,0.018339,4.016e-05,1.0254e-05,1,0,0,1.0025,0.66909,-0.92446,-0.78593,0.80526,0.52951,0.3688,0.62245,0.23,1.0254e-05,9999,1,1,0,2.8809,0.3688,0,0,0,0,0,0,0,0,1,999,999,999,0,0,0,0,0,0,0,0,0,0,0,0,0,0,0,0,0,0.0084077,0.68672,1,0.9455,0.18622,-1,-3.6675e-06,-0.00063873,0,0,0,0,0,0,0,0
0,0,0,0,0,0,0,0,0.33657,0.15843,0.084808,-1,-0.99995,-0.00060832,3.2975e-05,0,0,0,0.74316,999,999,999,0.28228,0.50467,0.52066,0,0,0,0,0,0,0,0,0,0,0,0,0,0,0,0,0,0,0,0,0,0,0,0,0,0,0,0,0,0,0,0,0,0,0,0,0,0,0.0049221,0.73857,1,0.72462,0,0,0,0,0,0,0,0,0,0,0,0
0,0,0,0,0,0,0,0,1.0885,1.4761,-0.56715,1,-0.074807,0.073305,0.00011913,1,0,0,1.3279,999,999,999,1.0062,1.6312,0.88356,0.75832,0.09863,1.2297e-06,9999,0,1,0,58.594,0.06968,0,0,0,0,0,0,0,0,1,0.70869,0.91855,-0.92123,0,0,0,0,0,10,0.09863,1.2297e-06,9999,1,0,58.594,0.06968,0.70869,0.91855,-0.92123,3,0.00066652,1.0885,1,0.96046,0.838,1,0.073305,0.50354,0,0,0,0,0,0,0,1
0,0,0,0,0,0,0,0,0.75354,0.25692,-0.71041,1,0.81657,0.00057577,-4.4276e-06,0,0,0,0.83978,0.75354,0.94796,-0.63338,0.17358,1.0311,0.44926,0,0,0,0,0,0,0,0,0,0,0,0,0,0,0,0,0,0,0,0,0,0,0,0,0,0,0,0,0,0,0,0,0,0,0,0,0,0,0.0083452,0.75354,1,0.94796,0,0,0,0,0,0,0,0,0,0,0,1
0,0,0,0,0,0,0,0,1.0664,1.0351,-0.66614,-1,0.92385,-0.0095833,-0.00091156,2,2,0.49205,1.4751,999,999,999,0.83904,1.4713,0.82712,0.73433,0.094243,1.4359e-06,9999,0,-1,0,5.5176,0.16794,0,1,0,0,0,0,0,0,1,999,999,999,0,0,0,0,0,10,0.18074,5.4544e-07,9999,1,625,4.7852,0.21831,1.0344,0.81651,-0.77254,4,0.0073827,1.0664,-1,0.97806,0.83176,1,0.92385,0.66447,0,0,0,0,0,0,0,1
0.42947,0.28565,-0.9375,1,0,0,0,0,0.3743,0.28565,-0.37522,-1,0.00039275,-0.00015666,4.9606e-05,0,0,0,0.71549,999,999,999,0.56513,0.5656,0.5898,0.92959,0.1262,4.5809e-07,9999,1,-1,605.47,3.6621,0.18153,1,0,0.0004666,-0.68857,-0.26845,0.00089947,0.21653,0.22175,1,999,999,999,0,0,0,0,0,0,0,0,0,0,0,0,0,0,0,0,0,0,0,0,0,0.9931,1,0.00039275,0.77207,0.42947,0.28565,-0.9375,1,1,0.019746,0.96061,1
0.78117,1.0351,-0.8918,-1,0,0,0,0,1.0257,1.4163,-0.94059,1,0.13113,-0.046275,-5.4163e-05,0,0,0,1.4224,999,999,999,1.209,1.1323,0.60906,0.96364,0.20585,8.0349e-07,9999,0,1,576.17,4.0039,0.28199,0,0,0,0,0,0,0,0,1,0.78117,0.76232,-0.64266,0,0,0,0,0,10,0.1191,4.2162e-07,9999,1,454.1,6.1523,0.1614,0.78117,0.76232,-0.15812,6,0.0060343,1.0257,1,0.99282,0.95537,-1,-2.2127e-05,-0.47361,0.78117,1.0351,-0.8918,-1,1,0.018174,0.76232,1
0,0,0,0,0,0,0,0,0.13273,1.424,-0.89742,-1,0.98054,-0.1095,0.00051229,1,0,0,0.85582,999,999,999,0.86064,0.78285,0.28938,0.70824,0.13273,4.1342e-07,9999,1,-1,791.02,6.1523,0.15633,0,0,0,0,0,0,0,0,1,999,999,999,0,0,0,0,0,0,0,0,0,0,0,0,0,0,0,0,0,0.025194,0.65523,1,0.32721,0.42373,1,0.98054,0.40922,0,0,0,0,0,0,0,1
1.6611,0.12364,-0.80856,-1,0,0,0,0,0.48125,1.2537,0.55894,1,0.97299,-0.00017218,0,0,0,0,1.5869,999,999,999,0.75079,1.5337,0,0,0,0,0,0,0,0,0,0,0,0,0,0,0,0,0,0,0,0,0,0,0,0,0,0,0,0,0,0,0,0,0,0,0,0,0,0,0,0.0070107,1.6611,-1,0.99168,0,0,0,0,0,0,0,0,0,0,0,0
0,0,0,0,0,0,0,0,0.77248,1.2757,0.1344,-1,-0.99986,0.99886,-0.0018999,1,0,0,1.1681,-0.77248,0.81295,-0.31475,0.33168,0.47613,0.79523,0.24593,0.1067,1.271e-06,9999,1,-1,0,3.6621,0.053179,0,0,0,0,0,0,0,0,1,0.63114,0.55835,-0.90454,0,0,0,0,0,10,0.1067,1.271e-06,9999,-1,0,3.6621,0.053179,0.63114,0.55835,-0.90454,-21,0.019028,0.77248,-1,0.81295,0.60242,1,0.99886,0.37402,0,0,0,0,0,0,0,1
0.86425,0.048731,0.8796,1,1.7179,0.56357,-0.94365,-1,0.49758,0.91298,-0.84381,-1,0.00018506,-0.00018497,-8.0094e-05,0,0,0,1.981,999,999,999,0.90687,1.9845,0.71242,0,0,0,0,0,0,0,0,0,0,0,0,0,0,0,0,0,0,0,0,0,0,0,0,0,0,0,0,0,0,0,0,0,0,0,0,0,0,0.0028661,1.7179,-1,0.99123,0,0,0,0,0.86425,0.048731,0.8796,1,1,0.0013498,0.98013,0
0,0,0,0,1.477,1.2803,-0.65559,1,1.6552,0.40494,0.293,-1,-0.98347,-0.9602,0.033307,0,0,0,2.122,-1.6552,0.99839,-0.91773,0.64492,2.4009,1.5436,0,0,0,0,0,0,0,0,0,0,0,0,0,0,0,0,0,0,0,0,0,0,0,0,0,0,0,0,0,0,0,0,0,0,0,0,0,0,0.0029867,1.6552,-1,0.99839,0,0,0,0,0,0,0,0,0,0,0,0
0.9802,0.72155,-0.79607,-1,0,0,0,0,0.52622,0.27631,0.64889,-1,-0.9532,0.32461,-0.13118,0,0,0,1.2374,-0.9802,0.91987,-0.77835,0.8197,1.2227,1.0862,0.58864,0.18541,6.2021e-07,9999,1,1,498.05,3.2227,0.24169,0,0,0,0,0,0,0,0,1,0.9802,0.91987,-0.85714,0,0,0,0,0,10,0.18541,6.2021e-07,9999,1,498.05,3.2227,0.24169,0.9802,0.91987,-0.85714,5,0.0022194,0.9802,-1,0.91987,0.45141,-1,-0.9532,-0.021342,0.9802,0.72155,-0.79607,-1,1,0.0022194,0.91987,0
0,0,0,0,0,0,0,0,0.56505,0.71252,-0.4697,1,-0.00020243,0.00015333,6.2632e-05,0,0,0,1.1595,999,999,999,0.75804,0.83423,0.64644,0.25913,0.22362,6.6428e-07,9999,1,-1,546.88,4.1504,0.25316,0,0,0,0,0,0,0,0,1,0.62131,0.96579,-0.1633,0,0,0,0,0,10,0.22362,6.6428e-07,9999,-1,546.88,4.1504,0.25316,0.62131,0.96579,-0.1633,-0,0.011346,0.80465,-1,0.70569,0.75208,1,0.00015333,0.00032825,0,0,0,0,0,0,0,1
0,0,0,0,0,0,0,0,0.53373,0.48012,0.64274,1,-0.99978,0.0075999,0.00060287,1,0,0,0.86519,999,999,999,0.38158,0.86647,0.34872,0,0,0,0,0,0,0,0,0,0,0,0,0,0,0,0,0,0,0,0,0,0,0,0,0,0,0,0,0,0,0,0,0,0,0,0,0,0,0.0062982,0.53425,-1,0.8443,0,0,0,0,0,0,0,0,0,0,0,0
0,0,0,0,0,0,0,0,0.90734,0.36049,-0.28168,1,0.50428,-1.1165e-05,-3.3218e-06,1,0,0,0.9021,999,999,999,1.3695,0.40406,0.42713,0.20165,0.18155,7.321e-07,9999,1,-1,478.52,4.834,0.26839,0,0,0,0,0,0,0,0,1,0.90734,0.9716,-0.31229,0,0,0,0,0,10,0.18155,7.321e-07,9999,-1,478.52,4.834,0.26839,0.90734,0.9716,-0.31229,-0,0.020069,0.90734,1,0.9716,0.033586,1,1.9388e-06,0.0061882,0,0,0,0,0,0,0,0
0,0,0,0,0,0,0,0,1.1302,1.5509,0.19366,1,-0.94856,0.0048257,0.00041669,2,1,0.496,1.4857,999,999,999,0.54577,1.3472,0.62713,0.94009,0.050607,1.2112e-06,9999,0,1,0,4.2969,0.085532,0,0,0,0,0,0,0,0,1,999,999,999,0,0,0,0,0,10,0.16863,8.4913e-07,9999,-1,585.94,3.8086,0.28968,1.1302,0.99906,-0.43663,-9,0.0080231,1.1302,1,0.99906,0.76048,-1,-0.94856,-0.81639,0,0,0,0,0,0,0,0
0,0,0,0,0,0,0,0,0.83079,0.2472,-0.10093,1,0.16426,0.1507,-0.0089421,0,0,0,1.1348,0.66697,0.62379,-0.22152,1.1276,1.0554,0.75272,0,0,0,0,0,0,0,0,0,0,0,0,0,0,0,0,0,0,0,0,0,0,0,0,0,0,0,0,0,0,0,0,0,0,0,0,0,0,0.0014777,0.83079,1,0.89471,0,0,0,0,0,0,0,0,0,0,0,1
0,0,0,0,0,0,0,0,0.81732,0.37676,-0.25387,-1,-0.97254,0.13049,-6.9752e-05,1,0,0,0.87784,-0.81732,-0.99117,-0.99651,0.791,1.1107,0.67484,0,0,0,0,0,0,0,0,0,0,0,0,0,0,0,0,0,0,0,0,0,0,0,0,0,0,0,0,0,0,0,0,0,0,0,0,0,0,0.0029738,0.81732,-1,0.99117,0,0,0,0,0,0,0,0,0,0,0,1
0,0,0,0,0,0,0,0,0.77314,1.372,-0.088551,-1,-0.003209,-0.00013219,3.0593e-05,0,0,0,1.0579,-0.5675,-0.82577,-0.47336,1.0566,0.8072,0.51035,0.24381,0.15818,1.3919e-06,9999,1,-1,0,6.0547,0.16069,0,0,0,0,0,0,0,0,1,999,999,999,0,0,0,0,0,0,0,0,0,0,0,0,0,0,0,0,0,0.017021,0.77314,-1,0.88691,0.2672,1,2.7027e-06,0.043427,0,0,0,0,0,0,0,1
0,0,0,0,0,0,0,0,0.41125,0.55254,0.19617,-1,0.03885,-1.1853e-05,0,1,0,0,0.3956,999,999,999,1.6203,0.40934,0,0,0,0,0,0,0,0,0,0,0,0,0,0,0,0,0,0,0,0,0,0,0,0,0,0,0,0,0,0,0,0,0,0,0,0,0,0,0,0,0,0,0,0,0,0,0,0,0,0,0,0,0,0,1
0,0,0,0,0,0,0,0,1.2418,0.62613,-0.99936,-1,-0.036363,-1.5212e-06,1.3131e-06,2,0,0,1.1235,999,999,999,1.7844,0.35774,0.04207,0.22948,0.062842,1.2656e-06,9999,0,1,0,7.9102,0.13116,0,0,0,0,0,0,0,0,1,1.2418,0.98643,-0.10757,0,0,0,0,0,10,0.062842,1.2656e-06,9999,1,0,7.9102,0.13116,1.2418,0.98643,-0.10757,2,0.0011153,1.2418,-1,0.98643,-0.10757,-1,-0.036363,-0.61466,0,0,0,0,0,0,0,0
0,0,0,0,0,0,0,0,0.78284,1.1153,0.57334,-1,0.99447,-0.906,0.69453,0,1,0.50033,1.3414,0.50734,-0.65877,-0.1246,0.4768,0.54575,0.88454,0.82749,0.21594,0.99447,9999,1,1,810.55,8.6914,0.4768,0,1,0,0,0,0,0,0,1,0.54425,0.91557,-0.9491,0,0,0,0,0,10,0.21594,0.99447,9999,1,810.55,8.6914,0.4768,0.54425,0.91557,-0.9491,22,0.074628,0.91731,-1,0.66165,0.7725,-1,-0.49234,-5.0488e-06,0,0,0,0,0,0,0,1
0,0,0,0,0,0,0,0,0.88197,0,-0.51132,-1,-0.044951,0.00021697,-5.9765e-05,0,0,0,1.0272,999,999,999,1.2562,0.43148,0.63366,0,0,0,0,0,0,0,0,0,0,0,0,0,0,0,0,0,0,0,0,0,0,0,0,0,0,0,0,0,0,0,0,0,0,0,0,0,0,0.0067322,0.88197,-1,0.6579,0,0,0,0,0,0,0,0,0,0,0,1
0,0,0,0,1.1462,0,-0.74636,1,0.71492,0,-0.5748,1,0.99884,0.00016334,-1.8233e-05,0,0,0,1.1241,1.1462,-0.74635,-0.046374,0.47743,0.93609,0.45028,0,0,0,0,0,0,0,0,0,0,0,0,0,0,0,0,0,0,0,0,0,0,0,0,0,0,0,0,0,0,0,0,0,0,0,0,0,0,0.0049153,1.1462,1,0.74635,0,0,0,0,0,0,0,0,0,0,0,1
0,0,0,0,0,0,0,0,0.31195,0.61097,-0.22968,1,-0.00061758,8.5363e-05,-4.7096e-05,0,0,0,0.90489,999,999,999,0.80042,0.74544,0.57915,0,0,0,0,0,0,0,0,0,0,0,0,0,0,0,0,0,0,0,0,0,0,0,0,0,0,0,0,0,0,0,0,0,0,0,0,0,0,0.011247,0.54004,-1,0.37821,0,0,0,0,0,0,0,0,0,0,0,0
0,0,0,0,0,0,0,0,2.0843,0,-0.88089,-1,-0.95011,1.2451e-06,0,0,1,0.49903,1.8399,999,999,999,2.9449,0.12345,0,0.8084,0.16333,1.2451e-06,9999,1,1,0,9.2773,0.12345,0,0,0,0,0,0,0,0,1,2.0843,0.98049,-0.89792,0,0,0,0,0,10,0.16333,1.2451e-06,9999,1,0,9.2773,0.12345,2.0843,0.98049,-0.89792,2,0.019054,2.0843,-1,0.98049,-0.89792,-1,-0.95011,-0.30738,0,0,0,0,0,0,0,0
0,0,0,0,0,0,0,0,1.7624,0.37834,0.22916,1,0.177,-4.6633e-05,3.2585e-05,1,1,0.49736,1.8869,999,999,999,1.927,0.57733,0.55745,0,0,0,0,0,0,0,0,0,0,0,0,0,0,0,0,0,0,0,0,0,0,0,0,0,0,0,0,0,0,0,0,0,0,0,0,0,0,0.015211,1.7624,1,0.96991,0,0,0,0,0,0,0,0,0,0,0,1
0,0,0,0,1.4477,0,-0.94141,-1,0.48953,0,-0.07213,-1,-0.99982,-0.017194,0.00021355,1,0,0,1.4379,-1.4477,0.95819,-0.26849,0.37191,1.9042,0.24603,0,0,0,0,0,0,0,0,0,0,0,0,0,0,0,0,0,0,0,0,0,0,0,0,0,0,0,0,0,0,0,0,0,0,0,0,0,0,0.0080829,1.4477,-1,0.95819,0,0,0,0,0,0,0,0,0,0,0,0
0,0,0,0,0,0,0,0,1.2982,0.10449,-0.90758,-1,-0.6846,0.019442,0,0,0,0,0.97366,999,999,999,2.0675,1.1252,0,0,0,0,0,0,0,0,0,0,0,0,0,0,0,0,0,0,0,0,0,0,0,0,0,0,0,0,0,0,0,0,0,0,0,0,0,0,0,0.0069524,1.2982,-1,0.90353,0,0,0,0,0,0,0,0,0,0,0,0
0,0,0,0,0,0,0,0,0.83258,0.43501,-0.71636,1,-0.00046518,5.0277e-05,0,1,0,0,0.41049,999,999,999,0.35339,0.54647,0,0,0,0,0,0,0,0,0,0,0,0,0,0,0,0,0,0,0,0,0,0,0,0,0,0,0,0,0,0,0,0,0,0,0,0,0,0,0,0.0067848,0.83258,1,0.70036,0,0,0,0,0,0,0,0,0,0,0,0
0,0,0,0,0,0,0,0,0.97883,0.25425,-0.15837,1,0.99889,-0.080697,6.0246e-05,1,0,0,1.0116,0.97883,-0.77937,-0.55902,0.40826,1.7002,0.61006,0.74336,0.17978,0.99889,9999,1,1,1103.5,8.6914,0.40826,0,0,0,0,0,0,0,0,1,999,999,999,0,0,0,0,0,0,0,0,0,0,0,0,0,0,0,0,0,0.0083934,1.1597,-1,0.82905,0.4454,-1,-0.080697,-1.3669e-05,0,0,0,0,0,0,0,1
0,0,0,0,0,0,0,0,0.22197,0.33972,-0.78898,-1,-5.4406e-07,5.2801e-07,0,0,0,0,0.29004,999,999,999,0.21782,0.21195,0,0.62992,0.20728,5.2801e-07,9999,1,1,654.3,4.4922,0.21195,0,0,0,0,0,0,0,0,1,999,999,999,0,0,0,0,0,0,0,0,0,0,0,0,0,0,0,0,0,0,0,0,0,0,0,0,0,0,0,0,0,0,0,0,1
0.6119,0.50901,-0.48249,-1,0,0,0,0,0.78685,0,-0.71123,-1,-0.11517,-0.00012902,7.3337e-05,2,1,0.49783,0.98178,-0.78685,0.71587,-0.19618,0.79995,0.84411,0.64994,0,0,0,0,0,0,0,0,0,0,0,0,0,0,0,0,0,0,0,0,0,0,0,0,0,0,0,0,0,0,0,0,0,0,0,0,0,0,0.062437,0.6119,-1,0.52923,0,0,0,0,0.6119,0.50901,-0.48249,-1,1,0.062437,0.52923,1
0,0,0,0,0,0,0,0,0.40882,0.99013,-0.93943,-1,-0.99982,0.99607,-0.00024836,5,1,0.49859,0.88839,999,999,999,0.32125,0.57565,0.27427,0.93896,0.077438,1.2611e-06,9999,0,-1,0,1.3428,0.12963,0,0,0,0,0,0,0,0,1,0.79211,0.81763,-0.65068,0,0,0,0,0,10,0.077438,1.2611e-06,9999,-1,0,1.3428,0.12963,0.79211,0.81763,-0.65068,-9,0.018605,0.79211,1,0.81763,-0.65068,1,0.99607,0.8158,0,0,0,0,0,0,0,0
0,0,0,0,0,0,0,0,1.4668,0,-0.99677,1,0.067783,-7.2467e-06,0,0,0,0,1.4389,999,999,999,1.9593,0.36793,0,0,0,0,0,0,0,0,0,0,0,0,0,0,0,0,0,0,0,0,0,0,0,0,0,0,0,0,0,0,0,0,0,0,0,0,0,0,0,0.0040754,1.4668,1,0.99677,0,0,0,0,0,0,0,0,0,0,0,1
0,0,0,0,0,0,0,0,0.72114,0.86796,-0.69472,1,0.96988,-0.00014978,-4.2509e-06,4,1,0.49937,0.86649,999,999,999,0.75399,0.3615,0.32648,0.85033,0.05567,1.2506e-06,9999,1,-1,0,23.828,0.1257,0,0,0,0,0,0,0,0,1,0.72114,0.77673,-0.78882,0,0,0,0,0,10,0.05567,1.2506e-06,9999,-1,0,23.828,0.1257,0.72114,0.77673,-0.78882,-2,0.0015408,0.72114,1,0.77673,-0.78882,1,0.96988,0.76574,0,0,0,0,0,0,0,1
0,0,0,0,0,0,0,0,0.45377,1.4662,-0.4601,-1,0.00017544,-6.7099e-05,-1.7744e-05,1,0,0,0.68863,999,999,999,0.13818,0.63776,0.4474,0.95402,0.14474,3.7257e-07,9999,1,1,1074.2,8.6914,0.12715,0,0,0,0,0,0,0,0,1,999,999,999,0,0,0,0,0,0,0,0,0,0,0,0,0,0,0,0,0,0,0,0,0,0.77253,-1,-1.7744e-05,-0.79779,0,0,0,0,0,0,0,1
0,0,0,0,0,0,0,0,2.1559,0,-0.317,-1,-0.031942,-0.024554,6.53e-05,0,0,0,1.8879,999,999,999,1.8051,0.64318,0.65815,0,0,0,0,0,0,0,0,0,0,0,0,0,0,0,0,0,0,0,0,0,0,0,0,0,0,0,0,0,0,0,0,0,0,0,0,0,0,0.0012648,2.1559,-1,0.99919,0,0,0,0,0,0,0,0,0,0,0,0
0,0,0,0,0,0,0,0,1.758,0.38149,-0.79471,1,0.9277,0.00025801,0.00015361,0,0,0,2.0693,1.758,-0.99839,-0.97043,1.0922,0.74588,1.9238,0.92756,0.070614,1.2099e-06,9999,1,-1,0,17.969,0.096865,0,0,0,0,0,0,0,0,1,1.758,0.99839,-0.93907,0,0,0,0,0,10,0.070614,1.2099e-06,9999,-1,0,17.969,0.096865,1.758,0.99839,-0.93907,-2,0.0025911,1.758,1,0.99839,0.9065,1,0.9277,0.80418,0,0,0,0,0,0,0,1
0,0,0,0,1.1189,0.92103,-0.85993,1,1.1428,0.91328,-0.6282,1,0.92969,0.023885,-1.228e-06,1,0,0,1.5718,999,999,999,1.1576,1.3825,0.070649,0.60642,0.12835,1.228e-06,9999,1,-1,0,19.336,0.070649,0,0,0,0,0,0,0,0,1,999,999,999,0,0,0,0,0,0,0,0,0,0,0,0,0,0,0,0,0,0.0021979,1.1428,1,0.8286,0.72703,1,0.92969,0.34213,0,0,0,0,0,0,0,1
0,0,0,0,0,0,0,0,0.84847,0.75043,-0.42463,1,0.31766,-0.032728,0.0072267,1,0,0,0.98861,0.53488,-0.61955,-0.60096,1.3381,0.59969,0.58209,0.96213,0.22887,4.7933e-07,9999,1,1,664.06,6.25,0.19174,0,0,0,0,0,0,0,0,1,999,999,999,0,0,0,0,0,0,0,0,0,0,0,0,0,0,0,0,0,0.010469,0.84847,1,0.87906,0.70914,1,1.3564e-06,0.013894,0,0,0,0,0,0,0,1
0.5352,0.82821,0.6425,1,0,0,0,0,1.1359,0.7543,-0.40857,-1,-0.60967,0.00080424,0.00040411,3,0,0,0.91092,999,999,999,0.74325,0.46744,0.33824,0.078549,0.11758,1.6278e-06,9999,1,1,0,4.9805,0.19204,0,0,0,0,0,0,0,0,1,1.1359,0.77271,-0.69337,0,0,0,0,0,10,0.11758,1.6278e-06,9999,1,0,4.9805,0.19204,1.1359,0.77271,-0.69337,2,0.0042932,1.1359,-1,0.77271,-0.69337,-1,-0.60967,-0.24299,0.5352,0.82821,0.6425,1,1,0.01092,0.73945,0
0,0,0,0,0,0,0,0,1.2973,1.1474,-0.44796,1,0.96873,-0.00022759,0.00012406,1,0,0,1.453,999,999,999,1.9323,0.85926,0.65775,0.68614,0.076122,1.282e-06,9999,1,-1,0,8.0078,0.13631,0,0,0,0,0,0,0,0,1,999,999,999,0,0,0,0,0,0,0,0,0,0,0,0,0,0,0,0,0,0.010469,1.2973,1,0.8714,0.89168,1,0.96873,0.71883,0,0,0,0,0,0,0,1
0,0,0,0,0,0,0,0,0.73609,0.83134,-0.24205,1,0.0052005,-2.9318e-06,-1.4373e-06,1,0,0,0.70909,999,999,999,0.64461,0.2985,0.16815,0,0,0,0,0,0,0,0,0,0,0,0,0,0,0,0,0,0,0,0,0,0,0,0,0,0,0,0,0,0,0,0,0,0,0,0,0,0,0.0050971,0.73609,1,0.87319,0,0,0,0,0,0,0,0,0,0,0,0
0,0,0,0,0,0,0,0,0.67515,0.23336,0.76538,1,-0.039849,2.2193e-05,8.0239e-07,0,0,0,0.95488,999,999,999,1.5907,0.43976,0.2818,0.40211,0.18702,8.0239e-07,9999,1,1,488.28,4.1016,0.2818,0,0,0,0,0,0,0,0,1,1.085,0.96277,-0.46656,0,0,0,0,0,10,0.18702,8.0239e-07,9999,1,488.28,4.1016,0.2818,1.085,0.96277,-0.46656,5,0.0034984,1.085,-1,0.96277,-0.46656,-1,-0.039849,-0.0092788,0,0,0,0,0,0,0,1
0,0,0,0,1.673,0,-0.12033,-1,0.98261,1.3938,-0.79953,-1,-0.44981,-0.0017779,0.0001192,0,0,0,1.7836,-1.673,0.97989,-0.42026,1.1415,2.5113,0.82094,0.97077,0.081397,3.414e-07,9999,1,1,1640.6,9.8633,0.098988,0,0,0,0,0,0,0,0,1,1.673,0.97989,-0.90979,0,0,0,0,0,10,0.081397,3.414e-07,9999,1,1640.6,9.8633,0.098988,1.673,0.97989,-0.90979,9,0.010031,1.673,-1,0.97989,0.6866,-1,-0.44981,-0.85741,0,0,0,0,0,0,0,0
0,0,0,0,1.2464,0.034306,-0.69529,-1,0.59331,0.034306,0.16472,-1,-0.016908,0.00045946,-2.2259e-05,0,0,0,1.5699,-0.59331,-0.83522,-0.69373,1.3477,0.94824,0.47129,0,0,0,0,0,0,0,0,0,0,0,0,0,0,0,0,0,0,0,0,0,0,0,0,0,0,0,0,0,0,0,0,0,0,0,0,0,0,0.0099882,1.2464,-1,0.92524,0,0,0,0,0,0,0,0,0,0,0,0
0,0,0,0,0,0,0,0,0.78536,0.38093,-0.69305,1,0.067741,-0.0028854,0.0013205,1,0,0,1.1389,999,999,999,1.1782,0.89491,0.45135,0.53804,0.12743,4.4101e-07,9999,1,-1,703.12,5.4199,0.17256,0,0,0,0,0,0,0,0,1,999,999,999,0,0,0,0,0,0,0,0,0,0,0,0,0,0,0,0,0,0.0092865,0.78536,1,0.93848,0.57464,1,0.067741,0.30303,0,0,0,0,0,0,0,1
0,0,0,0,0.69012,0.90677,0.12038,-1,1.1225,0.80965,-0.71056,1,0.011133,-0.00010939,-7.4881e-05,1,1,0.49987,1.2557,999,999,999,0.8878,0.77541,0.69811,0,0,0,0,0,0,0,0,0,0,0,0,0,0,0,0,0,0,0,0,0,0,0,0,0,0,0,0,0,0,0,0,0,0,0,0,0,0,0.012297,1.1225,1,0.83892,0,0,0,0,0,0,0,0,0,0,0,1
0,0,0,0,0.64445,0.65263,-0.62946,1,0.3242,0.77959,-0.042337,-1,-0.12242,0.06317,-2.4205e-05,2,0,0,0.64638,999,999,999,1.325,0.91042,0.48116,0.76807,0.11025,3.9593e-07,9999,0,1,1064.5,6.7383,0.14471,0,0,0,0,0,0,0,0,1,999,999,999,0,0,0,0,0,0,0,0,0,0,0,0,0,0,0,0,0,0.0030721,0.64445,1,0.58803,-0.64224,-1,-0.12242,-0.61587,0,0,0,0,0,0,0,0
0,0,0,0,0,0,0,0,0.73861,0.80173,-0.88695,1,0.97858,-0.38572,-2.2617e-06,3,0,0,0.68416,999,999,999,0.67202,0.77583,0.23784,0.97535,0.12454,1.2299e-06,9999,0,-1,0,22.461,0.069553,0,0,0,0,0,0,0,0,1,999,999,999,0,0,0,0,0,10,0.14783,2.2617e-06,9999,-1,0,3.418,0.23784,0.73861,0.6921,-0.90025,-0,5.0522e-05,0.73861,1,0.6921,0.53474,1,0.97858,0.86435,0,0,0,0,0,0,0,1
1.1317,0.075954,-0.8311,1,0,0,0,0,0,0,0,0,0.025265,-0.014016,0,0,0,0,1.4611,999,999,999,1.2699,1.2843,0,0,0,0,0,0,0,0,0,0,0,0,0,0,0,0,0,0,0,0,0,0,0,0,0,0,0,0,0,0,0,0,0,0,0,0,0,0,0,0.010264,1.1317,1,0.81688,0,0,0,0,0.96086,0.075954,-0.73565,-1,2,0.01331,0.75245,0
0,0,0,0,0,0,0,0,0.92311,0.63443,-0.23544,-1,0.97992,-0.058468,-0.005153,2,0,0,1.5201,999,999,999,0.74388,1.0088,0.96782,0.95719,0.15375,5.8183e-07,9999,1,-1,561.52,4.9805,0.2304,0,0,0,0,0,0,0,0,1,999,999,999,0,0,0,0,0,0,0,0,0,0,0,0,0,0,0,0,0,0.002142,1.2367,-1,0.90873,0.93974,1,0.97992,0.78776,0,0,0,0,0,0,0,1
0,0,0,0,0,0,0,0,0.88649,0.69187,-0.27613,1,0.0094263,-0.0023796,-4.6107e-06,0,0,0,0.94508,999,999,999,1.3187,0.91593,0.45228,0,0,0,0,0,0,0,0,0,0,0,0,0,0,0,0,0,0,0,0,0,0,0,0,0,0,0,0,0,0,0,0,0,0,0,0,0,0,0.0036397,0.88649,1,0.90818,0,0,0,0,0,0,0,0,0,0,0,1
0,0,0,0,0,0,0,0,1.8316,0,-0.43992,1,0.75494,0.50962,-2.6984e-06,1,0,0,1.698,1.8316,-0.94934,-0.79202,2.0692,1.4941,0.29227,0.94046,0.12905,5.5981e-07,9999,1,-1,561.52,4.6875,0.22326,0,0,0,0,0,0,0,0,1,1.8316,0.94934,-0.97868,0,0,0,0,0,10,0.080383,1.2292e-06,9999,-1,0,3.6621,0.11571,1.8316,0.94934,-0.73259,-0,0.0048817,1.8316,1,0.94934,-0.97868,1,0.50962,0.79027,0,0,0,0,0,0,0,1
0,0,0,0,1.8256,0,-0.53268,1,1.754,0,-0.47336,-1,-0.3176,0.00023421,0,0,0,0,2.1779,999,999,999,2.6406,2.4206,0,0,0,0,0,0,0,0,0,0,0,0,0,0,0,0,0,0,0,0,0,0,0,0,0,0,0,0,0,0,0,0,0,0,0,0,0,0,0,0.0045766,1.8256,1,0.86991,0,0,0,0,0,0,0,0,0,0,0,0
0,0,0,0,0,0,0,0,0.89449,0.41011,-0.64412,-1,-0.91846,0.00014432,1.2303e-06,0,0,0,1.1202,999,999,999,1.0163,0.66296,0.1163,0.13056,0.055338,1.2303e-06,9999,1,1,0,9.8633,0.1163,0,0,0,0,0,0,0,0,1,999,999,999,0,0,0,0,0,0,0,0,0,0,0,0,0,0,0,0,0,0.0050259,0.89449,-1,0.76048,0.74286,-1,-0.91846,-0.64846,0,0,0,0,0,0,0,1
0,0,0,0,0.75569,1.1485,-0.75394,-1,0.83801,0.29898,0.83581,1,-0.014101,0.0017171,0,0,0,0,1.023,999,999,999,1.1374,1.0227,0,0,0,0,0,0,0,0,0,0,0,0,0,0,0,0,0,0,0,0,0,0,0,0,0,0,0,0,0,0,0,0,0,0,0,0,0,0,0,0.019741,0.83801,1,0.97249,0,0,0,0,0,0,0,0,0,0,0,1
0,0,0,0,0,0,0,0,0.37844,1.7167,-0.821,-1,-5.6306e-05,-8.3621e-06,-1.2906e-06,2,0,0,0.49628,999,999,999,0.37431,0.37956,0.13878,0.077949,0.073963,1.2906e-06,9999,0,-1,0,5.4688,0.13878,0,0,0,0,0,0,0,0,1,999,999,999,0,0,0,0,0,0,0,0,0,0,0,0,0,0,0,0,0,0,0,0,0,0.94054,-1,-8.3621e-06,-0.1372,0,0,0,0,0,0,0,0
0,0,0,0,0,0,0,0,0.72969,0.41276,-0.83529,-1,0.99999,-0.9545,0.0012852,1,0,0,0.97636,0.5418,0.61574,-0.23498,0.23998,0.71297,0.44892,0,0,0,0,0,0,0,0,0,0,0,0,0,0,0,0,0,0,0,0,0,0,0,0,0,0,0,0,0,0,0,0,0,0,0,0,0,0,0.00172,0.72969,-1,0.93333,0,0,0,0,0,0,0,0,0,0,0,0
0,0,0,0,0,0,0,0,0.29258,0.56317,-0.73517,1,-0.93094,-4.1667e-05,3.1294e-05,2,0,0,0.71158,999,999,999,0.33911,0.55703,0.51349,0.937,0.11123,4.7007e-07,9999,0,1,1054.7,4.7852,0.18741,0,0,0,0,0,0,0,0,1,999,999,999,0,0,0,0,0,0,0,0,0,0,0,0,0,0,0,0,0,0,0,0,0,0.3794,-1,-0.93094,-0.80147,0,0,0,0,0,0,0,1
0,0,0,0,0.99212,0.33811,-0.22208,-1,1.225,0.48979,-0.81112,1,0.94496,-0.10962,-0.0016009,0,0,0,1.8804,999,999,999,1.6602,1.151,0.99797,0,0,0,0,0,0,0,0,0,0,0,0,0,0,0,0,0,0,0,0,0,0,0,0,0,0,0,0,0,0,0,0,0,0,0,0,0,0,0.005363,1.225,1,0.6689,0,0,0,0,0,0,0,0,0,0,0,0
0,0,0,0,0,0,0,0,1.1008,0.68588,-0.94379,1,-0.99972,-0.96384,0.95897,1,0,0,1.2733,999,999,999,0.39424,0.76398,0.87586,0,0,0,0,0,0,0,0,0,0,0,0,0,0,0,0,0,0,0,0,0,0,0,0,0,0,0,0,0,0,0,0,0,0,0,0,0,0,0.026545,1.1008,1,0.86169,0,0,0,0,0,0,0,0,0,0,0,0
0,0,0,0,0,0,0,0,0.64525,0.79615,0.93643,-1,-0.00027712,5.277e-06,1.8382e-06,0,0,0,0.71813,999,999,999,0.90982,0.34301,0.26322,0.23432,0.24088,1.8382e-06,9999,1,1,537.11,5.3223,0.26322,0,0,0,0,0,0,0,0,1,0.64525,0.52957,-0.94691,0,0,0,0,0,10,0.24088,1.8382e-06,9999,1,537.11,5.3223,0.26322,0.64525,0.52957,-0.94691,5,0.0025721,0.64525,-1,0.52957,-0.94691,-1,-0.00027712,-0.00011908,0,0,0,0,0,0,0,1
0,0,0,0,0,0,0,0,0.87684,0.50962,-0.97127,1,0.010113,-3.6139e-07,0,0,0,0,0.68566,999,999,999,1.3323,0.11776,0,0.75942,0.12324,3.6139e-07,9999,1,-1,1015.6,10.547,0.11776,0,0,0,0,0,0,0,0,1,0.87684,0.94326,-0.50341,0,0,0,0,0,10,0.12324,3.6139e-07,9999,-1,1015.6,10.547,0.11776,0.87684,0.94326,-0.50341,-6,0.00019168,0.87684,1,0.94326,-0.50341,1,0.010113,0.53801,0,0,0,0,0,0,0,0
0,0,0,0,0,0,0,0,0.79962,0.091951,-0.75012,-1,-0.0020055,-3.6985e-05,4.2582e-06,0,0,0,0.94309,-0.79962,-0.86486,-0.37572,0.78338,0.53695,0.32661,0,0,0,0,0,0,0,0,0,0,0,0,0,0,0,0,0,0,0,0,0,0,0,0,0,0,0,0,0,0,0,0,0,0,0,0,0,0,0.013649,0.79962,-1,0.86486,0,0,0,0,0,0,0,0,0,0,0,1
0,0,0,0,0,0,0,0,0.29452,0.48454,0.38,-1,-3.0947e-05,9.2606e-06,-3.571e-06,0,0,0,0.58966,999,999,999,0.49385,0.35693,0.31332,0.62051,0.073297,1.3198e-06,9999,1,-1,0,5.7617,0.14618,0,0,0,0,0,0,0,0,1,999,999,999,0,0,0,0,0,0,0,0,0,0,0,0,0,0,0,0,0,0,0,0,0,-0.74987,1,9.2606e-06,0.71874,0,0,0,0,0,0,0,1
1.2882,0.62642,-0.77087,-1,0,0,0,0,1.0538,0.34996,-0.27869,-1,-0.94414,-0.11891,2.0411e-06,0,1,0.49353,1.2129,-1.2882,-0.84166,-0.39579,1.6136,0.92859,0.3859,0.49486,0.086559,1.4135e-06,9999,1,1,0,6.8359,0.16436,0,1,0,0,0,0,0,0,1,1.2882,0.84166,-0.019989,0,0,0,0,0,10,0.086559,1.4135e-06,9999,1,0,6.8359,0.16436,1.2882,0.84166,-0.019989,2,0.0064163,1.2882,-1,0.84166,0.81066,-1,-0.94414,-0.5885,0,0,0,0,0,0,0,0
0,0,0,0,0,0,0,0,1.4414,0.5099,-0.86605,1,0.073239,0.048806,-4.3385e-06,1,1,0.49902,1.2193,999,999,999,1.1932,1.4375,0.32803,0,0,0,0,0,0,0,0,0,0,0,0,0,0,0,0,0,0,0,0,0,0,0,0,0,0,0,0,0,0,0,0,0,0,0,0,0,0,0.0096816,1.4414,1,0.86335,0,0,0,0,0,0,0,0,0,0,0,1
0,0,0,0,0,0,0,0,0.71539,0,-0.83983,-1,-0.0020142,-4.2175e-05,4.7715e-07,2,0,0,0.63723,999,999,999,1.022,0.55306,0.19074,0,0,0,0,0,0,0,0,0,0,0,0,0,0,0,0,0,0,0,0,0,0,0,0,0,0,0,0,0,0,0,0,0,0,0,0,0,0,0.011893,0.71539,-1,0.95491,0,0,0,0,0,0,0,0,0,0,0,1
0.29467,0.072713,-0.38156,1,0,0,0,0,0.93479,0.16358,-0.86857,1,0.96145,0.022697,-0.00011744,1,1,0.49883,1.0332,999,999,999,0.76983,1.7615,0.8583,0.8877,0.1422,4.1358e-07,9999,1,-1,751.95,9.082,0.15644,0,0,0,0,0,0,0,0,1,999,999,999,0,0,0,0,0,0,0,0,0,0,0,0,0,0,0,0,0,0.017944,0.93479,1,0.87386,0.71023,1,0.96145,0.63807,0.29467,0.072713,-0.38156,1,1,0.014244,0.37366,0
0,0,0,0,0,0,0,0,0.7793,0.92269,0.8596,-1,-0.17938,-0.1033,0.0040598,2,1,0.49581,1.1535,-0.7793,-0.92171,-0.35901,0.67897,0.87232,0.67424,0,0,0,0,0,0,0,0,0,0,0,0,0,0,0,0,0,0,0,0,0,0,0,0,0,0,0,0,0,0,0,0,0,0,0,0,0,0,0.0056298,0.7793,-1,0.92171,0,0,0,0,0,0,0,0,0,0,0,1
0.39192,0.51759,-0.40445,-1,0,0,0,0,0.3839,0.34607,0.19783,-1,-2.2633e-05,1.9499e-05,-3.7257e-06,0,0,0,0.70925,999,999,999,0.47348,0.44927,0.31651,0.80483,0.1915,5.8799e-07,9999,1,1,625,4.5898,0.2323,0,0,0,0,0,0,0,0,1,999,999,999,0,0,0,0,0,0,0,0,0,0,0,0,0,0,0,0,0,0.01873,0.52541,1,0.47778,0.77291,-1,-2.2633e-05,-0.088008,0.39192,0.51759,-0.40445,-1,1,0.020846,0.58234,0
0,0,0,0,0,0,0,0,0.53635,0.88498,-0.79164,-1,0.9975,-1.1519e-06,0,0,0,0,0.41858,999,999,999,0.53554,0.32779,0,0,0,0,0,0,0,0,0,0,0,0,0,0,0,0,0,0,0,0,0,0,0,0,0,0,0,0,0,0,0,0,0,0,0,0,0,0,0,0.038545,0.53635,-1,0.52762,0,0,0,0,0,0,0,0,0,0,0,1
0,0,0,0,0,0,0,0,0.209,0.055408,0.96356,-1,-0.99863,0.0018013,-1.2007e-05,0,0,0,0.71295,-0.50969,-0.95069,-0.78305,0.49025,0.83486,0.41048,0.37616,0.209,8.9984e-07,9999,1,-1,478.52,3.4668,0.29746,0,0,0,0,0,0,0,0,1,0.54657,0.57778,-0.24746,0,0,0,0,0,10,0.209,8.9984e-07,9999,-1,478.52,3.4668,0.29746,0.54657,0.57778,-0.24746,-4,0.025354,0.54657,1,0.57778,-0.24746,1,0.0018013,0.0013953,0,0,0,0,0,0,0,0
0,0,0,0,0,0,0,0,0.49964,0.56875,0.66689,-1,-0.9829,-0.90879,1.2508e-05,0,0,0,0.80187,999,999,999,0.47985,0.79046,0.52178,0,0,0,0,0,0,0,0,0,0,0,0,0,0,0,0,0,0,0,0,0,0,0,0,0,0,0,0,0,0,0,0,0,0,0,0,0,0,0.0034086,0.50075,-1,0.59939,0,0,0,0,0,0,0,0,0,0,0,0
0,0,0,0,0,0,0,0,0.81936,0.20214,0.56343,1,-0.98746,0.1814,1.3585e-05,0,0,0,1.0259,999,999,999,0.7242,1.0415,0.42169,0,0,0,0,0,0,0,0,0,0,0,0,0,0,0,0,0,0,0,0,0,0,0,0,0,0,0,0,0,0,0,0,0,0,0,0,0,0,0.0096866,0.81936,1,0.9166,0,0,0,0,0,0,0,0,0,0,0,0
0,0,0,0,0,0,0,0,0.37957,1.3995,-0.82803,-1,0.24581,-0.096912,1.299e-05,5,1,0.50199,0.64896,999,999,999,0.9041,0.57853,0.41758,0.69525,0.095624,1.5508e-06,9999,0,1,0,8.3984,0.18346,0,0,0,0,0,0,0,0,1,999,999,999,0,0,0,0,0,0,0,0,0,0,0,0,0,0,0,0,0,0,0,0,0,0.072711,-1,-0.096912,-0.64187,0,0,0,0,0,0,0,1
0,0,0,0,0.97002,0.049464,0.72552,-1,0.96801,1.0252,-0.22665,1,0.05631,-0.05178,0,0,1,0.49959,1.2413,999,999,999,1.042,1.4359,0,0,0,0,0,0,0,0,0,0,0,0,0,0,0,0,0,0,0,0,0,0,0,0,0,0,0,0,0,0,0,0,0,0,0,0,0,0,0,0.0031343,0.97002,-1,0.96666,0,0,0,0,0,0,0,0,0,0,0,1
0,0,0,0,0,0,0,0,1.3883,0.81054,-0.81503,-1,-0.46371,-0.00013102,-5.1689e-07,0,1,0.49698,0.65707,999,999,999,0.84284,0.6639,0.20768,0.18366,0.13817,5.1689e-07,9999,1,-1,634.77,3.6621,0.20768,0,0,0,0,0,0,0,0,1,999,999,999,0,0,0,0,0,0,0,0,0,0,0,0,0,0,0,0,0,0.025481,1.3883,-1,0.98708,0,0,0,0,0,0,0,0,0,0,0,0
0,0,0,0,0,0,0,0,1.1943,0,-0.11653,1,0.038872,0.00028244,-0.00017412,1,0,0,1.1233,999,999,999,1.6998,0.29384,0.1564,0,0,0,0,0,0,0,0,0,0,0,0,0,0,0,0,0,0,0,0,0,0,0,0,0,0,0,0,0,0,0,0,0,0,0,0,0,0,0.0024354,1.1943,1,0.64841,0,0,0,0,0,0,0,0,0,0,0,0
0,0,0,0,0,0,0,0,0.93069,0.10506,-0.53745,1,-0.12155,0.00076862,5.8279e-05,0,0,0,0.96367,999,999,999,1.1449,0.74579,0.62372,0,0,0,0,0,0,0,0,0,0,0,0,0,0,0,0,0,0,0,0,0,0,0,0,0,0,0,0,0,0,0,0,0,0,0,0,0,0,0.012596,0.9971,1,0.68492,0,0,0,0,0,0,0,0,0,0,0,0
0.58458,2.1137,-0.98749,-1,0,0,0,0,0.54015,1.1638,-0.59335,-1,0.99997,-0.96122,-0.00086091,3,1,0.49856,0.94494,999,999,999,0.26306,0.83825,0.67082,0.20405,0.13359,4.4701e-07,9999,1,1,751.95,5.6152,0.1758,0,0,0,0,0,0,0,0,1,0.54015,0.91616,-0.11906,0,0,0,0,0,10,0.13359,4.4701e-07,9999,1,751.95,5.6152,0.1758,0.54015,0.91616,-0.11906,0,0.004268,0.58458,-1,0.90209,0.43713,-1,-0.96122,-0.15542,0.58458,2.1137,-0.98749,-1,1,0.004268,0.90209,0
0,0,0,0,0,0,0,0,1.3234,0.55677,-0.34551,1,0.21902,0.015287,-0.010153,2,1,0.49806,1.5351,0.79818,0.81003,-0.85591,1.3355,1.1922,0.8909,0.87155,0.11924,4.1831e-07,9999,0,1,683.59,6.7383,0.15938,0,0,0,0,0,0,0,0,1,0.57078,0.71478,-0.39203,0,0,0,0,0,10,0.11924,4.1831e-07,9999,1,683.59,6.7383,0.15938,0.57078,0.71478,-0.39203,0,0.0023941,1.3234,1,0.99343,-0.85052,1,0.21902,0.68244,0,0,0,0,0,0,0,1
0.48914,0,-0.32312,1,0,0,0,0,1.3693,0.20164,-0.70145,-1,-0.61881,-2.1174e-05,9.6815e-06,1,0,0,0.96332,-0.66692,-0.71824,-0.31509,2.2425,0.46607,0.39178,0.76863,0.14552,2.7151e-06,9999,0,1,0,4.1504,0.25816,0,0,0,0,0,0,0,0,1,0.66692,0.71824,-0.24723,0,0,0,0,0,10,0.14552,2.7151e-06,9999,1,0,4.1504,0.25816,0.66692,0.71824,-0.24723,2,0.022274,1.3693,-1,0.86761,0.96635,-1,-0.61881,-0.38797,0.48914,0,-0.32312,1,1,0.0075742,0.72201,0
0,0,0,0,0,0,0,0,0.6394,0.39109,-0.26466,1,-0.052968,0.00015184,5.7768e-05,1,0,0,0.76135,999,999,999,1.4147,0.36307,0.62445,0.95496,0.1641,4.1367e-07,9999,1,-1,625,4.1504,0.15649,0,0,0,0,0,0,0,0,1,0.6394,0.64804,-0.73857,0,0,0,0,0,10,0.1641,4.1367e-07,9999,-1,625,4.1504,0.15649,0.6394,0.64804,-0.73857,-0,0.0016986,0.6394,1,0.64804,-0.40638,1,0.00015184,0.74916,0,0,0,0,0,0,0,1
0,0,0,0,0,0,0,0,0.30314,0,0.85367,-1,0.00050969,0.00019877,-1.9304e-05,1,1,0.49985,0.47794,999,999,999,0.58919,0.41275,0.456,0,0,0,0,0,0,0,0,0,0,0,0,0,0,0,0,0,0,0,0,0,0,0,0,0,0,0,0,0,0,0,0,0,0,0,0,0,0,0,0,0,0,0,0,0,0,0,0,0,0,0,0,0,0
0,0,0,0,0,0,0,0,0.56424,0.14941,0.57416,1,-0.076331,0.040725,6.9406e-05,0,0,0,1.5754,999,999,999,1.5078,1.4113,0.68016,0,0,0,0,0,0,0,0,0,0,0,0,0,0,0,0,0,0,0,0,0,0,0,0,0,0,0,0,0,0,0,0,0,0,0,0,0,0,0.0053881,1.1673,-1,0.97064,0,0,0,0,0,0,0,0,0,0,0,1
0,0,0,0,0,0,0,0,1.4313,0.88462,-0.9943,1,0.94278,0.93694,0.00049043,1,0,0,1.4001,1.4313,-0.91997,-0.45822,0.68369,1.1097,0.27725,0.57531,0.10772,0.00018169,9999,0,1,654.3,0,0.11316,0,0,0,0,0,0,0,0,1,0.76703,0.87905,-0.51866,0,0,0,0,0,10,0.10772,0.00018169,9999,1,654.3,0,0.11316,0.76703,0.87905,-0.51866,0,0.0010638,1.4313,1,0.91997,-0.51866,-1,-0.00012413,-0.48775,0,0,0,0,0,0,0,1
0,0,0,0,0,0,0,0,0.62411,0.682,0.13899,1,0.99981,0.00089253,-1.4813e-06,2,0,0,0.68329,0.62411,0.96293,-0.79011,0.32317,0.94919,0.17456,0.39487,0.093666,1.4813e-06,9999,0,-1,0,3.3203,0.17456,0,0,0,0,0,0,0,0,1,0.57612,0.91649,-0.72932,0,0,0,0,0,10,0.093666,1.4813e-06,9999,-1,0,3.3203,0.17456,0.57612,0.91649,-0.72932,-4,0.027965,0.62411,1,0.96293,-0.72932,1,0.99981,0.49365,0,0,0,0,0,0,0,0
0,0,0,0,0,0,0,0,1.8541,1.1401,-0.9388,-1,-0.95722,-0.00019503,2.8421e-06,1,0,0,1.9143,-1.0295,-0.81968,-0.77042,2.675,1.0069,0.2629,0.98133,0.17358,7.7951e-07,9999,1,1,532.23,4.3457,0.27766,0,0,0,0,0,0,0,0,1,1.0295,0.81968,-0.75204,0,0,0,0,0,10,0.19968,2.8421e-06,9999,1,0,1.5381,0.2629,1.8541,0.9933,-0.56705,0,0.013133,1.8541,-1,0.9933,0.99641,-1,-0.95722,-0.81267,0,0,0,0,0,0,0,0
0,0,0,0,0,0,0,0,1.0604,0.74618,0.086755,-1,0.99443,-0.05514,5.146e-07,1,0,0,1.1332,999,999,999,0.58007,1.3079,0.20677,0.95852,0.099793,3.7086e-07,9999,0,1,1084,9.7656,0.12576,1,0,2.2808,-1.973,-1.8339,0.1102,0.16773,0.15488,1,999,999,999,0,0,0,0,0,10,0.16517,5.146e-07,9999,1,722.66,4.1992,0.20677,1.0604,0.97728,-0.97713,8,0.010143,1.0604,-1,0.97728,0.94305,-1,-0.05514,-0.8405,0,0,0,0,0,0,0,0
0,0,0,0,0,0,0,0,0.14239,0,-0.0023948,1,-5.8975e-07,3.9015e-07,0,0,0,0,0.22253,999,999,999,0.23284,0.1406,0,0.41732,0.14239,3.9015e-07,9999,1,1,722.66,3.6133,0.1406,0,0,0,0,0,0,0,0,1,999,999,999,0,0,0,0,0,0,0,0,0,0,0,0,0,0,0,0,0,0,0,0,0,0,0,0,0,0,0,0,0,0,0,0,0
0,0,0,0,0,0,0,0,1.2793,0.08621,-0.99742,1,0.0078615,-0.00044964,0,1,1,0.49702,1.0352,999,999,999,1.0474,0.64404,0,0,0,0,0,0,0,0,0,0,0,0,0,0,0,0,0,0,0,0,0,0,0,0,0,0,0,0,0,0,0,0,0,0,0,0,0,0,0,0.02026,1.2793,1,0.99815,0,0,0,0,0,0,0,0,0,0,0,0
0,0,0,0,0,0,0,0,0.73279,0.045663,0.74884,1,0.99633,0.25341,-7.2249e-05,2,2,0.5002,0.89419,0.73279,0.97266,-0.87482,0.57207,1.2013,0.69153,0.98044,0.14282,3.5081e-07,9999,1,-1,1386.7,10.059,0.10818,0,1,0,0,0,0,0,0,1,0.73279,0.97266,-0.91631,0,0,0,0,0,10,0.14282,3.5081e-07,9999,-1,1386.7,10.059,0.10818,0.73279,0.97266,-0.91631,-2,0.0066085,0.507,1,0.26729,-0.91631,1,0.25341,0.86462,0,0,0,0,0,0,0,1
0,0,0,0,0,0,0,0,0.49829,0.21811,0.66682,1,0.00060382,-2.997e-05,0,0,0,0,0.51988,999,999,999,0.80402,0.50769,0,0,0,0,0,0,0,0,0,0,0,0,0,0,0,0,0,0,0,0,0,0,0,0,0,0,0,0,0,0,0,0,0,0,0,0,0,0,0,0.035363,0.7474,-1,0.90605,0,0,0,0,0,0,0,0,0,0,0,0
0,0,0,0,1.178,0.19146,-0.75051,-1,0.7453,0.19146,-0.92042,1,-0.0071863,3.3074e-05,0,0,0,0,1.1635,999,999,999,1.0731,0.52116,0,0,0,0,0,0,0,0,0,0,0,0,0,0,0,0,0,0,0,0,0,0,0,0,0,0,0,0,0,0,0,0,0,0,0,0,0,0,0,0.0044767,1.178,-1,0.75431,0,0,0,0,0,0,0,0,0,0,0,0
0,0,0,0,0,0,0,0,0.69901,0.73124,-0.17202,1,-5.9405e-05,2.8817e-05,0,0,0,0,0.62051,999,999,999,0.63089,0.50248,0,0,0,0,0,0,0,0,0,0,0,0,0,0,0,0,0,0,0,0,0,0,0,0,0,0,0,0,0,0,0,0,0,0,0,0,0,0,0,0.012409,0.69901,1,0.38734,0,0,0,0,0,0,0,0,0,0,0,0
0,0,0,0,0,0,0,0,1.3535,1.4171,0.52819,1,0.9965,0.069168,-0.027438,0,0,0,1.5721,1.3535,0.77177,-0.76677,0.56695,1.9833,1.5163,0.37387,0.19646,1.1428e-06,9999,1,1,493.16,3.2715,0.32688,0,0,0,0,0,0,0,0,1,0.77682,0.82281,-0.21542,0,0,0,0,0,10,0.19646,1.1428e-06,9999,1,493.16,3.2715,0.32688,0.77682,0.82281,-0.21542,0,0.0062186,1.3535,1,0.77177,0.50888,-1,-0.027438,-0.0038757,0,0,0,0,0,0,0,1
0,0,0,0,0,0,0,0,1.279,1.6204,-0.97789,1,0.99988,-0.98502,0.07339,4,2,0.49933,1.3863,999,999,999,0.30613,0.78064,1.7601,0.64482,0.10861,3.3257e-07,9999,0,1,1621.1,12.5,0.089729,0,1,0,0,0,0,0,0,1,999,999,999,0,0,0,0,0,0,0,0,0,0,0,0,0,0,0,0,0,0.0027915,1.279,1,0.97698,0.34586,-1,-0.98502,-0.53282,0,0,0,0,0,0,0,0
1.0667,0,-0.63571,1,0,0,0,0,0.49389,0,-0.20503,1,0.99169,0.00058874,-0.00027168,0,0,0,1.0729,1.0667,-0.76762,-0.47477,0.66903,0.84208,0.54568,0,0,0,0,0,0,0,0,0,0,0,0,0,0,0,0,0,0,0,0,0,0,0,0,0,0,0,0,0,0,0,0,0,0,0,0,0,0,0.015229,1.0667,1,0.76762,0,0,0,0,0.39183,0,-0.72226,-1,2,0.025063,0.68937,1
0,0,0,0,0,0,0,0,0.50002,0.33858,-0.80392,-1,-0.99998,0.99996,-0.99987,0,0,0,0.5651,999,999,999,0.2618,0.31636,0.35442,0.19647,0.24027,4.3278e-07,9999,1,1,693.36,5.5664,0.16796,0,0,0,0,0,0,0,0,1,999,999,999,0,0,0,0,0,0,0,0,0,0,0,0,0,0,0,0,0,0.048204,0.50002,-1,0.68236,0.15674,-1,-0.99998,-0.00011791,0,0,0,0,0,0,0,0
0,0,0,0,0,0,0,0,0.4389,0,0.65424,1,0.99988,-0.99427,0.0021536,0,0,0,1.0885,999,999,999,0.30757,0.62211,0.60538,0,0,0,0,0,0,0,0,0,0,0,0,0,0,0,0,0,0,0,0,0,0,0,0,0,0,0,0,0,0,0,0,0,0,0,0,0,0,0.0048637,0.81104,-1,0.78045,0,0,0,0,0,0,0,0,0,0,0,1
0,0,0,0,1.2654,0,0.61999,1,0.7984,1.0149,-0.84543,-1,0.075617,0.0018693,-6.5592e-05,0,0,0,1.3604,0.54108,-0.24202,-0.42806,1.8105,0.73424,0.65141,0,0,0,0,0,0,0,0,0,0,0,0,0,0,0,0,0,0,0,0,0,0,0,0,0,0,0,0,0,0,0,0,0,0,0,0,0,0,0.010317,1.2654,1,0.97698,0,0,0,0,0,0,0,0,0,0,0,1
0,0,0,0,0,0,0,0,0.90914,1.0669,-0.68137,-1,-0.026253,3.926e-05,2.1181e-06,0,0,0,1.0232,999,999,999,1.2362,0.54485,0.38925,0.55046,0.23992,2.1181e-06,9999,1,1,410.16,4.0527,0.38925,0,0,0,0,0,0,0,0,1,999,999,999,0,0,0,0,0,0,0,0,0,0,0,0,0,0,0,0,0,0.0045651,0.90914,-1,0.81132,0.8999,-1,-0.026253,-0.00020276,0,0,0,0,0,0,0,0
0,0,0,0,0,0,0,0,1.1525,1.0219,0.017695,1,0.032737,0.00016812,-1.4864e-05,1,1,0.49579,1.4274,1.0196,-0.9683,-0.93403,1.5149,0.81934,0.43009,0.97695,0.16409,4.4853e-07,9999,1,-1,644.53,2.7832,0.1766,1,0,-1.4632,-0.18125,2.0814,0.084937,0.016021,0.020219,1,1.1525,0.99156,-0.97328,0,0,0,0,0,10,0.22167,3.8579e-07,9999,-1,927.73,6.8359,0.1374,1.1525,0.99156,-0.57369,-9,0.0031188,1.1525,1,0.99156,0.9936,1,1.4031e-06,0.82398,0,0,0,0,0,0,0,1
0,0,0,0,0,0,0,0,1.095,1.2566,-0.74235,-1,-0.96373,-0.039961,0.023635,0,0,0,1.8706,999,999,999,1.1683,1.3488,1.2026,0.43308,0.1548,4.6455e-07,9999,1,1,644.53,5.0781,0.18474,0,0,0,0,0,0,0,0,1,999,999,999,0,0,0,0,0,0,0,0,0,0,0,0,0,0,0,0,0,0.0083239,1.1757,1,0.4922,0.69869,-1,-0.96373,-0.088317,0,0,0,0,0,0,0,0
0.98791,0.40263,-0.42297,-1,0,0,0,0,0.8314,0.74502,-0.62116,-1,-0.030957,-0.030349,0.0029935,0,0,0,1.3127,-0.98791,0.86464,-0.41186,1.1467,1.1619,0.57069,0.94863,0.169,4.2733e-07,9999,1,1,810.55,6.0059,0.16481,0,0,0,0,0,0,0,0,1,0.98791,0.86464,-0.7376,0,0,0,0,0,10,0.169,4.2733e-07,9999,1,810.55,6.0059,0.16481,0.98791,0.86464,-0.7376,5,0.014044,0.98791,-1,0.86464,0.63199,-1,-0.030957,-0.70391,0.98791,0.40263,-0.42297,-1,1,0.014044,0.86464,0
1.2698,0.070458,-0.58722,-1,0,0,0,0,0.97968,0.29552,-0.4343,1,-0.057328,0.046237,7.8035e-06,1,0,0,1.3489,999,999,999,0.94019,1.0579,0.37391,0,0,0,0,0,0,0,0,0,0,0,0,0,0,0,0,0,0,0,0,0,0,0,0,0,0,0,0,0,0,0,0,0,0,0,0,0,0,0.0091198,1.2698,-1,0.8812,0,0,0,0,0,0,0,0,0,0,0,0
0,0,0,0,0,0,0,0,0.44951,1.8897,-0.89827,-1,-0.95613,0.0083737,-4.2394e-05,0,0,0,1.0085,-0.57912,0.92465,-0.89583,0.77357,0.66209,0.56003,0.79641,0.098649,1.2147e-06,9999,1,-1,0,22.461,0.080768,0,0,0,0,0,0,0,0,1,999,999,999,0,0,0,0,0,0,0,0,0,0,0,0,0,0,0,0,0,0.011692,0.63974,1,0.91174,0.76686,1,0.0083737,0.67782,0,0,0,0,0,0,0,0
0.61075,0.13687,0.48419,1,1.1675,0.61075,0.052061,-1,0.91607,1.5484,-0.80404,-1,-0.93889,-0.0037289,0.00062158,0,0,0,1.516,-1.1675,-0.64762,-0.49016,1.2539,1.1417,0.83539,0,0,0,0,0,0,0,0,0,0,0,0,0,0,0,0,0,0,0,0,0,0,0,0,0,0,0,0,0,0,0,0,0,0,0,0,0,0,0.014862,1.1675,-1,0.64762,0,0,0,0,0.61075,0.13687,0.48419,1,1,0.053078,0.39263,0
0.61029,0.31375,0.74407,1,0.46395,0.61029,0.0072186,-1,0.28099,0.61029,0.3047,1,-0.00023468,-7.5962e-05,2.7089e-06,0,0,0,0.71264,999,999,999,0.6531,0.71355,0.41053,0,0,0,0,0,0,0,0,0,0,0,0,0,0,0,0,0,0,0,0,0,0,0,0,0,0,0,0,0,0,0,0,0,0,0,0,0,0,0.028067,0.61029,1,0.96125,0,0,0,0,0.61029,0.31375,0.74407,1,1,0.028067,0.96125,0
0,0,0,0,0,0,0,0,0.62078,0.95128,-0.98519,1,-0.0053612,-8.5246e-05,7.1464e-05,0,0,0,1.0048,-0.57067,0.9529,-0.17529,0.67622,0.75361,0.67794,0.45527,0.083081,1.3957e-06,9999,1,1,0,5.6152,0.16136,1,0,1.2526,-0.61843,-2.2022,0.19727,0.20183,1.451,1,0.57067,0.9529,-0.16471,0,0,0,0,0,10,0.083081,1.3957e-06,9999,1,0,5.6152,0.16136,0.57067,0.9529,-0.16471,5,0.0026103,0.62078,1,0.97627,0.99226,-1,-0.0053612,-0.58807,0,0,0,0,0,0,0,1
0,0,0,0,0,0,0,0,1.5707,0.27418,0.36438,1,0.99558,0.061795,-5.5667e-05,0,0,0,1.7733,1.5707,0.98327,-0.89796,0.58924,1.7697,0.5676,0,0,0,0,0,0,0,0,0,0,0,0,0,0,0,0,0,0,0,0,0,0,0,0,0,0,0,0,0,0,0,0,0,0,0,0,0,0,0.0094978,1.5707,1,0.98327,0,0,0,0,0,0,0,0,0,0,0,1
0,0,0,0,0,0,0,0,0.94603,0.93514,-0.22055,-1,0.98576,-0.012748,7.2402e-05,1,0,0,1.1459,999,999,999,0.47217,1.3315,0.64052,0.76433,0.156,7.1371e-07,9999,1,1,512.7,3.2227,0.26451,0,0,0,0,0,0,0,0,1,999,999,999,0,0,0,0,0,10,0.22923,1.3418e-06,9999,-1,439.45,4.1992,0.34469,0.58215,0.76471,-0.93977,-0,0.0083981,0.94603,-1,0.77724,-0.93977,1,0.98576,0.00053407,0,0,0,0,0,0,0,1
0,0,0,0,0,0,0,0,0.98877,0.65318,-0.72591,-1,-0.031611,-6.5187e-05,-7.415e-06,0,0,0,1.2031,-0.54316,0.95837,-0.98572,1.0704,0.70647,0.4863,0.82261,0.21613,1.6273e-06,9999,1,1,556.64,3.8086,0.25384,0,0,0,0,0,0,0,0,1,0.98877,0.96678,-0.9242,0,0,0,0,0,10,0.21613,1.6273e-06,9999,1,556.64,3.8086,0.25384,0.98877,0.96678,-0.9242,6,0.00027092,0.98877,-1,0.96678,0.86131,-1,-6.5187e-05,-0.019987,0,0,0,0,0,0,0,1
0,0,0,0,0,0,0,0,0.28969,1.1037,-0.53703,1,-0.99517,3.0226e-05,7.639e-06,0,0,0,0.84803,999,999,999,0.58954,0.50881,0.37213,0.42226,0.11946,1.2746e-06,9999,1,1,0,6.9336,0.13408,0,0,0,0,0,0,0,0,1,0.52073,0.51293,-0.53473,0,0,0,0,0,10,0.11946,1.2746e-06,9999,1,0,6.9336,0.13408,0.52073,0.51293,-0.53473,5,0.01584,0.52073,-1,0.51293,-0.53473,-1,-0.99517,-0.31896,0,0,0,0,0,0,0,0
1.9583,0.46473,-0.96299,-1,0,0,0,0,1.1333,0.36274,0.58487,-1,-0.89964,-0.00016976,1.3194e-06,3,0,0,2.1214,-1.9583,-0.89831,-0.72031,1.4651,1.8359,0.14609,0,0,0,0,0,0,0,0,0,0,0,0,0,0,0,0,0,0,0,0,0,0,0,0,0,0,0,0,0,0,0,0,0,0,0,0,0,0,0.0080798,1.9583,-1,0.89831,0,0,0,0,0,0,0,0,0,0,0,0
0,0,0,0,1.3572,0.11273,-0.56768,-1,1.2298,0,-0.56345,1,0.74928,0.14517,-0.027826,0,0,0,1.4421,999,999,999,0.55644,0.92328,1.9741,0,0,0,0,0,0,0,0,0,0,0,0,0,0,0,0,0,0,0,0,0,0,0,0,0,0,0,0,0,0,0,0,0,0,0,0,0,0,0.0059764,1.3572,-1,0.82729,0,0,0,0,0,0,0,0,0,0,0,0
0,0,0,0,0,0,0,0,1.4978,0.44902,-0.88815,-1,0.38514,-0.084454,0,0,0,0,0.89179,999,999,999,1.5228,0.94231,0,0,0,0,0,0,0,0,0,0,0,0,0,0,0,0,0,0,0,0,0,0,0,0,0,0,0,0,0,0,0,0,0,0,0,0,0,0,0,0.015317,1.4978,-1,0.88619,0,0,0,0,0,0,0,0,0,0,0,0
0,0,0,0,0,0,0,0,1.2491,1.3315,-0.86403,1,0.93294,0.70786,-0.00058779,2,0,0,1.6386,1.2491,0.72185,-0.81594,0.96727,2.0481,0.8818,0.93645,0.12055,1.2103e-06,9999,0,-1,0,14.648,0.087494,0,0,0,0,0,0,0,0,1,1.2491,0.72185,-0.51446,0,0,0,0,0,10,0.12055,1.2103e-06,9999,-1,0,14.648,0.087494,1.2491,0.72185,-0.51446,-2,0.0062904,1.0546,1,0.75889,-0.51446,1,0.70786,0.79236,0,0,0,0,0,0,0,1
0,0,0,0,0,0,0,0,0.44576,1.1891,-0.65309,1,-0.7984,-0.00010851,3.4574e-06,0,0,0,0.77152,-0.61246,0.93623,-0.79753,0.61381,0.71775,0.31088,0.8062,0.14324,6.1674e-07,9999,1,-1,532.23,4.4434,0.24072,0,0,0,0,0,0,0,0,1,999,999,999,0,0,0,0,0,0,0,0,0,0,0,0,0,0,0,0,0,0.0095944,0.61246,-1,0.93623,-0.023086,1,3.4574e-06,0.46885,0,0,0,0,0,0,0,1
0.94474,0.15254,-0.7489,-1,0,0,0,0,0.9776,0,-0.36707,1,0.97201,-0.043841,0,0,0,0,1.0351,999,999,999,1.4185,1.5039,0,0,0,0,0,0,0,0,0,0,0,0,0,0,0,0,0,0,0,0,0,0,0,0,0,0,0,0,0,0,0,0,0,0,0,0,0,0,0,0.013791,0.94474,-1,0.83201,0,0,0,0,0.94474,0.15254,-0.7489,-1,1,0.013791,0.83201,1
0,0,0,0,0,0,0,0,0.62239,1.085,-0.59041,-1,-0.00023807,2.4852e-05,4.2303e-06,1,0,0,0.79266,999,999,999,0.87197,0.48429,0.32611,0,0,0,0,0,0,0,0,0,0,0,0,0,0,0,0,0,0,0,0,0,0,0,0,0,0,0,0,0,0,0,0,0,0,0,0,0,0,0.0045936,0.62239,-1,0.87394,0,0,0,0,0,0,0,0,0,0,0,0
0,0,0,0,1.5299,0,-0.72323,-1,0.79122,0.271,-0.49024,-1,-0.23498,0.056891,-0.00015408,1,0,0,1.727,-0.79122,0.54916,-0.17788,1.898,0.8771,0.88045,0.67713,0.2323,4.9499e-07,9999,1,1,546.88,4.7852,0.19869,0,0,0,0,0,0,0,0,1,1.5299,0.90093,-0.90779,0,0,0,0,0,10,0.2323,4.9499e-07,9999,1,546.88,4.7852,0.19869,1.5299,0.90093,-0.90779,0,0.0038136,1.5299,-1,0.90093,-0.020949,-1,-0.00015408,-0.00077945,0,0,0,0,0,0,0,0
0,0,0,0,0,0,0,0,0.74713,0.53431,-0.41677,-1,-0.9334,-0.0003237,-0.00014643,1,0,0,1.0213,-0.58247,0.98007,-0.15331,0.64196,0.6264,0.78577,0.96051,0.16642,5.5625e-07,9999,1,1,673.83,3.6133,0.22206,0,0,0,0,0,0,0,0,1,0.74713,0.94118,-0.88499,0,0,0,0,0,10,0.16642,5.5625e-07,9999,1,673.83,3.6133,0.22206,0.74713,0.94118,-0.88499,8,0.0032759,0.74713,-1,0.94118,-0.58717,-1,-0.9334,-0.76072,0,0,0,0,0,0,0,0
0,0,0,0,0,0,0,0,0.29327,0.21067,-0.94006,1,-0.88852,0.00089238,6.6189e-06,1,0,0,0.44132,999,999,999,0.25593,0.37124,0.36071,0.95158,0.10644,3.7085e-07,9999,1,1,839.84,7.2266,0.12576,0,0,0,0,0,0,0,0,1,999,999,999,0,0,0,0,0,0,0,0,0,0,0,0,0,0,0,0,0,0,0,0,0,0.61414,-1,-0.88852,-0.82797,0,0,0,0,0,0,0,0
0,0,0,0,0,0,0,0,1.1421,1.1147,0.32233,-1,-0.008038,0.0040462,-0.0011413,2,1,0.49548,1.7077,-1.1421,-0.98824,-0.87036,1.7021,0.64261,0.42219,0.20008,0.098331,1.3163e-06,9999,0,-1,0,3.0518,0.041327,0,0,0,0,0,0,0,0,1,999,999,999,0,0,0,0,0,0,0,0,0,0,0,0,0,0,0,0,0,0.0096584,1.1634,-1,0.93271,0.20515,1,0.0040462,0.42835,0,0,0,0,0,0,0,0
0,0,0,0,0,0,0,0,0.54639,0,0.10772,1,-0.00055894,0.00033001,0.00029864,0,0,0,0.87908,999,999,999,0.5542,0.54561,0.76112,0,0,0,0,0,0,0,0,0,0,0,0,0,0,0,0,0,0,0,0,0,0,0,0,0,0,0,0,0,0,0,0,0,0,0,0,0,0,0.025327,0.54639,1,0.42426,0,0,0,0,0,0,0,0,0,0,0,0
1.9045,0.068025,-0.43938,-1,0,0,0,0,0,0,0,0,-0.00084551,0,0,0,0,0,1.4394,999,999,999,1.4872,0,0,0,0,0,0,0,0,0,0,0,0,0,0,0,0,0,0,0,0,0,0,0,0,0,0,0,0,0,0,0,0,0,0,0,0,0,0,0,0,0.0060187,1.9045,-1,0.99376,0,0,0,0,0,0,0,0,0,0,0,0
0,0,0,0,0,0,0,0,1.0394,1.1348,-0.82611,1,0.030926,-5.3498e-05,-2.3979e-06,0,0,0,1.2396,999,999,999,1.1983,0.60622,0.28339,0.64062,0.20434,4.0809e-07,9999,1,1,732.42,7.2266,0.15291,0,0,0,0,0,0,0,0,1,0.7461,0.74554,-0.05726,0,0,0,0,0,10,0.20434,4.0809e-07,9999,1,732.42,7.2266,0.15291,0.7461,0.74554,-0.05726,6,0.032687,1.0394,1,0.97953,0.67432,-1,-2.3979e-06,-0.0066801,0,0,0,0,0,0,0,0
0,0,0,0,0,0,0,0,1.1592,0.70986,-0.52362,-1,-0.012702,0.0001176,-6.741e-05,2,1,0.49602,1.4717,999,999,999,1.4858,0.84635,0.60569,0.11403,0.18082,7.2722e-07,9999,0,-1,546.88,4.8828,0.26738,0,1,0,0,0,0,0,0,1,999,999,999,0,0,0,0,0,0,0,0,0,0,0,0,0,0,0,0,0,0.0060424,1.1592,-1,0.83345,0.76954,1,0.0001176,0.0043387,0,0,0,0,0,0,0,1
0,0,0,0,0,0,0,0,1.3741,1.7986,-0.98614,1,0.055166,-0.038231,0.0013174,1,0,0,1.4574,999,999,999,1.1148,1.5972,0.45115,0,0,0,0,0,0,0,0,0,0,0,0,0,0,0,0,0,0,0,0,0,0,0,0,0,0,0,0,0,0,0,0,0,0,0,0,0,0,0.0039938,1.0896,-1,0.96601,0,0,0,0,0,0,0,0,0,0,0,1
0,0,0,0,0,0,0,0,0.37698,0.8855,-0.79287,1,5.2946e-05,2.4869e-05,-7.7235e-06,0,0,0,0.67915,999,999,999,0.60273,0.48437,0.37307,0.23707,0.1981,6.628e-07,9999,1,-1,615.23,3.9551,0.2528,0,0,0,0,0,0,0,0,1,999,999,999,0,0,0,0,0,0,0,0,0,0,0,0,0,0,0,0,0,0.018672,0.91448,1,0.90282,0.24553,1,5.2946e-05,0.0019298,0,0,0,0,0,0,0,0
0,0,0,0,0,0,0,0,0.50864,1.5105,-0.80247,1,-0.99431,0.002086,-1.0879e-05,2,1,0.49521,0.76612,999,999,999,0.4561,0.66094,0.40179,0,0,0,0,0,0,0,0,0,0,0,0,0,0,0,0,0,0,0,0,0,0,0,0,0,0,0,0,0,0,0,0,0,0,0,0,0,0,0.011091,0.50864,1,0.71095,0,0,0,0,0,0,0,0,0,0,0,0
0,0,0,0,0,0,0,0,1.0433,0.52345,-0.92024,1,0.0023887,-9.8067e-06,-4.0657e-06,0,0,0,1.0403,999,999,999,0.92987,0.39287,0.32311,0,0,0,0,0,0,0,0,0,0,0,0,0,0,0,0,0,0,0,0,0,0,0,0,0,0,0,0,0,0,0,0,0,0,0,0,0,0,0.011843,1.0433,1,0.97591,0,0,0,0,0,0,0,0,0,0,0,1
0,0,0,0,0,0,0,0,0.27705,0.35513,0.60384,-1,-9.3437e-06,1.6556e-06,1.2211e-06,2,0,0,0.38457,999,999,999,0.38879,0.19487,0.075066,0.62993,0.083037,1.2211e-06,9999,0,1,0,32.031,0.075066,0,0,0,0,0,0,0,0,1,999,999,999,0,0,0,0,0,0,0,0,0,0,0,0,0,0,0,0,0,0,0,0,0,0.30837,-1,-9.3437e-06,-0.67754,0,0,0,0,0,0,0,1
0.61255,1.3542,-0.81855,1,0,0,0,0,0.39312,1.3008,-0.49844,-1,0.99999,-0.98362,0.087134,1,0,0,0.88832,0.61255,-0.50845,-0.69916,0.23767,0.70626,0.81486,0.77837,0.15447,0.99999,9999,1,1,2128.9,21.68,0.23767,0,0,0,0,0,0,0,0,1,999,999,999,0,0,0,0,0,0,0,0,0,0,0,0,0,0,0,0,0,0.049269,0.54259,-1,0.86824,0.67333,-1,-0.98362,-7.6648e-05,0.61255,1.3542,-0.81855,1,1,0.28167,0.50845,1
0,0,0,0,0,0,0,0,0.66983,0.74435,-0.19731,1,-0.0029847,5.3603e-05,-2.3386e-05,3,0,0,0.88049,999,999,999,0.52776,0.60018,0.47721,0.64145,0.125,3.7205e-07,9999,0,1,1171.9,7.6172,0.12673,0,0,0,0,0,0,0,0,1,999,999,999,0,0,0,0,0,10,0.23913,4.1347e-07,9999,-1,712.89,5.6641,0.15637,0.66983,0.87814,-0.16,-6,0.011527,0.66983,1,0.87814,0.61498,-1,-2.3386e-05,-0.40164,0,0,0,0,0,0,0,0
0,0,0,0,0,0,0,0,0.93551,0.99337,-0.16139,1,0.87332,-0.00017492,-3.3832e-06,0,0,0,0.98805,999,999,999,0.66987,0.85968,0.30925,0.8648,0.13917,2.2954e-06,9999,1,-1,0,4.5898,0.23958,0,0,0,0,0,0,0,0,1,0.93551,0.90411,-0.97576,0,0,0,0,0,10,0.13917,2.2954e-06,9999,-1,0,4.5898,0.23958,0.93551,0.90411,-0.97576,-0,0.011068,0.93551,1,0.90411,-0.97576,1,0.87332,0.60312,0,0,0,0,0,0,0,1
0,0,0,0,0,0,0,0,1.6419,0.22117,-0.9742,1,0.022114,1.3289e-06,-6.4856e-07,0,0,0,1.4744,999,999,999,1.4369,0.23798,0.24923,0,0,0,0,0,0,0,0,0,0,0,0,0,0,0,0,0,0,0,0,0,0,0,0,0,0,0,0,0,0,0,0,0,0,0,0,0,0,0.0057109,1.6419,1,0.98793,0,0,0,0,0,0,0,0,0,0,0,1
0,0,0,0,0,0,0,0,0.63879,0.33326,0.67951,-1,0.0029248,-1.7617e-05,0,0,0,0,0.76242,999,999,999,0.93176,0.44678,0,0,0,0,0,0,0,0,0,0,0,0,0,0,0,0,0,0,0,0,0,0,0,0,0,0,0,0,0,0,0,0,0,0,0,0,0,0,0,0.0092052,0.69869,1,0.43107,0,0,0,0,0,0,0,0,0,0,0,0
0,0,0,0,0,0,0,0,1.1674,1.0415,-0.7188,-1,-0.011327,0.010483,-2.8743e-05,2,1,0.49185,1.3531,-0.53838,-0.8777,-0.93423,1.5977,0.70951,0.50223,0.47229,0.092901,1.2818e-06,9999,1,1,0,3.8574,0.050006,1,1,0.25777,-0.34281,-0.32528,0.059435,0.22371,0.012283,1,0.53838,0.8777,-0.17076,0,0,0,0,0,10,0.11285,1.2304e-06,9999,-1,0,3.8086,0.069271,0.65529,0.7921,-0.30218,-0,8.6951e-05,1.1674,-1,0.93333,0.98924,1,1.2818e-06,0.52572,0,0,0,0,0,0,0,0
0.49508,0.97229,0.3491,-1,0,0,0,0,0.82221,1.2576,-0.95914,-1,-0.00030064,-0.00012016,-1.485e-06,0,0,0,0.97796,-0.82221,-0.95948,-0.59928,0.64407,0.78795,0.35529,0.98921,0.1456,4.0368e-07,9999,0,1,693.36,6.25,0.15,0,0,0,0,0,0,0,0,1,999,999,999,0,0,0,0,0,0,0,0,0,0,0,0,0,0,0,0,0,0.011606,0.82221,-1,0.95948,0.98909,-1,-0.00012016,-0.88174,0.49508,0.97229,0.3491,-1,1,0.027342,0.77734,1
0,0,0,0,0,0,0,0,0.85886,0.87887,-0.92708,-1,-0.9688,-0.01366,-0.0024957,1,0,0,1.3009,-0.85886,-0.93037,-0.36952,0.75507,0.61996,0.94607,0,0,0,0,0,0,0,0,0,0,0,0,0,0,0,0,0,0,0,0,0,0,0,0,0,0,0,0,0,0,0,0,0,0,0,0,0,0,0.0048566,0.85886,-1,0.93037,0,0,0,0,0,0,0,0,0,0,0,0
0.69424,0,-0.94369,1,0.70455,0,-0.94537,-1,0,0,0,0,0.016956,-0.0031234,-3.0275e-06,2,0,0,0.91475,999,999,999,0.59478,0.85544,0.26927,0,0,0,0,0,0,0,0,0,0,0,0,0,0,0,0,0,0,0,0,0,0,0,0,0,0,0,0,0,0,0,0,0,0,0,0,0,0,0.015196,0.70455,-1,0.94537,0,0,0,0,0.69424,0,-0.94369,1,1,0.015376,0.94369,1
0,0,0,0,0,0,0,0,1.7673,0.31147,0.39722,-1,-0.87888,0.0025169,-0.0020404,0,0,0,2.0284,-0.63993,-0.18605,-0.33702,1.9577,0.92326,0.4912,0,0,0,0,0,0,0,0,0,0,0,0,0,0,0,0,0,0,0,0,0,0,0,0,0,0,0,0,0,0,0,0,0,0,0,0,0,0,0.016185,1.7673,-1,0.86235,0,0,0,0,0,0,0,0,0,0,0,0
0,0,0,0,0,0,0,0,0.91419,0.77134,0.018938,1,-0.69126,-0.051296,4.8305e-05,0,0,0,1.1432,999,999,999,0.79092,1.4487,0.5844,0.85736,0.22039,3.7947e-07,9999,1,-1,927.73,7.2266,0.13261,0,0,0,0,0,0,0,0,1,999,999,999,0,0,0,0,0,0,0,0,0,0,0,0,0,0,0,0,0,0.015392,1.0554,-1,0.87222,0.69944,1,4.8305e-05,0.026405,0,0,0,0,0,0,0,0
1.6061,0,-0.98189,-1,0,0,0,0,0,0,0,0,0.00051961,-4.8309e-05,0,1,0,0,1.4415,999,999,999,0.36473,2.221,0,0,0,0,0,0,0,0,0,0,0,0,0,0,0,0,0,0,0,0,0,0,0,0,0,0,0,0,0,0,0,0,0,0,0,0,0,0,0,0.0077743,1.6061,-1,0.79598,0,0,0,0,0,0,0,0,0,0,0,0
0,0,0,0,0,0,0,0,0.78132,0.70981,-0.22987,1,0.13895,-0.031403,1.2329e-06,1,0,0,0.81866,999,999,999,0.88997,0.45443,0.067968,0.60415,0.10156,1.2329e-06,9999,0,1,0,2.124,0.067968,0,0,0,0,0,0,0,0,1,999,999,999,0,0,0,0,0,0,0,0,0,0,0,0,0,0,0,0,0,0.0037785,0.78132,1,0.63782,0.34779,1,0.13895,0.49907,0,0,0,0,0,0,0,1
0,0,0,0,0,0,0,0,0.56261,0.08732,-0.80238,1,-0.29465,0.0094106,3.4635e-05,2,1,0.50264,0.53182,999,999,999,1.401,1.3589,0.5278,0.087727,0.12795,5.4222e-07,9999,1,-1,537.11,4.4922,0.21717,0,0,0,0,0,0,0,0,1,0.56261,0.8921,-0.52793,0,0,0,0,0,10,0.12795,5.4222e-07,9999,-1,537.11,4.4922,0.21717,0.56261,0.8921,-0.52793,-6,0.0078591,0.56261,1,0.8921,0.46253,1,0.0094106,0.15853,0,0,0,0,0,0,0,1
0,0,0,0,0,0,0,0,1.0697,1.1799,0.059029,-1,-0.9888,0.31603,0.0010256,1,0,0,1.1983,999,999,999,0.68324,0.80513,0.98607,0.80884,0.18458,7.4533e-07,9999,1,-1,473.63,4.0527,0.27108,0,0,0,0,0,0,0,0,1,999,999,999,0,0,0,0,0,10,0.1568,3.4261e-07,9999,-1,1816.4,11.816,0.10021,0.68468,0.94805,-0.4491,-0,0.01871,1.0697,-1,0.68317,0.96951,1,0.0010256,0.13444,0,0,0,0,0,0,0,0
0,0,0,0,0,0,0,0,1.2992,0.84322,-0.91976,-1,0.97115,-0.9699,0.05654,0,0,0,1.7667,1.3494,-0.82953,-0.15936,0.87835,1.6803,1.0109,0,0,0,0,0,0,0,0,0,0,0,0,0,0,0,0,0,0,0,0,0,0,0,0,0,0,0,0,0,0,0,0,0,0,0,0,0,0,0.000655,1.3494,1,0.82953,0,0,0,0,0,0,0,0,0,0,0,1
0,0,0,0,0,0,0,0,2.1154,0.35453,0.65894,-1,0.0015544,-0.00069888,-1.2772e-05,3,0,0,1.9752,999,999,999,0.87339,1.8496,0.41604,0.97138,0.18879,8.5655e-07,9999,1,1,473.63,5.1758,0.29086,0,0,0,0,0,0,0,0,1,2.1154,0.99695,-0.95096,0,0,0,0,0,10,0.085341,1.3168e-06,9999,-1,0,46.094,0.041211,0.6097,0.99707,-0.083563,-9,0.0036787,2.1154,-1,0.99695,0.51261,-1,-1.2772e-05,-0.69241,0,0,0,0,0,0,0,0
0,0,0,0,0,0,0,0,0.68845,0.13883,0.41182,1,-0.030561,0.011651,-2.3952e-06,1,0,0,0.6304,999,999,999,0.44772,1.0496,0.2833,0.92881,0.19372,5.7477e-07,9999,1,-1,581.05,4.9805,0.22817,0,0,0,0,0,0,0,0,1,0.68845,0.50467,-0.21034,0,0,0,0,0,10,0.19372,5.7477e-07,9999,-1,581.05,4.9805,0.22817,0.68845,0.50467,-0.21034,-5,0.014791,0.68845,1,0.50467,-0.21034,1,0.011651,0.40386,0,0,0,0,0,0,0,1
1.0649,0.40624,-0.85875,-1,0,0,0,0,0.2694,0,0.088319,-1,-0.012064,0.00099418,5.6546e-06,2,0,0,1.137,999,999,999,1.339,0.74249,0.34836,0,0,0,0,0,0,0,0,0,0,0,0,0,0,0,0,0,0,0,0,0,0,0,0,0,0,0,0,0,0,0,0,0,0,0,0,0,0,0.0074212,1.0649,-1,0.96694,0,0,0,0,0,0,0,0,0,0,0,0
1.2006,0,-0.73475,1,0,0,0,0,0.38929,0.57021,0.36584,-1,0.062769,-1.2705e-05,0,0,0,0,1.0056,999,999,999,0.95002,0.41557,0,0,0,0,0,0,0,0,0,0,0,0,0,0,0,0,0,0,0,0,0,0,0,0,0,0,0,0,0,0,0,0,0,0,0,0,0,0,0,0.010797,1.2006,1,0.99014,0,0,0,0,0,0,0,0,0,0,0,1
0.35487,0.10337,-0.7604,-1,0,0,0,0,1.3957,0.14111,0.56981,1,0.9492,-0.17541,-0.031116,0,0,0,1.4327,999,999,999,1.1105,0.48402,1.528,0,0,0,0,0,0,0,0,0,0,0,0,0,0,0,0,0,0,0,0,0,0,0,0,0,0,0,0,0,0,0,0,0,0,0,0,0,0,0.024829,1.3957,1,0.98743,0,0,0,0,0.35487,0.10337,-0.7604,-1,1,0.01949,0.99108,1
0.3675,0.95789,-0.27019,1,0,0,0,0,1.2262,0.1139,-0.034137,1,0.91477,4.5919e-05,-1.6152e-05,1,0,0,1.3585,999,999,999,1.7967,0.57306,0.43809,0.29396,0.18778,3.9252e-07,9999,0,1,644.53,5.2734,0.14231,0,0,0,0,0,0,0,0,1,999,999,999,0,0,0,0,0,0,0,0,0,0,0,0,0,0,0,0,0,0.016163,1.2262,1,0.93297,0.27486,-1,-1.4338e-06,-0.0056843,0.3675,0.95789,-0.27019,1,1,0.005202,0.62896,1
0,0,0,0,0,0,0,0,1.225,1.3407,-0.89335,-1,-0.00012889,-3.4629e-05,2.3621e-05,0,0,0,0.82924,999,999,999,0.788,0.52703,0.47682,0.88699,0.23941,4.1733e-07,9999,0,1,761.72,5.8594,0.15878,0,0,0,0,0,0,0,0,1,999,999,999,0,0,0,0,0,0,0,0,0,0,0,0,0,0,0,0,0,0.0053446,1.225,-1,0.89362,0.86878,-1,-0.00012889,-0.010308,0,0,0,0,0,0,0,0
0,0,0,0,0,0,0,0,1.2097,0.80157,-0.25988,-1,-0.95967,0.16176,0.015028,4,0,0,1.2886,999,999,999,1.4453,0.68625,0.77921,0.42582,0.2419,6.1147e-06,9999,1,1,722.66,6.2012,0.3363,0,0,0,0,0,0,0,0,1,999,999,999,0,0,0,0,0,0,0,0,0,0,0,0,0,0,0,0,0,0.0089332,1.2097,-1,0.9343,0.087784,-1,-0.95967,-0.00013798,0,0,0,0,0,0,0,0
0,0,0,0,0,0,0,0,0.86427,0.69952,-0.71951,1,-0.95507,0.00021085,0.00018067,3,2,0.50054,1.449,-0.78713,-0.69985,-0.46522,1.1932,0.24323,0.19478,0.18774,0.14495,4.448e-07,9999,1,1,761.72,5.3711,0.17461,0,1,0,0,0,0,0,0,1,1.0355,0.76761,-0.17294,0,0,0,0,0,10,0.16009,0.00018067,9999,1,644.53,0,0.19478,1.0355,0.76761,-0.53133,5,0.0028461,1.0355,-1,0.76761,-0.17294,-1,-0.95507,-0.082907,0,0,0,0,0,0,0,0
0,0,0,0,0,0,0,0,1.2983,0.14465,-0.78272,1,0.015994,-0.00020526,6.0631e-05,0,0,0,1.3595,0.50815,0.80512,-0.71209,1.1903,0.41825,0.63678,0,0,0,0,0,0,0,0,0,0,0,0,0,0,0,0,0,0,0,0,0,0,0,0,0,0,0,0,0,0,0,0,0,0,0,0,0,0,0.0072064,1.2983,1,0.96922,0,0,0,0,0,0,0,0,0,0,0,0
0,0,0,0,0,0,0,0,1.3504,0.12345,-0.97679,1,-0.39753,0.00020537,0,1,0,0,0.91948,999,999,999,2.646,0.99013,0,0,0,0,0,0,0,0,0,0,0,0,0,0,0,0,0,0,0,0,0,0,0,0,0,0,0,0,0,0,0,0,0,0,0,0,0,0,0,0.010747,1.3504,1,0.99391,0,0,0,0,0,0,0,0,0,0,0,0
0,0,0,0,0,0,0,0,0.15585,0,0.81068,-1,0.00018864,-4.9343e-07,0,0,0,0,0.35015,999,999,999,0.40374,0.19801,0,0.93401,0.15585,4.9343e-07,9999,1,-1,654.3,5.4688,0.19801,0,0,0,0,0,0,0,0,1,999,999,999,0,0,0,0,0,0,0,0,0,0,0,0,0,0,0,0,0,0,0,0,0,-0.40683,1,0.00018864,0.70905,0,0,0,0,0,0,0,1
0,0,0,0,0,0,0,0,0.65317,1.0484,-0.49275,-1,-0.00046663,0,0,0,0,0,0.53064,999,999,999,0.53386,0,0,0,0,0,0,0,0,0,0,0,0,0,0,0,0,0,0,0,0,0,0,0,0,0,0,0,0,0,0,0,0,0,0,0,0,0,0,0,0,0.062285,0.65317,-1,0.29921,0,0,0,0,0,0,0,0,0,0,0,0
1.1543,0.33888,-0.5983,-1,0,0,0,0,0,0,0,0,0.37262,-0.027641,0,1,0,0,1.1294,999,999,999,0.75398,1.1867,0,0,0,0,0,0,0,0,0,0,0,0,0,0,0,0,0,0,0,0,0,0,0,0,0,0,0,0,0,0,0,0,0,0,0,0,0,0,0,0.022788,1.1543,-1,0.73265,0,0,0,0,0,0,0,0,0,0,0,0
1.6428,0.1334,-0.72481,1,0,0,0,0,0.33269,0.57255,0.061688,-1,0.96675,0.16874,-4.8233e-05,0,0,0,1.0595,1.6428,-0.90215,-0.085653,0.96059,1.1079,0.52825,0,0,0,0,0,0,0,0,0,0,0,0,0,0,0,0,0,0,0,0,0,0,0,0,0,0,0,0,0,0,0,0,0,0,0,0,0,0,0.015425,1.6428,1,0.90215,0,0,0,0,0,0,0,0,0,0,0,1
0.35872,0.12529,-0.94004,1,0,0,0,0,0.12265,0.12529,-0.86009,1,0.00054213,2.998e-05,1.8582e-06,3,1,0.49938,0.36769,999,999,999,0.3067,0.45184,0.21248,0.89262,0.12265,1.8582e-06,9999,0,1,0,3.9551,0.21248,0,0,0,0,0,0,0,0,1,999,999,999,0,0,0,0,0,0,0,0,0,0,0,0,0,0,0,0,0,0,0,0,0,0,0,0,0,0.35872,0.12529,-0.94004,1,1,0.0070994,0.92489,0
0,0,0,0,0,0,0,0,0.55535,0.56292,0.69409,-1,-0.0010338,-0.00048035,-3.8257e-07,1,0,0,0.86319,-0.72079,-0.60963,-0.42844,0.73619,0.66828,0.13498,0.9046,0.12986,3.8257e-07,9999,0,-1,751.95,7.6172,0.13498,0,0,0,0,0,0,0,0,1,999,999,999,0,0,0,0,0,10,0.12411,3.4643e-07,9999,1,556.64,9.7656,0.10398,0.72079,0.60963,-0.44786,5,0.012982,0.72079,-1,0.60963,0.39633,-1,-0.0010338,-0.26969,0,0,0,0,0,0,0,1
0,0,0,0,0,0,0,0,1.5262,0.55692,-0.76962,-1,0.00074362,-0.00025252,4.0897e-05,0,0,0,1.7077,999,999,999,0.846,1.538,0.55251,0,0,0,0,0,0,0,0,0,0,0,0,0,0,0,0,0,0,0,0,0,0,0,0,0,0,0,0,0,0,0,0,0,0,0,0,0,0,0.014902,1.5262,-1,0.95631,0,0,0,0,0,0,0,0,0,0,0,0
1.0299,0.064409,-0.76753,-1,0,0,0,0,0,0,0,0,-0.083277,0,0,0,0,0,0.9867,999,999,999,1.3174,0,0,0,0,0,0,0,0,0,0,0,0,0,0,0,0,0,0,0,0,0,0,0,0,0,0,0,0,0,0,0,0,0,0,0,0,0,0,0,0,0.004707,1.0299,-1,0.92866,0,0,0,0,0,0,0,0,0,0,0,0
2.0216,0,-0.82938,1,0,0,0,0,1.0576,0.21554,0.79433,-1,-0.017155,0.00015403,0,0,0,0,2.0474,999,999,999,1.4797,1.8122,0,0,0,0,0,0,0,0,0,0,0,0,0,0,0,0,0,0,0,0,0,0,0,0,0,0,0,0,0,0,0,0,0,0,0,0,0,0,0,0.011954,2.0216,1,0.99195,0,0,0,0,0,0,0,0,0,0,0,1
0,0,0,0,0,0,0,0,0.8569,1.7027,-0.67543,-1,0.97851,0.46737,-0.0018996,0,0,0,1.2258,999,999,999,0.78937,0.72382,0.91451,0,0,0,0,0,0,0,0,0,0,0,0,0,0,0,0,0,0,0,0,0,0,0,0,0,0,0,0,0,0,0,0,0,0,0,0,0,0,0.017974,0.8569,-1,0.64744,0,0,0,0,0,0,0,0,0,0,0,1
0,0,0,0,0,0,0,0,0.71903,0.84117,-0.69751,-1,-0.98478,-0.96949,0.00021809,0,0,0,1.1464,999,999,999,0.66593,0.74827,0.68466,0.49717,0.20184,5.2623e-07,9999,1,1,556.64,3.6133,0.21128,0,0,0,0,0,0,0,0,1,999,999,999,0,0,0,0,0,0,0,0,0,0,0,0,0,0,0,0,0,0.016038,0.71903,-1,0.97996,0.32318,-1,-0.98478,-0.0039064,0,0,0,0,0,0,0,0
0,0,0,0,0,0,0,0,1.3955,0.10543,0.50628,1,0.96695,0.001769,-0.00062036,0,0,0,1.454,0.65313,-0.4927,-0.35139,2.1286,0.57772,0.72676,0,0,0,0,0,0,0,0,0,0,0,0,0,0,0,0,0,0,0,0,0,0,0,0,0,0,0,0,0,0,0,0,0,0,0,0,0,0,0.0049332,1.3955,1,0.97438,0,0,0,0,0,0,0,0,0,0,0,1
0,0,0,0,0,0,0,0,0.88829,0.99602,0.032903,-1,0.97986,-0.090394,0.0064938,2,0,0,1.3854,999,999,999,0.7529,1.151,0.25382,0.68924,0.14676,4.7439e-07,9999,1,1,664.06,4.4922,0.18945,0,0,0,0,0,0,0,0,1,0.88829,0.88518,-0.32962,0,0,0,0,0,10,0.14676,4.7439e-07,9999,1,664.06,4.4922,0.18945,0.88829,0.88518,-0.32962,6,0.016355,0.88829,-1,0.88518,0.76838,-1,-0.00027735,-0.00014294,0,0,0,0,0,0,0,1
0,0,0,0,0,0,0,0,1.5834,0.89116,-0.14197,-1,-0.042566,-1.9846e-05,9.5963e-07,0,0,0,1.5981,999,999,999,1.521,0.45912,0.30577,0.7956,0.19362,5.6615e-07,9999,1,1,654.3,4.6875,0.22537,0,0,0,0,0,0,0,0,1,999,999,999,0,0,0,0,0,10,0.19429,9.5963e-07,9999,1,478.52,4.3457,0.30577,1.5834,0.99322,-0.47518,5,0.014032,1.5834,-1,0.99322,0.86033,-1,-0.042566,-0.069245,0,0,0,0,0,0,0,0
0,0,0,0,0,0,0,0,0.99032,1.0858,-0.74963,1,-0.99757,0.97685,0.0035211,0,0,0,1.161,999,999,999,0.40567,0.79805,0.72062,0,0,0,0,0,0,0,0,0,0,0,0,0,0,0,0,0,0,0,0,0,0,0,0,0,0,0,0,0,0,0,0,0,0,0,0,0,0,0.0087384,0.99032,1,0.6534,0,0,0,0,0,0,0,0,0,0,0,0
0,0,0,0,0,0,0,0,1.4145,0.71185,-0.63559,1,-0.96114,0.0024095,2.8245e-05,0,0,0,1.7158,999,999,999,1.7504,1.6037,0.49978,0.83254,0.12338,4.2644e-07,9999,1,-1,888.67,5.0781,0.16428,0,0,0,0,0,0,0,0,1,0.58992,0.61577,-0.86276,0,0,0,0,0,10,0.18804,6.9575e-07,9999,-1,498.05,3.5645,0.26055,1.4145,0.99452,-0.13893,-5,0.010616,1.4145,1,0.99452,0.42289,-1,-0.96114,-0.014399,0,0,0,0,0,0,0,0
1.7836,0,-0.91188,-1,0,0,0,0,0.24347,0.52565,-0.20626,1,-0.00078954,-6.299e-05,4.4052e-07,0,0,0,1.5671,999,999,999,0.49082,2.5579,0.17229,0.18823,0.24347,4.4052e-07,9999,1,1,771.48,6.3477,0.17229,0,0,0,0,0,0,0,0,1,999,999,999,0,0,0,0,0,0,0,0,0,0,0,0,0,0,0,0,0,0.013846,1.7836,-1,0.99274,0.07665,-1,-6.299e-05,-0.00010192,0,0,0,0,0,0,0,0
0,0,0,0,0,0,0,0,0.69079,1.8643,-0.4076,-1,0.99989,-0.83328,-0.035471,2,0,0,1.0857,999,999,999,0.3245,0.75254,0.89423,0.75177,0.20969,5.0287e-07,9999,1,1,839.84,4.7852,0.20201,0,0,0,0,0,0,0,0,1,0.69079,0.64052,-0.95417,0,0,0,0,0,10,0.20969,5.0287e-07,9999,1,839.84,4.7852,0.20201,0.69079,0.64052,-0.95417,6,0.0033816,0.69079,-1,0.64052,-0.63009,-1,-0.83328,-0.01241,0,0,0,0,0,0,0,0
0,0,0,0,0,0,0,0,1.5018,0.10687,-0.91963,1,0.29157,-1.7681e-05,2.6278e-06,0,0,0,1.5042,999,999,999,1.4606,0.44715,0.29028,0.91612,0.1254,4.298e-07,9999,1,-1,888.67,6.3477,0.16624,0,0,0,0,0,0,0,0,1,1.5018,0.99073,-0.95978,0,0,0,0,0,10,0.1254,4.298e-07,9999,-1,888.67,6.3477,0.16624,1.5018,0.99073,-0.95978,-2,0.013031,1.5018,1,0.99073,-0.95978,1,0.29157,0.74728,0,0,0,0,0,0,0,1
0,0,0,0,0,0,0,0,0.68682,0.843,-0.91458,-1,-0.00022624,-4.2342e-06,1.2436e-06,0,0,0,0.76297,999,999,999,0.84316,0.32618,0.12282,0.97175,0.059442,1.2097e-06,9999,1,1,0,16.797,0.096235,0,0,0,0,0,0,0,0,1,999,999,999,0,0,0,0,0,10,0.13894,1.2436e-06,9999,1,0,7.4219,0.12282,0.68682,0.93994,-0.86247,5,0.015217,0.68682,-1,0.93994,0.83296,-1,-0.00022624,-0.85283,0,0,0,0,0,0,0,0
0,0,0,0,1.1142,0.097579,0.15598,1,0,0,0,0,0.086252,0,0,0,0,0,1.1008,999,999,999,1.2245,0,0,0,0,0,0,0,0,0,0,0,0,0,0,0,0,0,0,0,0,0,0,0,0,0,0,0,0,0,0,0,0,0,0,0,0,0,0,0,0,0.004856,1.1142,1,0.85808,0,0,0,0,0,0,0,0,0,0,0,1
0,0,0,0,0,0,0,0,0.4428,0.19812,0.52996,1,0.13156,2.1876e-05,-1.2781e-05,1,0,0,0.89151,999,999,999,0.88134,0.46956,0.41611,0.76696,0.080033,1.2128e-06,9999,1,-1,0,17.383,0.082951,0,0,0,0,0,0,0,0,1,999,999,999,0,0,0,0,0,0,0,0,0,0,0,0,0,0,0,0,0,0.014816,0.72639,1,0.86561,0.61414,1,0.13156,0.71757,0,0,0,0,0,0,0,1
0,0,0,0,0,0,0,0,1.0799,1.0732,-0.97769,1,0.30952,-0.21076,-4.1466e-07,0,0,0,1.0903,999,999,999,1.4926,0.93427,0.15712,0.10349,0.24356,4.1466e-07,9999,1,-1,800.78,5.4199,0.15712,0,0,0,0,0,0,0,0,1,999,999,999,0,0,0,0,0,0,0,0,0,0,0,0,0,0,0,0,0,0.006916,1.0799,1,0.87935,0.035875,1,0.30952,9.7275e-05,0,0,0,0,0,0,0,0
0,0,0,0,1.0832,0.64509,-0.45163,-1,0.47608,1.4789,-0.64806,-1,-0.26804,-0.058484,-0.0076827,1,0,0,1.3661,-1.0832,-0.91342,-0.11388,0.6938,1.2418,0.69873,0.53821,0.16789,3.5708e-07,9999,1,1,1035.2,8.2031,0.11395,0,0,0,0,0,0,0,0,1,1.0832,0.91342,-0.44196,0,0,0,0,0,10,0.20253,4.0286e-06,9999,1,0,46.875,0.29586,1.0832,0.91342,-0.46028,0,0.0015563,1.0832,-1,0.91342,0.91732,-1,-4.2085e-05,-0.027054,0,0,0,0,0,0,0,1
1.605,0.2013,-0.3716,-1,0,0,0,0,0.92887,0.96391,-0.23129,1,-0.97199,-0.080558,0.012502,0,0,0,1.8826,-1.605,-0.9664,-0.49894,0.90844,1.4747,1.1546,0,0,0,0,0,0,0,0,0,0,0,0,0,0,0,0,0,0,0,0,0,0,0,0,0,0,0,0,0,0,0,0,0,0,0,0,0,0,0.013043,1.605,-1,0.9664,0,0,0,0,0,0,0,0,0,0,0,0
0,0,0,0,0,0,0,0,1.1557,1.3878,-0.74339,-1,-0.86479,-0.00014898,-0.0001246,2,2,0.49663,1.2834,-0.63959,0.87655,-0.033314,1.5644,0.7234,0.84065,0.79604,0.13924,4.5765e-07,9999,1,1,664.06,5.4688,0.18131,0,0,0,0,0,0,0,0,1,0.63959,0.87655,-0.44037,0,0,0,0,0,10,0.13924,4.5765e-07,9999,1,664.06,5.4688,0.18131,0.63959,0.87655,-0.44037,2,0.0039486,1.1557,-1,0.50304,0.9022,-1,-0.86479,-0.4807,0,0,0,0,0,0,0,0
0,0,0,0,0,0,0,0,1.0368,1.3566,-0.96316,-1,-0.99381,-0.0054805,0.00020764,0,0,0,1.4455,999,999,999,0.56475,0.9038,1.0202,0,0,0,0,0,0,0,0,0,0,0,0,0,0,0,0,0,0,0,0,0,0,0,0,0,0,0,0,0,0,0,0,0,0,0,0,0,0,0.0061015,1.0368,-1,0.9885,0,0,0,0,0,0,0,0,0,0,0,0
0,0,0,0,0,0,0,0,1.5073,0.60303,-0.99451,-1,-0.051004,-0.0012751,-1.8237e-05,2,0,0,1.5073,999,999,999,1.6743,1.6344,0.54472,0.31532,0.064126,1.2125e-06,9999,1,1,0,14.844,0.102,0,0,0,0,0,0,0,0,1,1.5073,0.99414,-0.22884,0,0,0,0,0,10,0.064126,1.2125e-06,9999,1,0,14.844,0.102,1.5073,0.99414,-0.22884,6,0.006402,1.5073,-1,0.99414,-0.22884,-1,-0.051004,-0.62484,0,0,0,0,0,0,0,1
0,0,0,0,0,0,0,0,1.1415,1.0966,0.026916,-1,-0.99947,-0.0085321,-0.0005351,2,0,0,1.5124,-1.1415,-0.90713,-0.23373,0.35542,1.3152,1.0365,0.65747,0.1154,1.6487e-06,9999,1,1,0,4.5898,0.19418,0,0,0,0,0,0,0,0,1,1.1415,0.90713,-0.9093,0,0,0,0,0,10,0.1154,1.6487e-06,9999,1,0,4.5898,0.19418,1.1415,0.90713,-0.9093,2,0.0046799,1.1415,-1,0.90713,-0.0066058,-1,-0.99947,-0.49331,0,0,0,0,0,0,0,0
0,0,0,0,0,0,0,0,0.95681,1.0748,-0.8397,-1,-0.94357,-0.1921,1.9784e-05,0,0,0,1.2412,-0.58009,-0.83395,-0.89761,1.0027,0.83696,0.45879,0.44459,0.16158,3.9698e-07,9999,1,-1,927.73,7.7148,0.14544,0,0,0,0,0,0,0,0,1,999,999,999,0,0,0,0,0,0,0,0,0,0,0,0,0,0,0,0,0,0.0092119,0.95681,-1,0.94195,0.70366,1,9.6486e-06,0.06236,0,0,0,0,0,0,0,0
0,0,0,0,0,0,0,0,1.3136,1.3215,-0.80145,1,-0.96436,-0.022799,0.00053448,0,0,0,1.9075,-1.1207,-0.95053,-0.89864,1.895,1.1096,1.2454,0,0,0,0,0,0,0,0,0,0,0,0,0,0,0,0,0,0,0,0,0,0,0,0,0,0,0,0,0,0,0,0,0,0,0,0,0,0,0.0034785,1.3136,1,0.73164,0,0,0,0,0,0,0,0,0,0,0,0
0,0,0,0,0,0,0,0,0.53668,0.76279,-0.79533,1,-0.97392,0.18151,-5.8715e-07,1,0,0,0.40835,999,999,999,0.51916,0.8819,0.23205,0,0,0,0,0,0,0,0,0,0,0,0,0,0,0,0,0,0,0,0,0,0,0,0,0,0,0,0,0,0,0,0,0,0,0,0,0,0,0,0,0,0,0,0,0,0,0,0,0,0,0,0,0,1
0,0,0,0,0,0,0,0,1.1258,0,-0.08275,1,-0.3017,0.0096775,-4.0969e-05,1,0,0,1.2936,-0.79364,-0.98896,-0.44855,1.2023,1.3072,0.553,0,0,0,0,0,0,0,0,0,0,0,0,0,0,0,0,0,0,0,0,0,0,0,0,0,0,0,0,0,0,0,0,0,0,0,0,0,0,0.0044082,1.1258,1,0.62871,0,0,0,0,0,0,0,0,0,0,0,1
0.94717,0.74533,-0.992,-1,0,0,0,0,0.31576,0.90891,-0.90912,-1,-0.00030922,1.0092e-05,-6.1496e-07,1,0,0,0.78111,999,999,999,0.73547,0.39532,0.24022,0,0,0,0,0,0,0,0,0,0,0,0,0,0,0,0,0,0,0,0,0,0,0,0,0,0,0,0,0,0,0,0,0,0,0,0,0,0,0.0010416,0.94717,-1,0.98955,0,0,0,0,0.94717,0.74533,-0.992,-1,1,0.0010416,0.98955,0
0,0,0,0,0,0,0,0,0.87977,1.1725,-0.88051,-1,-0.00065622,2.3582e-05,-1.4468e-06,0,0,0,0.96371,999,999,999,0.91734,0.47817,0.35261,0,0,0,0,0,0,0,0,0,0,0,0,0,0,0,0,0,0,0,0,0,0,0,0,0,0,0,0,0,0,0,0,0,0,0,0,0,0,0.0057865,0.87977,-1,0.739,0,0,0,0,0,0,0,0,0,0,0,1
0,0,0,0,0,0,0,0,0.83717,1.6763,-0.16436,1,0.94726,0.054447,-9.1716e-06,0,0,0,1.0029,0.83717,-0.68112,-0.41138,0.87331,1.1697,0.38723,0,0,0,0,0,0,0,0,0,0,0,0,0,0,0,0,0,0,0,0,0,0,0,0,0,0,0,0,0,0,0,0,0,0,0,0,0,0,0.004604,0.83717,1,0.68112,0,0,0,0,0,0,0,0,0,0,0,1
0,0,0,0,0.78256,0,0.17108,1,0.26065,0.78966,-0.90217,-1,0.87434,0.0012619,-4.3051e-07,1,0,0,0.79472,0.78256,0.82426,-0.92711,0.23625,0.98213,0.16666,0.19726,0.10598,3.3575e-07,9999,0,-1,2128.9,18.945,0.093143,0,0,0,0,0,0,0,0,1,999,999,999,0,0,0,0,0,0,0,0,0,0,0,0,0,0,0,0,0,0.027895,0.78256,1,0.82426,0.1449,1,0.87434,0.37167,0,0,0,0,0,0,0,1
0.82575,0,0.028436,1,0,0,0,0,0.78078,0,-0.68368,1,0.091453,-0.00017503,7.6798e-05,0,0,0,1.222,0.78078,-0.90411,-0.62184,0.93674,0.62964,0.68457,0.9264,0.089543,1.2583e-06,9999,1,-1,0,9.1797,0.12863,0,0,0,0,0,0,0,0,1,0.82575,0.76898,-0.48098,0,0,0,0,0,10,0.089543,1.2583e-06,9999,-1,0,9.1797,0.12863,0.82575,0.76898,-0.48098,-0,0.0013756,0.82575,1,0.76898,-0.48098,1,0.091453,0.798,0.82575,0,0.028436,1,1,0.0013756,0.76898,1
0,0,0,0,0,0,0,0,0.46013,0.47879,0.733,1,0.001155,-6.0133e-05,4.4876e-05,0,0,0,0.91416,999,999,999,0.62436,0.63451,0.56945,0.59173,0.098396,1.5492e-06,9999,1,1,0,6.3477,0.18327,0,0,0,0,0,0,0,0,1,999,999,999,0,0,0,0,0,10,0.21523,7.1163e-07,9999,-1,498.05,3.8086,0.26406,0.68492,0.64882,-0.14472,-4,0.0096638,0.68492,1,0.64882,0.82247,-1,-6.0133e-05,-0.56762,0,0,0,0,0,0,0,0
0.82433,0.58522,-0.60281,-1,0,0,0,0,0.13954,0.93363,0.088132,1,-0.092895,-0.00016946,4.4914e-07,1,0,0,0.50326,-0.82433,-0.90446,-0.98474,0.68706,0.57264,0.17692,0.54598,0.13954,4.4914e-07,9999,1,1,483.4,4.1504,0.17692,0,0,0,0,0,0,0,0,1,0.82433,0.90446,-0.43438,0,0,0,0,0,10,0.13954,4.4914e-07,9999,1,483.4,4.1504,0.17692,0.82433,0.90446,-0.43438,8,0.024565,0.82433,-1,0.90446,0.27125,-1,-0.092895,-0.2125,0.82433,0.58522,-0.60281,-1,1,0.024565,0.90446,0
0,0,0,0,1.2358,0,0.7689,1,1.8366,0.45356,-0.85946,1,0.96453,0.031418,-2.1154e-06,0,0,0,1.9599,1.2358,0.97581,-0.98691,1.6063,1.7106,0.27392,0.93374,0.21584,4.378e-07,9999,1,-1,664.06,6.9336,0.17079,0,0,0,0,0,0,0,0,1,1.2358,0.97581,-0.94335,0,0,0,0,0,10,0.21584,4.378e-07,9999,-1,664.06,6.9336,0.17079,1.2358,0.97581,-0.94335,-2,0.00039422,1.8366,1,0.98037,0.98161,1,0.96453,0.18194,0,0,0,0,0,0,0,1
0,0,0,0,0,0,0,0,1.4428,0.5708,0.56516,-1,-0.34743,-0.048518,9.2329e-06,1,0,0,1.5129,-1.4428,-0.85217,-0.62157,0.87886,1.6135,0.38779,0.98852,0.11494,4.3701e-07,9999,0,1,664.06,5.0293,0.17035,0,0,0,0,0,0,0,0,1,1.4428,0.85217,-0.83023,0,0,0,0,0,10,0.11494,4.3701e-07,9999,1,664.06,5.0293,0.17035,1.4428,0.85217,-0.83023,2,0.0043297,1.4428,-1,0.85217,0.74268,-1,-0.34743,-0.88908,0,0,0,0,0,0,0,0
2.4166,0,-0.94559,1,0,0,0,0,0,0,0,0,4.4544e-05,0,0,0,0,0,1.7208,999,999,999,1.8197,0,0,0,0,0,0,0,0,0,0,0,0,0,0,0,0,0,0,0,0,0,0,0,0,0,0,0,0,0,0,0,0,0,0,0,0,0,0,0,0,0.023149,2.4166,1,0.98891,0,0,0,0,0,0,0,0,0,0,0,1
0,0,0,0,0.96109,0.99296,-0.99809,-1,0.33845,0.61139,0.56519,-1,-0.16393,0.030898,0.0039449,4,0,0,1.0682,999,999,999,0.91866,0.96606,0.31127,0.7696,0.11082,3.4222e-07,9999,1,1,1621.1,13.281,0.099816,0,0,0,0,0,0,0,0,1,0.96109,0.81896,-0.55548,0,0,0,0,0,10,0.11082,3.4222e-07,9999,1,1621.1,13.281,0.099816,0.96109,0.81896,-0.55548,0,0.016157,0.96109,-1,0.81896,-0.55548,-1,-0.16393,-0.61441,0,0,0,0,0,0,0,0
0,0,0,0,0,0,0,0,0.22646,0.31355,-0.63133,-1,0.051247,-5.3331e-06,2.1273e-06,2,1,0.49909,0.2318,999,999,999,1.1147,0.34383,0.23041,0.58786,0.14074,2.1273e-06,9999,0,1,0,5.3223,0.23041,1,0,0.91637,0.35271,-2.1877,0.17589,0.0021315,0.40545,1,999,999,999,0,0,0,0,0,0,0,0,0,0,0,0,0,0,0,0,0,0,0,0,0,0.99764,1,2.1273e-06,0.00088963,0,0,0,0,0,0,0,1
0,0,0,0,0,0,0,0,1.2255,1.359,-0.74654,-1,0.99995,0.87954,-0.012566,3,0,0,0.71278,999,999,999,0.31088,0.59345,0.75734,0.53675,0.067153,1.2385e-06,9999,1,1,0,9.375,0.12049,0,0,0,0,0,0,0,0,1,1.2255,0.94791,-0.28593,0,0,0,0,0,10,0.067153,1.2385e-06,9999,1,0,9.375,0.12049,1.2255,0.94791,-0.28593,6,0.016073,1.2255,-1,0.94791,0.26018,1,0.99995,0.04877,0,0,0,0,0,0,0,1
1.2254,0.18145,-0.41229,-1,1.2594,0.18145,0.65644,1,1.348,1.5266,-0.96725,1,0.0042899,0.0030469,-0.00028011,0,0,0,2.0323,1.348,0.70799,-0.4543,1.2343,1.9311,1.5898,0.99026,0.22265,1.3276e-06,9999,1,-1,517.58,3.7598,0.34355,0,0,0,0,0,0,0,0,1,1.2594,0.94484,-0.89007,0,0,0,0,0,10,0.22265,1.3276e-06,9999,-1,517.58,3.7598,0.34355,1.2594,0.94484,-0.89007,-2,0.014929,1.348,1,0.70799,0.79116,1,0.0030469,0.45007,0,0,0,0,0,0,0,1
0,0,0,0,0,0,0,0,0.48238,0,0.85075,1,-0.0050148,4.4579e-05,0,0,0,0,1.2186,999,999,999,1.3256,0.56314,0,0,0,0,0,0,0,0,0,0,0,0,0,0,0,0,0,0,0,0,0,0,0,0,0,0,0,0,0,0,0,0,0,0,0,0,0,0,0,0.0027289,1.1226,-1,0.87024,0,0,0,0,0,0,0,0,0,0,0,1
0,0,0,0,0.75411,0.54586,0.048317,-1,0.76017,0.69883,-0.47639,1,0.021514,0.02143,-0.0030924,0,0,0,1.079,999,999,999,0.82303,1.111,1.1466,0,0,0,0,0,0,0,0,0,0,0,0,0,0,0,0,0,0,0,0,0,0,0,0,0,0,0,0,0,0,0,0,0,0,0,0,0,0,0.0017597,0.76017,1,0.86969,0,0,0,0,0,0,0,0,0,0,0,1
0,0,0,0,0,0,0,0,0.70768,0.67101,-0.6566,1,0.0020473,-0.0003896,2.6492e-05,1,0,0,0.67513,0.70768,-0.5095,-0.18798,0.47935,0.52802,0.49189,0.74085,0.17245,4.9899e-07,9999,1,-1,1543,4.5898,0.20065,1,0,-2.3423,-2.1259,-2.5114,0.055651,0.073599,0.0586,1,0.70768,0.5095,-0.11181,0,0,0,0,0,10,0.17245,4.9899e-07,9999,-1,1543,4.5898,0.20065,0.70768,0.5095,-0.11181,-0,0.014617,0.70768,1,0.5095,0.97423,1,0.0020473,0.1317,0,0,0,0,0,0,0,1
0,0,0,0,0,0,0,0,0.56693,0.16175,-0.017792,-1,0.00062829,-0.00061798,-2.1503e-05,2,1,0.49889,0.47153,999,999,999,0.37398,0.49385,0.46779,0.51273,0.10377,1.2259e-06,9999,1,-1,0,25,0.07188,0,0,0,0,0,0,0,0,1,999,999,999,0,0,0,0,0,0,0,0,0,0,0,0,0,0,0,0,0,0.019721,0.56693,-1,0.91533,-0.089302,1,0.00062829,0.47789,0,0,0,0,0,0,0,1
0,0,0,0,0,0,0,0,1.1461,0,0.013095,1,0.032948,0.0057491,-6.4449e-05,0,0,0,1.5187,0.92996,0.87182,-0.77214,1.0998,0.93328,0.65536,0.93535,0.18997,5.3909e-07,9999,1,-1,610.35,3.3203,0.21604,0,0,0,0,0,0,0,0,1,1.1461,0.96573,-0.86493,0,0,0,0,0,10,0.18997,5.3909e-07,9999,-1,610.35,3.3203,0.21604,1.1461,0.96573,-0.86493,-2,0.016598,1.1461,1,0.96573,0.98677,1,0.0057491,0.47943,0,0,0,0,0,0,0,1
0,0,0,0,0,0,0,0,0.91019,0.51679,-0.11028,1,0.99579,0.071935,-0.00054665,1,0,0,0.96361,0.89783,0.86815,-0.96327,0.58123,1.364,0.30925,0,0,0,0,0,0,0,0,0,0,0,0,0,0,0,0,0,0,0,0,0,0,0,0,0,0,0,0,0,0,0,0,0,0,0,0,0,0,0.0022172,0.91019,1,0.76466,0,0,0,0,0,0,0,0,0,0,0,0
0,0,0,0,0,0,0,0,0.8659,0.30873,-0.87362,1,-0.9198,4.4025e-05,-3.1834e-05,0,0,0,0.73236,999,999,999,0.32756,0.56673,0.51583,0,0,0,0,0,0,0,0,0,0,0,0,0,0,0,0,0,0,0,0,0,0,0,0,0,0,0,0,0,0,0,0,0,0,0,0,0,0,0.0037807,0.8659,1,0.81494,0,0,0,0,0,0,0,0,0,0,0,0
0,0,0,0,0,0,0,0,0.3772,0.54685,0.1348,1,4.5369e-05,3.6929e-05,9.2669e-06,3,0,0,0.58736,999,999,999,0.57167,0.48968,0.3881,0.74415,0.089723,3.4045e-07,9999,0,-1,5312.5,3.7109,0.098499,0,0,0,0,0,0,0,0,1,999,999,999,0,0,0,0,0,0,0,0,0,0,0,0,0,0,0,0,0,0,0,0,0,0.7693,1,1.2096e-06,0.68439,0,0,0,0,0,0,0,0
1.1456,0.67307,-0.54725,-1,0,0,0,0,0.92952,0.11682,-0.58159,1,-0.99814,0.43776,0.4209,0,0,0,1.3518,999,999,999,0.51627,0.71807,1.4998,0,0,0,0,0,0,0,0,0,0,0,0,0,0,0,0,0,0,0,0,0,0,0,0,0,0,0,0,0,0,0,0,0,0,0,0,0,0,0.0047906,1.1456,-1,0.74048,0,0,0,0,0,0,0,0,0,0,0,0
0,0,0,0,1.7302,0.053368,-0.9568,-1,0.36224,0.62644,0.95767,1,-0.0012976,2.4162e-05,-1.3177e-05,1,0,0,1.7278,999,999,999,1.7083,0.48098,0.41887,0.29332,0.14153,6.4296e-07,9999,0,1,625,4.3457,0.24779,0,0,0,0,0,0,0,0,1,999,999,999,0,0,0,0,0,10,0.21735,1.1639e-06,9999,1,532.23,4.3945,0.32897,1.7302,0.99284,-0.50301,0,0.0048862,1.7302,-1,0.99284,0.79802,-1,-1.3177e-05,-0.0016762,0,0,0,0,0,0,0,0
0,0,0,0,0,0,0,0,1.077,0.94068,-0.99802,-1,-0.98056,-0.35793,4.4046e-07,1,0,0,0.91152,999,999,999,0.89516,1.2883,0.17226,0.96816,0.16372,3.8616e-07,9999,0,1,839.84,7.1289,0.13768,0,0,0,0,0,0,0,0,1,999,999,999,0,0,0,0,0,0,0,0,0,0,0,0,0,0,0,0,0,0.0029605,1.077,-1,0.97713,0.99828,-1,-0.98056,-0.79635,0,0,0,0,0,0,0,0
0,0,0,0,0,0,0,0,1.1874,0.73972,-0.93652,1,0.94712,0.92676,-1.876e-05,0,0,0,1.3566,999,999,999,1.5327,0.62062,0.45321,0.79392,0.10372,3.936e-07,9999,1,-1,1005.9,5.4688,0.14307,0,0,0,0,0,0,0,0,1,999,999,999,0,0,0,0,0,0,0,0,0,0,0,0,0,0,0,0,0,0.016646,1.1874,1,0.90924,0.92191,1,0.94712,0.66007,0,0,0,0,0,0,0,1
0.8678,0.1161,0.2728,-1,0,0,0,0,1.2771,0.25387,-0.59017,1,-0.98473,-0.0094371,0.00015746,0,0,0,1.184,-0.8678,0.83939,-0.18338,0.7478,1.3432,0.87637,0,0,0,0,0,0,0,0,0,0,0,0,0,0,0,0,0,0,0,0,0,0,0,0,0,0,0,0,0,0,0,0,0,0,0,0,0,0,0.0034823,1.2771,1,0.87762,0,0,0,0,0.8678,0.1161,0.2728,-1,1,0.023041,0.83939,0
0,0,0,0,0,0,0,0,0.80483,0.40681,-0.099774,-1,-0.95582,1.5199e-05,9.5342e-06,1,0,0,0.86734,999,999,999,1.2808,0.43223,0.39049,0.84285,0.13137,4.5495e-07,9999,1,-1,664.06,4.8828,0.17994,0,0,0,0,0,0,0,0,1,0.57079,0.35565,-0.7994,0,0,0,0,0,10,0.13137,4.5495e-07,9999,-1,664.06,4.8828,0.17994,0.57079,0.35565,-0.7994,-6,0.013539,0.80483,-1,0.94496,0.67284,1,9.5342e-06,0.60155,0,0,0,0,0,0,0,0
0,0,0,0,0,0,0,0,0.57486,0.577,0.37055,-1,0.99998,-0.00014399,2.135e-05,0,0,0,0.6965,999,999,999,0.256,0.8463,0.46694,0,0,0,0,0,0,0,0,0,0,0,0,0,0,0,0,0,0,0,0,0,0,0,0,0,0,0,0,0,0,0,0,0,0,0,0,0,0,0.032772,0.57486,-1,0.60092,0,0,0,0,0,0,0,0,0,0,0,1
0,0,0,0,0,0,0,0,0.66578,1.1563,-0.61121,1,0.0002684,-5.1709e-05,-3.7432e-05,0,1,0.50066,0.98466,999,999,999,0.78457,0.59551,0.43484,0,0,0,0,0,0,0,0,0,0,0,0,0,0,0,0,0,0,0,0,0,0,0,0,0,0,0,0,0,0,0,0,0,0,0,0,0,0,0.0016243,0.66578,1,0.98725,0,0,0,0,0,0,0,0,0,0,0,0
0,0,0,0,0,0,0,0,1.4869,0.39977,-0.88344,-1,-0.98726,-0.0017527,2.2799e-06,0,0,0,1.3496,999,999,999,0.46467,2.1888,0.27958,0.69776,0.19656,9.232e-07,9999,0,1,517.58,3.9062,0.30081,0,0,0,0,0,0,0,0,1,0.61889,0.44039,-0.059564,0,0,0,0,0,10,0.19656,9.232e-07,9999,1,517.58,3.9062,0.30081,0.61889,0.44039,-0.059564,5,0.024523,1.4869,-1,0.90929,-0.059564,-1,-0.98726,-0.019855,0,0,0,0,0,0,0,0
0,0,0,0,0,0,0,0,0.39721,0.57693,0.78402,-1,0.99999,0.99061,-0.97955,2,0,0,0.68065,999,999,999,0.21146,0.61318,0.55023,0.96355,0.1084,4.7048e-07,9999,1,-1,644.53,5.2734,0.18761,0,0,0,0,0,0,0,0,1,999,999,999,0,0,0,0,0,0,0,0,0,0,0,0,0,0,0,0,0,0,0,0,0,-0.57304,1,0.99999,0.84735,0,0,0,0,0,0,0,1
0,0,0,0,0,0,0,0,0.56257,0.48088,0.07648,-1,0.11222,-2.9806e-05,4.4047e-07,0,0,0,1.1526,999,999,999,1.0299,0.50696,0.17227,0.98386,0.14654,4.4047e-07,9999,1,1,625,4.4434,0.17227,0,0,0,0,0,0,0,0,1,0.56257,0.3144,-0.22446,0,0,0,0,0,10,0.14654,4.4047e-07,9999,1,625,4.4434,0.17227,0.56257,0.3144,-0.22446,2,0.011344,1.1351,1,0.87245,-0.22446,-1,-2.9806e-05,-0.86918,0,0,0,0,0,0,0,0
0,0,0,0,0.84908,0.36,0.31556,1,0.61965,1.2156,0.034024,-1,-0.0086609,0.00010024,0,0,0,0,0.81596,999,999,999,0.99516,0.73821,0,0,0,0,0,0,0,0,0,0,0,0,0,0,0,0,0,0,0,0,0,0,0,0,0,0,0,0,0,0,0,0,0,0,0,0,0,0,0,0.030364,0.84908,1,0.72091,0,0,0,0,0,0,0,0,0,0,0,1
0,0,0,0,0,0,0,0,0.79747,0.19873,0.55349,-1,-0.94862,-0.6162,0.00039626,0,0,0,1.2502,-0.88958,-0.97251,-0.88768,1.0612,0.70846,0.68571,0.52363,0.14147,4.4891e-07,9999,1,-1,683.59,6.25,0.1768,0,0,0,0,0,0,0,0,1,999,999,999,0,0,0,0,0,0,0,0,0,0,0,0,0,0,0,0,0,0.0020064,1.0452,1,0.79227,0.053209,1,0.00039626,0.1891,0,0,0,0,0,0,0,0
0,0,0,0,0,0,0,0,1.2158,0.52055,-0.2437,1,-0.96611,0.0094335,0.0027641,0,0,0,1.6733,999,999,999,1.4041,0.97208,1.2598,0.13449,0.1891,4.1942e-07,9999,1,-1,791.02,7.0312,0.16007,0,0,0,0,0,0,0,0,1,1.2158,0.76417,-0.49824,0,0,0,0,0,10,0.1891,4.1942e-07,9999,-1,791.02,7.0312,0.16007,1.2158,0.76417,-0.49824,-6,0.0070937,1.2158,1,0.76417,0.77974,1,0.0094335,0.0024817,0,0,0,0,0,0,0,0
0,0,0,0,0,0,0,0,0.54275,0.40053,-0.097905,1,-0.21762,0.00013998,0,0,0,0,0.63855,999,999,999,0.78226,0.7353,0,0,0,0,0,0,0,0,0,0,0,0,0,0,0,0,0,0,0,0,0,0,0,0,0,0,0,0,0,0,0,0,0,0,0,0,0,0,0,0.076945,0.51394,-1,0.91592,0,0,0,0,0,0,0,0,0,0,0,1
0,0,0,0,0,0,0,0,1.45,0.34104,-0.94582,-1,-0.96583,0.94604,-1.5541e-05,2,0,0,1.5089,999,999,999,2.0691,0.71166,0.4344,0.3905,0.23661,4.2894e-07,9999,1,1,771.48,5.7129,0.16575,0,0,0,0,0,0,0,0,1,999,999,999,0,0,0,0,0,0,0,0,0,0,0,0,0,0,0,0,0,0.0046845,1.45,-1,0.94306,0.14876,-1,-0.96583,-0.00018556,0,0,0,0,0,0,0,1
2.0439,0.20766,-0.87188,1,0,0,0,0,0.15377,0.48604,-0.10258,-1,0.39775,0.00027148,1.2093e-06,2,0,0,1.5739,2.0439,-0.94867,-0.97575,0.77237,1.5961,0.09169,0.62119,0.15377,4.0112e-07,9999,1,-1,810.55,5.9082,0.14828,0,0,0,0,0,0,0,0,1,999,999,999,0,0,0,0,0,0,0,0,0,0,0,0,0,0,0,0,0,0.029172,2.0439,1,0.94867,0.42232,1,0.00027148,0.15432,0.48604,0,0.90968,1,2,0.26288,0.9022,1
0,0,0,0,0,0,0,0,0.65912,0.24851,0.37589,-1,-6.8214e-05,-3.8191e-05,1.8098e-06,0,0,0,0.82312,-0.53851,-0.95905,-0.8973,0.98698,0.54245,0.37474,0.47373,0.20268,5.5412e-07,9999,1,1,634.77,4.4922,0.22133,0,0,0,0,0,0,0,0,1,0.65912,0.75278,-0.068424,0,0,0,0,0,10,0.20268,5.5412e-07,9999,1,634.77,4.4922,0.22133,0.65912,0.75278,-0.068424,0,0.0060478,0.65912,-1,0.75278,-0.068424,-1,-6.8214e-05,-0.003335,0,0,0,0,0,0,0,1
0,0,0,0,0,0,0,0,0.52915,0,0.58414,1,-0.99814,0.0072857,-0.00065886,0,0,0,1.4321,999,999,999,0.51085,0.66732,1.7722,0,0,0,0,0,0,0,0,0,0,0,0,0,0,0,0,0,0,0,0,0,0,0,0,0,0,0,0,0,0,0,0,0,0,0,0,0,0,0.0077964,1.1648,-1,0.83122,0,0,0,0,0,0,0,0,0,0,0,0
0,0,0,0,0,0,0,0,1.3274,0.28274,0.11702,1,0.78893,0.023604,-0.012301,1,0,0,1.6641,1.3274,-0.89775,-0.62305,0.98979,1.2528,0.88562,0.9898,0.17777,7.0469e-07,9999,0,-1,512.7,3.5645,0.26254,0,0,0,0,0,0,0,0,1,1.3274,0.89775,-0.82938,0,0,0,0,0,10,0.15419,5.2648e-07,9999,-1,610.35,3.7598,0.21137,1.3274,0.89775,-0.094537,-5,0.0035018,1.3274,1,0.89775,0.92138,1,0.78893,0.83008,0,0,0,0,0,0,0,1
0,0,0,0,0,0,0,0,0.50817,0.51321,0.81081,-1,-0.00064292,0.00044979,-0.00022265,0,1,0.49948,1.1763,-0.72258,0.9546,-0.9371,0.45504,0.63523,0.88568,0.73137,0.11714,1.2199e-06,9999,1,-1,0,36.328,0.076002,0,0,0,0,0,0,0,0,1,999,999,999,0,0,0,0,0,0,0,0,0,0,0,0,0,0,0,0,0,0.0074595,0.72258,-1,0.9546,-0.051808,1,0.00044979,0.54776,0,0,0,0,0,0,0,1
0,0,0,0,0.59733,0.81477,-0.20152,-1,0.36635,0.25048,0.8455,1,-0.98371,-0.00018766,7.1093e-07,1,0,0,0.70185,-0.59733,-0.52201,-0.45327,0.65809,0.84132,0.26391,0.45965,0.10094,4.5658e-07,9999,0,1,898.44,6.4453,0.18077,0,0,0,0,0,0,0,0,1,999,999,999,0,0,0,0,0,0,0,0,0,0,0,0,0,0,0,0,0,0.0046157,0.59733,-1,0.52201,-0.14275,-1,-0.98371,-0.47085,0,0,0,0,0,0,0,0
0,0,0,0,0,0,0,0,0.32673,0.15729,0.89449,1,0.06023,-0.0045748,7.7039e-06,1,1,0.49667,0.46921,999,999,999,1.0226,0.89071,0.37287,0,0,0,0,0,0,0,0,0,0,0,0,0,0,0,0,0,0,0,0,0,0,0,0,0,0,0,0,0,0,0,0,0,0,0,0,0,0,0.022259,0.55675,-1,0.87476,0,0,0,0,0,0,0,0,0,0,0,1
0,0,0,0,0,0,0,0,1.1033,0.41134,-0.26649,-1,0.81113,-0.00034706,-5.0427e-07,0,0,0,1.0436,999,999,999,0.56201,0.93269,0.20259,0.34045,0.13133,5.0427e-07,9999,1,-1,625,4.6875,0.20259,0,0,0,0,0,0,0,0,1,999,999,999,0,0,0,0,0,0,0,0,0,0,0,0,0,0,0,0,0,0.009359,1.1033,-1,0.74819,-0.059458,1,0.81113,0.20969,0,0,0,0,0,0,0,1
0,0,0,0,0,0,0,0,0.54961,0.93029,0.79188,-1,0.010881,-1.2442e-05,3.8033e-07,0,0,0,0.48568,999,999,999,0.72127,0.41368,0.13328,0.67032,0.23323,3.8033e-07,9999,1,1,966.8,6.543,0.13328,0,0,0,0,0,0,0,0,1,999,999,999,0,0,0,0,0,0,0,0,0,0,0,0,0,0,0,0,0,0.0054519,0.54961,-1,0.9348,0.41767,-1,-1.2442e-05,-0.00067824,0,0,0,0,0,0,0,1
0,0,0,0,0,0,0,0,1.7026,0.41049,-0.90455,-1,-0.051022,-0.016173,4.8295e-06,0,0,0,1.2988,-1.7026,-0.98044,-0.83982,1.7809,1.0845,0.29894,0,0,0,0,0,0,0,0,0,0,0,0,0,0,0,0,0,0,0,0,0,0,0,0,0,0,0,0,0,0,0,0,0,0,0,0,0,0,0.0063039,1.7026,-1,0.98044,0,0,0,0,0,0,0,0,0,0,0,1
0,0,0,0,0,0,0,0,0.88939,0,-0.43545,1,0.81329,0.12866,-0.0035186,0,0,0,1.5994,0.88939,-0.89312,-0.10496,1.2227,1.1283,0.87131,0,0,0,0,0,0,0,0,0,0,0,0,0,0,0,0,0,0,0,0,0,0,0,0,0,0,0,0,0,0,0,0,0,0,0,0,0,0,0.023531,1.0792,-1,0.88289,0,0,0,0,0,0,0,0,0,0,0,1
0,0,0,0,0,0,0,0,0.28877,1.5785,-0.97142,1,-0.9996,-0.082404,-0.00013801,1,0,0,0.92101,-0.56487,-0.41826,-0.73594,0.34672,0.84648,0.7668,0.18722,0.071348,1.2094e-06,9999,0,-1,0,4.1504,0.090731,0,0,0,0,0,0,0,0,1,999,999,999,0,0,0,0,0,0,0,0,0,0,0,0,0,0,0,0,0,0.040746,0.56487,-1,0.41826,0.050938,1,1.1327e-05,0.58047,0,0,0,0,0,0,0,0
0,0,0,0,0.531,2.223,0.69841,1,0.92639,0.96956,-0.61154,-1,-0.97744,-0.017139,0.0007604,1,1,0.50123,1.4601,-0.92639,-0.92847,-0.77919,0.60681,1.0477,0.36671,0.54794,0.21596,6.147e-07,9999,1,-1,517.58,4.834,0.24014,0,1,0,0,0,0,0,0,1,999,999,999,0,0,0,0,0,0,0,0,0,0,0,0,0,0,0,0,0,0.0077497,0.92639,-1,0.92847,0.88543,1,4.6347e-05,0.0014493,0,0,0,0,0,0,0,1
0,0,0,0,1.5811,0.68286,-0.86507,1,0.59409,0.28877,0.83606,-1,0.00065861,-6.5247e-05,-8.6985e-06,0,0,0,1.2518,999,999,999,2.5165,0.6443,0.38282,0,0,0,0,0,0,0,0,0,0,0,0,0,0,0,0,0,0,0,0,0,0,0,0,0,0,0,0,0,0,0,0,0,0,0,0,0,0,4.2514e-05,1.5811,1,0.94621,0,0,0,0,0,0,0,0,0,0,0,1
0,0,0,0,0,0,0,0,0.72379,0.89782,-0.79458,1,0.084756,1.9332e-05,-1.3996e-06,2,0,0,0.70175,999,999,999,0.99704,0.45635,0.16203,0.89338,0.12201,1.3996e-06,9999,1,-1,0,5.8594,0.16203,0,0,0,0,0,0,0,0,1,0.72379,0.93413,-0.7357,0,0,0,0,0,10,0.12201,1.3996e-06,9999,-1,0,5.8594,0.16203,0.72379,0.93413,-0.7357,-2,0.0072735,0.72379,1,0.93413,-0.7357,1,0.084756,0.71425,0,0,0,0,0,0,0,1
0,0,0,0,1.4686,0.049583,0.72295,-1,1.1306,0.23397,-0.5929,1,0.10143,-0.0021287,0.00099767,1,1,0.49802,1.7249,999,999,999,1.3261,2.1309,0.77153,0,0,0,0,0,0,0,0,0,0,0,0,0,0,0,0,0,0,0,0,0,0,0,0,0,0,0,0,0,0,0,0,0,0,0,0,0,0,0.00084348,1.4686,-1,0.97983,0,0,0,0,0,0,0,0,0,0,0,0
0,0,0,0,0,0,0,0,0.87535,0.69262,-0.85739,-1,-4.2679e-05,-1.8451e-05,6.9626e-06,4,0,0,0.57534,999,999,999,0.55502,0.45101,0.36473,0.90828,0.055616,3.2588e-07,9999,0,1,70.19,4.7852,0.082264,0,0,0,0,0,0,0,0,1,999,999,999,0,0,0,0,0,0,0,0,0,0,0,0,0,0,0,0,0,0.023851,0.87535,-1,0.88246,0.64902,-1,-4.2679e-05,-0.79076,0,0,0,0,0,0,0,1
1.8301,0,-0.88836,1,0,0,0,0,0,0,0,0,-0.00056845,-0.00031125,0.00013318,1,0,0,1.9412,999,999,999,0.74966,0.75415,2.1297,0,0,0,0,0,0,0,0,0,0,0,0,0,0,0,0,0,0,0,0,0,0,0,0,0,0,0,0,0,0,0,0,0,0,0,0,0,0,0.011822,1.8301,1,0.99227,0,0,0,0,0.70172,0.61815,0.69524,-1,2,0.072139,0.9796,1
0,0,0,0,0,0,0,0,0.97916,0.51306,-0.82766,1,-0.010892,0.0022952,0.00028531,0,0,0,1.0921,999,999,999,0.7852,0.74285,0.79226,0.64426,0.11039,3.7496e-07,9999,1,1,810.55,6.3477,0.12907,0,0,0,0,0,0,0,0,1,0.63096,0.96221,-0.4134,0,0,0,0,0,10,0.11039,3.7496e-07,9999,1,810.55,6.3477,0.12907,0.63096,0.96221,-0.4134,0,0.020916,0.97916,1,0.64071,-0.4134,-1,-0.010892,-0.51954,0,0,0,0,0,0,0,1
0,0,0,0,0,0,0,0,0.92595,1.3959,-0.52345,-1,-0.78662,-2.3604e-05,4.4614e-06,0,0,0,0.99268,999,999,999,0.82849,0.47824,0.33015,0.4648,0.1271,5.2207e-07,9999,1,1,620.12,4.7363,0.20969,0,0,0,0,0,0,0,0,1,999,999,999,0,0,0,0,0,0,0,0,0,0,0,0,0,0,0,0,0,0.015597,0.92595,-1,0.5172,0.53131,-1,-0.78662,-0.27405,0,0,0,0,0,0,0,0
0,0,0,0,0,0,0,0,1.2071,0.26848,-0.62176,1,0.1417,0.0010652,0.00017437,2,0,0,1.3759,1.2071,-0.97438,-0.87567,0.88653,1.4888,0.14834,0.88956,0.12796,3.8879e-07,9999,1,-1,1064.5,7.5195,0.13961,0,0,0,0,0,0,0,0,1,0.66492,0.95854,-0.91204,0,0,0,0,0,10,0.12796,3.8879e-07,9999,-1,1064.5,7.5195,0.13961,0.66492,0.95854,-0.91204,-0,0.0027641,1.2071,1,0.97438,-0.91204,1,0.1417,0.69253,0,0,0,0,0,0,0,1
0,0,0,0,0,0,0,0,1.5667,1.3167,-0.56286,-1,0.97273,-0.4155,0.038216,1,0,0,2.0991,1.2436,-0.93019,-0.71956,1.5508,1.3726,1.2189,0,0,0,0,0,0,0,0,0,0,0,0,0,0,0,0,0,0,0,0,0,0,0,0,0,0,0,0,0,0,0,0,0,0,0,0,0,0,0.0092302,1.5667,-1,0.89627,0,0,0,0,0,0,0,0,0,0,0,1
0,0,0,0,0,0,0,0,0.8281,1.3519,-0.47743,-1,0.00041055,-0.00025328,-3.9471e-05,2,1,0.49546,0.98406,999,999,999,0.87847,0.74542,0.54798,0.6752,0.17814,7.449e-07,9999,1,1,493.16,4.1016,0.27099,0,0,0,0,0,0,0,0,1,0.8281,0.65398,-0.82915,0,0,0,0,0,10,0.17814,7.449e-07,9999,1,493.16,4.1016,0.27099,0.8281,0.65398,-0.82915,0,0.0017937,0.8281,-1,0.65398,0.93,-1,-0.00025328,-0.058668,0,0,0,0,0,0,0,1
0,0,0,0,0,0,0,0,1.2963,0.49153,-0.016719,1,0.039032,-0.00078884,0.00066264,0,0,0,1.3285,999,999,999,1.097,0.7197,0.74587,0.62675,0.10027,3.5116e-07,9999,1,-1,1093.8,12.305,0.1085,0,0,0,0,0,0,0,0,1,999,999,999,0,0,0,0,0,0,0,0,0,0,0,0,0,0,0,0,0,0.0030413,1.2963,1,0.91667,0.85662,1,0.039032,0.57737,0,0,0,0,0,0,0,0
0,0,0,0,0,0,0,0,0.41644,0.20362,-0.43144,-1,-0.00013532,7.5138e-07,3.6936e-07,0,0,0,0.42526,999,999,999,0.34683,0.27228,0.12453,0.86224,0.23023,7.5138e-07,9999,0,1,463.87,4.4434,0.27228,0,0,0,0,0,0,0,0,1,999,999,999,0,0,0,0,0,0,0,0,0,0,0,0,0,0,0,0,0,0,0,0,0,0.81218,-1,-0.00013532,-0.0024966,0,0,0,0,0,0,0,0
0,0,0,0,0,0,0,0,1.0171,0.77945,0.75681,1,0.98428,-0.00018031,-2.1045e-06,1,0,0,0.65607,999,999,999,0.66089,0.19373,0.27352,0.3562,0.2094,0.00018031,9999,0,-1,791.02,0,0.19373,0,0,0,0,0,0,0,0,1,1.0171,0.95279,-0.055998,0,0,0,0,0,10,0.2094,0.00018031,9999,-1,791.02,0,0.19373,1.0171,0.95279,-0.055998,-11,0.014843,1.0171,1,0.95279,-0.055998,1,0.98428,0.0012575,0,0,0,0,0,0,0,1
0.67726,0,-0.50118,1,0,0,0,0,1.0482,0,-0.26167,1,0.96325,-0.41161,0.080615,0,0,0,1.5971,0.67726,0.94733,-0.63443,1.3793,0.98109,0.99823,0,0,0,0,0,0,0,0,0,0,0,0,0,0,0,0,0,0,0,0,0,0,0,0,0,0,0,0,0,0,0,0,0,0,0,0,0,0,0.013605,1.1279,-1,0.49382,0,0,0,0,0.67726,0,-0.50118,1,1,0.020866,0.94733,1
0,0,0,0,0,0,0,0,1.5514,0.70776,-0.67089,1,0.91482,0.46686,-0.00043391,0,0,0,1.4365,0.98669,0.80759,-0.47701,1.0894,1.0576,0.54423,0,0,0,0,0,0,0,0,0,0,0,0,0,0,0,0,0,0,0,0,0,0,0,0,0,0,0,0,0,0,0,0,0,0,0,0,0,0,0.00409,1.5514,1,0.85711,0,0,0,0,0,0,0,0,0,0,0,1
0,0,0,0,0,0,0,0,0.59292,0.61049,-0.63793,1,0.99593,-0.015855,0.00014494,0,0,0,1.0405,0.59292,0.93066,-0.94471,0.55985,0.80251,0.83171,0,0,0,0,0,0,0,0,0,0,0,0,0,0,0,0,0,0,0,0,0,0,0,0,0,0,0,0,0,0,0,0,0,0,0,0,0,0,0.010618,0.59292,1,0.93066,0,0,0,0,0,0,0,0,0,0,0,0
0,0,0,0,0,0,0,0,0.72191,0.066708,0.10799,-1,-0.96228,-0.9171,0.0001111,2,1,0.49665,1.1934,999,999,999,1.0481,0.31103,0.77032,0.68707,0.12659,0.9171,9999,1,-1,0,14.258,0.31103,0,0,0,0,0,0,0,0,1,0.64631,0.88824,-0.31463,0,0,0,0,0,10,0.12659,0.9171,9999,-1,0,14.258,0.31103,0.64631,0.88824,-0.31463,-22,0.017372,0.72191,-1,0.74388,0.85319,1,5.1278e-05,0.00083769,0,0,0,0,0,0,0,0
0.39677,1.748,-0.11617,-1,0,0,0,0,0.80694,0.41524,0.61474,1,0.00054926,-3.1217e-05,2.9913e-05,0,0,0,1.1293,999,999,999,0.91227,0.51309,0.50634,0,0,0,0,0,0,0,0,0,0,0,0,0,0,0,0,0,0,0,0,0,0,0,0,0,0,0,0,0,0,0,0,0,0,0,0,0,0,0.0078075,0.80694,1,0.93128,0,0,0,0,0.39677,1.748,-0.11617,-1,1,0.025547,0.64449,1
0,0,0,0,0,0,0,0,0.96572,0.82744,-0.8411,1,-0.0028811,0.00047851,0.00010751,0,0,0,1.0475,999,999,999,0.70579,0.61312,1.41,0,0,0,0,0,0,0,0,0,0,0,0,0,0,0,0,0,0,0,0,0,0,0,0,0,0,0,0,0,0,0,0,0,0,0,0,0,0,0.015234,0.96572,1,0.95187,0,0,0,0,0,0,0,0,0,0,0,0
0,0,0,0,0,0,0,0,1.3122,0,-0.42784,1,0.50052,0.15493,-0.088018,1,0,0,1.7055,999,999,999,1.4776,1.4653,1.3819,0,0,0,0,0,0,0,0,0,0,0,0,0,0,0,0,0,0,0,0,0,0,0,0,0,0,0,0,0,0,0,0,0,0,0,0,0,0,0.012529,1.3122,1,0.88802,0,0,0,0,0,0,0,0,0,0,0,1
0,0,0,0,0,0,0,0,0.2562,0.51692,-0.86839,1,1.021e-05,4.1551e-07,0,0,0,0,0.41502,999,999,999,0.39632,0.15764,0,0,0,0,0,0,0,0,0,0,0,0,0,0,0,0,0,0,0,0,0,0,0,0,0,0,0,0,0,0,0,0,0,0,0,0,0,0,0,0,0,0,0,0,0,0,0,0,0,0,0,0,0,0,0
0,0,0,0,1.7559,0.096341,-0.040847,-1,0.34461,1.0812,0.2599,-1,-0.99973,-0.062959,-0.006556,2,0,0,1.8778,-1.7559,-0.97026,-0.73461,0.33388,1.7792,0.98246,0,0,0,0,0,0,0,0,0,0,0,0,0,0,0,0,0,0,0,0,0,0,0,0,0,0,0,0,0,0,0,0,0,0,0,0,0,0,0.0018451,1.7559,-1,0.97026,0,0,0,0,0,0,0,0,0,0,0,0
0,0,0,0,0,0,0,0,0.8133,1.9109,-0.99541,-1,-0.021777,0.00055808,-3.6357e-05,2,0,0,0.79786,999,999,999,1.2295,0.31657,0.53502,0,0,0,0,0,0,0,0,0,0,0,0,0,0,0,0,0,0,0,0,0,0,0,0,0,0,0,0,0,0,0,0,0,0,0,0,0,0,0.00036237,0.8133,-1,0.99258,0,0,0,0,0,0,0,0,0,0,0,0
0,0,0,0,0,0,0,0,1.0402,0.56258,-0.73056,1,-0.99983,0.043648,0.039944,0,0,0,1.2282,999,999,999,0.36961,1.3106,0.99737,0.68531,0.1472,3.6756e-07,9999,1,1,1064.5,9.1797,0.12304,0,0,0,0,0,0,0,0,1,999,999,999,0,0,0,0,0,0,0,0,0,0,0,0,0,0,0,0,0,0.00037368,1.0402,1,0.98611,0.94049,-1,-0.99983,-0.25958,0,0,0,0,0,0,0,0
0,0,0,0,1.783,0.42461,-0.96788,-1,0.36596,0.42484,0.68333,-1,-0.9047,-0.033318,1.4636e-05,0,0,0,1.6949,-1.783,-0.99489,-0.8298,0.66947,1.6321,0.42866,0.76022,0.10021,4.6058e-07,9999,1,1,742.19,4.3945,0.18278,1,0,-0.25472,3.594,6.8043,0.0019719,0.29743,1.2994,1,1.783,0.99489,-0.71451,0,0,0,0,0,10,0.10021,4.6058e-07,9999,1,742.19,4.3945,0.18278,1.783,0.99489,-0.71451,2,0.0092602,1.783,-1,0.99489,0.98096,-1,-0.9047,-0.65316,0,0,0,0,0,0,0,0
0,0,0,0,0,0,0,0,1.3676,0.52072,0.89387,1,-0.98632,0.05472,-0.042875,0,1,0.49654,1.7432,999,999,999,0.78929,1.6191,1.341,0,0,0,0,0,0,0,0,0,0,0,0,0,0,0,0,0,0,0,0,0,0,0,0,0,0,0,0,0,0,0,0,0,0,0,0,0,0,0.0074547,1.3676,1,0.97193,0,0,0,0,0,0,0,0,0,0,0,1
0,0,0,0,0.64442,0.73944,0.58198,1,0.99193,1.1942,-0.85832,-1,0.99997,-0.9365,-0.086325,0,1,0.49936,1.3004,0.64442,0.93764,-0.85871,0.26343,0.58551,1.2572,0.82576,0.19134,5.0107e-07,9999,1,-1,610.35,5.6152,0.20126,0,0,0,0,0,0,0,0,1,999,999,999,0,0,0,0,0,10,0.23997,0.99997,9999,1,2187.5,16.797,0.26343,0.99193,0.55553,-0.25755,22,0.0086468,0.99193,-1,0.55553,-0.67535,1,0.99997,0.11449,0,0,0,0,0,0,0,0
0,0,0,0,0,0,0,0,0.91019,0.28331,0.83544,-1,0.99894,0.98112,-0.97031,2,0,0,1.3183,0.72593,-0.35369,-0.41889,0.47171,0.78963,0.87106,0,0,0,0,0,0,0,0,0,0,0,0,0,0,0,0,0,0,0,0,0,0,0,0,0,0,0,0,0,0,0,0,0,0,0,0,0,0,0.016407,0.91019,-1,0.92024,0,0,0,0,0,0,0,0,0,0,0,1
1.1571,0,-0.54469,-1,0,0,0,0,0.60978,0,0.14483,-1,-0.1033,-8.5361e-05,6.4112e-07,1,0,0,1.2447,-0.60978,-0.76935,-0.68206,1.0646,0.6904,0.24731,0,0,0,0,0,0,0,0,0,0,0,0,0,0,0,0,0,0,0,0,0,0,0,0,0,0,0,0,0,0,0,0,0,0,0,0,0,0,0.0066522,1.1571,-1,0.8858,0,0,0,0,0,0,0,0,0,0,0,0
0,0,0,0,0,0,0,0,1.4054,0.31112,-0.95257,1,0.70658,6.4768e-05,-7.154e-07,0,0,0,1.5138,0.51295,-0.67814,-0.58921,1.6723,0.65635,0.26487,0.97167,0.18054,7.154e-07,9999,1,-1,522.46,3.5645,0.26487,0,0,0,0,0,0,0,0,1,0.51295,0.67814,-0.62073,0,0,0,0,0,10,0.18054,7.154e-07,9999,-1,522.46,3.5645,0.26487,0.51295,0.67814,-0.62073,-2,0.0083657,1.4054,1,0.97953,0.91707,1,0.70658,0.74444,0,0,0,0,0,0,0,1
0,0,0,0,0,0,0,0,2.0471,1.1392,-0.62703,1,-0.84969,0.0002939,-2.8356e-05,1,0,0,2.1283,999,999,999,1.1904,2.9477,0.50043,0.98344,0.14344,3.9987e-07,9999,0,-1,888.67,8.5938,0.14743,0,0,0,0,0,0,0,0,1,2.0471,0.9989,-0.97389,0,0,0,0,0,10,0.14344,3.9987e-07,9999,-1,888.67,8.5938,0.14743,2.0471,0.9989,-0.97389,-2,0.0096618,2.0471,1,0.9989,0.50461,1,2.2638e-06,0.87077,0,0,0,0,0,0,0,1
0,0,0,0,0,0,0,0,0.22192,1.311,0.17193,1,-0.00053317,1.4068e-06,-1.2299e-06,2,0,0,0.21559,999,999,999,0.36721,0.16325,0.069546,0.99124,0.090169,1.4068e-06,9999,1,1,0,5.957,0.16325,0,0,0,0,0,0,0,0,1,999,999,999,0,0,0,0,0,0,0,0,0,0,0,0,0,0,0,0,0,0,0,0,0,0.091336,-1,-0.00053317,-0.88909,0,0,0,0,0,0,0,0
0,0,0,0,0,0,0,0,1.0318,0.28478,-0.76241,-1,-0.95264,-0.020512,8.3482e-06,0,0,0,1.1753,999,999,999,0.61537,1.4732,0.37942,0.99685,0.24823,3.7002e-06,9999,1,1,478.52,4.0039,0.31599,0,0,0,0,0,0,0,0,1,1.0318,0.7481,-0.70112,0,0,0,0,0,10,0.24823,3.7002e-06,9999,1,478.52,4.0039,0.31599,1.0318,0.7481,-0.70112,5,0.010104,1.0318,-1,0.7481,-0.93343,-1,-0.95264,-0.14883,0,0,0,0,0,0,0,0
0,0,0,0,0,0,0,0,0.67648,1.2443,-0.81729,-1,-0.9992,-0.0010861,0.00060356,1,1,0.49791,0.80579,-0.63969,0.84199,-0.87103,0.45291,0.97249,0.50965,0,0,0,0,0,0,0,0,0,0,0,0,0,0,0,0,0,0,0,0,0,0,0,0,0,0,0,0,0,0,0,0,0,0,0,0,0,0,0.014592,0.63969,-1,0.84199,0,0,0,0,0,0,0,0,0,0,0,1
0,0,0,0,0,0,0,0,0.71967,0.69507,-0.12381,-1,0.0001491,-9.4797e-05,-5.4516e-06,0,1,0.49779,0.89468,999,999,999,0.56995,0.94719,0.34553,0.77201,0.18273,3.5672e-07,9999,1,-1,1005.9,11.133,0.11362,0,0,0,0,0,0,0,0,1,999,999,999,0,0,0,0,0,0,0,0,0,0,0,0,0,0,0,0,0,0.01112,0.71967,-1,0.56697,-0.38494,1,0.0001491,0.10172,0,0,0,0,0,0,0,0
2.1284,0.10394,-0.50024,-1,0,0,0,0,0.94713,1.5216,0.51783,1,-0.019373,0.00013997,7.0516e-06,2,0,0,2.0548,999,999,999,3.0334,0.86744,0.36575,0.93746,0.10798,1.2221e-06,9999,0,1,0,22.461,0.074345,0,0,0,0,0,0,0,0,1,2.1284,0.99787,-0.9546,0,0,0,0,0,10,0.10798,1.2221e-06,9999,1,0,22.461,0.074345,2.1284,0.99787,-0.9546,2,0.0094827,2.1284,-1,0.99787,0.68611,-1,-1.3218e-06,-0.80438,0,0,0,0,0,0,0,0
1.7745,0.25589,-0.96779,-1,0,0,0,0,0.21447,1.0012,-0.49495,1,-6.038e-05,1.4479e-06,6.2571e-07,0,0,0,1.711,999,999,999,2.3008,0.16976,0.2432,0.62287,0.10218,1.4479e-06,9999,1,1,0,5.5664,0.16976,0,0,0,0,0,0,0,0,1,1.7745,0.9864,-0.6066,0,0,0,0,0,10,0.10218,1.4479e-06,9999,1,0,5.5664,0.16976,1.7745,0.9864,-0.6066,2,0.019067,1.7745,-1,0.9864,0.49753,-1,-6.038e-05,-0.0021951,0,0,0,0,0,0,0,0
0.41833,1.2793,-0.39625,-1,0,0,0,0,0.28533,1.2573,0.95008,1,0.99937,-0.98385,-0.19635,2,0,0,0.55006,999,999,999,0.36076,0.30412,0.55628,0,0,0,0,0,0,0,0,0,0,0,0,0,0,0,0,0,0,0,0,0,0,0,0,0,0,0,0,0,0,0,0,0,0,0,0,0,0,0,0,0,0,0,0,0,0,0.41833,1.2793,-0.39625,-1,1,0.30295,0.94713,1
0,0,0,0,1.5093,0.2806,-0.98402,-1,0.49107,0.10622,0.93092,-1,-0.98606,-0.093572,1.9599e-06,0,0,0,1.5619,-1.5093,-0.98334,-0.9593,0.71338,1.5009,0.38219,0.98543,0.24343,1.7555e-06,9999,0,1,664.06,3.2227,0.25969,0,0,0,0,0,0,0,0,1,999,999,999,0,0,0,0,0,0,0,0,0,0,0,0,0,0,0,0,0,0.0038102,1.5093,-1,0.98334,-0.99679,-1,-0.98606,-0.14077,0,0,0,0,0,0,0,0
0.44751,0.26697,0.89901,1,0,0,0,0,0.31998,0.77423,-0.33189,-1,6.6693e-05,1.9523e-05,-2.1773e-06,0,0,0,0.74423,999,999,999,0.66553,0.45733,0.2761,0,0,0,0,0,0,0,0,0,0,0,0,0,0,0,0,0,0,0,0,0,0,0,0,0,0,0,0,0,0,0,0,0,0,0,0,0,0,0.0087018,0.54623,1,0.4398,0,0,0,0,0.44751,0.26697,0.89901,1,1,0.09548,0.99878,0
0,0,0,0,0,0,0,0,0.26173,0.15753,0.66856,1,1.7996e-06,-3.9392e-07,0,0,0,0,0.28548,999,999,999,0.26159,0.1433,0,0.60422,0.20391,3.9392e-07,9999,1,-1,644.53,5.0781,0.1433,0,0,0,0,0,0,0,0,1,999,999,999,0,0,0,0,0,0,0,0,0,0,0,0,0,0,0,0,0,0,0,0,0,-0.37248,1,1.7996e-06,0.0054476,0,0,0,0,0,0,0,1
0,0,0,0,0,0,0,0,0.74748,0.55444,0.14189,-1,0.99997,-0.00010671,-3.6654e-05,1,0,0,0.9916,999,999,999,0.29861,0.87343,0.53392,0.86374,0.12314,1.2106e-06,9999,0,-1,0,3.7109,0.086704,0,0,0,0,0,0,0,0,1,999,999,999,0,0,0,0,0,0,0,0,0,0,0,0,0,0,0,0,0,0.012708,0.74748,-1,0.63002,0.60147,1,0.99997,0.66561,0,0,0,0,0,0,0,1
0,0,0,0,0,0,0,0,0.76593,0.94989,-0.83364,-1,0.86109,-0.75427,4.1937e-07,1,0,0,1.2532,999,999,999,1.5675,1.1464,0.16003,0.3268,0.22364,4.1937e-07,9999,1,1,683.59,5.7617,0.16003,0,0,0,0,0,0,0,0,1,0.76593,0.91566,-0.047475,0,0,0,0,0,10,0.24369,3.9287e-07,9999,-1,527.34,3.0762,0.14255,1.1133,0.94375,-0.60623,-8,0.011957,1.1133,1,0.94375,-0.047475,-1,-0.75427,-0.00039167,0,0,0,0,0,0,0,1
0.79635,0.088973,-0.21474,1,0,0,0,0,0.35613,0,-0.11436,-1,0.99997,0.0044167,-1.0714e-05,0,0,0,0.98121,0.79635,0.81697,-0.2722,0.27587,0.91957,0.40046,0,0,0,0,0,0,0,0,0,0,0,0,0,0,0,0,0,0,0,0,0,0,0,0,0,0,0,0,0,0,0,0,0,0,0,0,0,0,0.0045499,0.79635,1,0.81697,0,0,0,0,0.51118,0.088973,-0.64682,-1,2,0.029597,0.87112,1
0,0,0,0,0,0,0,0,0.78264,1.2236,-0.8302,-1,-0.048346,-0.00029061,4.6639e-05,1,0,0,0.97307,-0.52654,-0.51462,-0.093478,1.2088,0.5624,0.55709,0.92356,0.13917,5.2408e-07,9999,1,1,473.63,5.957,0.21046,0,0,0,0,0,0,0,0,1,0.78264,0.58321,-0.3893,0,0,0,0,0,10,0.13917,5.2408e-07,9999,1,473.63,5.957,0.21046,0.78264,0.58321,-0.3893,2,0.0024708,0.78264,-1,0.58321,-0.3893,-1,-0.048346,-0.73305,0,0,0,0,0,0,0,0
0,0,0,0,0,0,0,0,0.38028,0.15601,0.034224,-1,0.00020123,-4.0253e-05,2.2059e-05,2,1,0.49718,0.82206,999,999,999,0.55979,0.52989,0.47061,0,0,0,0,0,0,0,0,0,0,0,0,0,0,0,0,0,0,0,0,0,0,0,0,0,0,0,0,0,0,0,0,0,0,0,0,0,0,0,0,0,0,0,0,0,0,0,0,0,0,0,0,0,1
0,0,0,0,1.1639,0,-0.86398,1,0.26519,0.48939,0.82607,1,0.0031189,4.546e-06,-1.3132e-06,0,0,0,1.231,999,999,999,1.2771,0.33158,0.14461,0.79955,0.12212,1.3132e-06,9999,1,-1,332.03,17.383,0.14461,0,0,0,0,0,0,0,0,1,1.1639,0.97249,-0.67039,0,0,0,0,0,10,0.12212,1.3132e-06,9999,-1,332.03,17.383,0.14461,1.1639,0.97249,-0.67039,-2,0.0068805,1.1639,1,0.97249,0.52334,1,4.546e-06,0.58858,0,0,0,0,0,0,0,1
0.94789,0.60488,-0.94971,1,0,0,0,0,0.61279,0.49446,0.82176,1,0.047339,0.0012336,-3.2944e-05,0,0,0,1.0239,0.94789,-0.99872,-0.89703,0.95917,0.78476,0.5206,0,0,0,0,0,0,0,0,0,0,0,0,0,0,0,0,0,0,0,0,0,0,0,0,0,0,0,0,0,0,0,0,0,0,0,0,0,0,0.013446,0.94789,1,0.99872,0,0,0,0,0.94789,0.60488,-0.94971,1,1,0.013446,0.99872,1
0,0,0,0,0,0,0,0,0.50538,0.5599,0.99564,-1,-5.7812e-05,0,0,0,0,0,0.50234,999,999,999,0.62276,0,0,0,0,0,0,0,0,0,0,0,0,0,0,0,0,0,0,0,0,0,0,0,0,0,0,0,0,0,0,0,0,0,0,0,0,0,0,0,0,0.02157,0.50538,-1,0.97446,0,0,0,0,0,0,0,0,0,0,0,1
0,0,0,0,0,0,0,0,0.93472,1.2951,-0.036404,-1,0.11487,-0.026454,-0.01378,2,1,0.49851,1.0481,999,999,999,0.797,1.3015,0.79443,0,0,0,0,0,0,0,0,0,0,0,0,0,0,0,0,0,0,0,0,0,0,0,0,0,0,0,0,0,0,0,0,0,0,0,0,0,0,0.00018816,0.93472,-1,0.97936,0,0,0,0,0,0,0,0,0,0,0,0
0,0,0,0,0,0,0,0,1.9764,0.22584,0.17018,1,0.94887,-0.090016,-5.4639e-05,0,0,0,2.1117,999,999,999,1.9756,1.1044,0.6111,0.97684,0.08427,3.9371e-07,9999,1,1,830.08,7.5195,0.14315,0,0,0,0,0,0,0,0,1,999,999,999,0,0,0,0,0,0,0,0,0,0,0,0,0,0,0,0,0,0.0038412,1.9764,1,0.99607,0.99102,-1,-0.090016,-0.86663,0,0,0,0,0,0,0,1
0,0,0,0,0,0,0,0,1.0685,0.59233,-0.71766,1,-0.00058164,0.00018171,0.00011273,1,1,0.49922,0.99127,999,999,999,0.33238,0.65777,0.76121,0.2865,0.23985,0.00058164,9999,1,-1,454.1,0,0.33238,0,0,0,0,0,0,0,0,1,1.0685,0.87557,-0.15013,0,0,0,0,0,10,0.23985,0.00058164,9999,-1,454.1,0,0.33238,1.0685,0.87557,-0.15013,-6,0.061111,1.0685,1,0.87557,0.98187,1,0.00018171,0.00013255,0,0,0,0,0,0,0,0
0,0,0,0,0,0,0,0,0.70065,0.85583,-0.93002,-1,-0.0015924,-0.00043155,0.00010725,1,0,0,0.81088,-0.50713,-0.46416,-0.58668,1.0001,0.24528,0.80166,0,0,0,0,0,0,0,0,0,0,0,0,0,0,0,0,0,0,0,0,0,0,0,0,0,0,0,0,0,0,0,0,0,0,0,0,0,0,0.0061383,0.70065,-1,0.97479,0,0,0,0,0,0,0,0,0,0,0,0
0,0,0,0,0,0,0,0,0.85858,1.1343,-0.43839,-1,0.2519,-0.055015,-0.0034726,0,0,0,0.83413,999,999,999,1.3398,0.73027,0.63181,0.59622,0.22306,9.1402e-07,9999,1,-1,473.63,6.1523,0.29951,0,0,0,0,0,0,0,0,1,999,999,999,0,0,0,0,0,0,0,0,0,0,0,0,0,0,0,0,0,0.0053901,0.85858,-1,0.92985,0.75548,1,0.2519,0.00099891,0,0,0,0,0,0,0,1
0,0,0,0,0,0,0,0,0.34369,0.738,-0.94988,1,0.00026129,7.4137e-06,-3.3371e-06,1,0,0,0.75032,999,999,999,0.89058,0.36977,0.30822,0.27586,0.16601,3.6684e-07,9999,1,-1,1113.3,8.5938,0.12243,0,0,0,0,0,0,0,0,1,999,999,999,0,0,0,0,0,0,0,0,0,0,0,0,0,0,0,0,0,0.026446,0.65541,1,0.66457,0.97035,1,7.4137e-06,0.0053464,0,0,0,0,0,0,0,0
0,0,0,0,0,0,0,0,1.3309,1.0557,-0.73999,-1,0.99999,-0.99996,-0.10247,0,0,0,1.2316,999,999,999,0.27398,0.28678,2.0028,0,0,0,0,0,0,0,0,0,0,0,0,0,0,0,0,0,0,0,0,0,0,0,0,0,0,0,0,0,0,0,0,0,0,0,0,0,0,0.0016664,1.3309,-1,0.99616,0,0,0,0,0,0,0,0,0,0,0,0
0,0,0,0,0,0,0,0,0.24625,0.79258,0.40012,1,-0.0002063,1.2428e-06,8.2538e-07,2,0,0,0.29793,999,999,999,0.23819,0.12246,0.28577,0.98726,0.24625,8.2538e-07,9999,1,1,498.05,3.3691,0.28577,0,0,0,0,0,0,0,0,1,999,999,999,0,0,0,0,0,0,0,0,0,0,0,0,0,0,0,0,0,0,0,0,0,0.85839,-1,-0.0002063,-0.12372,0,0,0,0,0,0,0,0
0,0,0,0,0,0,0,0,0.65357,1.4952,-0.79885,-1,0.81091,0.00036733,-3.2052e-05,0,0,0,1.044,0.73264,0.95647,-0.36294,0.68613,1.0127,0.51662,0,0,0,0,0,0,0,0,0,0,0,0,0,0,0,0,0,0,0,0,0,0,0,0,0,0,0,0,0,0,0,0,0,0,0,0,0,0,0.010816,0.73264,1,0.95647,0,0,0,0,0,0,0,0,0,0,0,0
0,0,0,0,1.1545,0.069445,0.074489,-1,0.30748,1.2288,-0.83862,1,-0.012676,5.1603e-07,0,0,0,0,1.1121,999,999,999,1.1248,0.20734,0,0,0,0,0,0,0,0,0,0,0,0,0,0,0,0,0,0,0,0,0,0,0,0,0,0,0,0,0,0,0,0,0,0,0,0,0,0,0,0.00083552,1.1545,-1,0.85041,0,0,0,0,0,0,0,0,0,0,0,0
0,0,0,0,1.3152,0.26945,-0.14984,-1,0.23048,0.10542,0.74813,-1,0.21095,-0.06578,-4.3639e-06,0,0,0,1.5559,999,999,999,0.82565,1.6881,0.32847,0.52256,0.057991,1.2256e-06,9999,1,1,0,8.4961,0.11349,0,0,0,0,0,0,0,0,1,1.3152,0.92091,-0.16465,0,0,0,0,0,10,0.057991,1.2256e-06,9999,1,0,8.4961,0.11349,1.3152,0.92091,-0.16465,0,0.0046067,1.3152,-1,0.92091,-0.16465,-1,-0.06578,-0.75402,0,0,0,0,0,0,0,0
0,0,0,0,0,0,0,0,1.3925,0.42026,0.62728,1,0.0096161,-0.0005861,3.7711e-05,0,0,0,1.6348,999,999,999,1.7489,0.91223,0.54066,0,0,0,0,0,0,0,0,0,0,0,0,0,0,0,0,0,0,0,0,0,0,0,0,0,0,0,0,0,0,0,0,0,0,0,0,0,0,0.0068918,1.3925,1,0.99106,0,0,0,0,0,0,0,0,0,0,0,0
0,0,0,0,0,0,0,0,0.67944,1.0732,0.42822,-1,0.11084,-0.0051981,-0.00071901,0,0,0,1.1335,999,999,999,0.92656,1.0858,0.63849,0,0,0,0,0,0,0,0,0,0,0,0,0,0,0,0,0,0,0,0,0,0,0,0,0,0,0,0,0,0,0,0,0,0,0,0,0,0,0.032259,0.88535,-1,0.48867,0,0,0,0,0,0,0,0,0,0,0,1
0,0,0,0,0,0,0,0,0.9166,0.6171,-0.54908,-1,-0.027069,7.6093e-05,0,0,0,0,0.98813,999,999,999,1.1049,0.63174,0,0,0,0,0,0,0,0,0,0,0,0,0,0,0,0,0,0,0,0,0,0,0,0,0,0,0,0,0,0,0,0,0,0,0,0,0,0,0,0.0012698,0.9166,-1,0.87765,0,0,0,0,0,0,0,0,0,0,0,0
0,0,0,0,0,0,0,0,0.30656,0.29581,-0.29448,-1,0.99998,-0.95425,-0.00017668,3,0,0,0.86928,999,999,999,0.25915,0.44571,0.18048,0.71627,0.19905,4.4679e-07,9999,1,-1,683.59,6.7383,0.17568,0,0,0,0,0,0,0,0,1,0.69007,0.97229,-0.67507,0,0,0,0,0,10,0.19905,4.4679e-07,9999,-1,683.59,6.7383,0.17568,0.69007,0.97229,-0.67507,-0,0.0016081,0.69007,1,0.97229,0.37465,1,0.99998,0.00011969,0,0,0,0,0,0,0,1
0.43914,1.4769,0.14181,-1,0,0,0,0,1.2149,0.67825,-0.23645,1,-0.99924,0.9682,0.0021619,0,0,0,1.5557,999,999,999,0.44974,1.5824,1.0114,0,0,0,0,0,0,0,0,0,0,0,0,0,0,0,0,0,0,0,0,0,0,0,0,0,0,0,0,0,0,0,0,0,0,0,0,0,0,0.0014419,1.2149,1,0.86651,0,0,0,0,0.43914,1.4769,0.14181,-1,1,0.0069001,0.92039,0
0,0,0,0,0,0,0,0,0.43651,1.5233,-0.75835,1,0.97239,0.33435,-0.00023279,1,0,0,0.83479,999,999,999,0.50091,0.64131,0.26309,0,0,0,0,0,0,0,0,0,0,0,0,0,0,0,0,0,0,0,0,0,0,0,0,0,0,0,0,0,0,0,0,0,0,0,0,0,0,0.020671,0.50755,-1,0.59902,0,0,0,0,0,0,0,0,0,0,0,0
0,0,0,0,0,0,0,0,1.9059,0.22153,-0.85579,-1,-0.90215,-0.19863,0.00091805,1,1,0.50006,2.1161,-1.9059,0.98605,-0.86912,0.27852,2.3598,0.94455,0.22583,0.2257,2.052e-06,9999,1,1,498.05,3.3691,0.27161,0,1,0,0,0,0,0,0,1,999,999,999,0,0,0,0,0,0,0,0,0,0,0,0,0,0,0,0,0,0.0069839,1.9059,-1,0.98605,-0.084581,-1,-0.90215,-0.00026562,0,0,0,0,0,0,0,0
0,0,0,0,0,0,0,0,0.46822,0.45003,-0.69637,1,-0.00020708,-4.3464e-06,2.7324e-06,0,0,0,0.53666,999,999,999,0.41982,0.32817,0.29321,0,0,0,0,0,0,0,0,0,0,0,0,0,0,0,0,0,0,0,0,0,0,0,0,0,0,0,0,0,0,0,0,0,0,0,0,0,0,0.034096,0.54252,-1,0.84134,0,0,0,0,0,0,0,0,0,0,0,1
0,0,0,0,0,0,0,0,1.0001,0.84383,-0.31821,-1,-0.7353,0.00013066,6.6076e-06,0,0,0,0.79865,999,999,999,1.6661,0.33389,0.36057,0.86124,0.13373,4.8299e-07,9999,1,-1,654.3,4.8828,0.19341,0,0,0,0,0,0,0,0,1,999,999,999,0,0,0,0,0,0,0,0,0,0,0,0,0,0,0,0,0,0.012765,1.0001,-1,0.65962,0.92819,1,6.6076e-06,0.62159,0,0,0,0,0,0,0,1
0,0,0,0,0,0,0,0,0.571,0,-0.834,-1,0.99911,-0.0013645,0,0,0,0,0.50546,999,999,999,0.39986,0.85168,0,0.60858,0.21157,0.99911,9999,1,1,1044.9,10.938,0.39986,0,0,0,0,0,0,0,0,1,999,999,999,0,0,0,0,0,0,0,0,0,0,0,0,0,0,0,0,0,0.020962,0.571,-1,0.99723,0.63066,-1,-0.0013645,-5.3269e-06,0,0,0,0,0,0,0,1
0,0,0,0,0,0,0,0,1.1764,0.79614,-0.94992,1,0.87526,0.021604,-5.0507e-05,0,0,0,1.4158,1.1764,-0.88144,-0.97919,0.64477,1.4336,0.56516,0,0,0,0,0,0,0,0,0,0,0,0,0,0,0,0,0,0,0,0,0,0,0,0,0,0,0,0,0,0,0,0,0,0,0,0,0,0,0.0001522,1.1764,1,0.88144,0,0,0,0,0,0,0,0,0,0,0,0
0,0,0,0,0,0,0,0,0.6281,0.55586,0.89545,-1,0.70174,0.00095449,0.00032419,0,0,0,1.332,0.8087,0.87823,-0.80054,1.0548,1.0119,1.0828,0,0,0,0,0,0,0,0,0,0,0,0,0,0,0,0,0,0,0,0,0,0,0,0,0,0,0,0,0,0,0,0,0,0,0,0,0,0,0.010525,0.8256,1,0.98236,0,0,0,0,0,0,0,0,0,0,0,1
0,0,0,0,0,0,0,0,1.1019,1.7843,-0.9458,1,0.85473,0.028507,-2.5403e-05,1,0,0,1.5561,0.60568,-0.94448,-0.57015,1.3939,1.5688,0.48688,0,0,0,0,0,0,0,0,0,0,0,0,0,0,0,0,0,0,0,0,0,0,0,0,0,0,0,0,0,0,0,0,0,0,0,0,0,0,0.011331,1.1019,1,0.71743,0,0,0,0,0,0,0,0,0,0,0,1
0,0,0,0,0,0,0,0,0.30306,0.8808,0.90639,-1,0.99996,-0.9999,-0.99872,1,0,0,0.81754,0.50822,0.47811,-0.38879,0.27538,0.3408,0.48409,0,0,0,0,0,0,0,0,0,0,0,0,0,0,0,0,0,0,0,0,0,0,0,0,0,0,0,0,0,0,0,0,0,0,0,0,0,0,0.019442,0.67749,-1,0.87974,0,0,0,0,0,0,0,0,0,0,0,1
0,0,0,0,1.5061,0.89609,-0.98998,-1,0,0,0,0,-0.032666,0,0,0,0,0,1.1106,999,999,999,1.159,0,0,0,0,0,0,0,0,0,0,0,0,0,0,0,0,0,0,0,0,0,0,0,0,0,0,0,0,0,0,0,0,0,0,0,0,0,0,0,0,0.017335,1.5061,-1,0.90814,0,0,0,0,0,0,0,0,0,0,0,0
0,0,0,0,0,0,0,0,0.67855,2.0214,0.89887,1,-0.99996,0.99069,-0.91072,2,0,0,0.89242,999,999,999,0.27045,0.65468,0.29576,0.74605,0.14345,5.5143e-07,9999,1,-1,551.76,3.8574,0.22041,0,0,0,0,0,0,0,0,1,0.67855,0.90797,-0.93716,0,0,0,0,0,10,0.14345,5.5143e-07,9999,-1,551.76,3.8574,0.22041,0.67855,0.90797,-0.93716,-4,0.0029173,0.67855,1,0.90797,-0.93716,1,0.99069,0.37073,0,0,0,0,0,0,0,1
0,0,0,0,0,0,0,0,0.79057,1.2289,-0.34918,1,0.13662,0.00024556,-3.531e-05,1,0,0,0.92424,999,999,999,1.1662,0.27239,0.53054,0.76826,0.15223,6.4311e-07,9999,1,-1,473.63,4.248,0.24782,0,0,0,0,0,0,0,0,1,999,999,999,0,0,0,0,0,0,0,0,0,0,0,0,0,0,0,0,0,0.01198,0.79057,1,0.49742,0.1313,1,0.13662,0.33064,0,0,0,0,0,0,0,1
0,0,0,0,1.5443,0.28367,-0.9558,1,0.56357,0,0.87577,-1,0.82771,0.0019955,-1.8585e-05,0,0,0,1.3546,1.5443,0.94664,-0.043391,0.18458,2.2528,0.45225,0.28224,0.24696,6.7777e-06,9999,1,-1,454.1,3.7109,0.36259,0,0,0,0,0,0,0,0,1,1.5443,0.94664,-0.014653,0,0,0,0,0,10,0.24696,6.7777e-06,9999,-1,454.1,3.7109,0.36259,1.5443,0.94664,-0.014653,-0,0.0030576,1.5443,1,0.94664,-0.40125,1,0.82771,9.2807e-05,0,0,0,0,0,0,0,1
0,0,0,0,0,0,0,0,0.96034,0.91613,-0.12125,1,0.41836,0.00018641,-0.00017424,3,1,0.49626,1.0411,0.53345,0.77898,-0.61438,1.0254,0.81095,0.15066,0.36553,0.24241,0.00017424,9999,0,-1,859.38,0,0.15066,0,0,0,0,0,0,0,0,1,0.53345,0.77898,-0.8041,0,0,0,0,0,10,0.24241,0.00017424,9999,-1,859.38,0,0.15066,0.53345,0.77898,-0.8041,-6,0.00019841,0.96034,1,0.70836,-0.8041,1,0.00018641,0.00012545,0,0,0,0,0,0,0,0
0,0,0,0,0,0,0,0,0.75219,0.35324,-0.30309,1,0.99596,-0.50378,-0.020899,1,1,0.50137,0.83844,0.75219,-0.97538,-0.62076,0.56751,1.2234,0.77046,0.35365,0.241,4.1371e-07,9999,1,1,937.5,5.3711,0.15652,0,0,0,0,0,0,0,0,1,0.73946,0.9822,-0.52218,0,0,0,0,0,10,0.241,4.1371e-07,9999,1,937.5,5.3711,0.15652,0.73946,0.9822,-0.52218,4,0.0048642,0.75219,1,0.97538,-0.52218,-1,-0.50378,-0.0001347,0,0,0,0,0,0,0,1
0,0,0,0,1.3711,0.27579,-0.85845,-1,0,0,0,0,-0.00047359,0,0,0,0,0,0.72082,999,999,999,0.92116,0,0,0,0,0,0,0,0,0,0,0,0,0,0,0,0,0,0,0,0,0,0,0,0,0,0,0,0,0,0,0,0,0,0,0,0,0,0,0,0,0.017509,1.3711,-1,0.70456,0,0,0,0,0,0,0,0,0,0,0,0
0,0,0,0,0,0,0,0,1.2147,1.046,0.47503,1,0.96942,0.56385,0.0050998,0,1,0.49666,1.5938,0.75618,-0.89271,-0.71457,1.6654,0.69162,0.94892,0,0,0,0,0,0,0,0,0,0,0,0,0,0,0,0,0,0,0,0,0,0,0,0,0,0,0,0,0,0,0,0,0,0,0,0,0,0,0.00021288,1.2147,1,0.84797,0,0,0,0,0,0,0,0,0,0,0,1
0,0,0,0,0,0,0,0,0.84031,0.29069,-0.50092,1,0.9449,3.1695e-05,-1.1077e-05,0,0,0,1.0662,999,999,999,0.8812,0.47209,0.40336,0.39424,0.18432,5.0447e-07,9999,0,-1,561.52,4.5898,0.20267,0,0,0,0,0,0,0,0,1,0.84031,0.93474,-0.63551,0,0,0,0,0,10,0.18432,5.0447e-07,9999,-1,561.52,4.5898,0.20267,0.84031,0.93474,-0.63551,-0,0.00034171,0.84031,1,0.93474,-0.48056,1,0.9449,0.0057969,0,0,0,0,0,0,0,1
0,0,0,0,0.52105,1.2798,0.87844,-1,0.79951,1.0799,-0.94569,-1,0.018534,-0.012795,0.00051696,0,0,0,1.2043,0.62287,-0.63366,-0.79505,0.99049,1.0364,0.31069,0,0,0,0,0,0,0,0,0,0,0,0,0,0,0,0,0,0,0,0,0,0,0,0,0,0,0,0,0,0,0,0,0,0,0,0,0,0,0.007338,0.79951,-1,0.9224,0,0,0,0,0,0,0,0,0,0,0,1
0,0,0,0,0,0,0,0,1.8649,0.12733,-0.79885,1,0.056312,-0.0028615,0,0,0,0,1.7281,999,999,999,2.5292,0.82461,0,0,0,0,0,0,0,0,0,0,0,0,0,0,0,0,0,0,0,0,0,0,0,0,0,0,0,0,0,0,0,0,0,0,0,0,0,0,0,0.0052311,1.8649,1,0.95161,0,0,0,0,0,0,0,0,0,0,0,1
0,0,0,0,1.729,1.006,-0.99295,-1,0.63182,0.11241,0.98977,-1,-0.9817,-0.034601,-0.00017032,1,0,0,1.7562,-0.63182,0.99602,-0.72121,0.73617,1.5561,0.87251,0.090594,0.16649,1.2119e-06,9999,0,1,0,22.656,0.0843,0,0,0,0,0,0,0,0,1,0.63182,0.99602,-0.032223,0,0,0,0,0,10,0.16649,1.2119e-06,9999,1,0,22.656,0.0843,0.63182,0.99602,-0.032223,0,0.0087146,1.729,-1,0.9985,-0.40928,-1,-0.9817,-0.012199,0,0,0,0,0,0,0,0
0,0,0,0,0,0,0,0,0.97966,0.42059,-0.046032,-1,-0.97183,0.00012505,9.5719e-05,1,0,0,1.2902,999,999,999,0.97665,0.85438,0.73484,0,0,0,0,0,0,0,0,0,0,0,0,0,0,0,0,0,0,0,0,0,0,0,0,0,0,0,0,0,0,0,0,0,0,0,0,0,0,0.0089454,1.1704,1,0.58617,0,0,0,0,0,0,0,0,0,0,0,0
0,0,0,0,0,0,0,0,0.94636,0.74544,-0.28495,1,0.26919,0.20718,-0.12895,2,0,0,1.1402,999,999,999,1.5156,0.93973,0.7447,0.52253,0.066222,1.2309e-06,9999,0,-1,0,11.23,0.11663,0,0,0,0,0,0,0,0,1,0.94636,0.88128,-0.36945,0,0,0,0,0,10,0.066222,1.2309e-06,9999,-1,0,11.23,0.11663,0.94636,0.88128,-0.36945,-6,0.063249,0.94636,1,0.88128,-0.36945,1,0.26919,0.71769,0,0,0,0,0,0,0,1
0,0,0,0,0,0,0,0,0.73715,1.2245,-0.10926,-1,0.85159,0.26992,-6.7573e-05,0,0,0,1.0385,999,999,999,0.5976,0.86568,0.63501,0,0,0,0,0,0,0,0,0,0,0,0,0,0,0,0,0,0,0,0,0,0,0,0,0,0,0,0,0,0,0,0,0,0,0,0,0,0,0.0015536,0.57516,1,0.1998,0,0,0,0,0,0,0,0,0,0,0,1
0,0,0,0,0,0,0,0,1.3122,1.0369,-0.87137,-1,0.9629,0.88476,-0.10283,1,0,0,1.5996,999,999,999,1.0774,1.8659,1.3921,0.19549,0.21499,1.4017e-06,9999,1,-1,502.93,4.834,0.34931,0,0,0,0,0,0,0,0,1,0.92022,0.99216,-0.25302,0,0,0,0,0,10,0.21499,1.4017e-06,9999,-1,502.93,4.834,0.34931,0.92022,0.99216,-0.25302,-6,0.00082044,1.3122,-1,0.96539,-0.25302,1,0.9629,0.00047998,0,0,0,0,0,0,0,1
0,0,0,0,0,0,0,0,0.67801,0.77176,0.41296,-1,0.00064492,-5.4155e-05,-3.5083e-06,0,0,0,0.80414,999,999,999,0.44979,0.60591,0.31198,0.89681,0.072068,1.2132e-06,9999,1,-1,0,18.555,0.082447,0,0,0,0,0,0,0,0,1,999,999,999,0,0,0,0,0,10,0.1632,4.8984e-07,9999,1,595.7,4.5898,0.19645,0.67801,0.96489,-0.17669,0,0.02121,0.67801,-1,0.96489,0.85749,1,1.2584e-06,0.77701,0,0,0,0,0,0,0,1
1.4247,0.056145,-0.94622,1,0,0,0,0,0,0,0,0,0.068329,0,0,0,0,0,1.129,999,999,999,1.1445,0,0,0,0,0,0,0,0,0,0,0,0,0,0,0,0,0,0,0,0,0,0,0,0,0,0,0,0,0,0,0,0,0,0,0,0,0,0,0,0,0.022827,1.4247,1,0.96905,0,0,0,0,0,0,0,0,0,0,0,1
0.59682,0.10454,-0.86892,1,0,0,0,0,0,0,0,0,0.59116,-0.012652,3.4375e-05,2,0,0,0.42925,999,999,999,0.90871,1.4658,0.5267,0,0,0,0,0,0,0,0,0,0,0,0,0,0,0,0,0,0,0,0,0,0,0,0,0,0,0,0,0,0,0,0,0,0,0,0,0,0,0.021472,0.59682,1,0.89437,0,0,0,0,0.59682,0.10454,-0.86892,1,1,0.021472,0.89437,1
0,0,0,0,0,0,0,0,0.61539,0.72825,-0.64602,1,0.99998,0.96911,-0.96325,0,0,0,1.0371,0.61539,0.74974,-0.83525,0.25863,0.9828,0.90814,0,0,0,0,0,0,0,0,0,0,0,0,0,0,0,0,0,0,0,0,0,0,0,0,0,0,0,0,0,0,0,0,0,0,0,0,0,0,0.00072105,0.61539,1,0.74974,0,0,0,0,0,0,0,0,0,0,0,0
0,0,0,0,0,0,0,0,0.5007,1.6304,0.69897,-1,-0.97831,-0.00027891,1.1065e-05,1,0,0,0.75014,-0.5007,-0.91121,-0.99256,0.77312,0.62725,0.40327,0.97951,0.06179,1.2201e-06,9999,0,1,0,6.0059,0.10962,1,0,0.34054,-2.2826,-5.6826,0.0068312,0.51232,1.2309,1,0.5007,0.91121,-0.82302,0,0,0,0,0,10,0.06179,1.2201e-06,9999,1,0,6.0059,0.10962,0.5007,0.91121,-0.82302,2,0.0094616,0.5007,-1,0.91121,0.8562,-1,-0.97831,-0.86344,0,0,0,0,0,0,0,0
0,0,0,0,0,0,0,0,0.87722,0.42949,-0.62983,1,0.94686,0.0088252,-0.00061841,6,0,0,0.95572,999,999,999,1.1655,0.28542,0.36301,0,0,0,0,0,0,0,0,0,0,0,0,0,0,0,0,0,0,0,0,0,0,0,0,0,0,0,0,0,0,0,0,0,0,0,0,0,0,0.013811,0.87722,1,0.96247,0,0,0,0,0,0,0,0,0,0,0,1
0,0,0,0,0,0,0,0,0.23391,1.711,-0.90058,1,-0.97122,-5.7557e-06,3.0731e-06,2,0,0,0.53834,999,999,999,0.56734,0.46846,0.30203,0.76819,0.12674,4.6508e-07,9999,0,-1,664.06,4.8828,0.185,0,0,0,0,0,0,0,0,1,999,999,999,0,0,0,0,0,0,0,0,0,0,0,0,0,0,0,0,0,0,0,0,0,-0.20253,-1,-0.97122,-0.0014636,0,0,0,0,0,0,0,0
0,0,0,0,0,0,0,0,0.6645,1.1247,-0.80968,-1,-0.97647,-0.23814,0.0020361,1,0,0,1.1538,-0.6645,-0.90387,-0.54133,0.27215,0.89203,1.3093,0.26066,0.19925,0.97647,9999,1,-1,1953.1,0,0.27215,0,0,0,0,0,0,0,0,1,0.88624,0.81513,-0.19872,0,0,0,0,0,10,0.19925,0.97647,9999,-1,1953.1,0,0.27215,0.88624,0.81513,-0.19872,-22,0.0054993,0.88624,1,0.81513,-0.19872,1,0.0020361,1.9753e-05,0,0,0,0,0,0,0,1
0,0,0,0,0,0,0,0,0.99117,0.48906,-0.84091,-1,0.83163,-0.012399,0.00060002,1,0,0,0.76008,999,999,999,0.18851,1.5709,0.66158,0.79161,0.21042,0.83163,9999,0,1,0,32.812,0.18851,0,0,0,0,0,0,0,0,1,0.99117,0.86116,-0.75765,0,0,0,0,0,10,0.21042,0.83163,9999,1,0,32.812,0.18851,0.99117,0.86116,-0.75765,0,0.013893,0.99117,-1,0.86116,-0.75765,-1,-0.012399,-1.0059e-05,0,0,0,0,0,0,0,0
0,0,0,0,0,0,0,0,1.4305,0.041002,-0.51364,1,-0.29502,0.055804,-0.00017446,1,1,0.49115,1.6313,999,999,999,0.85696,1.5622,0.14703,0,0,0,0,0,0,0,0,0,0,0,0,0,0,0,0,0,0,0,0,0,0,0,0,0,0,0,0,0,0,0,0,0,0,0,0,0,0,0.072493,1.4305,1,0.99442,0,0,0,0,0,0,0,0,0,0,0,0
0,0,0,0,0,0,0,0,0.83411,1.2602,0.86284,1,0.9643,0.23956,-0.0597,1,0,0,1.4593,0.83411,0.35754,-0.84518,0.40566,1.2953,1.1739,0,0,0,0,0,0,0,0,0,0,0,0,0,0,0,0,0,0,0,0,0,0,0,0,0,0,0,0,0,0,0,0,0,0,0,0,0,0,0.0067134,1.0092,-1,0.97628,0,0,0,0,0,0,0,0,0,0,0,1
0,0,0,0,0,0,0,0,1.0378,0.32043,-0.76876,1,0.10663,0.00018184,0,0,0,0,1.0312,0.68676,-0.56647,-0.1787,1.5485,0.92028,0,0,0,0,0,0,0,0,0,0,0,0,0,0,0,0,0,0,0,0,0,0,0,0,0,0,0,0,0,0,0,0,0,0,0,0,0,0,0,0.0093933,1.0378,1,0.90159,0,0,0,0,0,0,0,0,0,0,0,0
0,0,0,0,0,0,0,0,0.92518,0.13332,-0.88984,-1,0.083279,-0.027411,0,1,0,0,0.90305,999,999,999,1.5707,1.3462,0,0,0,0,0,0,0,0,0,0,0,0,0,0,0,0,0,0,0,0,0,0,0,0,0,0,0,0,0,0,0,0,0,0,0,0,0,0,0,0.020457,0.92518,-1,0.9685,0,0,0,0,0,0,0,0,0,0,0,1
0,0,0,0,0,0,0,0,0.11822,0.19781,0.1961,1,-0.98842,-7.8119e-05,-4.7915e-06,0,0,0,0.60777,999,999,999,0.68333,0.72785,0.31068,0.39336,0.11822,3.7436e-07,9999,1,1,917.97,6.0059,0.1286,0,0,0,0,0,0,0,0,1,999,999,999,0,0,0,0,0,0,0,0,0,0,0,0,0,0,0,0,0,0,0,0,0,-0.51392,-1,-0.98842,-0.32024,0,0,0,0,0,0,0,0
0,0,0,0,0,0,0,0,1.9374,0.053108,-0.89771,1,-0.97132,0.0003349,-2.5472e-05,0,0,0,2.0611,999,999,999,0.87159,2.4916,0.4872,0.6575,0.11168,5.0274e-07,9999,1,-1,693.36,5.8594,0.20196,0,0,0,0,0,0,0,0,1,999,999,999,0,0,0,0,0,0,0,0,0,0,0,0,0,0,0,0,0,0.00019264,1.9374,1,0.99148,0.13306,-1,-0.97132,-0.021711,0,0,0,0,0,0,0,0
0,0,0,0,0,0,0,0,0.35467,1.8607,-0.99631,1,-0.0038225,1.6786e-05,3.4803e-06,0,0,0,0.74127,999,999,999,0.75028,0.44194,0.31138,0.36675,0.091156,1.211e-06,9999,1,-1,0,18.945,0.085929,0,0,0,0,0,0,0,0,1,999,999,999,0,0,0,0,0,0,0,0,0,0,0,0,0,0,0,0,0,0,0,0,0,0.83977,1,3.4803e-06,0.50008,0,0,0,0,0,0,0,0
0,0,0,0,0,0,0,0,0.62478,0.52721,-0.031795,-1,-0.99913,0.74491,-9.7185e-05,1,0,0,0.78084,999,999,999,0.45883,0.44899,0.88832,0,0,0,0,0,0,0,0,0,0,0,0,0,0,0,0,0,0,0,0,0,0,0,0,0,0,0,0,0,0,0,0,0,0,0,0,0,0,0.0058889,0.66406,-1,0.75225,0,0,0,0,0,0,0,0,0,0,0,0
0,0,0,0,0,0,0,0,0.46211,0.70196,-0.75082,1,-0.049738,0.016516,0.016348,3,0,0,0.79635,999,999,999,1.1429,0.72943,1.4469,0,0,0,0,0,0,0,0,0,0,0,0,0,0,0,0,0,0,0,0,0,0,0,0,0,0,0,0,0,0,0,0,0,0,0,0,0,0,0.0085112,0.73314,-1,0.93738,0,0,0,0,0,0,0,0,0,0,0,0
0,0,0,0,0,0,0,0,0.64628,0.89814,-0.37505,-1,-0.0001047,-1.6997e-05,7.3489e-07,1,0,0,0.77253,-0.65699,-0.86927,-0.42859,0.83185,0.44319,0.26896,0.74445,0.19892,3.9454e-07,9999,1,-1,888.67,8.6914,0.14374,0,0,0,0,0,0,0,0,1,999,999,999,0,0,0,0,0,10,0.22294,4.0077e-07,9999,1,966.8,5.7129,0.14805,0.64628,0.78341,-0.032063,0,0.02469,0.65699,-1,0.86927,0.31658,-1,-1.6997e-05,-0.00050758,0,0,0,0,0,0,0,0
0.53235,1.4211,-0.66554,1,0,0,0,0,0.69577,0.6544,0.69213,-1,-0.0006996,1.113e-05,0,0,0,0,0.7578,999,999,999,0.93585,0.39297,0,0,0,0,0,0,0,0,0,0,0,0,0,0,0,0,0,0,0,0,0,0,0,0,0,0,0,0,0,0,0,0,0,0,0,0,0,0,0,0.01597,0.69577,-1,0.56605,0,0,0,0,0.53235,1.4211,-0.66554,1,1,0.0044873,0.65852,0
0,0,0,0,0,0,0,0,1.0201,0.47344,0.51772,-1,-0.80959,-0.16457,2.5621e-05,1,0,0,1.0798,-1.0201,0.95921,-0.61941,0.16675,1.3612,0.48786,0.9779,0.14894,5.6237e-07,9999,0,-1,693.36,3.5156,0.22412,0,0,0,0,0,0,0,0,1,999,999,999,0,0,0,0,0,10,0.14477,5.1731e-07,9999,1,537.11,4.6387,0.20784,1.0201,0.95921,-0.70005,0,0.0016278,1.0201,-1,0.95921,-0.03943,-1,-0.80959,-0.37708,0,0,0,0,0,0,0,0
0,0,0,0,0,0,0,0,1.3029,0.53129,0.6844,-1,-0.76936,-0.028853,0.012815,1,0,0,1.2985,-1.3029,0.75902,-0.49132,0.12569,2.008,0.90027,0.12223,0.13328,1.2093e-06,9999,1,1,0,2.5146,0.091685,0,0,0,0,0,0,0,0,1,1.3029,0.75902,-0.47054,0,0,0,0,0,10,0.13328,1.2093e-06,9999,1,0,2.5146,0.091685,1.3029,0.75902,-0.47054,11,0.025662,1.3029,-1,0.75902,0.69187,-1,-0.76936,-0.13172,0,0,0,0,0,0,0,0
0,0,0,0,0,0,0,0,0.3925,2.4574,-0.61421,1,-0.98787,5.19e-05,-3.7717e-05,0,1,0.49461,0.80659,999,999,999,0.69907,0.59455,0.45867,0.9371,0.18166,5.3575e-07,9999,1,1,615.23,4.248,0.21483,0,1,0,0,0,0,0,0,1,999,999,999,0,0,0,0,0,0,0,0,0,0,0,0,0,0,0,0,0,0,0,0,0,-0.073468,-1,-0.98787,-0.56731,0,0,0,0,0,0,0,1
0,0,0,0,0,0,0,0,1.8597,0.4786,-0.91916,-1,-0.0014963,-0.0013243,-0.00056069,2,1,0.5006,1.9121,-1.8597,0.91999,-0.73425,0.41233,0.92897,2.7043,0.36492,0.19251,4.6695e-07,9999,1,1,810.55,6.7383,0.18591,0,0,0,0,0,0,0,0,1,0.77346,0.86346,-0.55019,0,0,0,0,0,10,0.19251,4.6695e-07,9999,1,810.55,6.7383,0.18591,0.77346,0.86346,-0.55019,0,0.0071144,1.8597,-1,0.91999,0.72335,-1,-0.0013243,-0.0051756,0,0,0,0,0,0,0,0
0.72586,0.91878,-0.073268,1,1.5654,0.23918,-0.65586,-1,0.18786,0.68475,0.75037,-1,0.0002503,-9.0722e-05,-7.5038e-07,0,0,0,1.5236,999,999,999,0.59131,2.1672,0.27208,0.99369,0.14547,3.6915e-07,9999,1,1,1064.5,7.5195,0.12436,0,0,0,0,0,0,0,0,1,1.5654,0.98176,-0.97401,0,0,0,0,0,10,0.14547,3.6915e-07,9999,1,1064.5,7.5195,0.12436,1.5654,0.98176,-0.97401,0,0.0072929,1.5654,-1,0.98176,-0.97401,-1,-9.0722e-05,-0.89121,0.72586,0.91878,-0.073268,1,1,0.026632,0.81558,1
0,0,0,0,0,0,0,0,0.95465,0.30245,-0.49947,-1,-0.96842,-0.16306,0.00041685,2,1,0.49809,1.2679,999,999,999,1.3999,1.0588,0.92216,0,0,0,0,0,0,0,0,0,0,0,0,0,0,0,0,0,0,0,0,0,0,0,0,0,0,0,0,0,0,0,0,0,0,0,0,0,0,0.0057646,1.0829,1,0.70529,0,0,0,0,0,0,0,0,0,0,0,0
0,0,0,0,0,0,0,0,0.75537,1.1655,-0.91846,-1,-0.7274,-0.10596,8.4733e-06,2,1,0.49636,0.82678,999,999,999,0.85517,0.70336,0.38065,0.99428,0.19516,7.9914e-07,9999,0,-1,502.93,3.9062,0.28122,0,0,0,0,0,0,0,0,1,999,999,999,0,0,0,0,0,0,0,0,0,0,0,0,0,0,0,0,0,0.0062461,0.75537,-1,0.96848,0.48763,-1,-0.7274,-0.025675,0,0,0,0,0,0,0,0
0,0,0,0,0,0,0,0,0.20406,0,0.96764,1,1.8983e-06,1.1206e-06,0,0,0,0,0.26573,999,999,999,0.26568,0.3246,0,0.97702,0.20406,1.1206e-06,9999,1,1,527.34,3.8574,0.3246,0,0,0,0,0,0,0,0,1,999,999,999,0,0,0,0,0,0,0,0,0,0,0,0,0,0,0,0,0,0,0,0,0,0,0,0,0,0,0,0,0,0,0,0,0
0,0,0,0,0,0,0,0,0.71133,0.45453,-0.12011,1,-0.78765,0.73313,-5.0423e-05,0,0,0,1.0306,-0.51411,-0.64988,-0.52979,0.74202,0.59122,0.55797,0.20906,0.082917,3.8932e-07,9999,1,1,859.38,8.1055,0.14,0,0,0,0,0,0,0,0,1,0.51411,0.64988,-0.82647,0,0,0,0,0,10,0.082917,3.8932e-07,9999,1,859.38,8.1055,0.14,0.51411,0.64988,-0.82647,2,0.015587,0.71133,1,0.79478,0.25026,-1,-0.78765,-0.52355,0,0,0,0,0,0,0,0
0,0,0,0,1.5,0,-0.86266,1,0.58696,0.22217,0.51378,-1,0.99966,-0.00022836,0.00012268,0,0,0,1.2741,999,999,999,0.40692,0.59445,2.3301,0.91291,0.17286,4.0111e-07,9999,1,-1,830.08,6.8359,0.14828,0,0,0,0,0,0,0,0,1,1.5,0.93591,-0.87476,0,0,0,0,0,10,0.17286,4.0111e-07,9999,-1,830.08,6.8359,0.14828,1.5,0.93591,-0.87476,-2,0.013557,1.5,1,0.93591,-0.053544,1,0.99966,0.53096,0,0,0,0,0,0,0,1
0,0,0,0,0,0,0,0,1.2434,0.30867,0.99025,-1,-0.89519,-0.69924,-0.033408,0,0,0,1.6095,-1.2434,0.99998,-0.84827,0.57088,1.7376,1.1661,0.99985,0.13243,3.7632e-07,9999,1,1,175.78,11.914,0.13015,0,0,0,0,0,0,0,0,1,1.2434,0.99998,-0.99986,0,0,0,0,0,10,0.13243,3.7632e-07,9999,1,175.78,11.914,0.13015,1.2434,0.99998,-0.99986,2,0.0055887,1.2434,-1,0.99998,0.8406,-1,-0.89519,-0.90719,0,0,0,0,0,0,0,0
0,0,0,0,0,0,0,0,0.40787,0.78715,-0.74716,-1,-5.3541e-05,-3.2368e-05,6.3593e-06,0,0,0,0.5791,999,999,999,0.5678,0.51811,0.35755,0,0,0,0,0,0,0,0,0,0,0,0,0,0,0,0,0,0,0,0,0,0,0,0,0,0,0,0,0,0,0,0,0,0,0,0,0,0,0,0,0,0,0,0,0,0,0,0,0,0,0,0,0,1
0,0,0,0,0,0,0,0,1.1335,0.65297,-0.68885,1,0.022005,0.0076034,5.9626e-05,0,0,0,1.4066,0.73141,0.89543,-0.92936,1.0692,0.95267,0.63249,0.90696,0.12327,5.2654e-07,9999,1,-1,512.7,4.4434,0.2114,0,0,0,0,0,0,0,0,1,1.1335,0.99267,-0.90127,0,0,0,0,0,10,0.12327,5.2654e-07,9999,-1,512.7,4.4434,0.2114,1.1335,0.99267,-0.90127,-2,0.0086144,1.1335,1,0.99267,0.93822,1,0.0076034,0.7346,0,0,0,0,0,0,0,1
1.6497,0,-0.9284,-1,0,0,0,0,0.49088,0.62794,0.42664,-1,-0.97575,-0.00018325,3.8342e-07,0,0,0,1.6562,-1.6497,0.9901,-0.70608,0.77455,2.1638,0.13563,0.57636,0.11686,3.8342e-07,9999,1,1,1044.9,7.0312,0.13563,0,0,0,0,0,0,0,0,1,1.6497,0.9901,-0.65463,0,0,0,0,0,10,0.11686,3.8342e-07,9999,1,1044.9,7.0312,0.13563,1.6497,0.9901,-0.65463,2,0.010007,1.6497,-1,0.9901,0.34155,-1,-0.97575,-0.41519,0,0,0,0,0,0,0,0
0.78793,0.41755,0.498,1,0,0,0,0,1.6299,0.23972,-0.76118,1,0.94085,0.035188,-3.7011e-06,0,0,0,1.543,0.78793,0.9055,-0.86814,1.384,1.1861,0.31601,0,0,0,0,0,0,0,0,0,0,0,0,0,0,0,0,0,0,0,0,0,0,0,0,0,0,0,0,0,0,0,0,0,0,0,0,0,0,0.0099907,1.6299,1,0.96369,0,0,0,0,0.78793,0.41755,0.498,1,1,0.013327,0.9055,1
0,0,0,0,0,0,0,0,0.73656,0.1254,0.98904,-1,0.95685,-0.008461,1.4684e-05,0,0,0,1.6047,999,999,999,1.6439,1.018,0.30781,0.89386,0.24827,1.4684e-05,9999,1,1,0,3.1738,0.30781,0,0,0,0,0,0,0,0,1,0.73656,0.56443,-0.19239,0,0,0,0,0,10,0.24827,1.4684e-05,9999,1,0,3.1738,0.30781,0.73656,0.56443,-0.19239,0,0.0079338,1.4004,1,0.83759,0.77451,-1,-2.25e-06,-0.0056632,0,0,0,0,0,0,0,0
0,0,0,0,0,0,0,0,0.7608,1.6972,-0.82375,-1,0.0082897,-0.00089926,0.00056689,1,1,0.49733,1.1575,0.51826,0.47592,-0.29653,0.97306,0.72374,0.79683,0,0,0,0,0,0,0,0,0,0,0,0,0,0,0,0,0,0,0,0,0,0,0,0,0,0,0,0,0,0,0,0,0,0,0,0,0,0,0.014106,0.7608,-1,0.99622,0,0,0,0,0,0,0,0,0,0,0,0
0,0,0,0,0,0,0,0,1.1677,0.24725,-0.69533,1,-0.99426,0.97189,0.8088,1,0,0,1.2734,999,999,999,0.4367,0.78614,0.16598,0,0,0,0,0,0,0,0,0,0,0,0,0,0,0,0,0,0,0,0,0,0,0,0,0,0,0,0,0,0,0,0,0,0,0,0,0,0,0.01327,1.1677,1,0.80888,0,0,0,0,0,0,0,0,0,0,0,0
0,0,0,0,0,0,0,0,0.69404,1.1021,-0.72398,1,0.96159,-0.95048,-0.001954,1,0,0,1.0922,999,999,999,0.98008,0.78843,0.78171,0.98776,0.12991,1.8609e-06,9999,0,1,0,4.4922,0.2127,0,0,0,0,0,0,0,0,1,0.88418,0.87718,-0.92452,0,0,0,0,0,10,0.12991,1.8609e-06,9999,1,0,4.4922,0.2127,0.88418,0.87718,-0.92452,2,0.0078814,0.88418,-1,0.87718,-0.92452,-1,-0.95048,-0.88611,0,0,0,0,0,0,0,0
0,0,0,0,0,0,0,0,0.96104,1.0632,-0.096132,1,0.11308,0.0001582,-1.9979e-06,0,0,0,0.98444,0.73711,-0.8838,-0.10108,1.5173,0.5971,0.26958,0.39996,0.06681,3.5114e-07,9999,1,-1,2089.8,6.8359,0.10848,0,0,0,0,0,0,0,0,1,0.96104,0.54911,-0.53351,0,0,0,0,0,10,0.06681,3.5114e-07,9999,-1,2089.8,6.8359,0.10848,0.96104,0.54911,-0.53351,-2,0.029214,0.96104,1,0.54911,-0.53351,1,0.11308,0.6488,0,0,0,0,0,0,0,1
0,0,0,0,0,0,0,0,0.8917,0.38144,-0.075587,-1,-4.3614e-05,1.3233e-05,-1.2128e-06,1,0,0,0.4313,999,999,999,0.56492,0.41928,0.10245,0,0,0,0,0,0,0,0,0,0,0,0,0,0,0,0,0,0,0,0,0,0,0,0,0,0,0,0,0,0,0,0,0,0,0,0,0,0,0.027424,0.8917,-1,0.97856,0,0,0,0,0,0,0,0,0,0,0,1
0,0,0,0,0,0,0,0,1.2541,0.46079,-0.59559,-1,0.9864,-0.060478,-0.03044,1,0,0,1.291,999,999,999,0.65091,1.7563,1.4545,0,0,0,0,0,0,0,0,0,0,0,0,0,0,0,0,0,0,0,0,0,0,0,0,0,0,0,0,0,0,0,0,0,0,0,0,0,0,0.0063534,1.2541,-1,0.87459,0,0,0,0,0,0,0,0,0,0,0,1
1.2301,0.32393,-0.95992,1,0,0,0,0,0,0,0,0,0.23428,0.00045419,0,1,0,0,1.2356,1.2301,-0.94251,-0.39407,0.7579,1.4863,0,0,0,0,0,0,0,0,0,0,0,0,0,0,0,0,0,0,0,0,0,0,0,0,0,0,0,0,0,0,0,0,0,0,0,0,0,0,0,0.0089649,1.2301,1,0.94251,0,0,0,0,0,0,0,0,0,0,0,1
0,0,0,0,0,0,0,0,0.47856,0.80584,0.93252,1,0.01136,-7.7403e-07,-3.9847e-07,0,0,0,0.39289,999,999,999,0.77981,0.27664,0.14647,0.79804,0.17701,3.9847e-07,9999,1,-1,693.36,5.0293,0.14647,0,0,0,0,0,0,0,0,1,999,999,999,0,0,0,0,0,0,0,0,0,0,0,0,0,0,0,0,0,0,0,0,0,-0.027343,1,0.01136,0.1728,0,0,0,0,0,0,0,0
0,0,0,0,0,0,0,0,0.74888,0.44653,-0.75099,1,0.0038163,-4.8325e-06,8.2332e-07,0,0,0,0.7995,999,999,999,0.71955,0.33625,0.28542,0,0,0,0,0,0,0,0,0,0,0,0,0,0,0,0,0,0,0,0,0,0,0,0,0,0,0,0,0,0,0,0,0,0,0,0,0,0,0.01221,0.74888,1,0.8386,0,0,0,0,0,0,0,0,0,0,0,1
0,0,0,0,0,0,0,0,1.7292,0,0.63138,1,0.99816,0.95047,-0.17859,0,2,0.49864,1.7386,1.7292,-0.9961,-0.2398,0.42881,1.4773,1.9986,0.94576,0.14886,5.467e-07,9999,1,-1,566.41,3.7109,0.21876,0,0,0,0,0,0,0,0,1,1.7292,0.9961,-0.94637,0,0,0,0,0,10,0.14886,5.467e-07,9999,-1,566.41,3.7109,0.21876,1.7292,0.9961,-0.94637,-2,0.0075663,1.7292,1,0.9961,0.31503,1,0.99816,0.76657,0,0,0,0,0,0,0,1
0,0,0,0,0,0,0,0,0.25769,0.50698,0.020425,-1,-4.5164e-06,4.5885e-07,0,0,0,0,0.28137,999,999,999,0.33109,0.18191,0,0.7217,0.12771,4.5885e-07,9999,1,1,664.06,6.7383,0.18191,0,0,0,0,0,0,0,0,1,999,999,999,0,0,0,0,0,0,0,0,0,0,0,0,0,0,0,0,0,0,0,0,0,-0.29627,-1,-4.5164e-06,-0.46474,0,0,0,0,0,0,0,1
0,0,0,0,0,0,0,0,1.5083,1.1998,-0.51079,1,0.94397,-0.26554,-1.9024e-05,0,0,0,1.4542,999,999,999,1.3005,1.0049,0.45467,0.89195,0.088812,3.989e-07,9999,1,-1,751.95,6.9336,0.14676,0,0,0,0,0,0,0,0,1,999,999,999,0,0,0,0,0,10,0.19752,6.9103e-07,9999,1,488.28,4.248,0.25948,0.61978,0.51177,-0.24304,6,0.0055529,1.5083,1,0.87173,0.65542,1,0.94397,0.76154,0,0,0,0,0,0,0,1
0,0,0,0,0,0,0,0,1.5338,0.7497,0.44463,-1,-0.94379,0.069515,-0.013237,0,0,0,1.9768,-1.5338,-0.9665,-0.032007,0.83784,1.3846,1.5434,0.99385,0.16077,5.7423e-07,9999,1,1,556.64,4.1504,0.22799,0,0,0,0,0,0,0,0,1,1.5338,0.9665,-0.9367,0,0,0,0,0,10,0.16077,5.7423e-07,9999,1,556.64,4.1504,0.22799,1.5338,0.9665,-0.9367,2,0.0049476,1.5338,-1,0.9665,0.33559,-1,-0.94379,-0.87772,0,0,0,0,0,0,0,0
0,0,0,0,0,0,0,0,1.0839,0.94699,-0.65012,1,0.11551,8.1618e-06,1.2137e-06,1,0,0,1.1368,999,999,999,1.1866,0.37757,0.081925,0.16224,0.14926,1.2137e-06,9999,0,1,0,19.531,0.081925,0,0,0,0,0,0,0,0,1,999,999,999,0,0,0,0,0,0,0,0,0,0,0,0,0,0,0,0,0,0.0051296,1.0839,1,0.91503,0,0,0,0,0,0,0,0,0,0,0,1
0,0,0,0,0,0,0,0,0.6653,0.75094,-0.016282,-1,-0.99944,0.99918,0.999,0,0,0,0.82806,999,999,999,0.43403,0.45255,0.46763,0,0,0,0,0,0,0,0,0,0,0,0,0,0,0,0,0,0,0,0,0,0,0,0,0,0,0,0,0,0,0,0,0,0,0,0,0,0,0.04553,0.6653,-1,0.72839,0,0,0,0,0,0,0,0,0,0,0,1
0,0,0,0,0,0,0,0,0.13363,0.047288,0.0082046,-1,-0.0039318,-1.8469e-05,-6.0849e-07,2,0,0,0.41033,999,999,999,0.30705,0.33577,0.23838,0.67168,0.13363,4.0317e-07,9999,1,-1,576.17,5.2246,0.14966,0,0,0,0,0,0,0,0,1,999,999,999,0,0,0,0,0,0,0,0,0,0,0,0,0,0,0,0,0,0,0,0,0,0,0,0,0,0,0,0,0,0,0,0,1
0,0,0,0,0,0,0,0,1.5841,0.52353,-0.56476,-1,-0.058323,0.00037615,0.00018781,0,0,0,1.6376,999,999,999,1.4921,0.50717,0.88229,0,0,0,0,0,0,0,0,0,0,0,0,0,0,0,0,0,0,0,0,0,0,0,0,0,0,0,0,0,0,0,0,0,0,0,0,0,0,0.00272,1.5841,-1,0.97973,0,0,0,0,0,0,0,0,0,0,0,0
0,0,0,0,0,0,0,0,2.1383,0.2216,-0.65776,1,0.1515,-0.0004382,-0.00012273,2,1,0.49765,2.2217,999,999,999,2.6921,0.90448,0.70735,0,0,0,0,0,0,0,0,0,0,0,0,0,0,0,0,0,0,0,0,0,0,0,0,0,0,0,0,0,0,0,0,0,0,0,0,0,0,0.0056667,2.1383,1,0.99331,0,0,0,0,0,0,0,0,0,0,0,1
0,0,0,0,0,0,0,0,0.72844,0.35345,0.91647,1,-0.50532,0.0076814,-5.824e-05,1,0,0,1.0801,-0.72744,-0.98433,-0.85321,1.5571,1.1167,0.61671,0,0,0,0,0,0,0,0,0,0,0,0,0,0,0,0,0,0,0,0,0,0,0,0,0,0,0,0,0,0,0,0,0,0,0,0,0,0,0.0020642,0.72844,1,0.99069,0,0,0,0,0,0,0,0,0,0,0,1
0,0,0,0,1.717,0,-0.52173,-1,0.18087,0.36296,-0.014243,1,-0.060917,-0.026966,3.3363e-05,0,0,0,1.6983,-1.717,0.91159,-0.35351,0.97737,2.5081,0.5224,0.99628,0.093912,3.4528e-07,9999,1,1,1875,14.648,0.10286,0,0,0,0,0,0,0,0,1,1.717,0.91159,-0.88323,0,0,0,0,0,10,0.093912,3.4528e-07,9999,1,1875,14.648,0.10286,1.717,0.91159,-0.88323,2,0.0038829,1.717,-1,0.91159,0.73398,-1,-0.060917,-0.89749,0,0,0,0,0,0,0,0
0,0,0,0,0,0,0,0,1.1612,0.41032,0.66214,1,0.8163,-0.00028711,0.00010278,0,0,0,1.666,0.94723,-0.85535,-0.98291,1.6865,0.98623,0.75063,0.36664,0.15581,4.25e-07,9999,1,-1,800.78,7.3242,0.16343,0,0,0,0,0,0,0,0,1,1.1612,0.89367,-0.092098,0,0,0,0,0,10,0.15581,4.25e-07,9999,-1,800.78,7.3242,0.16343,1.1612,0.89367,-0.092098,-0,0.0037638,1.1612,1,0.89367,-0.092098,1,0.8163,0.072411,0,0,0,0,0,0,0,1
0,0,0,0,0,0,0,0,0.9435,0.43156,-0.31747,-1,-0.061476,4.1089e-05,7.486e-07,2,1,0.49691,1.0286,999,999,999,1.2706,0.5544,0.27173,0.41926,0.20982,7.486e-07,9999,0,1,532.23,3.9062,0.27173,0,1,0,0,0,0,0,0,1,0.9435,0.92449,-0.53354,0,0,0,0,0,10,0.20982,7.486e-07,9999,1,532.23,3.9062,0.27173,0.9435,0.92449,-0.53354,9,0.031401,0.9435,-1,0.92449,-0.53354,-1,-0.061476,-0.0015137,0,0,0,0,0,0,0,0
0,0,0,0,0,0,0,0,1.9272,0,-0.87315,-1,-0.99333,-0.0081784,7.4696e-05,0,0,0,1.675,999,999,999,0.6369,1.4037,1.9733,0,0,0,0,0,0,0,0,0,0,0,0,0,0,0,0,0,0,0,0,0,0,0,0,0,0,0,0,0,0,0,0,0,0,0,0,0,0,0.00043214,1.9272,-1,0.90864,0,0,0,0,0,0,0,0,0,0,0,0
1.1526,0.41848,0.69485,1,0,0,0,0,1.5262,0.52784,-0.85486,-1,-0.72466,0.22656,0.040949,1,0,0,1.2043,999,999,999,2.5037,0.77005,0.8776,0.4509,0.075014,1.2966e-06,9999,0,-1,0,3.4668,0.046043,0,0,0,0,0,0,0,0,1,999,999,999,0,0,0,0,0,0,0,0,0,0,0,0,0,0,0,0,0,0.00083552,1.5262,-1,0.99993,-0.31481,1,0.22656,0.51903,0,0,0,0,0,0,0,0
0,0,0,0,2.0721,0.12696,-0.97509,1,0.58417,1.081,0.99133,-1,0.99954,6.8513e-05,-5.7553e-05,1,0,0,2.1698,2.0721,0.99723,-0.11012,0.42072,2.7538,0.62294,0.99086,0.065856,1.2124e-06,9999,0,1,0,25.391,0.083628,0,0,0,0,0,0,0,0,1,999,999,999,0,0,0,0,0,0,0,0,0,0,0,0,0,0,0,0,0,0.0073415,2.0721,1,0.99723,0.94361,-1,-5.7553e-05,-0.87994,0,0,0,0,0,0,0,1
0,0,0,0,0,0,0,0,0.77758,0.47389,-0.94436,1,-0.97293,0.00023903,0,1,0,0,0.78064,999,999,999,0.99756,0.90079,0,0,0,0,0,0,0,0,0,0,0,0,0,0,0,0,0,0,0,0,0,0,0,0,0,0,0,0,0,0,0,0,0,0,0,0,0,0,0,0.01875,0.77758,1,0.7916,0,0,0,0,0,0,0,0,0,0,0,0
1.0649,0,-0.49675,1,0,0,0,0,1.416,0.84115,-0.80673,1,0.21002,0.086688,-1.3206e-06,0,0,0,1.183,999,999,999,0.87596,1.2103,0.040381,0.37263,0.079304,1.3206e-06,9999,1,-1,0,36.719,0.040381,0,0,0,0,0,0,0,0,1,1.0649,0.6397,-0.43186,0,0,0,0,0,10,0.079304,1.3206e-06,9999,-1,0,36.719,0.040381,1.0649,0.6397,-0.43186,-2,0.01131,1.416,1,0.80096,0.81083,1,0.21002,0.57074,0,0,0,0,0,0,0,1
0,0,0,0,0,0,0,0,1.095,0.49361,-0.99127,1,-0.52139,-0.090518,0.0004609,1,0,0,1.2581,999,999,999,0.90323,0.78283,0.82958,0,0,0,0,0,0,0,0,0,0,0,0,0,0,0,0,0,0,0,0,0,0,0,0,0,0,0,0,0,0,0,0,0,0,0,0,0,0,0.0018423,1.095,1,0.76302,0,0,0,0,0,0,0,0,0,0,0,0
0,0,0,0,0,0,0,0,1.0546,0.81641,-0.8461,-1,-0.05205,0.0028879,-1.8751e-05,0,1,0.50158,1.3687,999,999,999,1.4797,1.5699,0.54858,0.64123,0.24922,3.9498e-07,9999,1,1,1005.9,7.0312,0.14404,0,1,0,0,0,0,0,0,1,1.0546,0.81959,-0.18103,0,0,0,0,0,10,0.24922,3.9498e-07,9999,1,1005.9,7.0312,0.14404,1.0546,0.81959,-0.18103,9,0.0061263,1.0546,-1,0.81959,0.22828,-1,-1.8751e-05,-0.00014602,0,0,0,0,0,0,0,0
0,0,0,0,1.3299,0.067507,0.48902,-1,0.97878,0.83637,-0.69765,1,-0.075154,0.00012869,-2.6728e-06,3,1,0.49944,1.5251,999,999,999,1.8492,0.78725,0.25651,0.14793,0.16881,6.5366e-07,9999,0,1,590.82,4.7852,0.25052,0,1,0,0,0,0,0,0,1,1.3299,0.99507,-0.070363,0,0,0,0,0,10,0.16881,6.5366e-07,9999,1,590.82,4.7852,0.25052,1.3299,0.99507,-0.070363,9,0.00050966,1.3299,-1,0.99507,0.68929,1,0.00012869,0.0012252,0,0,0,0,0,0,0,0
0,0,0,0,0,0,0,0,0.88095,1.2382,-0.19426,-1,-0.64651,-0.0019888,0.001463,0,0,0,1.2823,-0.72841,0.67321,-0.22112,0.69328,0.94922,0.71525,0,0,0,0,0,0,0,0,0,0,0,0,0,0,0,0,0,0,0,0,0,0,0,0,0,0,0,0,0,0,0,0,0,0,0,0,0,0,0.0061347,0.88095,-1,0.76282,0,0,0,0,0,0,0,0,0,0,0,0
0.86983,0.075925,0.78662,-1,0,0,0,0,1.4615,0.38044,-0.91003,1,0.90784,-0.022392,-0.00032077,1,0,0,1.3482,999,999,999,1.1608,1.274,0.31091,0,0,0,0,0,0,0,0,0,0,0,0,0,0,0,0,0,0,0,0,0,0,0,0,0,0,0,0,0,0,0,0,0,0,0,0,0,0,0.0038067,1.4615,1,0.99959,0,0,0,0,0.86983,0.075925,0.78662,-1,1,0.00065533,0.97439,1
0,0,0,0,0,0,0,0,1.1374,1.3528,-0.79719,1,-0.4586,0.02477,0,0,0,0,1.2159,999,999,999,1.2916,1.5096,0,0,0,0,0,0,0,0,0,0,0,0,0,0,0,0,0,0,0,0,0,0,0,0,0,0,0,0,0,0,0,0,0,0,0,0,0,0,0,0.0076595,1.1374,1,0.56755,0,0,0,0,0,0,0,0,0,0,0,0
0,0,0,0,0,0,0,0,1.5013,0,-0.96116,-1,-0.016518,1.2385e-05,0,0,0,0,1.5223,999,999,999,1.8035,0.41323,0,0,0,0,0,0,0,0,0,0,0,0,0,0,0,0,0,0,0,0,0,0,0,0,0,0,0,0,0,0,0,0,0,0,0,0,0,0,0,0.0107,1.5013,-1,0.98032,0,0,0,0,0,0,0,0,0,0,0,0
0,0,0,0,0,0,0,0,0.66454,1.7525,-0.63096,1,-0.99998,0.99969,6.8778e-06,0,0,0,0.56541,999,999,999,0.26318,0.39817,0.48107,0,0,0,0,0,0,0,0,0,0,0,0,0,0,0,0,0,0,0,0,0,0,0,0,0,0,0,0,0,0,0,0,0,0,0,0,0,0,0.0042926,0.66454,1,0.57895,0,0,0,0,0,0,0,0,0,0,0,1
0,0,0,0,0,0,0,0,0.77578,1.4204,-0.98235,1,0.95253,0.93967,-3.6462e-05,0,0,0,0.97977,999,999,999,1.1725,0.69421,0.53544,0.41105,0.11536,1.3471e-06,9999,1,-1,0,5.9082,0.15217,0,0,0,0,0,0,0,0,1,999,999,999,0,0,0,0,0,0,0,0,0,0,0,0,0,0,0,0,0,0.016611,0.77578,1,0.72622,0.68586,1,0.95253,0.34656,0,0,0,0,0,0,0,1
1.2337,0.24485,-0.52213,-1,0,0,0,0,0,0,0,0,-0.048441,0,0,0,0,0,0.71598,999,999,999,0.85529,0,0,0,0,0,0,0,0,0,0,0,0,0,0,0,0,0,0,0,0,0,0,0,0,0,0,0,0,0,0,0,0,0,0,0,0,0,0,0,0,0.012342,1.2337,-1,0.75237,0,0,0,0,0,0,0,0,0,0,0,0
1.1433,0.26611,-0.54544,1,0,0,0,0,0.73,0.5308,-0.64424,-1,-0.018915,0.00042361,5.9276e-05,0,0,0,0.90188,999,999,999,1.0146,0.7453,0.6029,0.68751,0.15098,6.9956e-07,9999,1,-1,371.09,4.0527,0.26141,1,0,0.34804,1.5792,-3.4445,0.0040165,0.20456,0.9901,1,1.1433,0.89121,-0.36822,0,0,0,0,0,10,0.15098,6.9956e-07,9999,-1,371.09,4.0527,0.26141,1.1433,0.89121,-0.36822,-2,0.014879,1.1433,1,0.89121,0.99758,1,5.9276e-05,0.23108,0,0,0,0,0,0,0,1
0,0,0,0,0,0,0,0,0.33526,0.24651,-0.16438,-1,0.00025846,-3.0509e-06,0,0,0,0,0.66086,999,999,999,0.91688,0.30149,0,0,0,0,0,0,0,0,0,0,0,0,0,0,0,0,0,0,0,0,0,0,0,0,0,0,0,0,0,0,0,0,0,0,0,0,0,0,0,0.00092319,0.6615,1,0.71572,0,0,0,0,0,0,0,0,0,0,0,1
0,0,0,0,0,0,0,0,0.46826,0.49899,0.94999,1,0.00045627,0.00043653,0.00010948,1,0,0,0.73532,999,999,999,0.53299,0.248,0.66836,0.92993,0.13833,4.3411e-07,9999,1,1,693.36,6.3477,0.16872,0,0,0,0,0,0,0,0,1,999,999,999,0,0,0,0,0,0,0,0,0,0,0,0,0,0,0,0,0,0,0,0,0,0.87375,-1,-2.8273e-05,-0.75032,0,0,0,0,0,0,0,0
0,0,0,0,0,0,0,0,0.62575,0.86007,-0.15149,1,-0.97621,2.323e-05,3.8336e-07,0,0,0,0.58837,999,999,999,0.65454,0.47644,0.13559,0.85182,0.074428,3.8336e-07,9999,1,1,849.61,7.5195,0.13559,0,0,0,0,0,0,0,0,1,999,999,999,0,0,0,0,0,0,0,0,0,0,0,0,0,0,0,0,0,0.0014486,0.62575,1,0.38276,0.93163,-1,-0.97621,-0.74939,0,0,0,0,0,0,0,0
0,0,0,0,0,0,0,0,0.39132,1.3684,-0.84756,1,0.91688,0.00053218,-6.3128e-05,1,0,0,0.88686,999,999,999,0.54599,0.3008,0.59981,0.70436,0.12485,3.7973e-07,9999,1,-1,957.03,7.5195,0.13282,0,0,0,0,0,0,0,0,1,999,999,999,0,0,0,0,0,0,0,0,0,0,0,0,0,0,0,0,0,0.0033721,0.7346,-1,0.62843,0.80862,1,0.91688,0.46709,0,0,0,0,0,0,0,1
0,0,0,0,0,0,0,0,0.26511,0.12756,0.50051,1,-8.1106e-06,3.5886e-06,-1.2094e-06,3,1,0.49856,0.41055,999,999,999,0.37706,0.43268,0.090385,0,0,0,0,0,0,0,0,0,0,0,0,0,0,0,0,0,0,0,0,0,0,0,0,0,0,0,0,0,0,0,0,0,0,0,0,0,0,0,0,0,0,0,0,0,0,0,0,0,0,0,0,0,0
0,0,0,0,0,0,0,0,1.0343,0.42184,-0.98801,-1,-0.034374,0.00070966,1.2675e-05,2,0,0,1.1456,999,999,999,1.4406,0.57985,0.41535,0.99457,0.13009,4.3349e-07,9999,0,1,742.19,5.2246,0.16836,0,0,0,0,0,0,0,0,1,999,999,999,0,0,0,0,0,10,0.15065,2.8762e-06,9999,-1,0,4.4434,0.26412,0.60439,0.85258,-0.66415,-6,0.00080075,1.0343,-1,0.725,0.65016,-1,-0.034374,-0.8984,0,0,0,0,0,0,0,0
2.1777,0.37365,-0.91782,1,0,0,0,0,0.30394,1.4407,-0.85535,1,0.002441,6.7084e-05,0,0,0,0,1.885,999,999,999,0.50831,3.0773,0,0,0,0,0,0,0,0,0,0,0,0,0,0,0,0,0,0,0,0,0,0,0,0,0,0,0,0,0,0,0,0,0,0,0,0,0,0,0,0.0058988,2.1777,1,0.99809,0,0,0,0,0,0,0,0,0,0,0,1
0,0,0,0,0,0,0,0,0.82606,0.10206,0.68103,-1,-0.0094454,-0.00052678,0.00038078,4,1,0.50102,1.1756,999,999,999,0.95364,0.29765,0.89063,0.06919,0.099629,3.683e-07,9999,0,-1,761.72,3.2227,0.12366,0,0,0,0,0,0,0,0,1,0.83757,0.82329,-0.41064,0,0,0,0,0,10,0.099629,3.683e-07,9999,-1,761.72,3.2227,0.12366,0.83757,0.82329,-0.41064,-21,0.00039238,0.83757,1,0.82329,0.010109,1,3.1095e-06,0.40498,0,0,0,0,0,0,0,1
0,0,0,0,0.78581,0.40534,-0.99445,-1,0.11137,0,0.5007,-1,-0.033681,3.8108e-06,-3.9185e-07,0,1,0.50019,0.70507,999,999,999,1.1621,0.31821,0.14183,0.11743,0.11137,3.9185e-07,9999,1,-1,859.38,5.6641,0.14183,0,1,0,0,0,0,0,0,1,999,999,999,0,0,0,0,0,0,0,0,0,0,0,0,0,0,0,0,0,0.027031,0.78581,-1,0.69321,-0.78484,1,3.8108e-06,0.31074,0,0,0,0,0,0,0,1
0,0,0,0,0,0,0,0,0.47926,2.0226,-0.59293,1,2.4097e-05,-5.1998e-06,0,0,0,0,0.57583,999,999,999,0.47824,0.34188,0,0,0,0,0,0,0,0,0,0,0,0,0,0,0,0,0,0,0,0,0,0,0,0,0,0,0,0,0,0,0,0,0,0,0,0,0,0,0,0,0,0,0,0,0,0,0,0,0,0,0,0,0,0,1
0,0,0,0,0,0,0,0,0.51421,0.81791,-0.91136,-1,-2.3722e-05,1.9313e-05,0,0,0,0,0.65718,999,999,999,0.47885,0.45625,0,0,0,0,0,0,0,0,0,0,0,0,0,0,0,0,0,0,0,0,0,0,0,0,0,0,0,0,0,0,0,0,0,0,0,0,0,0,0,0.027255,0.51421,-1,0.86661,0,0,0,0,0,0,0,0,0,0,0,1
0,0,0,0,0,0,0,0,0.1351,0.75561,-0.62726,-1,0.99979,0.99509,-0.97099,0,0,0,1.3254,0.66585,0.8576,-0.91354,0.37934,0.4675,0.77188,0.90598,0.1351,4.6679e-07,9999,1,-1,742.19,6.543,0.18583,0,0,0,0,0,0,0,0,1,999,999,999,0,0,0,0,0,10,0.24434,0.99509,9999,1,761.72,6.543,0.4675,0.87741,0.91157,-0.40883,22,0.0079743,0.87741,-1,0.91157,0.63515,1,0.99509,0.70421,0,0,0,0,0,0,0,1
0,0,0,0,0,0,0,0,0.91005,1.7453,-0.29961,1,0.79583,0.0012443,-0.0010666,0,0,0,1.4593,0.87361,-0.91131,-0.54935,1.3517,0.61555,0.96855,0.98108,0.15829,6.1958e-07,9999,1,-1,571.29,4.6387,0.24151,0,0,0,0,0,0,0,0,1,0.87361,0.91131,-0.89503,0,0,0,0,0,10,0.15829,6.1958e-07,9999,-1,571.29,4.6387,0.24151,0.87361,0.91131,-0.89503,-2,0.0044541,0.91005,1,0.58404,0.41617,1,0.79583,0.84772,0,0,0,0,0,0,0,1
0,0,0,0,0,0,0,0,0.72308,1.2308,-0.17839,1,0.99444,0.0045715,-0.00051326,2,0,0,0.98165,0.51862,0.92832,-0.864,0.61822,0.72671,0.6084,0,0,0,0,0,0,0,0,0,0,0,0,0,0,0,0,0,0,0,0,0,0,0,0,0,0,0,0,0,0,0,0,0,0,0,0,0,0,0.014111,0.72308,1,0.98792,0,0,0,0,0,0,0,0,0,0,0,1
0,0,0,0,0.83361,0,0.95414,-1,0.95047,0.84028,-0.97828,1,-0.98452,0.0072365,0.0012853,0,0,0,1.4114,-0.83361,-0.98986,-0.8181,0.66106,1.0511,0.98766,0,0,0,0,0,0,0,0,0,0,0,0,0,0,0,0,0,0,0,0,0,0,0,0,0,0,0,0,0,0,0,0,0,0,0,0,0,0,0.0078708,0.95047,1,0.97606,0,0,0,0,0,0,0,0,0,0,0,0
0,0,0,0,0,0,0,0,0.39221,0.53562,0.71885,-1,-1.526e-05,-5.4556e-06,0,0,0,0,0.55309,999,999,999,0.43264,0.34558,0,0,0,0,0,0,0,0,0,0,0,0,0,0,0,0,0,0,0,0,0,0,0,0,0,0,0,0,0,0,0,0,0,0,0,0,0,0,0,0.0071705,0.51568,-1,0.49613,0,0,0,0,0,0,0,0,0,0,0,1
0,0,0,0,0,0,0,0,0.9383,0.85398,-0.6238,-1,-0.92941,-0.40653,-4.2208e-05,1,0,0,1.2902,-0.70733,0.97215,-0.8315,0.94006,0.92262,0.55926,0.11562,0.17553,3.6187e-07,9999,0,1,1103.5,8.1055,0.11818,0,0,0,0,0,0,0,0,1,0.9383,0.88341,-0.27484,0,0,0,0,0,10,0.17553,3.6187e-07,9999,1,1103.5,8.1055,0.11818,0.9383,0.88341,-0.27484,4,0.0076026,0.9383,-1,0.88341,-0.27484,-1,-0.92941,-0.0066775,0,0,0,0,0,0,0,0
0,0,0,0,1.5257,0.34832,-0.22301,1,0.31913,0.075179,0.68676,1,-0.088437,0.026613,-0.00017021,0,0,0,1.84,999,999,999,1.2762,2.1188,0.93603,0,0,0,0,0,0,0,0,0,0,0,0,0,0,0,0,0,0,0,0,0,0,0,0,0,0,0,0,0,0,0,0,0,0,0,0,0,0,0.0109,1.5257,1,0.85424,0,0,0,0,0,0,0,0,0,0,0,0
0,0,0,0,0,0,0,0,1.8234,0,-0.75146,-1,-0.8486,-6.6691e-05,1.0263e-06,0,0,0,1.3,999,999,999,0.72705,2.8342,0.31412,0.64673,0.11633,3.9988e-07,9999,1,1,732.42,6.7383,0.14744,0,0,0,0,0,0,0,0,1,1.8234,0.95519,-0.72959,0,0,0,0,0,10,0.11633,3.9988e-07,9999,1,732.42,6.7383,0.14744,1.8234,0.95519,-0.72959,2,0.010221,1.8234,-1,0.95519,0.38296,-1,-0.8486,-0.4768,0,0,0,0,0,0,0,0
1.4659,0.36904,-0.43225,-1,0,0,0,0,0.51805,0.3562,0.77087,-1,-0.0046085,-0.00065167,4.3479e-06,0,0,0,1.5425,-1.4659,0.9652,-0.48635,0.84382,1.6716,0.32819,0,0,0,0,0,0,0,0,0,0,0,0,0,0,0,0,0,0,0,0,0,0,0,0,0,0,0,0,0,0,0,0,0,0,0,0,0,0,0.0062812,1.4659,-1,0.9652,0,0,0,0,0,0,0,0,0,0,0,0
0,0,0,0,0,0,0,0,1.0952,0.40163,-0.14821,1,0.0058115,0.0044042,0.00054241,4,1,0.50017,1.2671,999,999,999,1.2183,0.45036,0.30688,0.16956,0.08015,1.2274e-06,9999,0,1,0,4.1016,0.11464,0,0,0,0,0,0,0,0,1,999,999,999,0,0,0,0,0,10,0.18831,3.5334e-06,9999,-1,0,4.248,0.28404,1.0952,0.95789,-0.81655,-6,0.00036106,1.0952,1,0.95789,0.53535,-1,-8.3379e-06,-0.53941,0,0,0,0,0,0,0,0
0,0,0,0,0,0,0,0,0.3902,1.4034,-0.85568,-1,-0.99924,-0.9978,-4.7927e-05,2,0,0,0.78638,999,999,999,0.39379,0.40091,0.57648,0.47396,0.24705,3.9039e-07,9999,0,-1,878.91,8.1055,0.14077,0,0,0,0,0,0,0,0,1,999,999,999,0,0,0,0,0,0,0,0,0,0,0,0,0,0,0,0,0,0,0,0,0,0.056745,1,4.101e-05,2.6101e-06,0,0,0,0,0,0,0,0
0,0,0,0,0,0,0,0,1.2315,1.025,-0.99381,-1,-0.97221,0.48116,-2.6867e-05,0,0,0,1.4173,999,999,999,1.4259,0.90148,0.49372,0.9462,0.18891,6.4625e-07,9999,1,1,551.76,5.3711,0.24864,0,0,0,0,0,0,0,0,1,999,999,999,0,0,0,0,0,0,0,0,0,0,0,0,0,0,0,0,0,0.0015927,1.2315,-1,0.88635,0.71082,-1,-0.97221,-0.55009,0,0,0,0,0,0,0,1
0,0,0,0,0,0,0,0,1.6561,0.18854,-0.94475,-1,-0.0074449,-0.00016892,4.5164e-06,0,1,0.49858,1.3661,-0.55607,0.63992,-0.65712,1.2895,0.84326,0.33109,0,0,0,0,0,0,0,0,0,0,0,0,0,0,0,0,0,0,0,0,0,0,0,0,0,0,0,0,0,0,0,0,0,0,0,0,0,0,0.0012349,1.6561,-1,0.99795,0,0,0,0,0,0,0,0,0,0,0,1
0.96706,0.79346,0.20497,1,0,0,0,0,1.1737,1.2455,-0.70886,1,0.96983,0.010088,-1.4024e-05,0,0,0,1.3819,0.96706,0.84446,-0.80945,0.96593,1.2792,0.42462,0.97658,0.14138,3.7777e-07,9999,0,1,703.12,4.8828,0.13129,0,0,0,0,0,0,0,0,1,999,999,999,0,0,0,0,0,10,0.092616,4.0899e-07,9999,-1,830.08,6.1523,0.1535,1.1737,0.98564,-0.19528,-0,0.00041445,1.1737,1,0.98564,-0.19528,1,0.96983,0.46445,0.96706,0.79346,0.20497,1,1,0.0019746,0.84446,1
0,0,0,0,0,0,0,0,0.31975,1.3245,-0.83434,-1,0.96179,0.00018152,-7.739e-05,0,1,0.49975,0.675,999,999,999,0.64486,0.19715,0.6194,0.76071,0.14494,4.8007e-07,9999,0,1,634.77,5.3223,0.19208,0,0,0,0,0,0,0,0,1,999,999,999,0,0,0,0,0,0,0,0,0,0,0,0,0,0,0,0,0,0,0,0,0,0.69103,-1,-7.739e-05,-0.38037,0,0,0,0,0,0,0,1
0,0,0,0,0,0,0,0,0.60523,0.98611,-0.97555,1,0.00013482,1.8943e-05,-3.8547e-06,3,1,0.49623,0.80773,999,999,999,0.75594,0.45422,0.31908,0.78593,0.12406,4.008e-07,9999,0,1,722.66,3.0273,0.14806,0,0,0,0,0,0,0,0,1,999,999,999,0,0,0,0,0,0,0,0,0,0,0,0,0,0,0,0,0,0.0066807,0.60523,1,0.87258,0.2799,-1,-3.8547e-06,-0.56283,0,0,0,0,0,0,0,1
0,0,0,0,0,0,0,0,0.79024,0.17873,-0.70351,1,0.0008634,-7.3683e-06,4.8663e-07,0,0,0,0.85832,999,999,999,0.95415,0.36927,0.19503,0,0,0,0,0,0,0,0,0,0,0,0,0,0,0,0,0,0,0,0,0,0,0,0,0,0,0,0,0,0,0,0,0,0,0,0,0,0,0.0060526,0.79024,1,0.97817,0,0,0,0,0,0,0,0,0,0,0,1
0,0,0,0,0,0,0,0,1.0849,0.23706,-0.63503,-1,-0.01454,-8.3314e-05,0,1,0,0,1.0294,-0.56714,-0.63069,-0.27637,1.5975,0.7426,0,0,0,0,0,0,0,0,0,0,0,0,0,0,0,0,0,0,0,0,0,0,0,0,0,0,0,0,0,0,0,0,0,0,0,0,0,0,0,0.031605,1.0849,-1,0.87981,0,0,0,0,0,0,0,0,0,0,0,1
0,0,0,0,0,0,0,0,0.92989,0.82328,-0.22333,-1,0.95442,-0.95123,0.021085,1,0,0,1.3296,0.68102,0.97023,-0.9155,0.93393,1.4252,1.0384,0.4566,0.083818,3.5438e-07,9999,1,-1,2148.4,10.156,0.11149,0,0,0,0,0,0,0,0,1,0.68102,0.97023,-0.25471,0,0,0,0,0,10,0.083818,3.5438e-07,9999,-1,2148.4,10.156,0.11149,0.68102,0.97023,-0.25471,-4,0.0066986,1.0639,1,0.94915,0.58648,1,0.95442,0.58425,0,0,0,0,0,0,0,0
0,0,0,0,0,0,0,0,0.98575,0.59358,-0.71391,1,0.11614,-0.00061531,1.4711e-06,3,0,0,0.9951,999,999,999,1.2643,0.35992,0.17314,0.34614,0.14107,1.2323e-06,9999,1,1,0,2.2461,0.068238,1,0,2.2272,1.9521,-1.5309,0.10064,0.0416,0.069125,1,999,999,999,0,0,0,0,0,0,0,0,0,0,0,0,0,0,0,0,0,0.0043506,0.98575,1,0.96306,0.98458,-1,-0.00061531,-0.14504,0,0,0,0,0,0,0,0
0,0,0,0,0,0,0,0,0.30702,1.4209,-0.71022,-1,-0.99624,0.93663,0.82988,3,0,0,0.86301,-0.62538,-0.98402,-0.82971,0.45915,0.42024,0.18674,0.74662,0.21647,4.8461e-07,9999,1,1,722.66,4.1992,0.19413,0,0,0,0,0,0,0,0,1,0.62538,0.98402,-0.70772,0,0,0,0,0,10,0.21647,4.8461e-07,9999,1,722.66,4.1992,0.19413,0.62538,0.98402,-0.70772,5,0.0066565,0.62538,-1,0.98402,0.75811,-1,-0.99624,-0.0065711,0,0,0,0,0,0,0,1
0,0,0,0,0,0,0,0,0.88642,1.0242,-0.89194,-1,0.99999,0.99999,-0.93717,0,0,0,0.94573,999,999,999,0.23764,0.24588,1.4193,0.68203,0.18766,5.8868e-07,9999,1,-1,581.05,3.6133,0.23251,0,0,0,0,0,0,0,0,1,999,999,999,0,0,0,0,0,10,0.23426,0.99999,9999,1,2246.1,15.039,0.24588,0.88642,0.99624,-0.92687,3,0.0051583,0.88642,-1,0.99624,0.72616,1,0.99999,0.03316,0,0,0,0,0,0,0,1
0,0,0,0,0,0,0,0,0.63587,0.27617,-0.93158,-1,-0.00034786,3.1655e-07,0,0,0,0,0.44369,999,999,999,0.98451,0.071089,0,0.21162,0.10271,3.1655e-07,9999,1,1,732.42,3.7109,0.071089,0,0,0,0,0,0,0,0,1,0.63587,0.94084,-0.5295,0,0,0,0,0,10,0.10271,3.1655e-07,9999,1,732.42,3.7109,0.071089,0.63587,0.94084,-0.5295,21,0.023422,0.63587,-1,0.94084,-0.5295,-1,-0.00034786,-0.39827,0,0,0,0,0,0,0,0
0,0,0,0,0,0,0,0,0.32755,0,0.76703,-1,0.75181,-0.00043187,-3.7724e-05,2,1,0.49769,0.52522,999,999,999,2.0282,0.64949,0.54074,0.59799,0.23899,2.7194e-06,9999,1,1,488.28,4.5898,0.29285,0,0,0,0,0,0,0,0,1,999,999,999,0,0,0,0,0,0,0,0,0,0,0,0,0,0,0,0,0,0,0,0,0,0.64587,-1,-3.7724e-05,-0.00026295,0,0,0,0,0,0,0,1
0,0,0,0,0,0,0,0,0.8182,0.37554,0.92163,-1,0.99998,-0.99626,-0.99613,1,0,0,1.1432,999,999,999,0.2388,0.53115,0.57635,0.67681,0.063178,1.2167e-06,9999,1,1,0,25.781,0.078684,0,0,0,0,0,0,0,0,1,0.8182,0.90559,-0.92289,0,0,0,0,0,10,0.063178,1.2167e-06,9999,1,0,25.781,0.078684,0.8182,0.90559,-0.92289,2,0.010419,0.8182,-1,0.90559,0.38814,-1,-0.99613,-0.75786,0,0,0,0,0,0,0,0
0,0,0,0,0,0,0,0,1.0238,0,-0.94832,1,0.9477,-9.7913e-05,8.7754e-05,1,1,0.49357,1.1105,999,999,999,1.2859,0.75175,0.71746,0,0,0,0,0,0,0,0,0,0,0,0,0,0,0,0,0,0,0,0,0,0,0,0,0,0,0,0,0,0,0,0,0,0,0,0,0,0,0.00029099,1.0238,1,0.97579,0,0,0,0,0,0,0,0,0,0,0,0
0,0,0,0,0,0,0,0,0.76756,1.1787,0.75421,1,0.26671,-4.9576e-05,-4.5322e-05,1,0,0,1.0505,999,999,999,0.90987,0.58922,0.57188,0,0,0,0,0,0,0,0,0,0,0,0,0,0,0,0,0,0,0,0,0,0,0,0,0,0,0,0,0,0,0,0,0,0,0,0,0,0,0.010005,0.76756,1,0.92853,0,0,0,0,0,0,0,0,0,0,0,0
0,0,0,0,0,0,0,0,0.8878,0.7826,0.15675,-1,-0.9965,0.98807,0.77353,1,0,0,0.64339,999,999,999,0.56496,0.74019,0.13031,0,0,0,0,0,0,0,0,0,0,0,0,0,0,0,0,0,0,0,0,0,0,0,0,0,0,0,0,0,0,0,0,0,0,0,0,0,0,0.016644,0.8878,-1,0.94392,0,0,0,0,0,0,0,0,0,0,0,0
0,0,0,0,0,0,0,0,0.351,1.021,-0.57516,-1,0.07267,-0.051015,2.6056e-05,1,1,0.49727,0.4797,999,999,999,0.6699,1.105,0.48669,0,0,0,0,0,0,0,0,0,0,0,0,0,0,0,0,0,0,0,0,0,0,0,0,0,0,0,0,0,0,0,0,0,0,0,0,0,0,0,0,0,0,0,0,0,0,0,0,0,0,0,0,0,0
0,0,0,0,0,0,0,0,1.0168,0.45619,-0.23323,-1,-0.93802,0.33603,-0.006919,0,0,0,1.1609,999,999,999,1.2805,1.293,0.26039,0.48793,0.12914,5.8452e-07,9999,1,1,595.7,4.541,0.23123,0,0,0,0,0,0,0,0,1,999,999,999,0,0,0,0,0,0,0,0,0,0,0,0,0,0,0,0,0,0.012032,1.0168,-1,0.93181,0.77123,-1,-0.93802,-0.26665,0,0,0,0,0,0,0,0
1.1407,0,-0.1769,1,0,0,0,0,0.68906,0,-0.11325,-1,0.99926,0.0026535,-7.6219e-05,0,0,0,1.4502,999,999,999,0.44867,1.4174,0.62227,0,0,0,0,0,0,0,0,0,0,0,0,0,0,0,0,0,0,0,0,0,0,0,0,0,0,0,0,0,0,0,0,0,0,0,0,0,0,0.0077367,1.1407,1,0.84449,0,0,0,0,0,0,0,0,0,0,0,1
0,0,0,0,1.5282,0.04033,-0.79778,-1,0.14127,0.12465,0.4076,1,-0.056958,-0.0048639,0.00066515,2,1,0.49553,1.4919,-1.5282,0.86576,-0.94573,0.93509,1.5354,0.92874,0.95328,0.14127,4.031e-07,9999,1,1,644.53,6.25,0.14961,0,0,0,0,0,0,0,0,1,1.5282,0.86576,-0.83888,0,0,0,0,0,10,0.14127,4.031e-07,9999,1,644.53,6.25,0.14961,1.5282,0.86576,-0.83888,2,0.0064429,1.5282,-1,0.86576,0.61732,-1,-0.056958,-0.80183,0,0,0,0,0,0,0,0
0,0,0,0,0,0,0,0,0.53193,0.72416,0.87586,-1,-0.99991,-0.99928,0.8692,0,0,0,0.62874,999,999,999,0.33522,0.44881,0.72139,0.96298,0.11364,3.381e-07,9999,1,-1,410.16,13.086,0.095609,0,0,0,0,0,0,0,0,1,999,999,999,0,0,0,0,0,0,0,0,0,0,0,0,0,0,0,0,0,0.0068788,0.53193,-1,0.99464,0.9935,-1,-0.99991,-0.84127,0,0,0,0,0,0,0,0
0,0,0,0,0,0,0,0,0.33515,0.35597,-0.61117,-1,0.8441,-4.3443e-06,1.2271e-06,2,0,0,0.83564,999,999,999,0.86653,0.32813,0.071133,0.97438,0.11698,1.2271e-06,9999,0,1,0,4.6387,0.071133,0,0,0,0,0,0,0,0,1,999,999,999,0,0,0,0,0,10,0.13554,4.8047e-07,9999,-1,654.3,5.127,0.19226,0.70681,0.74555,-0.93719,-5,0.021047,0.70681,1,0.74555,-0.93719,1,0.8441,0.2847,0,0,0,0,0,0,0,1
0,0,0,0,0,0,0,0,0.45993,0.50226,0.95625,1,7.3948e-05,-5.1228e-07,0,0,0,0,0.44401,999,999,999,0.63732,0.20585,0,0.74808,0.14219,5.1228e-07,9999,1,-1,556.64,4.2969,0.20585,0,0,0,0,0,0,0,0,1,999,999,999,0,0,0,0,0,0,0,0,0,0,0,0,0,0,0,0,0,0,0,0,0,-0.7693,1,7.3948e-05,0.3842,0,0,0,0,0,0,0,1
0,0,0,0,0,0,0,0,1.5814,0.46709,-0.99738,-1,-0.001747,0,0,0,0,0,1.5381,999,999,999,1.5927,0,0,0,0,0,0,0,0,0,0,0,0,0,0,0,0,0,0,0,0,0,0,0,0,0,0,0,0,0,0,0,0,0,0,0,0,0,0,0,0,0.0030951,1.5814,-1,0.99458,0,0,0,0,0,0,0,0,0,0,0,0
0,0,0,0,0,0,0,0,0.59767,0.73471,0.45815,-1,-0.065224,2.2469e-06,-8.3996e-07,0,0,0,0.56244,999,999,999,0.92418,0.23706,0.28819,0.12636,0.086645,3.2172e-07,9999,1,1,722.66,3.9062,0.077389,0,0,0,0,0,0,0,0,1,999,999,999,0,0,0,0,0,0,0,0,0,0,0,0,0,0,0,0,0,0.039618,0.59767,-1,0.53282,0.05798,-1,-0.065224,-0.50452,0,0,0,0,0,0,0,1
0.99657,1.4851,-0.61403,-1,0,0,0,0,1.2115,0.83258,0.37556,1,-0.96726,0.04452,-0.039438,0,0,0,1.7441,999,999,999,0.87305,1.2653,1.1694,0,0,0,0,0,0,0,0,0,0,0,0,0,0,0,0,0,0,0,0,0,0,0,0,0,0,0,0,0,0,0,0,0,0,0,0,0,0,0.018036,1.2115,1,0.99388,0,0,0,0,0.99657,1.4851,-0.61403,-1,1,0.00066706,0.95507,0
0,0,0,0,0,0,0,0,1.2951,0,-0.92591,1,0.00010466,-7.2343e-06,-1.2095e-06,3,1,0.49973,0.77349,999,999,999,0.87256,0.4846,0.089924,0.95292,0.17891,1.2095e-06,9999,0,-1,0,15.43,0.089924,0,0,0,0,0,0,0,0,1,999,999,999,0,0,0,0,0,0,0,0,0,0,0,0,0,0,0,0,0,0,0,0,0,0.96857,1,0.00010466,0.66583,0,0,0,0,0,0,0,1
0,0,0,0,0,0,0,0,1.0722,0.10557,-0.29785,-1,-0.034333,-5.1379e-05,2.9127e-05,0,0,0,1.303,999,999,999,1.2484,0.59723,0.50384,0.17718,0.22937,4.3629e-07,9999,1,1,761.72,5.1758,0.16994,0,0,0,0,0,0,0,0,1,0.56708,0.38907,-0.2077,0,0,0,0,0,10,0.22937,4.3629e-07,9999,1,761.72,5.1758,0.16994,0.56708,0.38907,-0.2077,0,0.010872,1.0722,-1,0.90802,0.56291,-1,-0.034333,-0.00019533,0,0,0,0,0,0,0,1
1.7248,0,-0.94018,1,0,0,0,0,0.34092,0.70352,0.89092,1,0.9951,6.0921e-05,-3.1182e-06,1,0,0,1.4188,1.7248,0.9945,-0.86153,0.43089,2.5612,0.30313,0,0,0,0,0,0,0,0,0,0,0,0,0,0,0,0,0,0,0,0,0,0,0,0,0,0,0,0,0,0,0,0,0,0,0,0,0,0,0.0037093,1.7248,1,0.9945,0,0,0,0,0,0,0,0,0,0,0,1
0,0,0,0,0,0,0,0,0.77843,0.79766,0.19216,-1,0.98229,0.98225,-0.017824,1,1,0.50179,1.1869,999,999,999,0.48139,0.78357,0.77226,0,0,0,0,0,0,0,0,0,0,0,0,0,0,0,0,0,0,0,0,0,0,0,0,0,0,0,0,0,0,0,0,0,0,0,0,0,0,1.5714e-05,0.77843,-1,0.82855,0,0,0,0,0,0,0,0,0,0,0,0
0,0,0,0,0,0,0,0,0.46461,0.91739,0.92008,1,0.0090357,3.2401e-05,2.5266e-05,1,0,0,0.83635,0.66716,-0.882,-0.064217,0.59569,0.51825,0.48625,0.41146,0.1356,4.9188e-07,9999,0,-1,419.92,4.7852,0.19734,0,0,0,0,0,0,0,0,1,999,999,999,0,0,0,0,0,0,0,0,0,0,0,0,0,0,0,0,0,0.0086798,0.66716,1,0.882,0.13603,1,2.5266e-05,0.19684,0,0,0,0,0,0,0,1
0,0,0,0,0,0,0,0,1.352,1.6726,-0.39451,1,-0.95868,0.089938,-0.0002422,3,0,0,1.5548,-0.56028,-0.96295,-0.99263,1.1129,1.8289,0.27006,0.7929,0.12315,1.2241e-06,9999,1,1,0,4.1016,0.073003,1,0,2.08,1.9165,-1.4557,0.53465,0.24401,0.022613,1,0.75124,0.92333,-0.56049,0,0,0,0,0,10,0.12315,1.2241e-06,9999,1,0,4.1016,0.073003,0.75124,0.92333,-0.56049,11,0.0063997,1.352,1,0.85309,-0.56049,-1,-0.95868,-0.57576,0,0,0,0,0,0,0,0
0,0,0,0,0,0,0,0,0.24662,0.95054,-0.47085,-1,-5.2036e-07,3.3251e-07,0,1,0,0,0.20877,999,999,999,0.20903,0.089673,0,0.9831,0.24662,5.2036e-07,9999,1,-1,556.64,4.834,0.20903,0,0,0,0,0,0,0,0,1,999,999,999,0,0,0,0,0,0,0,0,0,0,0,0,0,0,0,0,0,0,0,0,0,0,0,0,0,0,0,0,0,0,0,0,0
0,0,0,0,0,0,0,0,0.53139,0.52712,0.16238,1,-0.0043608,-0.00017496,7.8005e-05,1,0,0,0.62799,999,999,999,0.56964,0.17012,0.7125,0.63933,0.063922,1.2283e-06,9999,1,-1,0,7.8125,0.11515,0,0,0,0,0,0,0,0,1,999,999,999,0,0,0,0,0,10,0.13008,0.00017496,9999,-1,781.25,0,0.17012,0.53139,0.93087,-0.67454,-0,0.003247,0.53139,1,0.93087,0.66269,1,7.8005e-05,0.7557,0,0,0,0,0,0,0,1
0,0,0,0,0,0,0,0,0.60405,0.59537,-0.080539,-1,0.99992,-0.00012084,1.3887e-06,0,0,0,0.68255,999,999,999,0.31042,0.69512,0.34833,0.98734,0.096734,3.4191e-07,9999,1,1,1347.7,10.156,0.0995,0,0,0,0,0,0,0,0,1,0.60405,0.93883,-0.90308,0,0,0,0,0,10,0.096734,3.4191e-07,9999,1,1347.7,10.156,0.0995,0.60405,0.93883,-0.90308,2,0.024631,0.60405,-1,0.93883,-0.90308,-1,-0.00012084,-0.88496,0,0,0,0,0,0,0,0
0,0,0,0,0,0,0,0,1.6936,0.54687,-0.7848,1,-0.98082,0.026973,-4.2003e-05,0,0,0,1.5465,999,999,999,0.54674,1.4011,0.55322,0,0,0,0,0,0,0,0,0,0,0,0,0,0,0,0,0,0,0,0,0,0,0,0,0,0,0,0,0,0,0,0,0,0,0,0,0,0,0.01176,1.6936,1,0.94674,0,0,0,0,0,0,0,0,0,0,0,0
0,0,0,0,0,0,0,0,1.4639,0.97261,0.96814,-1,-0.93893,-0.023281,-0.00018786,0,0,0,1.9999,-1.4639,-0.98672,-0.93615,1.1502,1.6389,0.78489,0,0,0,0,0,0,0,0,0,0,0,0,0,0,0,0,0,0,0,0,0,0,0,0,0,0,0,0,0,0,0,0,0,0,0,0,0,0,0.0073681,1.4639,-1,0.98672,0,0,0,0,0,0,0,0,0,0,0,0
0,0,0,0,0,0,0,0,1.0472,0.67199,-0.81692,-1,-0.97041,-6.8239e-06,-6.6957e-06,2,1,0.4998,1.0682,999,999,999,0.96497,0.36313,0.47919,0.64955,0.11769,3.4976e-07,9999,1,1,1816.4,11.816,0.10718,0,0,0,0,0,0,0,0,1,1.0472,0.86663,-0.50168,0,0,0,0,0,10,0.15982,1.2265e-06,9999,1,0,12.695,0.11408,1.0472,0.86663,-0.32164,9,0.0026912,1.0472,-1,0.86663,-0.50168,-1,-0.97041,-0.46869,0,0,0,0,0,0,0,0
0,0,0,0,0,0,0,0,1.2355,0.95824,-0.81132,1,0.056094,-0.00014718,-8.2848e-05,0,0,0,1.5485,999,999,999,1.4747,0.69664,0.71763,0.82425,0.087369,1.2164e-06,9999,1,1,0,6.9336,0.10645,0,0,0,0,0,0,0,0,1,999,999,999,0,0,0,0,0,0,0,0,0,0,0,0,0,0,0,0,0,0.013946,1.2355,1,0.97943,0.87404,-1,-0.00014718,-0.7187,0,0,0,0,0,0,0,1
0,0,0,0,0,0,0,0,0.56462,0.64763,-0.86253,1,0.98504,0.78042,-0.00060766,3,0,0,0.85897,0.56462,0.95184,-0.43839,0.73838,0.95525,0.35285,0.69185,0.06366,1.2575e-06,9999,0,-1,0,9.2773,0.12833,0,0,0,0,0,0,0,0,1,0.59854,0.66387,-0.90028,0,0,0,0,0,10,0.06366,1.2575e-06,9999,-1,0,9.2773,0.12833,0.59854,0.66387,-0.90028,-4,0.0285,0.56462,1,0.95184,0.57446,1,0.78042,0.75583,0,0,0,0,0,0,0,1
0,0,0,0,0,0,0,0,1.5069,0.71007,-0.45716,-1,0.050989,-0.033567,-0.00073794,1,0,0,1.8726,999,999,999,1.273,1.4729,0.7367,0.66978,0.21846,3.9291e-06,9999,1,1,478.52,3.3203,0.32052,0,0,0,0,0,0,0,0,1,1.5069,0.99196,-0.66235,0,0,0,0,0,10,0.22796,3.5871e-06,9999,1,512.7,3.1738,0.31365,1.5069,0.99196,-0.45776,6,0.0096372,1.5069,-1,0.99196,0.69659,-1,-0.00073794,-0.0024961,0,0,0,0,0,0,0,1
0,0,0,0,0,0,0,0,0.68192,0.066365,-0.19981,1,0.00028461,0.00013287,-8.1824e-06,1,0,0,0.84301,999,999,999,0.76213,0.33593,0.37778,0.22026,0.10891,3.5387e-07,9999,0,-1,1328.1,10.742,0.11102,0,0,0,0,0,0,0,0,1,999,999,999,0,0,0,0,0,0,0,0,0,0,0,0,0,0,0,0,0,0.013002,0.68192,1,0.81093,0.5635,1,0.00013287,0.35292,0,0,0,0,0,0,0,1
0,0,0,0,1.5511,0.29429,-0.93419,-1,0.43443,0.35735,-0.21506,1,-0.3877,0.00029173,1.0851e-06,1,0,0,1.5334,999,999,999,1.5087,0.53466,0.32082,0,0,0,0,0,0,0,0,0,0,0,0,0,0,0,0,0,0,0,0,0,0,0,0,0,0,0,0,0,0,0,0,0,0,0,0,0,0,0.01196,1.5511,-1,0.83348,0,0,0,0,0,0,0,0,0,0,0,0
0,0,0,0,0,0,0,0,0.57456,0.90006,0.6758,1,0.49857,0.15004,0.00022188,2,0,0,0.42922,999,999,999,0.97801,0.61185,0.46662,0,0,0,0,0,0,0,0,0,0,0,0,0,0,0,0,0,0,0,0,0,0,0,0,0,0,0,0,0,0,0,0,0,0,0,0,0,0,0.048151,0.57456,1,0.82901,0,0,0,0,0,0,0,0,0,0,0,1
0,0,0,0,0,0,0,0,1.5985,0.050356,-0.46769,-1,-0.99976,0.00078994,0.00017478,1,0,0,1.7369,-1.5985,0.943,-0.83015,0.38532,0.80472,0.14346,0,0,0,0,0,0,0,0,0,0,0,0,0,0,0,0,0,0,0,0,0,0,0,0,0,0,0,0,0,0,0,0,0,0,0,0,0,0,0.039893,1.5985,-1,0.943,0,0,0,0,0,0,0,0,0,0,0,0
0,0,0,0,0,0,0,0,1.9253,0.59527,-0.46874,1,0.9135,0.093682,-0.012697,0,1,0.50024,2.1849,1.9253,-0.9757,-0.47242,0.66658,2.4172,1.3878,0,0,0,0,0,0,0,0,0,0,0,0,0,0,0,0,0,0,0,0,0,0,0,0,0,0,0,0,0,0,0,0,0,0,0,0,0,0,0.0056337,1.9253,1,0.9757,0,0,0,0,0,0,0,0,0,0,0,1
0,0,0,0,0,0,0,0,0.37595,1.1891,-0.97559,-1,-0.00023489,-4.9056e-06,4.2037e-06,2,0,0,0.41879,999,999,999,0.26471,0.27415,0.32564,0.4275,0.073405,3.6665e-07,9999,0,1,957.03,3.4668,0.12227,0,0,0,0,0,0,0,0,1,999,999,999,0,0,0,0,0,0,0,0,0,0,0,0,0,0,0,0,0,0,0,0,0,-0.078119,-1,-0.00023489,-0.62907,0,0,0,0,0,0,0,1
0,0,0,0,0,0,0,0,0.87981,1.2395,-0.4348,-1,-0.98856,0.86242,-1.2512e-05,0,0,0,1.0792,999,999,999,0.71595,1.0739,0.41418,0.99343,0.13757,5.7213e-07,9999,1,-1,463.87,3.9062,0.22732,0,0,0,0,0,0,0,0,1,999,999,999,0,0,0,0,0,10,0.1741,4.4585e-07,9999,1,703.12,5.4199,0.17518,0.87981,0.95967,-0.16815,0,0.0062039,0.87981,-1,0.95967,0.74835,1,0.86242,0.89439,0,0,0,0,0,0,0,1
1.6262,0.55091,0.6824,1,0,0,0,0,1.1566,1.3847,-0.79449,-1,-0.018078,0.014665,0.00053788,0,0,0,2.3073,999,999,999,1.3132,1.5129,1.5243,0,0,0,0,0,0,0,0,0,0,0,0,0,0,0,0,0,0,0,0,0,0,0,0,0,0,0,0,0,0,0,0,0,0,0,0,0,0,0.0065084,1.6262,1,0.95891,0,0,0,0,0,0,0,0,0,0,0,1
0,0,0,0,0,0,0,0,0.96474,1.5172,-0.78027,1,0.97155,8.5731e-05,-5.8927e-05,0,0,0,1.1738,0.72188,-0.99819,-0.92547,1.4899,0.70678,0.62919,0.8372,0.13468,1.2096e-06,9999,1,1,0,17.383,0.089466,0,0,0,0,0,0,0,0,1,999,999,999,0,0,0,0,0,10,0.19772,9.2906e-07,9999,-1,532.23,3.418,0.30162,0.96474,0.90937,-0.14594,-6,0.0044878,0.96474,1,0.90937,-0.14594,1,0.97155,0.0065563,0,0,0,0,0,0,0,0
0,0,0,0,0,0,0,0,0.87407,0.7589,0.98624,-1,-0.93364,0.26832,-4.1062e-05,0,0,0,0.9761,-0.87407,-0.82984,-0.81566,1.3132,0.92033,0.55376,0,0,0,0,0,0,0,0,0,0,0,0,0,0,0,0,0,0,0,0,0,0,0,0,0,0,0,0,0,0,0,0,0,0,0,0,0,0,0.0080731,0.86343,-1,0.89123,0,0,0,0,0,0,0,0,0,0,0,0
0,0,0,0,0,0,0,0,0.32141,0,-0.75887,-1,2.4823e-05,-1.2079e-06,0,0,1,0.49939,0.46503,999,999,999,0.48415,0.23035,0,0,0,0,0,0,0,0,0,0,0,0,0,0,0,0,0,0,0,0,0,0,0,0,0,0,0,0,0,0,0,0,0,0,0,0,0,0,0,0,0,0,0,0,0,0,0,0,0,0,0,0,0,0,1
0,0,0,0,0,0,0,0,1.1468,0.7435,-0.88637,1,-0.99857,0.099441,2.4782e-05,1,0,0,0.73457,999,999,999,0.49196,0.72392,0.48395,0,0,0,0,0,0,0,0,0,0,0,0,0,0,0,0,0,0,0,0,0,0,0,0,0,0,0,0,0,0,0,0,0,0,0,0,0,0,0.097345,1.1468,1,0.78849,0,0,0,0,0,0,0,0,0,0,0,0
0,0,0,0,0,0,0,0,1.644,0.42285,-0.53961,-1,-0.99258,-0.45801,0.29315,0,0,0,2.0135,-1.644,-0.88796,-0.0039985,0.4926,1.2086,2.3359,0.66433,0.1659,4.1434e-07,9999,1,-1,761.72,5.9082,0.15691,0,0,0,0,0,0,0,0,1,1.6849,0.98393,-0.58615,0,0,0,0,0,10,0.1659,4.1434e-07,9999,-1,761.72,5.9082,0.15691,1.6849,0.98393,-0.58615,-0,0.0015933,1.6849,1,0.98393,-0.087289,1,0.015571,0.10831,0,0,0,0,0,0,0,0
0,0,0,0,0.70441,0.45719,-0.66467,1,0.71276,0.45719,-0.60388,-1,-0.58138,-0.16848,0.016401,1,0,0,0.93524,-0.71276,0.57546,-0.025769,0.99739,1.1547,1.0362,0,0,0,0,0,0,0,0,0,0,0,0,0,0,0,0,0,0,0,0,0,0,0,0,0,0,0,0,0,0,0,0,0,0,0,0,0,0,0.0063791,0.70441,1,0.69309,0,0,0,0,0,0,0,0,0,0,0,0
0,0,0,0,0,0,0,0,0.49047,0.93729,-0.66386,-1,-8.1517e-06,2.7758e-06,0,0,0,0,0.46061,999,999,999,0.37747,0.29439,0,0,0,0,0,0,0,0,0,0,0,0,0,0,0,0,0,0,0,0,0,0,0,0,0,0,0,0,0,0,0,0,0,0,0,0,0,0,0,0,0,0,0,0,0,0,0,0,0,0,0,0,0,0,0
0,0,0,0,0,0,0,0,0.83581,1.5644,-0.57582,1,-0.99176,0.047081,-0.0034367,1,1,0.50221,1.1532,999,999,999,0.63692,1.1055,0.52734,0.17842,0.2162,1.3933e-06,9999,1,-1,454.1,3.7598,0.34868,0,0,0,0,0,0,0,0,1,0.56817,0.64808,-0.32976,0,0,0,0,0,10,0.2162,1.3933e-06,9999,-1,454.1,3.7598,0.34868,0.56817,0.64808,-0.32976,-5,0.0027331,0.83581,1,0.76185,0.68877,1,0.047081,0.0004213,0,0,0,0,0,0,0,1
0,0,0,0,0,0,0,0,0.77983,0.67636,-0.90908,-1,-0.00011766,8.5656e-05,1.7094e-05,1,1,0.49815,1.1953,999,999,999,0.77004,0.76217,0.44375,0.83553,0.081502,1.3357e-06,9999,0,-1,0,6.1523,0.14975,0,0,0,0,0,0,0,0,1,0.60186,0.56078,-0.92104,0,0,0,0,0,10,0.081502,1.3357e-06,9999,-1,0,6.1523,0.14975,0.60186,0.56078,-0.92104,-2,0.062351,0.77983,-1,0.9377,0.7222,1,8.5656e-05,0.73349,0,0,0,0,0,0,0,1
0,0,0,0,0,0,0,0,1.0399,0.92411,-0.68125,-1,-0.02117,-0.0014867,0.00030081,2,1,0.50049,1.4423,-0.67803,0.9423,-0.8601,1.3786,0.81366,0.74992,0,0,0,0,0,0,0,0,0,0,0,0,0,0,0,0,0,0,0,0,0,0,0,0,0,0,0,0,0,0,0,0,0,0,0,0,0,0,0.0084501,1.0399,-1,0.93055,0,0,0,0,0,0,0,0,0,0,0,1
0,0,0,0,0.64357,0.78755,0.18605,1,0.68391,0.74173,0.13075,-1,-0.82484,-0.11517,0.00018297,1,0,0,0.82932,-0.68391,0.90663,-0.77987,0.18172,1.1055,0.90443,0,0,0,0,0,0,0,0,0,0,0,0,0,0,0,0,0,0,0,0,0,0,0,0,0,0,0,0,0,0,0,0,0,0,0,0,0,0,0.001749,0.68391,-1,0.90663,0,0,0,0,0,0,0,0,0,0,0,0
0,0,0,0,0,0,0,0,1.0798,1.3592,-0.98354,-1,-0.94025,3.0459e-05,-4.6267e-06,1,0,0,1.2482,999,999,999,1.4475,0.50982,0.33293,0.98313,0.08363,3.4094e-07,9999,1,-1,1054.7,10.742,0.098526,0,0,0,0,0,0,0,0,1,999,999,999,0,0,0,0,0,10,0.18388,7.6589e-07,9999,1,458.98,4.541,0.2751,1.0798,0.96708,-0.73791,0,0.0053225,1.0798,-1,0.96708,0.77593,-1,-0.94025,-0.713,0,0,0,0,0,0,0,0
0,0,0,0,0,0,0,0,0.30473,0.76756,0.76185,1,5.2826e-06,0,0,0,0,0,0.30226,999,999,999,0.34309,0,0,0,0,0,0,0,0,0,0,0,0,0,0,0,0,0,0,0,0,0,0,0,0,0,0,0,0,0,0,0,0,0,0,0,0,0,0,0,0,0,0,0,0,0,0,0,0,0,0,0,0,0,0,0,1
0,0,0,0,0,0,0,0,1.0308,1.0074,-0.47536,1,0.0056046,0.0010457,-1.688e-05,0,0,0,1.2953,0.80682,-0.90127,-0.86255,1.0708,1.0263,0.52826,0.99951,0.080561,3.4517e-07,9999,1,-1,1757.8,14.453,0.10275,1,0,-0.57703,-0.23478,-0.64033,0.3062,0.39415,0.53115,1,1.0308,0.8044,-0.78669,0,0,0,0,0,10,0.080561,3.4517e-07,9999,-1,1757.8,14.453,0.10275,1.0308,0.8044,-0.78669,-2,0.01886,1.0308,1,0.8044,0.88981,1,0.0010457,0.89754,0,0,0,0,0,0,0,1
1.9963,0.10212,-0.96553,-1,0,0,0,0,0.46982,0.31467,-0.28583,1,-0.0085911,-6.8338e-05,4.6313e-05,1,0,0,1.5077,-1.9963,0.97944,-0.2426,0.66157,3.084,0.57613,0,0,0,0,0,0,0,0,0,0,0,0,0,0,0,0,0,0,0,0,0,0,0,0,0,0,0,0,0,0,0,0,0,0,0,0,0,0,0.0066742,1.9963,-1,0.97944,0,0,0,0,0,0,0,0,0,0,0,0
0,0,0,0,0,0,0,0,1.1636,0.18673,-0.5331,1,0.0029531,-1.2299e-06,0,0,0,0,1.0403,999,999,999,1.039,0.069533,0,0.15058,0.12405,1.2299e-06,9999,1,-1,0,43.359,0.069533,0,0,0,0,0,0,0,0,1,999,999,999,0,0,0,0,0,0,0,0,0,0,0,0,0,0,0,0,0,0.014972,1.1636,1,0.88534,0.024448,1,0.0029531,0.21091,0,0,0,0,0,0,0,1
0,0,0,0,0,0,0,0,0.53279,0.44337,-0.41514,1,0.0050684,0.00098997,7.8097e-05,0,1,0.49652,0.90107,999,999,999,0.76666,0.42756,0.61599,0,0,0,0,0,0,0,0,0,0,0,0,0,0,0,0,0,0,0,0,0,0,0,0,0,0,0,0,0,0,0,0,0,0,0,0,0,0,0.019369,0.53279,1,0.54026,0,0,0,0,0,0,0,0,0,0,0,0
0,0,0,0,0,0,0,0,0.11148,0.061852,0.55434,1,0.00091642,0.00011454,7.2518e-05,2,1,0.49675,0.74393,0.60197,-0.99802,-0.48157,0.88069,0.61911,0.68952,0.70729,0.11148,3.7348e-07,9999,1,1,917.97,10.742,0.12789,0,0,0,0,0,0,0,0,1,999,999,999,0,0,0,0,0,0,0,0,0,0,0,0,0,0,0,0,0,0.0077767,0.60197,1,0.99802,0.61461,-1,-3.229e-06,-0.56224,0,0,0,0,0,0,0,1
0,0,0,0,0,0,0,0,0.98226,0.26431,-0.86871,1,-0.34805,0.080965,0.05803,1,0,0,1.2103,999,999,999,0.68802,1.3057,1.4399,0,0,0,0,0,0,0,0,0,0,0,0,0,0,0,0,0,0,0,0,0,0,0,0,0,0,0,0,0,0,0,0,0,0,0,0,0,0,0.032027,0.98226,1,0.98683,0,0,0,0,0,0,0,0,0,0,0,0
0,0,0,0,0,0,0,0,0.48376,0.4698,0.57124,1,0.98544,-0.97125,-0.23211,1,0,0,0.80085,999,999,999,0.80949,0.73596,1.1561,0,0,0,0,0,0,0,0,0,0,0,0,0,0,0,0,0,0,0,0,0,0,0,0,0,0,0,0,0,0,0,0,0,0,0,0,0,0,0.01696,0.65331,-1,0.51489,0,0,0,0,0,0,0,0,0,0,0,1
0.65986,1.5386,0.71879,-1,0,0,0,0,0.47484,1.3986,-0.67392,1,-0.0003108,1.9686e-05,3.5671e-07,1,0,0,0.78014,999,999,999,0.63096,0.55676,0.11361,0,0,0,0,0,0,0,0,0,0,0,0,0,0,0,0,0,0,0,0,0,0,0,0,0,0,0,0,0,0,0,0,0,0,0,0,0,0,0.013693,0.65986,-1,0.79751,0,0,0,0,0.65986,1.5386,0.71879,-1,1,0.013693,0.79751,1
0,0,0,0,0,0,0,0,0.5284,0.59413,0.34518,-1,-6.6554e-05,5.6943e-07,0,1,0,0,0.53978,999,999,999,0.71093,0.22645,0,0.74868,0.22018,5.6943e-07,9999,0,1,571.29,3.9551,0.22645,0,0,0,0,0,0,0,0,1,0.5284,0.86351,-0.31663,0,0,0,0,0,10,0.22018,5.6943e-07,9999,1,571.29,3.9551,0.22645,0.5284,0.86351,-0.31663,0,0.010859,0.5284,-1,0.86351,-0.31663,-1,-6.6554e-05,-0.004876,0,0,0,0,0,0,0,1
0,0,0,0,0,0,0,0,1.7995,0.30037,-0.96713,1,0.13872,-9.1841e-06,5.8881e-07,0,0,0,1.1458,999,999,999,1.2633,0.38734,0.23255,0.69111,0.19378,5.8881e-07,9999,1,1,595.7,3.7109,0.23255,0,0,0,0,0,0,0,0,1,999,999,999,0,0,0,0,0,0,0,0,0,0,0,0,0,0,0,0,0,0.0099885,1.7995,1,0.96722,0.51106,-1,-9.1841e-06,-0.023057,0,0,0,0,0,0,0,1
0,0,0,0,0,0,0,0,0.54393,0.20496,-0.45279,1,-0.98051,0.00043542,3.3859e-06,0,0,0,0.70623,999,999,999,0.70605,0.71239,0.28006,0,0,0,0,0,0,0,0,0,0,0,0,0,0,0,0,0,0,0,0,0,0,0,0,0,0,0,0,0,0,0,0,0,0,0,0,0,0,0.0049822,0.54393,1,0.79027,0,0,0,0,0,0,0,0,0,0,0,0
0,0,0,0,0,0,0,0,1.199,0.23325,0.55189,1,0.72205,-2.3799e-05,8.2417e-06,1,0,0,0.96761,999,999,999,1.9909,0.47923,0.37837,0.96479,0.11645,1.2603e-06,9999,1,1,0,19.727,0.056671,0,0,0,0,0,0,0,0,1,999,999,999,0,0,0,0,0,10,0.14726,3.4021e-07,9999,-1,2050.8,12.891,0.097781,1.199,0.87375,-0.39838,-0,0.056567,1.199,1,0.87375,0.50723,-1,-2.3799e-05,-0.84744,0,0,0,0,0,0,0,1
0,0,0,0,0,0,0,0,1.0565,0.73509,0.26082,1,0.30027,-2.0395e-05,-6.8751e-07,3,1,0.49864,0.68265,999,999,999,1.7424,0.46201,0.25867,0.99015,0.18417,4.829e-07,9999,1,1,683.59,5.0293,0.19337,0,0,0,0,0,0,0,0,1,999,999,999,0,0,0,0,0,10,0.19076,6.8751e-07,9999,-1,512.7,4.7852,0.25867,1.0565,0.41204,-0.10599,-0,0,0,0,0,-0.75494,-1,-2.0395e-05,-0.80843,0,0,0,0,0,0,0,1
0,0,0,0,0,0,0,0,0.87642,0.97118,-0.22221,-1,-0.94438,3.0376e-05,1.7346e-05,0,0,0,1.1287,999,999,999,0.79327,0.50908,0.44522,0.88818,0.16826,1.2481e-06,9999,1,-1,0,7.0312,0.12473,0,0,0,0,0,0,0,0,1,0.51054,0.84401,-0.50657,0,0,0,0,0,10,0.16826,1.2481e-06,9999,-1,0,7.0312,0.12473,0.51054,0.84401,-0.50657,-5,0.014763,0.87642,-1,0.97229,-0.12697,1,6.0265e-06,0.47632,0,0,0,0,0,0,0,0
0,0,0,0,0,0,0,0,0.69565,0.79146,0.087231,-1,-0.95759,1.1074e-05,0,0,0,0,0.73393,999,999,999,0.85429,0.27843,0,0,0,0,0,0,0,0,0,0,0,0,0,0,0,0,0,0,0,0,0,0,0,0,0,0,0,0,0,0,0,0,0,0,0,0,0,0,0,0.0015116,0.69565,-1,0.77843,0,0,0,0,0,0,0,0,0,0,0,0
0,0,0,0,0,0,0,0,0.39193,0.97609,-0.84451,-1,0.0069999,-3.7492e-05,3.3365e-05,2,1,0.49766,0.93049,999,999,999,1.202,0.53931,0.52238,0.9037,0.2373,4.2376e-06,9999,0,-1,449.22,4.541,0.32624,0,1,0,0,0,0,0,0,1,0.79934,0.55971,-0.49038,0,0,0,0,0,10,0.2373,4.2376e-06,9999,-1,449.22,4.541,0.32624,0.79934,0.55971,-0.49038,-9,0.022583,0.79934,1,0.55971,-0.49038,1,0.0069999,0.018896,0,0,0,0,0,0,0,0
0,0,0,0,1.0577,0.32853,-0.48351,1,0.29927,0.32853,0.52603,1,0.013285,3.2076e-06,-4.7026e-07,0,0,0,1.0609,999,999,999,1.3678,0.30525,0.1875,0.92624,0.15251,4.7026e-07,9999,1,-1,571.29,5.127,0.1875,0,0,0,0,0,0,0,0,1,1.0577,0.93218,-0.9587,0,0,0,0,0,10,0.15251,4.7026e-07,9999,-1,571.29,5.127,0.1875,1.0577,0.93218,-0.9587,-2,0.027457,1.0577,1,0.93218,0.97466,1,3.2076e-06,0.69781,0,0,0,0,0,0,0,1
0,0,0,0,0,0,0,0,1.0936,1.3461,0.79319,1,0.92838,0.03404,0.017621,1,0,0,1.674,1.0936,0.8709,-0.65665,0.62607,1.2968,1.1844,0.98236,0.23832,2.7251e-06,9999,0,-1,610.35,4.1504,0.29301,0,0,0,0,0,0,0,0,1,0.87938,0.9318,-0.8958,0,0,0,0,0,10,0.21848,1.5177e-06,9999,-1,0,5.8594,0.17939,1.0936,0.8709,-0.29165,-0,0.0022211,1.0936,1,0.8709,-0.7304,1,0.92838,0.17703,0,0,0,0,0,0,0,1
0,0,0,0,0,0,0,0,0.97615,0.31801,-0.95894,-1,0.746,-7.0188e-05,-9.3759e-06,0,0,0,0.82961,999,999,999,0.59816,0.68155,0.38908,0,0,0,0,0,0,0,0,0,0,0,0,0,0,0,0,0,0,0,0,0,0,0,0,0,0,0,0,0,0,0,0,0,0,0,0,0,0,0.0043065,0.97615,-1,0.9029,0,0,0,0,0,0,0,0,0,0,0,1
0,0,0,0,0,0,0,0,0.32496,0.12409,0.25654,-1,-0.0021883,8.2786e-07,4.1255e-07,0,0,0,0.40132,999,999,999,0.49781,0.28618,0.15578,0.4503,0.18473,4.1255e-07,9999,1,1,742.19,5.1758,0.15578,0,0,0,0,0,0,0,0,1,999,999,999,0,0,0,0,0,0,0,0,0,0,0,0,0,0,0,0,0,0,0,0,0,-0.42285,-1,-0.0021883,-0.013114,0,0,0,0,0,0,0,0
0,0,0,0,0,0,0,0,0.73442,1.5449,-0.96139,1,-0.57135,0.03145,5.8898e-05,0,0,0,1.208,999,999,999,0.98799,1.1042,0.62922,0.55652,0.17997,1.2584e-06,9999,1,1,0,8.5938,0.12867,0,0,0,0,0,0,0,0,1,0.58426,0.65063,-0.97942,0,0,0,0,0,10,0.17997,1.2584e-06,9999,1,0,8.5938,0.12867,0.58426,0.65063,-0.97942,0,0.01088,0.73329,1,0.80191,-0.97942,-1,-0.57135,-0.027129,0,0,0,0,0,0,0,0
0,0,0,0,0,0,0,0,1.0797,0.049887,0.66847,-1,-0.93592,-0.29969,9.1149e-05,0,0,0,1.4304,-0.72443,0.60795,-0.43308,1.2451,1.13,0.72611,0.86349,0.16835,7.8611e-07,9999,1,1,429.69,4.1992,0.27888,0,0,0,0,0,0,0,0,1,1.0797,0.97879,-0.74899,0,0,0,0,0,10,0.16835,7.8611e-07,9999,1,429.69,4.1992,0.27888,1.0797,0.97879,-0.74899,2,0.001722,1.0797,-1,0.97879,-0.74899,-1,-0.93592,-0.39709,0,0,0,0,0,0,0,0
0.6566,0.067963,0.45931,-1,0,0,0,0,0.58532,0.72456,-0.86572,-1,-0.36922,-0.0024497,6.7998e-07,1,0,0,0.90955,-0.6566,0.88802,-0.036181,0.60352,0.8756,0.25692,0.9889,0.17983,3.8797e-07,9999,0,1,830.08,9.7656,0.13901,0,0,0,0,0,0,0,0,1,0.6566,0.88802,-0.86589,0,0,0,0,0,10,0.17983,3.8797e-07,9999,1,830.08,9.7656,0.13901,0.6566,0.88802,-0.86589,0,0.0066159,0.6566,-1,0.88802,0.44604,-1,-0.36922,-0.81995,0.6566,0.067963,0.45931,-1,1,0.0066159,0.88802,0
0,0,0,0,0,0,0,0,2.0269,0.36239,-0.86422,-1,-0.33857,-2.3406e-05,3.2881e-06,0,0,0,2.1103,-0.50857,0.90739,-0.9241,2.325,0.47731,0.30711,0.65119,0.16979,8.675e-07,9999,1,1,473.63,6.1035,0.29258,0,0,0,0,0,0,0,0,1,2.0269,0.99907,-0.61997,0,0,0,0,0,10,0.16979,8.675e-07,9999,1,473.63,6.1035,0.29258,2.0269,0.99907,-0.61997,5,0.0066518,2.0269,-1,0.99907,0.27381,-1,-2.3406e-05,-0.081753,0,0,0,0,0,0,0,0
0,0,0,0,0,0,0,0,1.2387,1.4547,-0.75772,1,0.044802,-0.00043027,-1.0416e-05,1,0,0,1.5402,999,999,999,1.4232,1.0615,0.39803,0,0,0,0,0,0,0,0,0,0,0,0,0,0,0,0,0,0,0,0,0,0,0,0,0,0,0,0,0,0,0,0,0,0,0,0,0,0,0.012003,1.2387,1,0.95398,0,0,0,0,0,0,0,0,0,0,0,0
0,0,0,0,0,0,0,0,1.6073,0.2014,-0.59921,1,0.70982,0.0036722,-5.3866e-06,0,0,0,1.3182,0.87193,-0.91304,-0.61427,2.5991,0.97716,0.46368,0.9042,0.082965,1.2103e-06,9999,1,-1,0,9.4727,0.087366,0,0,0,0,0,0,0,0,1,1.6073,0.86691,-0.83178,0,0,0,0,0,10,0.082965,1.2103e-06,9999,-1,0,9.4727,0.087366,1.6073,0.86691,-0.83178,-2,0.0025714,1.6073,1,0.86691,-0.83178,1,0.70982,0.77724,0,0,0,0,0,0,0,1
0,0,0,0,0,0,0,0,0.55593,1.0376,-0.69202,-1,0.99966,-0.03583,3.5077e-05,1,0,0,0.78069,999,999,999,0.40389,0.76695,0.52965,0,0,0,0,0,0,0,0,0,0,0,0,0,0,0,0,0,0,0,0,0,0,0,0,0,0,0,0,0,0,0,0,0,0,0,0,0,0,0.002118,0.55593,-1,0.78451,0,0,0,0,0,0,0,0,0,0,0,0
0,0,0,0,0,0,0,0,1.0664,0.69634,0.91099,1,0.99172,0.59621,0.0006115,2,1,0.49838,0.97825,999,999,999,0.66133,0.75107,0.50123,0,0,0,0,0,0,0,0,0,0,0,0,0,0,0,0,0,0,0,0,0,0,0,0,0,0,0,0,0,0,0,0,0,0,0,0,0,0,0.031482,1.0664,1,0.86043,0,0,0,0,0,0,0,0,0,0,0,1
0,0,0,0,0,0,0,0,1.0906,0.80682,0.27215,1,0.95569,0.00048719,-6.8209e-05,1,0,0,1.3284,1.0906,0.9901,-0.95866,0.66611,1.5977,0.63807,0.32928,0.22439,4.9544e-07,9999,0,1,703.12,4.7363,0.19888,0,0,0,0,0,0,0,0,1,0.74598,0.98635,-0.47756,0,0,0,0,0,10,0.22439,4.9544e-07,9999,1,703.12,4.7363,0.19888,0.74598,0.98635,-0.47756,0,0.025612,1.0906,1,0.9901,0.13507,-1,-2.6952e-06,-0.00037388,0,0,0,0,0,0,0,1
0,0,0,0,2.4287,0.14941,-0.94138,-1,1.3703,1.1285,0.88165,-1,-0.95022,-0.00067966,1.0538e-05,0,0,0,2.6799,-2.4287,0.99393,-0.8492,1.1113,2.9129,0.37075,0.53785,0.18372,9.7811e-07,9999,1,1,444.34,3.9062,0.30817,0,0,0,0,0,0,0,0,1,2.4287,0.99393,-0.58774,0,0,0,0,0,10,0.22459,1.0538e-05,9999,1,0,2.8076,0.37075,2.4287,0.99393,-0.27841,5,0.018749,2.4287,-1,0.99393,0.11999,-1,-0.95022,-0.019271,0,0,0,0,0,0,0,0
0,0,0,0,0.65659,0.19542,-0.66588,1,0,0,0,0,-0.0055398,7.0588e-05,-4.2232e-05,1,1,0.49808,0.71948,999,999,999,0.86781,0.79308,0.55877,0,0,0,0,0,0,0,0,0,0,0,0,0,0,0,0,0,0,0,0,0,0,0,0,0,0,0,0,0,0,0,0,0,0,0,0,0,0,0.011824,0.54073,-1,0.5319,0,0,0,0,0,0,0,0,0,0,0,1
0,0,0,0,0,0,0,0,1.1448,0.54665,-0.18103,-1,0.99876,0.8879,-0.063275,2,0,0,1.2805,999,999,999,0.48235,0.25499,1.0092,0.50822,0.12013,3.7934e-07,9999,1,-1,986.33,8.1055,0.13251,0,0,0,0,0,0,0,0,1,999,999,999,0,0,0,0,0,10,0.13175,0.8879,9999,1,0,15.82,0.25499,1.1448,0.94045,-0.78356,22,0.0021326,1.1448,-1,0.94045,0.18421,1,0.99876,0.34651,0,0,0,0,0,0,0,1
0,0,0,0,1.1431,0.37894,0.17491,-1,0.11972,0.22597,-0.29208,-1,-0.028587,0.00031654,-0.00017705,2,0,0,1.2672,999,999,999,1.1429,0.7514,0.12939,0.91067,0.11972,1.2467e-06,9999,0,-1,0,2.7344,0.12413,0,0,0,0,0,0,0,0,1,999,999,999,0,0,0,0,0,10,0.17919,5.7815e-07,9999,1,532.23,3.9062,0.22924,1.1431,0.95533,-0.96956,0,0.0052822,1.1431,-1,0.95533,0.83704,1,0.00031654,0.74747,0,0,0,0,0,0,0,0
0,0,0,0,0,0,0,0,0.5905,0.86733,-0.7406,-1,-0.9981,0.99316,-3.4497e-05,0,0,0,0.83746,999,999,999,0.51258,0.62149,0.52716,0.77002,0.2004,7.8126e-07,9999,1,1,483.4,4.541,0.27798,0,0,0,0,0,0,0,0,1,999,999,999,0,0,0,0,0,0,0,0,0,0,0,0,0,0,0,0,0,0.0064414,0.5905,-1,0.81778,0.82146,-1,-0.9981,-0.031976,0,0,0,0,0,0,0,0
0,0,0,0,0.60366,0.68153,0.019806,1,0.97842,0.93983,-0.076939,1,0.99147,-0.93369,0.010652,1,0,0,1.3963,0.97842,-0.87248,-0.23346,0.66879,1.3668,0.83676,0,0,0,0,0,0,0,0,0,0,0,0,0,0,0,0,0,0,0,0,0,0,0,0,0,0,0,0,0,0,0,0,0,0,0,0,0,0,0.0096073,0.97842,1,0.87248,0,0,0,0,0,0,0,0,0,0,0,1
1.431,0.14342,-0.6857,1,0,0,0,0,0.49098,0.882,0.088182,-1,0.0001297,-5.0204e-05,-3.7677e-05,2,1,0.49772,1.5371,999,999,999,1.6106,0.50074,0.53525,0.87204,0.23087,4.1259e-06,9999,1,-1,473.63,4.1504,0.32422,0,0,0,0,0,0,0,0,1,1.431,0.93806,-0.89443,0,0,0,0,0,10,0.23087,4.1259e-06,9999,-1,473.63,4.1504,0.32422,1.431,0.93806,-0.89443,-5,0.010958,1.431,1,0.93806,0.95289,1,3.4707e-05,0.015129,0,0,0,0,0,0,0,1
0,0,0,0,0,0,0,0,0.99067,1.2439,-0.58488,-1,-0.027286,0.0036707,-0.00036673,1,1,0.49906,1.411,999,999,999,1.3535,1.0834,0.20834,0.10521,0.056755,1.2117e-06,9999,1,1,0,4.1992,0.1008,0,0,0,0,0,0,0,0,1,0.99067,0.92908,-0.29749,0,0,0,0,0,10,0.056755,1.2117e-06,9999,1,0,4.1992,0.1008,0.99067,0.92908,-0.29749,21,0.068664,0.99067,-1,0.92908,-0.29749,-1,-0.027286,-0.64877,0,0,0,0,0,0,0,1
0,0,0,0,0,0,0,0,0.1883,1.03,-0.80196,1,-7.2605e-05,1.9692e-05,5.9052e-06,1,0,0,0.60512,999,999,999,0.6928,0.30206,0.46443,0.95062,0.1883,5.9973e-07,9999,1,1,488.28,4.0039,0.23583,0,0,0,0,0,0,0,0,1,999,999,999,0,0,0,0,0,0,0,0,0,0,0,0,0,0,0,0,0,0,0,0,0,0.89939,-1,-7.2605e-05,-0.58059,0,0,0,0,0,0,0,1
0,0,0,0,0,0,0,0,0.1371,0.24473,-0.29784,1,1.6848e-05,-6.3317e-06,-2.7736e-06,3,1,0.49708,0.31908,999,999,999,0.44231,0.35721,0.29433,0.81736,0.10683,3.7633e-07,9999,0,1,664.06,3.5156,0.13016,0,0,0,0,0,0,0,0,1,999,999,999,0,0,0,0,0,0,0,0,0,0,0,0,0,0,0,0,0,0,0,0,0,0.99236,-1,-2.7736e-06,-0.66674,0,0,0,0,0,0,0,1
0,0,0,0,0,0,0,0,0.97038,1.3051,-0.54735,-1,-0.99907,0.99888,-0.0092388,0,0,0,1.2278,-0.97038,0.97531,-0.21343,0.37349,0.47456,1.2231,0.80464,0.21581,5.8618e-07,9999,1,1,522.46,4.3457,0.23174,0,0,0,0,0,0,0,0,1,999,999,999,0,0,0,0,0,0,0,0,0,0,0,0,0,0,0,0,0,0.001313,0.97038,-1,0.97531,0.25217,-1,-0.99907,-0.01543,0,0,0,0,0,0,0,1
0,0,0,0,0,0,0,0,0.97355,1.3105,-0.31378,1,-0.99953,0.012436,0.01087,0,0,0,1.1958,999,999,999,0.38313,0.76922,1.0219,0.53066,0.21857,0.99953,9999,1,-1,1181.6,8.8867,0.38313,0,0,0,0,0,0,0,0,1,0.97355,0.99424,-0.47813,0,0,0,0,0,10,0.21857,0.99953,9999,-1,1181.6,8.8867,0.38313,0.97355,0.99424,-0.47813,-22,0.018497,0.97355,1,0.99424,-0.47813,1,0.01087,6.2823e-06,0,0,0,0,0,0,0,0
0,0,0,0,0,0,0,0,1.2152,1.0595,-0.87373,1,-0.92518,0.12619,0.0054,2,0,0,1.5124,999,999,999,1.3078,1.1473,0.96251,0.52537,0.070409,3.498e-07,9999,0,-1,644.53,11.426,0.10722,1,0,-0.69873,0.64726,-2.6726,0.26205,0.013954,0.49961,1,1.2152,0.92486,-0.72255,0,0,0,0,0,10,0.070409,3.498e-07,9999,-1,644.53,11.426,0.10722,1.2152,0.92486,-0.72255,-0,0.0022172,1.2152,1,0.92486,-0.72255,1,0.12619,0.69853,0,0,0,0,0,0,0,1
0,0,0,0,0,0,0,0,0.55817,0.62631,-0.49998,-1,-0.00011972,0,0,0,1,0.49702,0.56105,999,999,999,0.63122,0,0,0,0,0,0,0,0,0,0,0,0,0,0,0,0,0,0,0,0,0,0,0,0,0,0,0,0,0,0,0,0,0,0,0,0,0,0,0,0,0.00248,0.55817,-1,0.9606,0,0,0,0,0,0,0,0,0,0,0,1
0,0,0,0,0,0,0,0,0.70925,0.5666,-0.39583,-1,-0.02965,-0.00061509,-0.00025614,1,0,0,1.1147,-0.57307,0.67011,-0.071836,1.0869,0.87575,0.74232,0.1276,0.071497,1.2197e-06,9999,0,-1,0,13.086,0.10934,0,0,0,0,0,0,0,0,1,0.61521,0.8861,-0.44148,0,0,0,0,0,10,0.071497,1.2197e-06,9999,-1,0,13.086,0.10934,0.61521,0.8861,-0.44148,-2,0.013966,0.65064,1,0.96427,0.12997,1,2.3687e-05,0.58634,0,0,0,0,0,0,0,1
0,0,0,0,0,0,0,0,1.1764,0.31038,-0.74086,1,-0.99127,0.011608,-0.00055489,2,0,0,0.77164,999,999,999,0.67368,0.71868,0.31455,0.71415,0.11918,1.8519e-06,9999,1,-1,0,6.3477,0.212,0,0,0,0,0,0,0,0,1,1.1764,0.70887,-0.81036,0,0,0,0,0,10,0.11918,1.8519e-06,9999,-1,0,6.3477,0.212,1.1764,0.70887,-0.81036,-4,0.013609,0.70038,-1,0.62232,0.53152,1,1.6648e-05,0.51815,0,0,0,0,0,0,0,0
0,0,0,0,0,0,0,0,0.46749,0.76746,0.069599,1,-0.0044313,0.0016089,4.3748e-05,1,1,0.49467,1.0025,999,999,999,0.82966,0.7174,0.48589,0,0,0,0,0,0,0,0,0,0,0,0,0,0,0,0,0,0,0,0,0,0,0,0,0,0,0,0,0,0,0,0,0,0,0,0,0,0,0.037645,0.71032,-1,0.66083,0,0,0,0,0,0,0,0,0,0,0,1
0,0,0,0,0,0,0,0,0.86647,0.075007,-0.95764,1,0.11689,3.0092e-06,-9.3249e-07,0,0,0,0.65413,999,999,999,1.3747,0.30045,0.3021,0.34028,0.21286,9.3249e-07,9999,1,-1,527.34,5.127,0.3021,0,0,0,0,0,0,0,0,1,0.86647,0.98897,-0.20248,0,0,0,0,0,10,0.21286,9.3249e-07,9999,-1,527.34,5.127,0.3021,0.86647,0.98897,-0.20248,-0,0.021914,0.86647,1,0.98897,0.40452,1,3.0092e-06,0.0009072,0,0,0,0,0,0,0,0
0,0,0,0,0,0,0,0,0.53399,0.61116,0.95311,-1,-0.75892,-0.45481,0.32111,0,0,0,1.0521,-0.63384,-0.7269,-0.67767,0.7322,0.63631,1.2185,0.83965,0.2453,4.5626e-07,9999,1,1,634.77,4.834,0.18061,0,0,0,0,0,0,0,0,1,0.53399,0.96882,-0.82827,0,0,0,0,0,10,0.2453,4.5626e-07,9999,1,634.77,4.834,0.18061,0.53399,0.96882,-0.82827,6,0.0020071,0.63029,-1,0.98151,0.85035,-1,-0.45481,-0.0021281,0,0,0,0,0,0,0,0
0,0,0,0,0,0,0,0,1.1173,1.2645,-0.43625,-1,-0.00013595,-1.3807e-06,8.6994e-07,2,0,0,0.79259,999,999,999,0.8063,0.15869,0.29296,0.84801,0.083927,1.3807e-06,9999,1,-1,0,6.2012,0.15869,0,0,0,0,0,0,0,0,1,999,999,999,0,0,0,0,0,0,0,0,0,0,0,0,0,0,0,0,0,0.008017,1.1173,-1,0.92393,0.35964,-1,-0.00013595,-0.51722,0,0,0,0,0,0,0,0
0,0,0,0,0,0,0,0,1.3659,0.54549,-0.47017,1,0.10408,-0.0027377,9.9681e-05,0,0,0,1.6616,0.56985,-0.18598,-0.11722,1.9331,1.0989,0.78914,0.8179,0.17291,3.6353e-07,9999,1,-1,1084,9.9609,0.11962,0,0,0,0,0,0,0,0,1,1.3659,0.97616,-0.89746,0,0,0,0,0,10,0.17291,3.6353e-07,9999,-1,1084,9.9609,0.11962,1.3659,0.97616,-0.89746,-2,0.0037469,1.3659,1,0.97616,-0.31138,1,9.9681e-05,0.24235,0,0,0,0,0,0,0,1
0,0,0,0,0.94518,1.097,-0.85992,-1,1.1603,0.40377,0.57316,-1,-0.74816,-0.13904,2.9453e-05,0,0,0,1.2923,-0.94518,0.94775,-0.85001,1.0221,1.4759,0.5054,0,0,0,0,0,0,0,0,0,0,0,0,0,0,0,0,0,0,0,0,0,0,0,0,0,0,0,0,0,0,0,0,0,0,0,0,0,0,0.018878,1.1603,-1,0.97343,0,0,0,0,0,0,0,0,0,0,0,0
0,0,0,0,0,0,0,0,1.2814,1.4232,-0.84144,-1,0.94494,-0.044963,-0.014293,0,0,0,2.091,0.5646,-0.83743,-0.97053,0.96636,1.626,1.5192,0,0,0,0,0,0,0,0,0,0,0,0,0,0,0,0,0,0,0,0,0,0,0,0,0,0,0,0,0,0,0,0,0,0,0,0,0,0,0.0019014,1.2814,-1,0.98569,0,0,0,0,0,0,0,0,0,0,0,1
0,0,0,0,0,0,0,0,1.3767,1.3519,-0.6767,1,-0.023799,-0.001804,0.00069023,1,0,0,1.7057,999,999,999,1.3656,0.97549,1.1045,0.99556,0.16962,6.8472e-07,9999,1,-1,585.94,3.7109,0.25803,0,0,0,0,0,0,0,0,1,1.3767,0.9142,-0.93755,0,0,0,0,0,10,0.16962,6.8472e-07,9999,-1,585.94,3.7109,0.25803,1.3767,0.9142,-0.93755,-2,0.0035421,1.3767,1,0.9142,-0.789,1,9.2428e-05,0.86845,0,0,0,0,0,0,0,1
0,0,0,0,0,0,0,0,0.88319,0.61505,0.4135,1,-0.035007,0.031753,0.00059628,0,0,0,1.3405,999,999,999,1.2672,1.0406,0.77033,0,0,0,0,0,0,0,0,0,0,0,0,0,0,0,0,0,0,0,0,0,0,0,0,0,0,0,0,0,0,0,0,0,0,0,0,0,0,0.0016963,0.88319,1,0.66033,0,0,0,0,0,0,0,0,0,0,0,1
1.4673,0.40698,-0.9929,-1,0,0,0,0,0.67273,0.40698,-0.9354,-1,-0.98342,0.00025299,-6.0567e-05,0,0,0,1.6578,999,999,999,0.71856,0.48894,1.8118,0,0,0,0,0,0,0,0,0,0,0,0,0,0,0,0,0,0,0,0,0,0,0,0,0,0,0,0,0,0,0,0,0,0,0,0,0,0,0.0039962,1.4673,-1,0.97134,0,0,0,0,0.40698,0,0.29614,1,2,0.012044,0.57112,0
0,0,0,0,0,0,0,0,0.60342,1.0415,-0.92796,-1,-9.5329e-06,-2.913e-06,1.4054e-06,1,0,0,0.51112,999,999,999,0.39048,0.29802,0.16301,0.59641,0.085448,1.4054e-06,9999,1,1,0,6.1035,0.16301,0,0,0,0,0,0,0,0,1,0.60342,0.95502,-0.79049,0,0,0,0,0,10,0.085448,1.4054e-06,9999,1,0,6.1035,0.16301,0.60342,0.95502,-0.79049,4,0.03234,0.60342,-1,0.95502,-0.099904,-1,-2.913e-06,-0.65116,0,0,0,0,0,0,0,0
0,0,0,0,0,0,0,0,1.3727,0.45588,-0.46825,1,0.95985,-7.7226e-05,4.412e-05,1,0,0,1.5283,999,999,999,1.497,0.72137,0.56712,0.70243,0.15311,3.8508e-07,9999,0,-1,771.48,8.3984,0.13687,0,0,0,0,0,0,0,0,1,1.3727,0.99517,-0.67771,0,0,0,0,0,10,0.15311,3.8508e-07,9999,-1,771.48,8.3984,0.13687,1.3727,0.99517,-0.67771,-5,0.0025428,1.3727,1,0.99517,-0.67771,1,0.95985,0.23069,0,0,0,0,0,0,0,1
0,0,0,0,0,0,0,0,1.3995,0,-0.41557,1,0.62151,-0.008343,0.0025386,0,0,0,1.7139,1.3995,-0.9564,-0.98415,0.94037,0.92214,1.5648,0,0,0,0,0,0,0,0,0,0,0,0,0,0,0,0,0,0,0,0,0,0,0,0,0,0,0,0,0,0,0,0,0,0,0,0,0,0,0.014363,1.3995,1,0.9564,0,0,0,0,0,0,0,0,0,0,0,1
1.6401,0,0.59981,-1,0,0,0,0,0.93713,1.2349,-0.72273,1,-0.80156,0.0001213,-6.2426e-05,1,0,0,1.5043,-1.6401,0.99893,-0.88827,0.62161,0.6936,2.4983,0.99047,0.12562,3.2219e-07,9999,0,1,1640.6,16.797,0.077951,0,0,0,0,0,0,0,0,1,1.6401,0.99893,-0.98327,0,0,0,0,0,10,0.12562,3.2219e-07,9999,1,1640.6,16.797,0.077951,1.6401,0.99893,-0.98327,0,0.0073781,1.6401,-1,0.99893,0.81619,-1,-0.80156,-0.89184,0,0,0,0,0,0,0,0
0.53734,0.57141,-0.2282,1,0,0,0,0,0.65524,0.73305,-0.54359,1,0.0011511,0.0005435,5.4894e-05,2,0,0,0.8238,0.65524,-0.93847,-0.69217,0.66584,0.30752,0.6122,0.74581,0.20697,4.6205e-07,9999,1,-1,703.12,5.5664,0.18351,0,0,0,0,0,0,0,0,1,0.53734,0.87093,-0.34045,0,0,0,0,0,10,0.20697,4.6205e-07,9999,-1,703.12,5.5664,0.18351,0.53734,0.87093,-0.34045,-5,0.02554,0.65524,1,0.93847,0.9113,1,5.4894e-05,0.014423,0.53734,0.57141,-0.2282,1,1,0.00053038,0.87093,0
0.58769,0.77187,0.46438,-1,0,0,0,0,0.83478,0.77187,-0.67905,1,-0.050677,-0.0011137,-0.00061754,1,0,0,1.2735,-0.66504,-0.7113,-0.75938,1.2105,0.82841,0.73654,0.93932,0.18706,4.1645e-07,9999,1,1,683.59,6.6406,0.15823,0,0,0,0,0,0,0,0,1,0.63542,0.49439,-0.33362,0,0,0,0,0,10,0.18706,4.1645e-07,9999,1,683.59,6.6406,0.15823,0.63542,0.49439,-0.33362,6,0.0042039,0.83478,1,0.81439,0.45187,-1,-0.00024809,-0.53001,0.58769,0.77187,0.46438,-1,1,0.053179,0.51171,1
0,0,0,0,0,0,0,0,1.1703,0.14572,0.75048,1,-0.99927,0.079632,-0.0011669,0,0,0,1.5137,999,999,999,0.3922,1.527,0.98758,0.58812,0.19398,0.99927,9999,1,-1,976.56,9.8633,0.3922,0,0,0,0,0,0,0,0,1,1.1703,0.98256,-0.68184,0,0,0,0,0,10,0.19398,0.99927,9999,-1,976.56,9.8633,0.3922,1.1703,0.98256,-0.68184,-22,0.0048725,1.3417,-1,0.92698,0.47572,1,5.7671e-05,8.128e-06,0,0,0,0,0,0,0,0
0,0,0,0,0,0,0,0,1.4596,0.60606,-0.99152,1,0.96435,5.8125e-05,-3.6567e-05,0,0,0,1.6024,0.63828,-0.75558,-0.59852,1.8286,0.62348,0.58976,0,0,0,0,0,0,0,0,0,0,0,0,0,0,0,0,0,0,0,0,0,0,0,0,0,0,0,0,0,0,0,0,0,0,0,0,0,0,0.011715,1.4596,1,0.95888,0,0,0,0,0,0,0,0,0,0,0,1
1.798,0,-0.93575,-1,0,0,0,0,0.095091,0.45017,0.95849,1,-8.7068e-05,4.1506e-07,0,1,0,0,1.6266,999,999,999,1.6265,0.15736,0,0.99139,0.095091,4.1506e-07,9999,0,1,966.8,7.0312,0.15736,0,0,0,0,0,0,0,0,1,1.798,0.99863,-0.98916,0,0,0,0,0,10,0.095091,4.1506e-07,9999,1,966.8,7.0312,0.15736,1.798,0.99863,-0.98916,2,0.0022144,1.798,-1,0.99863,-0.98916,-1,-8.7068e-05,-0.89064,0,0,0,0,0,0,0,0
0,0,0,0,0,0,0,0,1.2712,0.73386,-0.72574,1,0.00080711,4.4974e-05,-4.1051e-06,1,1,0.49626,1.0167,999,999,999,0.99117,0.60046,0.32384,0,0,0,0,0,0,0,0,0,0,0,0,0,0,0,0,0,0,0,0,0,0,0,0,0,0,0,0,0,0,0,0,0,0,0,0,0,0,0.01509,1.2712,1,0.9584,0,0,0,0,0,0,0,0,0,0,0,0
0,0,0,0,0,0,0,0,0.45018,0.30735,-0.55758,1,-0.98768,0.00032054,0.00019348,1,0,0,0.8022,999,999,999,0.51708,0.88187,0.22105,0.9657,0.17861,5.6722e-07,9999,1,-1,581.05,5.6641,0.22572,0,0,0,0,0,0,0,0,1,0.64522,0.81689,-0.89594,0,0,0,0,0,10,0.17861,5.6722e-07,9999,-1,581.05,5.6641,0.22572,0.64522,0.81689,-0.89594,-0,0.021525,0.64522,1,0.81689,0.48001,1,1.4839e-06,0.72747,0,0,0,0,0,0,0,1
0,0,0,0,1.0374,0.86782,-0.035134,1,1.4901,0.5912,-0.34551,-1,-0.96712,-0.06008,0.00045787,0,0,0,2.0575,-1.2286,-0.72625,-0.59083,1.9877,1.1202,0.88432,0,0,0,0,0,0,0,0,0,0,0,0,0,0,0,0,0,0,0,0,0,0,0,0,0,0,0,0,0,0,0,0,0,0,0,0,0,0,0.00012395,1.4901,-1,0.98338,0,0,0,0,0,0,0,0,0,0,0,0
0.81354,0.81548,-0.3498,-1,0,0,0,0,0.98367,0.59261,-0.15977,1,0.10058,-0.089384,1.8824e-05,2,0,0,1.283,999,999,999,1.1969,1.0921,0.45357,0,0,0,0,0,0,0,0,0,0,0,0,0,0,0,0,0,0,0,0,0,0,0,0,0,0,0,0,0,0,0,0,0,0,0,0,0,0,0.02786,0.98367,1,0.95783,0,0,0,0,0.81354,0.81548,-0.3498,-1,1,0.0036574,0.96564,1
0,0,0,0,0,0,0,0,0.62789,0.11974,0.10375,-1,0.22123,-0.00224,-0.00012905,2,1,0.49892,0.90051,999,999,999,0.77538,1.7376,0.82018,0.4286,0.20794,4.774e-07,9999,0,-1,566.41,4.1016,0.19086,0,0,0,0,0,0,0,0,1,0.60527,0.79786,-0.06688,0,0,0,0,0,10,0.20794,4.774e-07,9999,-1,566.41,4.1016,0.19086,0.60527,0.79786,-0.06688,-9,0.019949,0.62789,-1,0.96227,-0.49098,1,7.6243e-06,0.0018259,0,0,0,0,0,0,0,1
0,0,0,0,0,0,0,0,0.76482,0.98164,-0.085988,1,0.0011833,1.6959e-05,-5.2892e-06,0,0,0,0.91478,999,999,999,0.92772,0.44296,0.34319,0.82312,0.20065,4.0636e-07,9999,1,-1,849.61,9.082,0.15178,0,0,0,0,0,0,0,0,1,999,999,999,0,0,0,0,0,0,0,0,0,0,0,0,0,0,0,0,0,0.019568,0.76482,1,0.72052,0.64676,1,0.0011833,0.063033,0,0,0,0,0,0,0,1
0,0,0,0,0.80508,1.5221,-0.36597,1,1.7235,0,-0.21552,-1,-0.73477,-0.00020747,0.00011195,2,0,0,1.5762,-0.59811,-0.96896,-0.94159,2.7237,0.23953,0.85091,0,0,0,0,0,0,0,0,0,0,0,0,0,0,0,0,0,0,0,0,0,0,0,0,0,0,0,0,0,0,0,0,0,0,0,0,0,0,0.012393,1.7235,-1,0.90938,0,0,0,0,0,0,0,0,0,0,0,0
1.5593,0.3866,-0.82043,-1,0,0,0,0,0.9095,0.73413,-0.73932,1,-0.14535,-0.11995,8.9545e-05,1,0,0,1.2603,-1.5593,-0.94175,-0.80776,0.83889,1.0974,0.75306,0.653,0.090434,1.2888e-06,9999,1,-1,0,35.547,0.048095,0,0,0,0,0,0,0,0,1,999,999,999,0,0,0,0,0,10,0.10934,1.2506e-06,9999,1,0,7.0312,0.12574,0.51764,0.7838,-0.72243,0,0.00011643,1.5593,-1,0.94175,0.64347,1,1.2506e-06,0.64934,0,0,0,0,0,0,0,0
0,0,0,0,0,0,0,0,0.92841,1.1122,-0.72985,-1,0.0073618,-0.0027403,-7.0218e-06,1,0,0,1.0607,999,999,999,0.64061,1.0072,0.36541,0.85144,0.22121,2.8697e-06,9999,1,-1,444.34,4.1992,0.29689,0,0,0,0,0,0,0,0,1,999,999,999,0,0,0,0,0,0,0,0,0,0,0,0,0,0,0,0,0,0.0063871,0.92841,-1,0.51908,0.14985,1,6.4088e-06,0.022069,0,0,0,0,0,0,0,0
0,0,0,0,1.74,0,-0.84174,1,0.45955,0.59106,0.46125,1,0.033058,0.00013551,7.1041e-05,1,0,0,1.7746,999,999,999,1.7952,0.58309,0.66349,0.25537,0.076853,1.403e-06,9999,1,-1,0,5.3711,0.16261,0,0,0,0,0,0,0,0,1,1.74,0.99483,-0.15588,0,0,0,0,0,10,0.076853,1.403e-06,9999,-1,0,5.3711,0.16261,1.74,0.99483,-0.15588,-2,0.015062,1.74,1,0.99483,0.69628,1,7.1041e-05,0.55584,0,0,0,0,0,0,0,1
0,0,0,0,0,0,0,0,0.7324,1.3122,-0.70606,-1,-7.6623e-05,-4.3117e-06,3.1076e-06,1,0,0,0.87869,999,999,999,0.67001,0.32756,0.4218,0,0,0,0,0,0,0,0,0,0,0,0,0,0,0,0,0,0,0,0,0,0,0,0,0,0,0,0,0,0,0,0,0,0,0,0,0,0,0.00062806,0.7324,-1,0.69269,0,0,0,0,0,0,0,0,0,0,0,0
0,0,0,0,0,0,0,0,1.339,0.94991,-0.87071,1,0.092533,0.00059829,-7.6238e-05,1,0,0,1.3782,999,999,999,1.7956,0.71925,0.64733,0,0,0,0,0,0,0,0,0,0,0,0,0,0,0,0,0,0,0,0,0,0,0,0,0,0,0,0,0,0,0,0,0,0,0,0,0,0,0.010827,1.339,1,0.65335,0,0,0,0,0,0,0,0,0,0,0,0
0,0,0,0,0,0,0,0,0.31043,0.38058,0.37439,1,-8.8723e-06,4.6341e-06,-1.332e-06,1,0,0,0.3954,999,999,999,0.38446,0.33305,0.14896,0.95234,0.07731,1.2149e-06,9999,1,1,0,20.117,0.080463,0,0,0,0,0,0,0,0,1,999,999,999,0,0,0,0,0,0,0,0,0,0,0,0,0,0,0,0,0,0,0,0,0,0.21857,-1,-1.332e-06,-0.83215,0,0,0,0,0,0,0,0
0,0,0,0,0,0,0,0,0.3423,1.2552,-0.59211,1,-0.0001997,5.2022e-06,-1.5542e-06,1,0,0,0.40338,999,999,999,0.23002,0.34191,0.18386,0.83225,0.118,1.5542e-06,9999,1,-1,0,5.4688,0.18386,0,0,0,0,0,0,0,0,1,999,999,999,0,0,0,0,0,0,0,0,0,0,0,0,0,0,0,0,0,0,0,0,0,0.96557,1,5.2022e-06,0.64307,0,0,0,0,0,0,0,1
0,0,0,0,0,0,0,0,0.66953,0.57991,0.92998,-1,-0.00077177,-0.0001476,-5.9478e-06,1,0,0,0.91367,-0.66953,0.73302,-0.37442,0.81204,0.86002,0.3523,0.69918,0.19233,3.6264e-07,9999,0,1,888.67,9.4727,0.11885,1,0,0.35548,-2.229,-0.92761,0.0030795,0.18423,0.056956,1,0.66953,0.73302,-0.17669,0,0,0,0,0,10,0.19233,3.6264e-07,9999,1,888.67,9.4727,0.11885,0.66953,0.73302,-0.17669,6,0.060241,0.6019,-1,0.35331,0.99751,-1,-5.9478e-06,-0.027501,0,0,0,0,0,0,0,0
0,0,0,0,0,0,0,0,0.66074,0.13872,-0.29593,1,0.0011405,3.952e-05,-1.4797e-05,0,0,0,0.84967,0.78493,-0.82647,-0.83729,0.93817,0.54818,0.42969,0,0,0,0,0,0,0,0,0,0,0,0,0,0,0,0,0,0,0,0,0,0,0,0,0,0,0,0,0,0,0,0,0,0,0,0,0,0,0.0045747,0.78493,1,0.82647,0,0,0,0,0,0,0,0,0,0,0,0
0,0,0,0,0,0,0,0,0.93309,0.5154,0.52489,-1,0.0047687,-5.1099e-05,-2.4818e-05,1,0,0,0.69783,999,999,999,0.58037,0.59533,0.48413,0,0,0,0,0,0,0,0,0,0,0,0,0,0,0,0,0,0,0,0,0,0,0,0,0,0,0,0,0,0,0,0,0,0,0,0,0,0,0.01705,0.93309,-1,0.40978,0,0,0,0,0,0,0,0,0,0,0,1
0,0,0,0,0,0,0,0,1.0663,1.6029,-0.55419,-1,-0.97219,-0.60654,0.056571,0,0,0,1.0563,-1.0663,0.93089,-0.17016,0.79238,1.7721,1.1025,0,0,0,0,0,0,0,0,0,0,0,0,0,0,0,0,0,0,0,0,0,0,0,0,0,0,0,0,0,0,0,0,0,0,0,0,0,0,0.024479,1.0663,-1,0.93089,0,0,0,0,0,0,0,0,0,0,0,0
0,0,0,0,0,0,0,0,0.45694,0.55897,0.95961,1,-0.00074046,0.0002,5.216e-05,0,0,0,1.3332,999,999,999,0.77537,0.83308,0.60028,0.99718,0.22927,8.6602e-07,9999,1,1,439.45,5.3223,0.29235,0,0,0,0,0,0,0,0,1,0.70568,0.99284,-0.99894,0,0,0,0,0,10,0.22927,8.6602e-07,9999,1,439.45,5.3223,0.29235,0.70568,0.99284,-0.99894,6,0.00010991,0.70568,-1,0.99284,0.86308,-1,-4.8395e-06,-0.40819,0,0,0,0,0,0,0,1
0,0,0,0,0,0,0,0,0.44447,0.51311,0.62112,1,7.8474e-05,-6.0107e-05,8.8986e-06,1,0,0,0.90415,999,999,999,0.71471,0.63182,0.38471,0.91179,0.14877,2.2676e-06,9999,1,1,0,4.9805,0.23815,0,0,0,0,0,0,0,0,1,999,999,999,0,0,0,0,0,0,0,0,0,0,0,0,0,0,0,0,0,0.032434,0.60466,1,0.97801,0.69574,-1,-6.0107e-05,-0.67094,0,0,0,0,0,0,0,0
0,0,0,0,0,0,0,0,1.316,0.62149,-0.1527,-1,-0.020133,0,0,0,0,0,1.2984,999,999,999,1.5503,0,0,0,0,0,0,0,0,0,0,0,0,0,0,0,0,0,0,0,0,0,0,0,0,0,0,0,0,0,0,0,0,0,0,0,0,0,0,0,0,0.0040598,1.316,-1,0.99633,0,0,0,0,0,0,0,0,0,0,0,1
0,0,0,0,0,0,0,0,1.3772,0,0.018733,1,0.95291,0.71376,-1.2924e-05,1,0,0,0.97004,1.3772,0.95699,-0.69115,0.54284,2.2183,0.41712,0,0,0,0,0,0,0,0,0,0,0,0,0,0,0,0,0,0,0,0,0,0,0,0,0,0,0,0,0,0,0,0,0,0,0,0,0,0,0.0172,1.3772,1,0.95699,0,0,0,0,0,0,0,0,0,0,0,1
0,0,0,0,0.57726,0.48525,-0.074792,1,1.6995,0.53436,-0.97278,-1,-0.009102,0.00018025,0,0,0,0,1.0783,999,999,999,1.178,0.8879,0,0,0,0,0,0,0,0,0,0,0,0,0,0,0,0,0,0,0,0,0,0,0,0,0,0,0,0,0,0,0,0,0,0,0,0,0,0,0,0.0052201,1.6995,-1,0.98252,0,0,0,0,0,0,0,0,0,0,0,0
0,0,0,0,0,0,0,0,0.26625,0.576,0.42469,-1,0.99937,0.060749,-0.00060651,1,0,0,0.88937,0.5981,0.57145,-0.3621,0.43857,0.77528,0.79575,0,0,0,0,0,0,0,0,0,0,0,0,0,0,0,0,0,0,0,0,0,0,0,0,0,0,0,0,0,0,0,0,0,0,0,0,0,0,0.013591,0.5981,1,0.57145,0,0,0,0,0,0,0,0,0,0,0,0
0,0,0,0,0,0,0,0,0.29904,1.4952,-0.92592,1,0.97582,0.97544,4.7513e-05,1,0,0,0.75715,999,999,999,0.48984,0.4864,0.48542,0.25814,0.11528,4.6073e-07,9999,1,1,683.59,5.0293,0.18286,0,0,0,0,0,0,0,0,1,999,999,999,0,0,0,0,0,0,0,0,0,0,0,0,0,0,0,0,0,0,0,0,0,0.80638,-1,-1.7095e-05,-0.31124,0,0,0,0,0,0,0,1
0,0,0,0,0,0,0,0,1.0558,1.3339,-0.71823,1,-0.99968,0.99863,0.093569,1,0,0,1.2415,999,999,999,0.36144,0.49375,1.529,0.62183,0.1512,6.1605e-07,9999,0,1,532.23,3.9062,0.24052,0,0,0,0,0,0,0,0,1,0.71384,0.99128,-0.66358,0,0,0,0,0,10,0.1512,6.1605e-07,9999,1,532.23,3.9062,0.24052,0.71384,0.99128,-0.66358,6,0.020419,1.0558,1,0.90353,-0.41352,-1,-0.99968,-0.17211,0,0,0,0,0,0,0,0
0,0,0,0,0,0,0,0,0.68565,0.75679,0.95091,1,0.99879,-0.7135,0.2844,2,0,0,1.3064,0.95256,0.86929,-0.50437,0.48641,1.053,1.2177,0.4609,0.17346,6.2884e-07,9999,0,-1,507.81,5.8594,0.24405,0,0,0,0,0,0,0,0,1,0.95256,0.86929,-0.80408,0,0,0,0,0,10,0.17346,6.2884e-07,9999,-1,507.81,5.8594,0.24405,0.95256,0.86929,-0.80408,-9,0.054845,0.95256,1,0.86929,0.44397,1,0.99879,0.03075,0,0,0,0,0,0,0,0
0,0,0,0,0,0,0,0,0.66464,0.72374,-0.70043,1,0.99998,0.053206,-0.00052614,0,0,0,0.70688,0.66464,0.85497,-0.91266,0.29252,1.0359,0.82594,0,0,0,0,0,0,0,0,0,0,0,0,0,0,0,0,0,0,0,0,0,0,0,0,0,0,0,0,0,0,0,0,0,0,0,0,0,0,0.0047874,0.66464,1,0.85497,0,0,0,0,0,0,0,0,0,0,0,1
0,0,0,0,0,0,0,0,0.5246,0.4395,-0.60232,-1,0.96038,0.0052397,-0.00034792,1,0,0,0.90423,999,999,999,0.51588,0.23123,0.67373,0.1095,0.14626,1.6882e-06,9999,1,-1,0,5.2246,0.19805,0,0,0,0,0,0,0,0,1,999,999,999,0,0,0,0,0,0,0,0,0,0,0,0,0,0,0,0,0,0.0065142,0.5246,-1,0.62582,0.44863,1,0.96038,0.058993,0,0,0,0,0,0,0,1
0,0,0,0,0.60073,0,0.80761,1,0.96263,0.60995,-0.96715,1,0.051621,-0.0048246,9.6859e-05,0,0,0,1.3697,0.60073,-0.92345,-0.63848,1.4541,1.1816,0.71336,0.77084,0.23247,2.1461e-06,9999,1,-1,493.16,3.1738,0.39042,0,0,0,0,0,0,0,0,1,0.60073,0.92345,-0.51889,0,0,0,0,0,10,0.23247,2.1461e-06,9999,-1,493.16,3.1738,0.39042,0.60073,0.92345,-0.51889,-8,0.00052496,0.97147,-1,0.79497,0.88262,1,0.051621,0.0021685,0,0,0,0,0,0,0,1
0,0,0,0,0,0,0,0,1.0259,0.97594,-0.92062,-1,-0.00072989,-0.0006536,0.00012994,0,0,0,1.2788,-1.0259,-0.93935,-0.98257,0.70623,1.1343,0.68315,0,0,0,0,0,0,0,0,0,0,0,0,0,0,0,0,0,0,0,0,0,0,0,0,0,0,0,0,0,0,0,0,0,0,0,0,0,0,0.0093297,1.0259,-1,0.93935,0,0,0,0,0,0,0,0,0,0,0,0
1.4986,0,-0.70646,1,0,0,0,0,0.28811,0.87931,-0.936,1,0.012954,-8.401e-07,5.5785e-07,0,0,0,1.1664,999,999,999,1.1628,0.28821,0.2226,0.48711,0.21071,3.7159e-07,9999,0,-1,800.78,4.3945,0.12636,0,0,0,0,0,0,0,0,1,999,999,999,0,0,0,0,0,10,0.19559,8.401e-07,9999,-1,546.88,4.9316,0.28821,1.4986,0.97341,-0.055909,-5,0.019099,1.4986,1,0.97341,0.27723,1,0.012954,0.0017792,0,0,0,0,0,0,0,1
0,0,0,0,0.61198,1.4797,0.5215,-1,0.37005,1.3041,-0.53355,1,0.99974,-0.0023863,2.5116e-05,2,0,0,0.99079,999,999,999,0.39005,0.93723,0.48546,0.9501,0.10489,3.6234e-07,9999,0,-1,1084,10.254,0.11859,0,0,0,0,0,0,0,0,1,999,999,999,0,0,0,0,0,10,0.088949,1.2184e-06,9999,1,0,28.906,0.077172,0.61198,0.98331,-0.2838,4,0.014678,0.6676,1,0.87791,0.68964,1,0.99974,0.82608,0,0,0,0,0,0,0,1
0.53353,0.14966,-0.59218,1,0,0,0,0,0.69364,0.14966,-0.66185,-1,-0.0004571,1.9102e-06,0,0,0,0,0.71087,999,999,999,0.62685,0.37981,0,0,0,0,0,0,0,0,0,0,0,0,0,0,0,0,0,0,0,0,0,0,0,0,0,0,0,0,0,0,0,0,0,0,0,0,0,0,0,0.017799,0.69364,-1,0.567,0,0,0,0,0.53353,0.14966,-0.59218,1,1,0.018076,0.68679,1
0.53849,1.0464,0.047158,-1,0,0,0,0,0.74259,1.1244,-0.25555,1,-0.40417,7.615e-05,-7.6029e-06,2,1,0.5004,0.76836,999,999,999,0.87271,0.69853,0.34694,0.8412,0.084939,1.2408e-06,9999,0,1,0,9.1797,0.12157,0,0,0,0,0,0,0,0,1,999,999,999,0,0,0,0,0,0,0,0,0,0,0,0,0,0,0,0,0,0.011365,0.74259,1,0.85443,0.4329,-1,-0.40417,-0.73088,0.53849,1.0464,0.047158,-1,1,0.35636,0.72117,0
1.9929,0.046351,-0.59524,-1,1.5939,0.34574,0.15012,1,0.24687,1.9431,-0.76981,-1,-0.99381,0.00012903,-6.5404e-05,0,0,0,2.4695,999,999,999,0.43373,2.223,2.2352,0.2236,0.24687,0.99381,9999,1,-1,1005.9,6.3477,0.43373,0,0,0,0,0,0,0,0,1,999,999,999,0,0,0,0,0,0,0,0,0,0,0,0,0,0,0,0,0,0.00078203,1.9929,-1,0.99537,0.083769,1,0.00012903,1.5062e-05,0,0,0,0,0,0,0,0
0,0,0,0,0,0,0,0,0.4611,1.4337,-0.75876,1,0.96895,0.9146,-0.013941,3,1,0.50414,1.0403,999,999,999,0.50638,0.57032,0.80947,0.28539,0.095334,1.2211e-06,9999,1,-1,0,34.766,0.075077,0,1,0,0,0,0,0,0,1,999,999,999,0,0,0,0,0,0,0,0,0,0,0,0,0,0,0,0,0,0.022275,0.50277,-1,0.69605,-0.050766,1,0.9146,0.45708,0,0,0,0,0,0,0,1
0,0,0,0,0,0,0,0,0.74442,0.76667,-0.91096,1,0.99891,0.00017468,-1.1585e-06,2,0,0,0.53085,999,999,999,0.47344,0.16758,0.32844,0.66681,0.1991,3.7769e-07,9999,1,-1,917.97,8.3984,0.13122,1,0,1.3401,1.4147,-1.0269,0.10504,0.090233,0.02973,1,999,999,999,0,0,0,0,0,10,0.20775,1.1585e-06,9999,-1,522.46,3.6621,0.32844,0.74442,0.65839,-0.046977,-0,0.015457,0.74442,1,0.65839,0.99671,1,0.99891,0.012498,0,0,0,0,0,0,0,1
0,0,0,0,0,0,0,0,0.57963,0.66116,-0.4993,1,2.1731e-05,7.7064e-06,-5.4145e-06,0,0,0,0.66993,999,999,999,0.46895,0.37289,0.345,0.85591,0.20513,3.5689e-07,9999,1,1,917.97,13.672,0.11378,0,0,0,0,0,0,0,0,1,999,999,999,0,0,0,0,0,0,0,0,0,0,0,0,0,0,0,0,0,0.0060639,0.57963,1,0.81769,0.40819,-1,-5.4145e-06,-0.077368,0,0,0,0,0,0,0,1
0,0,0,0,0,0,0,0,0.3062,0,-0.4897,-1,-4.6638e-06,-1.2136e-06,0,1,0,0,0.30255,999,999,999,0.33353,0.081961,0,0,0,0,0,0,0,0,0,0,0,0,0,0,0,0,0,0,0,0,0,0,0,0,0,0,0,0,0,0,0,0,0,0,0,0,0,0,0,0,0,0,0,0,0,0,0,0,0,0,0,0,0,0,1
0,0,0,0,1.2382,0.25627,-0.025761,1,1.257,0.47131,-0.39927,1,0.96336,0.035972,-0.0002167,0,0,0,1.7136,1.2382,-0.8927,-0.84334,1.5129,1.1447,0.24915,0.97557,0.16359,0.0002167,9999,1,-1,488.28,0,0.24915,0,0,0,0,0,0,0,0,1,1.2382,0.8927,-0.96971,0,0,0,0,0,10,0.16359,0.0002167,9999,-1,488.28,0,0.24915,1.2382,0.8927,-0.96971,-5,0.0012027,1.257,1,0.92987,0.90877,1,0.96336,0.82066,0,0,0,0,0,0,0,1
0,0,0,0,0,0,0,0,1.0849,0.73928,-0.51123,-1,-0.037696,0.017098,-0.00079327,1,0,0,1.5628,-0.67539,0.75069,-0.75487,1.1569,1.2442,0.70056,0,0,0,0,0,0,0,0,0,0,0,0,0,0,0,0,0,0,0,0,0,0,0,0,0,0,0,0,0,0,0,0,0,0,0,0,0,0,0.0006664,1.0849,-1,0.99521,0,0,0,0,0,0,0,0,0,0,0,0
0,0,0,0,0,0,0,0,0.54987,0.35812,0.94078,-1,0.73076,0.00099102,-7.4865e-05,2,0,0,1.2442,999,999,999,0.99387,0.75333,0.70913,0.86103,0.10181,1.4257e-06,9999,1,-1,0,7.7148,0.16635,0,0,0,0,0,0,0,0,1,1.0674,0.79767,-0.9322,0,0,0,0,0,10,0.10181,1.4257e-06,9999,-1,0,7.7148,0.16635,1.0674,0.79767,-0.9322,-6,0.018916,1.0674,1,0.79767,-0.9322,1,0.73076,0.71587,0,0,0,0,0,0,0,1
0,0,0,0,0,0,0,0,0.79656,0.12521,-0.86933,1,-0.0054933,0.0001942,5.0789e-05,2,1,0.5009,1.1594,999,999,999,1.061,0.92767,0.58959,0.85367,0.21644,1.4898e-06,9999,0,-1,478.52,3.9551,0.35562,0,0,0,0,0,0,0,0,1,999,999,999,0,0,0,0,0,0,0,0,0,0,0,0,0,0,0,0,0,0.002282,0.79656,1,0.9081,0.55716,1,0.0001942,0.033495,0,0,0,0,0,0,0,0
0,0,0,0,0,0,0,0,0.72453,0.46512,-0.22874,-1,0.97186,-7.9927e-05,-6.5089e-05,0,0,0,1.1928,999,999,999,0.82491,0.73894,0.64778,0.98205,0.14618,4.4609e-07,9999,1,-1,927.73,6.25,0.17531,0,0,0,0,0,0,0,0,1,999,999,999,0,0,0,0,0,0,0,0,0,0,0,0,0,0,0,0,0,0.01493,0.90562,1,0.66478,0.79268,1,0.97186,0.86535,0,0,0,0,0,0,0,1
0,0,0,0,0,0,0,0,0.98815,0.79848,0.63495,-1,-0.78591,-0.026887,0.00060188,0,0,0,1.1625,999,999,999,0.77449,1.3687,0.71846,0,0,0,0,0,0,0,0,0,0,0,0,0,0,0,0,0,0,0,0,0,0,0,0,0,0,0,0,0,0,0,0,0,0,0,0,0,0,0.012324,0.98815,-1,0.99383,0,0,0,0,0,0,0,0,0,0,0,1
0,0,0,0,0,0,0,0,1.5603,0.32768,-0.30924,-1,-0.092603,2.9461e-06,0,0,0,0,1.5304,999,999,999,2.0131,0.29886,0,0,0,0,0,0,0,0,0,0,0,0,0,0,0,0,0,0,0,0,0,0,0,0,0,0,0,0,0,0,0,0,0,0,0,0,0,0,0,0.027227,1.5603,-1,0.99481,0,0,0,0,0,0,0,0,0,0,0,0
0,0,0,0,0,0,0,0,0.51751,0.66644,0.23699,1,7.133e-05,-2.5949e-05,6.5762e-06,0,0,0,0.81993,0.50443,-0.68426,-0.38604,0.68584,0.48946,0.33594,0,0,0,0,0,0,0,0,0,0,0,0,0,0,0,0,0,0,0,0,0,0,0,0,0,0,0,0,0,0,0,0,0,0,0,0,0,0,0.01452,0.51751,1,0.36028,0,0,0,0,0,0,0,0,0,0,0,0
0,0,0,0,0,0,0,0,0.99265,0.95163,-0.96924,1,0.019369,-0.00061141,3.5338e-06,1,1,0.49795,1.0974,999,999,999,1.4066,0.50134,0.31253,0.19029,0.1704,4.9562e-07,9999,1,-1,634.77,4.7363,0.19895,0,0,0,0,0,0,0,0,1,0.99265,0.83025,-0.3756,0,0,0,0,0,10,0.1704,4.9562e-07,9999,-1,634.77,4.7363,0.19895,0.99265,0.83025,-0.3756,-5,0.0066651,0.99265,1,0.83025,0.070608,1,0.019369,0.0003657,0,0,0,0,0,0,0,1
0,0,0,0,0,0,0,0,0.63973,1.9596,-0.66684,1,0.99851,-0.001372,0.00074937,1,0,0,1.1713,0.63973,0.83451,-0.85735,0.49518,0.78502,0.81638,0.46868,0.18557,1.0066e-06,9999,0,-1,771.48,3.5645,0.31174,0,0,0,0,0,0,0,0,1,0.67926,0.69741,-0.28859,0,0,0,0,0,10,0.18557,1.0066e-06,9999,-1,771.48,3.5645,0.31174,0.67926,0.69741,-0.28859,-0,0.0068673,0.65487,-1,0.93737,-0.28859,1,0.99851,0.013088,0,0,0,0,0,0,0,1
0,0,0,0,0,0,0,0,0.45798,0.25563,0.36896,1,-0.22225,1.9109e-05,-1.6473e-05,0,0,0,0.97278,999,999,999,0.91502,0.45484,0.44008,0,0,0,0,0,0,0,0,0,0,0,0,0,0,0,0,0,0,0,0,0,0,0,0,0,0,0,0,0,0,0,0,0,0,0,0,0,0,0.0032223,0.80994,-1,0.68428,0,0,0,0,0,0,0,0,0,0,0,0
0,0,0,0,0,0,0,0,0.39059,1.8999,0.14494,1,-0.0084111,4.1074e-06,0,0,0,0,0.3657,999,999,999,0.38485,0.32388,0,0.85344,0.24035,0.0084111,9999,1,-1,0,5.957,0.38485,0,0,0,0,0,0,0,0,1,999,999,999,0,0,0,0,0,0,0,0,0,0,0,0,0,0,0,0,0,0,0,0,0,-0.016174,1,4.1074e-06,0.0039837,0,0,0,0,0,0,0,0
0,0,0,0,0,0,0,0,1.0915,0.9645,0.54364,-1,-0.95433,-0.017175,-8.9005e-05,0,0,0,1.7488,-0.87556,0.92901,-0.91623,1.2026,1.2194,0.82595,0,0,0,0,0,0,0,0,0,0,0,0,0,0,0,0,0,0,0,0,0,0,0,0,0,0,0,0,0,0,0,0,0,0,0,0,0,0,0.018956,1.0915,-1,0.83319,0,0,0,0,0,0,0,0,0,0,0,0
0,0,0,0,0,0,0,0,0.41714,0.093738,0.37072,1,0.9918,-0.0010641,4.1423e-07,0,0,0,0.60679,999,999,999,0.58022,0.84028,0.15684,0.38636,0.17621,4.1423e-07,9999,1,1,849.61,6.0059,0.15684,0,0,0,0,0,0,0,0,1,999,999,999,0,0,0,0,0,0,0,0,0,0,0,0,0,0,0,0,0,0.0038165,0.55304,-1,0.9527,0.25837,-1,-0.0010641,-0.020114,0,0,0,0,0,0,0,1
0,0,0,0,0,0,0,0,1.2013,0.44938,0.18805,-1,-0.10208,3.3436e-05,1.8308e-05,2,1,0.49865,1.35,999,999,999,1.4645,0.52269,0.4507,0.071406,0.093467,3.9057e-07,9999,0,1,1084,9.668,0.1409,0,0,0,0,0,0,0,0,1,1.2013,0.97633,-0.038981,0,0,0,0,0,10,0.18715,1.3895e-06,9999,1,0,5.8105,0.16027,1.2013,0.97633,-0.90153,4,0.046907,1.2013,-1,0.97633,-0.038981,-1,-0.10208,-0.45635,0,0,0,0,0,0,0,1
0,0,0,0,0.5778,1.4252,0.28263,-1,0.85302,0.96336,-0.61641,1,0.96833,0.00012729,-0.00012703,1,0,0,1.277,0.66068,-0.82763,-0.91727,0.95628,0.70142,0.81019,0.86847,0.13501,3.7037e-07,9999,1,-1,1093.8,7.0312,0.12536,0,0,0,0,0,0,0,0,1,0.66068,0.82763,-0.69606,0,0,0,0,0,10,0.13501,3.7037e-07,9999,-1,1093.8,7.0312,0.12536,0.66068,0.82763,-0.69606,-5,0.0082432,0.66068,1,0.82763,0.91637,1,0.96833,0.62921,0,0,0,0,0,0,0,1
0,0,0,0,0,0,0,0,1.581,0.36204,-0.9997,-1,0.99683,-0.96814,-0.012877,0,0,0,1.3965,999,999,999,0.53165,0.9137,1.2353,0.80545,0.16506,4.987e-07,9999,1,-1,595.7,5.3711,0.20026,0,0,0,0,0,0,0,0,1,999,999,999,0,0,0,0,0,0,0,0,0,0,0,0,0,0,0,0,0,0.020465,1.581,-1,0.97323,0.58534,1,0.99683,0.28618,0,0,0,0,0,0,0,0
1.514,0.44203,-0.92559,1,0,0,0,0,0.37067,0.45702,0.98439,1,0.039512,-2.9667e-05,1.9915e-05,0,0,0,1.3135,999,999,999,1.236,0.50635,0.45949,0,0,0,0,0,0,0,0,0,0,0,0,0,0,0,0,0,0,0,0,0,0,0,0,0,0,0,0,0,0,0,0,0,0,0,0,0,0,0.0059555,1.514,1,0.96785,0,0,0,0,0,0,0,0,0,0,0,1
0,0,0,0,0,0,0,0,1.3875,1.6668,-0.72029,1,0.74052,0.00064524,-7.7678e-05,1,0,0,1.3136,1.1166,-0.98916,-0.91467,2.3028,0.90586,0.64584,0.68079,0.102,3.7755e-07,9999,1,-1,830.08,7.5195,0.13112,0,0,0,0,0,0,0,0,1,1.3875,0.87967,-0.37491,0,0,0,0,0,10,0.102,3.7755e-07,9999,-1,830.08,7.5195,0.13112,1.3875,0.87967,-0.37491,-4,0.0067242,1.1166,1,0.98916,-0.37491,1,0.74052,0.60041,0,0,0,0,0,0,0,1
0,0,0,0,0,0,0,0,0.46756,0.098231,0.25874,1,0.016267,-0.0022823,0.00026335,4,1,0.49887,0.61173,999,999,999,0.77455,0.50183,0.28355,0.8661,0.20716,5.1595e-07,9999,0,1,595.7,4.1992,0.20731,0,0,0,0,0,0,0,0,1,999,999,999,0,0,0,0,0,0,0,0,0,0,0,0,0,0,0,0,0,0.0036286,0.52691,-1,0.61984,0.91076,-1,-6.0705e-05,-0.080525,0,0,0,0,0,0,0,0
0,0,0,0,0,0,0,0,1.1373,0.61677,-0.99772,1,0.96665,0.26156,-0.004351,1,0,0,1.2351,999,999,999,1.195,2.4377,0.73958,0,0,0,0,0,0,0,0,0,0,0,0,0,0,0,0,0,0,0,0,0,0,0,0,0,0,0,0,0,0,0,0,0,0,0,0,0,0,0.0014033,1.1373,1,0.88504,0,0,0,0,0,0,0,0,0,0,0,1
0,0,0,0,0,0,0,0,1.0419,0.30809,-0.59251,1,0.94896,0.22953,-0.0015843,0,0,0,1.3259,0.81159,0.99018,-0.9033,1.0356,0.89636,0.65067,0,0,0,0,0,0,0,0,0,0,0,0,0,0,0,0,0,0,0,0,0,0,0,0,0,0,0,0,0,0,0,0,0,0,0,0,0,0,0.012846,1.0419,1,0.95049,0,0,0,0,0,0,0,0,0,0,0,1
0,0,0,0,0,0,0,0,1.5132,0.096215,-0.63523,1,0.01418,0.0038266,0,1,0,0,0.70782,1.5132,-0.91528,-0.88562,0.76488,0.98361,0,0,0,0,0,0,0,0,0,0,0,0,0,0,0,0,0,0,0,0,0,0,0,0,0,0,0,0,0,0,0,0,0,0,0,0,0,0,0,0.015338,1.5132,1,0.91528,0,0,0,0,0,0,0,0,0,0,0,1
0,0,0,0,0,0,0,0,1.0628,0,-0.5649,1,0.34022,-0.0014786,9.2003e-06,1,0,0,1.1465,0.50186,-0.9766,-0.808,1.4838,1.0649,0.38749,0.60202,0.079275,1.2778e-06,9999,0,1,0,8.9844,0.13507,0,0,0,0,0,0,0,0,1,999,999,999,0,0,0,0,0,10,0.22678,1.7824e-06,9999,-1,0,4.6875,0.20643,1.0628,0.91547,-0.57754,-0,0.0063554,1.0628,1,0.91547,0.063727,-1,-0.0014786,-0.68605,0,0,0,0,0,0,0,1
0,0,0,0,0,0,0,0,0.44131,0,0.79183,1,0.0015711,2.5195e-05,2.4941e-05,0,0,0,0.93314,999,999,999,0.81624,0.48316,0.48296,0,0,0,0,0,0,0,0,0,0,0,0,0,0,0,0,0,0,0,0,0,0,0,0,0,0,0,0,0,0,0,0,0,0,0,0,0,0,0.01423,0.69524,1,0.72469,0,0,0,0,0,0,0,0,0,0,0,0
0,0,0,0,0.71366,1.553,-0.80053,1,1.1685,1.0976,-0.54429,1,0.99944,0.027471,-0.020525,1,0,0,1.9074,1.1685,0.97731,-0.48891,0.43229,1.5725,1.1572,0,0,0,0,0,0,0,0,0,0,0,0,0,0,0,0,0,0,0,0,0,0,0,0,0,0,0,0,0,0,0,0,0,0,0,0,0,0,0.0076792,1.1685,1,0.97731,0,0,0,0,0,0,0,0,0,0,0,1
0,0,0,0,0,0,0,0,1.0238,0.83445,-0.52961,1,-0.88274,0.0066455,-0.0004732,0,1,0.49522,1.2139,999,999,999,0.56716,1.2936,0.56554,0,0,0,0,0,0,0,0,0,0,0,0,0,0,0,0,0,0,0,0,0,0,0,0,0,0,0,0,0,0,0,0,0,0,0,0,0,0,0.0097092,1.0238,1,0.92199,0,0,0,0,0,0,0,0,0,0,0,0
0,0,0,0,0,0,0,0,1.5464,0.53822,0.82068,1,0.78815,0.063213,0.0016651,1,1,0.49754,1.8949,1.5464,-0.99721,-0.75792,0.80471,1.8057,0.74952,0,0,0,0,0,0,0,0,0,0,0,0,0,0,0,0,0,0,0,0,0,0,0,0,0,0,0,0,0,0,0,0,0,0,0,0,0,0,0.048499,1.5464,1,0.99721,0,0,0,0,0,0,0,0,0,0,0,0
1.6484,0.67204,-0.85476,1,0,0,0,0,0.095179,1.1756,0.37107,-1,6.4054e-05,-3.8606e-07,0,0,0,0,1.534,999,999,999,2.2126,0.1376,0,0.97258,0.095179,3.8606e-07,9999,1,-1,1171.9,9.082,0.1376,0,0,0,0,0,0,0,0,1,1.6484,0.88929,-0.78911,0,0,0,0,0,10,0.095179,3.8606e-07,9999,-1,1171.9,9.082,0.1376,1.6484,0.88929,-0.78911,-2,0.0035331,1.6484,1,0.88929,-0.78911,1,6.4054e-05,0.8622,0,0,0,0,0,0,0,1
0,0,0,0,0,0,0,0,0.45495,0.35623,-0.53428,1,-0.00025358,4.4538e-05,2.1208e-05,0,0,0,0.75405,999,999,999,0.59717,0.6044,0.46627,0.63434,0.16276,5.8514e-07,9999,1,1,625,4.541,0.23142,0,0,0,0,0,0,0,0,1,999,999,999,0,0,0,0,0,0,0,0,0,0,0,0,0,0,0,0,0,0,0,0,0,0.54509,1,4.4538e-05,0.01952,0,0,0,0,0,0,0,1
0,0,0,0,0,0,0,0,0.7907,0.52923,-0.29239,1,-0.99995,0.99388,0.065816,0,0,0,0.99972,999,999,999,0.31519,0.61751,1.1226,0.96172,0.13251,4.6192e-07,9999,1,-1,791.02,5.2734,0.18345,0,0,0,0,0,0,0,0,1,0.84985,0.697,-0.70065,0,0,0,0,0,10,0.13251,4.6192e-07,9999,-1,791.02,5.2734,0.18345,0.84985,0.697,-0.70065,-5,0.0080978,0.7907,1,0.83496,-0.70065,1,0.99388,0.83202,0,0,0,0,0,0,0,0
0,0,0,0,0,0,0,0,1.4619,0.35726,-0.44797,-1,-0.93868,0.0099424,9.3609e-05,0,0,0,1.9491,999,999,999,1.7808,1.1622,0.67846,0,0,0,0,0,0,0,0,0,0,0,0,0,0,0,0,0,0,0,0,0,0,0,0,0,0,0,0,0,0,0,0,0,0,0,0,0,0,0.0010096,1.4619,-1,0.84344,0,0,0,0,0,0,0,0,0,0,0,0
0,0,0,0,0,0,0,0,1.1435,1.2764,-0.92268,1,0.033929,-0.00087303,-0.00057125,1,0,0,1.388,0.71362,-0.86108,-0.75956,1.4441,0.80245,0.59286,0.80037,0.071963,1.2433e-06,9999,0,1,0,8.8867,0.1227,0,0,0,0,0,0,0,0,1,0.50783,0.64247,-0.24402,0,0,0,0,0,10,0.071963,1.2433e-06,9999,1,0,8.8867,0.1227,0.50783,0.64247,-0.24402,5,0.018725,1.1435,1,0.96239,-0.24402,-1,-0.00087303,-0.73876,0,0,0,0,0,0,0,0
0,0,0,0,0.85762,1.076,-0.58051,-1,0.93673,1.1377,-0.63888,-1,-0.96406,-0.29148,5.0557e-05,1,0,0,1.1008,-0.85762,0.69911,-0.22745,0.72982,1.3222,0.54453,0,0,0,0,0,0,0,0,0,0,0,0,0,0,0,0,0,0,0,0,0,0,0,0,0,0,0,0,0,0,0,0,0,0,0,0,0,0,0.025737,0.93673,-1,0.62729,0,0,0,0,0,0,0,0,0,0,0,0
0,0,0,0,0,0,0,0,0.99191,0.43871,-0.33296,-1,-0.0001226,-6.915e-05,6.0424e-07,0,0,0,0.73728,-0.99191,-0.93226,-0.8149,0.70091,0.67231,0.23715,0.38218,0.1419,6.0424e-07,9999,1,1,566.41,5.2734,0.23715,0,0,0,0,0,0,0,0,1,0.99191,0.93226,-0.66132,0,0,0,0,0,10,0.1419,6.0424e-07,9999,1,566.41,5.2734,0.23715,0.99191,0.93226,-0.66132,4,0.012814,0.99191,-1,0.93226,0.16798,-1,-0.0001226,-0.14822,0,0,0,0,0,0,0,1
0,0,0,0,0,0,0,0,0.70279,1.1699,0.31287,-1,-0.0024446,2.4571e-05,-8.9903e-06,1,1,0.49372,0.95064,999,999,999,0.79054,0.48295,0.38556,0.94236,0.12044,3.7105e-07,9999,1,1,966.8,7.8125,0.12592,0,0,0,0,0,0,0,0,1,0.70279,0.59872,-0.48388,0,0,0,0,0,10,0.12044,3.7105e-07,9999,1,966.8,7.8125,0.12592,0.70279,0.59872,-0.48388,0,0.0001366,0.70279,-1,0.59872,0.84634,1,2.4571e-05,0.36464,0,0,0,0,0,0,0,0
0,0,0,0,0,0,0,0,0.3433,0.61511,-0.64016,-1,0.10317,0.00017524,-3.3226e-05,3,1,0.49824,0.92708,999,999,999,1.1917,0.17227,0.5218,0,0,0,0,0,0,0,0,0,0,0,0,0,0,0,0,0,0,0,0,0,0,0,0,0,0,0,0,0,0,0,0,0,0,0,0,0,0,0.0070332,0.54586,-1,0.84589,0,0,0,0,0,0,0,0,0,0,0,0
0.78677,0.725,-0.91757,1,0,0,0,0,0.21626,0.16633,0.63882,-1,0.00027293,1.2433e-05,-7.1181e-06,0,0,0,0.78071,999,999,999,0.66537,0.41361,0.34198,0.86806,0.21626,7.1181e-06,9999,1,-1,0,3.4668,0.34198,0,0,0,0,0,0,0,0,1,0.78677,0.95953,-0.72646,0,0,0,0,0,10,0.21626,7.1181e-06,9999,-1,0,3.4668,0.34198,0.78677,0.95953,-0.72646,-5,0.016096,0.78677,1,0.95953,-0.72646,1,0.00027293,0.044549,0.78677,0.725,-0.91757,1,1,0.016096,0.95953,0
0.59857,1.4433,-0.21972,1,0,0,0,0,1.277,0.86179,-0.64406,-1,-0.10562,0.067548,0,0,0,0,1.3152,999,999,999,1.4878,0.95266,0,0,0,0,0,0,0,0,0,0,0,0,0,0,0,0,0,0,0,0,0,0,0,0,0,0,0,0,0,0,0,0,0,0,0,0,0,0,0,0.0066454,1.277,-1,0.92254,0,0,0,0,0.59857,1.4433,-0.21972,1,1,0.097777,0.63809,1
1.5916,0.13736,-0.88358,1,0,0,0,0,0.3846,0.66021,0.26852,1,0.99994,3.6116e-05,-4.6404e-07,0,0,0,1.5853,1.5916,0.93982,-0.66987,0.29868,2.0026,0.18449,0.50446,0.094389,4.4821e-07,9999,1,-1,507.81,5.4199,0.17643,0,0,0,0,0,0,0,0,1,1.5916,0.93982,-0.32107,0,0,0,0,0,10,0.094389,4.4821e-07,9999,-1,507.81,5.4199,0.17643,1.5916,0.93982,-0.32107,-2,0.0088751,1.5916,1,0.93982,0.19003,1,0.99994,0.54148,0,0,0,0,0,0,0,1
1.3287,0.70613,-0.47489,-1,0,0,0,0,0.44046,0.038564,0.35589,1,-0.96275,-0.0095755,0.0013961,0,0,0,1.7286,-1.3287,0.98021,-0.65043,0.98903,1.3887,0.70184,0,0,0,0,0,0,0,0,0,0,0,0,0,0,0,0,0,0,0,0,0,0,0,0,0,0,0,0,0,0,0,0,0,0,0,0,0,0,0.007289,1.3287,-1,0.98021,0,0,0,0,0,0,0,0,0,0,0,0
0,0,0,0,0,0,0,0,0.95904,0.57241,-0.73363,-1,-0.97043,-0.010406,0.00064593,2,0,0,1.0607,-0.74342,0.63617,-0.26012,0.82062,1.0713,0.44669,0.7977,0.10598,4.8946e-07,9999,1,1,551.76,4.5898,0.19628,0,0,0,0,0,0,0,0,1,0.95904,0.90416,-0.49985,0,0,0,0,0,10,0.10598,4.8946e-07,9999,1,551.76,4.5898,0.19628,0.95904,0.90416,-0.49985,0,0.033882,0.95904,-1,0.90416,-0.49985,-1,-0.97043,-0.65483,0,0,0,0,0,0,0,0
0.6394,0.16445,0.43613,1,0,0,0,0,0.3215,0.47902,-0.41011,-1,-0.99993,0.63077,5.441e-05,0,0,0,0.6968,999,999,999,0.32888,0.95319,0.61012,0.90159,0.086966,4.1832e-07,9999,0,1,820.31,5.8594,0.15939,0,0,0,0,0,0,0,0,1,999,999,999,0,0,0,0,0,0,0,0,0,0,0,0,0,0,0,0,0,0.016061,0.6394,1,0.95124,-0.47765,-1,-0.99993,-0.77215,0.6394,0.16445,0.43613,1,1,0.016061,0.95124,0
0,0,0,0,0,0,0,0,0.39637,0.067066,0.5595,1,0.00022607,0.00010006,3.7729e-05,3,1,0.49728,0.90269,0.61002,0.80316,-0.82733,0.25762,0.79653,0.53757,0,0,0,0,0,0,0,0,0,0,0,0,0,0,0,0,0,0,0,0,0,0,0,0,0,0,0,0,0,0,0,0,0,0,0,0,0,0,0.00067226,0.61002,1,0.80316,0,0,0,0,0,0,0,0,0,0,0,1
0,0,0,0,0,0,0,0,1.0316,0.78476,-0.41782,1,0.0269,0.0029973,-6.6856e-07,1,0,0,1.0412,999,999,999,0.80003,1.5844,0.2542,0.75059,0.22776,6.6856e-07,9999,1,-1,488.28,4.1016,0.2542,0,0,0,0,0,0,0,0,1,1.0316,0.73126,-0.77519,0,0,0,0,0,10,0.22776,6.6856e-07,9999,-1,488.28,4.1016,0.2542,1.0316,0.73126,-0.77519,-6,0.0050998,0.72208,1,0.74489,-0.43844,1,0.0269,0.0025382,0,0,0,0,0,0,0,0
0,0,0,0,0,0,0,0,1.2146,0.05516,-0.00024529,1,0.94568,-0.38358,-9.8667e-06,2,0,0,1.0133,999,999,999,0.87089,1.4847,0.39339,0,0,0,0,0,0,0,0,0,0,0,0,0,0,0,0,0,0,0,0,0,0,0,0,0,0,0,0,0,0,0,0,0,0,0,0,0,0,0.017413,1.2146,1,0.97145,0,0,0,0,0,0,0,0,0,0,0,1
0,0,0,0,0,0,0,0,0.29675,0,0.95083,-1,-0.00017434,9.0831e-05,-2.1948e-05,1,0,0,0.66739,999,999,999,0.16326,0.6534,0.46303,0.69966,0.21668,4.2185e-07,9999,1,-1,732.42,4.9805,0.16155,0,0,0,0,0,0,0,0,1,999,999,999,0,0,0,0,0,0,0,0,0,0,0,0,0,0,0,0,0,0,0,0,0,-0.051724,1,9.0831e-05,0.0038442,0,0,0,0,0,0,0,0
0,0,0,0,0,0,0,0,0.54335,0.62388,0.32889,-1,0.0005956,-3.3836e-05,1.618e-06,0,0,0,0.84418,999,999,999,0.59489,0.52426,0.2534,0.59467,0.21922,5.0358e-07,9999,1,-1,581.05,4.1504,0.20231,0,0,0,0,0,0,0,0,1,999,999,999,0,0,0,0,0,0,0,0,0,0,0,0,0,0,0,0,0,0.0089782,0.65052,1,0.64218,0.99817,1,0.0005956,0.0013813,0,0,0,0,0,0,0,1
0,0,0,0,0,0,0,0,1.1027,0.79398,0.13756,-1,-0.96246,8.5774e-05,-1.9903e-05,0,0,0,1.2903,-0.66285,0.25837,-0.17606,1.5909,0.74657,0.45942,0.86502,0.20125,1.0396e-06,9999,0,-1,502.93,4.1016,0.31568,0,0,0,0,0,0,0,0,1,0.94606,0.72395,-0.94505,0,0,0,0,0,10,0.20125,1.0396e-06,9999,-1,502.93,4.1016,0.31568,0.94606,0.72395,-0.94505,-0,0.005275,1.1027,-1,0.90547,-0.07987,-1,-0.96246,-0.06274,0,0,0,0,0,0,0,0
0,0,0,0,0,0,0,0,0.76248,0.18212,-0.90518,-1,-0.13578,-0.00031446,6.8223e-06,0,0,0,0.53675,999,999,999,1.2335,0.30836,0.44395,0,0,0,0,0,0,0,0,0,0,0,0,0,0,0,0,0,0,0,0,0,0,0,0,0,0,0,0,0,0,0,0,0,0,0,0,0,0,0.0082392,0.76248,-1,0.97218,0,0,0,0,0,0,0,0,0,0,0,1
0,0,0,0,0,0,0,0,0.54062,0.34049,0.36444,1,-0.28118,0.011306,0,0,0,0,0.60217,999,999,999,0.32062,0.7344,0,0,0,0,0,0,0,0,0,0,0,0,0,0,0,0,0,0,0,0,0,0,0,0,0,0,0,0,0,0,0,0,0,0,0,0,0,0,0,0.010362,0.54062,1,0.93941,0,0,0,0,0,0,0,0,0,0,0,0
0,0,0,0,0,0,0,0,0.72218,0.50736,0.16014,1,-0.97419,0.060012,1.3792e-05,2,2,0.49871,0.88516,999,999,999,0.50016,1.0401,0.42309,0.57745,0.22464,3.7337e-07,9999,1,1,1230.5,8.1055,0.1278,0,0,0,0,0,0,0,0,1,999,999,999,0,0,0,0,0,10,0.24419,8.1214e-07,9999,-1,654.3,3.1006,0.28351,0.72218,0.83416,-0.45726,-4,0.015828,0.72218,1,0.83416,0.43801,-1,-0.97419,-0.00078977,0,0,0,0,0,0,0,0
0.62041,1.2405,0.72523,-1,0,0,0,0,0.9345,0.89847,-0.50759,-1,-0.95091,0.29913,-4.7852e-05,1,0,0,1.142,-0.62041,-0.93068,-0.87151,1.1666,0.91763,0.53715,0.66673,0.22606,7.096e-07,9999,1,1,537.11,3.2715,0.26362,0,0,0,0,0,0,0,0,1,0.9345,0.84552,-0.18173,0,0,0,0,0,10,0.22606,7.096e-07,9999,1,537.11,3.2715,0.26362,0.9345,0.84552,-0.18173,5,0.015086,0.9345,-1,0.84552,-0.18173,-1,-0.95091,-0.0012416,0.62041,1.2405,0.72523,-1,1,0.026173,0.93068,1
0,0,0,0,0,0,0,0,0.85823,1.0688,-0.8828,-1,-0.12507,7.8404e-05,-1.4782e-05,1,0,0,1.1432,-0.61598,-0.70114,-0.71896,1.0759,0.72718,0.42918,0.45263,0.11524,5.084e-07,9999,0,1,800.78,4.248,0.20428,0,0,0,0,0,0,0,0,1,0.85823,0.98536,-0.54998,0,0,0,0,0,10,0.11524,5.084e-07,9999,1,800.78,4.248,0.20428,0.85823,0.98536,-0.54998,5,0.0072462,0.85823,-1,0.98536,-0.54998,-1,-0.12507,-0.36109,0,0,0,0,0,0,0,0
0.25265,1.4546,-0.48945,-1,0.76922,1.0132,-0.063152,1,0.27917,0.85728,-0.22338,-1,0.055779,-7.4045e-05,5.2012e-05,2,0,0,1.1882,999,999,999,0.84927,0.6185,0.56553,0.86799,0.080485,3.6941e-07,9999,0,-1,1142.6,6.4453,0.12457,0,0,0,0,0,0,0,0,1,0.76922,0.90864,-0.58314,0,0,0,0,0,10,0.080485,3.6941e-07,9999,-1,1142.6,6.4453,0.12457,0.76922,0.90864,-0.58314,-9,0.025124,0.76922,1,0.90864,-0.58314,1,0.055779,0.75133,0.25265,1.4546,-0.48945,-1,1,0.003098,0.56836,1
0,0,0,0,0,0,0,0,0.38383,0,0.72101,-1,-2.8981e-05,7.2942e-07,4.3361e-07,1,0,0,0.48551,999,999,999,0.50329,0.26783,0.16843,0.92545,0.18023,4.3361e-07,9999,0,1,722.66,8.6914,0.16843,0,0,0,0,0,0,0,0,1,999,999,999,0,0,0,0,0,0,0,0,0,0,0,0,0,0,0,0,0,0,0,0,0,-0.83783,-1,-2.8981e-05,-0.52336,0,0,0,0,0,0,0,0
0,0,0,0,0,0,0,0,0.80273,0.68111,0.24117,1,0.084191,-1.4343e-05,2.0825e-06,0,0,0,0.96396,999,999,999,1.0192,0.42675,0.27273,0.75749,0.085665,1.2225e-06,9999,1,-1,0,3.2715,0.074114,1,0,-1.7899,1.4313,-1.3316,0.58956,0.087774,0.27858,1,0.80273,0.78869,-0.36067,0,0,0,0,0,10,0.085665,1.2225e-06,9999,-1,0,3.2715,0.074114,0.80273,0.78869,-0.36067,-21,0.011898,0.80273,1,0.78869,-0.36067,1,0.084191,0.70076,0,0,0,0,0,0,0,0
0,0,0,0,0,0,0,0,1.0385,0.11652,0.93441,-1,-0.91456,-0.04385,0.00018897,0,0,0,1.3947,-1.0385,0.9993,-0.85546,0.55891,1.2273,0.8358,0,0,0,0,0,0,0,0,0,0,0,0,0,0,0,0,0,0,0,0,0,0,0,0,0,0,0,0,0,0,0,0,0,0,0,0,0,0,0.010323,1.0385,-1,0.9993,0,0,0,0,0,0,0,0,0,0,0,0
0.77227,0,-0.26314,1,0,0,0,0,0.37314,0,-0.16264,-1,0.054764,-0.0060824,-4.0622e-05,4,1,0.5002,0.88631,999,999,999,1.1424,0.61237,0.55057,0,0,0,0,0,0,0,0,0,0,0,0,0,0,0,0,0,0,0,0,0,0,0,0,0,0,0,0,0,0,0,0,0,0,0,0,0,0,0.02331,0.77227,1,0.86536,0,0,0,0,0.77227,0,-0.26314,1,1,0.02331,0.86536,1
0,0,0,0,0,0,0,0,0.76458,1.566,0.55015,-1,0.99905,-0.028063,0.0044263,1,0,0,1.1497,0.67111,0.78133,-0.89016,0.40235,0.9623,1.083,0.98602,0.11678,3.7467e-07,9999,1,-1,908.2,7.4219,0.12884,0,0,0,0,0,0,0,0,1,0.67111,0.78133,-0.76521,0,0,0,0,0,10,0.078643,1.2255e-06,9999,-1,0,10.645,0.11346,0.74971,0.59327,-0.24625,-6,0.01334,0.76458,-1,0.53347,0.50853,1,0.99905,0.88488,0,0,0,0,0,0,0,1
1.6547,0.16766,-0.64537,-1,0,0,0,0,0.78208,0.28206,0.14877,1,-0.00029469,0.00012407,0,0,0,0,1.2365,999,999,999,2.6294,0.74859,0,0,0,0,0,0,0,0,0,0,0,0,0,0,0,0,0,0,0,0,0,0,0,0,0,0,0,0,0,0,0,0,0,0,0,0,0,0,0,0.073257,1.6547,-1,0.93928,0,0,0,0,0,0,0,0,0,0,0,0
0,0,0,0,0,0,0,0,0.31785,0.074193,0.88667,-1,0.0012021,8.4065e-05,-4.4643e-05,0,0,0,1.1062,999,999,999,0.77927,0.76909,0.56538,0,0,0,0,0,0,0,0,0,0,0,0,0,0,0,0,0,0,0,0,0,0,0,0,0,0,0,0,0,0,0,0,0,0,0,0,0,0,0.0020731,0.64587,-1,0.75349,0,0,0,0,0,0,0,0,0,0,0,1
0,0,0,0,0,0,0,0,0.6538,0.088191,-0.44083,1,0.44134,-7.8815e-06,1.2161e-06,0,0,0,0.58798,999,999,999,1.0267,0.37472,0.079247,0.85355,0.094019,1.2161e-06,9999,1,1,0,21.875,0.079247,0,0,0,0,0,0,0,0,1,999,999,999,0,0,0,0,0,0,0,0,0,0,0,0,0,0,0,0,0,0.0022058,0.6538,1,0.93318,-0.22334,-1,-7.8815e-06,-0.72375,0,0,0,0,0,0,0,0
0,0,0,0,0,0,0,0,0.64816,0.3651,-0.76151,1,0.99671,-0.3191,-6.3201e-05,1,0,0,1.3028,0.63763,0.50495,-0.31104,0.55816,0.99531,0.64686,0.49975,0.080153,1.2314e-06,9999,0,1,0,25.391,0.068708,0,0,0,0,0,0,0,0,1,1.1045,0.9821,-0.36528,0,0,0,0,0,10,0.080153,1.2314e-06,9999,1,0,25.391,0.068708,1.1045,0.9821,-0.36528,0,5.11e-05,1.1045,-1,0.9821,-0.36528,-1,-0.3191,-0.63108,0,0,0,0,0,0,0,0
0,0,0,0,0,0,0,0,0.56711,0.34175,-0.44801,1,-3.3762e-05,1.649e-05,1.5689e-05,2,1,0.4969,0.49433,999,999,999,0.5241,0.44018,0.43531,0,0,0,0,0,0,0,0,0,0,0,0,0,0,0,0,0,0,0,0,0,0,0,0,0,0,0,0,0,0,0,0,0,0,0,0,0,0,0.01685,0.56711,1,0.87671,0,0,0,0,0,0,0,0,0,0,0,1
0,0,0,0,0,0,0,0,0.6959,1.1059,-0.70532,-1,-0.99875,0.0001857,3.9262e-05,2,0,0,0.62052,999,999,999,0.37888,0.20704,0.54712,0.72454,0.21637,4.2163e-07,9999,0,-1,732.42,6.543,0.16141,0,0,0,0,0,0,0,0,1,999,999,999,0,0,0,0,0,0,0,0,0,0,0,0,0,0,0,0,0,0.0042587,0.6959,-1,0.98502,0.89408,1,3.9262e-05,0.0051269,0,0,0,0,0,0,0,0
0,0,0,0,0,0,0,0,0.61332,0.78668,-0.56168,1,-0.97098,0.00010929,1.2216e-05,2,0,0,0.86563,999,999,999,0.81443,0.83063,0.29049,0,0,0,0,0,0,0,0,0,0,0,0,0,0,0,0,0,0,0,0,0,0,0,0,0,0,0,0,0,0,0,0,0,0,0,0,0,0,0.015519,0.65244,-1,0.98228,0,0,0,0,0,0,0,0,0,0,0,1
0,0,0,0,0,0,0,0,1.307,1.0427,-0.92427,1,0.94541,0.091328,1.5866e-05,0,0,0,1.4491,0.85129,0.86329,-0.91652,1.149,1.29,0.43641,0.53868,0.13874,3.6185e-07,9999,1,-1,1289.1,9.668,0.11817,0,0,0,0,0,0,0,0,1,1.307,0.99238,-0.43457,0,0,0,0,0,10,0.13874,3.6185e-07,9999,-1,1289.1,9.668,0.11817,1.307,0.99238,-0.43457,-0,0.016799,1.307,1,0.99238,-0.43457,1,0.94541,0.21506,0,0,0,0,0,0,0,1
0.98107,0.080599,0.57478,-1,0,0,0,0,0.54546,1.0617,-0.01267,1,0.26259,-0.02641,0.0030039,1,0,0,1.0816,0.54546,-0.57343,-0.48175,0.89396,1.2656,0.67996,0,0,0,0,0,0,0,0,0,0,0,0,0,0,0,0,0,0,0,0,0,0,0,0,0,0,0,0,0,0,0,0,0,0,0,0,0,0,0.036799,0.98107,-1,0.93479,0,0,0,0,0.98107,0.080599,0.57478,-1,1,0.036799,0.93479,1
0,0,0,0,0,0,0,0,0.71045,2.1585,-0.81014,1,0.28563,-7.9875e-05,-4.2311e-05,0,0,0,1.022,999,999,999,0.87811,0.73429,0.5502,0.37228,0.10039,4.1061e-07,9999,1,1,290.53,8.5938,0.15454,0,0,0,0,0,0,0,0,1,999,999,999,0,0,0,0,0,10,0.21519,5.6555e-07,9999,-1,537.11,4.3945,0.22518,0.66764,0.63757,-0.26082,-5,0.0042267,0.71045,1,0.79368,0.17025,-1,-7.9875e-05,-0.44246,0,0,0,0,0,0,0,0
0,0,0,0,0,0,0,0,1.2766,0.70662,-0.93351,1,0.0071703,-3.0851e-05,-2.313e-05,3,1,0.49844,1.3252,999,999,999,1.3428,0.51155,0.47417,0.47297,0.1936,3.974e-07,9999,0,1,859.38,7.7148,0.14573,0,1,0,0,0,0,0,0,1,999,999,999,0,0,0,0,0,0,0,0,0,0,0,0,0,0,0,0,0,0.0051096,1.2766,1,0.9925,-0.18614,-1,-3.0851e-05,-0.0070414,0,0,0,0,0,0,0,0
1.3028,0.1801,-0.70226,1,0,0,0,0,0.75723,0.22523,-0.38592,-1,0.99945,0.006259,-0.00030177,1,0,0,1.1188,999,999,999,0.43117,0.8982,0.9556,0,0,0,0,0,0,0,0,0,0,0,0,0,0,0,0,0,0,0,0,0,0,0,0,0,0,0,0,0,0,0,0,0,0,0,0,0,0,0.0086286,1.3028,1,0.69422,0,0,0,0,0,0,0,0,0,0,0,1
0,0,0,0,0,0,0,0,2.169,1.6757,-0.99352,-1,-0.53851,-0.07398,0.0078449,1,0,0,2.25,-2.169,0.99768,-0.83095,0.68208,2.9472,0.27332,0,0,0,0,0,0,0,0,0,0,0,0,0,0,0,0,0,0,0,0,0,0,0,0,0,0,0,0,0,0,0,0,0,0,0,0,0,0,0.0021742,2.169,-1,0.99768,0,0,0,0,0,0,0,0,0,0,0,0
0,0,0,0,0,0,0,0,0.78886,0.60937,0.87039,-1,0.99682,-0.96555,1.2718e-06,0,0,0,0.8416,999,999,999,0.55648,0.91747,0.1332,0.58172,0.066306,1.2718e-06,9999,1,1,0,8.3984,0.1332,0,0,0,0,0,0,0,0,1,0.78886,0.95602,-0.77289,0,0,0,0,0,10,0.066306,1.2718e-06,9999,1,0,8.3984,0.1332,0.78886,0.95602,-0.77289,5,0.0054143,0.78886,-1,0.95602,-0.77289,-1,-0.96555,-0.73842,0,0,0,0,0,0,0,0
0,0,0,0,0,0,0,0,0.26935,0,0.21613,-1,0.81246,0.00020514,-5.8815e-05,4,1,0.50076,0.65237,999,999,999,0.16956,0.23683,0.62778,0.30227,0.22649,4.1293e-07,9999,0,1,898.44,5.7129,0.15602,0,1,0,0,0,0,0,0,1,999,999,999,0,0,0,0,0,0,0,0,0,0,0,0,0,0,0,0,0,0.075399,0.57455,-1,0.74789,0.39972,-1,-5.8815e-05,-0.00030337,0,0,0,0,0,0,0,1
1.4697,0,0.74088,1,0,0,0,0,0.21248,1.4697,-0.94716,-1,-0.0021736,0.00012883,-8.5305e-07,0,0,0,1.7722,999,999,999,1.0776,1.7986,0.2903,0.96282,0.21248,8.5305e-07,9999,1,-1,507.81,4.7363,0.2903,0,0,0,0,0,0,0,0,1,1.4697,0.98992,-0.91531,0,0,0,0,0,10,0.21248,8.5305e-07,9999,-1,507.81,4.7363,0.2903,1.4697,0.98992,-0.91531,-2,0.0066466,1.4697,1,0.98992,-0.91531,1,0.00012883,0.38179,0,0,0,0,0,0,0,1
1.1733,0.64102,-0.719,-1,0,0,0,0,0.14527,0.33175,-0.54074,1,-0.098938,2.8488e-05,-2.7564e-05,1,0,0,1.0609,999,999,999,0.94148,0.50019,0.49691,0.59534,0.14527,6.1939e-07,9999,1,1,541.99,4.1016,0.24146,0,0,0,0,0,0,0,0,1,1.1733,0.68048,-0.19575,0,0,0,0,0,10,0.14527,6.1939e-07,9999,1,541.99,4.1016,0.24146,1.1733,0.68048,-0.19575,2,0.030651,1.1733,-1,0.68048,0.97071,-1,-2.7564e-05,-0.19739,0.43227,0.32374,-0.52176,1,2,0.058444,0.74464,0
1.3098,0.74195,-0.80428,1,0,0,0,0,0.26202,0,0.81464,-1,0.96068,5.7362e-05,-4.5079e-06,1,0,0,1.6188,1.3098,0.90468,-0.22486,1.0505,1.5917,0.33094,0.6711,0.075511,1.2466e-06,9999,0,-1,0,26.172,0.061738,1,0,1.8629,1.3144,0.55781,0.10346,0.029919,0.042047,1,1.3098,0.90468,-0.35595,0,0,0,0,0,10,0.075511,1.2466e-06,9999,-1,0,26.172,0.061738,1.3098,0.90468,-0.35595,-5,0.0068466,1.3098,1,0.90468,0.76498,1,0.96068,0.71906,0,0,0,0,0,0,0,1
0,0,0,0,0,0,0,0,0.277,0.38518,0.60528,-1,-0.013389,-0.00055881,5.9241e-05,1,0,0,0.96822,-0.61137,-0.84293,-0.46048,0.85855,0.37198,0.63103,0,0,0,0,0,0,0,0,0,0,0,0,0,0,0,0,0,0,0,0,0,0,0,0,0,0,0,0,0,0,0,0,0,0,0,0,0,0,0.010631,0.55972,1,0.25627,0,0,0,0,0,0,0,0,0,0,0,0
0,0,0,0,0,0,0,0,0.77501,1.3596,-0.79064,-1,-0.957,0.00052745,-0.00030506,2,0,0,0.77446,-0.77501,-0.84861,-0.37629,0.30884,0.29804,0.629,0.95872,0.18561,5.2789e-07,9999,1,1,634.77,4.0039,0.21191,0,0,0,0,0,0,0,0,1,0.77501,0.84861,-0.71907,0,0,0,0,0,10,0.18561,5.2789e-07,9999,1,634.77,4.0039,0.21191,0.77501,0.84861,-0.71907,5,0.0074783,0.77501,-1,0.84861,0.67611,-1,-0.957,-0.64763,0,0,0,0,0,0,0,0
0,0,0,0,0,0,0,0,1.1727,0.39175,-0.70451,-1,-0.43946,0.061619,9.4626e-06,2,0,0,0.69863,999,999,999,1.8913,1.0281,0.38985,0,0,0,0,0,0,0,0,0,0,0,0,0,0,0,0,0,0,0,0,0,0,0,0,0,0,0,0,0,0,0,0,0,0,0,0,0,0,0.025723,0.61786,1,0.73511,0,0,0,0,0,0,0,0,0,0,0,0
0,0,0,0,0,0,0,0,1.6449,0.28591,-0.25402,-1,-0.99909,-0.014655,-0.00043335,0,0,0,1.7712,-1.6449,0.98922,-0.41874,0.46111,1.953,0.72584,0.85597,0.062789,1.251e-06,9999,1,1,0,9.1797,0.12588,0,0,0,0,0,0,0,0,1,1.6449,0.98922,-0.79903,0,0,0,0,0,10,0.062789,1.251e-06,9999,1,0,9.1797,0.12588,1.6449,0.98922,-0.79903,0,0.039118,1.6449,-1,0.98922,0.49232,-1,-0.99909,-0.7618,0,0,0,0,0,0,0,0
0,0,0,0,1.3095,0.79082,-0.24056,-1,0.34378,0.39093,0.64028,1,-0.99297,-0.090202,3.3091e-05,0,0,0,1.5842,-1.3095,0.89028,-0.70887,0.63409,1.6017,0.5212,0,0,0,0,0,0,0,0,0,0,0,0,0,0,0,0,0,0,0,0,0,0,0,0,0,0,0,0,0,0,0,0,0,0,0,0,0,0,0.0014347,1.3095,-1,0.89028,0,0,0,0,0,0,0,0,0,0,0,0
1.0116,0,-0.39263,-1,0,0,0,0,0.29595,0,-0.25068,1,-0.069512,0.041592,1.1281e-05,3,1,0.49532,1.0597,999,999,999,0.96033,0.96303,0.40496,0.94511,0.15351,6.749e-07,9999,1,-1,546.88,4.3457,0.25572,0,0,0,0,0,0,0,0,1,999,999,999,0,0,0,0,0,0,0,0,0,0,0,0,0,0,0,0,0,0.018028,1.0116,-1,0.64447,0.20677,1,0.041592,0.75194,0,0,0,0,0,0,0,0
0,0,0,0,0,0,0,0,0.25186,0.077437,-0.40957,1,-6.3813e-07,5.6226e-07,4.6649e-07,0,0,0,0.30936,999,999,999,0.24652,0.22409,0.18569,0.67389,0.12612,5.6226e-07,9999,1,1,664.06,4.7852,0.22409,0,0,0,0,0,0,0,0,1,999,999,999,0,0,0,0,0,0,0,0,0,0,0,0,0,0,0,0,0,0,0,0,0,0,0,0,0,0,0,0,0,0,0,0,1
0,0,0,0,0,0,0,0,0.54479,0.69715,-0.078734,1,-0.012364,7.3894e-05,2.0955e-05,1,0,0,0.74561,-0.69764,-0.36789,-0.97901,0.75195,0.69254,0.4638,0.62893,0.11358,3.6018e-07,9999,1,-1,712.89,3.418,0.1167,0,0,0,0,0,0,0,0,1,0.54479,0.7811,-0.1294,0,0,0,0,0,10,0.11358,3.6018e-07,9999,-1,712.89,3.418,0.1167,0.54479,0.7811,-0.1294,-21,0.00014102,0.54479,1,0.7811,0.80518,1,4.104e-06,0.32248,0,0,0,0,0,0,0,1
0,0,0,0,0,0,0,0,0.28502,0.49703,0.83912,1,-6.0263e-05,-4.4941e-05,1.5947e-05,0,1,0.49892,0.87766,999,999,999,0.6283,0.52509,0.4369,0,0,0,0,0,0,0,0,0,0,0,0,0,0,0,0,0,0,0,0,0,0,0,0,0,0,0,0,0,0,0,0,0,0,0,0,0,0,0.0051502,0.70782,-1,0.98474,0,0,0,0,0,0,0,0,0,0,0,1
0,0,0,0,0,0,0,0,0.20129,0,0.78574,1,0.00018085,-1.4086e-06,6.3235e-07,0,0,0,0.26626,999,999,999,0.11562,0.16356,0.24499,0.94123,0.13338,1.4086e-06,9999,1,-1,0,7.0312,0.16356,0,0,0,0,0,0,0,0,1,999,999,999,0,0,0,0,0,0,0,0,0,0,0,0,0,0,0,0,0,0,0,0,0,0.57488,1,0.00018085,0.78576,0,0,0,0,0,0,0,0
0,0,0,0,0,0,0,0,0.65542,1.8019,-0.60672,-1,0.00011952,-0.00011191,5.5147e-05,0,0,0,1.0907,999,999,999,0.63774,0.69614,0.61303,0.94085,0.16967,4.1032e-07,9999,1,-1,751.95,5.4199,0.15435,0,0,0,0,0,0,0,0,1,999,999,999,0,0,0,0,0,0,0,0,0,0,0,0,0,0,0,0,0,0.005608,0.65542,-1,0.95464,0.87631,1,0.00011952,0.66877,0,0,0,0,0,0,0,1
0,0,0,0,0,0,0,0,0.30612,0.35315,0.8223,-1,-0.9999,0.96342,0.00060008,0,0,0,1.0005,999,999,999,0.34503,0.67489,0.51315,0,0,0,0,0,0,0,0,0,0,0,0,0,0,0,0,0,0,0,0,0,0,0,0,0,0,0,0,0,0,0,0,0,0,0,0,0,0,0.0047717,0.74585,1,0.92419,0,0,0,0,0,0,0,0,0,0,0,0
0,0,0,0,0,0,0,0,0.70343,1.3204,-0.70999,-1,-0.93757,0.0021466,-4.0696e-05,1,1,0.50117,0.75027,999,999,999,0.43618,0.86462,0.55266,0.69988,0.18448,0.93757,9999,0,-1,0,12.891,0.43618,0,1,0,0,0,0,0,0,1,999,999,999,0,0,0,0,0,0,0,0,0,0,0,0,0,0,0,0,0,0.01653,0.55389,1,0.54973,0.19083,1,0.0021466,1.3328e-05,0,0,0,0,0,0,0,0
0,0,0,0,0,0,0,0,0.90738,0.53088,-0.7292,-1,-0.95467,0.33191,-1.6098e-05,0,0,0,1.1197,-0.5064,0.51098,-0.22964,0.8021,1.2912,0.43782,0,0,0,0,0,0,0,0,0,0,0,0,0,0,0,0,0,0,0,0,0,0,0,0,0,0,0,0,0,0,0,0,0,0,0,0,0,0,0.0158,0.90738,-1,0.9132,0,0,0,0,0,0,0,0,0,0,0,0
0,0,0,0,0,0,0,0,0.55841,0.82646,-0.0052784,-1,0.9986,-3.1039e-05,-5.4417e-07,0,0,0,0.65386,999,999,999,0.49077,0.51238,0.21786,0.14069,0.1236,5.4417e-07,9999,1,-1,664.06,4.7852,0.21786,0,0,0,0,0,0,0,0,1,999,999,999,0,0,0,0,0,0,0,0,0,0,0,0,0,0,0,0,0,0.0037162,0.55841,-1,0.84887,0.56672,1,0.9986,0.21144,0,0,0,0,0,0,0,0
0,0,0,0,0,0,0,0,0.65888,0,0.45444,1,0.00044116,-0.00040246,0.00022397,2,0,0,0.65902,999,999,999,0.25051,0.6728,0.71469,0,0,0,0,0,0,0,0,0,0,0,0,0,0,0,0,0,0,0,0,0,0,0,0,0,0,0,0,0,0,0,0,0,0,0,0,0,0,0.0091387,0.65888,1,0.87024,0,0,0,0,0,0,0,0,0,0,0,0
0,0,0,0,1.7634,0.072508,-0.93045,-1,0,0,0,0,-0.024936,0.00014922,0,0,0,0,1.4446,999,999,999,1.3536,0.77486,0,0,0,0,0,0,0,0,0,0,0,0,0,0,0,0,0,0,0,0,0,0,0,0,0,0,0,0,0,0,0,0,0,0,0,0,0,0,0,0.010716,1.7634,-1,0.99015,0,0,0,0,0,0,0,0,0,0,0,0
0,0,0,0,0,0,0,0,1.5335,0.83923,-0.987,-1,-0.99805,-0.05182,6.5647e-05,0,0,0,1.7819,-1.5335,0.95341,-0.62961,0.51353,1.8531,0.65632,0,0,0,0,0,0,0,0,0,0,0,0,0,0,0,0,0,0,0,0,0,0,0,0,0,0,0,0,0,0,0,0,0,0,0,0,0,0,0.0013506,1.5335,-1,0.95341,0,0,0,0,0,0,0,0,0,0,0,0
1.702,0.42592,-0.81093,1,0,0,0,0,0,0,0,0,-0.00059273,5.9002e-05,0,0,0,0,1.7765,999,999,999,0.45887,1.98,0,0,0,0,0,0,0,0,0,0,0,0,0,0,0,0,0,0,0,0,0,0,0,0,0,0,0,0,0,0,0,0,0,0,0,0,0,0,0,0.0013418,1.702,1,0.953,0,0,0,0,0.46371,1.1452,-0.75273,-1,2,0.0066394,0.51473,1
1.1028,0.13446,-0.43389,-1,0,0,0,0,0.59396,0.21262,-0.14549,1,0.019148,-0.00032079,-0.00012471,1,0,0,1.4141,999,999,999,1.2703,0.31091,1.5712,0,0,0,0,0,0,0,0,0,0,0,0,0,0,0,0,0,0,0,0,0,0,0,0,0,0,0,0,0,0,0,0,0,0,0,0,0,0,0.00014909,1.1028,-1,0.79966,0,0,0,0,0,0,0,0,0,0,0,0
0,0,0,0,0,0,0,0,1.9307,0.3958,-0.96634,1,0.10741,-1.3009e-06,-1.2095e-06,2,0,0,1.8925,999,999,999,2.0392,0.044973,0.090219,0,0,0,0,0,0,0,0,0,0,0,0,0,0,0,0,0,0,0,0,0,0,0,0,0,0,0,0,0,0,0,0,0,0,0,0,0,0,0.0046928,1.9307,1,0.91169,0,0,0,0,0,0,0,0,0,0,0,1
0.55046,0.15569,-0.46967,1,0,0,0,0,0.70985,0.040704,-0.61922,-1,-0.99917,0.00028101,1.228e-06,1,0,0,0.68275,999,999,999,0.45591,0.57756,0.11496,0,0,0,0,0,0,0,0,0,0,0,0,0,0,0,0,0,0,0,0,0,0,0,0,0,0,0,0,0,0,0,0,0,0,0,0,0,0,0.046736,0.70985,-1,0.87921,0,0,0,0,0.55046,0.15569,-0.46967,1,1,0.020377,0.78368,0
0,0,0,0,0,0,0,0,1.0166,0.88332,-0.76969,-1,-7.0258e-05,-1.1417e-05,-1.1317e-05,0,0,0,0.89253,999,999,999,0.66845,0.40601,0.40525,0.53123,0.20145,2.8567e-06,9999,1,-1,0,4.1016,0.26343,1,0,-2.8603,-2.1138,-2.8609,0.077965,0.057859,0.10919,1,999,999,999,0,0,0,0,0,10,0.22396,8.6699e-07,9999,1,551.76,4.0039,0.2925,1.0166,0.51776,-0.05956,0,0.0097765,1.0166,-1,0.51776,0.98932,-1,-2.8567e-06,-0.00046856,0,0,0,0,0,0,0,1
0,0,0,0,0,0,0,0,1.022,0.046223,0.12632,-1,-0.96098,-0.027994,0.00014176,0,1,0.50421,1.5183,-0.89726,-0.81855,-0.97146,1.1289,0.98679,0.82922,0,0,0,0,0,0,0,0,0,0,0,0,0,0,0,0,0,0,0,0,0,0,0,0,0,0,0,0,0,0,0,0,0,0,0,0,0,0,0.0041297,1.2191,1,0.82508,0,0,0,0,0,0,0,0,0,0,0,1
0,0,0,0,0,0,0,0,0.69445,0.74401,0.46072,-1,-0.9998,-0.83032,0.00012025,0,0,0,0.84408,-0.68516,0.91335,-0.85072,0.376,1.0936,0.56069,0.79379,0.094413,3.3848e-07,9999,1,-1,1543,11.328,0.096003,0,0,0,0,0,0,0,0,1,999,999,999,0,0,0,0,0,10,0.20235,1.207e-06,9999,1,463.87,4.3945,0.33309,0.69445,0.93927,-0.39111,6,0.0067406,0.68516,-1,0.91335,0.037832,-1,-0.83032,-0.0030241,0,0,0,0,0,0,0,0
2.021,0.069462,-0.00039594,-1,0,0,0,0,1.3129,1.3149,0.10561,1,-0.045139,0.014081,-7.7901e-05,1,0,0,2.336,-2.021,0.9954,-0.6365,1.5324,1.0154,2.6818,0.99081,0.19335,4.9427e-07,9999,0,1,615.23,4.4434,0.19838,0,0,0,0,0,0,0,0,1,2.021,0.9954,-0.98227,0,0,0,0,0,10,0.19335,4.9427e-07,9999,1,615.23,4.4434,0.19838,2.021,0.9954,-0.98227,2,0.0083712,2.021,-1,0.9954,0.65426,-1,-0.045139,-0.76551,0,0,0,0,0,0,0,0
0,0,0,0,0,0,0,0,0.48385,0.47022,0.34046,1,-0.97923,0.00017359,-1.9279e-05,2,1,0.50137,0.81712,999,999,999,0.8563,0.69272,0.45606,0,0,0,0,0,0,0,0,0,0,0,0,0,0,0,0,0,0,0,0,0,0,0,0,0,0,0,0,0,0,0,0,0,0,0,0,0,0,0.0066519,0.53622,-1,0.80694,0,0,0,0,0,0,0,0,0,0,0,0
0,0,0,0,0,0,0,0,1.2007,0.82739,0.97852,-1,-0.0002245,0,0,0,0,0,1.1115,999,999,999,1.1217,0,0,0,0,0,0,0,0,0,0,0,0,0,0,0,0,0,0,0,0,0,0,0,0,0,0,0,0,0,0,0,0,0,0,0,0,0,0,0,0,0.015523,1.2007,-1,0.92927,0,0,0,0,0,0,0,0,0,0,0,1
0,0,0,0,0,0,0,0,0.10139,1.175,-0.91636,-1,-1.4483e-05,-9.6655e-06,2.8141e-06,0,0,0,0.56884,-0.52202,-0.58293,-0.81648,0.42767,0.39167,0.29542,0.74428,0.10139,3.3436e-07,9999,1,-1,2109.4,18.945,0.091667,0,0,0,0,0,0,0,0,1,999,999,999,0,0,0,0,0,10,0.19712,6.6593e-07,9999,1,541.99,4.0527,0.25356,0.52202,0.58293,-0.079701,5,0.0033615,0.52202,-1,0.58293,0.76486,1,2.8141e-06,0.63977,0,0,0,0,0,0,0,0
0,0,0,0,1.645,0.49835,-0.8975,-1,0.3116,1.2285,0.20826,1,-0.077628,9.3811e-06,-4.1254e-07,0,0,0,0.87799,999,999,999,1.0821,0.38912,0.15578,0.33974,0.094301,3.923e-07,9999,1,1,419.92,8.1055,0.14215,0,0,0,0,0,0,0,0,1,999,999,999,0,0,0,0,0,0,0,0,0,0,0,0,0,0,0,0,0,0.0044256,1.645,-1,0.95977,0.17276,-1,-0.077628,-0.47349,0,0,0,0,0,0,0,0
0,0,0,0,0,0,0,0,1.0419,0,-0.92291,-1,0.8256,-0.0036543,0.0020275,1,0,0,1.2085,0.81008,-0.90466,-0.85133,1.1906,0.95581,0.49061,0,0,0,0,0,0,0,0,0,0,0,0,0,0,0,0,0,0,0,0,0,0,0,0,0,0,0,0,0,0,0,0,0,0,0,0,0,0,0.035761,1.0419,-1,0.55389,0,0,0,0,0,0,0,0,0,0,0,1
0,0,0,0,0,0,0,0,1.64,0,-0.88794,-1,-0.060944,-0.014924,0.00017413,1,0,0,1.5488,-0.5724,0.46103,-0.32921,1.4696,0.84235,0.15687,0.23642,0.11536,0.00017413,9999,1,1,830.08,0,0.15687,0,0,0,0,0,0,0,0,1,1.64,0.91164,-0.35427,0,0,0,0,0,10,0.11536,0.00017413,9999,1,830.08,0,0.15687,1.64,0.91164,-0.35427,2,0.0059985,1.64,-1,0.91164,0.81707,-1,-0.014924,-0.30563,0,0,0,0,0,0,0,0
0,0,0,0,0.63535,1.7684,0.86875,1,1.5105,0.50711,-0.9568,-1,-0.93743,-0.012668,-0.00072579,1,0,0,1.3095,-1.5105,-0.90084,-0.1921,0.44358,1.0943,0.39699,0.25012,0.22901,0.93743,9999,1,-1,0,9.375,0.44358,0,0,0,0,0,0,0,0,1,999,999,999,0,0,0,0,0,0,0,0,0,0,0,0,0,0,0,0,0,0.0010294,1.5105,-1,0.90084,0.67724,1,2.2518e-05,1.6168e-05,0,0,0,0,0,0,0,0
0,0,0,0,0,0,0,0,1.23,0.53763,0.94186,1,-0.04899,0.00034458,-4.9387e-05,2,0,0,1.5403,-0.59601,-0.36706,-0.13727,0.94334,1.2591,0.58857,0.9825,0.21666,1.1368e-06,9999,0,-1,419.92,4.3457,0.32627,0,0,0,0,0,0,0,0,1,1.23,0.81726,-0.73495,0,0,0,0,0,10,0.21666,1.1368e-06,9999,-1,419.92,4.3457,0.32627,1.23,0.81726,-0.73495,-5,0.0059183,1.23,1,0.81726,0.43955,1,4.745e-05,0.47251,0,0,0,0,0,0,0,0
0,0,0,0,0,0,0,0,0.39071,0.27286,-0.056003,-1,-0.99761,0.28547,-0.059605,4,0,0,1.4021,999,999,999,0.54233,1.0691,0.60699,0.71297,0.055199,1.2094e-06,9999,0,-1,0,15.234,0.090803,0,0,0,0,0,0,0,0,1,0.91118,0.91458,-0.88177,0,0,0,0,0,10,0.055199,1.2094e-06,9999,-1,0,15.234,0.090803,0.91118,0.91458,-0.88177,-0,0.0091672,1.008,1,0.74026,0.05913,1,0.28547,0.77246,0,0,0,0,0,0,0,0
0,0,0,0,0,0,0,0,0.46243,1.0747,-0.26668,1,0.96952,5.9813e-05,3.4721e-06,5,1,0.4978,0.60684,999,999,999,0.31389,0.62581,0.31118,0,0,0,0,0,0,0,0,0,0,0,0,0,0,0,0,0,0,0,0,0,0,0,0,0,0,0,0,0,0,0,0,0,0,0,0,0,0,0,0,0,0,0,0,0,0,0,0,0,0,0,0,0,1
0,0,0,0,0,0,0,0,1.2594,0.4917,-0.66979,-1,0.28316,0.055651,-0.037284,1,1,0.49927,1.4906,999,999,999,0.95553,0.83831,1.4463,0,0,0,0,0,0,0,0,0,0,0,0,0,0,0,0,0,0,0,0,0,0,0,0,0,0,0,0,0,0,0,0,0,0,0,0,0,0,0.0039799,1.2594,-1,0.91644,0,0,0,0,0,0,0,0,0,0,0,1
0,0,0,0,0,0,0,0,1.3448,0.42985,-0.89823,1,-0.41909,0.0834,0.00036935,3,1,0.50201,1.4239,-0.69012,-0.67143,-0.4369,1.0519,1.3507,0.84476,0.99975,0.11259,1.3845e-06,9999,0,1,0,8.7891,0.15939,0,0,0,0,0,0,0,0,1,0.69012,0.67143,-0.65814,0,0,0,0,0,10,0.11259,1.3845e-06,9999,1,0,8.7891,0.15939,0.69012,0.67143,-0.65814,0,0.0048705,1.3448,1,0.93476,-0.33133,-1,-0.41909,-0.90679,0,0,0,0,0,0,0,1
0,0,0,0,0,0,0,0,0.69689,0.82219,-0.26388,-1,-0.99987,0.98826,-0.95713,0,0,0,1.3663,999,999,999,0.3567,0.66784,0.71753,0.58463,0.23496,9.7376e-07,9999,1,-1,566.41,3.6133,0.30761,0,0,0,0,0,0,0,0,1,0.60711,0.83835,-0.50008,0,0,0,0,0,10,0.23496,9.7376e-07,9999,-1,566.41,3.6133,0.30761,0.60711,0.83835,-0.50008,-4,0.0034083,0.69689,-1,0.996,-0.29008,1,0.98826,0.00034302,0,0,0,0,0,0,0,0
0,0,0,0,0,0,0,0,1.0129,0.64063,-0.95294,-1,-0.0011897,8.7011e-06,6.7221e-07,0,0,0,0.98586,999,999,999,0.92032,0.38284,0.25508,0.78634,0.12467,3.6614e-07,9999,1,-1,732.42,8.3008,0.12184,0,0,0,0,0,0,0,0,1,999,999,999,0,0,0,0,0,0,0,0,0,0,0,0,0,0,0,0,0,0.0070934,1.0129,-1,0.9521,-0.86655,1,8.7011e-06,0.5599,0,0,0,0,0,0,0,0
0,0,0,0,0,0,0,0,1.1577,0.18498,0.82442,-1,-0.99486,-0.94345,0.78232,2,0,0,1.1943,-0.50239,0.2449,-0.50995,0.21283,0.86004,0.83365,0,0,0,0,0,0,0,0,0,0,0,0,0,0,0,0,0,0,0,0,0,0,0,0,0,0,0,0,0,0,0,0,0,0,0,0,0,0,0.00042736,1.1577,-1,0.99936,0,0,0,0,0,0,0,0,0,0,0,0
1.724,0.22414,-0.46465,-1,0,0,0,0,0.91798,0.86272,0.18046,1,-0.96983,0.00036625,-8.6232e-05,0,0,0,1.9641,999,999,999,0.44023,0.88231,1.9917,0.67755,0.13116,3.9087e-07,9999,1,1,937.5,7.6172,0.14112,0,0,0,0,0,0,0,0,1,1.724,0.99028,-0.64992,0,0,0,0,0,10,0.13116,3.9087e-07,9999,1,937.5,7.6172,0.14112,1.724,0.99028,-0.64992,2,0.0098761,1.724,-1,0.99028,0.57489,-1,-0.96983,-0.38685,0,0,0,0,0,0,0,0
0,0,0,0,0,0,0,0,0.62812,1.0339,0.93395,1,-0.99979,0.0006815,0.0005325,3,0,0,0.95975,999,999,999,0.38005,0.75281,0.57142,0.51875,0.051362,1.2132e-06,9999,0,-1,0,27.734,0.082497,0,0,0,0,0,0,0,0,1,0.62812,0.72938,-0.93685,0,0,0,0,0,10,0.051362,1.2132e-06,9999,-1,0,27.734,0.082497,0.62812,0.72938,-0.93685,-2,0.00011662,0.62812,1,0.72938,0.69327,1,0.0005325,0.77839,0,0,0,0,0,0,0,1
0,0,0,0,0,0,0,0,0.23509,0.26979,0.35413,1,-0.99354,0.056278,1.7739e-06,3,1,0.49692,0.90756,999,999,999,0.44114,1.1676,0.37284,0.88405,0.23509,1.7739e-06,9999,1,1,493.16,4.1992,0.37284,0,0,0,0,0,0,0,0,1,999,999,999,0,0,0,0,0,0,0,0,0,0,0,0,0,0,0,0,0,0.023952,0.81479,1,0.93214,-0.87128,-1,-0.99354,-0.013919,0,0,0,0,0,0,0,0
0,0,0,0,0,0,0,0,1.0892,0.60502,0.91739,-1,-0.99061,-0.96363,3.2282e-06,1,0,0,1.0908,-1.0892,0.87317,-0.95843,0.45523,1.5044,0.42486,0.95992,0.093129,1.5161e-06,9999,1,1,0,5.5664,0.17918,0,0,0,0,0,0,0,0,1,999,999,999,0,0,0,0,0,0,0,0,0,0,0,0,0,0,0,0,0,0.010306,1.0892,-1,0.87317,0.91676,-1,-0.96363,-0.84303,0,0,0,0,0,0,0,0
0,0,0,0,0,0,0,0,0.46082,0.94438,-0.77164,-1,-1.2505e-05,1.2227e-06,3.7933e-07,1,0,0,0.43273,999,999,999,0.41413,0.073939,0.13251,0.74116,0.14773,3.7933e-07,9999,1,1,839.84,8.3984,0.13251,0,0,0,0,0,0,0,0,1,999,999,999,0,0,0,0,0,0,0,0,0,0,0,0,0,0,0,0,0,0,0,0,0,-0.067053,-1,-1.2505e-05,-0.32715,0,0,0,0,0,0,0,1
0,0,0,0,0,0,0,0,0.59204,0.94293,-0.29057,-1,-0.0092973,2.8073e-06,0,0,0,0,0.58844,999,999,999,0.85584,0.29524,0,0,0,0,0,0,0,0,0,0,0,0,0,0,0,0,0,0,0,0,0,0,0,0,0,0,0,0,0,0,0,0,0,0,0,0,0,0,0,0.0021834,0.59204,-1,0.94944,0,0,0,0,0,0,0,0,0,0,0,0
0,0,0,0,0,0,0,0,1.6846,0.80766,-0.59777,-1,-0.79265,-0.12338,-0.00070743,0,0,0,1.9855,-1.6846,-0.99367,-0.72364,0.65656,1.67,0.70958,0,0,0,0,0,0,0,0,0,0,0,0,0,0,0,0,0,0,0,0,0,0,0,0,0,0,0,0,0,0,0,0,0,0,0,0,0,0,0.00035823,1.6846,-1,0.99367,0,0,0,0,0,0,0,0,0,0,0,0
1.2331,0.33517,0.91704,-1,0,0,0,0,0.83316,1.3418,-0.98733,1,-0.99956,0.015281,8.5592e-05,0,0,0,1.491,-1.2331,0.99201,-0.63952,0.34944,0.79454,0.75434,0.13552,0.17841,5.8631e-07,9999,1,1,581.05,5.0293,0.23179,0,0,0,0,0,0,0,0,1,999,999,999,0,0,0,0,0,0,0,0,0,0,0,0,0,0,0,0,0,0.013006,1.2331,-1,0.99201,0.6423,-1,-0.99956,-0.0058225,0,0,0,0,0,0,0,0
0,0,0,0,0,0,0,0,0.34922,0.85144,-0.32703,-1,-1.3016e-05,9.0803e-07,0,0,0,0,0.44925,999,999,999,0.41776,0.29865,0,0,0,0,0,0,0,0,0,0,0,0,0,0,0,0,0,0,0,0,0,0,0,0,0,0,0,0,0,0,0,0,0,0,0,0,0,0,0,0,0,0,0,0,0,0,0,0,0,0,0,0,0,0,1
0,0,0,0,0,0,0,0,0.45355,0.35673,-0.35604,-1,-0.93701,0.69005,-0.0014491,1,0,0,1.0475,999,999,999,0.45342,0.40431,0.6131,0.92042,0.22687,0.93701,9999,1,-1,0,7.0312,0.45342,0,0,0,0,0,0,0,0,1,0.51346,0.76364,-0.45208,0,0,0,0,0,10,0.22687,0.93701,9999,-1,0,7.0312,0.45342,0.51346,0.76364,-0.45208,-22,0.00083709,0.71638,1,0.93354,0.83469,1,2.7943e-05,8.1539e-06,0,0,0,0,0,0,0,0
0,0,0,0,0,0,0,0,0.37006,1.0898,-0.94798,-1,0.9957,-0.00031991,-4.5355e-05,2,0,0,0.55668,999,999,999,0.46599,0.73902,0.57216,0,0,0,0,0,0,0,0,0,0,0,0,0,0,0,0,0,0,0,0,0,0,0,0,0,0,0,0,0,0,0,0,0,0,0,0,0,0,0,0,0,0,0,0,0,0,0,0,0,0,0,0,0,0
1.4563,0.3405,-0.8937,1,0,0,0,0,0.87917,1.1611,0.4033,-1,0.96572,0.1877,-0.026137,0,0,0,1.5136,1.4563,-0.99132,-0.57613,0.88535,1.2101,1.2796,0.92752,0.13857,3.6502e-07,9999,1,-1,1074.2,8.5938,0.12089,0,0,0,0,0,0,0,0,1,0.60529,0.54185,-0.20507,0,0,0,0,0,10,0.13857,3.6502e-07,9999,-1,1074.2,8.5938,0.12089,0.60529,0.54185,-0.20507,-6,0.016622,1.4563,1,0.99132,0.91782,1,0.1877,0.74404,0,0,0,0,0,0,0,1
1.7038,0,-0.93103,1,0,0,0,0,0.24681,0.1888,0.3033,-1,7.498e-05,9.9862e-06,-1.6372e-06,1,0,0,1.323,999,999,999,2.6059,0.39442,0.19302,0.70362,0.12714,1.2291e-06,9999,1,-1,0,10.156,0.1156,0,0,0,0,0,0,0,0,1,1.7038,0.99943,-0.72258,0,0,0,0,0,10,0.12714,1.2291e-06,9999,-1,0,10.156,0.1156,1.7038,0.99943,-0.72258,-2,0.0084408,1.7038,1,0.99943,0.56344,1,9.9862e-06,0.44861,0,0,0,0,0,0,0,1
0.33057,2.4102,-0.86025,-1,0,0,0,0,1.1064,1.0422,0.37206,-1,-0.97557,-0.068608,3.9219e-05,1,0,0,1.3319,-1.1064,0.98994,-0.78011,0.48724,1.4645,0.54102,0.84296,0.11021,1.2166e-06,9999,0,1,0,25.391,0.078838,0,0,0,0,0,0,0,0,1,1.1064,0.98994,-0.81834,0,0,0,0,0,10,0.11021,1.2166e-06,9999,1,0,25.391,0.078838,1.1064,0.98994,-0.81834,2,0.0019326,1.1064,-1,0.98994,0.69164,-1,-0.97557,-0.67934,0.33057,2.4102,-0.86025,-1,1,0.013039,0.36209,0
0,0,0,0,0,0,0,0,0.61537,0.85916,-0.54583,1,0.99445,-0.96849,-0.060672,2,0,0,1.2155,999,999,999,0.46646,0.81821,0.63337,0,0,0,0,0,0,0,0,0,0,0,0,0,0,0,0,0,0,0,0,0,0,0,0,0,0,0,0,0,0,0,0,0,0,0,0,0,0,0.075625,0.5495,-1,0.47998,0,0,0,0,0,0,0,0,0,0,0,1
0,0,0,0,2.1171,0.47225,-0.97682,1,0.46005,0.39106,0.28781,-1,0.041099,-0.014446,3.6565e-06,0,0,0,2.1726,999,999,999,2.4217,0.75385,0.3151,0,0,0,0,0,0,0,0,0,0,0,0,0,0,0,0,0,0,0,0,0,0,0,0,0,0,0,0,0,0,0,0,0,0,0,0,0,0,0.0067772,2.1171,1,0.99072,0,0,0,0,0,0,0,0,0,0,0,1
0,0,0,0,0,0,0,0,0.42016,0.25364,0.75104,-1,-0.95461,0.00023803,-1.0538e-06,1,0,0,0.39085,999,999,999,0.56092,0.26706,0.31733,0,0,0,0,0,0,0,0,0,0,0,0,0,0,0,0,0,0,0,0,0,0,0,0,0,0,0,0,0,0,0,0,0,0,0,0,0,0,0,0,0,0,0,0,0,0,0,0,0,0,0,0,0,1
0,0,0,0,0,0,0,0,1.09,0.59179,-0.76775,-1,-0.14135,0.00061052,-0.00021638,1,0,0,1.0359,-0.87879,-0.59983,-0.22544,1.7663,0.35542,0.68834,0,0,0,0,0,0,0,0,0,0,0,0,0,0,0,0,0,0,0,0,0,0,0,0,0,0,0,0,0,0,0,0,0,0,0,0,0,0,0.0040029,0.87879,-1,0.59983,0,0,0,0,0,0,0,0,0,0,0,0
2.0282,0,-0.74019,-1,0,0,0,0,1.198,0.43848,-0.043468,-1,-0.72655,-6.7973e-05,5.1147e-07,0,0,0,2.0968,-2.0282,0.95914,-0.63358,1.5682,2.9362,0.20552,0.96199,0.13102,3.6425e-07,9999,1,1,927.73,11.133,0.12023,0,0,0,0,0,0,0,0,1,2.0282,0.95914,-0.99019,0,0,0,0,0,10,0.13102,3.6425e-07,9999,1,927.73,11.133,0.12023,2.0282,0.95914,-0.99019,2,0.0061351,2.0282,-1,0.95914,0.64267,-1,-0.72655,-0.83386,0,0,0,0,0,0,0,0
0,0,0,0,1.7657,0,0.97654,1,1.0214,1.4214,-0.68368,1,0.92254,0.061862,-1.329e-05,0,0,0,1.9886,1.7657,-0.99992,-0.82388,1.5557,1.7986,0.41967,0,0,0,0,0,0,0,0,0,0,0,0,0,0,0,0,0,0,0,0,0,0,0,0,0,0,0,0,0,0,0,0,0,0,0,0,0,0,0.0042732,1.7657,1,0.99992,0,0,0,0,0,0,0,0,0,0,0,1
1.1348,0,-0.091137,1,0,0,0,0,0,0,0,0,0.023195,0,0,0,0,0,1.1167,999,999,999,1.2201,0,0,0,0,0,0,0,0,0,0,0,0,0,0,0,0,0,0,0,0,0,0,0,0,0,0,0,0,0,0,0,0,0,0,0,0,0,0,0,0,0.00063966,1.1348,1,0.89222,0,0,0,0,0,0,0,0,0,0,0,1
0.51217,0.43042,-0.83883,-1,0,0,0,0,0,0,0,0,-0.043345,0,0,0,0,0,0.50023,999,999,999,0.62565,0,0,0,0,0,0,0,0,0,0,0,0,0,0,0,0,0,0,0,0,0,0,0,0,0,0,0,0,0,0,0,0,0,0,0,0,0,0,0,0,0.024015,0.51217,-1,0.78713,0,0,0,0,0.51217,0.43042,-0.83883,-1,1,0.024015,0.78713,1
0,0,0,0,1.4528,0,-0.079416,1,0.24069,0,-0.3586,-1,0.99999,-0.0010426,0.00021049,1,0,0,1.3855,1.4528,0.90985,-0.73242,0.23546,0.43009,0.79635,0.74491,0.24069,9.1828e-07,9999,1,-1,620.12,3.9551,0.30011,0,0,0,0,0,0,0,0,1,1.4528,0.90985,-0.63171,0,0,0,0,0,10,0.24069,9.1828e-07,9999,-1,620.12,3.9551,0.30011,1.4528,0.90985,-0.63171,-5,0.0036009,1.4528,1,0.90985,0.15212,1,0.99999,0.00073682,0,0,0,0,0,0,0,1
0,0,0,0,0,0,0,0,0.57312,0.21541,-0.21017,1,0.99802,-1.9213e-05,3.7619e-06,1,0,0,0.78524,999,999,999,0.51581,0.4557,0.31724,0.92918,0.16407,6.6104e-07,9999,1,-1,483.4,4.1016,0.25236,0,0,0,0,0,0,0,0,1,999,999,999,0,0,0,0,0,0,0,0,0,0,0,0,0,0,0,0,0,0.00019944,0.61295,-1,0.88439,0.25748,1,0.99802,0.65423,0,0,0,0,0,0,0,1
0,0,0,0,0,0,0,0,0.28087,1.2145,-0.95945,-1,0.00017702,-3.2649e-05,-4.5289e-06,0,0,0,0.55164,999,999,999,0.18206,0.51928,0.45095,0,0,0,0,0,0,0,0,0,0,0,0,0,0,0,0,0,0,0,0,0,0,0,0,0,0,0,0,0,0,0,0,0,0,0,0,0,0,0.0080102,0.50565,-1,0.66524,0,0,0,0,0,0,0,0,0,0,0,1
0,0,0,0,0,0,0,0,0.7269,0.68371,0.65331,1,-0.58113,0.0015742,0.0012218,2,0,0,1.2577,999,999,999,1.4878,0.59368,0.9337,0.99031,0.17138,6.8436e-07,9999,0,1,537.11,3.7109,0.25794,0,0,0,0,0,0,0,0,1,999,999,999,0,0,0,0,0,10,0.12366,5.1086e-07,9999,-1,620.12,5.4688,0.20528,0.83244,0.78709,-0.33154,-6,0.022578,0.83244,1,0.78709,0.83489,-1,-0.58113,-0.84909,0,0,0,0,0,0,0,0
0,0,0,0,0,0,0,0,0.68585,0.78043,-0.84359,-1,-0.97536,4.9423e-05,-7.0455e-07,1,0,0,0.67066,999,999,999,1.0864,0.52886,0.26251,0.83224,0.10587,4.6857e-07,9999,1,1,830.08,3.8086,0.18669,0,0,0,0,0,0,0,0,1,0.68585,0.73664,-0.31664,0,0,0,0,0,10,0.10587,4.6857e-07,9999,1,830.08,3.8086,0.18669,0.68585,0.73664,-0.31664,4,0.00069796,0.68585,-1,0.73664,-0.31664,-1,-0.97536,-0.68159,0,0,0,0,0,0,0,0
0,0,0,0,0,0,0,0,1.495,0.035679,-0.52446,-1,-0.23608,0.00015824,8.9034e-05,0,0,0,1.282,999,999,999,2.2571,0.37113,0.74013,0.17846,0.1009,4.1982e-07,9999,1,-1,878.91,7.0312,0.16031,0,0,0,0,0,0,0,0,1,999,999,999,0,0,0,0,0,0,0,0,0,0,0,0,0,0,0,0,0,0.014711,1.495,-1,0.73839,0.91419,1,8.9034e-05,0.40768,0,0,0,0,0,0,0,1
0,0,0,0,0,0,0,0,0.82448,0.90477,-0.63413,1,0.00080835,-7.4815e-06,-5.3341e-07,0,0,0,0.62866,999,999,999,0.56733,0.3705,0.21397,0.61661,0.17206,3.9433e-07,9999,1,1,400.39,7.9102,0.14359,0,0,0,0,0,0,0,0,1,999,999,999,0,0,0,0,0,10,0.23016,5.3341e-07,9999,-1,625,4.8828,0.21397,0.82448,0.5494,-0.18252,-0,0.0022023,0.82448,1,0.5494,0.50269,-1,-7.4815e-06,-0.059458,0,0,0,0,0,0,0,0
0,0,0,0,0,0,0,0,0.88061,0.26649,0.52321,1,0.97389,-0.14375,0.00019131,1,0,0,1,0.88061,-0.93553,-0.75032,0.84913,1.2998,0.69582,0.46465,0.16948,3.9743e-07,9999,1,-1,888.67,7.4219,0.14575,0,0,0,0,0,0,0,0,1,0.88061,0.93553,-0.3241,0,0,0,0,0,10,0.16948,3.9743e-07,9999,-1,888.67,7.4219,0.14575,0.88061,0.93553,-0.3241,-6,0.0080742,0.88061,1,0.93553,0.66444,1,0.97389,0.040445,0,0,0,0,0,0,0,1
1.8865,0.58068,0.46756,1,0,0,0,0,1.3907,1.3641,-0.48144,-1,0.40851,-0.022921,-0.00028839,0,0,0,2.5168,999,999,999,0.77009,1.4017,0.85835,0,0,0,0,0,0,0,0,0,0,0,0,0,0,0,0,0,0,0,0,0,0,0,0,0,0,0,0,0,0,0,0,0,0,0,0,0,0,0.02655,1.8865,1,0.96596,0,0,0,0,0,0,0,0,0,0,0,1
0,0,0,0,0,0,0,0,0.53854,1.641,-0.77323,-1,-0.00079744,-5.9281e-07,0,0,0,0,0.48972,999,999,999,0.76267,0.23377,0,0.32094,0.15273,5.9281e-07,9999,1,-1,478.52,5.0781,0.23377,0,0,0,0,0,0,0,0,1,999,999,999,0,0,0,0,0,0,0,0,0,0,0,0,0,0,0,0,0,0.019452,0.53854,-1,0.97287,0,0,0,0,0,0,0,0,0,0,0,1
0,0,0,0,0,0,0,0,1.1001,0.33794,0.57404,-1,0.94939,-0.85137,-0.018711,0,0,0,1.3688,999,999,999,0.9942,0.95808,0.87891,0,0,0,0,0,0,0,0,0,0,0,0,0,0,0,0,0,0,0,0,0,0,0,0,0,0,0,0,0,0,0,0,0,0,0,0,0,0,0.0014369,1.1001,-1,0.68048,0,0,0,0,0,0,0,0,0,0,0,0
0,0,0,0,0,0,0,0,0.63514,0.27386,0.16131,-1,0.011948,-0.00035009,6.0638e-07,0,0,0,0.7227,999,999,999,0.74871,0.66337,0.23777,0,0,0,0,0,0,0,0,0,0,0,0,0,0,0,0,0,0,0,0,0,0,0,0,0,0,0,0,0,0,0,0,0,0,0,0,0,0,0.0024974,0.63514,-1,0.64464,0,0,0,0,0,0,0,0,0,0,0,0
0,0,0,0,0,0,0,0,0.72196,1.5752,-0.83379,1,-0.93358,0.86754,-0.013993,2,0,0,1.2243,999,999,999,0.69002,0.22775,0.81225,0.35124,0.089108,1.2129e-06,9999,1,-1,0,15.234,0.10258,0,0,0,0,0,0,0,0,1,0.50432,0.99083,-0.36284,0,0,0,0,0,10,0.089108,1.2129e-06,9999,-1,0,15.234,0.10258,0.50432,0.99083,-0.36284,-9,0.021305,0.72196,1,0.89363,0.32952,1,0.86754,0.50791,0,0,0,0,0,0,0,1
0.51387,0.23125,0.70857,1,0,0,0,0,0.61402,1.0944,-0.3949,-1,0.00028075,4.4769e-05,-2.1351e-05,0,0,0,0.91705,999,999,999,0.64912,0.54506,0.467,0.86116,0.14174,4.7513e-07,9999,1,-1,527.34,4.8828,0.1898,0,0,0,0,0,0,0,0,1,0.51387,0.48122,-0.83485,0,0,0,0,0,10,0.14174,4.7513e-07,9999,-1,527.34,4.8828,0.1898,0.51387,0.48122,-0.83485,-0,0.01594,0.51387,1,0.48122,0.82142,1,4.4769e-05,0.58263,0.51387,0.23125,0.70857,1,1,0.01594,0.48122,0
0,0,0,0,0,0,0,0,0.20428,1.0149,-0.53763,1,-0.99488,-5.6116e-06,2.5696e-06,2,1,0.49383,0.61692,999,999,999,0.60266,0.34777,0.28859,0.35465,0.0999,1.4637e-06,9999,0,-1,0,5.1758,0.17207,0,0,0,0,0,0,0,0,1,999,999,999,0,0,0,0,0,0,0,0,0,0,0,0,0,0,0,0,0,0,0,0,0,-0.48326,-1,-0.99488,-0.015483,0,0,0,0,0,0,0,1
0,0,0,0,0,0,0,0,1.0657,0.90489,-0.69509,1,0.10326,0.039872,-6.0243e-05,0,0,0,1.549,999,999,999,1.1877,1.7154,0.57783,0,0,0,0,0,0,0,0,0,0,0,0,0,0,0,0,0,0,0,0,0,0,0,0,0,0,0,0,0,0,0,0,0,0,0,0,0,0,0.02358,1.1291,1,0.77601,0,0,0,0,0,0,0,0,0,0,0,1
0,0,0,0,0,0,0,0,1.3222,0.47638,-0.44508,1,-0.95095,0.023751,-0.01643,0,0,0,1.4995,999,999,999,1.3154,1.5986,0.88298,0,0,0,0,0,0,0,0,0,0,0,0,0,0,0,0,0,0,0,0,0,0,0,0,0,0,0,0,0,0,0,0,0,0,0,0,0,0,0.021641,1.3222,1,0.88188,0,0,0,0,0,0,0,0,0,0,0,0
0,0,0,0,0,0,0,0,0.71148,0.60027,-0.5128,1,-0.97335,0.00044472,-1.7272e-05,0,0,0,0.86473,999,999,999,0.69852,1.0481,0.44461,0,0,0,0,0,0,0,0,0,0,0,0,0,0,0,0,0,0,0,0,0,0,0,0,0,0,0,0,0,0,0,0,0,0,0,0,0,0,0.018309,0.71148,1,0.3597,0,0,0,0,0,0,0,0,0,0,0,1
1.2061,0.69679,-0.91326,-1,0,0,0,0,0.85038,0.79036,0.94159,-1,-0.093971,-0.0069075,0.00052545,3,0,0,1.3907,-0.85038,0.98117,-0.91804,1.0351,1.0583,0.51129,0.41319,0.15301,3.5584e-07,9999,0,-1,1025.4,8.1055,0.11283,0,0,0,0,0,0,0,0,1,999,999,999,0,0,0,0,0,10,0.1706,7.3701e-07,9999,1,444.34,3.7109,0.2694,1.2061,0.97462,-0.39296,5,0.045733,1.2061,-1,0.97462,0.15597,1,0.00052545,0.09314,0.29692,1.4317,-0.87535,1,2,0.24336,0.96547,1
0,0,0,0,0,0,0,0,0.95908,1.9449,-0.70468,-1,0.98932,-0.034145,0.00039228,5,0,0,1.1685,999,999,999,0.69305,1.2791,0.40692,0.99414,0.16895,4.952e-07,9999,1,-1,576.17,5.5176,0.19878,0,0,0,0,0,0,0,0,1,999,999,999,0,0,0,0,0,10,0.20027,4.1032e-07,9999,1,830.08,5.9082,0.15436,0.95908,0.88534,-0.20726,0,0.0038539,0.95908,-1,0.88534,0.16839,1,0.98932,0.86565,0,0,0,0,0,0,0,1
0,0,0,0,0,0,0,0,0.88927,1.7977,-0.99278,1,-0.99674,0.27685,0.00060394,0,0,0,1.4318,-0.6987,0.95962,-0.14965,0.55259,1.2803,0.66751,0,0,0,0,0,0,0,0,0,0,0,0,0,0,0,0,0,0,0,0,0,0,0,0,0,0,0,0,0,0,0,0,0,0,0,0,0,0,0.0093494,0.88927,1,0.72984,0,0,0,0,0,0,0,0,0,0,0,0
0,0,0,0,0,0,0,0,0.83743,0.76843,0.25973,1,5.0069e-05,-1.6048e-05,1.3072e-05,1,0,0,0.68099,999,999,999,0.5902,0.43751,0.52448,0,0,0,0,0,0,0,0,0,0,0,0,0,0,0,0,0,0,0,0,0,0,0,0,0,0,0,0,0,0,0,0,0,0,0,0,0,0,0.0068786,0.83743,1,0.69198,0,0,0,0,0,0,0,0,0,0,0,0
0,0,0,0,1.9719,0.14999,0.48327,1,1.14,1.641,-0.25905,-1,0.43709,-0.046235,-0.029315,1,1,0.4991,2.3672,1.9719,-0.99239,-0.89115,0.94885,1.0913,1.48,0,0,0,0,0,0,0,0,0,0,0,0,0,0,0,0,0,0,0,0,0,0,0,0,0,0,0,0,0,0,0,0,0,0,0,0,0,0,0.073695,1.9719,1,0.99239,0,0,0,0,0,0,0,0,0,0,0,0
0,0,0,0,0,0,0,0,2.57,0,-0.80832,1,0.1001,0.046127,-0.0001786,0,1,0.49937,2.1993,1.5196,0.51381,-0.05544,2.0423,2.4241,0.42814,0,0,0,0,0,0,0,0,0,0,0,0,0,0,0,0,0,0,0,0,0,0,0,0,0,0,0,0,0,0,0,0,0,0,0,0,0,0,0.0021518,2.57,1,0.88007,0,0,0,0,0,0,0,0,0,0,0,1
0,0,0,0,0,0,0,0,0.5499,0.52303,-0.13527,-1,0.99961,-0.99886,3.0858e-05,1,0,0,0.73667,999,999,999,0.41182,0.4765,0.51158,0.52173,0.053361,1.211e-06,9999,0,-1,0,11.328,0.099423,0,0,0,0,0,0,0,0,1,0.57522,0.81635,-0.1521,0,0,0,0,0,10,0.053361,1.211e-06,9999,-1,0,11.328,0.099423,0.57522,0.81635,-0.1521,-5,0.0081618,0.5499,-1,0.84662,0.78481,1,0.99961,0.77195,0,0,0,0,0,0,0,1
0,0,0,0,0,0,0,0,1.3007,1.2747,-0.5795,-1,-0.99105,0.020662,-6.4355e-05,0,0,0,1.6838,-1.3007,-0.55588,-0.26251,0.59813,1.2749,1.8804,0,0,0,0,0,0,0,0,0,0,0,0,0,0,0,0,0,0,0,0,0,0,0,0,0,0,0,0,0,0,0,0,0,0,0,0,0,0,0.0040327,1.3007,-1,0.55588,0,0,0,0,0,0,0,0,0,0,0,0
0,0,0,0,0,0,0,0,0.84274,0,-0.22103,-1,-0.9536,-4.4603e-05,3.2922e-05,1,0,0,1.158,-0.84274,-0.6496,-0.15909,0.98774,0.56911,0.5205,0.24056,0.12564,1.6597e-06,9999,1,1,0,7.6172,0.19528,0,0,0,0,0,0,0,0,1,0.84274,0.6496,-0.17809,0,0,0,0,0,10,0.12564,1.6597e-06,9999,1,0,7.6172,0.19528,0.84274,0.6496,-0.17809,5,0.019674,0.90446,-1,0.77761,0.59484,-1,-0.9536,-0.22557,0,0,0,0,0,0,0,0
0,0,0,0,0,0,0,0,1.0589,0.51915,-0.4314,-1,0.99865,-0.0038209,5.719e-05,0,0,0,1.268,999,999,999,0.4873,1.1437,0.61906,0.28846,0.18859,5.2788e-07,9999,1,-1,522.46,3.9062,0.2119,0,0,0,0,0,0,0,0,1,999,999,999,0,0,0,0,0,0,0,0,0,0,0,0,0,0,0,0,0,0.019713,1.0589,-1,0.99383,0.76166,1,0.99865,0.0016053,0,0,0,0,0,0,0,1
1.1107,0.62899,-0.98114,1,0,0,0,0,0.16175,1.076,-0.76185,-1,0.0002196,-2.3872e-06,1.1272e-06,1,0,0,0.88468,999,999,999,0.87273,0.24411,0.32528,0.64829,0.13881,2.3872e-06,9999,0,-1,0,5.6152,0.24411,0,0,0,0,0,0,0,0,1,1.1107,0.98865,-0.64627,0,0,0,0,0,10,0.13881,2.3872e-06,9999,-1,0,5.6152,0.24411,1.1107,0.98865,-0.64627,-2,0.043063,1.1107,1,0.98865,0.85519,1,1.1272e-06,0.29115,0,0,0,0,0,0,0,1
0,0,0,0,0,0,0,0,1.3181,1.4792,-0.45644,1,-0.96963,0.96798,-0.95584,0,0,0,1.3123,-0.58624,0.6409,-0.64584,0.52712,2.0308,0.8149,0.96473,0.14427,1.3015e-06,9999,1,1,0,5.5176,0.14169,0,0,0,0,0,0,0,0,1,0.58624,0.6409,-0.80993,0,0,0,0,0,10,0.14427,1.3015e-06,9999,1,0,5.5176,0.14169,0.58624,0.6409,-0.80993,2,0.0077323,1.3181,1,0.9658,0.94462,-1,-0.96963,-0.82586,0,0,0,0,0,0,0,0
0,0,0,0,0,0,0,0,0.94033,0.83356,-0.55745,1,0.00093769,-3.2958e-05,3.6343e-06,0,0,0,1.0754,999,999,999,0.92238,0.52066,0.31464,0,0,0,0,0,0,0,0,0,0,0,0,0,0,0,0,0,0,0,0,0,0,0,0,0,0,0,0,0,0,0,0,0,0,0,0,0,0,0.011217,0.94033,1,0.84846,0,0,0,0,0,0,0,0,0,0,0,0
0,0,0,0,0,0,0,0,1.2832,1.0128,-0.66433,1,0.98225,0.018584,-0.0024078,1,0,0,1.5521,1.2832,-0.71858,-0.59322,0.71639,1.5893,1.7512,0,0,0,0,0,0,0,0,0,0,0,0,0,0,0,0,0,0,0,0,0,0,0,0,0,0,0,0,0,0,0,0,0,0,0,0,0,0,0.013875,1.2832,1,0.71858,0,0,0,0,0,0,0,0,0,0,0,0
0,0,0,0,0,0,0,0,0.66586,0.54942,0.15771,1,0.00010597,-8.3919e-07,-5.5026e-07,0,0,0,0.72329,999,999,999,0.71953,0.28806,0.22,0.34771,0.21924,5.5026e-07,9999,1,-1,512.7,3.6621,0.22,0,0,0,0,0,0,0,0,1,0.66586,0.82084,-0.7643,0,0,0,0,0,10,0.21924,5.5026e-07,9999,-1,512.7,3.6621,0.22,0.66586,0.82084,-0.7643,-8,0.023883,0.66586,1,0.82084,-0.7643,1,0.00010597,0.00057095,0,0,0,0,0,0,0,1
0,0,0,0,0,0,0,0,0.43672,0.20485,0.80454,-1,-0.9817,0.97853,0.00011349,0,0,0,1.1257,999,999,999,0.66389,0.91722,0.83065,0.54189,0.2256,4.0389e-07,9999,1,-1,751.95,8.6914,0.15014,0,0,0,0,0,0,0,0,1,999,999,999,0,0,0,0,0,0,0,0,0,0,0,0,0,0,0,0,0,0.0058158,0.71988,1,0.90363,0.13034,1,0.97853,0.00062256,0,0,0,0,0,0,0,0
0,0,0,0,0,0,0,0,0.45947,0.54029,-0.49358,-1,-0.00027353,4.3329e-05,-7.4343e-06,1,0,0,0.66709,999,999,999,0.51542,0.56381,0.36999,0,0,0,0,0,0,0,0,0,0,0,0,0,0,0,0,0,0,0,0,0,0,0,0,0,0,0,0,0,0,0,0,0,0,0,0,0,0,0,0,0,0,0,0,0,0,0,0,0,0,0,0,0,0
0,0,0,0,0,0,0,0,1.2336,0.48666,-0.29897,-1,-0.86688,3.91e-06,4.2753e-07,0,0,0,0.91159,999,999,999,0.89944,0.32015,0.16492,0,0,0,0,0,0,0,0,0,0,0,0,0,0,0,0,0,0,0,0,0,0,0,0,0,0,0,0,0,0,0,0,0,0,0,0,0,0,0.0067181,1.2336,-1,0.9635,0,0,0,0,0,0,0,0,0,0,0,0
0,0,0,0,0,0,0,0,1.1933,0.61472,-0.82732,-1,-0.9694,0.006945,-1.1696e-05,4,1,0.50115,1.2741,999,999,999,1.748,0.61896,0.40815,0.7646,0.089875,3.5448e-07,9999,0,-1,1523.4,9.375,0.11158,0,0,0,0,0,0,0,0,1,0.81665,0.5515,-0.46472,0,0,0,0,0,10,0.089875,3.5448e-07,9999,-1,1523.4,9.375,0.11158,0.81665,0.5515,-0.46472,-6,0.0092303,1.1933,-1,0.9385,0.24526,-1,-0.9694,-0.59724,0,0,0,0,0,0,0,0
0,0,0,0,0.83767,1.4331,-0.17492,-1,0.59563,0.65886,0.8719,-1,-0.94121,-0.010516,3.3406e-05,0,0,0,1.2796,-0.59563,-0.72156,-0.97975,1.4271,1.2325,0.52086,0.72609,0.17911,4.5207e-06,9999,0,-1,0,3.3203,0.30579,0,0,0,0,0,0,0,0,1,0.68192,0.42399,-0.066436,0,0,0,0,0,10,0.17911,4.5207e-06,9999,-1,0,3.3203,0.30579,0.68192,0.42399,-0.066436,-0,0.0078804,0.90773,-1,0.82115,0.72356,-1,-0.94121,-0.014128,0,0,0,0,0,0,0,0
0.2452,1.9286,-0.60769,1,0,0,0,0,1.4974,0.61362,-0.89798,1,-0.99994,0.00034619,1.866e-06,1,0,0,1.4244,999,999,999,0.28771,2.0517,0.37761,0.99245,0.14544,5.8811e-07,9999,0,1,100.1,5.957,0.23234,0,0,0,0,0,0,0,0,1,999,999,999,0,0,0,0,0,10,0.12817,5.0648e-07,9999,-1,527.34,5.0781,0.2035,1.4974,0.97908,-0.19953,-5,0.003491,1.4974,1,0.97908,0.78947,-1,-0.99994,-0.73588,0.2452,1.9286,-0.60769,1,1,0.297,0.76023,0
0,0,0,0,0,0,0,0,1.1282,0.89309,-0.10872,-1,-0.032807,0.00050482,1.0588e-06,0,0,0,1.2118,999,999,999,1.6394,0.95248,0.31789,0.91658,0.13571,3.663e-07,9999,1,-1,1054.7,9.1797,0.12198,0,0,0,0,0,0,0,0,1,0.74784,0.924,-0.75485,0,0,0,0,0,10,0.13571,3.663e-07,9999,-1,1054.7,9.1797,0.12198,0.74784,0.924,-0.75485,-4,0.0066332,1.1282,-1,0.68736,-0.63625,1,1.0588e-06,0.72576,0,0,0,0,0,0,0,1
0,0,0,0,0,0,0,0,1.6854,0.2583,-0.41821,-1,-0.28258,0.00057656,-0.00016739,0,0,0,1.7481,-0.5838,-0.85337,-0.82971,2.3128,0.9346,0.67164,0,0,0,0,0,0,0,0,0,0,0,0,0,0,0,0,0,0,0,0,0,0,0,0,0,0,0,0,0,0,0,0,0,0,0,0,0,0,0.010831,1.6854,-1,0.98372,0,0,0,0,0,0,0,0,0,0,0,0
0,0,0,0,0,0,0,0,1.7328,1.0549,-0.25019,-1,0.16392,0.0013415,-0.0001456,0,0,0,2.2476,999,999,999,2.4503,0.94079,1.5266,0,0,0,0,0,0,0,0,0,0,0,0,0,0,0,0,0,0,0,0,0,0,0,0,0,0,0,0,0,0,0,0,0,0,0,0,0,0,0.0015323,1.7386,1,0.96767,0,0,0,0,0,0,0,0,0,0,0,0
0,0,0,0,1.5026,0,0.22344,-1,0,0,0,0,0.015579,0.00070333,-0.00017566,1,0,0,1.5627,999,999,999,0.9041,0.57823,2.1346,0,0,0,0,0,0,0,0,0,0,0,0,0,0,0,0,0,0,0,0,0,0,0,0,0,0,0,0,0,0,0,0,0,0,0,0,0,0,0.022121,1.5026,-1,0.98455,0,0,0,0,0,0,0,0,0,0,0,0
0.39761,0.062324,-0.75167,1,0,0,0,0,0.6231,0.062324,-0.99342,-1,0.0011579,-0.00049957,-4.6154e-05,1,0,0,0.88231,999,999,999,0.83282,0.59698,0.57517,0,0,0,0,0,0,0,0,0,0,0,0,0,0,0,0,0,0,0,0,0,0,0,0,0,0,0,0,0,0,0,0,0,0,0,0,0,0,0.013954,0.6231,-1,0.98835,0,0,0,0,0.39761,0.062324,-0.75167,1,1,0.012208,0.78447,1
0,0,0,0,0,0,0,0,1.0559,1.7824,-0.15673,1,0.065073,-0.00017236,-4.6042e-05,2,0,0,1.3492,999,999,999,0.93209,0.95006,0.50573,0.85375,0.073956,1.2683e-06,9999,1,-1,0,10.156,0.13206,0,0,0,0,0,0,0,0,1,1.0559,0.95877,-0.92619,0,0,0,0,0,10,0.073956,1.2683e-06,9999,-1,0,10.156,0.13206,1.0559,0.95877,-0.92619,-0,0.022585,1.0559,1,0.95877,-0.92619,1,0.065073,0.75072,0,0,0,0,0,0,0,0
0,0,0,0,0,0,0,0,0.34403,0,0.80589,-1,0.96957,0.38208,-2.8913e-06,1,1,0.50026,0.80252,999,999,999,0.50277,0.65942,0.41593,0.13893,0.2067,4.24e-07,9999,1,1,820.31,4.5898,0.16284,0,0,0,0,0,0,0,0,1,999,999,999,0,0,0,0,0,0,0,0,0,0,0,0,0,0,0,0,0,0.0080979,0.70056,1,0.98601,0.10215,-1,-2.8913e-06,-0.00069377,0,0,0,0,0,0,0,1
0,0,0,0,0,0,0,0,1.2993,0,-0.87483,-1,-0.0051453,3.0585e-05,0,0,0,0,1.1845,999,999,999,1.9152,0.51039,0,0,0,0,0,0,0,0,0,0,0,0,0,0,0,0,0,0,0,0,0,0,0,0,0,0,0,0,0,0,0,0,0,0,0,0,0,0,0,0.0056996,1.2993,-1,0.99508,0,0,0,0,0,0,0,0,0,0,0,0
1.657,0.43934,-0.97179,-1,0,0,0,0,0.41658,0,0.057404,1,0.13029,-0.0038261,-2.021e-06,1,1,0.50214,1.6599,999,999,999,1.1337,1.5423,0.22389,0.053741,0.12156,2.021e-06,9999,0,-1,0,5.8594,0.22389,0,1,0,0,0,0,0,0,1,999,999,999,0,0,0,0,0,0,0,0,0,0,0,0,0,0,0,0,0,0.0097354,1.657,-1,0.84909,0.29736,1,0.13029,0.19868,0.76033,0,0.053008,1,2,0.010972,0.74296,0
0,0,0,0,0,0,0,0,0.98226,0.088823,-0.92241,1,0.97412,-0.35514,-0.029013,2,0,0,0.75024,999,999,999,0.49799,0.69433,0.64919,0,0,0,0,0,0,0,0,0,0,0,0,0,0,0,0,0,0,0,0,0,0,0,0,0,0,0,0,0,0,0,0,0,0,0,0,0,0,0.013064,0.98226,1,0.97337,0,0,0,0,0,0,0,0,0,0,0,1
0.57579,0.66558,0.21937,-1,0,0,0,0,0.60387,0.51655,-0.59351,-1,-0.00082237,-5.024e-05,3.5335e-06,1,0,0,0.86331,-0.60387,-0.99963,-0.9149,0.81632,0.59186,0.31252,0.46315,0.090014,1.2296e-06,9999,0,1,0,10.254,0.1159,0,0,0,0,0,0,0,0,1,0.60387,0.99963,-0.48304,0,0,0,0,0,10,0.090014,1.2296e-06,9999,1,0,10.254,0.1159,0.60387,0.99963,-0.48304,4,0.0016249,0.60387,-1,0.99963,0.63616,-1,-0.00082237,-0.54814,0.57579,0.66558,0.21937,-1,1,0.013865,0.90452,1
0,0,0,0,0,0,0,0,0.67325,1.5962,-0.95287,1,-0.99983,-0.21033,0.00021125,3,0,0,1.0845,999,999,999,0.33915,1.081,0.24365,0.76075,0.13227,3.5346e-07,9999,0,-1,1064.5,10.059,0.11064,0,0,0,0,0,0,0,0,1,999,999,999,0,0,0,0,0,10,0.17109,0.00021125,9999,1,693.36,0,0.24365,0.67203,0.68355,-0.23851,21,0.0077843,0.67325,1,0.91149,-0.93383,-1,-0.99983,-0.37629,0,0,0,0,0,0,0,0
0,0,0,0,0,0,0,0,0.37262,1.0134,-0.25121,1,0.79527,-5.99e-05,3.567e-05,0,0,0,0.63245,999,999,999,0.15271,0.59793,0.19834,0.53204,0.24781,3.567e-05,9999,1,1,625,12.109,0.19834,0,0,0,0,0,0,0,0,1,999,999,999,0,0,0,0,0,0,0,0,0,0,0,0,0,0,0,0,0,0.028696,0.50626,-1,0.78015,0.28248,-1,-5.99e-05,-0.00010858,0,0,0,0,0,0,0,1
0,0,0,0,0,0,0,0,0.66253,0.94591,-0.41218,1,-0.99807,0.00015903,4.8427e-05,0,0,0,1.2786,999,999,999,0.51478,0.90131,0.58469,0,0,0,0,0,0,0,0,0,0,0,0,0,0,0,0,0,0,0,0,0,0,0,0,0,0,0,0,0,0,0,0,0,0,0,0,0,0,0.00074626,0.66253,1,0.97617,0,0,0,0,0,0,0,0,0,0,0,0
0,0,0,0,0,0,0,0,0.71077,1.3452,-0.1644,-1,-0.029582,0.00034715,-6.4472e-06,1,0,0,0.8728,999,999,999,1.1069,0.67233,0.35863,0.79363,0.24013,6.4472e-06,9999,0,-1,664.06,4.6387,0.35863,0,0,0,0,0,0,0,0,1,999,999,999,0,0,0,0,0,0,0,0,0,0,0,0,0,0,0,0,0,0.009445,0.71077,-1,0.46939,0.29397,1,0.00034715,0.0015133,0,0,0,0,0,0,0,0
0,0,0,0,0,0,0,0,1.3984,0.63883,-0.46192,-1,-0.046675,-0.038353,4.4529e-05,1,1,0.49262,1.3669,999,999,999,1.9597,2.0675,0.56876,0,0,0,0,0,0,0,0,0,0,0,0,0,0,0,0,0,0,0,0,0,0,0,0,0,0,0,0,0,0,0,0,0,0,0,0,0,0,0.029247,1.3984,-1,0.68154,0,0,0,0,0,0,0,0,0,0,0,1
0,0,0,0,1.2411,0.11738,0.54162,1,0.77245,1.0613,-0.71405,-1,-0.1873,0.052251,0.00083567,1,0,0,1.3932,999,999,999,1.1374,1.1684,0.59509,0.85363,0.22479,3.5569e-06,9999,1,1,546.88,3.8574,0.31302,0,0,0,0,0,0,0,0,1,999,999,999,0,0,0,0,0,0,0,0,0,0,0,0,0,0,0,0,0,0.0062908,1.2411,1,0.99827,0.8632,-1,-0.1873,-0.017166,0,0,0,0,0,0,0,0
0,0,0,0,0,0,0,0,1.161,0.63376,0.95711,-1,-0.83715,0.039206,-0.025894,0,0,0,1.6965,-1.161,0.99337,-0.58757,0.57368,1.2162,1.2749,0.98385,0.058202,1.2093e-06,9999,1,1,0,12.891,0.093167,0,0,0,0,0,0,0,0,1,1.161,0.99337,-0.96152,0,0,0,0,0,10,0.058202,1.2093e-06,9999,1,0,12.891,0.093167,1.161,0.99337,-0.96152,2,0.0010516,1.161,-1,0.99337,0.67679,-1,-0.83715,-0.86767,0,0,0,0,0,0,0,0
0,0,0,0,0,0,0,0,0.53069,1.9062,-0.51449,-1,-0.99179,0.83145,-0.00010126,0,0,0,0.87072,-0.53069,0.81123,-0.2047,0.6682,0.8196,0.79186,0.16658,0.18096,4.8333e-07,9999,1,-1,693.36,4.6875,0.19356,0,0,0,0,0,0,0,0,1,999,999,999,0,0,0,0,0,0,0,0,0,0,0,0,0,0,0,0,0,0.00031216,0.53069,-1,0.81123,-0.034243,1,0.83145,0.0054976,0,0,0,0,0,0,0,0
0,0,0,0,0,0,0,0,0.53097,1.7572,-0.88911,1,0.011332,-6.4392e-06,6.065e-07,2,0,0,0.57198,999,999,999,0.78012,0.35853,0.2378,0,0,0,0,0,0,0,0,0,0,0,0,0,0,0,0,0,0,0,0,0,0,0,0,0,0,0,0,0,0,0,0,0,0,0,0,0,0,0,0,0,0,0,0,0,0,0,0,0,0,0,0,0,1
0,0,0,0,0,0,0,0,0.62909,1.4688,-0.83115,1,0.0011059,-1.1872e-06,0,0,0,0,0.6172,999,999,999,0.8482,0.22895,0,0.084815,0.22445,1.1872e-06,9999,1,-1,595.7,3.9062,0.22895,0,0,0,0,0,0,0,0,1,0.62909,0.9545,-0.051522,0,0,0,0,0,10,0.22445,1.1872e-06,9999,-1,595.7,3.9062,0.22895,0.62909,0.9545,-0.051522,-8,0.012731,0.62909,1,0.9545,-0.051522,1,0.0011059,0.00021334,0,0,0,0,0,0,0,1
0,0,0,0,2.0264,0,-0.27012,-1,1.8291,0.21479,-0.20744,-1,-0.9603,-7.6528e-05,1.2266e-06,2,0,0,2.5077,-2.0264,0.9723,-0.88585,2.0428,2.8996,0.071442,0.98574,0.16327,4.6722e-07,9999,1,1,722.66,5.0781,0.18604,0,0,0,0,0,0,0,0,1,2.0264,0.9723,-0.91935,0,0,0,0,0,10,0.16327,4.6722e-07,9999,1,722.66,5.0781,0.18604,2.0264,0.9723,-0.91935,2,0.002977,2.0264,-1,0.9723,0.9967,-1,-0.9603,-0.85214,0,0,0,0,0,0,0,0
0,0,0,0,0,0,0,0,0.79662,0.29545,0.48687,1,0.9868,-0.065644,5.0691e-05,0,0,0,1.2228,0.79662,-0.98975,-0.75228,0.67504,1.3692,0.59076,0,0,0,0,0,0,0,0,0,0,0,0,0,0,0,0,0,0,0,0,0,0,0,0,0,0,0,0,0,0,0,0,0,0,0,0,0,0,0.0053655,0.96927,-1,0.76246,0,0,0,0,0,0,0,0,0,0,0,1
0,0,0,0,0,0,0,0,0.49316,1.2435,-0.96132,-1,-0.96994,0.96192,2.3949e-05,0,0,0,0.67779,999,999,999,0.44082,0.37436,0.47991,0.9496,0.14543,6.4499e-07,9999,0,1,576.17,4.7363,0.24831,0,0,0,0,0,0,0,0,1,999,999,999,0,0,0,0,0,0,0,0,0,0,0,0,0,0,0,0,0,0,0,0,0,-0.97667,-1,-0.96994,-0.78485,0,0,0,0,0,0,0,0
1.182,0.42168,0.81191,1,0,0,0,0,0.21727,1.6037,-0.81392,-1,0.027651,-1.4951e-06,0,1,0,0,1.155,999,999,999,1.1876,0.35598,0,0.67885,0.21727,1.4951e-06,9999,0,-1,444.34,3.2227,0.35598,0,0,0,0,0,0,0,0,1,1.182,0.9426,-0.41462,0,0,0,0,0,10,0.21727,1.4951e-06,9999,-1,444.34,3.2227,0.35598,1.182,0.9426,-0.41462,-6,0.011028,1.182,1,0.9426,-0.41462,1,0.027651,0.003002,0,0,0,0,0,0,0,1
0,0,0,0,0,0,0,0,0.61585,0.78038,0.69033,1,0.95954,-5.2629e-05,0,0,0,0,0.7795,999,999,999,0.85291,0.51307,0,0,0,0,0,0,0,0,0,0,0,0,0,0,0,0,0,0,0,0,0,0,0,0,0,0,0,0,0,0,0,0,0,0,0,0,0,0,0,0.010143,0.61585,1,0.81625,0,0,0,0,0,0,0,0,0,0,0,1
0,0,0,0,0,0,0,0,0.95253,0.96454,-0.037682,-1,-0.99183,-0.96261,0.94042,0,0,0,1.6469,999,999,999,0.66791,0.87473,1.0882,0.86946,0.15683,4.2432e-07,9999,1,1,703.12,7.1289,0.16303,0,0,0,0,0,0,0,0,1,1.1102,0.91897,-0.97003,0,0,0,0,0,10,0.15683,4.2432e-07,9999,1,703.12,7.1289,0.16303,1.1102,0.91897,-0.97003,2,0.018419,1.1102,-1,0.91897,0.89309,-1,-0.96261,-0.50789,0,0,0,0,0,0,0,0
0,0,0,0,0,0,0,0,0.71339,1.0888,-0.86761,-1,-0.0011166,3.3849e-05,0,0,0,0,0.5705,999,999,999,0.43626,0.52189,0,0,0,0,0,0,0,0,0,0,0,0,0,0,0,0,0,0,0,0,0,0,0,0,0,0,0,0,0,0,0,0,0,0,0,0,0,0,0,0.0046706,0.71339,-1,0.537,0,0,0,0,0,0,0,0,0,0,0,1
0,0,0,0,0,0,0,0,0.95492,0.092282,-0.98384,-1,-0.051295,1.2557e-05,-1.2122e-06,1,0,0,1.0353,999,999,999,1.1621,0.4145,0.10156,0.9847,0.072532,1.2122e-06,9999,0,-1,0,11.23,0.10156,0,0,0,0,0,0,0,0,1,999,999,999,0,0,0,0,0,0,0,0,0,0,0,0,0,0,0,0,0,0.013604,0.95492,-1,0.96467,0.93498,1,1.2557e-05,0.87416,0,0,0,0,0,0,0,1
0,0,0,0,0,0,0,0,0.42342,2.0008,-0.92981,-1,0.0016842,0.0012065,4.4431e-05,3,1,0.49663,0.90939,999,999,999,0.64623,0.4286,0.50262,0.40937,0.16642,3.4741e-07,9999,1,-1,1425.8,10.645,0.10493,0,0,0,0,0,0,0,0,1,999,999,999,0,0,0,0,0,0,0,0,0,0,0,0,0,0,0,0,0,0.021995,0.59816,1,0.73253,0.41854,1,0.0012065,0.040771,0,0,0,0,0,0,0,0
0,0,0,0,0,0,0,0,1.1023,0.77272,-0.22181,-1,-0.99744,0.1036,-0.07468,0,0,0,1.6308,-1.1023,0.97999,-0.64739,0.53781,1.2057,1.48,0,0,0,0,0,0,0,0,0,0,0,0,0,0,0,0,0,0,0,0,0,0,0,0,0,0,0,0,0,0,0,0,0,0,0,0,0,0,0.001557,1.1023,-1,0.97999,0,0,0,0,0,0,0,0,0,0,0,0
0,0,0,0,0.89109,0.17809,-0.44957,-1,0.5042,0.84415,-0.962,1,-0.072328,2.2425e-05,6.8824e-06,0,0,0,0.9262,999,999,999,1.3488,0.46359,0.36381,0.89012,0.24564,3.6959e-06,9999,1,-1,0,3.7598,0.28816,0,0,0,0,0,0,0,0,1,0.51311,0.36729,-0.5977,0,0,0,0,0,10,0.24564,3.6959e-06,9999,-1,0,3.7598,0.28816,0.51311,0.36729,-0.5977,-0,0.018023,0.89109,-1,0.82526,-0.36221,1,2.2425e-05,0.0064701,0,0,0,0,0,0,0,0
0,0,0,0,0,0,0,0,0.61921,0,0.10239,1,0.015869,0.00022353,0.00013954,1,0,0,1.1161,1.0201,-0.88272,-0.45372,0.78504,0.25543,0.91512,0,0,0,0,0,0,0,0,0,0,0,0,0,0,0,0,0,0,0,0,0,0,0,0,0,0,0,0,0,0,0,0,0,0,0,0,0,0,0.024912,1.0201,1,0.88272,0,0,0,0,0,0,0,0,0,0,0,1
0,0,0,0,0,0,0,0,0.50363,0.34725,-0.0025031,1,-0.43441,0.0001834,-2.107e-05,2,0,0,0.60976,999,999,999,1.0515,0.20189,0.46556,0,0,0,0,0,0,0,0,0,0,0,0,0,0,0,0,0,0,0,0,0,0,0,0,0,0,0,0,0,0,0,0,0,0,0,0,0,0,0.015761,0.50363,1,0.349,0,0,0,0,0,0,0,0,0,0,0,1
0,0,0,0,1.9341,0.055629,-0.79783,-1,0.20539,0.73643,0.59176,1,-0.037667,7.8296e-07,0,0,0,0,1.9334,999,999,999,2.1664,0.2783,0,0.90288,0.20539,7.8296e-07,9999,1,1,439.45,3.6133,0.2783,0,0,0,0,0,0,0,0,1,1.9341,0.98634,-0.95809,0,0,0,0,0,10,0.20539,7.8296e-07,9999,1,439.45,3.6133,0.2783,1.9341,0.98634,-0.95809,2,0.017197,1.9341,-1,0.98634,-0.95809,-1,-0.037667,-0.17068,0,0,0,0,0,0,0,0
0.79925,1.0789,-0.89885,1,0,0,0,0,1.1643,0.60109,-0.81646,-1,-0.95895,0.085623,-7.9495e-06,0,0,0,1.4149,999,999,999,1.6045,0.9928,0.37542,0,0,0,0,0,0,0,0,0,0,0,0,0,0,0,0,0,0,0,0,0,0,0,0,0,0,0,0,0,0,0,0,0,0,0,0,0,0,0.036742,1.1643,-1,0.99874,0,0,0,0,0.79925,1.0789,-0.89885,1,1,0.046171,0.52356,0
0,0,0,0,0,0,0,0,0.62271,0.14908,0.38127,1,0.0089735,-0.0027156,0.00040371,0,0,0,0.86027,0.78326,-0.97151,-0.29718,0.77443,0.59628,0.51132,0,0,0,0,0,0,0,0,0,0,0,0,0,0,0,0,0,0,0,0,0,0,0,0,0,0,0,0,0,0,0,0,0,0,0,0,0,0,0.00016465,0.88487,-1,0.96798,0,0,0,0,0,0,0,0,0,0,0,1
0,0,0,0,0,0,0,0,0.57799,0.9224,-0.55983,1,-0.99999,0.99713,-0.00015411,1,0,0,1.0232,-0.59192,0.80223,-0.14672,0.23859,0.41167,0.79313,0.87779,0.1136,3.4909e-07,9999,1,-1,839.84,11.328,0.10654,0,0,0,0,0,0,0,0,1,0.57799,0.98791,-0.79643,0,0,0,0,0,10,0.1136,3.4909e-07,9999,-1,839.84,11.328,0.10654,0.57799,0.98791,-0.79643,-6,0.0010055,0.57799,1,0.98791,0.91033,1,0.99713,0.71029,0,0,0,0,0,0,0,1
0,0,0,0,0,0,0,0,1.4635,1.1438,-0.8047,-1,-0.050462,-4.7387e-05,4.1612e-05,0,0,0,1.6716,999,999,999,1.8278,0.58052,0.55552,0,0,0,0,0,0,0,0,0,0,0,0,0,0,0,0,0,0,0,0,0,0,0,0,0,0,0,0,0,0,0,0,0,0,0,0,0,0,0.00043674,1.4635,-1,0.95409,0,0,0,0,0,0,0,0,0,0,0,0
0,0,0,0,0,0,0,0,0.6028,0.7218,0.60888,1,0.0096059,2.3384e-05,1.5503e-05,0,0,0,0.87104,0.64997,-0.84215,-0.97737,0.94644,0.47651,0.43416,0.21475,0.099634,1.2119e-06,9999,1,-1,0,20.117,0.08437,0,0,0,0,0,0,0,0,1,0.6028,0.79087,-0.67705,0,0,0,0,0,10,0.099634,1.2119e-06,9999,-1,0,20.117,0.08437,0.6028,0.79087,-0.67705,-4,0.0019573,0.64997,1,0.84215,0.51011,1,2.3384e-05,0.42065,0,0,0,0,0,0,0,0
0,0,0,0,0,0,0,0,0.96539,0.090906,-0.81773,1,0.53344,-0.00010647,6.9482e-06,0,0,0,1.1735,999,999,999,1.3234,0.75558,0.36457,0,0,0,0,0,0,0,0,0,0,0,0,0,0,0,0,0,0,0,0,0,0,0,0,0,0,0,0,0,0,0,0,0,0,0,0,0,0,0.0099333,0.96539,1,0.67474,0,0,0,0,0,0,0,0,0,0,0,1
0,0,0,0,0,0,0,0,1.1969,1.159,-0.0080187,1,0.96844,-0.078876,0.00062191,0,0,0,1.8955,0.97759,0.86944,-0.93234,1.2945,1.1936,1.0155,0,0,0,0,0,0,0,0,0,0,0,0,0,0,0,0,0,0,0,0,0,0,0,0,0,0,0,0,0,0,0,0,0,0,0,0,0,0,0.016826,1.1969,1,0.79843,0,0,0,0,0,0,0,0,0,0,0,1
0,0,0,0,0,0,0,0,0.58473,0.92975,0.49099,1,6.7932e-05,5.1377e-05,-2.1543e-05,4,1,0.49525,0.80107,999,999,999,0.57334,0.55436,0.46799,0.83052,0.13468,3.7679e-07,9999,0,1,129.39,11.133,0.13052,0,0,0,0,0,0,0,0,1,999,999,999,0,0,0,0,0,10,0.21562,1.3357e-06,9999,-1,458.98,2.8564,0.3442,0.58473,0.92535,-0.85258,-0,0.0093934,0.58473,1,0.92535,0.5869,-1,-2.1543e-05,-0.56494,0,0,0,0,0,0,0,0
0.77125,0.34752,-0.98988,1,0,0,0,0,0.51741,0,-0.60836,-1,-0.99369,0.09817,0.00014246,0,0,0,0.9326,999,999,999,0.63161,0.71408,0.35038,0,0,0,0,0,0,0,0,0,0,0,0,0,0,0,0,0,0,0,0,0,0,0,0,0,0,0,0,0,0,0,0,0,0,0,0,0,0,0.017568,0.77125,1,0.7786,0,0,0,0,0.77125,0.34752,-0.98988,1,1,0.017568,0.7786,0
0,0,0,0,0,0,0,0,0.63232,0.5514,-0.57275,-1,0.99998,-0.96784,-2.2509e-05,2,1,0.50025,0.8906,999,999,999,0.25507,0.89627,0.47274,0,0,0,0,0,0,0,0,0,0,0,0,0,0,0,0,0,0,0,0,0,0,0,0,0,0,0,0,0,0,0,0,0,0,0,0,0,0,0.010148,0.63232,-1,0.98577,0,0,0,0,0,0,0,0,0,0,0,0
0,0,0,0,0,0,0,0,0.88356,1.2777,-0.94204,-1,0.00026636,-0.00010343,-1.2479e-06,3,0,0,0.7269,999,999,999,0.28528,1.373,0.061238,0.59385,0.12118,4.0097e-07,9999,1,-1,1972.7,7.4219,0.14818,0,0,0,0,0,0,0,0,1,999,999,999,0,0,0,0,0,0,0,0,0,0,0,0,0,0,0,0,0,0.0081553,0.88356,-1,0.90149,0.48261,1,0.00026636,0.39254,0,0,0,0,0,0,0,0
0,0,0,0,0,0,0,0,0.64782,1.1605,-0.74322,-1,0.10803,0.041052,0.0032132,0,0,0,1.6034,0.90721,-0.95188,-0.87301,1.2206,0.82119,0.9855,0.21374,0.2004,8.9853e-07,9999,1,-1,458.98,3.8574,0.29726,0,0,0,0,0,0,0,0,1,999,999,999,0,0,0,0,0,0,0,0,0,0,0,0,0,0,0,0,0,0.010193,0.90721,1,0.95188,0.088848,1,0.0032132,0.0014624,0,0,0,0,0,0,0,1
0,0,0,0,0,0,0,0,0.79604,0.58525,-0.72455,1,0.64284,-1.6711e-06,0,1,0,0,0.738,999,999,999,0.70907,0.2559,0,0.067574,0.23266,1.6711e-06,9999,0,-1,590.82,4.1504,0.2559,0,0,0,0,0,0,0,0,1,999,999,999,0,0,0,0,0,0,0,0,0,0,0,0,0,0,0,0,0,0.020573,0.79604,1,0.99171,0.074664,1,0.64284,0.00014441,0,0,0,0,0,0,0,1
0,0,0,0,0,0,0,0,1.46,1.1235,-0.98423,-1,-0.99804,-0.14711,0.0002333,1,0,0,0.75077,999,999,999,0.4315,0.92468,0.26349,0.20312,0.15982,3.8361e-07,9999,1,1,791.02,8.2031,0.13577,0,0,0,0,0,0,0,0,1,999,999,999,0,0,0,0,0,0,0,0,0,0,0,0,0,0,0,0,0,0.016335,1.46,-1,0.90402,0.45934,-1,-0.99804,-0.033244,0,0,0,0,0,0,0,0
0,0,0,0,0,0,0,0,0.92631,0.53386,-0.8782,1,0.051651,0.00010185,-3.2674e-05,1,1,0.50259,1.3098,999,999,999,1.0671,0.87328,0.50748,0.76894,0.14621,6.2562e-07,9999,1,1,693.36,3.418,0.24317,1,0,3.388,-2.4881,8.2057,0.11697,0.090842,0.79474,1,999,999,999,0,0,0,0,0,0,0,0,0,0,0,0,0,0,0,0,0,0.035375,0.92631,1,0.90682,0.97537,-1,-4.1347e-06,-0.38279,0,0,0,0,0,0,0,0
0,0,0,0,0,0,0,0,0.56399,1.3523,-0.84878,-1,0.93134,-0.84335,-0.0013865,1,0,0,0.92031,999,999,999,0.62871,0.66389,0.84134,0.58241,0.16636,7.6174e-07,9999,1,-1,541.99,4.1992,0.2743,0,0,0,0,0,0,0,0,1,999,999,999,0,0,0,0,0,0,0,0,0,0,0,0,0,0,0,0,0,0.018344,0.56399,-1,0.58975,0.67304,1,0.93134,0.070823,0,0,0,0,0,0,0,1
1.4069,0.43998,-0.93447,-1,0,0,0,0,0.56997,0.39838,0.3235,-1,-0.0066761,-8.1346e-05,4.6109e-05,0,0,0,1.2005,-0.56997,-0.85289,-0.63781,2.1768,0.67553,0.57446,0,0,0,0,0,0,0,0,0,0,0,0,0,0,0,0,0,0,0,0,0,0,0,0,0,0,0,0,0,0,0,0,0,0,0,0,0,0,0.012697,1.4069,-1,0.94608,0,0,0,0,0,0,0,0,0,0,0,0
0,0,0,0,0,0,0,0,1.0259,0.29811,0.016094,-1,0.040824,-0.00054838,1.2096e-06,2,0,0,1.1564,999,999,999,1.2376,1.0047,0.095717,0.95585,0.057618,1.2096e-06,9999,0,1,0,15.43,0.095717,0,0,0,0,0,0,0,0,1,999,999,999,0,0,0,0,0,0,0,0,0,0,0,0,0,0,0,0,0,0.0061524,1.0259,-1,0.97886,0.93968,-1,-0.00054838,-0.83357,0,0,0,0,0,0,0,0
0,0,0,0,0,0,0,0,1.1908,1.0636,-0.3621,1,-0.96738,0.012975,-1.8249e-05,1,0,0,1.4745,999,999,999,1.1225,1.3689,0.45037,0.93785,0.15383,4.7047e-07,9999,1,1,712.89,4.9316,0.1876,0,0,0,0,0,0,0,0,1,0.73074,0.64307,-0.69661,0,0,0,0,0,10,0.1183,5.1811e-07,9999,-1,703.12,5.2734,0.20815,1.1908,0.89061,-0.73189,-4,0.01407,1.1908,1,0.89061,-0.69661,-1,-0.96738,-0.72855,0,0,0,0,0,0,0,0
0,0,0,0,0,0,0,0,1.3476,0.8012,-0.74479,-1,0.99931,-0.053319,-8.6197e-06,0,0,0,1.2145,999,999,999,0.35641,2.0033,0.38206,0,0,0,0,0,0,0,0,0,0,0,0,0,0,0,0,0,0,0,0,0,0,0,0,0,0,0,0,0,0,0,0,0,0,0,0,0,0,0.014445,1.3476,-1,0.94167,0,0,0,0,0,0,0,0,0,0,0,1
0,0,0,0,0,0,0,0,0.8069,1.3242,0.68471,-1,-0.076396,0.00035372,-7.9036e-05,3,1,0.49699,1.4228,-0.64312,0.94166,-0.99173,0.95853,0.30863,0.70036,0.76436,0.076783,1.2098e-06,9999,1,-1,0,20.312,0.096637,0,0,0,0,0,0,0,0,1,999,999,999,0,0,0,0,0,0,0,0,0,0,0,0,0,0,0,0,0,0.0031303,0.64312,-1,0.94166,0.75305,1,6.3503e-05,0.72482,0,0,0,0,0,0,0,1
0.74086,0.18724,-0.70565,1,0,0,0,0,0.52055,0.18724,-0.85319,1,0.99495,0.097545,0.035623,2,0,0,1,999,999,999,0.43195,0.88029,0.51852,0.70837,0.24997,8.5127e-07,9999,1,-1,395.51,4.3945,0.29002,0,0,0,0,0,0,0,0,1,999,999,999,0,0,0,0,0,0,0,0,0,0,0,0,0,0,0,0,0,0.0029718,0.74086,1,0.90615,0.71868,1,0.99495,0.00022462,0.74086,0.18724,-0.70565,1,1,0.0029718,0.90615,1
0,0,0,0,0,0,0,0,1.5648,0.82089,-0.82607,-1,-0.96217,-0.035564,1.142e-05,1,0,0,1.83,-1.1227,0.49289,-0.076508,1.5757,1.5927,0.40604,0.89283,0.081204,1.2458e-06,9999,0,1,0,7.5195,0.12375,0,0,0,0,0,0,0,0,1,1.1227,0.49289,-0.079346,0,0,0,0,0,10,0.081204,1.2458e-06,9999,1,0,7.5195,0.12375,1.1227,0.49289,-0.079346,2,0.0071011,1.5648,-1,0.89253,0.94008,-1,-0.96217,-0.76839,0,0,0,0,0,0,0,0
0,0,0,0,0,0,0,0,0.59397,0.3137,0.57139,-1,0.018517,-0.01324,-0.00083651,2,1,0.49861,0.97947,999,999,999,0.88173,0.93161,0.94451,0.15404,0.083604,3.5354e-07,9999,0,1,947.27,8.8867,0.11072,0,0,0,0,0,0,0,0,1,999,999,999,0,0,0,0,0,10,0.2234,4.4241e-07,9999,1,625,5.4199,0.17332,0.88998,0.77597,-0.26481,0,0.0015741,0.88998,-1,0.77597,0.58193,-1,-0.00083651,-0.52141,0,0,0,0,0,0,0,0
0.7208,0.04998,0.049719,-1,0,0,0,0,0,0,0,0,-0.094385,0.053613,0,1,1,0.49532,0.68583,999,999,999,0.96386,1.0826,0,0,0,0,0,0,0,0,0,0,0,0,0,0,0,0,0,0,0,0,0,0,0,0,0,0,0,0,0,0,0,0,0,0,0,0,0,0,0,0.023836,0.7208,-1,0.90294,0,0,0,0,0.7208,0.04998,0.049719,-1,1,0.023836,0.90294,0
0,0,0,0,0,0,0,0,1.1058,0.2122,-0.1833,-1,-0.17029,0.050731,0.00076618,2,1,0.49817,1.146,999,999,999,1.7979,1.1953,0.36816,0.91262,0.22363,5.153e-07,9999,1,-1,571.29,3.8574,0.20705,0,0,0,0,0,0,0,0,1,999,999,999,0,0,0,0,0,0,0,0,0,0,0,0,0,0,0,0,0,0.097917,0.93468,1,0.96359,0.94366,1,0.00076618,0.06853,0,0,0,0,0,0,0,0
0,0,0,0,0,0,0,0,1.1686,0.77601,-0.42258,1,-0.99165,0.022296,3.5297e-05,2,1,0.49832,1.287,999,999,999,0.67361,1.3515,0.45404,0.72465,0.14256,4.2828e-07,9999,1,1,722.66,5.957,0.16536,0,0,0,0,0,0,0,0,1,999,999,999,0,0,0,0,0,0,0,0,0,0,0,0,0,0,0,0,0,0.0038503,1.1686,1,0.96603,0.71832,-1,-0.99165,-0.34808,0,0,0,0,0,0,0,1
0,0,0,0,0,0,0,0,1.225,0.63842,0.25631,-1,-0.97059,6.6141e-05,-3.1272e-06,1,0,0,1.0876,999,999,999,1.8193,0.59772,0.30334,0.57672,0.22745,3.1272e-06,9999,1,-1,478.52,2.7344,0.30334,0,0,0,0,0,0,0,0,1,999,999,999,0,0,0,0,0,0,0,0,0,0,0,0,0,0,0,0,0,0.00029991,1.225,-1,0.98908,0.91062,1,6.6141e-05,0.00061936,0,0,0,0,0,0,0,0
0,0,0,0,0.99862,0.23921,-0.57429,-1,0.6193,0.15996,-0.67575,-1,0.0017903,-0.00039651,-0.00011787,0,0,0,1.103,999,999,999,0.66849,0.73633,0.79056,0,0,0,0,0,0,0,0,0,0,0,0,0,0,0,0,0,0,0,0,0,0,0,0,0,0,0,0,0,0,0,0,0,0,0,0,0,0,0.0072923,0.99862,-1,0.62555,0,0,0,0,0,0,0,0,0,0,0,0
0,0,0,0,0.91599,1.4567,-0.46237,-1,0.73279,1.9815,-0.074936,-1,-0.043297,-0.00064266,2.0641e-05,0,0,0,1.1893,999,999,999,1.3154,0.91809,0.46332,0,0,0,0,0,0,0,0,0,0,0,0,0,0,0,0,0,0,0,0,0,0,0,0,0,0,0,0,0,0,0,0,0,0,0,0,0,0,0.0020942,0.91599,-1,0.93065,0,0,0,0,0,0,0,0,0,0,0,0
0.63335,1.4193,0.99297,-1,0,0,0,0,0.97021,1.4061,-0.94767,1,-0.059737,-7.5932e-05,7.3464e-05,1,0,0,1.2029,999,999,999,0.98174,0.71282,0.69746,0,0,0,0,0,0,0,0,0,0,0,0,0,0,0,0,0,0,0,0,0,0,0,0,0,0,0,0,0,0,0,0,0,0,0,0,0,0,0.04351,0.97021,1,0.93293,0,0,0,0,0.63335,1.4193,0.99297,-1,1,0.02812,0.9806,1
0,0,0,0,0,0,0,0,1.3601,0.65956,-0.96031,1,-0.99998,0.96193,0.0010808,0,0,0,1.5295,999,999,999,0.25172,1.6801,0.83339,0,0,0,0,0,0,0,0,0,0,0,0,0,0,0,0,0,0,0,0,0,0,0,0,0,0,0,0,0,0,0,0,0,0,0,0,0,0,0.01442,1.3601,1,0.90381,0,0,0,0,0,0,0,0,0,0,0,1
0,0,0,0,0,0,0,0,0.48017,2.0123,-0.22675,1,0.00044305,9.0163e-05,-4.6168e-05,1,0,0,0.77488,999,999,999,0.25154,0.64808,0.57492,0,0,0,0,0,0,0,0,0,0,0,0,0,0,0,0,0,0,0,0,0,0,0,0,0,0,0,0,0,0,0,0,0,0,0,0,0,0,0.035736,0.63731,-1,0.15521,0,0,0,0,0,0,0,0,0,0,0,1
0,0,0,0,0,0,0,0,0.69986,1.0261,-0.81862,-1,-3.2033e-05,1.1191e-05,-3.3593e-06,0,0,0,0.70988,999,999,999,0.51669,0.40426,0.30872,0.21829,0.21744,3.3593e-06,9999,1,-1,532.23,3.125,0.30872,0,0,0,0,0,0,0,0,1,999,999,999,0,0,0,0,0,0,0,0,0,0,0,0,0,0,0,0,0,0.00013343,0.69986,-1,0.76209,-0.66176,1,1.1191e-05,0.00043785,0,0,0,0,0,0,0,0
0,0,0,0,0,0,0,0,0.74875,0.57168,0.24399,1,0.46873,0.005957,-0.00057858,2,1,0.49485,1.1167,999,999,999,1.0416,0.6196,0.53327,0,0,0,0,0,0,0,0,0,0,0,0,0,0,0,0,0,0,0,0,0,0,0,0,0,0,0,0,0,0,0,0,0,0,0,0,0,0,0.0046713,0.74875,1,0.6948,0,0,0,0,0,0,0,0,0,0,0,0
0,0,0,0,0,0,0,0,0.85852,1.2779,-0.5887,1,0.049194,-0.00068681,0.00055832,2,1,0.49681,1.0145,999,999,999,1.14,0.59293,0.31672,0.98823,0.094417,1.2138e-06,9999,1,-1,0,13.672,0.10364,0,0,0,0,0,0,0,0,1,0.85852,0.95419,-0.98302,0,0,0,0,0,10,0.094417,1.2138e-06,9999,-1,0,13.672,0.10364,0.85852,0.95419,-0.98302,-4,0.019778,0.85852,1,0.95419,-0.98302,1,0.049194,0.88577,0,0,0,0,0,0,0,0
0,0,0,0,0,0,0,0,2.1175,0.15349,-0.93225,1,-0.99886,0.92858,0.61265,1,0,0,1.8336,999,999,999,0.40955,3.2974,0.84735,0,0,0,0,0,0,0,0,0,0,0,0,0,0,0,0,0,0,0,0,0,0,0,0,0,0,0,0,0,0,0,0,0,0,0,0,0,0,0.00065551,2.1175,1,0.99755,0,0,0,0,0,0,0,0,0,0,0,1
0,0,0,0,0,0,0,0,1.3301,0.84646,0.48568,1,0.98389,0.0011938,-7.7305e-05,0,0,0,1.4466,1.3301,-0.9128,-0.9883,0.7048,1.1333,0.70255,0,0,0,0,0,0,0,0,0,0,0,0,0,0,0,0,0,0,0,0,0,0,0,0,0,0,0,0,0,0,0,0,0,0,0,0,0,0,0.0061175,1.3301,1,0.9128,0,0,0,0,0,0,0,0,0,0,0,1
0,0,0,0,0,0,0,0,1.6015,0.26784,-0.98694,-1,-0.0010647,2.3136e-06,0,0,0,0,0.9054,999,999,999,1.0876,0.28069,0,0.66889,0.23223,2.3136e-06,9999,1,1,625,5.2246,0.28069,0,0,0,0,0,0,0,0,1,999,999,999,0,0,0,0,0,0,0,0,0,0,0,0,0,0,0,0,0,0.0010855,1.6015,-1,0.96108,0.44016,-1,-0.0010647,-0.00073254,0,0,0,0,0,0,0,0
0,0,0,0,1.5854,0,0.4898,-1,1.9736,0.26145,-0.59524,1,-0.78368,0.099335,-0.00018798,0,0,0,2.5805,999,999,999,0.77615,2.2123,1.9268,0.87391,0.13139,5.2473e-07,9999,1,1,576.17,4.4434,0.21071,0,0,0,0,0,0,0,0,1,1.5854,0.97321,-0.80101,0,0,0,0,0,10,0.13139,5.2473e-07,9999,1,576.17,4.4434,0.21071,1.5854,0.97321,-0.80101,5,0.045263,1.9736,1,0.99375,0.33684,-1,-0.78368,-0.65349,0,0,0,0,0,0,0,0
0,0,0,0,0.9003,0.94122,-0.95926,-1,0.93082,0,-0.55754,1,-0.99477,0.037202,-0.030343,1,0,0,1.6035,999,999,999,0.61028,1.0928,1.3008,0.076635,0.055316,1.2132e-06,9999,0,-1,0,4.0527,0.082529,0,0,0,0,0,0,0,0,1,0.93986,0.86888,-0.37552,0,0,0,0,0,10,0.055316,1.2132e-06,9999,-1,0,4.0527,0.082529,0.93986,0.86888,-0.37552,-11,0.0016888,0.93986,1,0.86888,-0.16301,1,0.037202,0.66027,0,0,0,0,0,0,0,0
0,0,0,0,0,0,0,0,0.64139,0.74214,-0.55329,-1,-0.00025855,0.00012331,7.5226e-05,2,1,0.49796,0.93235,999,999,999,0.88134,0.85422,0.71177,0.32784,0.061976,1.2785e-06,9999,1,-1,0,6.6406,0.13529,0,0,0,0,0,0,0,0,1,0.58212,0.58228,-0.32715,0,0,0,0,0,10,0.061976,1.2785e-06,9999,-1,0,6.6406,0.13529,0.58212,0.58228,-0.32715,-0,0.049276,0.64139,-1,0.37696,0.60467,1,7.5226e-05,0.63851,0,0,0,0,0,0,0,0
0.89271,0.33677,-0.26578,-1,0,0,0,0,0.75497,0.28435,-0.16333,1,-0.99993,0.049544,-0.034675,2,0,0,1.131,-0.89271,0.88587,-0.57677,0.33621,1.0755,1.2385,0.97375,0.16243,4.6097e-07,9999,1,1,654.3,4.9805,0.18298,0,0,0,0,0,0,0,0,1,0.89271,0.88587,-0.87632,0,0,0,0,0,10,0.16243,4.6097e-07,9999,1,654.3,4.9805,0.18298,0.89271,0.88587,-0.87632,4,0.006238,0.89271,-1,0.88587,0.64404,-1,-0.99993,-0.81785,0.89271,0.33677,-0.26578,-1,1,0.006238,0.88587,0
0,0,0,0,0.91843,1.9724,-0.85792,1,1.1617,1.1758,0.41078,-1,0.039313,-0.00065101,0.00015625,1,0,0,1.4444,0.61074,-0.53774,-0.097676,1.432,0.83418,0.68863,0.94352,0.20878,1.4609e-06,9999,1,-1,541.99,3.7109,0.35361,0,0,0,0,0,0,0,0,1,0.61074,0.53774,-0.41125,0,0,0,0,0,10,0.20878,1.4609e-06,9999,-1,541.99,3.7109,0.35361,0.61074,0.53774,-0.41125,-4,0.012735,0.91843,1,0.88243,0.9292,1,0.039313,0.30767,0,0,0,0,0,0,0,1
0.6217,1.0149,0.35864,-1,0,0,0,0,0.46545,1.1076,-0.93444,-1,-0.99917,-0.11586,1.3041e-06,2,0,0,0.77543,-0.6217,0.74513,-0.62591,0.45572,0.83756,0.0442,0.99612,0.18375,4.294e-07,9999,1,1,703.12,5.8594,0.16602,0,0,0,0,0,0,0,0,1,0.6217,0.74513,-0.72442,0,0,0,0,0,10,0.18375,4.294e-07,9999,1,703.12,5.8594,0.16602,0.6217,0.74513,-0.72442,4,0.015542,0.6217,-1,0.74513,0.98981,-1,-0.99917,-0.83367,0.6217,1.0149,0.35864,-1,1,0.015542,0.74513,1
0,0,0,0,0,0,0,0,0.60579,1.1191,0.6163,-1,-0.459,0.00050052,-0.00018886,2,0,0,0.9772,999,999,999,0.70874,0.61979,0.21322,0.59283,0.11672,5.0197e-07,9999,0,1,800.78,2.8564,0.20164,0,0,0,0,0,0,0,0,1,0.60579,0.95359,-0.77408,0,0,0,0,0,10,0.11672,5.0197e-07,9999,1,800.78,2.8564,0.20164,0.60579,0.95359,-0.77408,6,1.8062e-05,0.60579,-1,0.95359,-0.77408,-1,-0.459,-0.42876,0,0,0,0,0,0,0,0
0,0,0,0,0,0,0,0,1.2394,1.0122,-0.72543,-1,-0.043293,-0.030095,9.0623e-05,1,0,0,1.6178,-1.1779,0.93611,-0.75444,1.3915,1.8008,0.68559,0.74583,0.22889,3.0093e-06,9999,1,1,522.46,4.0039,0.30046,0,0,0,0,0,0,0,0,1,1.1779,0.93611,-0.57877,0,0,0,0,0,10,0.22889,3.0093e-06,9999,1,522.46,4.0039,0.30046,1.1779,0.93611,-0.57877,5,0.0219,1.2394,-1,0.87551,0.97164,-1,-0.043293,-0.0021594,0,0,0,0,0,0,0,0
0,0,0,0,0,0,0,0,2.0478,0.29192,-0.4489,-1,-0.15496,0,0,0,0,0,1.1142,999,999,999,1.3883,0,0,0,0,0,0,0,0,0,0,0,0,0,0,0,0,0,0,0,0,0,0,0,0,0,0,0,0,0,0,0,0,0,0,0,0,0,0,0,0,0.0091301,2.0478,-1,0.99731,0,0,0,0,0,0,0,0,0,0,0,1
0,0,0,0,0,0,0,0,1.0342,0.24631,0.10219,-1,-0.055076,-6.5269e-05,1.373e-06,0,0,0,1.2228,-0.71371,-0.86803,-0.69372,1.1139,0.65808,0.15726,0.12603,0.15927,1.373e-06,9999,1,1,0,6.3477,0.15726,0,0,0,0,0,0,0,0,1,1.0342,0.94905,-0.14282,0,0,0,0,0,10,0.15927,1.373e-06,9999,1,0,6.3477,0.15726,1.0342,0.94905,-0.14282,0,0.00022584,1.0342,-1,0.94905,-0.14282,-1,-0.055076,-0.025078,0,0,0,0,0,0,0,0
0,0,0,0,0,0,0,0,0.96017,0.80744,-0.48579,-1,-0.11517,-9.4017e-05,7.0327e-05,2,1,0.50076,0.83817,999,999,999,1.537,0.70138,0.42821,0.63492,0.21196,4.2064e-07,9999,1,1,712.89,3.7598,0.16081,0,0,0,0,0,0,0,0,1,0.96017,0.80157,-0.88002,0,0,0,0,0,10,0.21196,4.2064e-07,9999,1,712.89,3.7598,0.16081,0.96017,0.80157,-0.88002,8,0.025702,0.96017,-1,0.80157,-0.020151,1,2.4554e-06,0.00045979,0,0,0,0,0,0,0,0
1.4056,0.21116,-0.96561,1,0,0,0,0,0.40567,0,0.64712,1,0.0046926,9.767e-05,-3.4232e-07,1,0,0,1.2987,999,999,999,1.276,0.64629,0.099919,0,0,0,0,0,0,0,0,0,0,0,0,0,0,0,0,0,0,0,0,0,0,0,0,0,0,0,0,0,0,0,0,0,0,0,0,0,0,0.0020878,1.4056,1,0.99093,0,0,0,0,0,0,0,0,0,0,0,1
0,0,0,0,0,0,0,0,0.77644,0.27204,0.53048,1,-0.0081102,0.00017408,-1.4621e-06,0,0,0,1.3103,999,999,999,1.1097,1.0275,0.24551,0.4001,0.23351,1.4621e-06,9999,1,-1,507.81,3.8574,0.24551,0,0,0,0,0,0,0,0,1,0.77644,0.85198,-0.13633,0,0,0,0,0,10,0.23351,1.4621e-06,9999,-1,507.81,3.8574,0.24551,0.77644,0.85198,-0.13633,-5,0.0009059,1.0866,-1,0.92567,-0.13633,1,0.00017408,0.00023211,0,0,0,0,0,0,0,1
0.60074,0,-0.88504,-1,0,0,0,0,0,0,0,0,-0.095087,0,0,0,1,0.50392,0.52416,999,999,999,0.86227,0,0,0,0,0,0,0,0,0,0,0,0,0,0,0,0,0,0,0,0,0,0,0,0,0,0,0,0,0,0,0,0,0,0,0,0,0,0,0,0,0.023991,0.60074,-1,0.88504,0,0,0,0,0.60074,0,-0.88504,-1,1,0.023991,0.88504,0
0,0,0,0,0,0,0,0,0.50838,0.68345,0.15276,-1,-5.6619e-05,-1.5069e-05,6.8515e-06,1,0,0,0.64828,999,999,999,0.61946,0.53404,0.36345,0.18114,0.10576,4.8881e-07,9999,0,1,64.087,2.6367,0.196,0,0,0,0,0,0,0,0,1,999,999,999,0,0,0,0,0,0,0,0,0,0,0,0,0,0,0,0,0,0.026155,0.50838,-1,0.36444,0.75881,-1,-5.6619e-05,-0.37077,0,0,0,0,0,0,0,1
0,0,0,0,0,0,0,0,0.53757,1.8939,-0.50908,-1,0.57663,-0.00024401,-1.7779e-06,1,0,0,0.79226,999,999,999,0.68924,0.58788,0.20606,0.93907,0.13383,3.8034e-07,9999,1,-1,898.44,10.059,0.13328,0,0,0,0,0,0,0,0,1,999,999,999,0,0,0,0,0,10,0.11106,1.7779e-06,9999,-1,0,4.8828,0.20606,0.55001,0.87177,-0.21768,-0,0.015128,0.53757,-1,0.1747,0.92078,1,0.57663,0.78021,0,0,0,0,0,0,0,0
0,0,0,0,0,0,0,0,1.6242,1.2925,-0.68928,1,1,0.14022,-0.050782,0,0,0,1.9639,999,999,999,0.16132,1.9352,1.0752,0.20716,0.20817,1,9999,1,1,5625,33.594,0.16132,0,0,0,0,0,0,0,0,1,0.84169,0.86072,-0.62632,0,0,0,0,0,10,0.20817,1,9999,1,5625,33.594,0.16132,0.84169,0.86072,-0.62632,22,0.011504,1.6242,1,0.97682,0.36473,-1,-7.667e-05,-1.9939e-05,0,0,0,0,0,0,0,1
0,0,0,0,0,0,0,0,0.44294,0.62763,0.12419,-1,0.00033361,7.4499e-05,-2.3133e-05,0,0,0,0.56316,999,999,999,0.31583,0.67922,0.47561,0.62941,0.19856,0.00033361,9999,1,1,541.99,0,0.31583,0,0,0,0,0,0,0,0,1,999,999,999,0,0,0,0,0,0,0,0,0,0,0,0,0,0,0,0,0,0,0,0,0,0.5767,-1,-2.3133e-05,-0.0098853,0,0,0,0,0,0,0,1
0,0,0,0,0,0,0,0,0.39287,0.69818,-0.48016,-1,-0.00047905,-1.6863e-06,6.9109e-07,1,0,0,0.31867,999,999,999,0.35644,0.2566,0.25949,0.67562,0.2456,6.9109e-07,9999,1,1,556.64,3.7598,0.25949,0,0,0,0,0,0,0,0,1,999,999,999,0,0,0,0,0,0,0,0,0,0,0,0,0,0,0,0,0,0,0,0,0,0.6953,-1,-1.6863e-06,-0.0002453,0,0,0,0,0,0,0,1
0,0,0,0,0,0,0,0,1.7623,0.79635,-0.9498,1,-0.96868,0.0038403,4.5974e-05,0,0,0,2.1575,999,999,999,1.7492,1.9744,0.57468,0.9686,0.17192,1.7907e-06,9999,1,-1,0,4.1992,0.20713,0,0,0,0,0,0,0,0,1,1.7623,0.9873,-0.99525,0,0,0,0,0,10,0.17192,1.7907e-06,9999,-1,0,4.1992,0.20713,1.7623,0.9873,-0.99525,-2,0.0093506,1.7623,1,0.9873,0.6526,1,4.5974e-05,0.77049,0,0,0,0,0,0,0,1
0,0,0,0,0,0,0,0,0.92492,1.2149,0.19175,1,0.96281,0.31644,-4.7187e-05,1,0,0,1.0686,0.72598,-0.46833,-0.072265,1.3746,1.1682,0.57811,0.6991,0.15327,6.7122e-07,9999,1,1,595.7,3.6133,0.25484,0,0,0,0,0,0,0,0,1,999,999,999,0,0,0,0,0,10,0.21841,6.8463e-06,9999,-1,0,3.125,0.33903,0.92492,0.90592,-0.3873,-6,0.011733,0.92492,1,0.90592,0.66708,1,0.96281,0.0019219,0,0,0,0,0,0,0,1
0,0,0,0,0,0,0,0,1.1264,0,-0.84004,1,0.027393,0.00039059,0.00021608,3,0,0,1.3953,0.68163,-0.72191,-0.66881,1.4463,0.68653,0.80982,0,0,0,0,0,0,0,0,0,0,0,0,0,0,0,0,0,0,0,0,0,0,0,0,0,0,0,0,0,0,0,0,0,0,0,0,0,0,0.073157,0.5695,1,0.91994,0,0,0,0,0,0,0,0,0,0,0,1
0,0,0,0,0,0,0,0,0.77985,0.98797,-0.52531,1,0.044141,-0.03316,0,0,0,0,0.9118,999,999,999,1.0776,1.2501,0,0,0,0,0,0,0,0,0,0,0,0,0,0,0,0,0,0,0,0,0,0,0,0,0,0,0,0,0,0,0,0,0,0,0,0,0,0,0,0.0095618,0.80434,-1,0.67522,0,0,0,0,0,0,0,0,0,0,0,0
0,0,0,0,0,0,0,0,0.13402,1.9971,-0.97135,1,0.92042,-0.89745,9.8663e-06,0,0,0,0.89511,999,999,999,0.32018,1.0404,0.39339,0.45559,0.098107,1.2399e-06,9999,1,-1,0,8.1055,0.12116,0,0,0,0,0,0,0,0,1,999,999,999,0,0,0,0,0,10,0.20572,1.355e-06,9999,1,0,4.9316,0.15378,0.73226,0.88053,-0.52964,6,0.01453,0.73226,-1,0.88053,-0.088081,1,0.92042,0.48911,0,0,0,0,0,0,0,1
0.94561,0.60837,-0.027066,-1,0,0,0,0,1.624,0,-0.3911,-1,-0.12234,-0.0014001,5.3277e-07,1,0,0,1.843,-1.624,-0.97858,-0.90942,1.1501,1.6441,0.21373,0.97861,0.16913,5.3277e-07,9999,0,1,742.19,4.0527,0.21373,1,0,-3.2851,-0.41028,0.29046,0.15918,0.0081838,0.085519,1,1.624,0.97858,-0.92198,0,0,0,0,0,10,0.16913,5.3277e-07,9999,1,742.19,4.0527,0.21373,1.624,0.97858,-0.92198,2,0.0075054,1.624,-1,0.97858,0.99406,-1,-0.12234,-0.81644,0.94561,0.60837,-0.027066,-1,1,0.01646,0.97552,0
0,0,0,0,0,0,0,0,1.4506,0.65845,-0.94353,-1,-0.059287,-1.4244e-05,0,0,0,0,1.0097,999,999,999,2.2396,0.30557,0,0.63652,0.24281,1.4244e-05,9999,1,-1,0,3.0518,0.30557,0,0,0,0,0,0,0,0,1,999,999,999,0,0,0,0,0,0,0,0,0,0,0,0,0,0,0,0,0,0.0039692,1.4506,-1,0.89458,0,0,0,0,0,0,0,0,0,0,0,0
0,0,0,0,1.7733,0.14761,-0.95483,1,0.67254,0,0.11674,-1,0.0050016,-3.0863e-05,0,0,0,0,1.7091,999,999,999,1.6467,0.5116,0,0,0,0,0,0,0,0,0,0,0,0,0,0,0,0,0,0,0,0,0,0,0,0,0,0,0,0,0,0,0,0,0,0,0,0,0,0,0,0.028942,1.7733,1,0.93804,0,0,0,0,0,0,0,0,0,0,0,1
0,0,0,0,0,0,0,0,0.97203,0.8087,-0.9879,-1,-0.95316,-0.0031075,-3.444e-05,1,1,0.5,1.1927,-0.56317,0.30679,-0.27522,1.1065,0.66364,0.5258,0.87861,0.14178,3.768e-07,9999,0,1,966.8,8.3984,0.13053,0,0,0,0,0,0,0,0,1,999,999,999,0,0,0,0,0,10,0.13899,5.8128e-07,9999,1,571.29,4.248,0.23023,0.56317,0.30679,-0.6959,0,0.03018,0.97203,-1,0.99857,0.88697,-1,-0.95316,-0.61956,0,0,0,0,0,0,0,0
0.3411,2.0071,-0.48341,-1,0,0,0,0,0.1717,0.73969,-0.58027,1,-0.98432,0.0011618,-0.00064908,2,0,0,1.0128,999,999,999,0.72922,0.7221,0.42156,0.99018,0.1717,5.3977e-07,9999,0,1,693.36,3.6133,0.21629,1,0,1.9709,3.4773,1.4259,0.03477,0.10547,0.084842,1,0.62492,0.96816,-0.94285,0,0,0,0,0,10,0.0829,3.839e-07,9999,1,1210.9,8.9844,0.13599,0.62492,0.96816,-0.016304,4,0.0032928,0.62492,-1,0.96816,-0.94285,-1,-0.98432,-0.84792,0.3411,2.0071,-0.48341,-1,1,0.0891,0.9993,0
1.4358,0.87076,-0.89696,-1,0,0,0,0,0.88316,0.58872,0.90389,1,-0.99226,-0.00092918,7.1179e-05,2,0,0,1.2736,999,999,999,0.6468,2.1796,0.67416,0.97602,0.13656,1.2259e-06,9999,0,1,0,5.127,0.11371,0,0,0,0,0,0,0,0,1,1.4358,0.99328,-0.9914,0,0,0,0,0,10,0.13656,1.2259e-06,9999,1,0,5.127,0.11371,1.4358,0.99328,-0.9914,0,0.0057952,1.4358,-1,0.99328,-0.58549,-1,-0.99226,-0.85966,0,0,0,0,0,0,0,0
1.4726,0.17468,0.8057,-1,0,0,0,0,1.757,0.5466,-0.95334,1,-0.13784,0.096311,0,0,0,0,1.9986,999,999,999,1.3152,2.4825,0,0,0,0,0,0,0,0,0,0,0,0,0,0,0,0,0,0,0,0,0,0,0,0,0,0,0,0,0,0,0,0,0,0,0,0,0,0,0,0.002811,1.757,1,0.97661,0,0,0,0,0,0,0,0,0,0,0,1
0.6519,0,-0.69178,-1,0,0,0,0,0.84548,0,-0.6759,1,0.5422,0.00078901,-2.1239e-05,0,0,0,1.0068,0.73478,0.5265,-0.10226,0.61447,1.1027,0.55566,0,0,0,0,0,0,0,0,0,0,0,0,0,0,0,0,0,0,0,0,0,0,0,0,0,0,0,0,0,0,0,0,0,0,0,0,0,0,0.0014947,0.84548,1,0.77811,0,0,0,0,0.6519,0,-0.69178,-1,1,0.0077373,0.56291,1
0.99851,0.86277,0.67591,-1,0,0,0,0,0.56894,1.3149,-0.82086,1,0.96199,-9.7115e-05,8.3271e-06,0,0,0,0.8696,999,999,999,0.3928,1.535,0.37922,0.98475,0.073466,1.3257e-06,9999,1,-1,0,5.3711,0.14755,0,0,0,0,0,0,0,0,1,0.56894,0.57788,-0.56845,0,0,0,0,0,10,0.073466,1.3257e-06,9999,-1,0,5.3711,0.14755,0.56894,0.57788,-0.56845,-0,0.00077906,0.99851,-1,0.92302,-0.56845,1,0.96199,0.87455,0.99851,0.86277,0.67591,-1,1,0.00077906,0.92302,0
1.6635,0,-0.77165,1,0,0,0,0,0.86969,0.25135,0.11165,-1,-0.45634,-0.40997,0.031578,2,0,0,1.5844,999,999,999,0.95913,0.72469,1.3543,0,0,0,0,0,0,0,0,0,0,0,0,0,0,0,0,0,0,0,0,0,0,0,0,0,0,0,0,0,0,0,0,0,0,0,0,0,0,0.0026392,1.6635,1,0.96478,0,0,0,0,0,0,0,0,0,0,0,1
0,0,0,0,0,0,0,0,0.97687,1.3167,-0.80835,-1,0.31204,-0.28836,-0.053388,1,0,0,1.5152,999,999,999,1.182,1.1586,1.0518,0.99689,0.17588,4.523e-07,9999,0,1,654.3,6.4453,0.17857,0,0,0,0,0,0,0,0,1,0.97687,0.58275,-0.59077,0,0,0,0,0,10,0.07564,1.2109e-06,9999,-1,0,3.2715,0.086001,0.75478,0.86232,-0.89845,-21,0.0050317,0.97687,-1,0.58275,-0.89845,1,0.31204,0.76772,0,0,0,0,0,0,0,0
0,0,0,0,0,0,0,0,0.357,0.34953,0.11157,1,-0.00012927,2.2332e-05,-1.3135e-06,1,0,0,0.7665,999,999,999,0.73082,0.55896,0.041977,0,0,0,0,0,0,0,0,0,0,0,0,0,0,0,0,0,0,0,0,0,0,0,0,0,0,0,0,0,0,0,0,0,0,0,0,0,0,0.0014046,0.91221,-1,0.69382,0,0,0,0,0,0,0,0,0,0,0,1
0,0,0,0,1.2963,0.63766,-0.84428,1,0.35523,0.35054,-0.10055,-1,0.87653,0.025485,-1.0864e-05,0,0,0,1.4144,1.2963,-0.89466,-0.10375,0.71584,1.3996,0.40167,0.5412,0.10496,1.6272e-06,9999,1,-1,0,5.0293,0.19197,1,0,0.0088008,0.13493,-0.93218,0.060003,0.29197,1.5455,1,1.2963,0.89466,-0.11915,0,0,0,0,0,10,0.10496,1.6272e-06,9999,-1,0,5.0293,0.19197,1.2963,0.89466,-0.11915,-5,0.0015312,1.2963,1,0.89466,0.99851,1,0.87653,0.48622,0,0,0,0,0,0,0,1
0,0,0,0,0,0,0,0,0.61279,0.83203,0.90318,1,-0.00024029,5.3953e-05,-4.7025e-06,0,0,0,0.67484,999,999,999,0.60596,0.60218,0.33416,0,0,0,0,0,0,0,0,0,0,0,0,0,0,0,0,0,0,0,0,0,0,0,0,0,0,0,0,0,0,0,0,0,0,0,0,0,0,0.0027247,0.61279,1,0.5099,0,0,0,0,0,0,0,0,0,0,0,0
0,0,0,0,0,0,0,0,1.11,1.2454,-0.87988,-1,-0.025456,7.1155e-05,-1.2479e-05,0,0,0,1.2505,999,999,999,1.4217,0.62294,0.41394,0.71169,0.1365,3.707e-07,9999,1,1,1054.7,7.9102,0.12563,0,0,0,0,0,0,0,0,1,1.11,0.93099,-0.43198,0,0,0,0,0,10,0.1365,3.707e-07,9999,1,1054.7,7.9102,0.12563,1.11,0.93099,-0.43198,4,0.0035827,1.11,-1,0.93099,0.35286,-1,-1.2479e-05,-0.38231,0,0,0,0,0,0,0,1
0,0,0,0,0,0,0,0,1.1527,0.27881,0.74742,-1,0.78662,-0.034237,-3.762e-05,2,0,0,1.2631,999,999,999,0.14405,1.4013,0.54031,0.80912,0.1628,3.4341e-07,9999,1,1,1425.8,12.695,0.10101,0,0,0,0,0,0,0,0,1,999,999,999,0,0,0,0,0,0,0,0,0,0,0,0,0,0,0,0,0,0.0083309,1.1527,-1,0.75832,0.80078,-1,-3.762e-05,-0.31355,0,0,0,0,0,0,0,0
0,0,0,0,0,0,0,0,0.98567,0.78696,-0.5392,-1,-0.012981,0.00064563,1.4211e-05,1,0,0,1.0455,-0.5952,-0.84259,-0.82214,1.4056,0.4041,0.42589,0.79873,0.14712,1.5435e-06,9999,1,1,0,4.5898,0.18259,0,0,0,0,0,0,0,0,1,0.5952,0.84259,-0.40541,0,0,0,0,0,10,0.14712,1.5435e-06,9999,1,0,4.5898,0.18259,0.5952,0.84259,-0.40541,0,0.0033213,0.98567,-1,0.99555,0.84079,-1,-0.012981,-0.42605,0,0,0,0,0,0,0,0
0,0,0,0,0,0,0,0,0.69372,0.92801,-0.70896,-1,-0.9766,-0.91104,0.012929,1,1,0.49755,0.98014,999,999,999,0.47054,0.56058,0.82428,0.82322,0.10778,1.5237e-06,9999,1,1,0,7.2266,0.18015,0,0,0,0,0,0,0,0,1,0.69372,0.79841,-0.98391,0,0,0,0,0,10,0.10778,1.5237e-06,9999,1,0,7.2266,0.18015,0.69372,0.79841,-0.98391,5,0.00087359,0.73715,1,0.97231,-0.046725,-1,-0.9766,-0.66855,0,0,0,0,0,0,0,1
0,0,0,0,0,0,0,0,0.30642,0.28671,0.9566,-1,-0.96361,0.046228,-1.8232e-05,4,1,0.49882,0.70539,999,999,999,0.37343,0.77996,0.45027,0.4902,0.22129,1.1962e-06,9999,1,1,493.16,4.9805,0.33209,0,0,0,0,0,0,0,0,1,999,999,999,0,0,0,0,0,0,0,0,0,0,0,0,0,0,0,0,0,0.0097915,0.57408,-1,0.66484,0.68422,-1,-0.96361,-0.00074076,0,0,0,0,0,0,0,0
0,0,0,0,0,0,0,0,0.5508,0,0.051444,-1,-8.9772e-05,1.1345e-05,1.2181e-06,1,0,0,0.61365,999,999,999,0.64484,0.40546,0.077431,0.45313,0.14339,1.2181e-06,9999,0,1,0,3.8574,0.077431,0,0,0,0,0,0,0,0,1,0.5508,0.84786,-0.50116,0,0,0,0,0,10,0.14339,1.2181e-06,9999,1,0,3.8574,0.077431,0.5508,0.84786,-0.50116,11,0.020637,0.5508,-1,0.84786,-0.50116,-1,-8.9772e-05,-0.15514,0,0,0,0,0,0,0,1
0,0,0,0,0,0,0,0,1.0731,0,-0.45544,-1,-0.0063616,-0.00044556,9.5763e-05,0,0,0,1.2689,-1.0731,-0.70278,-0.76491,0.87847,1.0534,0.81125,0.92841,0.20304,5.7963e-07,9999,1,1,581.05,3.9062,0.22971,0,0,0,0,0,0,0,0,1,0.5396,0.67023,-0.34722,0,0,0,0,0,10,0.20304,5.7963e-07,9999,1,581.05,3.9062,0.22971,0.5396,0.67023,-0.34722,2,0.0007712,1.0731,-1,0.70278,0.52169,-1,-0.00044556,-0.29561,0,0,0,0,0,0,0,0
1.2879,0.049546,0.47334,1,0.5517,0.75834,-0.18192,-1,0.93896,1.2705,-0.98863,1,0.95993,0.059779,-0.00016198,0,0,0,1.1956,1.2879,-0.97139,-0.54243,1.3899,0.8831,0.80389,0,0,0,0,0,0,0,0,0,0,0,0,0,0,0,0,0,0,0,0,0,0,0,0,0,0,0,0,0,0,0,0,0,0,0,0,0,0,0.010204,1.2879,1,0.97139,0,0,0,0,0,0,0,0,0,0,0,1
0,0,0,0,0,0,0,0,0.66654,0.23669,-0.40706,1,0.92747,8.2584e-05,2.9964e-05,0,0,0,1.046,0.70138,-0.6292,-0.48076,0.72375,0.7244,0.50766,0.18182,0.23542,3.8185e-07,9999,1,-1,1044.9,6.9336,0.13444,0,0,0,0,0,0,0,0,1,0.57618,0.79288,-0.5547,0,0,0,0,0,10,0.23542,3.8185e-07,9999,-1,1044.9,6.9336,0.13444,0.57618,0.79288,-0.5547,-0,0.0020769,0.66654,1,0.92672,0.33707,1,0.92747,0.00014522,0,0,0,0,0,0,0,1
0,0,0,0,0,0,0,0,0.66838,0.073144,0.52153,-1,-0.99911,0.089617,-0.00029286,2,1,0.50013,1.0579,-0.66838,0.63538,-0.67171,0.45921,1.1479,0.97282,0,0,0,0,0,0,0,0,0,0,0,0,0,0,0,0,0,0,0,0,0,0,0,0,0,0,0,0,0,0,0,0,0,0,0,0,0,0,0.0038271,0.66838,-1,0.63538,0,0,0,0,0,0,0,0,0,0,0,0
0,0,0,0,0,0,0,0,1.2461,1.0917,-0.37703,1,0.013197,0.00030336,-0.00022175,0,0,0,1.4547,999,999,999,1.6842,0.76207,0.72015,0,0,0,0,0,0,0,0,0,0,0,0,0,0,0,0,0,0,0,0,0,0,0,0,0,0,0,0,0,0,0,0,0,0,0,0,0,0,0.0087465,1.2461,1,0.99955,0,0,0,0,0,0,0,0,0,0,0,0
0,0,0,0,2.0301,0,-0.92074,1,1.0861,0.99482,0.022243,1,9.2699e-05,7.5109e-05,0,1,0,0,1.5806,2.0301,0.99404,-0.40881,0.71358,3.1201,0,0,0,0,0,0,0,0,0,0,0,0,0,0,0,0,0,0,0,0,0,0,0,0,0,0,0,0,0,0,0,0,0,0,0,0,0,0,0,0.0011297,2.0301,1,0.99404,0,0,0,0,0,0,0,0,0,0,0,1
0,0,0,0,2.0449,0.35603,-0.51132,-1,0.26268,0.74902,-0.091086,-1,-0.31786,-0.069922,0.0016898,1,0,0,2.119,-2.0449,-0.99246,-0.82546,0.91263,1.8832,0.98141,0.99596,0.20495,8.3184e-07,9999,1,1,483.4,4.4434,0.28685,0,0,0,0,0,0,0,0,1,2.0449,0.99246,-0.97936,0,0,0,0,0,10,0.20495,8.3184e-07,9999,1,483.4,4.4434,0.28685,2.0449,0.99246,-0.97936,2,0.0095512,2.0449,-1,0.99246,0.77401,-1,-0.31786,-0.71012,0,0,0,0,0,0,0,0
0,0,0,0,0,0,0,0,0.74248,0.77758,0.2129,1,0.9732,0.0067642,-9.251e-06,1,0,0,1.0663,0.88728,0.95404,-0.91829,0.81085,1.2874,0.36129,0.2724,0.24034,9.251e-06,9999,0,-1,0,4.9805,0.36129,0,0,0,0,0,0,0,0,1,0.74248,0.92549,-0.34067,0,0,0,0,0,10,0.24034,9.251e-06,9999,-1,0,4.9805,0.36129,0.74248,0.92549,-0.34067,-0,0.028651,0.88728,1,0.95404,-0.34067,1,0.9732,0.00012754,0,0,0,0,0,0,0,0
0,0,0,0,0,0,0,0,1.1195,0.65248,-0.32725,-1,-0.85105,-9.4824e-05,-1.4181e-06,0,0,0,0.76983,-1.1195,-0.97748,-0.061294,0.70749,0.70057,0.16511,0.318,0.12488,1.4181e-06,9999,1,-1,0,6.7383,0.16511,0,0,0,0,0,0,0,0,1,999,999,999,0,0,0,0,0,10,0.16316,6.5975e-07,9999,1,468.75,3.2715,0.25204,1.1195,0.97748,-0.59941,6,0.021849,1.1195,-1,0.97748,0.82764,-1,-0.85105,-0.21664,0,0,0,0,0,0,0,0
0,0,0,0,0,0,0,0,1.5907,0.60251,-0.75563,-1,-0.090923,0,0,0,0,0,1.5686,999,999,999,1.6458,0,0,0,0,0,0,0,0,0,0,0,0,0,0,0,0,0,0,0,0,0,0,0,0,0,0,0,0,0,0,0,0,0,0,0,0,0,0,0,0,0.011211,1.5907,-1,0.98469,0,0,0,0,0,0,0,0,0,0,0,0
0,0,0,0,0,0,0,0,0.7722,0.83745,-0.69342,-1,-0.99328,3.9235e-05,9.4741e-06,0,0,0,0.87223,999,999,999,0.6313,0.5468,0.38995,0,0,0,0,0,0,0,0,0,0,0,0,0,0,0,0,0,0,0,0,0,0,0,0,0,0,0,0,0,0,0,0,0,0,0,0,0,0,0.0029669,0.7722,-1,0.52453,0,0,0,0,0,0,0,0,0,0,0,0
0,0,0,0,0,0,0,0,1.9009,0.93157,-0.90064,1,0.094427,0.03857,1.3157e-06,2,0,0,1.9809,1.4732,-0.92397,-0.76517,2.8137,1.2869,0.14522,0.96915,0.13451,3.7971e-07,9999,0,-1,986.33,9.1797,0.13279,0,0,0,0,0,0,0,0,1,1.9009,0.95295,-0.9292,0,0,0,0,0,10,0.11093,3.5218e-07,9999,-1,2890.6,10.254,0.10946,1.9009,0.95295,-0.79461,-5,0.01116,1.9009,1,0.95295,-0.9292,1,0.094427,0.84641,0,0,0,0,0,0,0,1
1.1347,0.70363,-0.83105,-1,0,0,0,0,0.35619,0.92827,0.026737,-1,-0.72049,-0.073679,0,0,0,0,1.0543,999,999,999,0.62277,1.0122,0,0,0,0,0,0,0,0,0,0,0,0,0,0,0,0,0,0,0,0,0,0,0,0,0,0,0,0,0,0,0,0,0,0,0,0,0,0,0,0.0091865,1.1347,-1,0.86918,0,0,0,0,0,0,0,0,0,0,0,0
0,0,0,0,0,0,0,0,0.8668,1.0631,-0.7682,-1,-0.96177,0.00079401,-0.00010968,0,0,0,1.1503,-0.54017,-0.40684,-0.39923,0.93514,0.74152,0.78317,0,0,0,0,0,0,0,0,0,0,0,0,0,0,0,0,0,0,0,0,0,0,0,0,0,0,0,0,0,0,0,0,0,0,0,0,0,0,0.0015565,0.8668,-1,0.8628,0,0,0,0,0,0,0,0,0,0,0,0
0,0,0,0,0,0,0,0,1.1122,0.48254,-0.89963,1,-0.9061,0.0419,0.00019307,1,0,0,0.86066,999,999,999,0.2861,1.7115,0.22041,0,0,0,0,0,0,0,0,0,0,0,0,0,0,0,0,0,0,0,0,0,0,0,0,0,0,0,0,0,0,0,0,0,0,0,0,0,0,0.0018469,1.1122,1,0.92866,0,0,0,0,0,0,0,0,0,0,0,1
1.0395,1.501,-0.87867,-1,0,0,0,0,1.2023,0.23467,0.65775,1,-0.98106,0.00021012,0,0,0,0,1.5093,999,999,999,0.91941,1.4479,0,0,0,0,0,0,0,0,0,0,0,0,0,0,0,0,0,0,0,0,0,0,0,0,0,0,0,0,0,0,0,0,0,0,0,0,0,0,0,0.0066056,1.2023,1,0.93905,0,0,0,0,0,0,0,0,0,0,0,1
0,0,0,0,0.87304,0,-0.032967,-1,0.8273,0.23367,-0.46518,-1,-0.91081,-0.00014862,3.3019e-05,4,3,0.50441,1.3295,-0.87304,0.91888,-0.85666,0.95973,0.89991,0.52093,0.90078,0.18741,4.8124e-07,9999,0,-1,673.83,4.2969,0.19261,0,1,0,0,0,0,0,0,1,999,999,999,0,0,0,0,0,0,0,0,0,0,0,0,0,0,0,0,0,0.0017888,0.87304,-1,0.91888,0.31677,1,3.3019e-05,0.34236,0,0,0,0,0,0,0,1
0.94347,0.067263,0.30255,-1,0,0,0,0,0.92549,0.40959,-0.67819,1,-0.11713,0.011654,0,0,0,0,1.216,999,999,999,1.1643,1.339,0,0,0,0,0,0,0,0,0,0,0,0,0,0,0,0,0,0,0,0,0,0,0,0,0,0,0,0,0,0,0,0,0,0,0,0,0,0,0,0.0050324,0.94347,-1,0.96274,0,0,0,0,0.94347,0.067263,0.30255,-1,1,0.0050324,0.96274,0
0,0,0,0,0,0,0,0,0.97983,0.86877,-0.099884,-1,0.98635,0.93461,-0.14686,1,0,0,0.92038,999,999,999,0.6472,0.48003,1.5788,0,0,0,0,0,0,0,0,0,0,0,0,0,0,0,0,0,0,0,0,0,0,0,0,0,0,0,0,0,0,0,0,0,0,0,0,0,0,0.0051512,0.97983,-1,0.87419,0,0,0,0,0,0,0,0,0,0,0,1
0,0,0,0,0,0,0,0,1.1394,0.50502,-0.2194,1,0.93423,0.12832,-8.9815e-06,2,0,0,0.83727,0.63404,0.87186,-0.59935,0.66363,0.94381,0.4973,0.45306,0.21142,6.8595e-07,9999,0,1,502.93,5.0293,0.25831,0,0,0,0,0,0,0,0,1,999,999,999,0,0,0,0,0,0,0,0,0,0,0,0,0,0,0,0,0,0.037097,1.1394,1,0.73079,-0.97826,-1,-8.9815e-06,-0.0014871,0,0,0,0,0,0,0,1
1.6558,0.52863,-0.97603,-1,0,0,0,0,0.45881,0.4913,-0.53338,-1,-0.98144,-5.249e-05,1.4237e-05,0,0,0,1.7277,999,999,999,0.78625,1.9584,0.42606,0,0,0,0,0,0,0,0,0,0,0,0,0,0,0,0,0,0,0,0,0,0,0,0,0,0,0,0,0,0,0,0,0,0,0,0,0,0,0.0019035,1.6558,-1,0.99789,0,0,0,0,0,0,0,0,0,0,0,0
0,0,0,0,0,0,0,0,1.9325,0,-0.98614,-1,-0.27233,-0.067495,0.00017755,1,0,0,2.0204,-1.9325,-0.99913,-0.66637,0.91295,2.1473,0.18427,0.82164,0.11638,1.5025e-06,9999,1,1,0,5.7129,0.17742,0,0,0,0,0,0,0,0,1,1.9325,0.99913,-0.81033,0,0,0,0,0,10,0.11638,1.5025e-06,9999,1,0,5.7129,0.17742,1.9325,0.99913,-0.81033,2,0.019811,1.9325,-1,0.99913,0.50181,-1,-0.27233,-0.63762,0,0,0,0,0,0,0,0
0,0,0,0,0.44031,0.94189,0.27825,-1,0.80215,0.45281,-0.019237,-1,0.98696,-0.94611,-0.00012984,1,0,0,1.0032,999,999,999,0.7116,1.1569,0.6798,0,0,0,0,0,0,0,0,0,0,0,0,0,0,0,0,0,0,0,0,0,0,0,0,0,0,0,0,0,0,0,0,0,0,0,0,0,0,0.0034094,0.80215,-1,0.78495,0,0,0,0,0,0,0,0,0,0,0,1
0,0,0,0,0,0,0,0,0.57047,0.83805,-0.2942,1,0.03564,-0.029626,-5.5745e-05,2,0,0,0.94633,999,999,999,0.8957,1.0654,0.60393,0.86229,0.10298,4.4984e-07,9999,1,1,600.59,4.834,0.17729,0,0,0,0,0,0,0,0,1,0.65038,0.89559,-0.96881,0,0,0,0,0,10,0.12407,4.7757e-07,9999,1,620.12,5.2734,0.19093,0.70555,0.88303,-0.18212,4,0.0033075,0.65038,-1,0.89559,0.53866,-1,-0.029626,-0.7148,0,0,0,0,0,0,0,0
0,0,0,0,0,0,0,0,0.90241,0.62775,0.94847,-1,0.99982,-0.97958,-0.00080274,0,0,0,1.1369,999,999,999,0.34042,0.71142,0.79637,0.64334,0.18884,0.99982,9999,1,1,1425.8,11.426,0.34042,0,0,0,0,0,0,0,0,1,0.90241,0.9687,-0.57688,0,0,0,0,0,10,0.18884,0.99982,9999,1,1425.8,11.426,0.34042,0.90241,0.9687,-0.57688,22,0.00066229,0.90241,-1,0.9687,0.81793,-1,-0.97958,-8.5218e-06,0,0,0,0,0,0,0,0
0,0,0,0,0,0,0,0,0.7375,0.634,0.3417,1,0.26035,-0.00053807,2.0085e-05,1,0,0,0.60795,999,999,999,1.1796,0.30427,0.46039,0,0,0,0,0,0,0,0,0,0,0,0,0,0,0,0,0,0,0,0,0,0,0,0,0,0,0,0,0,0,0,0,0,0,0,0,0,0,0.0020326,0.7375,1,0.94596,0,0,0,0,0,0,0,0,0,0,0,0
1.3903,0.032453,-0.97024,-1,0,0,0,0,0.64642,0.30074,0.51351,-1,-0.97027,-0.093452,5.0758e-07,0,0,0,0.99209,-1.3903,-0.91435,-0.66651,1.0069,0.95527,0.20395,0.64242,0.22071,5.0758e-07,9999,1,1,585.94,4.4922,0.20395,0,0,0,0,0,0,0,0,1,0.64642,0.88468,-0.45812,0,0,0,0,0,10,0.22071,5.0758e-07,9999,1,585.94,4.4922,0.20395,0.64642,0.88468,-0.45812,5,0.007285,1.3903,-1,0.91435,-0.45812,-1,-0.97027,-0.0016495,0,0,0,0,0,0,0,0
0.90616,0.035805,0.59279,-1,0,0,0,0,0.75921,1.0812,-0.86424,1,-0.99915,-0.099491,0.0017165,0,0,0,1.3791,-0.90616,0.89087,-0.3263,0.37045,0.89818,0.76574,0,0,0,0,0,0,0,0,0,0,0,0,0,0,0,0,0,0,0,0,0,0,0,0,0,0,0,0,0,0,0,0,0,0,0,0,0,0,0.018332,0.90616,-1,0.89087,0,0,0,0,0.90616,0.035805,0.59279,-1,1,0.018332,0.89087,0
0,0,0,0,0,0,0,0,1.6551,0,-0.40214,-1,-0.94782,0.0070231,-0.0013964,1,0,0,1.4267,-1.6551,0.9315,-0.63361,0.97422,0.94136,2.6845,0.91461,0.076819,1.2098e-06,9999,1,1,0,16.602,0.096424,0,0,0,0,0,0,0,0,1,1.6551,0.9315,-0.74293,0,0,0,0,0,10,0.076819,1.2098e-06,9999,1,0,16.602,0.096424,1.6551,0.9315,-0.74293,2,0.016998,1.0679,-1,0.73772,0.54007,-1,-0.94782,-0.79,0,0,0,0,0,0,0,0
0,0,0,0,0,0,0,0,0.86981,0.78922,-0.72818,1,8.7808e-05,5.5879e-05,-4.7253e-05,3,1,0.49922,0.90951,999,999,999,0.76432,0.61432,0.57229,0.97646,0.13085,1.2534e-06,9999,0,1,0,34.375,0.059116,0,0,0,0,0,0,0,0,1,999,999,999,0,0,0,0,0,10,0.1066,3.8029e-07,9999,-1,937.5,6.9336,0.13324,0.86981,0.62387,-0.73691,-6,0.010785,0.86981,1,0.62387,0.7069,-1,-4.7253e-05,-0.86391,0,0,0,0,0,0,0,0
0,0,0,0,0,0,0,0,0.61119,1.0875,-0.21157,-1,-0.00012803,-3.2931e-05,2.3146e-05,1,0,0,0.88174,999,999,999,0.75277,0.58584,0.47603,0.96864,0.076652,1.3281e-06,9999,1,1,0,3.7109,0.14808,1,0,-0.17443,0.80569,-2.2828,0.17668,0.36342,2.0285,1,0.61119,0.79157,-0.78521,0,0,0,0,0,10,0.076652,1.3281e-06,9999,1,0,3.7109,0.14808,0.61119,0.79157,-0.78521,21,0.0096459,0.61119,-1,0.79157,0.87781,-1,-0.00012803,-0.74292,0,0,0,0,0,0,0,1
0.77611,0.20838,0.19445,-1,0,0,0,0,0.47298,0.20838,-0.68605,-1,-0.99365,-0.0452,0.041622,0,0,0,1.2793,-0.77611,-0.96451,-0.23296,0.61113,0.79814,1.5568,0,0,0,0,0,0,0,0,0,0,0,0,0,0,0,0,0,0,0,0,0,0,0,0,0,0,0,0,0,0,0,0,0,0,0,0,0,0,0.00039903,1.012,1,0.83529,0,0,0,0,0.77611,0.20838,0.19445,-1,1,0.0010546,0.96451,0
0,0,0,0,0,0,0,0,1.2493,0.74122,-0.57698,-1,-0.92017,-0.69756,0.056947,1,0,0,1.1957,-1.1727,0.80298,-0.84311,0.7619,1.9549,0.96758,0.24277,0.11497,4.945e-07,9999,1,-1,605.47,5.3223,0.19848,0,0,0,0,0,0,0,0,1,0.81102,0.40741,-0.19272,0,0,0,0,0,10,0.11497,4.945e-07,9999,-1,605.47,5.3223,0.19848,0.81102,0.40741,-0.19272,-0,0.02189,1.2493,-1,0.99603,0.66467,-1,-0.92017,-0.00061287,0,0,0,0,0,0,0,0
1.7149,0.59013,-0.69449,-1,0,0,0,0,1.4714,0.1513,-0.16356,1,-0.24652,0.12644,-0.0010201,0,0,0,2.1278,-1.7149,0.8193,-0.27863,0.9249,1.4685,1.551,0.81698,0.058422,1.2626e-06,9999,1,1,0,11.035,0.13014,0,0,0,0,0,0,0,0,1,1.7149,0.8193,-0.95978,0,0,0,0,0,10,0.058422,1.2626e-06,9999,1,0,11.035,0.13014,1.7149,0.8193,-0.95978,2,0.0073829,1.7149,-1,0.8193,0.24413,-1,-0.24652,-0.75862,0,0,0,0,0,0,0,0
0,0,0,0,0,0,0,0,0.80718,0.7541,-0.98557,1,0.16876,0,0,0,0,0,0.7929,999,999,999,0.9848,0,0,0,0,0,0,0,0,0,0,0,0,0,0,0,0,0,0,0,0,0,0,0,0,0,0,0,0,0,0,0,0,0,0,0,0,0,0,0,0,0.0053848,0.80718,1,0.97655,0,0,0,0,0,0,0,0,0,0,0,1
0,0,0,0,0,0,0,0,1.4601,0,-0.94269,-1,-0.033675,6.2096e-07,0,0,0,0,0.88257,999,999,999,1.008,0.24189,0,0.71666,0.19971,6.2096e-07,9999,1,1,546.88,3.418,0.24189,0,0,0,0,0,0,0,0,1,1.4601,0.98228,-0.57326,0,0,0,0,0,10,0.19971,6.2096e-07,9999,1,546.88,3.418,0.24189,1.4601,0.98228,-0.57326,5,0.0099765,1.4601,-1,0.98228,-0.57326,-1,-0.033675,-0.018677,0,0,0,0,0,0,0,0
0,0,0,0,0,0,0,0,0.60211,0.44769,0.31946,1,0.85611,0.0049275,-6.1201e-07,2,0,0,0.65765,0.60211,-0.78416,-0.12114,0.21441,0.59867,0.23938,0.71336,0.15907,3.5607e-07,9999,1,1,1250,7.8125,0.11303,0,0,0,0,0,0,0,0,1,999,999,999,0,0,0,0,0,0,0,0,0,0,0,0,0,0,0,0,0,0,0,0,0,0,0,0,0,0,0,0,0,0,0,0,0
0,0,0,0,0,0,0,0,1.8804,0.24308,0.24205,1,0.99384,0.00096079,-5.2822e-05,0,0,0,1.5971,1.8804,0.99007,-0.6232,0.47526,2.8209,0.60246,0.92109,0.12632,3.8128e-07,9999,1,-1,1035.2,10.059,0.134,0,0,0,0,0,0,0,0,1,1.8804,0.99007,-0.87184,0,0,0,0,0,10,0.12632,3.8128e-07,9999,-1,1035.2,10.059,0.134,1.8804,0.99007,-0.87184,-2,0.001861,1.8804,1,0.99007,0.92456,1,0.99384,0.75516,0,0,0,0,0,0,0,1
0,0,0,0,0,0,0,0,1.2628,0.53826,-0.94705,1,0.047884,0.010826,5.7033e-06,1,0,0,1.2948,1.2628,0.84935,-0.73893,1.0792,1.6799,0.34903,0.57165,0.19767,4.4116e-07,9999,1,-1,703.12,5.8105,0.17264,0,0,0,0,0,0,0,0,1,999,999,999,0,0,0,0,0,0,0,0,0,0,0,0,0,0,0,0,0,0.0017177,1.2628,1,0.84935,0.76264,1,5.7033e-06,0.0076192,0,0,0,0,0,0,0,1
0,0,0,0,0,0,0,0,0.73466,1.065,-0.29231,1,-0.99626,0.33676,-3.0638e-05,2,1,0.49772,0.72566,999,999,999,0.42107,1.1793,0.51059,0.7362,0.18311,1.2093e-06,9999,0,1,0,20.898,0.091883,0,0,0,0,0,0,0,0,1,999,999,999,0,0,0,0,0,0,0,0,0,0,0,0,0,0,0,0,0,0.026246,0.73466,1,0.98089,-0.22401,-1,-0.99626,-0.070967,0,0,0,0,0,0,0,0
0,0,0,0,0,0,0,0,1.5221,0.44428,-0.14435,-1,-0.040582,3.2431e-06,4.8313e-07,0,0,0,1.4885,999,999,999,1.4744,0.30607,0.19347,0.84621,0.19842,4.8313e-07,9999,1,1,644.53,4.248,0.19347,0,0,0,0,0,0,0,0,1,1.5221,0.97919,-0.75377,0,0,0,0,0,10,0.19842,4.8313e-07,9999,1,644.53,4.248,0.19347,1.5221,0.97919,-0.75377,0,0.0075688,1.5221,-1,0.97919,-0.75377,-1,-0.040582,-0.1007,0,0,0,0,0,0,0,0
0,0,0,0,0,0,0,0,1.1123,0.37991,0.16231,-1,-0.95917,-0.00036215,2.5911e-05,0,0,0,0.96855,999,999,999,0.84526,0.6927,0.48928,0,0,0,0,0,0,0,0,0,0,0,0,0,0,0,0,0,0,0,0,0,0,0,0,0,0,0,0,0,0,0,0,0,0,0,0,0,0,0.01286,1.1123,-1,0.59387,0,0,0,0,0,0,0,0,0,0,0,0
0,0,0,0,0,0,0,0,0.76892,1.2279,-0.89386,1,-0.0032872,0.00065751,-0.00017638,1,0,0,0.96745,999,999,999,0.53827,0.83194,0.69478,0,0,0,0,0,0,0,0,0,0,0,0,0,0,0,0,0,0,0,0,0,0,0,0,0,0,0,0,0,0,0,0,0,0,0,0,0,0,0.014113,0.76892,1,0.96985,0,0,0,0,0,0,0,0,0,0,0,0
0,0,0,0,0.62983,0.76541,0.8923,-1,0.40279,0.76541,-0.79132,-1,0.40822,-9.5414e-05,-4.8444e-05,2,1,0.4998,0.97089,999,999,999,1.0838,0.78698,0.56105,0.29453,0.19849,4.501e-07,9999,1,1,673.83,4.7852,0.17743,0,0,0,0,0,0,0,0,1,0.62983,0.72081,-0.36958,0,0,0,0,0,10,0.19849,4.501e-07,9999,1,673.83,4.7852,0.17743,0.62983,0.72081,-0.36958,0,0.027373,0.68414,1,0.90053,0.59,-1,-3.9007e-06,-0.0023878,0,0,0,0,0,0,0,0
0.66156,0.48464,0.75334,-1,0,0,0,0,0.42286,0.42498,-0.17215,-1,0.99999,-0.071857,0.00057897,1,2,0.50342,0.78503,999,999,999,0.21767,0.84662,0.37545,0.86523,0.17417,8.1195e-07,9999,1,-1,454.1,4.5898,0.28347,0,1,0,0,0,0,0,0,1,999,999,999,0,0,0,0,0,0,0,0,0,0,0,0,0,0,0,0,0,0.02756,0.66156,-1,0.9683,-0.88695,1,0.99999,0.34878,0.66156,0.48464,0.75334,-1,1,0.02756,0.9683,0
0,0,0,0,0,0,0,0,0.739,1.3705,0.50157,1,0.11055,0.083289,-4.9984e-05,0,0,0,0.80932,999,999,999,1.157,0.89993,0.43665,0.57547,0.23029,5.8647e-07,9999,1,-1,576.17,4.541,0.23184,0,0,0,0,0,0,0,0,1,999,999,999,0,0,0,0,0,0,0,0,0,0,0,0,0,0,0,0,0,0.0078,0.739,1,0.91134,0.41636,1,0.11055,0.00048487,0,0,0,0,0,0,0,1
0,0,0,0,0,0,0,0,0.51267,0.67159,0.45929,1,0.00027714,-0.00020359,4.5738e-05,1,1,0.49735,1.0024,999,999,999,0.93178,0.23497,0.57318,0.60948,0.1972,7.9238e-07,9999,1,-1,522.46,3.3203,0.28001,0,0,0,0,0,0,0,0,1,0.51267,0.32521,-0.94785,0,0,0,0,0,10,0.20756,0.00020359,9999,-1,620.12,0,0.23497,0.76073,0.85214,-0.84353,-0,0.0021411,0.76073,1,0.85214,0.61376,1,4.5738e-05,0.0020481,0,0,0,0,0,0,0,1
1.5811,0.085648,-0.97685,-1,0.60692,0.85762,0.73307,1,0,0,0,0,-0.0013429,0.00029179,0,0,0,0,1.6504,999,999,999,1.8934,0.8535,0,0,0,0,0,0,0,0,0,0,0,0,0,0,0,0,0,0,0,0,0,0,0,0,0,0,0,0,0,0,0,0,0,0,0,0,0,0,0,0.0017289,1.5811,-1,0.99802,0,0,0,0,0,0,0,0,0,0,0,0
0.51369,1.5031,-0.80028,-1,0,0,0,0,0.69939,0.78991,-0.13413,-1,0.96412,-0.19216,-0.0006713,2,1,0.4953,1.0905,999,999,999,0.35944,1.1367,0.8224,0,0,0,0,0,0,0,0,0,0,0,0,0,0,0,0,0,0,0,0,0,0,0,0,0,0,0,0,0,0,0,0,0,0,0,0,0,0,0.015205,0.51369,-1,0.30278,0,0,0,0,0.51369,1.5031,-0.80028,-1,1,0.015205,0.30278,1
0,0,0,0,0,0,0,0,0.57574,0.53356,0.56954,-1,0.35826,-4.8766e-05,3.4908e-05,0,0,0,1.1969,999,999,999,1.2241,0.58619,0.52895,0.88886,0.16956,6.4143e-07,9999,1,1,527.34,4.2969,0.24739,0,0,0,0,0,0,0,0,1,0.57574,0.42073,-0.086173,0,0,0,0,0,10,0.16956,6.4143e-07,9999,1,527.34,4.2969,0.24739,0.57574,0.42073,-0.086173,0,0.012993,0.83199,1,0.90829,0.086215,-1,-1.8737e-05,-0.46772,0,0,0,0,0,0,0,0
0,0,0,0,0,0,0,0,1.349,0.88162,-0.95177,-1,-0.95309,-0.0043289,0.00025719,1,0,0,1.6057,-1.349,0.91271,-0.038499,0.6062,1.5882,0.88985,0,0,0,0,0,0,0,0,0,0,0,0,0,0,0,0,0,0,0,0,0,0,0,0,0,0,0,0,0,0,0,0,0,0,0,0,0,0,0.0043409,1.349,-1,0.91271,0,0,0,0,0,0,0,0,0,0,0,0
0,0,0,0,0,0,0,0,0.84458,1.5574,-0.96006,-1,-0.98947,-0.96372,0.00042954,0,0,0,1.197,999,999,999,0.68781,0.64644,1.0101,0.88775,0.21746,6.7441e-07,9999,1,-1,537.11,5.0293,0.25561,0,0,0,0,0,0,0,0,1,0.50285,0.95133,-0.70401,0,0,0,0,0,10,0.21746,6.7441e-07,9999,-1,537.11,5.0293,0.25561,0.50285,0.95133,-0.70401,-6,0.0119,0.84458,-1,0.92752,0.49125,1,0.00042954,0.060644,0,0,0,0,0,0,0,0
0,0,0,0,0,0,0,0,0.93566,0.92084,-0.38602,1,0.099132,-0.00018084,2.0955e-05,3,0,0,0.68401,999,999,999,1.5313,0.19529,0.46496,0.32627,0.1892,5.3776e-07,9999,1,-1,566.41,4.9805,0.21556,0,0,0,0,0,0,0,0,1,999,999,999,0,0,0,0,0,0,0,0,0,0,0,0,0,0,0,0,0,0,0,0,0,0.34699,1,0.099132,0.0058084,0,0,0,0,0,0,0,0
0,0,0,0,0,0,0,0,0.94794,0.55554,-0.54239,-1,-0.066898,4.3858e-07,0,0,0,0,0.85697,999,999,999,1.3092,0.17122,0,0,0,0,0,0,0,0,0,0,0,0,0,0,0,0,0,0,0,0,0,0,0,0,0,0,0,0,0,0,0,0,0,0,0,0,0,0,0,0.0027307,0.94794,-1,0.61673,0,0,0,0,0,0,0,0,0,0,0,1
1.1809,0.68813,-0.4952,-1,0,0,0,0,0.70624,0.88113,0.16817,1,-0.012244,8.3404e-05,0,0,0,0,1.3762,999,999,999,1.3706,0.74704,0,0,0,0,0,0,0,0,0,0,0,0,0,0,0,0,0,0,0,0,0,0,0,0,0,0,0,0,0,0,0,0,0,0,0,0,0,0,0,0.001242,1.1809,-1,0.97747,0,0,0,0,0,0,0,0,0,0,0,0
0,0,0,0,0,0,0,0,0.99685,0.5535,-0.62563,1,0.97123,0.00091775,-4.3425e-07,0,0,0,1.4958,999,999,999,1.3412,1.1655,0.1688,0.78429,0.10421,3.8382e-07,9999,1,-1,957.03,6.2012,0.13593,0,0,0,0,0,0,0,0,1,999,999,999,0,0,0,0,0,10,0.24967,4.3425e-07,9999,-1,771.48,5.5176,0.1688,0.99685,0.56185,-0.59574,-0,0.0024503,1.1046,1,0.77366,0.98873,1,0.97123,0.6521,0,0,0,0,0,0,0,1
0,0,0,0,1.1344,0.42944,-0.4846,-1,1.1158,2.2294,-0.98902,-1,-0.086786,-0.025641,2.9759e-05,0,0,0,1.4989,999,999,999,1.6159,1.4003,0.50676,0,0,0,0,0,0,0,0,0,0,0,0,0,0,0,0,0,0,0,0,0,0,0,0,0,0,0,0,0,0,0,0,0,0,0,0,0,0,0.0072827,1.1158,-1,0.91697,0,0,0,0,0,0,0,0,0,0,0,1
0.29451,0.17255,0.12237,1,0,0,0,0,1.4771,0.22593,-0.94394,1,0.0020269,1.1121e-05,4.8265e-06,2,1,0.49566,0.81297,999,999,999,0.9577,0.40372,0.45232,0.2755,0.067262,1.2114e-06,9999,1,-1,0,2.8076,0.085135,0,0,0,0,0,0,0,0,1,999,999,999,0,0,0,0,0,10,0.10146,4.5729e-07,9999,-1,634.77,6.25,0.18113,1.4771,0.99869,-0.31529,-11,0,0,0,0,0.97637,1,4.8265e-06,0.42987,0.29451,0.17255,0.12237,1,1,0.031415,0.47902,0
0,0,0,0,0,0,0,0,0.51767,0.23477,-0.98862,-1,-0.00053707,3.7598e-07,0,1,0,0,0.51821,999,999,999,0.5678,0.12989,0,0,0,0,0,0,0,0,0,0,0,0,0,0,0,0,0,0,0,0,0,0,0,0,0,0,0,0,0,0,0,0,0,0,0,0,0,0,0,0.018045,0.51767,-1,0.9729,0,0,0,0,0,0,0,0,0,0,0,1
0,0,0,0,0,0,0,0,1.9665,0.65163,-0.67149,1,0.95664,0.045511,-7.7633e-07,0,0,0,1.6252,0.88574,0.98518,-0.98364,1.5138,1.3564,0.27707,0,0,0,0,0,0,0,0,0,0,0,0,0,0,0,0,0,0,0,0,0,0,0,0,0,0,0,0,0,0,0,0,0,0,0,0,0,0,0.0088013,1.9665,1,0.9761,0,0,0,0,0,0,0,0,0,0,0,1
0,0,0,0,0,0,0,0,0.92791,1.2162,-0.34939,-1,-0.11061,-0.025613,7.4505e-07,1,0,0,1.0574,999,999,999,1.6134,1.1484,0.27102,0.69782,0.17419,7.4505e-07,9999,1,1,488.28,4.2969,0.27102,0,0,0,0,0,0,0,0,1,999,999,999,0,0,0,0,0,0,0,0,0,0,0,0,0,0,0,0,0,0.010759,0.92791,-1,0.65804,0.83113,-1,-0.11061,-0.08687,0,0,0,0,0,0,0,0
0,0,0,0,0,0,0,0,1.1942,0.27774,0.1699,1,0.035599,-0.011915,0.00014323,0,0,0,1.4768,999,999,999,1.395,1.0399,0.67337,0,0,0,0,0,0,0,0,0,0,0,0,0,0,0,0,0,0,0,0,0,0,0,0,0,0,0,0,0,0,0,0,0,0,0,0,0,0,0.018721,1.1942,1,0.91349,0,0,0,0,0,0,0,0,0,0,0,1
0,0,0,0,0,0,0,0,1.1067,1.3703,-0.99361,1,-0.97385,0.74738,0.043456,1,0,0,1.2097,-0.62036,-0.91783,-0.78033,0.84871,0.79184,0.85659,0,0,0,0,0,0,0,0,0,0,0,0,0,0,0,0,0,0,0,0,0,0,0,0,0,0,0,0,0,0,0,0,0,0,0,0,0,0,0.091149,1.1067,1,0.72028,0,0,0,0,0,0,0,0,0,0,0,0
0,0,0,0,0,0,0,0,0.8084,1.2796,-0.36346,-1,-0.16119,0.00063642,0.00023919,0,0,0,1.3125,-0.8084,0.8637,-0.45231,0.96343,0.72273,0.44328,0,0,0,0,0,0,0,0,0,0,0,0,0,0,0,0,0,0,0,0,0,0,0,0,0,0,0,0,0,0,0,0,0,0,0,0,0,0,0.0051878,0.91736,-1,0.73427,0,0,0,0,0,0,0,0,0,0,0,1
0,0,0,0,0,0,0,0,1.5241,0.040265,0.7184,-1,0.96811,-0.032749,0,0,0,0,2.2326,999,999,999,2.0058,1.3329,0,0,0,0,0,0,0,0,0,0,0,0,0,0,0,0,0,0,0,0,0,0,0,0,0,0,0,0,0,0,0,0,0,0,0,0,0,0,0,0.00046798,1.7816,1,0.91181,0,0,0,0,0,0,0,0,0,0,0,0
0,0,0,0,0,0,0,0,0.79912,0.76506,0.46789,1,0.90198,-1.8078e-05,-1.271e-06,0,0,0,0.85094,999,999,999,1.1464,0.44941,0.053181,0.91338,0.12628,4.5584e-07,9999,0,1,673.83,6.1523,0.18039,0,0,0,0,0,0,0,0,1,0.57222,0.89857,-0.79237,0,0,0,0,0,10,0.12125,1.271e-06,9999,-1,0,42.188,0.053181,0.79912,0.94046,-0.2626,-5,0.004784,0.79912,1,0.94046,-0.2626,1,0.90198,0.3501,0,0,0,0,0,0,0,0
1.3487,1.5134,-0.83947,1,0,0,0,0,0.79514,0.30753,0.93149,-1,-0.00035152,-4.146e-05,3.6587e-05,1,1,0.49449,1.601,-0.50912,0.18005,-0.14526,0.73009,0.5503,1.7164,0,0,0,0,0,0,0,0,0,0,0,0,0,0,0,0,0,0,0,0,0,0,0,0,0,0,0,0,0,0,0,0,0,0,0,0,0,0,0.0093719,1.3487,1,0.76072,0,0,0,0,0,0,0,0,0,0,0,1
0.45832,1.3482,-0.83548,-1,0,0,0,0,1.0145,0.63177,-0.70246,1,-0.82433,0.55221,-0.0048285,0,0,0,0.96457,-0.70863,-0.79001,-0.29181,0.70281,1.69,1.0214,0,0,0,0,0,0,0,0,0,0,0,0,0,0,0,0,0,0,0,0,0,0,0,0,0,0,0,0,0,0,0,0,0,0,0,0,0,0,0.034683,1.0145,1,0.90353,0,0,0,0,0.45832,1.3482,-0.83548,-1,1,0.0049692,0.61234,1
0,0,0,0,0,0,0,0,1.1144,0.94047,-0.80589,-1,0.59676,-0.010661,0.00026003,1,0,0,1.1049,999,999,999,0.93603,0.97323,0.2816,0,0,0,0,0,0,0,0,0,0,0,0,0,0,0,0,0,0,0,0,0,0,0,0,0,0,0,0,0,0,0,0,0,0,0,0,0,0,0.00068618,1.1144,-1,0.9252,0,0,0,0,0,0,0,0,0,0,0,1
0,0,0,0,0,0,0,0,1.6056,1.1872,-0.97317,-1,-0.90136,0.0037473,6.3046e-05,1,0,0,1.8434,-0.84253,-0.86852,-0.97303,2.4707,1.1232,0.64694,0.27981,0.058846,1.2093e-06,9999,1,1,0,20.703,0.092124,0,0,0,0,0,0,0,0,1,1.6056,0.94111,-0.048628,0,0,0,0,0,10,0.058846,1.2093e-06,9999,1,0,20.703,0.092124,1.6056,0.94111,-0.048628,0,0.030634,1.6056,-1,0.94111,-0.048628,-1,-0.90136,-0.63698,0,0,0,0,0,0,0,0
0,0,0,0,0,0,0,0,0.64543,0.36367,-0.17315,1,0.96442,-7.5681e-06,-5.4804e-07,0,0,0,0.75106,999,999,999,0.72951,0.37143,0.21923,0.83095,0.16027,5.4804e-07,9999,1,-1,541.99,4.834,0.21923,0,0,0,0,0,0,0,0,1,999,999,999,0,0,0,0,0,0,0,0,0,0,0,0,0,0,0,0,0,0.020462,0.64543,1,0.78339,0.40917,1,0.96442,0.38328,0,0,0,0,0,0,0,1
0,0,0,0,0,0,0,0,0.74249,0.80217,0.44302,-1,-0.036074,0.013999,-0.00049582,2,1,0.49849,0.86702,-0.56829,-0.51006,-0.54246,1.0615,0.69866,0.28021,0.28857,0.20809,0.00049582,9999,1,-1,571.29,0,0.28021,0,0,0,0,0,0,0,0,1,999,999,999,0,0,0,0,0,0,0,0,0,0,0,0,0,0,0,0,0,0.0025549,0.74249,-1,0.87601,0.6072,1,0.013999,0.0010861,0,0,0,0,0,0,0,1
0,0,0,0,0,0,0,0,0.35347,0.78227,-0.19927,-1,-0.95092,-6.6403e-06,5.1282e-06,0,0,0,0.60481,999,999,999,0.50426,0.36096,0.34081,0.85355,0.17148,4.0302e-07,9999,0,-1,908.2,6.6406,0.14957,0,0,0,0,0,0,0,0,1,999,999,999,0,0,0,0,0,0,0,0,0,0,0,0,0,0,0,0,0,0,0,0,0,0.95613,-1,-0.95092,-0.28671,0,0,0,0,0,0,0,1
0,0,0,0,0,0,0,0,0.7242,0.72654,0.11479,-1,0.5442,-0.11542,8.6625e-05,0,0,0,0.9881,0.52091,-0.26601,-0.29797,0.6884,0.87597,0.70627,0,0,0,0,0,0,0,0,0,0,0,0,0,0,0,0,0,0,0,0,0,0,0,0,0,0,0,0,0,0,0,0,0,0,0,0,0,0,0.0019532,0.73783,-1,0.79403,0,0,0,0,0,0,0,0,0,0,0,1
0,0,0,0,0,0,0,0,0.94048,1.2435,-0.97646,-1,-0.99748,-0.88551,0.23382,3,0,0,0.7876,-0.94048,-0.76833,-0.538,0.53481,0.57456,1.0486,0.84098,0.16555,1.2124e-06,9999,1,1,0,18.359,0.083539,0,0,0,0,0,0,0,0,1,999,999,999,0,0,0,0,0,0,0,0,0,0,0,0,0,0,0,0,0,0.0065779,0.94048,-1,0.76833,0.97435,-1,-0.88551,-0.36116,0,0,0,0,0,0,0,0
0,0,0,0,0.94475,0.79952,-0.56798,-1,0.65481,0.86712,0.96544,-1,-0.049444,0.00021159,0.00013544,2,0,0,1.3051,-0.65481,0.92526,-0.75994,0.90324,0.72387,0.71599,0.85387,0.18178,2.3901e-06,9999,1,-1,0,4.5898,0.24424,0,0,0,0,0,0,0,0,1,0.61933,0.6923,-0.22174,0,0,0,0,0,10,0.18178,2.3901e-06,9999,-1,0,4.5898,0.24424,0.61933,0.6923,-0.22174,-5,0.0047531,0.65481,-1,0.92526,0.26298,1,1.2602e-06,0.24538,0,0,0,0,0,0,0,1
0,0,0,0,0,0,0,0,1.0679,0.33323,-0.98314,1,0.99057,1.6466e-05,-5.7049e-06,0,0,0,0.71206,999,999,999,0.67853,0.44004,0.34905,0,0,0,0,0,0,0,0,0,0,0,0,0,0,0,0,0,0,0,0,0,0,0,0,0,0,0,0,0,0,0,0,0,0,0,0,0,0,0.013949,1.0679,1,0.86102,0,0,0,0,0,0,0,0,0,0,0,1
0,0,0,0,0,0,0,0,0.641,0.67952,-0.33122,-1,0.0027639,-3.5738e-05,7.1823e-06,1,0,0,0.8972,999,999,999,0.70559,0.59138,0.36722,0,0,0,0,0,0,0,0,0,0,0,0,0,0,0,0,0,0,0,0,0,0,0,0,0,0,0,0,0,0,0,0,0,0,0,0,0,0,0.0043822,0.641,-1,0.85502,0,0,0,0,0,0,0,0,0,0,0,0
0,0,0,0,0,0,0,0,0.45107,0,0.50782,1,0.012812,-5.1646e-05,-2.527e-05,0,0,0,1.1044,999,999,999,1.568,0.59837,0.48627,0,0,0,0,0,0,0,0,0,0,0,0,0,0,0,0,0,0,0,0,0,0,0,0,0,0,0,0,0,0,0,0,0,0,0,0,0,0,0.012198,1.0415,1,0.80661,0,0,0,0,0,0,0,0,0,0,0,1
0,0,0,0,0,0,0,0,0.92305,1.0838,0.58384,-1,0.99998,-0.99858,-0.042906,0,0,0,0.93937,999,999,999,0.25891,0.49339,1.4239,0.65642,0.13879,4.9538e-07,9999,1,1,566.41,5.2246,0.19885,0,0,0,0,0,0,0,0,1,0.92305,0.88918,-0.27859,0,0,0,0,0,10,0.13879,4.9538e-07,9999,1,566.41,5.2246,0.19885,0.92305,0.88918,-0.27859,6,0.018248,0.92305,-1,0.88918,-0.77769,-1,-0.99858,-0.29936,0,0,0,0,0,0,0,1
0,0,0,0,0,0,0,0,0.48539,1.5748,-0.93137,-1,0.0021174,-0.00021595,-1.2094e-06,2,0,0,0.60024,999,999,999,0.53214,0.72312,0.094354,0.93,0.11396,3.4319e-07,9999,1,-1,1835.9,12.402,0.10079,0,0,0,0,0,0,0,0,1,999,999,999,0,0,0,0,0,0,0,0,0,0,0,0,0,0,0,0,0,0,0,0,0,-0.10222,1,0.0021174,0.76429,0,0,0,0,0,0,0,1
0,0,0,0,0,0,0,0,0.98588,0.68411,-0.62075,-1,-0.98279,-0.92588,0.00054812,1,0,0,1.0357,999,999,999,0.78289,1.1874,0.55895,0.76394,0.17256,6.8341e-07,9999,1,1,561.52,4.541,0.25772,0,0,0,0,0,0,0,0,1,0.98588,0.87638,-0.61705,0,0,0,0,0,10,0.17256,6.8341e-07,9999,1,561.52,4.541,0.25772,0.98588,0.87638,-0.61705,5,0.010202,0.98588,-1,0.87638,-0.50519,-1,-0.92588,-0.15739,0,0,0,0,0,0,0,0
0,0,0,0,0,0,0,0,0.94217,0,-0.98006,1,0.067093,0,0,0,0,0,0.81499,999,999,999,1.3363,0,0,0,0,0,0,0,0,0,0,0,0,0,0,0,0,0,0,0,0,0,0,0,0,0,0,0,0,0,0,0,0,0,0,0,0,0,0,0,0,0.010724,0.94217,1,0.99125,0,0,0,0,0,0,0,0,0,0,0,0
1.6608,0.19821,-0.86077,-1,0,0,0,0,0.39477,1.2118,0.60861,1,0.97033,-0.48919,-4.2894e-05,0,0,0,1.7523,999,999,999,0.50187,0.64639,1.8165,0.99113,0.14056,4.856e-07,9999,1,1,620.12,5.2734,0.19458,0,0,0,0,0,0,0,0,1,1.6608,0.98935,-0.99714,0,0,0,0,0,10,0.14056,4.856e-07,9999,1,620.12,5.2734,0.19458,1.6608,0.98935,-0.99714,5,0.0065941,1.6608,-1,0.98935,0.96799,-1,-0.48919,-0.88868,0,0,0,0,0,0,0,0
0,0,0,0,1.1722,0.56718,0.41422,-1,0.57459,0.27964,-0.62411,1,-0.99999,-0.038263,5.4626e-05,0,0,0,1.3074,999,999,999,0.22129,1.367,0.61051,0.36759,0.1848,0.99999,9999,1,-1,3007.8,21.484,0.22129,0,0,0,0,0,0,0,0,1,0.57459,0.96183,-0.13106,0,0,0,0,0,10,0.1848,0.99999,9999,-1,3007.8,21.484,0.22129,0.57459,0.96183,-0.13106,-3,0.0037703,1.1722,-1,0.9726,-0.13106,1,5.4626e-05,1.8315e-05,0,0,0,0,0,0,0,0
1.8174,0.11274,-0.59398,-1,0,0,0,0,0.4888,0.41765,0.25772,-1,-0.99984,-8.4597e-05,5.4936e-05,1,0,0,1.8411,-1.8174,0.94273,-0.92834,0.37091,2.421,0.61171,0.99672,0.12025,3.4489e-07,9999,0,1,148.93,18.555,0.10247,0,0,0,0,0,0,0,0,1,1.8174,0.94273,-0.96433,0,0,0,0,0,10,0.12025,3.4489e-07,9999,1,148.93,18.555,0.10247,1.8174,0.94273,-0.96433,2,0.00096409,1.8174,-1,0.94273,0.99342,-1,-0.99984,-0.90269,0,0,0,0,0,0,0,0
0,0,0,0,0,0,0,0,0.93856,0,-0.65249,1,0.96162,-0.23015,0.0002887,0,0,0,0.8863,0.93856,-0.79587,-0.033011,0.59323,1.3518,0.59474,0.56262,0.090064,1.4788e-06,9999,1,-1,0,5.8105,0.17421,0,0,0,0,0,0,0,0,1,0.93856,0.79587,-0.74147,0,0,0,0,0,10,0.090064,1.4788e-06,9999,-1,0,5.8105,0.17421,0.93856,0.79587,-0.74147,-2,0.025996,0.93856,1,0.79587,0.26938,1,0.96162,0.60546,0,0,0,0,0,0,0,1
0,0,0,0,0,0,0,0,0.75246,1.3441,-0.33254,1,0.9814,-7.5745e-05,-5.6154e-05,3,2,0.49402,1.0335,999,999,999,0.7221,0.59723,0.51919,0.97346,0.13148,4.0857e-07,9999,1,1,820.31,3.8086,0.15323,0,0,0,0,0,0,0,0,1,999,999,999,0,0,0,0,0,10,0.16196,2.4688e-06,9999,-1,0,4.4434,0.24789,0.75246,0.58571,-0.83918,-0,0.026174,0.75246,1,0.58571,0.77368,1,0.9814,0.38932,0,0,0,0,0,0,0,1
0.82325,0.92713,-0.52221,1,0,0,0,0,0.1368,1.3017,-0.63066,-1,0.00028804,4.4028e-05,-5.2476e-06,0,0,0,0.88564,999,999,999,0.63933,0.56458,0.34258,0.060407,0.1368,4.9946e-07,9999,1,-1,625,4.9805,0.20059,0,0,0,0,0,0,0,0,1,0.82325,0.9217,-0.23896,0,0,0,0,0,10,0.1368,4.9946e-07,9999,-1,625,4.9805,0.20059,0.82325,0.9217,-0.23896,-0,0.028228,0.82325,1,0.9217,0.1874,1,4.4028e-05,0.091041,0.82325,0.92713,-0.52221,1,1,0.028228,0.9217,0
0,0,0,0,0.7173,0,0.48725,-1,1.6788,0.72504,-0.95867,-1,-0.93853,-0.054358,-0.0022684,1,0,0,1.8109,-0.7173,0.78918,-0.24255,1.8958,1.1221,0.4924,0.92436,0.24002,5.2076e-07,9999,1,1,532.23,7.7148,0.20918,0,0,0,0,0,0,0,0,1,0.7173,0.78918,-0.90847,0,0,0,0,0,10,0.24002,5.2076e-07,9999,1,532.23,7.7148,0.20918,0.7173,0.78918,-0.90847,5,0.024891,1.6788,-1,0.78253,0.57537,-1,-0.93853,-0.026689,0,0,0,0,0,0,0,0
0,0,0,0,0,0,0,0,1.5658,0.39819,-0.99078,-1,0.9995,-0.084076,0.00063565,1,0,0,1.428,999,999,999,0.35349,2.3504,0.38397,0,0,0,0,0,0,0,0,0,0,0,0,0,0,0,0,0,0,0,0,0,0,0,0,0,0,0,0,0,0,0,0,0,0,0,0,0,0,0.011895,1.5658,-1,0.88481,0,0,0,0,0,0,0,0,0,0,0,1
0,0,0,0,0,0,0,0,1.8144,0.3335,-0.050214,-1,0.75339,-0.069105,-3.5283e-07,0,0,0,1.4598,999,999,999,0.85769,1.3358,0.11007,0.95693,0.13938,3.5283e-07,9999,1,-1,976.56,10.449,0.11007,0,0,0,0,0,0,0,0,1,999,999,999,0,0,0,0,0,0,0,0,0,0,0,0,0,0,0,0,0,0.01153,1.8144,-1,0.92283,0.66153,1,0.75339,0.81349,0,0,0,0,0,0,0,1
0,0,0,0,0,0,0,0,1.1495,0.42449,-0.36078,1,-0.97833,0.78269,0.15288,0,0,0,1.5249,999,999,999,0.74089,0.59159,1.3393,0,0,0,0,0,0,0,0,0,0,0,0,0,0,0,0,0,0,0,0,0,0,0,0,0,0,0,0,0,0,0,0,0,0,0,0,0,0,0.0099011,1.1495,1,0.94358,0,0,0,0,0,0,0,0,0,0,0,1
0,0,0,0,1.7897,0.73728,-0.52406,1,0.54759,0.48621,-0.12748,1,0.99697,0.00053746,-0.00024145,0,0,0,1.9107,999,999,999,0.53961,2.5273,0.93235,0,0,0,0,0,0,0,0,0,0,0,0,0,0,0,0,0,0,0,0,0,0,0,0,0,0,0,0,0,0,0,0,0,0,0,0,0,0,0.001374,1.7897,1,0.94006,0,0,0,0,0,0,0,0,0,0,0,1
1.9042,0.25664,-0.88613,-1,0,0,0,0,0.21537,1.2384,-0.8048,1,-0.9999,-0.00013208,1.2591e-06,1,0,0,1.6785,-1.9042,-0.97871,-0.1106,0.34121,1.6337,0.12892,0.96739,0.056717,1.2591e-06,9999,0,1,0,9.668,0.12892,0,0,0,0,0,0,0,0,1,1.9042,0.97871,-0.99847,0,0,0,0,0,10,0.056717,1.2591e-06,9999,1,0,9.668,0.12892,1.9042,0.97871,-0.99847,2,0.0051863,1.9042,-1,0.97871,0.055983,-1,-0.9999,-0.84669,0,0,0,0,0,0,0,0
0,0,0,0,0,0,0,0,0.53195,0.28322,0.96966,-1,-0.99825,-0.011481,0.00046989,0,0,0,1.0159,-0.53195,0.99291,-0.95511,0.50113,0.77844,0.77119,0,0,0,0,0,0,0,0,0,0,0,0,0,0,0,0,0,0,0,0,0,0,0,0,0,0,0,0,0,0,0,0,0,0,0,0,0,0,0.013516,0.75687,1,0.93697,0,0,0,0,0,0,0,0,0,0,0,0
0,0,0,0,0,0,0,0,0.31756,0.35148,0.51989,-1,0.99634,-0.00017794,-3.8066e-06,3,0,0,0.44432,999,999,999,0.42027,0.1858,0.31813,0.86444,0.079296,3.7796e-07,9999,0,1,1171.9,11.133,0.13144,0,0,0,0,0,0,0,0,1,999,999,999,0,0,0,0,0,0,0,0,0,0,0,0,0,0,0,0,0,0,0,0,0,0.78747,1,0.99634,0.24365,0,0,0,0,0,0,0,0
0,0,0,0,1.5597,0.38048,-0.74028,1,0.35395,0.50175,-0.023443,-1,0.9942,0.0273,-2.8842e-05,0,0,0,1.6149,1.5597,-0.94358,-0.79347,0.61233,1.5685,0.50267,0,0,0,0,0,0,0,0,0,0,0,0,0,0,0,0,0,0,0,0,0,0,0,0,0,0,0,0,0,0,0,0,0,0,0,0,0,0,0.0075791,1.5597,1,0.94358,0,0,0,0,0,0,0,0,0,0,0,1
0.70234,0.4981,-0.35514,-1,1.5942,0.69173,-0.87757,1,0.26086,0.13337,0.054862,1,0.9946,-0.21486,0.10776,0,0,0,1.3383,999,999,999,0.47626,0.61188,1.2115,0.77709,0.24011,4.9146e-07,9999,1,-1,634.77,5.3711,0.19716,0,0,0,0,0,0,0,0,1,1.5942,0.72985,-0.13692,0,0,0,0,0,10,0.24011,4.9146e-07,9999,-1,634.77,5.3711,0.19716,1.5942,0.72985,-0.13692,-0,0.0041855,1.5942,1,0.72985,-0.95166,1,0.9946,0.0011841,0.70234,0.4981,-0.35514,-1,1,0.0087748,0.74683,1
0,0,0,0,0.72596,0.58935,0.5844,-1,1.1036,0.54885,-0.99755,-1,-0.93826,-0.029925,0.0002009,1,0,0,1.2987,-0.72596,0.81513,-0.62784,1.2118,1.1423,0.2316,0,0,0,0,0,0,0,0,0,0,0,0,0,0,0,0,0,0,0,0,0,0,0,0,0,0,0,0,0,0,0,0,0,0,0,0,0,0,0.0042291,1.1036,-1,0.93433,0,0,0,0,0,0,0,0,0,0,0,0
0,0,0,0,0,0,0,0,0.40697,0.79677,0.89491,1,-0.042618,8.5058e-06,-4.9517e-07,0,0,0,0.49267,999,999,999,0.26782,0.38097,0.19876,0.77873,0.2378,4.9517e-07,9999,1,-1,673.83,3.7598,0.19876,0,0,0,0,0,0,0,0,1,999,999,999,0,0,0,0,0,0,0,0,0,0,0,0,0,0,0,0,0,0,0,0,0,0.33062,1,8.5058e-06,0.0014948,0,0,0,0,0,0,0,1
0,0,0,0,0,0,0,0,0.43701,1.3058,-0.28309,-1,0.9917,0.97922,-3.1642e-05,0,0,0,1.0162,999,999,999,0.63985,0.76574,0.51499,0.34393,0.19217,6.6295e-07,9999,1,1,605.47,4.248,0.25283,0,0,0,0,0,0,0,0,1,999,999,999,0,0,0,0,0,0,0,0,0,0,0,0,0,0,0,0,0,0.00098832,0.61883,1,0.83722,0.10584,-1,-4.8303e-06,-0.0049008,0,0,0,0,0,0,0,1
0,0,0,0,0,0,0,0,1.2442,0.36387,-0.89214,-1,-0.96363,0.00017436,4.77e-07,1,0,0,1.0602,999,999,999,1.0384,0.16348,0.19067,0.83589,0.15121,4.77e-07,9999,1,1,615.23,4.248,0.19067,0,0,0,0,0,0,0,0,1,999,999,999,0,0,0,0,0,10,0.19153,0.00017436,9999,1,732.42,0,0.16348,1.2442,0.82928,-0.41706,6,0.010272,1.2442,-1,0.82928,0.38931,-1,-0.96363,-0.46779,0,0,0,0,0,0,0,0
0,0,0,0,0,0,0,0,0.47797,0.26813,-0.29814,-1,1,5.2125e-06,-5.0434e-06,0,0,0,0.61156,999,999,999,0.1979,0.34206,0.33953,0.8766,0.20879,1.1947e-06,9999,0,-1,488.28,3.1006,0.22946,0,0,0,0,0,0,0,0,1,999,999,999,0,0,0,0,0,0,0,0,0,0,0,0,0,0,0,0,0,0,0,0,0,0.131,1,1,0.087359,0,0,0,0,0,0,0,1
0,0,0,0,0,0,0,0,0.96747,0.078221,-0.87779,-1,-0.018301,0.00025193,-4.0841e-06,1,0,0,0.98753,999,999,999,1.2275,0.2766,0.32345,0,0,0,0,0,0,0,0,0,0,0,0,0,0,0,0,0,0,0,0,0,0,0,0,0,0,0,0,0,0,0,0,0,0,0,0,0,0,0.0072116,0.96747,-1,0.991,0,0,0,0,0,0,0,0,0,0,0,1
0,0,0,0,0.87907,0.053984,-0.9908,1,0.31551,0.32519,-0.84247,-1,0.032594,1.5592e-05,-1.4422e-05,1,0,0,0.87337,999,999,999,1.2043,0.43471,0.42727,0,0,0,0,0,0,0,0,0,0,0,0,0,0,0,0,0,0,0,0,0,0,0,0,0,0,0,0,0,0,0,0,0,0,0,0,0,0,0.0026102,0.87907,1,0.97756,0,0,0,0,0,0,0,0,0,0,0,1
0,0,0,0,0,0,0,0,0.55018,1.0118,0.13232,1,8.823e-05,5.5349e-07,0,0,0,0,0.54852,999,999,999,0.7156,0.22112,0,0.75085,0.12915,5.5349e-07,9999,1,1,507.81,5.0293,0.22112,0,0,0,0,0,0,0,0,1,999,999,999,0,0,0,0,0,0,0,0,0,0,0,0,0,0,0,0,0,0.01927,0.55018,1,0.9264,0,0,0,0,0,0,0,0,0,0,0,0
0,0,0,0,0,0,0,0,1.1259,0.21423,-0.53976,-1,-0.74408,-6.0668e-05,1.5117e-06,2,0,0,0.8674,-0.91923,-0.99032,-0.98336,1.8707,0.63727,0.24812,0,0,0,0,0,0,0,0,0,0,0,0,0,0,0,0,0,0,0,0,0,0,0,0,0,0,0,0,0,0,0,0,0,0,0,0,0,0,0.0075887,0.91923,-1,0.99032,0,0,0,0,0,0,0,0,0,0,0,0
0.86401,0,-0.74548,1,0,0,0,0,0.39316,0.11511,0.12567,-1,-0.99977,-0.00047837,0.00012868,1,0,0,1.0726,-0.72716,-0.70531,-0.035585,0.38346,0.64918,0.77385,0.98035,0.097384,3.6806e-07,9999,0,1,1025.4,6.9336,0.12345,0,0,0,0,0,0,0,0,1,999,999,999,0,0,0,0,0,0,0,0,0,0,0,0,0,0,0,0,0,0.010831,0.86401,1,0.93422,-0.74218,-1,-0.99977,-0.87441,0.86401,0,-0.74548,1,1,0.010831,0.93422,0
0.78599,0.45588,0.34854,-1,0,0,0,0,0.35598,0.87686,-0.24415,1,-0.068975,1.2855e-05,0,0,0,0,0.74057,999,999,999,1.1473,0.41663,0,0,0,0,0,0,0,0,0,0,0,0,0,0,0,0,0,0,0,0,0,0,0,0,0,0,0,0,0,0,0,0,0,0,0,0,0,0,0,0.0040262,0.78599,-1,0.85279,0,0,0,0,0.78599,0.45588,0.34854,-1,1,0.0040262,0.85279,0
0,0,0,0,0,0,0,0,0.38553,0.59538,0.45813,-1,-0.00021006,0,0,0,0,0,0.38467,999,999,999,0.42092,0,0,0,0,0,0,0,0,0,0,0,0,0,0,0,0,0,0,0,0,0,0,0,0,0,0,0,0,0,0,0,0,0,0,0,0,0,0,0,0,0,0,0,0,0,0,0,0,0,0,0,0,0,0,0,1
0,0,0,0,0,0,0,0,0.45938,1.1234,-0.84184,1,0.0020845,0.0012012,8.6188e-05,0,0,0,0.99067,0.58621,0.92677,-0.74245,0.7127,0.79492,0.62136,0.63426,0.14484,4.171e-07,9999,1,-1,781.25,5.127,0.15864,0,0,0,0,0,0,0,0,1,999,999,999,0,0,0,0,0,0,0,0,0,0,0,0,0,0,0,0,0,0.0077134,0.58621,1,0.92677,0.30646,1,0.0012012,0.22896,0,0,0,0,0,0,0,0
0,0,0,0,0,0,0,0,0.85582,0.98134,-0.91657,1,-0.73764,0.00029571,3.4306e-05,0,0,0,0.63319,999,999,999,0.74645,0.54805,0.42101,0.4098,0.15309,4.2832e-07,9999,1,-1,732.42,5.5664,0.16539,0,0,0,0,0,0,0,0,1,999,999,999,0,0,0,0,0,10,0.23085,1.6096e-06,9999,-1,468.75,3.6133,0.36339,0.85582,0.99866,-0.31463,-14,0.0088047,0.85582,1,0.99866,0.40876,1,0.00029571,0.09211,0,0,0,0,0,0,0,0
0.31277,1.0741,-0.061533,1,0,0,0,0,0.38665,0.25809,-0.093932,-1,0.9662,-0.92616,4.8502e-06,1,0,0,1.016,999,999,999,0.85661,0.50222,0.33653,0.90637,0.15817,4.8639e-07,9999,0,-1,634.77,5.5176,0.19493,0,0,0,0,0,0,0,0,1,0.92814,0.93679,-0.89003,0,0,0,0,0,10,0.15817,4.8639e-07,9999,-1,634.77,5.5176,0.19493,0.92814,0.93679,-0.89003,-0,0.022334,0.92814,1,0.93679,-0.89003,1,0.9662,0.60854,0.31277,1.0741,-0.061533,1,1,0.047917,0.95596,0
0,0,0,0,0,0,0,0,0.97071,1.3612,-0.17338,-1,0.99123,0.98764,-0.93885,1,0,0,1.6293,0.6863,-0.76912,-0.2983,0.45283,0.72183,1.1136,0.88894,0.0702,1.2106e-06,9999,0,1,0,14.453,0.098692,0,0,0,0,0,0,0,0,1,0.9407,0.96183,-0.79748,0,0,0,0,0,10,0.0702,1.2106e-06,9999,1,0,14.453,0.098692,0.9407,0.96183,-0.79748,2,0.013487,0.97071,-1,0.99137,-0.79748,-1,-0.93885,-0.77255,0,0,0,0,0,0,0,0
0,0,0,0,0,0,0,0,1.8659,0,0.46877,-1,-0.25829,0.042861,0,1,0,0,1.524,999,999,999,2.808,0.97578,0,0,0,0,0,0,0,0,0,0,0,0,0,0,0,0,0,0,0,0,0,0,0,0,0,0,0,0,0,0,0,0,0,0,0,0,0,0,0,0.013263,1.8659,-1,0.99274,0,0,0,0,0,0,0,0,0,0,0,0
0,0,0,0,0,0,0,0,0.57448,0.69159,0.33272,1,6.2691e-05,-4.3222e-05,-3.3166e-06,0,0,0,0.80386,999,999,999,0.63873,0.55998,0.30776,0.35344,0.1214,3.9435e-07,9999,1,-1,683.59,5.6641,0.1436,0,0,0,0,0,0,0,0,1,999,999,999,0,0,0,0,0,0,0,0,0,0,0,0,0,0,0,0,0,0.011849,0.57448,1,0.73338,0.81542,1,6.2691e-05,0.28654,0,0,0,0,0,0,0,0
0,0,0,0,0,0,0,0,1.2035,0.21847,0.91439,-1,-0.99094,-0.9714,0.0044449,1,0,0,1.7181,-1.2035,0.79768,-0.87649,0.68022,1.4741,1.0027,0.91543,0.081399,3.4949e-07,9999,0,1,1015.6,8.6914,0.10692,0,0,0,0,0,0,0,0,1,0.71367,0.98608,-0.837,0,0,0,0,0,10,0.081399,3.4949e-07,9999,1,1015.6,8.6914,0.10692,0.71367,0.98608,-0.837,2,0.037761,1.2035,-1,0.79768,0.8144,-1,-0.9714,-0.78903,0,0,0,0,0,0,0,0
0,0,0,0,0,0,0,0,1.8189,0.20544,0.38154,1,0.89166,0.13608,-0.0068068,0,0,0,2.079,1.8189,-0.99768,-0.92953,1.1489,1.9024,1.0088,0.45781,0.15075,3.9695e-07,9999,1,-1,800.78,6.9336,0.14542,0,0,0,0,0,0,0,0,1,0.77504,0.94157,-0.69839,0,0,0,0,0,10,0.15075,3.9695e-07,9999,-1,800.78,6.9336,0.14542,0.77504,0.94157,-0.69839,-5,0.0051524,1.8189,1,0.99768,-0.69839,1,0.89166,0.11325,0,0,0,0,0,0,0,1
0,0,0,0,0,0,0,0,1.0449,0.90381,-0.17203,1,0.00030306,-1.7306e-06,-1.2198e-06,1,0,0,0.84788,999,999,999,0.83863,0.20195,0.10942,0.35307,0.074096,1.2198e-06,9999,0,-1,0,16.602,0.10942,0,0,0,0,0,0,0,0,1,1.0449,0.85303,-0.66906,0,0,0,0,0,10,0.074096,1.2198e-06,9999,-1,0,16.602,0.10942,1.0449,0.85303,-0.66906,-6,0.0049461,1.0449,1,0.85303,-0.66906,1,0.00030306,0.5908,0,0,0,0,0,0,0,0
0,0,0,0,0,0,0,0,0.55569,0,0.93953,-1,0.98341,-0.97438,-0.00020242,2,0,0,1.0181,999,999,999,0.56716,0.82749,0.82656,0,0,0,0,0,0,0,0,0,0,0,0,0,0,0,0,0,0,0,0,0,0,0,0,0,0,0,0,0,0,0,0,0,0,0,0,0,0,0.0028478,0.70992,-1,0.95228,0,0,0,0,0,0,0,0,0,0,0,1
0,0,0,0,0,0,0,0,0.25551,0.37683,0.83746,1,-0.99997,0.024355,0,0,0,0,0.27984,999,999,999,0.27555,0.3153,0,0.56988,0.12781,0.99997,9999,1,-1,2324.2,17.188,0.27555,0,0,0,0,0,0,0,0,1,999,999,999,0,0,0,0,0,0,0,0,0,0,0,0,0,0,0,0,0,0,0,0,0,-0.3872,1,0.024355,0.00018281,0,0,0,0,0,0,0,0
0,0,0,0,1.1023,0.28204,-0.77477,1,0.84969,0.03711,0.41356,-1,-0.090808,0.086105,0,0,0,0,1.3365,999,999,999,1.1947,1.2177,0,0,0,0,0,0,0,0,0,0,0,0,0,0,0,0,0,0,0,0,0,0,0,0,0,0,0,0,0,0,0,0,0,0,0,0,0,0,0,0.01211,1.1023,1,0.98494,0,0,0,0,0,0,0,0,0,0,0,0
0,0,0,0,0,0,0,0,1.036,1.6863,0.55269,-1,-0.077085,7.1886e-05,-2.919e-06,0,0,0,0.97567,999,999,999,0.81209,0.65184,0.29817,0.45465,0.21748,1.0345e-06,9999,1,1,468.75,4.1016,0.31509,0,0,0,0,0,0,0,0,1,999,999,999,0,0,0,0,0,0,0,0,0,0,0,0,0,0,0,0,0,0.010573,1.036,-1,0.88051,0.52743,-1,-2.919e-06,-0.00090446,0,0,0,0,0,0,0,1
0,0,0,0,0,0,0,0,0.76118,0.72526,-0.61018,-1,-0.018527,-0.0001174,1.009e-05,0,0,0,1.0119,999,999,999,0.80503,0.76495,0.3953,0.93478,0.10621,1.4008e-06,9999,1,1,0,2.002,0.16224,0,0,0,0,0,0,0,0,1,0.76118,0.40882,-0.6115,0,0,0,0,0,10,0.10621,1.4008e-06,9999,1,0,2.002,0.16224,0.76118,0.40882,-0.6115,6,0.033491,0.56043,1,0.4358,0.73838,-1,-0.0001174,-0.80124,0,0,0,0,0,0,0,1
0.26177,1.7404,-0.16892,-1,0,0,0,0,1.2412,0.25422,-0.3742,1,0.096626,-5.0108e-05,2.4015e-06,1,0,0,1.3846,999,999,999,1.6013,0.58176,0.2835,0,0,0,0,0,0,0,0,0,0,0,0,0,0,0,0,0,0,0,0,0,0,0,0,0,0,0,0,0,0,0,0,0,0,0,0,0,0,0.010791,1.2412,1,0.96292,0,0,0,0,0.26177,1.7404,-0.16892,-1,1,0.11164,0.85374,1
0,0,0,0,0,0,0,0,0.9341,0.819,-0.42389,1,0.99333,0.95045,-7.9453e-05,0,0,0,1.1818,0.9341,-0.94359,-0.84409,0.61377,1.1731,0.6802,0.75145,0.22029,3.115e-06,9999,1,-1,546.88,3.2715,0.30305,0,0,0,0,0,0,0,0,1,999,999,999,0,0,0,0,0,0,0,0,0,0,0,0,0,0,0,0,0,0.014516,0.9341,1,0.94359,0.60705,1,0.95045,0.005,0,0,0,0,0,0,0,1
0,0,0,0,0,0,0,0,1.3242,0.81422,-0.97841,1,0.095293,9.5217e-05,-8.3351e-06,1,0,0,1.3748,0.7282,0.88911,-0.68922,1.1325,0.72945,0.3793,0.93377,0.088345,1.2577e-06,9999,0,-1,0,9.082,0.1284,0,0,0,0,0,0,0,0,1,1.3242,0.92614,-0.8503,0,0,0,0,0,10,0.088345,1.2577e-06,9999,-1,0,9.082,0.1284,1.3242,0.92614,-0.8503,-2,0.0076883,1.3242,1,0.92614,-0.8503,1,0.095293,0.80757,0,0,0,0,0,0,0,1
0,0,0,0,0,0,0,0,0.67095,1.0674,0.76812,1,7.2953e-05,-2.7783e-05,1.9368e-05,0,0,0,0.86406,999,999,999,0.69929,0.49788,0.45654,0.4982,0.24416,9.7522e-07,9999,1,-1,625,4.0527,0.2128,0,0,0,0,0,0,0,0,1,999,999,999,0,0,0,0,0,0,0,0,0,0,0,0,0,0,0,0,0,0.009669,0.67095,1,0.99051,0.43079,1,7.2953e-05,0.00013116,0,0,0,0,0,0,0,1
0,0,0,0,0,0,0,0,0.50376,0.92053,0.55189,1,-0.99269,0.96416,0.00052733,1,0,0,0.86784,999,999,999,0.63689,0.71576,0.29797,0.47542,0.1725,5.6243e-07,9999,1,-1,517.58,6.3477,0.22414,0,0,0,0,0,0,0,0,1,999,999,999,0,0,0,0,0,0,0,0,0,0,0,0,0,0,0,0,0,0.017031,0.50376,1,0.61547,0.39932,1,0.96416,0.03422,0,0,0,0,0,0,0,1
0,0,0,0,0,0,0,0,1.446,0.15223,-0.98318,1,-0.30215,0.057531,-0.05413,1,0,0,1.497,-0.7157,-0.35522,-0.48845,0.50511,1.8857,1.1339,0,0,0,0,0,0,0,0,0,0,0,0,0,0,0,0,0,0,0,0,0,0,0,0,0,0,0,0,0,0,0,0,0,0,0,0,0,0,0.01008,1.446,1,0.99824,0,0,0,0,0,0,0,0,0,0,0,0
0,0,0,0,0,0,0,0,1.2166,1.5503,-0.61887,-1,-0.10091,-6.1637e-05,3.2205e-06,1,0,0,1.2941,-0.72834,-0.93764,-0.92452,1.6797,0.63079,0.30555,0,0,0,0,0,0,0,0,0,0,0,0,0,0,0,0,0,0,0,0,0,0,0,0,0,0,0,0,0,0,0,0,0,0,0,0,0,0,0.0032393,1.2166,-1,0.90548,0,0,0,0,0,0,0,0,0,0,0,1
0,0,0,0,0,0,0,0,1.7116,0,-0.61883,-1,-0.97871,-0.024381,4.3799e-07,0,0,0,1.5641,-1.7116,-0.95461,-0.27074,0.6618,1.4119,0.17089,0.92404,0.1361,4.3799e-07,9999,1,1,654.3,7.0312,0.17089,0,0,0,0,0,0,0,0,1,1.7116,0.95461,-0.79168,0,0,0,0,0,10,0.1361,4.3799e-07,9999,1,654.3,7.0312,0.17089,1.7116,0.95461,-0.79168,0,0.0006619,1.7116,-1,0.95461,0.75615,-1,-0.97871,-0.74169,0,0,0,0,0,0,0,0
0,0,0,0,0,0,0,0,0.88524,1.8158,-0.88496,1,-0.99999,0.98345,0.0023639,1,0,0,1.2471,999,999,999,0.24462,0.62292,0.9064,0.50923,0.21097,0.0002093,9999,0,-1,576.17,0,0.24155,0,0,0,0,0,0,0,0,1,999,999,999,0,0,0,0,0,0,0,0,0,0,0,0,0,0,0,0,0,0.014787,0.88524,1,0.80262,-0.82256,1,0.98345,0.0015518,0,0,0,0,0,0,0,0
0.92679,0.81259,-0.75366,1,0,0,0,0,0.59981,0.38613,0.22669,1,-0.99995,0.022654,0.00015144,1,1,0.49771,0.93364,999,999,999,0.29488,0.68043,0.78341,0.19543,0.15194,1.2094e-06,9999,1,-1,0,3.2227,0.090396,0,1,0,0,0,0,0,0,1,999,999,999,0,0,0,0,0,10,0.13351,0.99995,9999,-1,1679.7,10.84,0.29488,0.59981,0.89537,-0.97101,-3,0.0073402,0.92679,1,0.98531,0.75877,1,0.022654,0.0010794,0.92679,0.81259,-0.75366,1,1,0.0073402,0.98531,0
0,0,0,0,0,0,0,0,1.7327,0.10605,-0.78439,-1,-0.046021,0.000301,-1.0484e-05,1,0,0,1.0405,999,999,999,1.0847,0.8626,0.39859,0,0,0,0,0,0,0,0,0,0,0,0,0,0,0,0,0,0,0,0,0,0,0,0,0,0,0,0,0,0,0,0,0,0,0,0,0,0,0.03291,1.7327,-1,0.97418,0,0,0,0,0,0,0,0,0,0,0,1
0,0,0,0,0,0,0,0,0.25688,0.36779,0.54252,1,-0.00041455,-0.00014727,4.4576e-07,1,0,0,0.67029,999,999,999,0.81046,0.66785,0.17513,0,0,0,0,0,0,0,0,0,0,0,0,0,0,0,0,0,0,0,0,0,0,0,0,0,0,0,0,0,0,0,0,0,0,0,0,0,0,0.019832,0.53015,-1,0.36431,0,0,0,0,0,0,0,0,0,0,0,0
0,0,0,0,0,0,0,0,1.126,0.43054,-0.49058,-1,0.22503,-0.071862,1.2288e-06,1,0,0,1.1226,999,999,999,1.5306,1.6893,0.3351,0.67339,0.19548,3.7381e-07,9999,0,-1,1113.3,8.6914,0.12816,0,0,0,0,0,0,0,0,1,0.96672,0.55804,-0.95367,0,0,0,0,0,10,0.19548,3.7381e-07,9999,-1,1113.3,8.6914,0.12816,0.96672,0.55804,-0.95367,-0,0.013148,1.126,-1,0.7359,0.93203,1,1.2288e-06,0.01747,0,0,0,0,0,0,0,0
0,0,0,0,0,0,0,0,1.4068,0.44156,-0.67471,-1,-0.96639,-0.00072277,-0.00040571,1,0,0,1.6596,-0.65106,-0.46202,-0.64995,1.4545,0.64786,0.80733,0,0,0,0,0,0,0,0,0,0,0,0,0,0,0,0,0,0,0,0,0,0,0,0,0,0,0,0,0,0,0,0,0,0,0,0,0,0,0.0081067,1.4068,-1,0.90954,0,0,0,0,0,0,0,0,0,0,0,0
0,0,0,0,0,0,0,0,0.45915,1.0449,-0.84394,1,0.98233,-0.00063511,-0.00032125,1,0,0,0.90472,999,999,999,0.67587,0.56991,0.48664,0.77631,0.18091,4.8067e-07,9999,0,1,600.59,5.2734,0.19235,0,0,0,0,0,0,0,0,1,999,999,999,0,0,0,0,0,0,0,0,0,0,0,0,0,0,0,0,0,0,0,0,0,0.73365,-1,-0.00063511,-0.11686,0,0,0,0,0,0,0,1
0,0,0,0,0,0,0,0,0.66575,0.36527,0.1226,1,0.088242,2.2657e-06,0,0,0,0,0.61558,999,999,999,0.92427,0.23805,0,0.97991,0.17584,2.2657e-06,9999,1,1,0,4.1016,0.23805,0,0,0,0,0,0,0,0,1,999,999,999,0,0,0,0,0,0,0,0,0,0,0,0,0,0,0,0,0,0.0054015,0.66575,1,0.72475,0,0,0,0,0,0,0,0,0,0,0,0
0,0,0,0,0,0,0,0,0.71478,0.079878,0.31959,1,0.9097,-0.021351,-1.0407e-05,1,1,0.50059,0.77019,999,999,999,1.007,1.7263,0.39795,0,0,0,0,0,0,0,0,0,0,0,0,0,0,0,0,0,0,0,0,0,0,0,0,0,0,0,0,0,0,0,0,0,0,0,0,0,0,0.0168,0.71478,1,0.95765,0,0,0,0,0,0,0,0,0,0,0,1
0,0,0,0,0,0,0,0,0.94198,0.56703,-0.98673,1,0.92705,-4.1742e-06,-4.0285e-06,0,0,0,1.0286,999,999,999,1.1565,0.3251,0.32241,0.98945,0.2387,4.1742e-06,9999,1,-1,463.87,4.1016,0.3251,0,0,0,0,0,0,0,0,1,0.94198,0.94272,-0.91912,0,0,0,0,0,10,0.2387,4.1742e-06,9999,-1,463.87,4.1016,0.3251,0.94198,0.94272,-0.91912,-0,0.0055838,0.94198,1,0.94272,-0.91912,1,0.92705,0.21336,0,0,0,0,0,0,0,1
0,0,0,0,0,0,0,0,0.44613,0.83709,-0.18195,1,-0.93756,9.0399e-06,-9.1371e-07,0,0,0,0.543,999,999,999,0.43597,0.38602,0.29946,0.93256,0.20986,9.1371e-07,9999,1,-1,522.46,3.8086,0.29946,0,0,0,0,0,0,0,0,1,999,999,999,0,0,0,0,0,0,0,0,0,0,0,0,0,0,0,0,0,0,0,0,0,-0.6883,1,9.0399e-06,0.23893,0,0,0,0,0,0,0,1
0,0,0,0,0,0,0,0,0.95756,1.0406,-0.89738,-1,-0.00036786,-0.00016273,1.8711e-05,0,0,0,0.96222,-0.58558,0.73333,-0.42384,0.7853,0.88892,0.45295,0,0,0,0,0,0,0,0,0,0,0,0,0,0,0,0,0,0,0,0,0,0,0,0,0,0,0,0,0,0,0,0,0,0,0,0,0,0,0.019367,0.95756,-1,0.92327,0,0,0,0,0,0,0,0,0,0,0,0
2.2161,0.31523,-0.68116,-1,0,0,0,0,1.6978,0.70678,0.75795,-1,-0.63584,-6.6836e-05,4.4891e-06,0,0,0,2.418,-2.2161,0.99932,-0.9924,1.3981,3.1554,0.33062,0.93822,0.24218,4.4891e-06,9999,1,1,517.58,3.1738,0.33062,0,0,0,0,0,0,0,0,1,1.6978,0.98728,-0.93815,0,0,0,0,0,10,0.24218,4.4891e-06,9999,1,517.58,3.1738,0.33062,1.6978,0.98728,-0.93815,5,0.0034668,2.2161,-1,0.99932,0.93843,-1,-6.6836e-05,-0.033913,0,0,0,0,0,0,0,0
0,0,0,0,0,0,0,0,0.25972,1.3396,-0.27182,1,0.00064893,-5.2268e-06,2.7553e-06,2,0,0,0.51542,999,999,999,0.41966,0.34227,0.41195,0.95023,0.17959,5.2777e-07,9999,1,1,571.29,4.4922,0.21186,0,0,0,0,0,0,0,0,1,999,999,999,0,0,0,0,0,0,0,0,0,0,0,0,0,0,0,0,0,0,0,0,0,-0.22498,-1,-2.1998e-06,-0.64831,0,0,0,0,0,0,0,1
0,0,0,0,0,0,0,0,0.77778,0.7022,0.37086,-1,-0.21829,5.7351e-05,-1.516e-06,0,0,0,0.78098,999,999,999,1.1454,0.36361,0.24834,0.46859,0.22109,1.1725e-06,9999,1,-1,546.88,3.9551,0.32982,0,0,0,0,0,0,0,0,1,999,999,999,0,0,0,0,0,0,0,0,0,0,0,0,0,0,0,0,0,0.0044425,0.77778,-1,0.93629,-0.96658,1,5.7351e-05,0.00070332,0,0,0,0,0,0,0,1
0,0,0,0,0,0,0,0,0.33036,0.52349,0.64435,-1,0.99996,-0.00048655,4.7012e-06,1,1,0.49983,0.4704,999,999,999,0.30434,0.27513,0.33414,0.47536,0.0983,1.25e-06,9999,1,-1,0,3.418,0.06039,0,0,0,0,0,0,0,0,1,999,999,999,0,0,0,0,0,0,0,0,0,0,0,0,0,0,0,0,0,0,0,0,0,0.89608,1,0.99996,0.49761,0,0,0,0,0,0,0,0
0,0,0,0,0,0,0,0,0.98311,1.7563,-0.75453,1,0.98718,-0.97637,0.043601,1,0,0,1.468,0.98311,0.90701,-0.68304,0.46206,0.68052,1.3444,0.87813,0.10382,1.217e-06,9999,0,1,0,19.141,0.078472,1,0,3.1826,-0.98841,-1.625,0.51414,0.21309,0.063216,1,0.73331,0.81955,-0.72244,0,0,0,0,0,10,0.10382,1.217e-06,9999,1,0,19.141,0.078472,0.73331,0.81955,-0.72244,4,0.0055005,0.98311,1,0.90701,0.91117,-1,-0.97637,-0.72922,0,0,0,0,0,0,0,0
1.8182,0.39922,-0.24171,-1,0,0,0,0,1.7308,0.53664,0.38275,-1,-0.95702,-0.0037037,0.00044593,1,0,0,2.7282,-1.8182,0.80231,-0.85491,1.6641,1.1911,0.63824,0.76206,0.15629,4.1162e-07,9999,1,1,742.19,5.6641,0.15519,0,0,0,0,0,0,0,0,1,1.8182,0.80231,-0.93602,0,0,0,0,0,10,0.15629,4.1162e-07,9999,1,742.19,5.6641,0.15519,1.8182,0.80231,-0.93602,2,0.010703,1.8182,-1,0.80231,0.90621,-1,-0.95702,-0.28557,0,0,0,0,0,0,0,0
0.75248,1.4632,0.45835,-1,0,0,0,0,0.37728,1.4162,-0.84606,-1,0.99796,-0.90072,-0.074645,1,0,0,1.1666,999,999,999,0.51748,0.82291,0.92866,0.83788,0.21702,1.0342e-05,9999,1,1,0,4.4922,0.27161,0,0,0,0,0,0,0,0,1,0.75248,0.88177,-0.96103,0,0,0,0,0,10,0.21702,1.0342e-05,9999,1,0,4.4922,0.27161,0.75248,0.88177,-0.96103,4,0.049393,0.75248,-1,0.88177,0.20912,-1,-0.90072,-0.024108,0.75248,1.4632,0.45835,-1,1,0.049393,0.88177,1
0,0,0,0,0,0,0,0,1.3198,1.0479,-0.47208,1,-0.99366,0.085193,0.029263,0,0,0,1.5549,999,999,999,0.63342,1.6386,1.0311,0.64831,0.13915,5.9055e-07,9999,1,-1,512.7,3.7598,0.23308,0,0,0,0,0,0,0,0,1,999,999,999,0,0,0,0,0,0,0,0,0,0,0,0,0,0,0,0,0,0.0093439,1.3198,1,0.93461,0.87508,1,0.085193,0.28829,0,0,0,0,0,0,0,0
0,0,0,0,0,0,0,0,1.0133,0,-0.54413,-1,-0.9999,-0.28884,9.8838e-06,0,0,0,1.185,-1.0133,0.98085,-0.58458,0.34134,1.1291,0.39353,0,0,0,0,0,0,0,0,0,0,0,0,0,0,0,0,0,0,0,0,0,0,0,0,0,0,0,0,0,0,0,0,0,0,0,0,0,0,0.0042159,1.0133,-1,0.98085,0,0,0,0,0,0,0,0,0,0,0,0
0,0,0,0,0,0,0,0,1.3892,1.2366,0.87748,1,0.96007,0.00068348,-0.00011871,0,0,0,1.7167,0.85001,-0.92985,-0.8726,1.4715,1.0687,0.75931,0.99827,0.19194,6.1996e-07,9999,1,-1,537.11,4.1992,0.24161,0,0,0,0,0,0,0,0,1,0.85001,0.92985,-0.91043,0,0,0,0,0,10,0.19194,6.1996e-07,9999,-1,537.11,4.1992,0.24161,0.85001,0.92985,-0.91043,-2,0.0056851,1.3892,1,0.94318,0.95317,1,0.96007,0.80889,0,0,0,0,0,0,0,1
0,0,0,0,0.6993,1.6356,-0.65536,-1,1.3903,0.69754,-0.38374,-1,-0.96339,-0.00079829,-0.00016492,0,0,0,1.6428,-1.3903,-0.86966,-0.97489,0.75663,1.0814,1.8423,0.89194,0.10302,1.5643e-06,9999,1,1,0,5.3711,0.18505,1,0,1.9989,-2.1094,-8.4563,0.10936,0.30287,1.4668,1,1.3903,0.86966,-0.56314,0,0,0,0,0,10,0.10302,1.5643e-06,9999,1,0,5.3711,0.18505,1.3903,0.86966,-0.56314,0,0.0057522,1.3903,-1,0.86966,0.57266,-1,-0.96339,-0.74587,0,0,0,0,0,0,0,0
0,0,0,0,0,0,0,0,0.73396,0.060102,-0.77638,1,0.40113,0.11341,-6.2001e-05,2,0,0,0.88446,999,999,999,1.372,1.0483,0.64016,0.73337,0.17279,3.967e-07,9999,0,-1,878.91,5.127,0.14524,0,0,0,0,0,0,0,0,1,0.73396,0.83274,-0.98672,0,0,0,0,0,10,0.17279,3.967e-07,9999,-1,878.91,5.127,0.14524,0.73396,0.83274,-0.98672,-0,0.0098245,0.73396,1,0.83274,-0.98672,1,0.11341,0.12217,0,0,0,0,0,0,0,1
0,0,0,0,0,0,0,0,0.63361,1.1803,-0.21109,-1,-0.18227,-1.5906e-06,9.1221e-07,0,1,0.4996,0.64509,999,999,999,0.8546,0.36222,0.29925,0.73833,0.18094,9.1221e-07,9999,1,1,458.98,5.0293,0.29925,0,0,0,0,0,0,0,0,1,0.63361,0.85467,-0.34057,0,0,0,0,0,10,0.18094,9.1221e-07,9999,1,458.98,5.0293,0.29925,0.63361,0.85467,-0.34057,5,0.020869,0.63361,-1,0.85467,0.6594,-1,-1.5906e-06,-0.082195,0,0,0,0,0,0,0,0
0.53757,1.4092,-0.70534,1,0,0,0,0,0.62603,1.1594,-0.9632,-1,-0.0019594,0.00048045,-1.215e-06,0,0,0,0.78066,999,999,999,0.85431,0.5263,0.08039,0.16301,0.1439,1.215e-06,9999,1,-1,0,22.656,0.08039,0,0,0,0,0,0,0,0,1,0.53757,0.73596,-0.14926,0,0,0,0,0,10,0.1439,1.215e-06,9999,-1,0,22.656,0.08039,0.53757,0.73596,-0.14926,-4,0.0011283,0.62603,-1,0.92966,-0.14926,1,0.00048045,0.081833,0.53757,1.4092,-0.70534,1,1,0.010271,0.73596,0
0,0,0,0,1.8038,0.083656,-0.92185,1,0.50388,0.23202,0.31887,-1,0.0038394,-9.794e-07,0,0,0,0,1.6754,999,999,999,2.4471,0.30834,0,0,0,0,0,0,0,0,0,0,0,0,0,0,0,0,0,0,0,0,0,0,0,0,0,0,0,0,0,0,0,0,0,0,0,0,0,0,0,0.0028095,1.8038,1,0.9569,0,0,0,0,0,0,0,0,0,0,0,1
0,0,0,0,0,0,0,0,0.84376,0.60332,0.00051815,-1,-0.96695,-0.96386,-0.14532,1,0,0,1.5748,-0.84376,0.97659,-0.93327,1.3978,0.93834,1.3285,0.83608,0.24612,6.4427e-07,9999,1,1,576.17,4.3945,0.24813,0,0,0,0,0,0,0,0,1,0.84376,0.97659,-0.72749,0,0,0,0,0,10,0.24612,6.4427e-07,9999,1,576.17,4.3945,0.24813,0.84376,0.97659,-0.72749,4,0.016626,1.1488,-1,0.95052,0.89666,-1,-0.96695,-0.0018429,0,0,0,0,0,0,0,0
0,0,0,0,0,0,0,0,0.59096,0.8437,-0.43628,1,0.0075147,0.00011618,-0.00010705,0,0,0,0.95183,999,999,999,0.58776,0.69023,0.67017,0.95288,0.10712,3.6213e-07,9999,1,1,820.31,9.082,0.11841,0,0,0,0,0,0,0,0,1,0.57706,0.52443,-0.58525,0,0,0,0,0,10,0.10712,3.6213e-07,9999,1,820.31,9.082,0.11841,0.57706,0.52443,-0.58525,0,0.012882,0.59096,1,0.74849,0.665,-1,-1.2326e-05,-0.82987,0,0,0,0,0,0,0,0
0,0,0,0,0,0,0,0,0.59431,0.597,-0.90051,-1,-0.99991,0.00066628,-1.877e-05,2,0,0,0.498,999,999,999,0.31751,0.8297,0.45325,0.88114,0.088401,1.4857e-06,9999,1,1,0,5.4199,0.17516,0,0,0,0,0,0,0,0,1,0.59431,0.60415,-0.80664,0,0,0,0,0,10,0.088401,1.4857e-06,9999,1,0,5.4199,0.17516,0.59431,0.60415,-0.80664,0,0.0035352,0.59431,-1,0.60415,-0.80664,-1,-0.99991,-0.75252,0,0,0,0,0,0,0,0
0,0,0,0,0,0,0,0,1.2237,1.1434,-0.91445,1,0.00024847,-0.00014952,0,0,0,0,1.0801,999,999,999,0.90263,0.85622,0,0,0,0,0,0,0,0,0,0,0,0,0,0,0,0,0,0,0,0,0,0,0,0,0,0,0,0,0,0,0,0,0,0,0,0,0,0,0,0.0070734,1.2237,1,0.65857,0,0,0,0,0,0,0,0,0,0,0,1
0,0,0,0,0,0,0,0,2.034,0.51379,-0.89501,1,0.97272,-0.93475,0.016365,0,0,0,1.7785,2.034,-0.97196,-0.252,0.4612,1.6281,1.5274,0.97756,0.11438,1.8212e-06,9999,1,-1,0,4.4922,0.2096,0,0,0,0,0,0,0,0,1,2.034,0.97196,-0.99884,0,0,0,0,0,10,0.11438,1.8212e-06,9999,-1,0,4.4922,0.2096,2.034,0.97196,-0.99884,-2,0.006222,2.034,1,0.97196,0.20513,1,0.97272,0.87051,0,0,0,0,0,0,0,1
0,0,0,0,0,0,0,0,0.50915,0.54242,0.80296,1,0.97742,-0.00045503,2.7047e-05,0,0,0,0.85651,999,999,999,0.79703,0.65744,0.49454,0.52496,0.19072,3.6385e-07,9999,1,1,1201.2,10.449,0.11989,0,0,0,0,0,0,0,0,1,999,999,999,0,0,0,0,0,0,0,0,0,0,0,0,0,0,0,0,0,0.0096357,0.66296,-1,0.93758,0.75787,-1,-0.00045503,-0.010773,0,0,0,0,0,0,0,0
0,0,0,0,1.738,0.43127,-0.99236,1,0.47421,0.46625,-0.97766,-1,0.0044855,-3.509e-05,0,0,0,0,1.7492,999,999,999,1.7345,0.52302,0,0,0,0,0,0,0,0,0,0,0,0,0,0,0,0,0,0,0,0,0,0,0,0,0,0,0,0,0,0,0,0,0,0,0,0,0,0,0,0.0062359,1.738,1,0.99857,0,0,0,0,0,0,0,0,0,0,0,1
0,0,0,0,0,0,0,0,0.90778,1.387,-0.27594,-1,-0.95488,-0.0001746,6.2698e-05,2,1,0.49702,1.25,-0.90778,-0.9959,-0.8914,0.79964,0.81524,0.64275,0,0,0,0,0,0,0,0,0,0,0,0,0,0,0,0,0,0,0,0,0,0,0,0,0,0,0,0,0,0,0,0,0,0,0,0,0,0,0.015201,0.90778,-1,0.9959,0,0,0,0,0,0,0,0,0,0,0,0
0,0,0,0,0,0,0,0,0.85131,0.77053,-0.22862,-1,0.947,-0.0057596,-0.00011571,0,0,0,1.2441,999,999,999,1.4624,1.0238,0.86382,0.93372,0.10978,3.3108e-07,9999,1,-1,1660.2,12.695,0.088111,0,0,0,0,0,0,0,0,1,0.92342,0.70924,-0.90972,0,0,0,0,0,10,0.10978,3.3108e-07,9999,-1,1660.2,12.695,0.088111,0.92342,0.70924,-0.90972,-6,0.008347,0.92342,1,0.70924,-0.90972,1,0.947,0.79715,0,0,0,0,0,0,0,1
1.3853,0,-0.80303,1,0,0,0,0,1.1021,0,-0.23782,1,0.14649,0.033512,-0.019567,0,0,0,1.5176,1.1021,0.79924,-0.1181,0.98879,1.6818,1.0081,0,0,0,0,0,0,0,0,0,0,0,0,0,0,0,0,0,0,0,0,0,0,0,0,0,0,0,0,0,0,0,0,0,0,0,0,0,0,0.022955,1.3853,1,0.60866,0,0,0,0,0,0,0,0,0,0,0,1
2.0405,0.23121,-0.12109,-1,0,0,0,0,1.4419,1.0675,0.16946,-1,-0.30883,-0.01931,-7.078e-05,1,0,0,2.6158,-2.0405,-0.99065,-0.99575,1.5878,1.2668,2.4287,0.99858,0.11221,4.0404e-07,9999,0,1,878.91,6.8359,0.15024,0,0,0,0,0,0,0,0,1,2.0405,0.99065,-0.99618,0,0,0,0,0,10,0.11221,4.0404e-07,9999,1,878.91,6.8359,0.15024,2.0405,0.99065,-0.99618,2,0.0033544,2.0405,-1,0.99065,0.99105,-1,-0.30883,-0.90494,0,0,0,0,0,0,0,0
0,0,0,0,0,0,0,0,1.8988,0.33544,0.38983,-1,0.0072004,-0.0014396,0.00012472,0,0,0,2.1019,999,999,999,1.0584,2.1749,0.68523,0,0,0,0,0,0,0,0,0,0,0,0,0,0,0,0,0,0,0,0,0,0,0,0,0,0,0,0,0,0,0,0,0,0,0,0,0,0,0.0011056,1.8988,-1,0.99174,0,0,0,0,0,0,0,0,0,0,0,0
2.1945,0.14857,-0.87337,1,0,0,0,0,0.47149,1.0929,0.56554,1,0.99118,0.0058722,8.5652e-05,0,0,0,2.2682,2.1945,0.98927,-0.88512,0.60261,0.42288,2.7432,0,0,0,0,0,0,0,0,0,0,0,0,0,0,0,0,0,0,0,0,0,0,0,0,0,0,0,0,0,0,0,0,0,0,0,0,0,0,0.0085173,2.1945,1,0.98927,0,0,0,0,0,0,0,0,0,0,0,1
0,0,0,0,0,0,0,0,0.7825,0,0.8898,1,-0.96522,0.0046039,-0.00036378,0,0,0,1.4788,999,999,999,1.4675,1.022,0.83366,0,0,0,0,0,0,0,0,0,0,0,0,0,0,0,0,0,0,0,0,0,0,0,0,0,0,0,0,0,0,0,0,0,0,0,0,0,0,0.016249,1.1059,-1,0.848,0,0,0,0,0,0,0,0,0,0,0,0
0,0,0,0,0,0,0,0,0.46594,0.068492,-0.15041,1,0.9991,7.4091e-05,-3.5133e-06,0,0,0,0.63796,999,999,999,0.46137,0.68064,0.31209,0.29856,0.16404,3.3439e-07,9999,1,-1,498.05,4.0039,0.091691,0,0,0,0,0,0,0,0,1,999,999,999,0,0,0,0,0,0,0,0,0,0,0,0,0,0,0,0,0,0,0,0,0,-0.19252,1,0.9991,0.035405,0,0,0,0,0,0,0,1
0,0,0,0,0,0,0,0,0.74284,0,0.67801,-1,-0.0023096,0.00017571,-2.2479e-05,1,0,0,1.1459,-0.50703,-0.95052,-0.74664,0.95628,0.79093,0.47272,0.50583,0.069894,1.2689e-06,9999,0,1,0,28.906,0.053861,0,0,0,0,0,0,0,0,1,0.74284,0.88215,-0.57852,0,0,0,0,0,10,0.069894,1.2689e-06,9999,1,0,28.906,0.053861,0.74284,0.88215,-0.57852,2,0.014019,0.79079,1,0.85838,0.22879,-1,-2.2479e-05,-0.69143,0,0,0,0,0,0,0,0
0,0,0,0,0,0,0,0,1.1646,1.2453,-0.22279,-1,-0.0001049,6.8066e-05,5.5754e-07,0,0,0,0.78367,999,999,999,0.79175,0.67289,0.2225,0,0,0,0,0,0,0,0,0,0,0,0,0,0,0,0,0,0,0,0,0,0,0,0,0,0,0,0,0,0,0,0,0,0,0,0,0,0,0.0088729,1.1646,-1,0.9458,0,0,0,0,0,0,0,0,0,0,0,0
0,0,0,0,0.60469,1.2803,-0.91274,1,0.72741,1.1618,0.050862,1,-0.99918,0.91446,-0.10653,1,0,0,0.9385,-0.52764,0.85535,-0.45551,0.36208,0.70164,0.84735,0.94953,0.15205,5.8855e-07,9999,1,-1,576.17,5.127,0.23247,0,0,0,0,0,0,0,0,1,999,999,999,0,0,0,0,0,0,0,0,0,0,0,0,0,0,0,0,0,0.0021045,0.72741,1,0.40061,0.60763,1,0.91446,0.76931,0,0,0,0,0,0,0,0
0,0,0,0,0,0,0,0,1.1821,0.7306,-0.0030615,-1,0.92892,-0.01851,-8.0284e-05,0,0,0,1.403,999,999,999,0.65037,1.5129,0.60343,0.72332,0.17809,7.6056e-07,9999,1,1,664.06,4.248,0.27407,0,0,0,0,0,0,0,0,1,0.9383,0.74739,-0.27275,0,0,0,0,0,10,0.17809,7.6056e-07,9999,1,664.06,4.248,0.27407,0.9383,0.74739,-0.27275,6,0.0063837,1.1821,-1,0.86332,0.7784,-1,-0.01851,-0.08505,0,0,0,0,0,0,0,1
0,0,0,0,0,0,0,0,1.2443,1.2896,-0.42358,-1,-0.92572,0.010377,-0.00011965,0,0,0,1.9074,-0.51616,-0.78011,-0.8534,1.4584,1.4701,0.74441,0,0,0,0,0,0,0,0,0,0,0,0,0,0,0,0,0,0,0,0,0,0,0,0,0,0,0,0,0,0,0,0,0,0,0,0,0,0,0.0051997,1.2443,-1,0.96864,0,0,0,0,0,0,0,0,0,0,0,0
0,0,0,0,0,0,0,0,0,0,0,0,2.6222e-05,0,0,1,1,0.49867,0,999,999,999,0.49073,0,0,0,0,0,0,0,0,0,0,0,0,0,0,0,0,0,0,0,0,0,0,0,0,0,0,0,0,0,0,0,0,0,0,0,0,0,0,0,0,0,0,0,0,0,0,0,0,0,0,0,0,0,0,0,1
0,0,0,0,0,0,0,0,1.1846,0.13419,-0.8781,1,0.63318,0.0058747,-0.0019757,1,0,0,1.2443,1.1846,0.97352,-0.56645,0.98036,1.5407,0.693,0,0,0,0,0,0,0,0,0,0,0,0,0,0,0,0,0,0,0,0,0,0,0,0,0,0,0,0,0,0,0,0,0,0,0,0,0,0,0.003187,1.1846,1,0.97352,0,0,0,0,0,0,0,0,0,0,0,1
0,0,0,0,0,0,0,0,0.58398,1.0583,-0.62145,1,0.99095,0.07131,1.3863e-05,0,0,0,1.0131,0.78271,0.94486,-0.92866,0.65574,1.1605,0.42383,0.788,0.16995,7.0505e-07,9999,1,-1,683.59,3.8574,0.26262,0,0,0,0,0,0,0,0,1,0.84063,0.95186,-0.71239,0,0,0,0,0,10,0.16995,7.0505e-07,9999,-1,683.59,3.8574,0.26262,0.84063,0.95186,-0.71239,-6,0.012005,0.84063,1,0.95186,-0.71239,1,0.99095,0.21248,0,0,0,0,0,0,0,1
0,0,0,0,0,0,0,0,1.1677,1.0354,0.0039173,-1,0.97733,-0.44759,-0.032937,0,0,0,1.816,999,999,999,0.86461,0.92606,1.6128,0,0,0,0,0,0,0,0,0,0,0,0,0,0,0,0,0,0,0,0,0,0,0,0,0,0,0,0,0,0,0,0,0,0,0,0,0,0,0.020955,1.1677,-1,0.98248,0,0,0,0,0,0,0,0,0,0,0,1
0.48282,0.60055,-0.063293,-1,0,0,0,0,0.28215,0.53744,0.53272,1,-0.00041781,-6.2577e-06,9.7223e-07,0,0,0,0.51954,999,999,999,0.72868,0.35628,0.30741,0.33622,0.20271,9.7223e-07,9999,1,1,620.12,3.7598,0.30741,0,0,0,0,0,0,0,0,1,999,999,999,0,0,0,0,0,0,0,0,0,0,0,0,0,0,0,0,0,0,0,0,0,0.3952,-1,-6.2577e-06,-0.0020061,0.48282,0.60055,-0.063293,-1,1,0.033986,0.31026,1
0,0,0,0,0,0,0,0,0.4963,0.19961,0.58816,1,0.24086,0.00063336,-4.1189e-05,2,0,0,0.97294,0.77566,-0.96085,-0.80711,0.84886,0.53857,0.55507,0,0,0,0,0,0,0,0,0,0,0,0,0,0,0,0,0,0,0,0,0,0,0,0,0,0,0,0,0,0,0,0,0,0,0,0,0,0,0.017184,0.77566,1,0.96085,0,0,0,0,0,0,0,0,0,0,0,1
0,0,0,0,1.3738,0,-0.084491,1,0.91594,1.0285,-0.59368,1,0.93945,0.57477,0.03519,0,0,0,1.6137,1.3738,-0.95896,-0.99213,0.50995,1.4647,1.5569,0,0,0,0,0,0,0,0,0,0,0,0,0,0,0,0,0,0,0,0,0,0,0,0,0,0,0,0,0,0,0,0,0,0,0,0,0,0,0.018351,1.3738,1,0.95896,0,0,0,0,0,0,0,0,0,0,0,1
0,0,0,0,0,0,0,0,0.55399,1.5676,-0.56464,-1,0.0013549,-6.6062e-05,-2.038e-05,1,0,0,0.83537,0.51352,-0.80628,-0.18286,0.45367,0.66282,0.46195,0.53195,0.17006,5.8776e-07,9999,1,1,566.41,4.5898,0.23223,0,0,0,0,0,0,0,0,1,0.55399,0.70101,-0.22334,0,0,0,0,0,10,0.18433,9.2418e-07,9999,-1,454.1,5.1758,0.30094,0.51352,0.80628,-0.37991,-4,0.0051574,0.55332,-1,0.97105,0.68776,1,0.0013549,0.0029337,0,0,0,0,0,0,0,1
1.3527,0.29694,-0.98716,-1,0,0,0,0,0.15666,0.08713,0.46197,-1,-0.28845,-0.00017919,1.4196e-05,1,0,0,1.0629,999,999,999,1.0519,0.19024,0.42579,0.63675,0.15666,0.00017919,9999,0,-1,512.7,0,0.19024,0,0,0,0,0,0,0,0,1,999,999,999,0,0,0,0,0,0,0,0,0,0,0,0,0,0,0,0,0,0.0088185,1.3527,-1,0.92772,-0.89003,1,1.4196e-05,0.14539,0,0,0,0,0,0,0,0
0,0,0,0,0,0,0,0,1.2584,0.67992,-0.84978,1,-0.19683,0.067084,-0.02526,0,0,0,1.5926,-0.87515,0.78836,-0.016869,1.3068,1.6344,1.0856,0,0,0,0,0,0,0,0,0,0,0,0,0,0,0,0,0,0,0,0,0,0,0,0,0,0,0,0,0,0,0,0,0,0,0,0,0,0,0.011624,1.2584,1,0.64263,0,0,0,0,0,0,0,0,0,0,0,0
0,0,0,0,0,0,0,0,1.184,0.98292,-0.74186,1,0.001306,-0.0010017,-0.00020418,2,0,0,1.4824,999,999,999,1.0318,0.90497,0.23569,0.69971,0.19509,0.00020238,9999,0,-1,1240.2,0,0.23347,0,0,0,0,0,0,0,0,1,1.184,0.63438,-0.81598,0,0,0,0,0,10,0.19509,0.00020238,9999,-1,1240.2,0,0.23347,1.184,0.63438,-0.81598,-9,0.0065947,1.184,1,0.63438,-0.13967,1,4.5967e-05,0.022524,0,0,0,0,0,0,0,0
0,0,0,0,0,0,0,0,0.94452,0.39927,-0.91747,1,0.0045947,0.00011246,-1.9824e-06,0,0,0,1.0658,0.54951,0.73504,-0.63163,0.95374,0.76904,0.38324,0.26304,0.23049,1.9824e-06,9999,1,-1,615.23,3.5645,0.38324,0,0,0,0,0,0,0,0,1,0.94452,0.97717,-0.44151,0,0,0,0,0,10,0.23049,1.9824e-06,9999,-1,615.23,3.5645,0.38324,0.94452,0.97717,-0.44151,-0,0.015672,0.94452,1,0.97717,0.067062,1,0.00011246,0.00021665,0,0,0,0,0,0,0,0
0,0,0,0,0,0,0,0,2.0474,0,-0.70492,1,-0.054387,0.00063665,0.00041511,0,0,0,2.3736,999,999,999,2.0637,0.38553,2.0756,0.099163,0.12236,1.2719e-06,9999,1,1,0,30.469,0.052906,0,0,0,0,0,0,0,0,1,1.4547,0.89296,-0.21795,0,0,0,0,0,10,0.12236,1.2719e-06,9999,1,0,30.469,0.052906,1.4547,0.89296,-0.21795,0,0.0024028,2.0474,1,0.99728,-0.21795,-1,-0.054387,-0.20794,0,0,0,0,0,0,0,0
0,0,0,0,0,0,0,0,1.3439,0.86536,-0.029637,-1,0.96988,-0.00051176,-0.00020759,0,0,0,1.2008,999,999,999,1.504,0.79078,0.84828,0,0,0,0,0,0,0,0,0,0,0,0,0,0,0,0,0,0,0,0,0,0,0,0,0,0,0,0,0,0,0,0,0,0,0,0,0,0,0.014788,1.3439,-1,0.93549,0,0,0,0,0,0,0,0,0,0,0,1
0,0,0,0,0,0,0,0,0.83879,0,-0.86267,-1,-0.55764,0.00067398,4.8528e-05,0,0,0,0.85982,999,999,999,1.4059,0.86882,0.58397,0,0,0,0,0,0,0,0,0,0,0,0,0,0,0,0,0,0,0,0,0,0,0,0,0,0,0,0,0,0,0,0,0,0,0,0,0,0,0.030867,0.83879,-1,0.86267,0,0,0,0,0,0,0,0,0,0,0,0
0,0,0,0,0,0,0,0,1.6056,0.29036,0.1834,-1,0.00018092,-9.0346e-05,7.4124e-05,0,0,0,1.7105,999,999,999,0.1955,2.2439,0.68266,0.97715,0.19864,9.842e-07,9999,1,-1,512.7,3.4668,0.30895,0,0,0,0,0,0,0,0,1,0.69666,0.97279,-0.90132,0,0,0,0,0,10,0.22117,0.00018092,9999,1,634.77,0,0.1955,1.6056,0.9953,-0.98759,2,0.00096081,1.6056,-1,0.9953,0.7387,-1,-3.8826e-05,-0.5328,0,0,0,0,0,0,0,0
0.55627,0.15836,0.04774,-1,0,0,0,0,1.604,0.86685,-0.94908,1,0.99226,0.021844,-0.0086576,0,0,0,1.6648,999,999,999,0.63587,1.5017,0.54743,0.99164,0.074825,1.2502e-06,9999,1,-1,0,10.84,0.12556,0,0,0,0,0,0,0,0,1,1.604,0.94517,-0.95607,0,0,0,0,0,10,0.074825,1.2502e-06,9999,-1,0,10.84,0.12556,1.604,0.94517,-0.95607,-2,0.017735,1.604,1,0.94517,-0.97296,1,0.99226,0.88451,0.55627,0.15836,0.04774,-1,1,0.010228,0.63357,1
0,0,0,0,0,0,0,0,0.34574,1.2101,-0.76632,-1,-0.03009,-3.5776e-05,2.6042e-05,1,0,0,1.0152,-0.5927,-0.88945,-0.95074,1.1191,0.42825,0.4899,0.85984,0.069181,1.2986e-06,9999,0,-1,0,6.3477,0.14094,0,0,0,0,0,0,0,0,1,0.62865,0.7805,-0.9686,0,0,0,0,0,10,0.069181,1.2986e-06,9999,-1,0,6.3477,0.14094,0.62865,0.7805,-0.9686,-4,0.0072038,0.73882,-1,0.7659,0.93696,1,1.8852e-06,0.75788,0,0,0,0,0,0,0,1
0,0,0,0,0,0,0,0,1.3154,1.2413,-0.70649,-1,-0.99939,-0.06458,3.2998e-06,0,0,0,1.414,-1.3154,0.96843,-0.60737,0.43585,1.584,0.30738,0.89338,0.19465,6.4431e-07,9999,1,1,517.58,4.4434,0.24814,0,0,0,0,0,0,0,0,1,1.3154,0.96843,-0.97515,0,0,0,0,0,10,0.19465,6.4431e-07,9999,1,517.58,4.4434,0.24814,1.3154,0.96843,-0.97515,5,0.00587,1.3154,-1,0.96843,0.46581,-1,-0.99939,-0.24047,0,0,0,0,0,0,0,0
0,0,0,0,0,0,0,0,1.1596,0.21965,0.037912,1,0.98709,-0.00080791,8.6985e-05,0,0,0,1.5639,999,999,999,0.46019,0.94359,1.4965,0,0,0,0,0,0,0,0,0,0,0,0,0,0,0,0,0,0,0,0,0,0,0,0,0,0,0,0,0,0,0,0,0,0,0,0,0,0,0.016583,1.1596,1,0.98165,0,0,0,0,0,0,0,0,0,0,0,1
0,0,0,0,0,0,0,0,0.35772,0.96492,-0.67281,-1,-9.1833e-06,-5.4006e-06,2.0101e-06,1,0,0,0.58317,999,999,999,0.38745,0.3448,0.38451,0.87916,0.091509,3.4645e-07,9999,1,-1,1679.7,11.426,0.104,0,0,0,0,0,0,0,0,1,999,999,999,0,0,0,0,0,0,0,0,0,0,0,0,0,0,0,0,0,0,0,0,0,-0.49995,1,1.1254e-06,0.74741,0,0,0,0,0,0,0,1
0,0,0,0,0,0,0,0,1.7159,0.51568,-0.87511,1,0.015662,0.00015596,-3.5418e-05,0,1,0.49792,1.8195,999,999,999,1.9463,0.64805,0.5306,0.34527,0.09563,3.7224e-07,9999,1,-1,1035.2,8.4961,0.12689,0,0,0,0,0,0,0,0,1,1.7159,0.99336,-0.32527,0,0,0,0,0,10,0.09563,3.7224e-07,9999,-1,1035.2,8.4961,0.12689,1.7159,0.99336,-0.32527,-0,0.018069,1.7159,1,0.99336,0.41693,1,0.00015596,0.46647,0,0,0,0,0,0,0,0
0,0,0,0,0,0,0,0,0.52104,0.41952,-0.21187,1,0.0075773,1.5256e-05,-9.6531e-06,1,0,0,0.62207,999,999,999,0.64335,0.43262,0.39154,0,0,0,0,0,0,0,0,0,0,0,0,0,0,0,0,0,0,0,0,0,0,0,0,0,0,0,0,0,0,0,0,0,0,0,0,0,0,0.0059688,0.52104,1,0.7964,0,0,0,0,0,0,0,0,0,0,0,1
0,0,0,0,0,0,0,0,0.98723,0,-0.27374,1,0.99319,0.76294,9.782e-05,0,0,0,1.4856,0.98723,-0.99032,-0.81084,0.61882,1.1317,0.80514,0.94997,0.060018,1.2255e-06,9999,1,1,0,9.5703,0.11346,0,0,0,0,0,0,0,0,1,0.80624,0.76311,-0.83029,0,0,0,0,0,10,0.060018,1.2255e-06,9999,1,0,9.5703,0.11346,0.80624,0.76311,-0.83029,4,0.0025841,0.98723,1,0.99032,-0.83029,-1,-5.5946e-05,-0.8275,0,0,0,0,0,0,0,1
0,0,0,0,1.8398,0.9218,-0.41855,-1,1.6881,0.39587,0.029399,1,-0.99895,0.086802,-0.00021352,0,0,0,2.5027,999,999,999,0.40583,1.8477,2.0895,0.92106,0.14432,3.9827e-07,9999,1,1,917.97,5.5176,0.14633,0,0,0,0,0,0,0,0,1,1.8398,0.98666,-0.8471,0,0,0,0,0,10,0.14432,3.9827e-07,9999,1,917.97,5.5176,0.14633,1.8398,0.98666,-0.8471,2,0.0076322,1.8398,-1,0.98666,-0.31668,-1,-0.99895,-0.71204,0,0,0,0,0,0,0,0
0,0,0,0,0,0,0,0,0.49171,0.52852,0.95059,1,-0.079646,0.0062454,0.00064404,1,0,0,1.1836,999,999,999,1.0443,0.8686,0.45222,0,0,0,0,0,0,0,0,0,0,0,0,0,0,0,0,0,0,0,0,0,0,0,0,0,0,0,0,0,0,0,0,0,0,0,0,0,0,0.014199,0.68143,-1,0.80276,0,0,0,0,0,0,0,0,0,0,0,0
0,0,0,0,0,0,0,0,2.2838,0,-0.86671,-1,-0.86053,-0.23746,0.0033996,1,0,0,2.7747,-1.548,0.8154,-0.7941,2.3667,2.2475,1.024,0,0,0,0,0,0,0,0,0,0,0,0,0,0,0,0,0,0,0,0,0,0,0,0,0,0,0,0,0,0,0,0,0,0,0,0,0,0,0.0065075,2.2838,-1,0.99926,0,0,0,0,0,0,0,0,0,0,0,0
0.35818,0.67053,0.92556,-1,0,0,0,0,1.0213,1.0287,-0.9911,-1,0.012223,-0.0005677,-0.00027957,0,0,0,1.2408,999,999,999,0.73207,0.3228,1.0096,0.76106,0.16161,6.7958e-07,9999,1,-1,463.87,4.4922,0.25683,0,0,0,0,0,0,0,0,1,999,999,999,0,0,0,0,0,0,0,0,0,0,0,0,0,0,0,0,0,0.009844,1.0213,-1,0.96711,0.075538,1,0.012223,0.23883,0.35818,0.67053,0.92556,-1,1,0.00078988,0.96117,1
0,0,0,0,0,0,0,0,1.5679,0.57718,-0.4978,-1,-0.95883,-8.6841e-05,1.5257e-06,0,0,0,1.6093,-0.98289,-0.57271,-0.49885,2.1203,0.66173,0.24884,0.94704,0.18271,6.4074e-07,9999,1,1,537.11,4.2969,0.24721,0,0,0,0,0,0,0,0,1,0.98289,0.57271,-0.56239,0,0,0,0,0,10,0.18271,6.4074e-07,9999,1,537.11,4.2969,0.24721,0.98289,0.57271,-0.56239,2,0.010167,1.5679,-1,0.99422,0.91889,-1,-0.95883,-0.60898,0,0,0,0,0,0,0,0
1.2005,0.98995,-0.50082,1,0,0,0,0,1.0743,0.82027,0.55146,-1,0.00027863,-0.00021599,-5.8316e-07,0,0,0,1.3306,999,999,999,1.7775,0.91533,0.23081,0.28108,0.16874,5.8316e-07,9999,1,-1,581.05,5.0781,0.23081,0,0,0,0,0,0,0,0,1,999,999,999,0,0,0,0,0,0,0,0,0,0,0,0,0,0,0,0,0,0.015341,1.2005,1,0.98039,0.10417,1,0.00027863,0.023776,0,0,0,0,0,0,0,0
0,0,0,0,0,0,0,0,1.374,0.87978,-0.97655,1,0.081764,0.013432,0.0071593,2,0,0,1.4779,1.374,0.95463,-0.8317,0.87542,1.4228,0.45787,0,0,0,0,0,0,0,0,0,0,0,0,0,0,0,0,0,0,0,0,0,0,0,0,0,0,0,0,0,0,0,0,0,0,0,0,0,0,0.00069188,1.374,1,0.95463,0,0,0,0,0,0,0,0,0,0,0,1
0,0,0,0,0,0,0,0,0.48365,0.86849,-0.82042,-1,-0.72871,6.0833e-06,0,0,0,0,0.45115,999,999,999,0.84274,0.35406,0,0,0,0,0,0,0,0,0,0,0,0,0,0,0,0,0,0,0,0,0,0,0,0,0,0,0,0,0,0,0,0,0,0,0,0,0,0,0,0,0,0,0,0,0,0,0,0,0,0,0,0,0,0,0
0,0,0,0,0,0,0,0,0.69192,1.0289,0.35408,1,0.00072565,-0.00040656,1.5445e-06,1,0,0,0.78791,999,999,999,0.78139,0.7427,0.18271,0.21423,0.10319,1.5445e-06,9999,1,1,0,6.2012,0.18271,0,0,0,0,0,0,0,0,1,999,999,999,0,0,0,0,0,10,0.15968,7.2773e-07,9999,-1,502.93,3.8574,0.26748,0.69192,0.82409,-0.71975,-4,0.005149,0.69192,1,0.82409,0.72119,1,1.5445e-06,0.049508,0,0,0,0,0,0,0,0
0,0,0,0,0,0,0,0,2.2885,0,-0.97232,1,-0.9205,0.015401,0.010562,2,1,0.49596,2.4157,999,999,999,0.91929,2.5863,0.80613,0,0,0,0,0,0,0,0,0,0,0,0,0,0,0,0,0,0,0,0,0,0,0,0,0,0,0,0,0,0,0,0,0,0,0,0,0,0,0.02401,2.2885,1,0.99701,0,0,0,0,0,0,0,0,0,0,0,1
0.77971,0.85132,-0.73905,1,0,0,0,0,0.51746,0.54617,0.025095,-1,-0.00073689,-0.00049548,0.00022297,0,0,0,1.0701,999,999,999,0.69591,0.73427,0.75725,0,0,0,0,0,0,0,0,0,0,0,0,0,0,0,0,0,0,0,0,0,0,0,0,0,0,0,0,0,0,0,0,0,0,0,0,0,0,0.0069516,0.77971,1,0.71093,0,0,0,0,0.77971,0.85132,-0.73905,1,1,0.0069516,0.71093,1
0,0,0,0,1.3256,0.93189,0.068588,-1,0.64757,1.5992,-0.75494,1,-0.00069313,0.00014839,0,0,0,0,1.3568,999,999,999,1.2521,0.94681,0,0,0,0,0,0,0,0,0,0,0,0,0,0,0,0,0,0,0,0,0,0,0,0,0,0,0,0,0,0,0,0,0,0,0,0,0,0,0,0.0021857,1.3256,-1,0.97324,0,0,0,0,0,0,0,0,0,0,0,1
0,0,0,0,0,0,0,0,0.43148,0.66724,0.25315,1,-0.36444,-0.00017834,6.6989e-05,5,0,0,0.71022,999,999,999,0.73638,0.1873,0.62393,0.42022,0.12343,3.3118e-07,9999,1,1,839.84,3.6133,0.088215,1,0,-1.2113,-3.3427,-1.3592,0.063201,0.21507,0.048836,1,999,999,999,0,0,0,0,0,0,0,0,0,0,0,0,0,0,0,0,0,0,0,0,0,-0.26581,-1,-0.36444,-0.28826,0,0,0,0,0,0,0,1
0,0,0,0,0,0,0,0,1.1781,1.0816,-0.46006,-1,-0.022456,4.7232e-05,-7.2747e-06,0,0,0,1.2116,999,999,999,1.0497,0.57982,0.29176,0,0,0,0,0,0,0,0,0,0,0,0,0,0,0,0,0,0,0,0,0,0,0,0,0,0,0,0,0,0,0,0,0,0,0,0,0,0,0.017096,1.1781,-1,0.82751,0,0,0,0,0,0,0,0,0,0,0,0
0,0,0,0,0,0,0,0,0.41741,0.97038,0.46187,-1,-1.2414e-05,1.6966e-06,-3.4533e-07,1,0,0,0.43911,999,999,999,0.41347,0.36855,0.1029,0.48484,0.23404,1.6966e-06,9999,1,1,537.11,3.6133,0.36855,0,0,0,0,0,0,0,0,1,999,999,999,0,0,0,0,0,0,0,0,0,0,0,0,0,0,0,0,0,0,0,0,0,-0.90524,-1,-1.2414e-05,-0.00026537,0,0,0,0,0,0,0,0
0,0,0,0,0,0,0,0,0.35154,0.62042,0.82662,1,1.8142e-05,-1.3309e-06,1.2038e-06,1,0,0,0.4109,0.53233,-0.99922,-0.52198,0.44971,0.14872,0.3328,0.73722,0.080557,1.3309e-06,9999,0,-1,0,6.25,0.14872,0,0,0,0,0,0,0,0,1,0.53233,0.99922,-0.7354,0,0,0,0,0,10,0.080557,1.3309e-06,9999,-1,0,6.25,0.14872,0.53233,0.99922,-0.7354,-2,0.047063,0.53233,1,0.99922,0.96107,1,1.8142e-05,0.71145,0,0,0,0,0,0,0,1
0,0,0,0,0,0,0,0,0.5241,0.59118,0.58724,1,0.9702,-0.00018204,-5.2263e-06,1,0,0,0.61443,999,999,999,0.83194,0.19853,0.34227,0.71662,0.22712,3.5255e-06,9999,1,1,493.16,3.5156,0.31235,0,0,0,0,0,0,0,0,1,0.53143,0.3747,-0.65553,0,0,0,0,0,10,0.22712,3.5255e-06,9999,1,493.16,3.5156,0.31235,0.53143,0.3747,-0.65553,5,0.022739,0.53143,-1,0.3747,0.9584,-1,-0.00018204,-0.0018096,0,0,0,0,0,0,0,1
0,0,0,0,0,0,0,0,0.52739,1.2536,-0.37514,-1,3.9698e-05,-1.5176e-05,7.2753e-06,1,0,0,0.70732,999,999,999,0.59776,0.43212,0.36825,0,0,0,0,0,0,0,0,0,0,0,0,0,0,0,0,0,0,0,0,0,0,0,0,0,0,0,0,0,0,0,0,0,0,0,0,0,0,0.00096138,0.52739,-1,0.92275,0,0,0,0,0,0,0,0,0,0,0,0
0,0,0,0,0,0,0,0,0.26609,0.042474,0.42688,1,0.062468,-6.9651e-05,-1.5818e-05,1,0,0,0.92049,999,999,999,0.64002,0.75942,0.43611,0.44582,0.20687,4.1272e-07,9999,1,-1,820.31,6.0547,0.15589,0,0,0,0,0,0,0,0,1,999,999,999,0,0,0,0,0,0,0,0,0,0,0,0,0,0,0,0,0,0.0037261,0.86327,-1,0.8865,0.59796,-1,-6.9651e-05,-0.0001196,0,0,0,0,0,0,0,0
0,0,0,0,0,0,0,0,1.5223,0.32808,-0.6523,1,0.9644,0.95691,-5.6527e-06,0,0,0,1.6419,1.5223,0.99975,-0.96659,1.071,2.2825,0.32411,0.9939,0.1862,8.4844e-07,9999,1,-1,458.98,3.6133,0.28956,1,0,0.96955,1.4251,-2.5886,0.069768,0.13355,0.46733,1,1.1353,0.9625,-0.97899,0,0,0,0,0,10,0.19751,5.6527e-06,9999,-1,0,3.5156,0.32411,1.1353,0.9625,-0.045478,-8,0.01074,1.5223,1,0.99975,0.9961,1,0.95691,0.81559,0,0,0,0,0,0,0,1
0.45254,1.4036,-0.84282,-1,0,0,0,0,0.40543,0.9075,-0.18187,1,-3.4392e-05,2.4189e-05,-2.3467e-05,0,0,0,0.72846,999,999,999,0.52626,0.48111,0.47755,0,0,0,0,0,0,0,0,0,0,0,0,0,0,0,0,0,0,0,0,0,0,0,0,0,0,0,0,0,0,0,0,0,0,0,0,0,0,0,0,0,0,0,0,0,0,0.45254,1.4036,-0.84282,-1,1,0.0050297,0.95356,0
0,0,0,0,0,0,0,0,1.2566,0.10254,-0.60765,-1,-0.96714,6.8452e-05,0,1,0,0,1.2594,999,999,999,1.8213,0.64869,0,0,0,0,0,0,0,0,0,0,0,0,0,0,0,0,0,0,0,0,0,0,0,0,0,0,0,0,0,0,0,0,0,0,0,0,0,0,0,0.013484,0.88969,1,0.42448,0,0,0,0,0,0,0,0,0,0,0,0
0,0,0,0,0,0,0,0,0.3389,0.76177,-0.47841,-1,0.99992,-0.98848,-0.98731,0,0,0,0.72563,999,999,999,0.33564,0.46353,0.46748,0.20411,0.19185,3.7151e-07,9999,1,1,1074.2,5.4688,0.12629,0,0,0,0,0,0,0,0,1,999,999,999,0,0,0,0,0,0,0,0,0,0,0,0,0,0,0,0,0,0.0029664,0.50199,1,0.80476,0.15164,-1,-0.98731,-0.0027369,0,0,0,0,0,0,0,0
0,0,0,0,0,0,0,0,0.36453,0.1439,-0.52551,-1,7.8799e-05,-2.2086e-05,3.3192e-06,1,0,0,0.71072,999,999,999,0.72591,0.47075,0.42686,0,0,0,0,0,0,0,0,0,0,0,0,0,0,0,0,0,0,0,0,0,0,0,0,0,0,0,0,0,0,0,0,0,0,0,0,0,0,0.030361,0.53749,1,0.8675,0,0,0,0,0,0,0,0,0,0,0,0
0,0,0,0,0,0,0,0,1.2103,0.045366,0.56761,-1,-0.95484,-0.29453,-0.031522,2,0,0,1.6048,-1.2103,-0.97972,-0.98228,1.45,1.1531,1.1373,0.98098,0.10303,1.5902e-06,9999,0,1,0,7.0312,0.18799,0,0,0,0,0,0,0,0,1,1.2103,0.97972,-0.92282,0,0,0,0,0,10,0.10303,1.5902e-06,9999,1,0,7.0312,0.18799,1.2103,0.97972,-0.92282,2,0.0059732,1.2103,-1,0.97972,0.8934,-1,-0.95484,-0.87609,0,0,0,0,0,0,0,0
0,0,0,0,0,0,0,0,1.3486,0.87711,-0.91492,-1,-0.87663,0.0048735,-5.1221e-06,1,0,0,1.1037,999,999,999,0.81107,0.96152,0.34072,0.95166,0.18263,4.4929e-06,9999,0,-1,0,3.3691,0.30527,0,0,0,0,0,0,0,0,1,0.92021,0.81092,-0.61111,0,0,0,0,0,10,0.18263,4.4929e-06,9999,-1,0,3.3691,0.30527,0.92021,0.81092,-0.61111,-4,0.016838,1.3486,-1,0.85338,-0.80694,-1,-0.87663,-0.16785,0,0,0,0,0,0,0,0
0,0,0,0,0,0,0,0,1.1795,1.1391,-0.69029,1,-0.95678,0.94709,0.000701,0,0,0,1.5094,-1.1305,-0.98705,-0.98718,1.7152,0.75808,1.0729,0,0,0,0,0,0,0,0,0,0,0,0,0,0,0,0,0,0,0,0,0,0,0,0,0,0,0,0,0,0,0,0,0,0,0,0,0,0,0.006406,1.1627,-1,0.94891,0,0,0,0,0,0,0,0,0,0,0,1
0,0,0,0,0,0,0,0,0.56498,0.44611,0.23152,-1,-0.019534,-0.0001887,7.5023e-07,0,0,0,0.92446,-0.82442,-0.68679,-0.08699,0.87989,1.1019,0.27205,0,0,0,0,0,0,0,0,0,0,0,0,0,0,0,0,0,0,0,0,0,0,0,0,0,0,0,0,0,0,0,0,0,0,0,0,0,0,0.0016837,0.82442,-1,0.68679,0,0,0,0,0,0,0,0,0,0,0,0
2.0478,0.057554,-0.65561,-1,0,0,0,0,0.47959,0.81583,0.69273,1,-0.98418,-0.00010677,4.3146e-05,0,0,0,2.0812,-2.0478,-0.99217,-0.77374,0.79434,1.9468,0.56312,0.96497,0.17475,5.5287e-07,9999,1,1,693.36,7.7148,0.2209,0,0,0,0,0,0,0,0,1,2.0478,0.99217,-0.95231,0,0,0,0,0,10,0.17475,5.5287e-07,9999,1,693.36,7.7148,0.2209,2.0478,0.99217,-0.95231,2,0.0060163,2.0478,-1,0.99217,0.75538,-1,-0.98418,-0.7436,0,0,0,0,0,0,0,0
0,0,0,0,0,0,0,0,0.95497,0.84329,0.075631,1,-0.97761,-0.95186,0.0013709,0,0,0,1.2715,999,999,999,0.85733,1.0587,1.459,0,0,0,0,0,0,0,0,0,0,0,0,0,0,0,0,0,0,0,0,0,0,0,0,0,0,0,0,0,0,0,0,0,0,0,0,0,0,0.011735,0.95497,1,0.77391,0,0,0,0,0,0,0,0,0,0,0,0
0,0,0,0,0,0,0,0,1.4353,0.65367,-0.58565,-1,0.96843,-0.18851,-9.8044e-05,1,0,0,1.5866,999,999,999,1.3243,2.1294,0.577,0.2331,0.12273,3.5794e-07,9999,0,1,310.06,11.426,0.11472,0,0,0,0,0,0,0,0,1,1.4353,0.85203,-0.012106,0,0,0,0,0,10,0.12273,3.5794e-07,9999,1,310.06,11.426,0.11472,1.4353,0.85203,-0.012106,6,0.011222,1.4353,-1,0.85203,-0.012106,-1,-0.18851,-0.24631,0,0,0,0,0,0,0,1
0,0,0,0,0,0,0,0,0.88964,0.95121,-0.45401,1,-0.96993,0.063074,0.0026446,4,1,0.49614,1.1011,999,999,999,0.84216,1.3877,0.68828,0.68227,0.21172,4.4633e-07,9999,0,-1,712.89,2.9785,0.17543,0,0,0,0,0,0,0,0,1,0.56365,0.7472,-0.81566,0,0,0,0,0,10,0.21172,4.4633e-07,9999,-1,712.89,2.9785,0.17543,0.56365,0.7472,-0.81566,-0,0.027739,0.88964,1,0.75087,0.68792,1,0.063074,0.0026865,0,0,0,0,0,0,0,0
1.0411,0,-0.72675,1,0,0,0,0,0.23101,0.53467,-0.26729,-1,0.11442,-4.6053e-06,0,0,0,0,0.74331,999,999,999,0.77201,0.33257,0,0.56927,0.23101,4.6053e-06,9999,1,-1,405.27,3.6133,0.33257,0,0,0,0,0,0,0,0,1,1.0411,0.9201,-0.31238,0,0,0,0,0,10,0.23101,4.6053e-06,9999,-1,405.27,3.6133,0.33257,1.0411,0.9201,-0.31238,-8,0.0024987,1.0411,1,0.9201,-0.31238,1,0.11442,0.00044404,0,0,0,0,0,0,0,1
0,0,0,0,0,0,0,0,0.99916,0.21629,-0.69427,-1,-0.72946,1.361e-05,-9.2857e-07,0,0,0,0.8287,999,999,999,0.69929,0.42187,0.30156,0,0,0,0,0,0,0,0,0,0,0,0,0,0,0,0,0,0,0,0,0,0,0,0,0,0,0,0,0,0,0,0,0,0,0,0,0,0,0.0064007,0.99916,-1,0.77523,0,0,0,0,0,0,0,0,0,0,0,0
0,0,0,0,0,0,0,0,1.4976,1.0449,-0.83166,-1,-0.02834,0.012029,3.8402e-06,0,0,0,1.8246,999,999,999,1.3448,1.5139,0.31879,0.82418,0.14346,3.5532e-07,9999,1,1,1162.1,10.449,0.11235,0,0,0,0,0,0,0,0,1,999,999,999,0,0,0,0,0,0,0,0,0,0,0,0,0,0,0,0,0,0.00028407,1.4976,-1,0.93283,0.90113,-1,-0.02834,-0.49977,0,0,0,0,0,0,0,0
0,0,0,0,0,0,0,0,1.6632,0.75545,-0.94522,1,0.00017716,0.00016596,-8.1776e-05,1,0,0,1.714,1.6632,0.98612,-0.88815,0.18267,2.334,0.70829,0,0,0,0,0,0,0,0,0,0,0,0,0,0,0,0,0,0,0,0,0,0,0,0,0,0,0,0,0,0,0,0,0,0,0,0,0,0,0.01646,1.6632,1,0.98612,0,0,0,0,0,0,0,0,0,0,0,1
0,0,0,0,0,0,0,0,0.75845,0.95029,0.78677,1,0.00026723,-0.00018663,1.4754e-06,1,1,0.49863,0.82559,999,999,999,0.76614,0.58245,0.35463,0.95683,0.16444,6.8432e-07,9999,1,-1,532.23,3.7598,0.25794,0,0,0,0,0,0,0,0,1,0.75845,0.97941,-0.95903,0,0,0,0,0,10,0.16444,6.8432e-07,9999,-1,532.23,3.7598,0.25794,0.75845,0.97941,-0.95903,-2,0.008341,0.75845,1,0.97941,-0.87646,1,1.4754e-06,0.75464,0,0,0,0,0,0,0,1
0,0,0,0,1.802,0,-0.99718,-1,0,0,0,0,-0.065393,-0.0010631,0,1,1,0.5006,1.6808,-1.802,0.99884,-0.80286,0.70394,2.3773,0,0,0,0,0,0,0,0,0,0,0,0,0,0,0,0,0,0,0,0,0,0,0,0,0,0,0,0,0,0,0,0,0,0,0,0,0,0,0,0.0049752,1.802,-1,0.99884,0,0,0,0,0,0,0,0,0,0,0,0
0,0,0,0,1.1006,0,-0.99596,1,0.1457,0.07239,0.49168,-1,0.00038907,-4.7626e-07,0,0,0,0,0.88894,999,999,999,0.88895,0.19033,0,0.62247,0.1457,4.7626e-07,9999,1,-1,634.77,3.2715,0.19033,0,0,0,0,0,0,0,0,1,1.1006,0.99762,-0.56743,0,0,0,0,0,10,0.1457,4.7626e-07,9999,-1,634.77,3.2715,0.19033,1.1006,0.99762,-0.56743,-8,0.0082069,1.1006,1,0.99762,-0.56743,1,0.00038907,0.2129,0,0,0,0,0,0,0,1
0,0,0,0,0,0,0,0,1.1504,1.1496,0.40494,-1,-0.034712,0.00022951,1.7972e-05,2,1,0.49385,1.4325,999,999,999,1.6277,0.80294,0.44881,0.99951,0.20632,1.8503e-06,9999,1,-1,532.23,3.2715,0.26372,0,0,0,0,0,0,0,0,1,1.0234,0.82435,-0.83436,0,0,0,0,0,10,0.20632,1.8503e-06,9999,-1,532.23,3.2715,0.26372,1.0234,0.82435,-0.83436,-2,0.012789,1.1504,-1,0.90909,0.42393,1,1.7972e-05,0.72093,0,0,0,0,0,0,0,1
0,0,0,0,0,0,0,0,0.77723,0.042928,-0.8722,-1,-5.277e-05,2.1691e-06,-4.4144e-07,1,0,0,0.6454,999,999,999,0.5976,0.27581,0.17279,0.92707,0.24763,3.9958e-07,9999,0,1,683.59,6.3477,0.14723,0,0,0,0,0,0,0,0,1,999,999,999,0,0,0,0,0,0,0,0,0,0,0,0,0,0,0,0,0,0.014842,0.77723,-1,0.85069,0.61418,-1,-5.277e-05,-0.01538,0,0,0,0,0,0,0,0
0.8884,0.24307,-0.30484,-1,0,0,0,0,1.3732,0.08331,-0.75109,-1,-0.93864,-0.0095117,7.5684e-06,1,0,0,1.479,-0.8884,0.72329,-0.38384,1.5243,1.4047,0.37143,0.69556,0.199,9.2478e-07,9999,1,1,664.06,3.7598,0.30103,0,0,0,0,0,0,0,0,1,1.3732,0.91417,-0.71677,0,0,0,0,0,10,0.199,9.2478e-07,9999,1,664.06,3.7598,0.30103,1.3732,0.91417,-0.71677,8,0.0063467,1.3732,-1,0.91417,-0.71677,-1,-0.93864,-0.016123,0.8884,0.24307,-0.30484,-1,1,0.028902,0.72329,0
0,0,0,0,0,0,0,0,1.3099,0.36707,0.89261,1,-0.93176,0.065244,-0.037102,0,0,0,1.7849,999,999,999,0.97289,1.7358,1.1613,0,0,0,0,0,0,0,0,0,0,0,0,0,0,0,0,0,0,0,0,0,0,0,0,0,0,0,0,0,0,0,0,0,0,0,0,0,0,0.0044649,1.3099,1,0.92281,0,0,0,0,0,0,0,0,0,0,0,0
0,0,0,0,0.93188,1.7339,-0.86165,1,0.66574,0.3988,0.14492,1,-0.99753,-0.010433,-0.0015639,3,1,0.49408,1.0262,-0.53455,0.83202,-0.12285,0.53483,0.83767,0.81454,0,0,0,0,0,0,0,0,0,0,0,0,0,0,0,0,0,0,0,0,0,0,0,0,0,0,0,0,0,0,0,0,0,0,0,0,0,0,0.0097568,0.93188,1,0.86363,0,0,0,0,0,0,0,0,0,0,0,0
0,0,0,0,0,0,0,0,1.3069,1.0619,-0.92382,-1,-0.065361,-0.046436,0.011941,0,0,0,1.7724,-0.96287,0.79612,-0.69223,1.4549,0.98423,1.158,0,0,0,0,0,0,0,0,0,0,0,0,0,0,0,0,0,0,0,0,0,0,0,0,0,0,0,0,0,0,0,0,0,0,0,0,0,0,0.019348,1.3069,-1,0.92643,0,0,0,0,0,0,0,0,0,0,0,0
0,0,0,0,0,0,0,0,1.3839,0.58088,0.90446,-1,-0.030919,2.2862e-05,1.2014e-05,0,0,0,1.4901,999,999,999,1.4996,0.47463,0.41053,0.98923,0.2015,5.4381e-07,9999,1,-1,605.47,4.7363,0.21773,0,0,0,0,0,0,0,0,1,999,999,999,0,0,0,0,0,0,0,0,0,0,0,0,0,0,0,0,0,0.0032452,1.3839,-1,0.98775,0.47196,1,2.2862e-05,0.69729,0,0,0,0,0,0,0,1
0,0,0,0,0,0,0,0,0.45639,0.19498,0.92502,1,0.93743,-0.0026597,9.1699e-06,1,0,0,0.97635,999,999,999,0.47443,1.3345,0.38713,0,0,0,0,0,0,0,0,0,0,0,0,0,0,0,0,0,0,0,0,0,0,0,0,0,0,0,0,0,0,0,0,0,0,0,0,0,0,0.00077896,0.95217,-1,0.89626,0,0,0,0,0,0,0,0,0,0,0,0
0,0,0,0,0,0,0,0,1.4315,0.2963,-0.83095,-1,-0.12032,0.00018692,-5.6445e-06,1,0,0,1.3906,999,999,999,2.1676,0.80666,0.34822,0.81946,0.10516,1.2124e-06,9999,0,1,0,24.414,0.083525,0,0,0,0,0,0,0,0,1,1.4315,0.8566,-0.48165,0,0,0,0,0,10,0.10516,1.2124e-06,9999,1,0,24.414,0.083525,1.4315,0.8566,-0.48165,2,0.0091264,1.4315,-1,0.8566,-0.48165,-1,-0.12032,-0.67346,0,0,0,0,0,0,0,0
0.97337,1.1705,0.59121,-1,0,0,0,0,0.73134,1.8719,-0.78548,1,0.82101,-0.0018518,0.00027156,1,0,0,1.0973,0.73134,0.96214,-0.41313,0.17793,0.77365,1.0063,0,0,0,0,0,0,0,0,0,0,0,0,0,0,0,0,0,0,0,0,0,0,0,0,0,0,0,0,0,0,0,0,0,0,0,0,0,0,0.001683,0.97337,-1,0.81673,0,0,0,0,0.97337,1.1705,0.59121,-1,1,0.001683,0.81673,1
0,0,0,0,0,0,0,0,0.94525,0.66957,0.21785,1,0.086819,0.0038186,0.00012789,0,1,0.50248,1.4547,0.82663,-0.45272,-0.37758,1.2447,0.89426,0.861,0.96732,0.14345,4.6219e-07,9999,1,-1,644.53,5.2734,0.18358,0,0,0,0,0,0,0,0,1,0.94525,0.63756,-0.79852,0,0,0,0,0,10,0.14345,4.6219e-07,9999,-1,644.53,5.2734,0.18358,0.94525,0.63756,-0.79852,-2,0.016707,0.94525,1,0.63756,-0.79852,1,0.086819,0.8333,0,0,0,0,0,0,0,1
0,0,0,0,0,0,0,0,0.47036,0.52509,0.6073,1,9.2469e-06,2.3101e-06,-5.2919e-07,1,2,0.4969,0.46777,999,999,999,0.38791,0.28058,0.2124,0.93714,0.17101,5.2919e-07,9999,1,-1,644.53,4.1504,0.2124,0,0,0,0,0,0,0,0,1,999,999,999,0,0,0,0,0,0,0,0,0,0,0,0,0,0,0,0,0,0,0,0,0,0.60385,1,2.3101e-06,0.64541,0,0,0,0,0,0,0,0
0.8667,0.5377,-0.50719,1,0,0,0,0,0.47559,0.042045,0.34523,1,-0.52642,0.00036276,-0.00017896,1,1,0.49417,0.94752,999,999,999,0.91032,0.75417,0.12174,0,0,0,0,0,0,0,0,0,0,0,0,0,0,0,0,0,0,0,0,0,0,0,0,0,0,0,0,0,0,0,0,0,0,0,0,0,0,0.0084772,0.8667,1,0.51723,0,0,0,0,0.8667,0.5377,-0.50719,1,1,0.0084772,0.51723,1
0,0,0,0,0,0,0,0,1.2322,1.0305,-0.95115,1,0.96302,-3.7695e-05,5.6816e-06,0,0,0,0.91573,999,999,999,0.81675,0.50422,0.34873,0.26609,0.13381,4.4505e-07,9999,1,-1,742.19,6.3477,0.17475,0,0,0,0,0,0,0,0,1,1.2322,0.87568,-0.18011,0,0,0,0,0,10,0.13381,4.4505e-07,9999,-1,742.19,6.3477,0.17475,1.2322,0.87568,-0.18011,-0,0.00034811,1.2322,1,0.87568,0.40293,1,0.96302,0.13064,0,0,0,0,0,0,0,1
0,0,0,0,0,0,0,0,2.1171,0,-0.65098,-1,-0.0001393,8.0498e-05,-1.2449e-06,0,0,0,1.9478,999,999,999,3.0255,0.7435,0.33654,0.50379,0.21892,1.2449e-06,9999,1,-1,507.81,3.9062,0.33654,0,0,0,0,0,0,0,0,1,999,999,999,0,0,0,0,0,0,0,0,0,0,0,0,0,0,0,0,0,0.015737,2.1171,-1,0.99215,0.5084,1,8.0498e-05,0.00094522,0,0,0,0,0,0,0,0
0,0,0,0,0,0,0,0,0.95244,1.4146,-0.68254,1,0.10818,0.0027993,-0.00071767,1,0,0,1.3347,999,999,999,0.82555,1.1109,0.79507,0.72134,0.24557,2.6048e-06,9999,1,1,532.23,4.3457,0.28962,0,0,0,0,0,0,0,0,1,999,999,999,0,0,0,0,0,0,0,0,0,0,0,0,0,0,0,0,0,0.0006245,0.95244,1,0.93105,0.43149,-1,-0.00071767,-0.00036916,0,0,0,0,0,0,0,1
0.42022,2.0385,-0.3471,-1,0,0,0,0,1.1235,1.2044,-0.40071,-1,0.89969,0.83419,-0.78282,0,0,0,1.5007,999,999,999,0.27409,1.0033,1.6066,0,0,0,0,0,0,0,0,0,0,0,0,0,0,0,0,0,0,0,0,0,0,0,0,0,0,0,0,0,0,0,0,0,0,0,0,0,0,0.014871,1.1235,-1,0.97687,0,0,0,0,0.42022,2.0385,-0.3471,-1,1,0.012589,0.90591,1
0,0,0,0,0,0,0,0,1.161,0.82384,-0.76039,1,0.024627,-4.9718e-07,-3.851e-07,0,0,0,1.1787,999,999,999,1.3641,0.19962,0.13689,0.41903,0.11042,3.851e-07,9999,1,-1,878.91,7.9102,0.13689,0,0,0,0,0,0,0,0,1,999,999,999,0,0,0,0,0,0,0,0,0,0,0,0,0,0,0,0,0,0.02332,1.161,1,0.96511,0.55909,1,0.024627,0.3857,0,0,0,0,0,0,0,1
0.92964,0.44644,-0.8251,-1,0,0,0,0,0.085193,1.052,-0.19032,1,-0.055762,4.1581e-07,0,0,0,0,0.91123,999,999,999,1.1439,0.15783,0,0.35934,0.085193,4.1581e-07,9999,1,1,615.23,4.1016,0.15783,0,0,0,0,0,0,0,0,1,999,999,999,0,0,0,0,0,0,0,0,0,0,0,0,0,0,0,0,0,0.0052426,0.92964,-1,0.96572,0.24543,-1,-0.055762,-0.5331,0.92964,0.44644,-0.8251,-1,1,0.0052426,0.96572,0
0.852,0.45589,0.065281,1,0,0,0,0,1.1388,0.43758,-0.289,1,0.05484,0.0002206,4.7961e-06,2,0,0,1.3946,0.852,-0.95806,-0.95867,1.397,0.783,0.33567,0.95559,0.22589,6.3402e-07,9999,1,-1,610.35,4.3457,0.24544,0,0,0,0,0,0,0,0,1,0.852,0.95806,-0.83181,0,0,0,0,0,10,0.22589,6.3402e-07,9999,-1,610.35,4.3457,0.24544,0.852,0.95806,-0.83181,-0,0.029086,1.1388,1,0.99667,0.9454,1,0.05484,0.17533,0.852,0.45589,0.065281,1,1,0.015603,0.95806,1
0,0,0,0,0,0,0,0,1.2685,0.86637,-0.83219,1,0.17821,0.029023,0.00069811,1,1,0.50137,1.2569,1.2685,-0.99884,-0.97205,0.78134,1.0157,0.35317,0.26856,0.12235,3.8127e-07,9999,1,-1,976.56,6.1523,0.13399,0,0,0,0,0,0,0,0,1,999,999,999,0,0,0,0,0,10,0.17794,6.776e-07,9999,-1,498.05,4.5898,0.25636,1.2685,0.99884,-0.75228,-5,0.011967,1.2685,1,0.99884,0.80672,1,0.17821,0.12628,0,0,0,0,0,0,0,1
0,0,0,0,0,0,0,0,1.7208,0.63036,0.95275,1,0.95602,0.057885,-0.010813,0,0,0,2.0617,1.7208,-0.97866,-0.87654,0.97524,1.7324,0.524,0,0,0,0,0,0,0,0,0,0,0,0,0,0,0,0,0,0,0,0,0,0,0,0,0,0,0,0,0,0,0,0,0,0,0,0,0,0,0.00084143,1.7208,1,0.97866,0,0,0,0,0,0,0,0,0,0,0,1
0,0,0,0,0.64576,0.83906,-0.80705,-1,0.36001,1.109,-0.73708,1,0.00071303,-0.00012635,3.7037e-05,1,0,0,0.72505,999,999,999,0.45551,0.89611,0.5376,0.51185,0.057093,1.2241e-06,9999,1,1,0,13.086,0.11252,0,0,0,0,0,0,0,0,1,0.64576,0.86006,-0.20346,0,0,0,0,0,10,0.057093,1.2241e-06,9999,1,0,13.086,0.11252,0.64576,0.86006,-0.20346,6,0.01428,0.64576,-1,0.86006,-0.20346,-1,-0.00012635,-0.75354,0,0,0,0,0,0,0,0
0,0,0,0,0,0,0,0,0.20314,0.38833,0.38298,-1,-0.99792,0.00061931,2.4491e-05,0,0,0,0.62354,999,999,999,0.43243,0.49226,0.48256,0.28048,0.18864,4.1652e-07,9999,1,1,751.95,6.25,0.15828,0,0,0,0,0,0,0,0,1,999,999,999,0,0,0,0,0,10,0.20314,0.99792,9999,-1,947.27,8.0078,0.43243,0.64213,0.8746,-0.19348,-3,0.0030466,0.64213,1,0.8746,0.4999,-1,-0.99792,-0.0049986,0,0,0,0,0,0,0,0
0,0,0,0,0,0,0,0,0.47129,0.58219,-0.48402,1,-0.99928,4.3116e-05,2.5976e-05,2,0,0,0.81928,999,999,999,0.365,0.56299,0.48931,0.67783,0.22381,5.535e-07,9999,0,-1,571.29,3.6133,0.22112,0,0,0,0,0,0,0,0,1,999,999,999,0,0,0,0,0,0,0,0,0,0,0,0,0,0,0,0,0,0.0067751,0.50758,-1,0.76482,0.83511,1,4.3116e-05,0.001666,0,0,0,0,0,0,0,0
0,0,0,0,0,0,0,0,0.94933,0.74628,0.27069,1,-0.76422,0.098821,-2.3484e-06,0,0,0,1.3177,999,999,999,1.0401,1.2138,0.24223,0,0,0,0,0,0,0,0,0,0,0,0,0,0,0,0,0,0,0,0,0,0,0,0,0,0,0,0,0,0,0,0,0,0,0,0,0,0,0.00012081,0.93283,-1,0.98567,0,0,0,0,0,0,0,0,0,0,0,0
0,0,0,0,0,0,0,0,1.5786,0.60541,-0.64122,1,0.13855,-1.941e-05,1.2493e-06,0,0,0,1.5746,999,999,999,2.1113,0.45677,0.12518,0.94998,0.12251,1.2153e-06,9999,1,-1,0,11.523,0.10537,0,0,0,0,0,0,0,0,1,1.5786,0.98839,-0.93004,0,0,0,0,0,10,0.12251,1.2153e-06,9999,-1,0,11.523,0.10537,1.5786,0.98839,-0.93004,-2,0.015999,1.5786,1,0.98839,-0.93004,1,0.13855,0.81634,0,0,0,0,0,0,0,1
0,0,0,0,0,0,0,0,1.5338,0.36429,0.24536,1,0.49992,0.088645,-5.73e-07,0,0,0,1.4552,1.266,0.76076,-0.63918,1.253,2.0416,0.2276,0,0,0,0,0,0,0,0,0,0,0,0,0,0,0,0,0,0,0,0,0,0,0,0,0,0,0,0,0,0,0,0,0,0,0,0,0,0,0.032144,1.5338,1,0.98375,0,0,0,0,0,0,0,0,0,0,0,1
1.575,0.50544,-0.7874,1,0,0,0,0,0.48579,0.04514,0.38809,-1,0.96055,-0.00015463,4.7675e-05,2,0,0,1.6645,1.575,0.79131,-0.51754,0.65377,0.62758,2.1818,0,0,0,0,0,0,0,0,0,0,0,0,0,0,0,0,0,0,0,0,0,0,0,0,0,0,0,0,0,0,0,0,0,0,0,0,0,0,0.0079903,1.575,1,0.79131,0,0,0,0,0,0,0,0,0,0,0,1
0,0,0,0,0.71476,1.383,0.98295,1,0.83603,0.88867,0.08838,-1,0.99662,-0.98415,0.26817,0,0,0,1.1043,0.71476,0.76867,-0.91804,0.56363,0.63474,1.1164,0.88725,0.090141,3.7907e-07,9999,1,1,1005.9,6.0547,0.1323,0,0,0,0,0,0,0,0,1,0.55454,0.99037,-0.91629,0,0,0,0,0,10,0.091511,3.7429e-07,9999,-1,888.67,8.3984,0.12854,0.71476,0.76867,-0.58435,-4,0.018208,0.83603,-1,0.57436,-0.58435,1,0.26817,0.65992,0,0,0,0,0,0,0,0
0,0,0,0,0,0,0,0,1.3681,0.84464,-0.99604,1,0.96625,-0.4059,0.00017878,0,0,0,1.4223,999,999,999,2.0747,1.1373,0.18887,0.9464,0.13597,1.2097e-06,9999,1,1,0,12.402,0.096273,0,0,0,0,0,0,0,0,1,0.71358,0.98628,-0.93506,0,0,0,0,0,10,0.13597,1.2097e-06,9999,1,0,12.402,0.096273,0.71358,0.98628,-0.93506,2,0.004033,1.3681,1,0.99605,-0.93506,-1,-0.4059,-0.79358,0,0,0,0,0,0,0,0
0,0,0,0,0,0,0,0,1.102,1.3545,-0.96782,-1,-0.053633,0.00087027,-5.1287e-05,2,0,0,1.3488,999,999,999,1.3089,0.68418,0.59676,0.98707,0.096857,3.7494e-07,9999,0,-1,927.73,10.449,0.12906,1,0,-0.8267,0.80819,-1.2211,0.21324,0.033455,0.23292,1,0.50109,0.6442,-0.51431,0,0,0,0,0,10,0.096857,3.7494e-07,9999,-1,927.73,10.449,0.12906,0.50109,0.6442,-0.51431,-2,0.0090569,1.102,-1,0.98037,0.92806,1,0.00087027,0.88457,0,0,0,0,0,0,0,1
0,0,0,0,0,0,0,0,0.65145,0.47474,-0.50335,1,0.95435,-0.0006489,0.00020855,1,0,0,1.201,0.71286,0.98184,-0.82807,0.96475,0.41929,0.87428,0.46691,0.15883,3.0066e-06,9999,1,1,0,4.1504,0.26858,0,0,0,0,0,0,0,0,1,999,999,999,0,0,0,0,0,0,0,0,0,0,0,0,0,0,0,0,0,0.010813,0.71286,1,0.98184,0.43568,-1,-0.0006489,-0.076572,0,0,0,0,0,0,0,1
0,0,0,0,0,0,0,0,1.4869,0.53232,-0.29559,1,-0.99267,0.038126,0.013225,0,0,0,1.7701,999,999,999,0.63249,1.4598,0.96256,0.91331,0.14123,1.2338e-06,9999,1,-1,0,11.426,0.11818,1,0,1.3166,0.098038,-0.7827,0.3065,0.003979,0.011787,1,0.70816,0.44931,-0.41195,0,0,0,0,0,10,0.14123,1.2338e-06,9999,-1,0,11.426,0.11818,0.70816,0.44931,-0.41195,-2,0.014641,1.4869,1,0.99111,-0.95299,-1,-0.99267,-0.37804,0,0,0,0,0,0,0,1
0,0,0,0,0,0,0,0,0.58336,0.41096,0.82277,1,0.97499,0.01613,0.00042496,1,0,0,1.0444,0.58336,0.67752,-0.28803,0.94326,0.9226,0.24167,0,0,0,0,0,0,0,0,0,0,0,0,0,0,0,0,0,0,0,0,0,0,0,0,0,0,0,0,0,0,0,0,0,0,0,0,0,0,0.00068578,0.68896,1,0.72382,0,0,0,0,0,0,0,0,0,0,0,0
0,0,0,0,0,0,0,0,0.7969,1.6529,-0.80634,-1,-0.00088818,0.00059193,0.00048546,1,0,0,1.1206,-0.54957,0.94169,-0.93711,0.92952,0.33997,0.27453,0.44349,0.21758,5.1186e-07,9999,1,1,600.59,5.6641,0.20568,0,0,0,0,0,0,0,0,1,0.54957,0.94169,-0.13798,0,0,0,0,0,10,0.21758,5.1186e-07,9999,1,600.59,5.6641,0.20568,0.54957,0.94169,-0.13798,5,0.0038319,0.7969,-1,0.95935,0.43078,-1,-0.00088818,-0.00086586,0,0,0,0,0,0,0,0
0,0,0,0,0,0,0,0,1.2509,0.68856,-0.92989,1,0.90951,-0.00038398,3.3953e-06,3,0,0,1.1521,999,999,999,0.90197,0.89682,0.42886,0,0,0,0,0,0,0,0,0,0,0,0,0,0,0,0,0,0,0,0,0,0,0,0,0,0,0,0,0,0,0,0,0,0,0,0,0,0,0.001686,1.2509,1,0.96741,0,0,0,0,0,0,0,0,0,0,0,1
0,0,0,0,0,0,0,0,1.6699,0.33874,0.6375,-1,-0.98384,-0.96558,0.00071382,0,0,0,2.1377,-1.6699,0.98592,-0.901,0.74932,2.2137,0.86197,0,0,0,0,0,0,0,0,0,0,0,0,0,0,0,0,0,0,0,0,0,0,0,0,0,0,0,0,0,0,0,0,0,0,0,0,0,0,0.017387,1.6699,-1,0.98592,0,0,0,0,0,0,0,0,0,0,0,0
0,0,0,0,0,0,0,0,0.93743,0.54877,-0.79267,1,-0.98312,0.97654,-0.96129,1,0,0,1.4201,-1.0715,0.89226,-0.59424,0.67978,0.64081,1.2586,0.99601,0.11322,1.6145e-06,9999,0,1,0,5.7129,0.19064,0,0,0,0,0,0,0,0,1,0.96958,0.82765,-0.82063,0,0,0,0,0,10,0.11322,1.6145e-06,9999,1,0,5.7129,0.19064,0.96958,0.82765,-0.82063,2,0.010836,1.0715,-1,0.89226,0.85738,-1,-0.96129,-0.90108,0,0,0,0,0,0,0,0
0.46697,0.29065,-0.8691,-1,0,0,0,0,0.25495,0,0.7665,1,-0.0025564,-0.00011105,1.2205e-06,0,0,0,0.66199,999,999,999,0.71925,0.80184,0.33434,0,0,0,0,0,0,0,0,0,0,0,0,0,0,0,0,0,0,0,0,0,0,0,0,0,0,0,0,0,0,0,0,0,0,0,0,0,0,0.011499,0.56707,-1,0.74772,0,0,0,0,0.46697,0.29065,-0.8691,-1,1,0.017308,0.77695,1
0.89412,0.9673,-0.61585,-1,0,0,0,0,0.64814,0.60476,-0.35024,1,-0.83206,-0.036134,3.892e-05,0,1,0.49981,1.0504,999,999,999,0.65532,0.82762,0.5457,0,0,0,0,0,0,0,0,0,0,0,0,0,0,0,0,0,0,0,0,0,0,0,0,0,0,0,0,0,0,0,0,0,0,0,0,0,0,0.0044923,0.89412,-1,0.62769,0,0,0,0,0.89412,0.9673,-0.61585,-1,1,0.0044923,0.62769,1
0,0,0,0,0,0,0,0,0.28998,0,0.52882,-1,6.8836e-05,-1.1665e-05,-5.0548e-07,0,0,0,0.79594,999,999,999,0.67428,0.40792,0.20309,0,0,0,0,0,0,0,0,0,0,0,0,0,0,0,0,0,0,0,0,0,0,0,0,0,0,0,0,0,0,0,0,0,0,0,0,0,0,0.0093797,0.84217,1,0.89735,0,0,0,0,0,0,0,0,0,0,0,1
0,0,0,0,0,0,0,0,1.2877,0.79225,-0.32085,-1,-0.065293,-0.0034599,8.0351e-05,2,1,0.49489,1.6006,-0.82704,-0.99593,-0.97486,1.6827,0.90291,0.57925,0,0,0,0,0,0,0,0,0,0,0,0,0,0,0,0,0,0,0,0,0,0,0,0,0,0,0,0,0,0,0,0,0,0,0,0,0,0,0.0018546,1.2877,-1,0.98904,0,0,0,0,0,0,0,0,0,0,0,1
0,0,0,0,0,0,0,0,1.9143,1.0098,-0.91751,1,-0.0006468,9.0526e-05,-3.4214e-06,0,0,0,1.5322,999,999,999,0.64879,2.9278,0.3101,0,0,0,0,0,0,0,0,0,0,0,0,0,0,0,0,0,0,0,0,0,0,0,0,0,0,0,0,0,0,0,0,0,0,0,0,0,0,0.0053345,1.9143,1,0.94067,0,0,0,0,0,0,0,0,0,0,0,0
0,0,0,0,0,0,0,0,1.2195,0.73008,-0.49261,-1,-0.69914,-0.0001321,3.1063e-05,0,0,0,1.5321,-0.71113,-0.92804,-0.86604,1.6142,0.86677,0.51247,0.94617,0.17311,5.4556e-07,9999,1,-1,556.64,4.8828,0.21835,0,0,0,0,0,0,0,0,1,999,999,999,0,0,0,0,0,10,0.20876,8.7808e-07,9999,1,527.34,4.0039,0.29421,0.71113,0.92804,-0.58689,5,0.00052981,1.2195,-1,0.93535,0.43501,-1,-0.69914,-0.0089436,0,0,0,0,0,0,0,0
0,0,0,0,0,0,0,0,0.80467,1.2967,0.42586,-1,-0.99682,-0.001665,0.0004623,0,0,0,1.0955,-0.81058,0.88319,-0.26837,0.48868,0.81919,0.74119,0,0,0,0,0,0,0,0,0,0,0,0,0,0,0,0,0,0,0,0,0,0,0,0,0,0,0,0,0,0,0,0,0,0,0,0,0,0,0.0098365,0.81058,-1,0.88319,0,0,0,0,0,0,0,0,0,0,0,0
0,0,0,0,0,0,0,0,0.54238,0.21328,-0.69221,1,0.99089,-5.2522e-07,-3.5944e-07,0,1,0.49769,0.57235,999,999,999,0.63627,0.2109,0.11605,0.92459,0.18235,5.2522e-07,9999,1,-1,996.09,3.7109,0.2109,0,1,0,0,0,0,0,0,1,999,999,999,0,0,0,0,0,10,0.18874,3.5944e-07,9999,-1,693.36,3.3691,0.11605,0.54238,0.4974,-0.074673,-8,0.022724,0.54238,1,0.4974,0.12942,1,0.99089,0.49985,0,0,0,0,0,0,0,1
1.6026,0.20531,-0.92979,1,0,0,0,0,1.1132,0.20531,-0.89676,-1,-0.0079512,0.00058826,0,0,0,0,1.8845,999,999,999,1.2438,1.567,0,0,0,0,0,0,0,0,0,0,0,0,0,0,0,0,0,0,0,0,0,0,0,0,0,0,0,0,0,0,0,0,0,0,0,0,0,0,0,0.013342,1.6026,1,0.95409,0,0,0,0,0,0,0,0,0,0,0,1
0,0,0,0,1.4314,0.54716,-0.98534,-1,0.29797,0.16112,0.3952,-1,-0.81582,-0.035374,-6.5123e-06,1,0,0,1.4353,999,999,999,0.17283,1.8656,0.47724,0.46751,0.23593,0.81582,9999,0,-1,0,35.938,0.17283,0,0,0,0,0,0,0,0,1,999,999,999,0,0,0,0,0,0,0,0,0,0,0,0,0,0,0,0,0,0.0073458,1.4314,-1,0.93229,-0.045241,1,4.8781e-06,8.0725e-06,0,0,0,0,0,0,0,0
0,0,0,0,0,0,0,0,0.50334,0.15536,-0.28024,-1,0.51425,-6.9656e-05,7.2397e-06,0,0,0,0.72553,999,999,999,1.2329,0.66807,0.48465,0,0,0,0,0,0,0,0,0,0,0,0,0,0,0,0,0,0,0,0,0,0,0,0,0,0,0,0,0,0,0,0,0,0,0,0,0,0,3.4242e-05,0.73067,1,0.9994,0,0,0,0,0,0,0,0,0,0,0,1
0,0,0,0,0,0,0,0,1.0611,0,-0.49739,1,-0.36296,0.18562,-2.8885e-05,1,0,0,1.1229,-0.74166,-0.76997,-0.67618,1.2477,1.1096,0.50287,0,0,0,0,0,0,0,0,0,0,0,0,0,0,0,0,0,0,0,0,0,0,0,0,0,0,0,0,0,0,0,0,0,0,0,0,0,0,0.0065412,1.0611,1,0.99275,0,0,0,0,0,0,0,0,0,0,0,1
0,0,0,0,0,0,0,0,0.51912,1.2747,0.99438,-1,-0.99823,6.6948e-05,1.9864e-05,1,0,0,0.73571,999,999,999,0.51005,0.66741,0.45921,0,0,0,0,0,0,0,0,0,0,0,0,0,0,0,0,0,0,0,0,0,0,0,0,0,0,0,0,0,0,0,0,0,0,0,0,0,0,0.0036521,0.51912,-1,0.84481,0,0,0,0,0,0,0,0,0,0,0,1
0,0,0,0,0,0,0,0,0.70708,0.77497,0.90621,-1,0.9998,0.093544,-0.00013078,0,0,0,1.044,0.60601,0.52483,-0.00032326,0.34435,0.94333,0.70582,0.88678,0.14103,4.8315e-07,9999,1,-1,620.12,4.834,0.19348,0,0,0,0,0,0,0,0,1,999,999,999,0,0,0,0,0,0,0,0,0,0,0,0,0,0,0,0,0,0.023483,0.70708,-1,0.97112,-0.4603,1,0.9998,0.64102,0,0,0,0,0,0,0,1
0,0,0,0,0,0,0,0,0.93201,1.1227,-0.57756,1,-0.43347,0.014173,0.0059786,0,0,0,1.2162,999,999,999,0.57888,1.3176,0.87197,0.94347,0.15123,3.8321e-07,9999,0,1,986.33,11.133,0.13547,0,0,0,0,0,0,0,0,1,999,999,999,0,0,0,0,0,10,0.12803,5.1665e-07,9999,-1,644.53,3.2227,0.20758,0.93201,0.93919,-0.066259,-0,0.032841,0.93201,1,0.93919,0.7565,-1,-0.43347,-0.75366,0,0,0,0,0,0,0,0
0,0,0,0,0,0,0,0,0.81661,0.9374,0.18,1,0.98794,0.92377,-0.018522,4,0,0,1.1636,0.81661,0.91715,-0.875,0.6732,1.2136,0.70668,0.97502,0.15243,3.6063e-07,9999,0,-1,1240.2,11.23,0.1171,1,0,-3.0374,1.4501,0.61047,0.25532,0.026456,7.6502e-05,1,0.81661,0.91715,-0.80597,0,0,0,0,0,10,0.15243,3.6063e-07,9999,-1,1240.2,11.23,0.1171,0.81661,0.91715,-0.80597,-5,0.0019119,0.81661,1,0.91715,0.986,1,0.98794,0.8406,0,0,0,0,0,0,0,1
0,0,0,0,0,0,0,0,0.98848,0.61582,-0.73718,-1,-0.16384,1.5039e-05,4.2114e-06,0,0,0,0.83146,999,999,999,1.5807,0.53384,0.32577,0.53971,0.23616,4.7589e-07,9999,0,-1,644.53,5.2246,0.19015,0,0,0,0,0,0,0,0,1,999,999,999,0,0,0,0,0,0,0,0,0,0,0,0,0,0,0,0,0,0.07601,0.98848,-1,0.72328,0.51631,1,4.2114e-06,0.00026204,0,0,0,0,0,0,0,0
0,0,0,0,0,0,0,0,0.69374,0.76605,0.28105,-1,0.0014924,-0.00042078,-3.5058e-06,4,1,0.49722,0.83922,999,999,999,0.46241,0.72518,0.31193,0.83083,0.14266,3.5859e-07,9999,0,1,620.12,3.2227,0.11529,0,0,0,0,0,0,0,0,1,999,999,999,0,0,0,0,0,0,0,0,0,0,0,0,0,0,0,0,0,0.01503,0.69374,-1,0.82355,0.63024,-1,-0.00042078,-0.51753,0,0,0,0,0,0,0,1
0,0,0,0,0,0,0,0,0.63453,1.1618,-0.63622,-1,-0.00022069,-1.2099e-05,4.2387e-06,1,0,0,0.76031,999,999,999,0.43034,0.41117,0.32626,0,0,0,0,0,0,0,0,0,0,0,0,0,0,0,0,0,0,0,0,0,0,0,0,0,0,0,0,0,0,0,0,0,0,0,0,0,0,0.01192,0.63453,-1,0.51183,0,0,0,0,0,0,0,0,0,0,0,1
0,0,0,0,0,0,0,0,0.8889,0.15083,-0.91587,1,-0.99449,0.00017918,0.00010993,3,1,0.49591,0.79186,999,999,999,0.58935,0.89328,0.64883,0,0,0,0,0,0,0,0,0,0,0,0,0,0,0,0,0,0,0,0,0,0,0,0,0,0,0,0,0,0,0,0,0,0,0,0,0,0,0.0068423,0.91223,-1,0.91324,0,0,0,0,0,0,0,0,0,0,0,0
1.5002,0.049598,-0.73784,1,0,0,0,0,0.99989,0.53609,0.43469,-1,0.083598,-0.035973,0.00029378,1,0,0,1.3594,999,999,999,1.1748,1.5164,0.77556,0.98704,0.12173,1.9853e-06,9999,1,-1,0,4.5898,0.22155,0,0,0,0,0,0,0,0,1,1.5002,0.99611,-0.99168,0,0,0,0,0,10,0.12173,1.9853e-06,9999,-1,0,4.5898,0.22155,1.5002,0.99611,-0.99168,-2,0.0011594,1.5002,1,0.99611,-0.99168,1,0.083598,0.8863,0,0,0,0,0,0,0,1
0,0,0,0,0,0,0,0,0.44321,1.3035,-0.77739,1,-0.00010276,2.3286e-06,0,0,0,0,0.34305,999,999,999,0.65268,0.28118,0,0,0,0,0,0,0,0,0,0,0,0,0,0,0,0,0,0,0,0,0,0,0,0,0,0,0,0,0,0,0,0,0,0,0,0,0,0,0,0,0,0,0,0,0,0,0,0,0,0,0,0,0,0,0
0.45594,2.7585,-0.77467,-1,0,0,0,0,1.1344,0.98848,-0.64041,1,-0.99957,0.95244,-0.47032,1,0,0,1.2892,999,999,999,0.3483,0.80029,0.61447,0.56392,0.21594,3.9987e-07,9999,1,-1,751.95,6.9336,0.14743,0,0,0,0,0,0,0,0,1,1.1344,0.79306,-0.39256,0,0,0,0,0,10,0.21594,3.9987e-07,9999,-1,751.95,6.9336,0.14743,1.1344,0.79306,-0.39256,-4,0.0096371,1.1344,1,0.79306,0.46003,1,0.95244,0.0015636,0.45594,2.7585,-0.77467,-1,1,0.097846,0.43887,0
1.2521,0,-0.75755,1,0,0,0,0,0,0,0,0,0.12821,0,0,0,0,0,0.82937,999,999,999,0.90775,0,0,0,0,0,0,0,0,0,0,0,0,0,0,0,0,0,0,0,0,0,0,0,0,0,0,0,0,0,0,0,0,0,0,0,0,0,0,0,0,0.0090986,1.2521,1,0.96306,0,0,0,0,0,0,0,0,0,0,0,1
0,0,0,0,0,0,0,0,0.17068,1.9712,-0.88474,1,0.0020428,-3.218e-05,1.9356e-06,0,0,0,0.81232,999,999,999,0.75115,0.51732,0.21815,0.12193,0.17068,1.9356e-06,9999,1,1,0,5.7617,0.21815,0,0,0,0,0,0,0,0,1,999,999,999,0,0,0,0,0,0,0,0,0,0,0,0,0,0,0,0,0,0.017859,0.69517,1,0.98974,0.86847,-1,-3.218e-05,-0.01014,0,0,0,0,0,0,0,1
1.588,0.55597,-0.50458,-1,0,0,0,0,1.3644,0.6534,-0.19339,-1,-0.94202,-0.00043022,1.9692e-05,0,0,0,1.6993,-1.588,0.92331,-0.73573,1.4255,2.5118,0.45816,0.88657,0.11356,3.965e-07,9999,1,1,869.14,7.9102,0.14511,0,0,0,0,0,0,0,0,1,1.588,0.92331,-0.64647,0,0,0,0,0,10,0.11356,3.965e-07,9999,1,869.14,7.9102,0.14511,1.588,0.92331,-0.64647,0,0.0066283,1.588,-1,0.92331,0.99161,-1,-0.94202,-0.72196,0,0,0,0,0,0,0,0
0,0,0,0,0,0,0,0,1.1249,0.86833,-0.99284,-1,0.97143,-0.055806,4.065e-05,4,1,0.49852,1.2021,999,999,999,0.91119,1.6962,0.55231,0.52251,0.20176,1.471e-06,9999,1,-1,0,6.1523,0.17312,0,0,0,0,0,0,0,0,1,0.78507,0.86284,-0.79758,0,0,0,0,0,10,0.20176,1.471e-06,9999,-1,0,6.1523,0.17312,0.78507,0.86284,-0.79758,-0,0.016501,1.1249,-1,0.97215,-0.79758,1,0.97143,0.0043489,0,0,0,0,0,0,0,1
0,0,0,0,0,0,0,0,0.5446,0.32071,-0.50531,-1,-0.99016,-1.249e-06,0,1,0,0,0.54554,999,999,999,0.67003,0.12509,0,0,0,0,0,0,0,0,0,0,0,0,0,0,0,0,0,0,0,0,0,0,0,0,0,0,0,0,0,0,0,0,0,0,0,0,0,0,0,0.015113,0.5446,-1,0.76511,0,0,0,0,0,0,0,0,0,0,0,0
0,0,0,0,0,0,0,0,0.70236,0.50671,0.2788,-1,-0.0086781,1.5239e-05,-1.2142e-06,1,0,0,0.77438,999,999,999,0.92694,0.42496,0.10416,0.37456,0.09088,1.2142e-06,9999,0,-1,0,14.844,0.10416,0,0,0,0,0,0,0,0,1,999,999,999,0,0,0,0,0,0,0,0,0,0,0,0,0,0,0,0,0,0.059572,0.70236,-1,0.79203,-0.017137,1,1.5239e-05,0.50423,0,0,0,0,0,0,0,1
0,0,0,0,0,0,0,0,0.73234,0.19682,0.25635,-1,0.14347,-0.0025098,8.194e-05,1,0,0,0.9814,999,999,999,1.8878,1.0493,0.74676,0,0,0,0,0,0,0,0,0,0,0,0,0,0,0,0,0,0,0,0,0,0,0,0,0,0,0,0,0,0,0,0,0,0,0,0,0,0,0.014401,0.73234,-1,0.96366,0,0,0,0,0,0,0,0,0,0,0,0
2.0676,0.10541,-0.62933,-1,0,0,0,0,1.4576,0.23448,0.6803,1,0.0094754,-0.00021009,-6.785e-05,1,0,0,2.4808,999,999,999,1.4917,0.57539,2.7846,0.5773,0.13734,1.2235e-06,9999,0,1,0,30.859,0.073401,0,0,0,0,0,0,0,0,1,2.0676,0.95392,-0.77507,0,0,0,0,0,10,0.13734,1.2235e-06,9999,1,0,30.859,0.073401,2.0676,0.95392,-0.77507,2,0.0074469,2.0676,-1,0.95392,0.28735,-1,-0.00021009,-0.24657,0,0,0,0,0,0,0,0
0,0,0,0,0,0,0,0,0.98044,0,-0.54277,-1,-0.97329,-0.11279,-0.00011766,1,0,0,0.85578,-0.98044,0.87147,-0.86534,0.27029,1.4763,0.66288,0.75344,0.22528,1.4268e-06,9999,1,1,673.83,3.9062,0.24359,0,0,0,0,0,0,0,0,1,0.98044,0.87147,-0.59936,0,0,0,0,0,10,0.22528,1.4268e-06,9999,1,673.83,3.9062,0.24359,0.98044,0.87147,-0.59936,0,0.005951,0.98044,-1,0.87147,0.52383,-1,-0.97329,-0.00329,0,0,0,0,0,0,0,0
0,0,0,0,0,0,0,0,1.5472,1.2917,0.081365,1,0.96484,-0.94322,0.006078,0,1,0.49132,1.8482,0.94802,-0.91329,-0.8483,2.249,1.2452,0.63315,0.90147,0.16558,5.8372e-07,9999,1,-1,581.05,5.2734,0.23099,0,0,0,0,0,0,0,0,1,0.94802,0.91329,-0.65436,0,0,0,0,0,10,0.16558,5.8372e-07,9999,-1,581.05,5.2734,0.23099,0.94802,0.91329,-0.65436,-5,0.0015481,1.5472,1,0.98441,0.95446,1,0.96484,0.5436,0,0,0,0,0,0,0,1
0,0,0,0,0,0,0,0,0.33019,0.068202,0.019317,-1,0.99975,-2.3231e-05,-7.9263e-06,0,0,0,0.49944,999,999,999,0.35202,0.47645,0.37518,0.94448,0.23532,0.99975,9999,1,1,1308.6,13.477,0.35202,0,0,0,0,0,0,0,0,1,0.53669,0.66336,-0.4376,0,0,0,0,0,10,0.23532,0.99975,9999,1,1308.6,13.477,0.35202,0.53669,0.66336,-0.4376,22,0.023002,0.53669,-1,0.66336,-0.4376,-1,-7.9263e-06,-6.2169e-06,0,0,0,0,0,0,0,1
0,0,0,0,0,0,0,0,0.53831,0.80514,0.12794,1,-0.99988,-0.00024426,0.00018986,2,0,0,0.73361,999,999,999,0.39022,0.2715,0.67827,0.99875,0.19002,0.00024426,9999,0,-1,454.1,0,0.2715,0,0,0,0,0,0,0,0,1,999,999,999,0,0,0,0,0,0,0,0,0,0,0,0,0,0,0,0,0,0.010967,0.53831,1,0.84728,0.82396,1,0.00018986,0.81943,0,0,0,0,0,0,0,0
0.38492,0.3985,-0.20996,-1,0,0,0,0,0.31818,0.55513,-0.9647,1,4.634e-05,1.6361e-05,-1.1197e-05,0,0,0,0.61015,999,999,999,0.5762,0.43941,0.40431,0,0,0,0,0,0,0,0,0,0,0,0,0,0,0,0,0,0,0,0,0,0,0,0,0,0,0,0,0,0,0,0,0,0,0,0,0,0,0,0,0,0,0,0,0,0,0.38492,0.3985,-0.20996,-1,1,0.0056491,0.86221,1
0,0,0,0,0,0,0,0,0.60722,1.8226,-0.99897,1,-0.02422,-0.00051909,7.3834e-05,0,0,0,1.1993,-0.70459,-0.92739,-0.90325,1.0625,0.53981,0.66919,0,0,0,0,0,0,0,0,0,0,0,0,0,0,0,0,0,0,0,0,0,0,0,0,0,0,0,0,0,0,0,0,0,0,0,0,0,0,0.0040797,0.78993,-1,0.99263,0,0,0,0,0,0,0,0,0,0,0,0
0,0,0,0,0,0,0,0,0.49479,0.65667,-0.72323,1,-0.2298,0.00016358,-1.2702e-06,1,0,0,0.65281,999,999,999,1.1662,0.6472,0.23438,0.44641,0.14903,6.0276e-07,9999,1,1,498.05,6.1523,0.23672,0,0,0,0,0,0,0,0,1,999,999,999,0,0,0,0,0,0,0,0,0,0,0,0,0,0,0,0,0,0,0,0,0,0.18619,-1,-0.2298,-0.12017,0,0,0,0,0,0,0,1
0,0,0,0,0,0,0,0,2.2863,0,-0.99001,1,-0.087764,0.00035934,0,0,0,0,2.1619,999,999,999,1.1047,3.2466,0,0,0,0,0,0,0,0,0,0,0,0,0,0,0,0,0,0,0,0,0,0,0,0,0,0,0,0,0,0,0,0,0,0,0,0,0,0,0,0.016532,2.2863,1,0.99845,0,0,0,0,0,0,0,0,0,0,0,1
0,0,0,0,0,0,0,0,0.84655,0.87201,0.94866,-1,0.98775,-0.017463,0.00020227,0,0,0,1.3078,999,999,999,0.6806,1.0818,0.63302,0.94454,0.086385,1.3979e-06,9999,1,-1,0,6.8359,0.16173,0,0,0,0,0,0,0,0,1,0.71874,0.95981,-0.95721,0,0,0,0,0,10,0.086385,1.3979e-06,9999,-1,0,6.8359,0.16173,0.71874,0.95981,-0.95721,-2,0.017486,0.84655,-1,0.97653,-0.50041,1,0.98775,0.82187,0,0,0,0,0,0,0,1
0,0,0,0,0,0,0,0,1.0529,1.2478,-0.96907,1,0.070684,-6.0395e-05,-4.1529e-05,2,2,0.49396,1.3646,999,999,999,1.0463,0.63624,0.5955,0,0,0,0,0,0,0,0,0,0,0,0,0,0,0,0,0,0,0,0,0,0,0,0,0,0,0,0,0,0,0,0,0,0,0,0,0,0,0.0015438,1.0529,1,0.75887,0,0,0,0,0,0,0,0,0,0,0,0
0,0,0,0,1.1664,2.0285,-0.74558,1,1.8868,0,0.54912,-1,-0.99986,-0.67309,0.056895,0,0,0,2.2927,-1.8868,0.99649,-0.79717,0.35998,2.1839,1.2336,0,0,0,0,0,0,0,0,0,0,0,0,0,0,0,0,0,0,0,0,0,0,0,0,0,0,0,0,0,0,0,0,0,0,0,0,0,0,0.012163,1.8868,-1,0.99649,0,0,0,0,0,0,0,0,0,0,0,0
0,0,0,0,0,0,0,0,0.50022,0.72832,0.55811,1,0.99997,-0.51701,2.7301e-05,1,0,0,0.73208,0.50022,0.85231,-0.61245,0.27027,1.4796,0.49571,0.84618,0.2181,2.2542e-06,9999,1,1,507.81,3.7598,0.27872,0,0,0,0,0,0,0,0,1,999,999,999,0,0,0,0,0,0,0,0,0,0,0,0,0,0,0,0,0,0.015827,0.50022,1,0.85231,0.5075,-1,-0.51701,-0.025666,0,0,0,0,0,0,0,0
0,0,0,0,0,0,0,0,0.53943,0.56588,0.25976,-1,7.0958e-05,1.2201e-05,-8.2711e-06,1,0,0,0.74485,999,999,999,0.68176,0.41192,0.37866,0.74487,0.15496,3.5522e-07,9999,1,1,1679.7,15.234,0.11226,0,0,0,0,0,0,0,0,1,999,999,999,0,0,0,0,0,0,0,0,0,0,0,0,0,0,0,0,0,0.0056591,0.5465,1,0.94995,0.71814,1,1.2201e-05,0.056278,0,0,0,0,0,0,0,1
0,0,0,0,0,0,0,0,1.0577,1.0103,-0.98542,1,0.99277,1.677e-05,-1.2542e-05,0,0,0,0.78236,999,999,999,0.64047,0.44185,0.4144,0,0,0,0,0,0,0,0,0,0,0,0,0,0,0,0,0,0,0,0,0,0,0,0,0,0,0,0,0,0,0,0,0,0,0,0,0,0,0.024053,1.0577,1,0.93141,0,0,0,0,0,0,0,0,0,0,0,1
0.72209,0,-0.64784,1,0,0,0,0,0.72113,0,-0.81924,1,0.24842,-0.0070111,0.00041276,2,0,0,0.85886,999,999,999,1.169,0.63356,0.99957,0,0,0,0,0,0,0,0,0,0,0,0,0,0,0,0,0,0,0,0,0,0,0,0,0,0,0,0,0,0,0,0,0,0,0,0,0,0,0.0069338,0.72209,1,0.64783,0,0,0,0,0.40535,0,-0.72048,-1,2,0.016097,0.72048,1
0.74386,0.94042,-0.077047,-1,0,0,0,0,0.68326,0.74386,0.56942,1,0.98469,-0.95997,-0.10008,1,1,0.4995,1.0747,999,999,999,0.77952,0.90709,0.72451,0,0,0,0,0,0,0,0,0,0,0,0,0,0,0,0,0,0,0,0,0,0,0,0,0,0,0,0,0,0,0,0,0,0,0,0,0,0,0.0017688,0.68326,1,0.86476,0,0,0,0,0.74386,0.94042,-0.077047,-1,1,0.099724,0.68968,1
0,0,0,0,0,0,0,0,0.12333,0.43291,-0.58878,1,-5.7272e-07,3.9655e-07,0,1,0,0,0.25505,999,999,999,0.22751,0.14514,0,0.17035,0.12333,3.9655e-07,9999,0,1,1044.9,6.25,0.14514,0,0,0,0,0,0,0,0,1,999,999,999,0,0,0,0,0,0,0,0,0,0,0,0,0,0,0,0,0,0,0,0,0,0,0,0,0,0,0,0,0,0,0,0,0
0,0,0,0,0,0,0,0,0.71909,0.3423,-0.94734,-1,-0.0020566,-2.0515e-05,6.4906e-07,2,1,0.49466,0.72825,999,999,999,0.94132,0.46266,0.24936,0,0,0,0,0,0,0,0,0,0,0,0,0,0,0,0,0,0,0,0,0,0,0,0,0,0,0,0,0,0,0,0,0,0,0,0,0,0,0.011349,0.71909,-1,0.99147,0,0,0,0,0,0,0,0,0,0,0,1
0.34015,0.75206,-0.6227,1,0,0,0,0,0.47756,0.9072,-0.81798,1,0.00060004,-2.6325e-05,1.0183e-05,1,0,0,0.77498,999,999,999,0.40593,0.49119,0.39609,0.91299,0.15168,4.5705e-07,9999,0,-1,800.78,4.5898,0.18101,1,0,-2.9872,-1.6757,0.99459,0.14332,0.058859,0.081858,1,999,999,999,0,0,0,0,0,0,0,0,0,0,0,0,0,0,0,0,0,0.036032,0.6641,-1,0.65141,0.977,1,0.00060004,0.66189,0.34015,0.75206,-0.6227,1,1,0.077155,0.97799,1
0,0,0,0,0,0,0,0,1.1147,0.83665,0.2238,1,0.034237,-0.00013333,0,0,0,0,1.2124,999,999,999,1.3559,0.78476,0,0,0,0,0,0,0,0,0,0,0,0,0,0,0,0,0,0,0,0,0,0,0,0,0,0,0,0,0,0,0,0,0,0,0,0,0,0,0,0.00036983,1.1147,1,0.87667,0,0,0,0,0,0,0,0,0,0,0,0
0,0,0,0,1.0687,0.97243,-0.95326,1,0.16015,0.073709,0.95321,1,0.99969,0.050072,-6.7805e-06,0,0,0,1.0495,1.0687,0.78175,-0.83762,0.36046,0.9688,0.36262,0.96223,0.16015,0.99969,9999,1,1,1240.2,10.84,0.36046,0,0,0,0,0,0,0,0,1,999,999,999,0,0,0,0,0,0,0,0,0,0,0,0,0,0,0,0,0,0.0050801,1.0687,1,0.78175,-0.58867,-1,-3.6136e-06,-0.00046366,0,0,0,0,0,0,0,1
0,0,0,0,0,0,0,0,1.1131,0,-0.33512,1,-0.90373,0.099583,-0.0073377,0,0,0,1.2703,-0.63681,-0.38361,-0.41402,0.68842,1.0209,0.5928,0,0,0,0,0,0,0,0,0,0,0,0,0,0,0,0,0,0,0,0,0,0,0,0,0,0,0,0,0,0,0,0,0,0,0,0,0,0,0.010786,1.1131,1,0.98915,0,0,0,0,0,0,0,0,0,0,0,1
0,0,0,0,0,0,0,0,1.0684,0.98877,0.41928,1,-0.94418,0.12207,7.4171e-05,0,0,0,1.5436,999,999,999,0.85384,1.3674,0.70185,0.66244,0.080641,1.2096e-06,9999,1,-1,0,5.0293,0.089469,0,0,0,0,0,0,0,0,1,1.0684,0.99584,-0.59307,0,0,0,0,0,10,0.080641,1.2096e-06,9999,-1,0,5.0293,0.089469,1.0684,0.99584,-0.59307,-0,0.011019,1.0684,1,0.99584,-0.59307,1,0.12207,0.69775,0,0,0,0,0,0,0,0
0,0,0,0,0,0,0,0,0.87216,1.4605,-0.05334,-1,0.99202,-0.9667,-0.66319,2,1,0.50139,1.2068,999,999,999,0.63297,0.41988,0.8444,0,0,0,0,0,0,0,0,0,0,0,0,0,0,0,0,0,0,0,0,0,0,0,0,0,0,0,0,0,0,0,0,0,0,0,0,0,0,0.0042881,0.61282,-1,0.91214,0,0,0,0,0,0,0,0,0,0,0,0
0,0,0,0,0.90897,1.2908,-0.13494,1,1.7344,0.32903,-0.80717,-1,-0.93025,0.018554,-0.0047443,0,0,0,2.099,-1.7344,-0.98552,-0.67104,0.82791,1.1391,1.8144,0.90271,0.13103,3.7832e-07,9999,1,1,1035.2,8.9844,0.13172,0,0,0,0,0,0,0,0,1,1.7344,0.98552,-0.84205,0,0,0,0,0,10,0.13103,3.7832e-07,9999,1,1035.2,8.9844,0.13172,1.7344,0.98552,-0.84205,2,0.019671,1.7344,-1,0.98552,0.83086,-1,-0.93025,-0.70876,0,0,0,0,0,0,0,0
0,0,0,0,0,0,0,0,1.4101,0.88907,-0.94107,1,0.022964,-2.189e-06,0,0,0,0,1.156,999,999,999,1.1412,0.27651,0,0,0,0,0,0,0,0,0,0,0,0,0,0,0,0,0,0,0,0,0,0,0,0,0,0,0,0,0,0,0,0,0,0,0,0,0,0,0,0.029965,1.4101,1,0.84524,0,0,0,0,0,0,0,0,0,0,0,0
0,0,0,0,0,0,0,0,1.1225,0.16191,-0.72029,-1,0.77333,-0.14298,-6.8862e-06,2,0,0,1.2654,999,999,999,0.81512,1.5088,0.33947,0.53386,0.24487,4.9083e-07,9999,1,1,722.66,4.1504,0.19688,0,0,0,0,0,0,0,0,1,999,999,999,0,0,0,0,0,0,0,0,0,0,0,0,0,0,0,0,0,0.0092648,1.1225,-1,0.88548,0.20957,-1,-0.14298,-0.00013406,0,0,0,0,0,0,0,1
0,0,0,0,0.83751,1.2942,0.46686,1,0.53788,1.4761,-0.1778,-1,0.00012734,-7.1854e-05,6.5658e-06,0,0,0,0.9962,999,999,999,0.74146,0.66658,0.36007,0,0,0,0,0,0,0,0,0,0,0,0,0,0,0,0,0,0,0,0,0,0,0,0,0,0,0,0,0,0,0,0,0,0,0,0,0,0,0.022077,0.83751,1,0.88879,0,0,0,0,0,0,0,0,0,0,0,0
0,0,0,0,0,0,0,0,0.86953,2.0216,-0.94053,1,0.0030525,4.5096e-05,-2.6326e-05,2,1,0.50146,1.1131,999,999,999,0.95459,0.57113,0.49121,0.94399,0.15164,5.822e-07,9999,1,1,581.05,4.6387,0.23051,0,0,0,0,0,0,0,0,1,0.50297,0.87127,-0.98085,0,0,0,0,0,10,0.21672,1.6564e-06,9999,1,610.35,3.5156,0.36621,0.50297,0.87127,-0.70451,0,0.021624,0.86953,1,0.5615,-0.8117,-1,-2.4194e-06,-0.75403,0,0,0,0,0,0,0,1
0,0,0,0,0,0,0,0,1.757,0.95307,-0.8687,1,0.90277,0.015875,-3.6495e-05,0,0,0,2.0503,1.1111,0.99542,-0.98243,1.8094,1.4802,0.59283,0,0,0,0,0,0,0,0,0,0,0,0,0,0,0,0,0,0,0,0,0,0,0,0,0,0,0,0,0,0,0,0,0,0,0,0,0,0,0.0057612,1.757,1,0.99575,0,0,0,0,0,0,0,0,0,0,0,1
0,0,0,0,0,0,0,0,0.70699,1.8062,-0.55885,-1,-0.94804,-0.010421,-7.7594e-05,0,0,0,0.98298,-0.55534,0.66996,-0.95139,0.52213,1.0058,0.71791,0,0,0,0,0,0,0,0,0,0,0,0,0,0,0,0,0,0,0,0,0,0,0,0,0,0,0,0,0,0,0,0,0,0,0,0,0,0,0.003777,0.70699,-1,0.82298,0,0,0,0,0,0,0,0,0,0,0,0
0,0,0,0,0,0,0,0,1.101,0.26574,-0.9693,-1,0.99812,-0.92531,0.086521,1,0,0,0.94597,999,999,999,0.5123,1.7336,0.83415,0,0,0,0,0,0,0,0,0,0,0,0,0,0,0,0,0,0,0,0,0,0,0,0,0,0,0,0,0,0,0,0,0,0,0,0,0,0,0.004716,1.101,-1,0.92417,0,0,0,0,0,0,0,0,0,0,0,1
0,0,0,0,0,0,0,0,1.2006,0,-0.90702,1,0.0775,0.003066,-7.4016e-05,1,0,0,1.5181,1.2006,-0.72319,-0.41559,0.92347,1.0346,0.6898,0,0,0,0,0,0,0,0,0,0,0,0,0,0,0,0,0,0,0,0,0,0,0,0,0,0,0,0,0,0,0,0,0,0,0,0,0,0,0.0027334,1.2006,1,0.72319,0,0,0,0,0,0,0,0,0,0,0,1
0,0,0,0,0,0,0,0,0.19145,1.4796,-0.98375,1,-0.004029,-6.8739e-06,1.7392e-06,3,1,0.49835,0.73872,999,999,999,0.53814,0.36371,0.20272,0.91563,0.19145,1.7392e-06,9999,1,1,0,5.127,0.20272,0,0,0,0,0,0,0,0,1,999,999,999,0,0,0,0,0,0,0,0,0,0,0,0,0,0,0,0,0,0.036601,0.66057,-1,0.99553,0.88478,-1,-0.004029,-0.36384,0,0,0,0,0,0,0,1
0,0,0,0,0,0,0,0,2.3705,0,0.84421,-1,-0.96574,0.27195,0.14667,0,0,0,2.7216,-2.3705,-0.99783,-0.91428,0.90723,1.1299,1.4562,0,0,0,0,0,0,0,0,0,0,0,0,0,0,0,0,0,0,0,0,0,0,0,0,0,0,0,0,0,0,0,0,0,0,0,0,0,0,0.0056971,2.3705,-1,0.99783,0,0,0,0,0,0,0,0,0,0,0,0
0,0,0,0,0,0,0,0,0.65631,0,-0.69318,-1,0.96906,-0.46967,-0.01033,2,1,0.50091,0.96774,999,999,999,0.85462,1.0014,0.84361,0.49692,0.1604,4.069e-07,9999,1,-1,546.88,3.9551,0.15213,0,0,0,0,0,0,0,0,1,999,999,999,0,0,0,0,0,0,0,0,0,0,0,0,0,0,0,0,0,0.014623,0.69651,1,0.89103,0.31989,1,0.96906,0.075419,0,0,0,0,0,0,0,1
0,0,0,0,0,0,0,0,1.7574,0.37372,-0.96339,-1,-0.71343,-1.1345e-05,6.3581e-06,0,0,0,1.1219,999,999,999,2.8477,0.40546,0.35753,0,0,0,0,0,0,0,0,0,0,0,0,0,0,0,0,0,0,0,0,0,0,0,0,0,0,0,0,0,0,0,0,0,0,0,0,0,0,0.014164,1.7574,-1,0.93826,0,0,0,0,0,0,0,0,0,0,0,1
1.6073,0.2603,-0.914,-1,0,0,0,0,0.65652,0.26949,0.96168,1,0.00042768,-3.5944e-05,-2.5538e-06,0,0,0,1.7127,999,999,999,0.88383,1.6574,0.25162,0.95545,0.17157,2.5538e-06,9999,1,-1,0,4.834,0.25162,0,0,0,0,0,0,0,0,1,999,999,999,0,0,0,0,0,0,0,0,0,0,0,0,0,0,0,0,0,0.022171,1.6073,-1,0.9801,0.8426,1,0.00042768,0.71903,0,0,0,0,0,0,0,0
1.2586,0.24577,-0.51214,-1,0,0,0,0,0.45626,0,0.084313,-1,-0.0022601,-6.0446e-05,-2.9661e-05,1,0,0,1.4373,-0.64507,-0.76784,-0.40945,1.3381,0.6355,0.50632,0.80156,0.10976,4.1414e-07,9999,1,1,830.08,7.9102,0.15679,0,0,0,0,0,0,0,0,1,1.2586,0.88379,-0.5436,0,0,0,0,0,10,0.10976,4.1414e-07,9999,1,830.08,7.9102,0.15679,1.2586,0.88379,-0.5436,2,0.010821,1.2586,-1,0.88379,0.91543,-1,-6.0446e-05,-0.64408,0,0,0,0,0,0,0,0
0,0,0,0,0,0,0,0,0.16212,0.21923,0.193,1,7.2022e-05,-3.6069e-05,-4.8981e-07,1,1,0.49115,0.42193,999,999,999,0.43761,0.53222,0.19644,0.59176,0.12357,4.8981e-07,9999,1,-1,541.99,5.2734,0.19644,0,0,0,0,0,0,0,0,1,999,999,999,0,0,0,0,0,0,0,0,0,0,0,0,0,0,0,0,0,0,0,0,0,-0.26999,1,7.2022e-05,0.37076,0,0,0,0,0,0,0,0
0,0,0,0,0,0,0,0,0.47183,0.40548,0.89768,1,-0.045811,0.0031187,-0.00013472,1,0,0,1.151,-0.64827,0.90515,-0.64854,1.0115,1.0436,0.85915,0.99163,0.13889,5.4578e-07,9999,1,1,585.94,5.127,0.21843,0,0,0,0,0,0,0,0,1,999,999,999,0,0,0,0,0,0,0,0,0,0,0,0,0,0,0,0,0,0.015239,0.74234,1,0.59079,0.85522,-1,-0.00013472,-0.89041,0,0,0,0,0,0,0,0
0,0,0,0,0.91106,0.77562,0.62351,1,0.85223,0.92319,-0.80479,-1,-0.97966,0.074668,0.011703,0,0,0,1.3671,999,999,999,0.94334,1.377,0.70917,0,0,0,0,0,0,0,0,0,0,0,0,0,0,0,0,0,0,0,0,0,0,0,0,0,0,0,0,0,0,0,0,0,0,0,0,0,0,0.0070605,0.91106,1,0.86561,0,0,0,0,0,0,0,0,0,0,0,0
0,0,0,0,0,0,0,0,0.61622,0.33406,0.65505,-1,-0.012379,-2.1559e-06,4.3869e-07,0,0,0,0.49497,999,999,999,0.96401,0.23206,0.17128,0.2567,0.24118,4.3869e-07,9999,1,1,673.83,6.8359,0.17128,0,0,0,0,0,0,0,0,1,0.61622,0.98493,-0.1792,0,0,0,0,0,10,0.24118,4.3869e-07,9999,1,673.83,6.8359,0.17128,0.61622,0.98493,-0.1792,0,0.0087879,0.61622,-1,0.98493,0.96384,-1,-2.1559e-06,-0.00012014,0,0,0,0,0,0,0,1
0,0,0,0,0,0,0,0,0.97435,1.4867,0.9336,-1,0.99999,-0.97836,-0.013319,2,0,0,1.0855,999,999,999,0.20476,0.79161,0.70059,0.63958,0.12282,4.4648e-07,9999,0,1,595.7,5.5176,0.17551,0,0,0,0,0,0,0,0,1,0.50076,0.96588,-0.48441,0,0,0,0,0,10,0.2119,1.2362e-06,9999,1,0,5.3223,0.11942,0.50076,0.96588,-0.79564,5,0.021187,0.97435,-1,0.90812,0.30996,-1,-0.97836,-0.41811,0,0,0,0,0,0,0,0
0,0,0,0,0,0,0,0,0.48152,0.23485,0.46672,-1,-0.99637,0.99617,-2.0717e-05,1,0,0,0.81419,999,999,999,0.56807,0.57499,0.46372,0.98329,0.13954,5.722e-07,9999,1,1,546.88,3.8086,0.22734,0,0,0,0,0,0,0,0,1,999,999,999,0,0,0,0,0,0,0,0,0,0,0,0,0,0,0,0,0,0,0,0,0,-0.91231,-1,-0.99637,-0.87315,0,0,0,0,0,0,0,0
0,0,0,0,0.65868,1.3745,0.73771,1,1.4576,0.61337,-0.93913,-1,-0.92083,-0.45881,0.024454,0,0,0,1.4873,999,999,999,1.2784,0.83134,1.0541,0.99728,0.090609,5.887e-07,9999,1,1,10000,18.945,0.08518,0,0,0,0,0,0,0,0,1,999,999,999,0,0,0,0,0,0,0,0,0,0,0,0,0,0,0,0,0,0.0054014,1.4576,-1,0.99545,0.98994,-1,-0.92083,-0.89793,0,0,0,0,0,0,0,0
0,0,0,0,1.154,0,0.85066,1,0.33771,1.1588,-0.61306,-1,0.0022915,-0.00062236,0,1,0,0,1.0944,999,999,999,1.0434,0.36715,0,0,0,0,0,0,0,0,0,0,0,0,0,0,0,0,0,0,0,0,0,0,0,0,0,0,0,0,0,0,0,0,0,0,0,0,0,0,0,0.0010814,1.154,1,0.98279,0,0,0,0,0,0,0,0,0,0,0,1
0,0,0,0,0,0,0,0,0.73762,0.26823,-0.14812,1,-0.050526,0.00068279,0.00017726,3,1,0.49592,0.83843,999,999,999,1.0419,0.57323,0.18308,0.50694,0.13394,4.0819e-07,9999,0,-1,556.64,5.6152,0.15298,0,0,0,0,0,0,0,0,1,0.73762,0.49541,-0.3434,0,0,0,0,0,10,0.13394,4.0819e-07,9999,-1,556.64,5.6152,0.15298,0.73762,0.49541,-0.3434,-0,0.01808,0.73762,1,0.49541,0.97659,1,0.00017726,0.2374,0,0,0,0,0,0,0,1
0,0,0,0,0,0,0,0,0.60029,1.2007,0.84452,-1,-0.99993,-0.016809,0.0053474,0,0,0,1.1281,-0.73535,0.93909,-0.99234,0.32487,1.0834,0.19736,0.67509,0.12115,0.0053474,9999,1,1,2421.9,5.6641,0.19736,0,0,0,0,0,0,0,0,1,999,999,999,0,0,0,0,0,10,0.2102,4.5956e-07,9999,1,654.3,4.248,0.18227,0.73535,0.93909,-0.71808,0,0.020359,0.73535,-1,0.93909,-0.61483,-1,-0.99993,-0.46134,0,0,0,0,0,0,0,0
0,0,0,0,0,0,0,0,0.37242,1.1118,-0.91622,1,7.0321e-06,-7.5885e-07,3.9209e-07,4,0,0,0.38423,999,999,999,0.33789,0.27374,0.142,0.9494,0.18287,3.9209e-07,9999,0,1,1093.8,9.2773,0.142,0,0,0,0,0,0,0,0,1,999,999,999,0,0,0,0,0,0,0,0,0,0,0,0,0,0,0,0,0,0,0,0,0,-0.40537,1,7.0321e-06,0.16214,0,0,0,0,0,0,0,1
0,0,0,0,0,0,0,0,1.1615,0.38135,-0.97647,1,0.0049336,2.1404e-05,0,0,0,0,0.74535,999,999,999,0.77271,0.46723,0,0,0,0,0,0,0,0,0,0,0,0,0,0,0,0,0,0,0,0,0,0,0,0,0,0,0,0,0,0,0,0,0,0,0,0,0,0,0,0.0043386,1.1615,1,0.75446,0,0,0,0,0,0,0,0,0,0,0,0
0,0,0,0,0,0,0,0,1.1367,0.16407,-0.3555,-1,-0.9819,7.3865e-05,3.0498e-06,0,0,0,0.99283,999,999,999,0.77665,0.65064,0.30146,0,0,0,0,0,0,0,0,0,0,0,0,0,0,0,0,0,0,0,0,0,0,0,0,0,0,0,0,0,0,0,0,0,0,0,0,0,0,0.0027706,1.1367,-1,0.80183,0,0,0,0,0,0,0,0,0,0,0,0
1.9506,0.32609,-0.67983,-1,0,0,0,0,1.2157,0.60491,0.30315,1,0.04008,-5.9237e-05,-6.3203e-06,1,0,0,2.2604,999,999,999,1.6079,2.3854,0.33288,0.97175,0.13787,4.3364e-07,9999,0,1,654.3,5.2246,0.16845,0,0,0,0,0,0,0,0,1,1.9506,0.97292,-0.98492,0,0,0,0,0,10,0.13787,4.3364e-07,9999,1,654.3,5.2246,0.16845,1.9506,0.97292,-0.98492,2,0.0034772,1.9506,-1,0.97292,0.8054,-1,-6.3203e-06,-0.84937,0,0,0,0,0,0,0,0
0,0,0,0,1.2575,0.54045,-0.9516,-1,0.79609,0.20615,0.58035,-1,-0.099378,-0.0002984,4.4321e-07,0,0,0,1.2396,-1.2575,-0.8382,-0.76647,1.2087,1.0814,0.17376,0,0,0,0,0,0,0,0,0,0,0,0,0,0,0,0,0,0,0,0,0,0,0,0,0,0,0,0,0,0,0,0,0,0,0,0,0,0,0.016325,1.2575,-1,0.8382,0,0,0,0,0,0,0,0,0,0,0,0
0,0,0,0,0,0,0,0,0.69871,2.5347,0.91648,-1,-0.00047832,5.9971e-07,-4.9851e-07,3,1,0.49765,0.62739,999,999,999,0.61326,0.23582,0.20018,0.46936,0.13677,4.7702e-07,9999,0,1,551.76,6.1523,0.19068,0,0,0,0,0,0,0,0,1,999,999,999,0,0,0,0,0,0,0,0,0,0,0,0,0,0,0,0,0,0.020852,0.69871,-1,0.69346,0.10421,-1,-0.00047832,-0.20393,0,0,0,0,0,0,0,0
0,0,0,0,0,0,0,0,0.1329,1.2569,-0.72963,-1,-4.8897e-07,-3.3805e-07,0,0,0,0,0.2145,999,999,999,0.19607,0.095556,0,0.98563,0.1329,3.3805e-07,9999,1,-1,2656.2,16.211,0.095556,0,0,0,0,0,0,0,0,1,999,999,999,0,0,0,0,0,0,0,0,0,0,0,0,0,0,0,0,0,0,0,0,0,0,0,0,0,0,0,0,0,0,0,0,1
0,0,0,0,0,0,0,0,0.62665,2.5829,-0.98032,1,-1,0.0043556,0.00097467,1,0,0,1.2205,999,999,999,0.15834,0.80621,0.86941,0,0,0,0,0,0,0,0,0,0,0,0,0,0,0,0,0,0,0,0,0,0,0,0,0,0,0,0,0,0,0,0,0,0,0,0,0,0,0.016393,0.66912,1,0.95563,0,0,0,0,0,0,0,0,0,0,0,0
0,0,0,0,0,0,0,0,0.53291,1.1409,-0.86465,1,0.000559,7.6577e-06,-4.8983e-06,3,0,0,0.74504,999,999,999,0.60268,0.37238,0.33729,0.95112,0.057623,1.2143e-06,9999,0,-1,0,9.1797,0.1043,0,0,0,0,0,0,0,0,1,0.53291,0.98276,-0.9708,0,0,0,0,0,10,0.057623,1.2143e-06,9999,-1,0,9.1797,0.1043,0.53291,0.98276,-0.9708,-4,0.010824,0.53291,1,0.98276,0.54209,1,1.311e-06,0.82838,0,0,0,0,0,0,0,0
0,0,0,0,0,0,0,0,0.44076,0.50654,-0.091123,-1,0.0011937,-3.7644e-05,2.1619e-06,1,0,0,0.72502,999,999,999,0.83737,0.5403,0.39108,0,0,0,0,0,0,0,0,0,0,0,0,0,0,0,0,0,0,0,0,0,0,0,0,0,0,0,0,0,0,0,0,0,0,0,0,0,0,0.018682,0.58968,1,0.76635,0,0,0,0,0,0,0,0,0,0,0,1
0,0,0,0,0,0,0,0,0.91322,0.49163,-0.68067,-1,-0.464,0.00027103,-7.9651e-05,0,1,0.50011,1.2376,-0.91322,-0.94993,-0.99175,1.2578,0.75194,0.73615,0.36913,0.1657,3.5781e-07,9999,1,-1,1347.7,12.695,0.1146,0,0,0,0,0,0,0,0,1,0.64758,0.77263,-0.42181,0,0,0,0,0,10,0.1657,3.5781e-07,9999,-1,1347.7,12.695,0.1146,0.64758,0.77263,-0.42181,-0,0.011262,0.91322,-1,0.94993,-0.42181,1,0.00027103,0.039728,0,0,0,0,0,0,0,0
0,0,0,0,0,0,0,0,0.31228,1.5789,-0.68742,-1,-0.98171,1.927e-05,-1.2983e-05,1,0,0,0.81401,999,999,999,0.53941,0.456,0.29471,0.42354,0.15712,1.2097e-06,9999,1,-1,0,14.844,0.089176,0,0,0,0,0,0,0,0,1,999,999,999,0,0,0,0,0,0,0,0,0,0,0,0,0,0,0,0,0,0,0,0,0,-0.45642,-1,-0.98171,-0.0017468,0,0,0,0,0,0,0,0
0,0,0,0,0,0,0,0,0.50119,2.4575,-0.89163,-1,0.99826,-0.00014062,-4.3006e-05,1,0,0,0.80875,999,999,999,0.50594,0.78253,0.56251,0.86695,0.22477,1.2863e-06,9999,1,-1,0,6.0059,0.13757,0,0,0,0,0,0,0,0,1,999,999,999,0,0,0,0,0,10,0.24834,5.0751e-07,9999,1,625,3.4668,0.20392,0.50119,0.93277,-0.23211,4,3.699e-05,0.72578,-1,0.86077,0.41731,1,0.99826,0.02251,0,0,0,0,0,0,0,1
0,0,0,0,0,0,0,0,1.328,0.5813,-0.84271,1,0.059614,-1.2729e-05,-6.028e-06,0,0,0,1.26,999,999,999,1.8811,0.41574,0.35335,0.93085,0.19737,8.8158e-07,9999,1,1,576.17,3.8086,0.29474,0,0,0,0,0,0,0,0,1,0.53282,0.53294,-0.19534,0,0,0,0,0,10,0.19737,8.8158e-07,9999,1,576.17,3.8086,0.29474,0.53282,0.53294,-0.19534,0,0.0005024,1.328,1,0.9357,-0.19534,-1,-1.2729e-05,-0.37339,0,0,0,0,0,0,0,0
0,0,0,0,0,0,0,0,1.923,0,-0.56078,-1,-0.0042748,-2.0993e-05,3.5227e-07,2,1,0.49877,1.9626,999,999,999,2.1219,0.4651,0.10954,0,0,0,0,0,0,0,0,0,0,0,0,0,0,0,0,0,0,0,0,0,0,0,0,0,0,0,0,0,0,0,0,0,0,0,0,0,0,0.00042257,1.923,-1,0.98082,0,0,0,0,0,0,0,0,0,0,0,0
0,0,0,0,0,0,0,0,1.1057,1.6855,-0.98675,-1,0.99995,-0.96781,0.014456,1,0,0,1.5112,0.50327,0.87206,-0.88713,0.31184,1.4631,0.80089,0,0,0,0,0,0,0,0,0,0,0,0,0,0,0,0,0,0,0,0,0,0,0,0,0,0,0,0,0,0,0,0,0,0,0,0,0,0,0.00303,1.1057,-1,0.78137,0,0,0,0,0,0,0,0,0,0,0,0
0.61733,0.69684,-0.90653,-1,0,0,0,0,0.96959,0.063927,-0.61183,-1,-0.96878,0.00021577,-2.9128e-05,0,0,0,1.1768,999,999,999,0.99981,0.68207,0.4589,0,0,0,0,0,0,0,0,0,0,0,0,0,0,0,0,0,0,0,0,0,0,0,0,0,0,0,0,0,0,0,0,0,0,0,0,0,0,0.00042599,0.96959,-1,0.97496,0,0,0,0,0.61733,0.69684,-0.90653,-1,1,5.807e-05,0.72297,0
0,0,0,0,1.6181,0,0.095189,-1,0.73136,0.7232,0.042107,-1,-0.99431,0.1716,-0.0031933,0,0,0,1.669,-1.6181,0.98438,-0.95931,0.54015,0.83326,2.3219,0,0,0,0,0,0,0,0,0,0,0,0,0,0,0,0,0,0,0,0,0,0,0,0,0,0,0,0,0,0,0,0,0,0,0,0,0,0,0.0034108,1.6181,-1,0.98438,0,0,0,0,0,0,0,0,0,0,0,0
0.77068,1.7661,-0.44829,-1,0,0,0,0,0.53985,1.5387,-0.61348,1,-0.37509,0.0087623,4.3267e-06,1,0,0,0.78882,999,999,999,1.2326,0.67256,0.32782,0.34874,0.21552,2.9825e-06,9999,1,-1,512.7,4.7363,0.29979,0,0,0,0,0,0,0,0,1,999,999,999,0,0,0,0,0,0,0,0,0,0,0,0,0,0,0,0,0,0.078526,0.77068,-1,0.96218,0.34632,1,0.0087623,0.00075922,0.77068,1.7661,-0.44829,-1,1,0.078526,0.96218,0
0,0,0,0,0.62809,1.0659,0.72211,1,0.65263,1.7137,-0.56594,1,0.00013158,5.5349e-05,-2.7427e-05,3,1,0.49646,1.2439,0.65263,-0.89818,-0.86815,0.7775,0.87844,0.49628,0.77293,0.077008,1.3317e-06,9999,1,1,0,6.9336,0.14888,0,0,0,0,0,0,0,0,1,999,999,999,0,0,0,0,0,10,0.15812,3.4405e-07,9999,-1,1074.2,10.547,0.10164,0.65263,0.89818,-0.61375,-6,0.0098901,0.62809,1,0.98841,-0.16057,-1,-2.7427e-05,-0.72542,0,0,0,0,0,0,0,0
0,0,0,0,0,0,0,0,0.83012,0.15807,0.36812,-1,-0.11644,0.10213,1.2359e-06,1,0,0,0.9058,999,999,999,1.1403,1.1436,0.066437,0,0,0,0,0,0,0,0,0,0,0,0,0,0,0,0,0,0,0,0,0,0,0,0,0,0,0,0,0,0,0,0,0,0,0,0,0,0,0.014111,0.83012,-1,0.91183,0,0,0,0,0,0,0,0,0,0,0,0
0,0,0,0,0,0,0,0,0.42253,0.65568,-0.12539,1,0.99998,-2.3337e-05,-7.119e-06,0,0,0,0.66041,999,999,999,0.25785,0.47697,0.36651,0.57967,0.2497,7.119e-06,9999,1,-1,478.52,3.2715,0.36651,0,0,0,0,0,0,0,0,1,999,999,999,0,0,0,0,0,0,0,0,0,0,0,0,0,0,0,0,0,0.0068979,0.59663,-1,0.92126,-0.58294,1,0.99998,0.00010757,0,0,0,0,0,0,0,1
0,0,0,0,0,0,0,0,0.62809,0,0.64757,1,0.95507,0.057667,0,0,0,0,0.99819,0.825,-0.98119,-0.91139,0.94974,0.92392,0,0,0,0,0,0,0,0,0,0,0,0,0,0,0,0,0,0,0,0,0,0,0,0,0,0,0,0,0,0,0,0,0,0,0,0,0,0,0,0.047698,0.825,1,0.98119,0,0,0,0,0,0,0,0,0,0,0,1
0,0,0,0,0,0,0,0,2.2317,0.36638,-0.60768,-1,-0.11528,-0.071409,-0.00062036,0,0,0,2.0468,-2.2317,-0.99536,-0.98302,1.1708,1.8039,0.52517,0.5158,0.1401,3.8951e-07,9999,1,1,771.48,6.7383,0.14013,0,0,0,0,0,0,0,0,1,2.2317,0.99536,-0.46446,0,0,0,0,0,10,0.1401,3.8951e-07,9999,1,771.48,6.7383,0.14013,2.2317,0.99536,-0.46446,0,0.0084653,2.2317,-1,0.99536,0.56599,-1,-0.11528,-0.19572,0,0,0,0,0,0,0,0
0,0,0,0,0,0,0,0,1.1877,1.7856,-0.93305,1,-0.00063907,0.00033282,5.156e-05,0,0,0,1.0253,999,999,999,0.84279,0.73385,0.50774,0.21244,0.11408,4.8116e-07,9999,1,-1,546.88,5.3223,0.19258,0,0,0,0,0,0,0,0,1,1.1877,0.84548,-0.25871,0,0,0,0,0,10,0.11408,4.8116e-07,9999,-1,546.88,5.3223,0.19258,1.1877,0.84548,-0.25871,-4,0.0073868,1.1877,1,0.84548,0.55488,1,4.1619e-05,0.31049,0,0,0,0,0,0,0,0
1.7783,0,-0.95517,1,0,0,0,0,0.40427,1.1841,0.7143,-1,-0.0020188,0.00013805,-6.9039e-07,0,0,0,1.7454,999,999,999,0.4902,1.7349,0.25933,0.96217,0.16549,6.9039e-07,9999,1,-1,454.1,3.9551,0.25933,0,0,0,0,0,0,0,0,1,1.7783,0.99807,-0.97351,0,0,0,0,0,10,0.16549,6.9039e-07,9999,-1,454.1,3.9551,0.25933,1.7783,0.99807,-0.97351,-2,0.040406,1.7783,1,0.99807,-0.97351,1,0.00013805,0.77007,0,0,0,0,0,0,0,1
0,0,0,0,0,0,0,0,0.66589,1.6929,-0.97411,-1,0.80586,0.0038885,-0.0012146,1,0,0,1.0821,0.65923,0.6567,-0.51863,0.16311,0.8523,0.77657,0.79321,0.21701,4.1777e-07,9999,0,-1,722.66,5.7129,0.15905,0,0,0,0,0,0,0,0,1,0.65923,0.6567,-0.43826,0,0,0,0,0,10,0.18753,0.80586,9999,1,0,23.633,0.16311,0.66589,0.98222,-0.5947,0,0.0026189,0.66589,-1,0.98222,0.97637,1,0.80586,0.011756,0,0,0,0,0,0,0,0
0,0,0,0,1.9559,0.07319,-0.52625,1,0.62381,0.99996,0.14547,-1,0.24499,0.13432,-8.0812e-05,2,0,0,2.005,1.9559,0.94509,-0.23073,0.81723,2.599,0.78771,0,0,0,0,0,0,0,0,0,0,0,0,0,0,0,0,0,0,0,0,0,0,0,0,0,0,0,0,0,0,0,0,0,0,0,0,0,0,0.0012863,1.9559,1,0.94509,0,0,0,0,0,0,0,0,0,0,0,1
0,0,0,0,0,0,0,0,0.50178,0.25738,-0.87887,1,7.815e-06,-4.3756e-07,0,1,0,0,0.39239,999,999,999,0.37403,0.17065,0,0.92131,0.21625,4.3756e-07,9999,0,-1,654.3,7.1289,0.17065,0,0,0,0,0,0,0,0,1,999,999,999,0,0,0,0,0,0,0,0,0,0,0,0,0,0,0,0,0,0.0035614,0.50178,1,0.86411,0.60153,1,7.815e-06,0.13529,0,0,0,0,0,0,0,1
0,0,0,0,1.1045,0.038371,-0.43835,-1,0.10635,0,-0.1424,1,-0.13655,-0.13477,1.2678e-06,1,1,0.49495,1.2658,-1.1045,0.94603,-0.78241,0.96382,1.4795,0.1319,0.90675,0.067457,1.2678e-06,9999,1,1,0,1.5015,0.1319,0,0,0,0,0,0,0,0,1,1.1045,0.94603,-0.72377,0,0,0,0,0,10,0.067457,1.2678e-06,9999,1,0,1.5015,0.1319,1.1045,0.94603,-0.72377,0,0.00091961,1.1045,-1,0.94603,0.97326,-1,-0.13655,-0.78647,0,0,0,0,0,0,0,0
0,0,0,0,0,0,0,0,0.57701,0.84502,0.47462,-1,-0.97675,0.01073,-3.7618e-05,2,0,0,0.726,999,999,999,0.8457,0.71146,0.53688,0,0,0,0,0,0,0,0,0,0,0,0,0,0,0,0,0,0,0,0,0,0,0,0,0,0,0,0,0,0,0,0,0,0,0,0,0,0,0.0059047,0.57701,-1,0.84228,0,0,0,0,0,0,0,0,0,0,0,0
0,0,0,0,0,0,0,0,0.22509,1.0201,-0.93956,1,0.0016165,4.1275e-06,1.4212e-06,1,0,0,0.43191,999,999,999,0.46967,0.32425,0.35075,0.14361,0.11516,3.928e-07,9999,1,1,1015.6,7.0312,0.1425,0,0,0,0,0,0,0,0,1,999,999,999,0,0,0,0,0,0,0,0,0,0,0,0,0,0,0,0,0,0,0,0,0,0,0,0,0,0,0,0,0,0,0,0,1
0,0,0,0,0,0,0,0,0.98649,0.97074,-0.2633,-1,-0.36609,-0.010387,0.00010302,0,0,0,1.4818,-0.98649,-0.99906,-0.8062,0.95358,1.1473,0.74232,0,0,0,0,0,0,0,0,0,0,0,0,0,0,0,0,0,0,0,0,0,0,0,0,0,0,0,0,0,0,0,0,0,0,0,0,0,0,0.004754,0.98649,-1,0.99906,0,0,0,0,0,0,0,0,0,0,0,0
0,0,0,0,0,0,0,0,1.6173,1.9946,-0.99474,-1,0.069426,-0.027092,2.4026e-05,0,0,0,1.8974,999,999,999,1.5396,1.3964,0.48033,0,0,0,0,0,0,0,0,0,0,0,0,0,0,0,0,0,0,0,0,0,0,0,0,0,0,0,0,0,0,0,0,0,0,0,0,0,0,0.0004233,1.6173,-1,0.97681,0,0,0,0,0,0,0,0,0,0,0,0
0,0,0,0,0,0,0,0,2.3363,0,-0.97908,1,7.7157e-05,-1.3028e-05,2.1547e-06,0,1,0.50127,2.2881,999,999,999,3.0037,0.41785,0.39078,0,0,0,0,0,0,0,0,0,0,0,0,0,0,0,0,0,0,0,0,0,0,0,0,0,0,0,0,0,0,0,0,0,0,0,0,0,0,7.7345e-05,2.3363,1,0.99708,0,0,0,0,0,0,0,0,0,0,0,1
0,0,0,0,0,0,0,0,0.72814,1.3149,0.012659,-1,-0.98058,0.96261,-0.00076877,4,0,0,1.1702,-0.72814,-0.93312,-0.96191,0.61139,0.89669,0.85064,0.8358,0.14382,3.6576e-07,9999,0,1,654.3,3.3203,0.12152,1,0,-0.41758,-2.4292,-0.40116,0.0058418,0.14222,0.0046252,1,999,999,999,0,0,0,0,0,10,0.21076,4.8193e-07,9999,-1,732.42,4.3945,0.19293,0.60034,0.96333,-0.83271,-11,0.010848,0.72814,-1,0.93312,-0.86684,-1,-0.98058,-0.51945,0,0,0,0,0,0,0,1
0,0,0,0,0,0,0,0,0.22999,1.1806,-0.62808,1,6.1398e-06,-1.21e-06,-6.9487e-07,1,0,0,0.46807,999,999,999,0.35479,0.097153,0.26035,0.21209,0.051784,1.21e-06,9999,1,-1,0,13.867,0.097153,0,0,0,0,0,0,0,0,1,999,999,999,0,0,0,0,0,0,0,0,0,0,0,0,0,0,0,0,0,0,0,0,0,0.47965,1,6.1398e-06,0.65335,0,0,0,0,0,0,0,1
1.562,0.37465,0.5496,1,0,0,0,0,1.8086,0.79,-0.77514,1,0.0091404,7.7196e-05,-5.8038e-05,0,0,0,2.0932,1.8086,0.98742,-0.91562,1.5079,2.7086,0.62594,0.16182,0.2021,5.6631e-07,9999,1,-1,581.05,3.8574,0.22542,0,0,0,0,0,0,0,0,1,1.562,0.96749,-0.34398,0,0,0,0,0,10,0.2021,5.6631e-07,9999,-1,581.05,3.8574,0.22542,1.562,0.96749,-0.34398,-0,0.012455,1.8086,1,0.98742,0.055581,1,7.7196e-05,0.0010433,0,0,0,0,0,0,0,0
0,0,0,0,0,0,0,0,0.96891,0.83715,-0.9362,-1,-0.27636,0.0047924,0.00055952,2,0,0,1.1735,-0.69071,-0.9321,-0.1701,1.3058,0.581,0.3721,0,0,0,0,0,0,0,0,0,0,0,0,0,0,0,0,0,0,0,0,0,0,0,0,0,0,0,0,0,0,0,0,0,0,0,0,0,0,0.003334,0.96891,-1,0.51544,0,0,0,0,0,0,0,0,0,0,0,0
0,0,0,0,0,0,0,0,0.47943,1.1019,-0.3765,-1,-0.95047,0.030827,1.0061e-05,0,0,0,0.78357,999,999,999,0.58632,0.7814,0.50605,0,0,0,0,0,0,0,0,0,0,0,0,0,0,0,0,0,0,0,0,0,0,0,0,0,0,0,0,0,0,0,0,0,0,0,0,0,0,0.0051505,0.60137,1,0.93834,0,0,0,0,0,0,0,0,0,0,0,0
0,0,0,0,0,0,0,0,0.33198,0.21982,-0.43208,-1,-1.0615e-05,1.2112e-06,8.7035e-07,1,1,0.49565,0.56192,999,999,999,0.39966,0.085593,0.29302,0.26339,0.088053,1.2112e-06,9999,1,1,0,15.625,0.085593,1,0,0.43062,-0.99413,-2.0895,0.0049579,0.32635,0.13418,1,0.51339,0.98067,-0.143,0,0,0,0,0,10,0.088053,1.2112e-06,9999,1,0,15.625,0.085593,0.51339,0.98067,-0.143,0,0.025174,0.51339,-1,0.98067,0.84452,1,1.2112e-06,0.14195,0,0,0,0,0,0,0,0
0,0,0,0,0,0,0,0,1.7318,0.58237,-0.95163,1,0.096052,-2.5867e-05,-2.7792e-06,0,0,0,1.4124,999,999,999,2.6351,0.48877,0.29449,0,0,0,0,0,0,0,0,0,0,0,0,0,0,0,0,0,0,0,0,0,0,0,0,0,0,0,0,0,0,0,0,0,0,0,0,0,0,0.013675,1.7318,1,0.90833,0,0,0,0,0,0,0,0,0,0,0,0
2.096,0.41151,-0.68703,1,0,0,0,0,1.4525,0.95823,0.51685,-1,0.81922,-0.0079215,-0.00048978,1,0,0,2.5222,2.096,-0.98721,-0.91199,1.0143,1.8078,0.27689,0.48775,0.092854,3.1755e-07,9999,1,-1,327.15,4.1992,0.072331,1,0,1.5575,-2.118,-0.46228,0.03138,0.072235,0.014649,1,2.096,0.98721,-0.51317,0,0,0,0,0,10,0.092854,3.1755e-07,9999,-1,327.15,4.1992,0.072331,2.096,0.98721,-0.51317,-5,0.0012814,2.096,1,0.98721,0.11705,1,0.81922,0.54251,0,0,0,0,0,0,0,1
0,0,0,0,0,0,0,0,1.4148,0.42659,-0.54054,-1,-0.90075,0.022418,-1.4458e-05,1,0,0,1.7199,999,999,999,1.6018,1.1691,0.42747,0.91184,0.12686,3.8689e-07,9999,1,1,1054.7,8.8867,0.13822,0,0,0,0,0,0,0,0,1,0.52953,0.21922,-0.067206,0,0,0,0,0,10,0.13217,4.212e-07,9999,1,732.42,6.25,0.16115,1.4148,0.98676,-0.83326,5,0.0041748,1.4148,-1,0.98676,0.902,-1,-0.90075,-0.73632,0,0,0,0,0,0,0,1
1.4614,0.054636,-0.95124,-1,0,0,0,0,0.091177,0.12277,0.38647,1,-6.589e-05,2.1456e-05,-9.4863e-06,3,1,0.50006,1.4365,999,999,999,1.7569,0.46754,0.39006,0.51202,0.091177,1.5106e-06,9999,0,1,0,5.3223,0.17847,0,0,0,0,0,0,0,0,1,1.4614,0.98574,-0.61304,0,0,0,0,0,10,0.091177,1.5106e-06,9999,1,0,5.3223,0.17847,1.4614,0.98574,-0.61304,2,0.0029745,1.4614,-1,0.98574,0.40189,1,2.1456e-05,0.53777,0,0,0,0,0,0,0,0
0,0,0,0,1.6458,0.086186,-0.18713,1,0.44992,0.96997,-0.968,1,0.99999,-0.39428,-0.0005267,0,0,0,1.8921,999,999,999,0.21558,0.82805,0.86072,0,0,0,0,0,0,0,0,0,0,0,0,0,0,0,0,0,0,0,0,0,0,0,0,0,0,0,0,0,0,0,0,0,0,0,0,0,0,0.0012755,1.6458,1,0.97929,0,0,0,0,0,0,0,0,0,0,0,1
0,0,0,0,0,0,0,0,1.2142,0,-0.13032,1,0.00010144,0,0,0,0,0,0.73605,999,999,999,0.85282,0,0,0,0,0,0,0,0,0,0,0,0,0,0,0,0,0,0,0,0,0,0,0,0,0,0,0,0,0,0,0,0,0,0,0,0,0,0,0,0,0.036613,1.2142,1,0.84468,0,0,0,0,0,0,0,0,0,0,0,1
0,0,0,0,0,0,0,0,0.57963,0.18252,-0.88769,1,2.8452e-05,1.8644e-05,-4.2431e-06,3,1,0.49709,0.4759,999,999,999,0.47854,0.45256,0.32634,0,0,0,0,0,0,0,0,0,0,0,0,0,0,0,0,0,0,0,0,0,0,0,0,0,0,0,0,0,0,0,0,0,0,0,0,0,0,0.0031059,0.57963,1,0.88302,0,0,0,0,0,0,0,0,0,0,0,0
0,0,0,0,0,0,0,0,0.65575,0.76856,0.65473,-1,0.99981,0.017688,-0.0031408,0,0,0,0.94423,999,999,999,0.40949,0.64197,1.0143,0,0,0,0,0,0,0,0,0,0,0,0,0,0,0,0,0,0,0,0,0,0,0,0,0,0,0,0,0,0,0,0,0,0,0,0,0,0,0.01234,0.65575,-1,0.90224,0,0,0,0,0,0,0,0,0,0,0,1
0,0,0,0,0.62832,1.2185,-0.94109,-1,0.88122,0.32631,0.48566,1,-0.0089209,0.00087668,6.0368e-05,0,0,0,1.0937,999,999,999,0.96875,0.96526,0.63384,0,0,0,0,0,0,0,0,0,0,0,0,0,0,0,0,0,0,0,0,0,0,0,0,0,0,0,0,0,0,0,0,0,0,0,0,0,0,0.0017659,0.88122,1,0.85073,0,0,0,0,0,0,0,0,0,0,0,0
0,0,0,0,0,0,0,0,1.6042,0.34906,-0.85226,-1,-0.25061,-1.3875e-06,4.8167e-07,0,0,0,1.4234,999,999,999,2.2558,0.15992,0.19281,0.81771,0.081332,1.3875e-06,9999,1,-1,0,7.4219,0.15992,0,0,0,0,0,0,0,0,1,999,999,999,0,0,0,0,0,0,0,0,0,0,0,0,0,0,0,0,0,0.012664,1.6042,-1,0.98061,0,0,0,0,0,0,0,0,0,0,0,1
0,0,0,0,0,0,0,0,0.62924,0.53024,-0.58976,1,-0.99954,-0.99931,0.007514,1,0,0,0.74598,999,999,999,0.45017,0.44411,0.5967,0.56543,0.23849,3.8978e-06,9999,1,1,566.41,3.3691,0.31992,0,0,0,0,0,0,0,0,1,999,999,999,0,0,0,0,0,0,0,0,0,0,0,0,0,0,0,0,0,0.0059769,0.62924,1,0.78178,-0.30743,-1,-0.99931,-0.00023849,0,0,0,0,0,0,0,0
0,0,0,0,0,0,0,0,0.42757,1.7507,-0.81517,1,-0.99656,-0.0001289,2.5583e-05,0,0,0,0.64246,999,999,999,0.45584,0.33162,0.48769,0,0,0,0,0,0,0,0,0,0,0,0,0,0,0,0,0,0,0,0,0,0,0,0,0,0,0,0,0,0,0,0,0,0,0,0,0,0,0,0,0,0,0,0,0,0,0,0,0,0,0,0,0,0
0,0,0,0,0,0,0,0,1.3844,0.11308,-0.94876,1,-0.70661,0.0093184,2.5124e-06,0,0,0,1.208,999,999,999,0.85811,1.1415,0.2869,0.68631,0.22677,2.5124e-06,9999,1,1,439.45,3.9062,0.2869,0,0,0,0,0,0,0,0,1,0.50048,0.9199,-0.41647,0,0,0,0,0,10,0.22677,2.5124e-06,9999,1,439.45,3.9062,0.2869,0.50048,0.9199,-0.41647,6,0.013755,1.3844,1,0.99585,-0.41647,-1,-0.70661,-0.001382,0,0,0,0,0,0,0,0
0,0,0,0,1.1229,0.17215,0.48165,-1,1.4827,0.6092,-0.93721,1,-0.42315,0.070607,-1.7554e-05,0,0,0,1.6473,-0.593,-0.71746,-0.81804,1.7528,1.4322,0.44642,0,0,0,0,0,0,0,0,0,0,0,0,0,0,0,0,0,0,0,0,0,0,0,0,0,0,0,0,0,0,0,0,0,0,0,0,0,0,0.008633,1.4827,1,0.86318,0,0,0,0,0,0,0,0,0,0,0,0
0,0,0,0,0,0,0,0,0.72191,0.89723,0.2278,1,0.00067358,0.00061307,-0.00018166,1,0,0,0.94516,999,999,999,0.82864,0.35778,0.19754,0.94197,0.21904,4.3846e-06,9999,1,1,0,3.7598,0.3032,0,0,0,0,0,0,0,0,1,999,999,999,0,0,0,0,0,0,0,0,0,0,0,0,0,0,0,0,0,0.0081528,0.72191,1,0.8328,-0.17056,-1,-3.6637e-06,-0.1843,0,0,0,0,0,0,0,1
0,0,0,0,0.78219,1.1973,0.45709,-1,0.92932,1.4353,-0.48178,-1,-0.051848,-9.7765e-05,7.1764e-05,1,0,0,1.2206,-0.92932,-0.8263,-0.83691,1.1593,0.65657,0.59623,0.21875,0.13802,1.2307e-06,9999,0,1,0,9.8633,0.11652,0,0,0,0,0,0,0,0,1,0.78219,0.396,-0.67034,0,0,0,0,0,10,0.13802,1.2307e-06,9999,1,0,9.8633,0.11652,0.78219,0.396,-0.67034,9,0.0070288,0.92932,-1,0.8263,0.65972,-1,-6.835e-06,-0.0031827,0,0,0,0,0,0,0,0
0,0,0,0,0,0,0,0,1.1741,1.3122,-0.31098,1,0.96755,0.05168,-9.5143e-05,0,0,0,1.7607,1.1741,-0.98253,-0.89424,1.9546,1.2182,0.75702,0.78442,0.12935,3.6618e-07,9999,1,-1,751.95,5.5176,0.12188,0,0,0,0,0,0,0,0,1,1.1741,0.98253,-0.6685,0,0,0,0,0,10,0.12935,3.6618e-07,9999,-1,751.95,5.5176,0.12188,1.1741,0.98253,-0.6685,-8,0.0042138,1.3107,1,0.87297,0.44832,1,0.96755,0.52976,0,0,0,0,0,0,0,1
1.8802,0,-0.92208,-1,0,0,0,0,0.59333,1.7548,0.36275,-1,-0.072949,-5.9819e-05,5.2481e-06,0,0,0,1.9056,-1.8802,0.99871,-0.683,0.83865,2.4359,0.34259,0,0,0,0,0,0,0,0,0,0,0,0,0,0,0,0,0,0,0,0,0,0,0,0,0,0,0,0,0,0,0,0,0,0,0,0,0,0,0.0024417,1.8802,-1,0.99871,0,0,0,0,0,0,0,0,0,0,0,0
1.5205,0.35263,-0.89543,1,0,0,0,0,0.78617,0.45094,0.73347,-1,0.031025,-0.0002519,1.7474e-05,0,0,0,1.5626,999,999,999,1.3187,0.98337,0.44596,0,0,0,0,0,0,0,0,0,0,0,0,0,0,0,0,0,0,0,0,0,0,0,0,0,0,0,0,0,0,0,0,0,0,0,0,0,0,0.0019776,1.5205,1,0.95714,0,0,0,0,0,0,0,0,0,0,0,1
0,0,0,0,0,0,0,0,1.5946,0.65217,0.84381,-1,0.99275,0.1031,0.083055,1,0,0,1.8672,999,999,999,0.4417,0.7163,2.0317,0,0,0,0,0,0,0,0,0,0,0,0,0,0,0,0,0,0,0,0,0,0,0,0,0,0,0,0,0,0,0,0,0,0,0,0,0,0,0.016921,1.5946,-1,0.99757,0,0,0,0,0,0,0,0,0,0,0,1
0.7302,0.24146,-0.19012,-1,0,0,0,0,0.31624,0.14182,0.077703,1,-0.061451,7.2229e-07,0,0,0,0,0.58823,999,999,999,1.1226,0.26634,0,0,0,0,0,0,0,0,0,0,0,0,0,0,0,0,0,0,0,0,0,0,0,0,0,0,0,0,0,0,0,0,0,0,0,0,0,0,0,0.028378,0.7302,-1,0.93699,0,0,0,0,0.7302,0.24146,-0.19012,-1,1,0.028378,0.93699,0
0,0,0,0,0,0,0,0,1.6746,0.83358,-0.46111,-1,-0.089923,0.00043573,7.0864e-05,0,0,0,1.7467,999,999,999,2.2312,0.50392,0.68592,0.27867,0.21208,2.0957e-06,9999,1,-1,537.11,3.9551,0.27321,0,0,0,0,0,0,0,0,1,0.88968,0.86298,-0.16318,0,0,0,0,0,10,0.21208,2.0957e-06,9999,-1,537.11,3.9551,0.27321,0.88968,0.86298,-0.16318,-6,0.0041491,1.6746,-1,0.85747,0.70375,1,7.0864e-05,0.00077794,0,0,0,0,0,0,0,0
0,0,0,0,0,0,0,0,0.81156,0.30744,0.046626,1,0.25476,0.0019504,-3.6195e-06,0,0,0,0.60991,0.80393,-0.8761,-0.68477,1.301,0.48698,0.31433,0,0,0,0,0,0,0,0,0,0,0,0,0,0,0,0,0,0,0,0,0,0,0,0,0,0,0,0,0,0,0,0,0,0,0,0,0,0,0.0061208,0.80393,1,0.8761,0,0,0,0,0,0,0,0,0,0,0,1
0,0,0,0,0,0,0,0,0.16856,0.52491,-0.59122,-1,0.0075012,-0.00057074,-4.3723e-06,3,1,0.49464,0.34621,999,999,999,0.64363,0.4401,0.32862,0.7198,0.16856,6.3684e-07,9999,1,-1,502.93,3.8086,0.24618,0,0,0,0,0,0,0,0,1,999,999,999,0,0,0,0,0,0,0,0,0,0,0,0,0,0,0,0,0,0,0,0,0,0.81066,1,0.0075012,0.13579,0,0,0,0,0,0,0,1
0.48385,0.71881,-0.45383,-1,0,0,0,0,0.44884,0.7253,-0.089947,-1,-0.99988,0.99869,-0.1546,0,0,0,0.93476,-0.59229,-0.53104,-0.077618,0.30914,0.41515,0.76792,0.7117,0.16343,3.7197e-07,9999,1,1,1084,8.2031,0.12667,0,0,0,0,0,0,0,0,1,999,999,999,0,0,0,0,0,10,0.2213,0.99869,9999,1,1005.9,9.668,0.41515,0.54698,0.80049,-0.68486,22,0.062926,0.54698,-1,0.80049,0.27937,-1,-0.99988,-0.16236,0.48385,0.71881,-0.45383,-1,1,0.050816,0.30281,0
0,0,0,0,0,0,0,0,1.3552,1.4499,0.10938,1,0.08859,7.9516e-06,-6.2207e-07,1,0,0,1.4179,999,999,999,1.5053,0.37544,0.2422,0.66859,0.17897,6.0907e-07,9999,0,-1,781.25,3.125,0.23855,0,0,0,0,0,0,0,0,1,999,999,999,0,0,0,0,0,0,0,0,0,0,0,0,0,0,0,0,0,0.0078719,1.3552,1,0.97621,0.53634,1,0.08859,0.053208,0,0,0,0,0,0,0,1
0,0,0,0,0,0,0,0,1.5385,0.25031,-0.76391,1,-0.054216,0.024539,-2.1057e-05,1,1,0.50459,1.8404,-0.58311,-0.93205,-0.57939,1.3228,1.6794,0.46549,0.90316,0.20778,3.1354e-06,9999,1,1,0,4.0527,0.27271,0,0,0,0,0,0,0,0,1,0.58311,0.93205,-0.81679,0,0,0,0,0,10,0.20778,3.1354e-06,9999,1,0,4.0527,0.27271,0.58311,0.93205,-0.81679,4,0.017049,1.5385,1,0.78548,0.094439,-1,-0.054216,-0.15118,0,0,0,0,0,0,0,1
1.3348,0.091757,-0.4701,1,0,0,0,0,0.16545,0.89372,-0.87909,-1,3.825e-05,-4.6263e-07,0,0,0,0,1.1054,999,999,999,1.9654,0.1838,0,0.16341,0.16545,4.6263e-07,9999,1,-1,712.89,5.3223,0.1838,0,0,0,0,0,0,0,0,1,1.3348,0.98728,-0.0045322,0,0,0,0,0,10,0.16545,4.6263e-07,9999,-1,712.89,5.3223,0.1838,1.3348,0.98728,-0.0045322,-5,0.0075225,1.3348,1,0.98728,-0.0045322,1,3.825e-05,0.018505,0,0,0,0,0,0,0,1
0,0,0,0,0,0,0,0,0.98853,0.52735,0.11497,1,-0.99947,-0.33555,0.00043017,2,0,0,1.2826,999,999,999,0.42838,1.1311,0.94362,0,0,0,0,0,0,0,0,0,0,0,0,0,0,0,0,0,0,0,0,0,0,0,0,0,0,0,0,0,0,0,0,0,0,0,0,0,0,0.014556,0.98853,1,0.98377,0,0,0,0,0,0,0,0,0,0,0,0
0,0,0,0,0,0,0,0,0.9739,0,0.65804,1,0.00018477,-3.8591e-05,0,0,0,0,0.97863,999,999,999,1.4331,0.54429,0,0,0,0,0,0,0,0,0,0,0,0,0,0,0,0,0,0,0,0,0,0,0,0,0,0,0,0,0,0,0,0,0,0,0,0,0,0,0,0.018668,0.9739,1,0.71253,0,0,0,0,0,0,0,0,0,0,0,1
0,0,0,0,0,0,0,0,0.35279,0.5055,-0.39731,1,1.3599e-05,3.4245e-06,-3.1627e-06,0,0,0,0.68192,999,999,999,0.42179,0.31017,0.42321,0.91465,0.10417,1.3799e-06,9999,1,1,0,7.7148,0.15855,0,0,0,0,0,0,0,0,1,999,999,999,0,0,0,0,0,0,0,0,0,0,0,0,0,0,0,0,0,0.011867,0.60073,-1,0.5559,0.17394,-1,-3.1627e-06,-0.77335,0,0,0,0,0,0,0,1
0,0,0,0,0,0,0,0,1.0352,1.2984,0.28339,1,0.050387,0.00070267,-6.1224e-05,0,0,0,1.2128,999,999,999,1.4584,0.7712,0.63823,0,0,0,0,0,0,0,0,0,0,0,0,0,0,0,0,0,0,0,0,0,0,0,0,0,0,0,0,0,0,0,0,0,0,0,0,0,0,0.0035541,1.0352,1,0.9041,0,0,0,0,0,0,0,0,0,0,0,1
0,0,0,0,0,0,0,0,0.60058,0,-0.77748,1,0.976,2.1163e-05,-1.4194e-06,1,0,0,0.70371,999,999,999,0.77619,0.46603,0.16533,0,0,0,0,0,0,0,0,0,0,0,0,0,0,0,0,0,0,0,0,0,0,0,0,0,0,0,0,0,0,0,0,0,0,0,0,0,0,0.024913,0.60058,1,0.94655,0,0,0,0,0,0,0,0,0,0,0,0
0,0,0,0,1.4852,0,-0.7008,-1,0.51295,0.24867,-0.32741,1,0.93922,-0.10186,0.00057662,1,0,0,1.5006,999,999,999,0.63806,1.9794,0.7455,0,0,0,0,0,0,0,0,0,0,0,0,0,0,0,0,0,0,0,0,0,0,0,0,0,0,0,0,0,0,0,0,0,0,0,0,0,0,0.0065762,1.4852,-1,0.88414,0,0,0,0,0,0,0,0,0,0,0,0
0,0,0,0,0,0,0,0,0.75918,0.66487,-0.97294,-1,-0.99935,0.96921,0.0052289,2,0,0,0.73408,999,999,999,0.43988,0.99925,0.23101,0.79714,0.10225,1.6205e-06,9999,0,1,0,5.5176,0.19127,0,0,0,0,0,0,0,0,1,0.75918,0.93028,-0.94235,0,0,0,0,0,10,0.10225,1.6205e-06,9999,1,0,5.5176,0.19127,0.75918,0.93028,-0.94235,5,0.026506,0.75918,-1,0.93028,-0.94235,-1,-0.99935,-0.66704,0,0,0,0,0,0,0,1
0,0,0,0,0,0,0,0,0.26291,0.83781,-0.63054,1,-0.032791,-3.5677e-05,1.0151e-06,1,0,0,0.38415,999,999,999,0.73693,0.53218,0.31278,0,0,0,0,0,0,0,0,0,0,0,0,0,0,0,0,0,0,0,0,0,0,0,0,0,0,0,0,0,0,0,0,0,0,0,0,0,0,0,0,0,0,0,0,0,0,0,0,0,0,0,0,0,1
1.4326,0.23337,-0.6846,-1,0,0,0,0,0.36209,0.97667,0.75439,-1,-0.055545,-5.5108e-05,-8.7408e-06,2,0,0,1.3454,999,999,999,1.2418,0.5962,0.38322,0.99439,0.077014,1.3634e-06,9999,1,1,0,6.1523,0.15544,0,0,0,0,0,0,0,0,1,1.4326,0.9914,-0.97592,0,0,0,0,0,10,0.077014,1.3634e-06,9999,1,0,6.1523,0.15544,1.4326,0.9914,-0.97592,2,0.0051129,1.4326,-1,0.9914,-0.97592,-1,-0.055545,-0.88912,0,0,0,0,0,0,0,0
0,0,0,0,0,0,0,0,1.5301,0.43634,-0.65385,1,0.12312,-0.00046076,-4.7798e-06,1,0,0,1.416,999,999,999,2.1357,0.62675,0.45495,0.91966,0.17637,8.7772e-07,9999,1,1,463.87,3.3203,0.29415,0,0,0,0,0,0,0,0,1,999,999,999,0,0,0,0,0,0,0,0,0,0,0,0,0,0,0,0,0,0.0040737,1.5301,1,0.92647,0.0022736,-1,-0.00046076,-0.5305,0,0,0,0,0,0,0,0
0,0,0,0,0,0,0,0,0.75982,1.083,-0.9825,-1,-0.0148,0.0003719,6.2847e-07,3,0,0,0.8345,999,999,999,1.0126,0.55124,0.24394,0.83055,0.13406,5.1685e-07,9999,0,1,517.58,3.8086,0.20766,0,0,0,0,0,0,0,0,1,999,999,999,0,0,0,0,0,10,0.2078,6.2847e-07,9999,1,546.88,4.4434,0.24394,0.75982,0.84776,-0.85335,9,0.013018,0.75982,-1,0.84776,0.99293,-1,-0.0148,-0.56841,0,0,0,0,0,0,0,1
0,0,0,0,0,0,0,0,0.28878,0.30308,-0.56821,1,-8.2386e-05,-5.0843e-05,1.6669e-05,0,0,0,0.65016,999,999,999,0.64975,0.5947,0.42434,0.44809,0.12298,4.7366e-07,9999,1,-1,751.95,4.7852,0.18911,0,0,0,0,0,0,0,0,1,999,999,999,0,0,0,0,0,0,0,0,0,0,0,0,0,0,0,0,0,0,0,0,0,0.78379,-1,-5.0843e-05,-0.001824,0,0,0,0,0,0,0,1
0,0,0,0,0,0,0,0,0.81343,1.0722,0.037213,-1,-0.88173,0.30201,1.5853e-05,1,0,0,1.0526,999,999,999,0.95355,1.0877,0.43633,0.84261,0.061169,1.2107e-06,9999,0,-1,0,26.562,0.086531,0,0,0,0,0,0,0,0,1,0.68634,0.87203,-0.49709,0,0,0,0,0,10,0.061169,1.2107e-06,9999,-1,0,26.562,0.086531,0.68634,0.87203,-0.49709,-2,0.0015257,0.81343,-1,0.70159,-0.49709,1,0.30201,0.75954,0,0,0,0,0,0,0,1
0,0,0,0,0,0,0,0,0.2092,0.80082,-0.9297,1,0.99992,2.2662e-06,-4.2205e-07,2,1,0.49697,0.26509,999,999,999,0.30806,0.27913,0.16166,0.9898,0.14545,4.1415e-07,9999,0,-1,908.2,5.3711,0.15679,0,0,0,0,0,0,0,0,1,999,999,999,0,0,0,0,0,0,0,0,0,0,0,0,0,0,0,0,0,0,0,0,0,0.99019,1,0.99992,0.88311,0,0,0,0,0,0,0,1
0,0,0,0,0,0,0,0,2.026,0.042609,0.022057,-1,-0.92707,-0.00024723,5.3025e-07,0,0,0,2.3949,-2.026,0.98892,-0.98978,1.3926,2.3084,0.21279,0.92786,0.17723,5.3025e-07,9999,1,1,590.82,4.541,0.21279,0,0,0,0,0,0,0,0,1,2.026,0.98892,-0.91453,0,0,0,0,0,10,0.17723,5.3025e-07,9999,1,590.82,4.541,0.21279,2.026,0.98892,-0.91453,0,0.0039868,2.026,-1,0.98892,0.95162,-1,-0.92707,-0.56001,0,0,0,0,0,0,0,0
0,0,0,0,0,0,0,0,0.71797,0.13541,-0.39655,1,0.25927,0.00039343,-2.8688e-05,2,0,0,0.74794,999,999,999,1.1552,0.33525,0.50198,0,0,0,0,0,0,0,0,0,0,0,0,0,0,0,0,0,0,0,0,0,0,0,0,0,0,0,0,0,0,0,0,0,0,0,0,0,0,0.011485,0.71797,1,0.91229,0,0,0,0,0,0,0,0,0,0,0,1
0.78889,0.90487,-0.88191,-1,0,0,0,0,0.15479,0.79416,-0.48489,1,-0.25278,-4.0033e-05,6.7623e-07,0,0,0,0.67064,999,999,999,1.2697,0.5503,0.25604,0.7148,0.15479,5.8559e-07,9999,1,1,561.52,4.3945,0.23156,0,0,0,0,0,0,0,0,1,999,999,999,0,0,0,0,0,0,0,0,0,0,0,0,0,0,0,0,0,0.053357,0.78889,-1,0.97287,0.65984,-1,-0.25278,-0.2318,0.78889,0.90487,-0.88191,-1,1,0.053357,0.97287,0
0,0,0,0,0.57279,0.9873,0.14458,-1,0.95861,0.80036,-0.69699,1,-0.0045034,5.7047e-05,2.8589e-06,0,0,0,0.6477,999,999,999,0.90938,0.62114,0.415,0,0,0,0,0,0,0,0,0,0,0,0,0,0,0,0,0,0,0,0,0,0,0,0,0,0,0,0,0,0,0,0,0,0,0,0,0,0,0.037602,0.95861,1,0.99053,0,0,0,0,0,0,0,0,0,0,0,0
0,0,0,0,0,0,0,0,0.68594,0.5986,-0.61206,1,0.0084817,-0.0016173,0.0002992,1,0,0,0.75535,0.68594,-0.8487,-0.73529,0.66631,0.65232,0.47672,0.66937,0.071008,3.6273e-07,9999,1,-1,1035.2,8.0078,0.11893,0,0,0,0,0,0,0,0,1,0.68594,0.8487,-0.68362,0,0,0,0,0,10,0.071008,3.6273e-07,9999,-1,1035.2,8.0078,0.11893,0.68594,0.8487,-0.68362,-5,0.0057435,0.68594,1,0.8487,0.1992,1,0.0084817,0.73434,0,0,0,0,0,0,0,0
0,0,0,0,0,0,0,0,1.2207,1.2627,-0.97764,1,0.03706,-0.0040385,0.00022407,0,0,0,1.434,999,999,999,1.5219,0.89325,0.7729,0,0,0,0,0,0,0,0,0,0,0,0,0,0,0,0,0,0,0,0,0,0,0,0,0,0,0,0,0,0,0,0,0,0,0,0,0,0,0.0064419,1.2207,1,0.93701,0,0,0,0,0,0,0,0,0,0,0,0
0,0,0,0,0,0,0,0,0.98391,1.0498,-0.67338,-1,0.99535,-0.98473,-1.1094e-05,0,0,0,0.95571,999,999,999,0.59702,0.72348,0.4035,0.97222,0.095307,1.5274e-06,9999,1,1,0,5.1758,0.18061,0,0,0,0,0,0,0,0,1,0.98391,0.87851,-0.81961,0,0,0,0,0,10,0.095307,1.5274e-06,9999,1,0,5.1758,0.18061,0.98391,0.87851,-0.81961,2,0.0057976,0.98391,-1,0.87851,-0.81961,-1,-0.98473,-0.86167,0,0,0,0,0,0,0,0
0,0,0,0,0,0,0,0,0.33318,0.087927,-0.73075,1,2.2913e-06,-3.5241e-07,0,0,0,0,0.30014,999,999,999,0.27996,0.10967,0,0.76454,0.1338,3.5241e-07,9999,1,-1,1220.7,9.9609,0.10967,0,0,0,0,0,0,0,0,1,999,999,999,0,0,0,0,0,0,0,0,0,0,0,0,0,0,0,0,0,0,0,0,0,0.55392,1,2.2913e-06,0.47326,0,0,0,0,0,0,0,0
0,0,0,0,0,0,0,0,1.6451,0.49557,-0.6734,1,0.96299,0.92546,0.57193,1,0,0,1.5582,1.6451,0.98593,-0.75598,1.0215,0.99125,2.6136,0.96623,0.1352,3.3034e-07,9999,1,-1,2929.7,15.43,0.087285,0,0,0,0,0,0,0,0,1,1.6451,0.98593,-0.99568,0,0,0,0,0,10,0.1352,3.3034e-07,9999,-1,2929.7,15.43,0.087285,1.6451,0.98593,-0.99568,-2,0.0007884,1.6451,1,0.98593,-0.99568,1,0.57193,0.83947,0,0,0,0,0,0,0,1
0,0,0,0,0,0,0,0,0.92705,1.3185,-0.41441,-1,-0.99693,-0.026845,0.00073069,0,0,0,1.1358,-0.92705,0.91807,-0.41542,0.53981,1.3913,0.58569,0,0,0,0,0,0,0,0,0,0,0,0,0,0,0,0,0,0,0,0,0,0,0,0,0,0,0,0,0,0,0,0,0,0,0,0,0,0,0.016077,0.92705,-1,0.91807,0,0,0,0,0,0,0,0,0,0,0,0
0,0,0,0,0,0,0,0,1.2563,0.40469,-0.46725,-1,-0.90496,0.00099823,-1.8234e-05,0,0,0,1.2513,999,999,999,1.0789,0.80171,0.45028,0.99885,0.2482,9.4298e-07,9999,1,1,576.17,4.6387,0.20997,0,0,0,0,0,0,0,0,1,999,999,999,0,0,0,0,0,0,0,0,0,0,0,0,0,0,0,0,0,0.012356,1.2563,-1,0.98229,0.97729,-1,-0.90496,-0.15927,0,0,0,0,0,0,0,0
0.50123,2.2495,0.52812,1,0,0,0,0,2.0918,0.31509,-0.44711,-1,-0.9166,-0.01093,0.0038333,0,0,0,2.3454,-2.0918,-0.97073,-0.8066,1.4128,2.1919,0.45943,0.98308,0.13139,4.6938e-07,9999,1,1,664.06,3.5645,0.18708,0,0,0,0,0,0,0,0,1,2.0918,0.97073,-0.98698,0,0,0,0,0,10,0.20717,8.4806e-07,9999,1,541.99,3.5645,0.2895,2.0918,0.97073,-0.59948,5,0.0045249,2.0918,-1,0.97073,0.89045,-1,-0.9166,-0.87675,0.50123,2.2495,0.52812,1,1,0.068006,0.72674,0
0,0,0,0,0,0,0,0,1.0009,0.13984,0.56909,1,0.93866,0.93185,-0.024889,0,0,0,1.8145,1.0009,0.92826,-0.91142,1.0817,1.3254,1.4107,0,0,0,0,0,0,0,0,0,0,0,0,0,0,0,0,0,0,0,0,0,0,0,0,0,0,0,0,0,0,0,0,0,0,0,0,0,0,0.015225,1.1639,-1,0.96853,0,0,0,0,0,0,0,0,0,0,0,1
0,0,0,0,0.81535,0.39953,-0.98057,1,0.50333,0.27348,0.63321,1,0.076382,-0.00063034,1.4275e-05,1,0,0,0.93851,0.50333,-0.6925,-0.62552,1.0089,0.37656,0.42631,0.74555,0.24795,2.2424e-06,9999,1,-1,454.1,4.6387,0.39428,0,0,0,0,0,0,0,0,1,0.50333,0.6925,-0.55823,0,0,0,0,0,10,0.24795,2.2424e-06,9999,-1,454.1,4.6387,0.39428,0.50333,0.6925,-0.55823,-6,0.0043013,0.81535,1,0.99309,0.78822,1,0.076382,0.00039165,0,0,0,0,0,0,0,0
0,0,0,0,0,0,0,0,0.58087,0.62714,0.6339,-1,-0.024625,0.01263,3.1712e-05,2,1,0.49978,0.66306,999,999,999,0.92369,0.74502,0.58339,0,0,0,0,0,0,0,0,0,0,0,0,0,0,0,0,0,0,0,0,0,0,0,0,0,0,0,0,0,0,0,0,0,0,0,0,0,0,0.036842,0.58087,-1,0.96834,0,0,0,0,0,0,0,0,0,0,0,1
0,0,0,0,0,0,0,0,0.24386,0.28276,-0.057261,1,-0.00033249,3.0684e-06,1.2237e-06,1,1,0.49747,0.24587,999,999,999,0.31542,0.30155,0.11224,0.45551,0.053315,1.2237e-06,9999,1,1,0,8.8867,0.11224,0,0,0,0,0,0,0,0,1,999,999,999,0,0,0,0,0,0,0,0,0,0,0,0,0,0,0,0,0,0,0,0,0,-0.28919,-1,-0.00033249,-0.74283,0,0,0,0,0,0,0,1
0,0,0,0,0,0,0,0,0.61847,0.85378,0.65975,-1,-0.031511,0.0084976,4.5234e-06,0,0,0,0.73807,999,999,999,0.92002,0.81221,0.3312,0,0,0,0,0,0,0,0,0,0,0,0,0,0,0,0,0,0,0,0,0,0,0,0,0,0,0,0,0,0,0,0,0,0,0,0,0,0,0.013414,0.61847,-1,0.75896,0,0,0,0,0,0,0,0,0,0,0,0
0,0,0,0,0.56364,2.2836,-0.80845,-1,0.61942,1.593,-0.31616,-1,0.99997,0.99863,-7.7677e-05,0,0,0,1.2037,999,999,999,0.3031,0.48303,0.71419,0.918,0.10813,4.079e-07,9999,1,1,957.03,9.668,0.15279,0,0,0,0,0,0,0,0,1,0.67049,0.95874,-0.96309,0,0,0,0,0,10,0.10813,4.079e-07,9999,1,957.03,9.668,0.15279,0.67049,0.95874,-0.96309,0,0.014028,0.67049,-1,0.95874,0.988,-1,-7.7677e-05,-0.77429,0,0,0,0,0,0,0,1
0,0,0,0,0.76444,1.4858,-0.81193,-1,1.1618,1.0824,-0.75273,-1,-0.084028,-0.077498,-1.3092e-05,0,0,0,1.47,999,999,999,1.25,1.0168,0.4183,0.98408,0.2036,5.2731e-07,9999,0,1,634.77,3.9551,0.21169,0,0,0,0,0,0,0,0,1,1.1618,0.84095,-0.88616,0,0,0,0,0,10,0.2036,5.2731e-07,9999,1,634.77,3.9551,0.21169,1.1618,0.84095,-0.88616,4,0.003903,1.1618,-1,0.84095,-0.59131,-1,-0.077498,-0.64374,0,0,0,0,0,0,0,1
1.0207,0.22578,0.66047,-1,0,0,0,0,0.98717,1.1267,-0.87084,-1,-0.96351,-0.0054521,1.1728e-05,0,0,0,1.3894,-1.0207,0.93195,-0.54849,1.1674,1.4695,0.40839,0.99356,0.1124,3.7006e-07,9999,1,1,1142.6,7.5195,0.12511,0,0,0,0,0,0,0,0,1,1.0207,0.93195,-0.95681,0,0,0,0,0,10,0.1124,3.7006e-07,9999,1,1142.6,7.5195,0.12511,1.0207,0.93195,-0.95681,2,0.0075243,1.0207,-1,0.93195,0.70364,-1,-0.96351,-0.89711,0,0,0,0,0,0,0,0
0,0,0,0,0,0,0,0,1.2873,1.4184,0.19382,1,-0.57915,0.00024804,-0.00020706,0,0,0,1.5761,-0.87097,-0.90941,-0.88746,0.69338,1.8971,0.71793,0.92655,0.15713,2.0849e-06,9999,1,1,0,4.6875,0.22788,0,0,0,0,0,0,0,0,1,0.87097,0.90941,-0.94689,0,0,0,0,0,10,0.15713,2.0849e-06,9999,1,0,4.6875,0.22788,0.87097,0.90941,-0.94689,2,0.00029383,1.2873,1,0.96213,0.95798,-1,-0.57915,-0.67946,0,0,0,0,0,0,0,0
0,0,0,0,0,0,0,0,0.54258,0.5067,0.47491,1,-0.26397,-0.19189,-0.0006031,1,0,0,0.85446,999,999,999,0.58267,0.50019,0.72783,0.91827,0.1771,6.6846e-07,9999,1,1,527.34,5.0293,0.25418,0,0,0,0,0,0,0,0,1,999,999,999,0,0,0,0,0,10,0.23748,3.1648e-06,9999,-1,434.57,3.5156,0.30424,0.54258,0.74365,-0.087703,-6,0.043389,0.54258,1,0.74365,0.86174,-1,-0.26397,-0.51821,0,0,0,0,0,0,0,1
0,0,0,0,0,0,0,0,0.20758,0.6884,-0.56367,-1,0.98748,9.3094e-06,-5.3572e-06,3,1,0.50144,0.49576,999,999,999,0.46696,0.38848,0.34418,0.94104,0.15798,4.2314e-07,9999,1,1,703.12,5.3223,0.16232,0,0,0,0,0,0,0,0,1,999,999,999,0,0,0,0,0,0,0,0,0,0,0,0,0,0,0,0,0,0,0,0,0,0.35301,1,0.98748,0.084954,0,0,0,0,0,0,0,1
0,0,0,0,0,0,0,0,1.1443,0.54563,-0.70259,1,-0.98993,-0.97207,0.6702,2,1,0.49926,0.94973,999,999,999,0.21988,0.28583,1.9227,0.62371,0.21973,6.0145e-07,9999,1,-1,502.93,5.7617,0.23634,0,0,0,0,0,0,0,0,1,999,999,999,0,0,0,0,0,0,0,0,0,0,0,0,0,0,0,0,0,0.034517,1.1443,1,0.80026,0.72903,1,5.0022e-05,0.0015775,0,0,0,0,0,0,0,1
0,0,0,0,0,0,0,0,1.4468,0,-0.15014,-1,-0.98115,-0.67642,0.0007744,0,0,0,1.3276,-1.4468,0.93809,-0.8243,0.66537,2.2941,0.61609,0,0,0,0,0,0,0,0,0,0,0,0,0,0,0,0,0,0,0,0,0,0,0,0,0,0,0,0,0,0,0,0,0,0,0,0,0,0,0.009346,1.4468,-1,0.93809,0,0,0,0,0,0,0,0,0,0,0,0
0,0,0,0,0,0,0,0,2.1051,0.081102,-0.87683,-1,0.24187,-0.019745,-7.2547e-05,1,0,0,2.2688,999,999,999,1.2065,2.2042,0.69378,0,0,0,0,0,0,0,0,0,0,0,0,0,0,0,0,0,0,0,0,0,0,0,0,0,0,0,0,0,0,0,0,0,0,0,0,0,0,0.013184,2.1051,-1,0.99631,0,0,0,0,0,0,0,0,0,0,0,0
0,0,0,0,0,0,0,0,0.887,0.96221,-0.73643,-1,-0.99842,0.00017492,-0.00013701,2,0,0,1.1641,999,999,999,0.49942,0.1698,0.9524,0,0,0,0,0,0,0,0,0,0,0,0,0,0,0,0,0,0,0,0,0,0,0,0,0,0,0,0,0,0,0,0,0,0,0,0,0,0,0.0019152,0.887,-1,0.92515,0,0,0,0,0,0,0,0,0,0,0,0
0,0,0,0,0.72241,1.5709,-0.57422,-1,0.68506,0.67206,0.083468,-1,-0.10744,0.00047932,-0.00028089,0,0,0,0.90424,999,999,999,0.9728,0.61682,1.0181,0,0,0,0,0,0,0,0,0,0,0,0,0,0,0,0,0,0,0,0,0,0,0,0,0,0,0,0,0,0,0,0,0,0,0,0,0,0,0.019843,0.72241,-1,0.72375,0,0,0,0,0,0,0,0,0,0,0,1
0,0,0,0,0,0,0,0,0.57431,0.51942,0.027321,-1,-0.128,-1.993e-05,9.474e-06,0,0,0,0.88578,-0.5908,0.88157,-0.9843,0.7687,0.55161,0.38995,0.98591,0.21064,1.3676e-06,9999,1,1,532.23,5.2246,0.24025,0,0,0,0,0,0,0,0,1,0.5908,0.88157,-0.80826,0,0,0,0,0,10,0.21064,1.3676e-06,9999,1,532.23,5.2246,0.24025,0.5908,0.88157,-0.80826,6,0.010974,0.5908,-1,0.88157,0.88431,-1,-0.128,-0.57883,0,0,0,0,0,0,0,1
0,0,0,0,0,0,0,0,0.41398,0.29526,0.4004,-1,-0.99889,0.12682,-0.0027159,1,1,0.49798,0.7952,999,999,999,0.47442,1.1437,0.51881,0.90583,0.19338,3.685e-07,9999,0,-1,898.44,6.543,0.12381,0,0,0,0,0,0,0,0,1,0.7003,0.49493,-0.7537,0,0,0,0,0,10,0.19338,3.685e-07,9999,-1,898.44,6.543,0.12381,0.7003,0.49493,-0.7537,-0,0.0079832,0.7003,1,0.49493,0.59127,1,2.6363e-05,0.30024,0,0,0,0,0,0,0,1
0,0,0,0,0,0,0,0,0.67039,0.92647,-0.7857,1,0.99804,-0.91413,-0.00042159,1,0,0,0.94299,999,999,999,0.51496,0.57589,0.65738,0.58622,0.15998,5.5122e-07,9999,1,-1,566.41,5.0781,0.22034,0,0,0,0,0,0,0,0,1,999,999,999,0,0,0,0,0,0,0,0,0,0,0,0,0,0,0,0,0,0.0026975,0.67039,1,0.99406,0.49485,1,0.99804,0.10082,0,0,0,0,0,0,0,1
0,0,0,0,1.3358,0.26973,-0.80341,1,0.46658,0.84093,0.16623,-1,-0.98461,0.00049208,6.8561e-06,0,0,0,0.89917,999,999,999,0.66647,0.9125,0.3635,0.30984,0.24563,6.8561e-06,9999,1,1,502.93,4.248,0.3635,0,0,0,0,0,0,0,0,1,999,999,999,0,0,0,0,0,0,0,0,0,0,0,0,0,0,0,0,0,0.0034078,1.3358,1,0.97444,0.077275,-1,-0.98461,-0.00010074,0,0,0,0,0,0,0,0
0,0,0,0,0,0,0,0,1.0157,0.91824,-0.33552,-1,-0.18709,1.7487e-05,-8.8828e-06,0,0,0,0.88081,999,999,999,1.5753,0.44603,0.38456,0.51255,0.16422,7.1633e-07,9999,1,-1,561.52,3.7598,0.26507,0,0,0,0,0,0,0,0,1,999,999,999,0,0,0,0,0,10,0.23675,4.274e-07,9999,1,810.55,4.6387,0.16485,1.0157,0.89679,-0.19131,5,0.022399,1.0157,-1,0.89679,0.47225,-1,-8.8828e-06,-0.00013003,0,0,0,0,0,0,0,0
0.49757,0.10489,-0.83223,1,0,0,0,0,0,0,0,0,0.056322,0.00050146,0,1,0,0,0.49234,999,999,999,1.1379,0.5232,0,0,0,0,0,0,0,0,0,0,0,0,0,0,0,0,0,0,0,0,0,0,0,0,0,0,0,0,0,0,0,0,0,0,0,0,0,0,0,0,0,0,0,0,0,0,0,0.49757,0.10489,-0.83223,1,1,0.0069236,0.87925,0
0,0,0,0,0,0,0,0,0.51874,0.50433,-0.73494,-1,-0.99997,-0.00021023,-2.5275e-05,1,0,0,0.48963,999,999,999,0.27941,0.24256,0.4826,0.2224,0.065402,3.5488e-07,9999,1,1,1328.1,10.156,0.11195,0,0,0,0,0,0,0,0,1,999,999,999,0,0,0,0,0,0,0,0,0,0,0,0,0,0,0,0,0,0.072641,0.51874,-1,0.82765,0.31214,-1,-0.99997,-0.60437,0,0,0,0,0,0,0,0
0,0,0,0,0,0,0,0,1.1347,0.94337,-0.80448,1,0.97555,-0.42558,3.6162e-05,0,0,0,1.1435,999,999,999,0.83976,0.74896,0.50291,0.88126,0.11911,4.1789e-07,9999,0,-1,761.72,5.957,0.15913,0,0,0,0,0,0,0,0,1,999,999,999,0,0,0,0,0,10,0.096369,3.6114e-07,9999,-1,1201.2,9.375,0.11755,1.1347,0.94095,-0.53587,-0,0.0053539,1.1347,1,0.94095,0.68044,1,0.97555,0.7024,0,0,0,0,0,0,0,1
0,0,0,0,0,0,0,0,0.37749,0.2775,-0.31345,1,0.95295,-0.91797,-1.3068e-06,2,0,0,0.53004,999,999,999,0.44323,0.31332,0.23664,0.93929,0.23124,1.3068e-06,9999,0,-1,444.34,4.3945,0.23664,0,0,0,0,0,0,0,0,1,999,999,999,0,0,0,0,0,0,0,0,0,0,0,0,0,0,0,0,0,0,0,0,0,0.4229,1,0.95295,2.0201e-05,0,0,0,0,0,0,0,1
0,0,0,0,1.987,0.67818,-0.89402,1,1.2697,0.16778,0.41498,1,0.87035,0.00016235,-3.4921e-07,0,0,0,1.9572,1.987,0.90889,-0.73226,1.452,3.0319,0.10666,0.9972,0.09312,3.4921e-07,9999,1,-1,1347.7,12.695,0.10666,0,0,0,0,0,0,0,0,1,1.987,0.90889,-0.87553,0,0,0,0,0,10,0.09312,3.4921e-07,9999,-1,1347.7,12.695,0.10666,1.987,0.90889,-0.87553,-2,0.0046661,1.987,1,0.90889,0.95723,1,0.87035,0.89859,0,0,0,0,0,0,0,1
0,0,0,0,0,0,0,0,0.69983,0.73877,-0.45025,-1,-0.99047,-0.0052402,-0.00018895,0,0,0,1.2013,-0.70855,-0.91752,-0.92869,0.55667,0.88756,0.81918,0.73819,0.086313,3.9427e-07,9999,1,1,1171.9,7.7148,0.14354,0,0,0,0,0,0,0,0,1,0.70855,0.91752,-0.54348,0,0,0,0,0,10,0.086313,3.9427e-07,9999,1,1171.9,7.7148,0.14354,0.70855,0.91752,-0.54348,2,0.025978,0.70855,-1,0.91752,0.54895,-1,-0.99047,-0.69401,0,0,0,0,0,0,0,0
0,0,0,0,0,0,0,0,0.40008,1.5664,-0.43264,-1,5.7319e-05,-7.2023e-06,-5.8777e-06,0,0,0,0.59441,999,999,999,0.62196,0.34287,0.35137,0.30206,0.24504,7.2023e-06,9999,1,-1,0,4.3945,0.34287,0,0,0,0,0,0,0,0,1,999,999,999,0,0,0,0,0,0,0,0,0,0,0,0,0,0,0,0,0,0,0,0,0,0.28439,1,5.7319e-05,0.00010319,0,0,0,0,0,0,0,0
0,0,0,0,0,0,0,0,1.2506,0.94403,-0.95942,-1,-0.95855,2.9431e-06,3.5645e-07,0,0,0,0.7406,999,999,999,0.82367,0.29879,0.11338,0.74584,0.17667,3.5645e-07,9999,1,1,625,11.426,0.11338,0,0,0,0,0,0,0,0,1,999,999,999,0,0,0,0,0,0,0,0,0,0,0,0,0,0,0,0,0,0.00067351,1.2506,-1,0.97343,0.87279,-1,-0.95855,-0.11091,0,0,0,0,0,0,0,0
0,0,0,0,0,0,0,0,0.8707,1.4838,-0.045587,1,0.2895,0.047383,-4.6031e-05,1,0,0,0.88279,999,999,999,1.4097,0.68016,0.57461,0,0,0,0,0,0,0,0,0,0,0,0,0,0,0,0,0,0,0,0,0,0,0,0,0,0,0,0,0,0,0,0,0,0,0,0,0,0,0.013358,0.53855,-1,0.88034,0,0,0,0,0,0,0,0,0,0,0,1
0,0,0,0,0,0,0,0,1.0175,0.42129,-0.93749,-1,0.050118,-0.011962,-0.00065942,3,1,0.50039,1.0304,0.57366,-0.86199,-0.69104,1.1532,0.15284,0.38797,0.88878,0.15482,3.1701e-06,9999,0,-1,0,4.5898,0.27378,0,0,0,0,0,0,0,0,1,0.57366,0.86199,-0.68441,0,0,0,0,0,10,0.15482,3.1701e-06,9999,-1,0,4.5898,0.27378,0.57366,0.86199,-0.68441,-0,0.010774,0.57366,1,0.86199,0.74664,1,0.050118,0.57517,0,0,0,0,0,0,0,1
0,0,0,0,0,0,0,0,0.93537,1.2284,0.36075,-1,0.0004308,-0.00015742,6.73e-05,0,0,0,1.3349,0.64996,0.85701,-0.81326,0.69022,0.96945,0.66864,0,0,0,0,0,0,0,0,0,0,0,0,0,0,0,0,0,0,0,0,0,0,0,0,0,0,0,0,0,0,0,0,0,0,0,0,0,0,0.012791,0.93537,-1,0.96822,0,0,0,0,0,0,0,0,0,0,0,0
0.78885,0.91524,-0.67116,-1,0,0,0,0,1.1665,0.5789,-0.43457,1,-0.14056,-0.057385,0.055344,1,0,0,1.4383,999,999,999,0.69994,1.1907,1.3778,0,0,0,0,0,0,0,0,0,0,0,0,0,0,0,0,0,0,0,0,0,0,0,0,0,0,0,0,0,0,0,0,0,0,0,0,0,0,0.01315,1.1665,1,0.902,0,0,0,0,0.78885,0.91524,-0.67116,-1,1,0.012728,0.50796,0
0,0,0,0,0,0,0,0,1.2033,0.55316,-0.97469,1,0.93976,0.0009171,-5.8882e-05,0,0,0,1.4352,1.2033,0.948,-0.7413,0.64413,1.5115,0.6167,0.065627,0.10501,1.2255e-06,9999,1,-1,0,31.25,0.072147,0,0,0,0,0,0,0,0,1,999,999,999,0,0,0,0,0,0,0,0,0,0,0,0,0,0,0,0,0,0.0073723,1.2033,1,0.948,0.40244,1,0.93976,0.35599,0,0,0,0,0,0,0,1
0.47535,1.6073,-0.24019,1,0,0,0,0,0.77343,1.7103,-0.26413,1,0.27798,0.00063225,-0.00044833,1,0,0,1.1751,0.77343,0.80793,-0.86279,0.51626,1.1235,0.55322,0.583,0.23996,3.798e-06,9999,1,-1,493.16,4.3457,0.31796,0,0,0,0,0,0,0,0,1,0.77343,0.80793,-0.13407,0,0,0,0,0,10,0.23996,3.798e-06,9999,-1,493.16,4.3457,0.31796,0.77343,0.80793,-0.13407,-0,0.012215,0.77343,1,0.80793,0.95982,1,5.8172e-05,0.00022761,0.47535,1.6073,-0.24019,1,1,0.12977,0.99472,1
0,0,0,0,1.4473,1.3709,-0.92409,1,0.38312,0.97963,-0.58735,-1,-0.99493,0.0030645,-0.00044645,1,0,0,1.4632,999,999,999,0.60251,2.0325,0.63783,0.74985,0.2295,4.2038e-07,9999,1,1,830.08,6.3477,0.16065,0,0,0,0,0,0,0,0,1,999,999,999,0,0,0,0,0,0,0,0,0,0,0,0,0,0,0,0,0,0.0017102,1.4473,1,0.92173,-0.85077,-1,-0.99493,-0.0021484,0,0,0,0,0,0,0,0
0,0,0,0,0.84076,1.792,-0.2677,-1,0.77249,1.2929,0.92903,-1,-0.00033597,0.00018226,-0.00010883,1,0,0,1.255,999,999,999,0.76553,0.94383,0.67844,0.20735,0.085341,1.2104e-06,9999,0,1,0,16.992,0.087245,0,0,0,0,0,0,0,0,1,0.77249,0.57338,-0.65894,0,0,0,0,0,10,0.085341,1.2104e-06,9999,1,0,16.992,0.087245,0.77249,0.57338,-0.65894,0,0.038321,0.84076,-1,0.67966,0.61251,-1,-2.1798e-05,-0.51028,0,0,0,0,0,0,0,1
0,0,0,0,0,0,0,0,0.79271,0.87105,-0.92889,1,-0.0029388,0.00027222,-2.3029e-05,1,0,0,1.1356,999,999,999,0.69693,0.99412,0.47533,0.65823,0.13011,2.0041e-06,9999,0,1,0,4.1016,0.22279,0,0,0,0,0,0,0,0,1,999,999,999,0,0,0,0,0,0,0,0,0,0,0,0,0,0,0,0,0,0.0055715,0.79271,1,0.98528,0.20422,-1,-2.3029e-05,-0.37517,0,0,0,0,0,0,0,0
1.0876,0.35908,-0.47149,1,0,0,0,0,0.33085,0,0.86879,-1,0.96956,0.083,0.022223,0,0,0,1.3675,1.0876,-0.57698,-0.1217,1.2557,0.9228,1.1089,0.92462,0.12529,5.3958e-07,9999,0,-1,566.41,4.5898,0.21622,0,0,0,0,0,0,0,0,1,1.0876,0.57698,-0.2435,0,0,0,0,0,10,0.12529,5.3958e-07,9999,-1,566.41,4.5898,0.21622,1.0876,0.57698,-0.2435,-2,0.017937,1.0876,1,0.57698,0.99219,1,0.96956,0.76372,0,0,0,0,0,0,0,1
1.6915,0.283,-0.93752,1,0,0,0,0,0.62481,0.33115,0.47351,-1,-0.040922,0.00088079,0,0,0,0,1.4958,999,999,999,1.0065,1.4572,0,0,0,0,0,0,0,0,0,0,0,0,0,0,0,0,0,0,0,0,0,0,0,0,0,0,0,0,0,0,0,0,0,0,0,0,0,0,0,0.0082295,1.6915,1,0.98872,0,0,0,0,0,0,0,0,0,0,0,1
0,0,0,0,0,0,0,0,1.9999,0,-0.81256,1,0.55158,0.0004927,-3.9846e-05,2,0,0,2.0378,1.9999,0.95881,-0.54052,1.84,2.1846,0.54953,0,0,0,0,0,0,0,0,0,0,0,0,0,0,0,0,0,0,0,0,0,0,0,0,0,0,0,0,0,0,0,0,0,0,0,0,0,0,0.0050157,1.9999,1,0.95881,0,0,0,0,0,0,0,0,0,0,0,1
0,0,0,0,0,0,0,0,0.87965,0.94637,-0.89413,-1,-0.044844,0.018169,-9.3293e-06,1,0,0,1.286,999,999,999,1.2224,1.0841,0.38866,0.71182,0.092398,1.452e-06,9999,1,-1,0,5.3223,0.17037,0,0,0,0,0,0,0,0,1,0.93715,0.97986,-0.68942,0,0,0,0,0,10,0.092398,1.452e-06,9999,-1,0,5.3223,0.17037,0.93715,0.97986,-0.68942,-6,0.0047702,0.93715,1,0.97986,-0.68942,1,0.018169,0.66331,0,0,0,0,0,0,0,1
0,0,0,0,0,0,0,0,1.6503,1.0956,-0.44382,1,-0.96726,0.086014,-0.00017537,0,0,0,1.9028,-2.0286,0.97774,-0.275,0.80296,1.1515,0.17318,0.9924,0.21352,1.4365e-06,9999,1,1,0,4.9805,0.16804,0,0,0,0,0,0,0,0,1,2.0286,0.97774,-0.95616,0,0,0,0,0,10,0.21352,1.4365e-06,9999,1,0,4.9805,0.16804,2.0286,0.97774,-0.95616,2,0.0065828,2.0286,-1,0.97774,0.52921,-1,-0.96726,-0.59384,0,0,0,0,0,0,0,0
0,0,0,0,0,0,0,0,1.0011,1.1082,-0.8227,1,0.10612,-0.00063371,-8.0072e-05,1,0,0,1.2455,999,999,999,1.239,0.47261,0.72418,0.44564,0.22231,4.2237e-07,9999,1,-1,654.3,5.4199,0.16186,0,0,0,0,0,0,0,0,1,999,999,999,0,0,0,0,0,0,0,0,0,0,0,0,0,0,0,0,0,0.048919,1.0011,1,0.84323,0.48338,1,0.10612,0.00059561,0,0,0,0,0,0,0,1
0,0,0,0,0,0,0,0,0.71774,1.1168,-0.33138,-1,-0.96365,-0.010677,0.0007525,1,1,0.49489,0.7699,999,999,999,1.1259,0.94855,0.40036,0.66123,0.13734,3.6925e-07,9999,1,-1,771.48,8.8867,0.12444,0,0,0,0,0,0,0,0,1,999,999,999,0,0,0,0,0,10,0.14297,4.1627e-07,9999,1,791.02,6.0059,0.15812,0.71774,0.40273,-0.25354,4,0.016658,0.71774,-1,0.40273,-0.25354,-1,-0.96365,-0.26528,0,0,0,0,0,0,0,0
0,0,0,0,0,0,0,0,1.0653,0.35351,0.60625,-1,0.0013087,-0.00022631,8.9959e-05,2,0,0,1.3673,999,999,999,0.87313,1.1118,0.32005,0,0,0,0,0,0,0,0,0,0,0,0,0,0,0,0,0,0,0,0,0,0,0,0,0,0,0,0,0,0,0,0,0,0,0,0,0,0,0.00067037,1.0653,-1,0.87586,0,0,0,0,0,0,0,0,0,0,0,0
0,0,0,0,0,0,0,0,0.75969,0.58021,0.64578,1,0.0021679,0.00095544,-2.7132e-05,1,0,0,1.016,999,999,999,1.0432,0.60558,0.49304,0.36381,0.17236,1.2098e-06,9999,0,1,0,14.453,0.088961,1,0,0.73998,0.64106,-1.0502,0.46302,0.14746,0.36334,1,999,999,999,0,0,0,0,0,0,0,0,0,0,0,0,0,0,0,0,0,0.01938,0.75969,1,0.58525,0.98567,-1,-2.5826e-06,-0.024681,0,0,0,0,0,0,0,1
0.9885,0.86098,-0.95338,-1,0,0,0,0,0.78286,0.14969,0.21577,1,-0.041028,-0.011669,8.9586e-05,2,1,0.49821,1.1278,999,999,999,0.79952,1.4828,0.65775,0.65036,0.19498,5.3609e-07,9999,1,-1,600.59,4.541,0.21495,0,0,0,0,0,0,0,0,1,0.78286,0.87952,-0.59983,0,0,0,0,0,10,0.19498,5.3609e-07,9999,-1,600.59,4.541,0.21495,0.78286,0.87952,-0.59983,-0,0.0089191,0.9885,-1,0.57246,0.666,1,8.9586e-05,0.015206,0.9885,0.86098,-0.95338,-1,1,0.0089191,0.57246,0
0.65531,1.0829,0.49024,-1,0,0,0,0,0.59394,1.2994,0.35109,1,-0.39346,0.00018534,0,0,0,0,0.72782,999,999,999,0.68437,0.40051,0,0,0,0,0,0,0,0,0,0,0,0,0,0,0,0,0,0,0,0,0,0,0,0,0,0,0,0,0,0,0,0,0,0,0,0,0,0,0,0.016414,0.59394,1,0.3547,0,0,0,0,0.65531,1.0829,0.49024,-1,1,0.013093,0.67055,1
0,0,0,0,0,0,0,0,0.8093,0.73133,0.13184,1,0.095919,0.046399,-3.2961e-05,1,0,0,1.1903,0.8093,0.69073,-0.61154,0.90197,1.1746,0.52067,0,0,0,0,0,0,0,0,0,0,0,0,0,0,0,0,0,0,0,0,0,0,0,0,0,0,0,0,0,0,0,0,0,0,0,0,0,0,0.021154,0.8093,1,0.69073,0,0,0,0,0,0,0,0,0,0,0,1
0,0,0,0,0,0,0,0,1.9259,0.11893,-0.16625,-1,-0.9681,-0.019189,1.8291e-05,1,0,0,2.0004,-1.9259,-0.97885,-0.85683,1.8301,1.5816,0.45061,0,0,0,0,0,0,0,0,0,0,0,0,0,0,0,0,0,0,0,0,0,0,0,0,0,0,0,0,0,0,0,0,0,0,0,0,0,0,0.007572,1.9259,-1,0.97885,0,0,0,0,0,0,0,0,0,0,0,0
0,0,0,0,0,0,0,0,0.9518,1.0832,-0.6265,-1,-0.065215,-0.0018791,8.8685e-05,0,1,0.49791,1.6484,-0.68876,-0.98703,-0.54762,1.3105,0.74405,0.78509,0,0,0,0,0,0,0,0,0,0,0,0,0,0,0,0,0,0,0,0,0,0,0,0,0,0,0,0,0,0,0,0,0,0,0,0,0,0,0.0051112,0.9518,-1,0.58335,0,0,0,0,0,0,0,0,0,0,0,0
0,0,0,0,0,0,0,0,1.3396,0.25936,-0.11875,-1,0.99998,-0.99965,-0.019558,0,0,0,1.5157,999,999,999,0.3,0.40614,1.6105,0,0,0,0,0,0,0,0,0,0,0,0,0,0,0,0,0,0,0,0,0,0,0,0,0,0,0,0,0,0,0,0,0,0,0,0,0,0,0.0025091,1.3396,-1,0.96002,0,0,0,0,0,0,0,0,0,0,0,0
0,0,0,0,0,0,0,0,0.62471,1.6661,0.0031322,-1,-0.3105,-6.9938e-05,1.4712e-05,0,0,0,0.86732,999,999,999,0.86875,0.93757,0.42916,0,0,0,0,0,0,0,0,0,0,0,0,0,0,0,0,0,0,0,0,0,0,0,0,0,0,0,0,0,0,0,0,0,0,0,0,0,0,0.0015349,0.62471,-1,0.84874,0,0,0,0,0,0,0,0,0,0,0,0
1.0311,0,-0.74525,-1,0,0,0,0,0.33277,0.59794,-0.64788,1,-0.00061819,6.7516e-07,0,0,0,0,0.82924,999,999,999,1.5382,0.25578,0,0,0,0,0,0,0,0,0,0,0,0,0,0,0,0,0,0,0,0,0,0,0,0,0,0,0,0,0,0,0,0,0,0,0,0,0,0,0,0.011085,1.0311,-1,0.97146,0,0,0,0,0,0,0,0,0,0,0,0
1.9941,0,-0.88134,-1,0,0,0,0,0.12802,1.0501,0.51467,1,-0.00014066,4.8285e-07,0,0,0,0,1.5891,999,999,999,1.6124,0.19334,0,0.86028,0.12802,4.8285e-07,9999,1,1,761.72,4.6875,0.19334,0,0,0,0,0,0,0,0,1,1.9941,0.98543,-0.8026,0,0,0,0,0,10,0.12802,4.8285e-07,9999,1,761.72,4.6875,0.19334,1.9941,0.98543,-0.8026,2,0.0013935,1.9941,-1,0.98543,-0.8026,-1,-0.00014066,-0.64326,0,0,0,0,0,0,0,0
0,0,0,0,0,0,0,0,0.92819,1.5681,0.64814,1,-0.0081591,0.0030054,0.0028966,0,0,0,1.5667,-0.76828,0.97925,-0.64057,1.0503,0.87152,0.78334,0.76679,0.13363,4.583e-07,9999,1,1,712.89,9.5703,0.18164,1,0,-1.1859,-2.6773,3.158,0.019312,0.11702,0.12811,1,0.80833,0.67938,-0.92719,0,0,0,0,0,10,0.13363,4.583e-07,9999,1,712.89,9.5703,0.18164,0.80833,0.67938,-0.92719,4,0.010751,0.92819,1,0.70337,0.96476,-1,-1.5277e-05,-0.47753,0,0,0,0,0,0,0,1
0,0,0,0,1.1906,0,-0.76289,-1,0,0,0,0,-0.35653,8.1058e-05,0,0,0,0,1.3707,999,999,999,1.3592,0.66281,0,0,0,0,0,0,0,0,0,0,0,0,0,0,0,0,0,0,0,0,0,0,0,0,0,0,0,0,0,0,0,0,0,0,0,0,0,0,0,0.0091112,1.1906,-1,0.97821,0,0,0,0,0,0,0,0,0,0,0,0
0,0,0,0,0,0,0,0,0.8731,0.42368,-0.51814,1,0.96283,0.00019976,-4.0111e-05,0,0,0,0.95747,999,999,999,1.3555,0.41361,0.55062,0.98351,0.094305,4.0617e-07,9999,1,-1,810.55,6.8359,0.15165,0,0,0,0,0,0,0,0,1,999,999,999,0,0,0,0,0,10,0.13354,3.8297e-07,9999,-1,1123,8.0078,0.13529,0.8731,0.59333,-0.95471,-4,0.014346,0.8731,1,0.59333,0.54888,1,0.96283,0.87866,0,0,0,0,0,0,0,1
0,0,0,0,0,0,0,0,0.741,0.66002,0.10759,1,0.99394,0.00011129,-1.0967e-05,0,0,0,0.90326,0.741,0.92577,-0.60557,0.62893,0.74365,0.40249,0.92513,0.24581,2.4886e-06,9999,1,-1,615.23,4.6387,0.28618,0,0,0,0,0,0,0,0,1,999,999,999,0,0,0,0,0,0,0,0,0,0,0,0,0,0,0,0,0,0.040579,0.741,1,0.92577,-0.36338,1,0.99394,0.016905,0,0,0,0,0,0,0,0
0,0,0,0,0,0,0,0,0.83856,0.18046,0.35833,1,0.96615,-0.2725,-1.6286e-05,0,0,0,1.0354,999,999,999,1.2463,0.61372,0.43896,0,0,0,0,0,0,0,0,0,0,0,0,0,0,0,0,0,0,0,0,0,0,0,0,0,0,0,0,0,0,0,0,0,0,0,0,0,0,0.00084678,0.81791,-1,0.98861,0,0,0,0,0,0,0,0,0,0,0,1
0,0,0,0,0,0,0,0,0.29539,0.55359,-0.39587,-1,-0.99969,-0.92656,0.00033654,3,1,0.50085,0.99163,999,999,999,0.41633,1.0283,0.31691,0.92757,0.06721,1.2379e-06,9999,0,1,0,8.7891,0.12021,0,0,0,0,0,0,0,0,1,999,999,999,0,0,0,0,0,0,0,0,0,0,0,0,0,0,0,0,0,0.023249,0.93641,-1,0.9384,0.7749,-1,-0.92656,-0.80463,0,0,0,0,0,0,0,0
0,0,0,0,0.82183,0.60405,-0.037099,-1,0.47706,0.60281,-0.65096,1,0.98561,-0.15726,-0.00018051,0,0,0,1.0651,999,999,999,0.46878,0.61387,0.75767,0,0,0,0,0,0,0,0,0,0,0,0,0,0,0,0,0,0,0,0,0,0,0,0,0,0,0,0,0,0,0,0,0,0,0,0,0,0,0.0093041,0.82183,-1,0.95435,0,0,0,0,0,0,0,0,0,0,0,1
0,0,0,0,0,0,0,0,0.46249,0.91944,-0.95722,-1,-0.99136,2.7411e-05,-4.2189e-06,0,0,0,0.62896,999,999,999,0.45222,0.47667,0.32591,0,0,0,0,0,0,0,0,0,0,0,0,0,0,0,0,0,0,0,0,0,0,0,0,0,0,0,0,0,0,0,0,0,0,0,0,0,0,0,0,0,0,0,0,0,0,0,0,0,0,0,0,0,1
0,0,0,0,0,0,0,0,1.0734,0.74416,-0.3494,-1,0.14184,0.11074,-0.0007962,0,0,0,1.122,999,999,999,0.91302,1.2548,0.71238,0,0,0,0,0,0,0,0,0,0,0,0,0,0,0,0,0,0,0,0,0,0,0,0,0,0,0,0,0,0,0,0,0,0,0,0,0,0,0.0019815,1.0734,-1,0.95534,0,0,0,0,0,0,0,0,0,0,0,0
0,0,0,0,0,0,0,0,0.36925,0.68715,-0.36984,-1,-0.043203,-1.1685e-05,0,1,0,0,0.37068,999,999,999,1.3089,0.40807,0,0,0,0,0,0,0,0,0,0,0,0,0,0,0,0,0,0,0,0,0,0,0,0,0,0,0,0,0,0,0,0,0,0,0,0,0,0,0,0,0,0,0,0,0,0,0,0,0,0,0,0,0,0,1
0,0,0,0,0,0,0,0,0.81489,1.0181,-0.2773,1,-0.94446,0.00042029,0.00013989,0,0,0,1.4251,999,999,999,0.71715,1.069,0.81114,0,0,0,0,0,0,0,0,0,0,0,0,0,0,0,0,0,0,0,0,0,0,0,0,0,0,0,0,0,0,0,0,0,0,0,0,0,0,0.0092749,0.81489,1,0.85399,0,0,0,0,0,0,0,0,0,0,0,1
0,0,0,0,0,0,0,0,2.1144,0.23016,-0.8242,1,-0.0091561,0.0030206,-0.00018568,0,0,0,2.3227,999,999,999,0.95016,2.8332,0.8885,0.99492,0.089665,3.5024e-07,9999,1,-1,1220.7,10.156,0.10764,0,0,0,0,0,0,0,0,1,2.1144,0.99958,-0.99549,0,0,0,0,0,10,0.089665,3.5024e-07,9999,-1,1220.7,10.156,0.10764,2.1144,0.99958,-0.99549,-2,7.6822e-05,2.1144,1,0.99958,0.453,1,6.2619e-06,0.89425,0,0,0,0,0,0,0,1
0,0,0,0,1.1299,0.78062,0.57817,-1,0.18436,2.127,-0.72582,-1,0.9864,-0.05271,-1.4658e-05,1,0,0,1.3257,999,999,999,0.67877,1.3648,0.4288,0.55143,0.10159,4.2613e-07,9999,0,-1,898.44,7.1289,0.1641,0,0,0,0,0,0,0,0,1,999,999,999,0,0,0,0,0,10,0.16316,3.1634e-06,9999,1,0,3.9062,0.27357,1.1299,0.98185,-0.25668,6,0.0028471,1.1299,-1,0.98185,0.072048,1,0.9864,0.51832,0,0,0,0,0,0,0,1
0,0,0,0,0,0,0,0,1.0186,1.4807,-0.006154,1,0.17554,-0.00014156,-1.72e-05,0,0,0,1.0008,999,999,999,1.5989,0.74556,0.44435,0,0,0,0,0,0,0,0,0,0,0,0,0,0,0,0,0,0,0,0,0,0,0,0,0,0,0,0,0,0,0,0,0,0,0,0,0,0,0.012362,1.0186,1,0.80954,0,0,0,0,0,0,0,0,0,0,0,1
0,0,0,0,0.4796,1.0162,-0.01967,-1,0.35944,1.4306,-0.78424,1,-0.018372,3.9888e-05,1.0822e-06,0,0,0,0.49625,999,999,999,0.76489,0.54948,0.32051,0.23407,0.091897,3.4927e-07,9999,1,-1,537.11,13.281,0.10671,0,0,0,0,0,0,0,0,1,999,999,999,0,0,0,0,0,0,0,0,0,0,0,0,0,0,0,0,0,0,0,0,0,-0.15101,1,1.0822e-06,0.47292,0,0,0,0,0,0,0,1
0,0,0,0,1.2558,0,0.088913,-1,0.87709,0,-0.27655,-1,-0.48467,-0.093006,1.5107e-05,1,0,0,1.1195,-1.2558,-0.90063,-0.73518,1.4537,0.94483,0.43168,0.98118,0.11226,1.4625e-06,9999,0,1,0,5.5176,0.1719,0,0,0,0,0,0,0,0,1,1.2558,0.90063,-0.82426,0,0,0,0,0,10,0.11226,1.4625e-06,9999,1,0,5.5176,0.1719,1.2558,0.90063,-0.82426,2,0.0013503,1.2558,-1,0.90063,0.63469,-1,-0.48467,-0.87681,0,0,0,0,0,0,0,0
0,0,0,0,0,0,0,0,0.89471,0.91368,-0.88789,1,0.14301,-8.7467e-06,-7.364e-06,1,0,0,1.0535,999,999,999,1.1437,0.38328,0.36922,0.21417,0.068937,1.2978e-06,9999,0,1,0,63.281,0.045758,0,0,0,0,0,0,0,0,1,999,999,999,0,0,0,0,0,0,0,0,0,0,0,0,0,0,0,0,0,0.0020696,0.89471,1,0.8574,0.19894,-1,-8.7467e-06,-0.58984,0,0,0,0,0,0,0,0
0,0,0,0,0,0,0,0,1.2972,0.50666,-0.79978,1,0.00033324,-6.9342e-05,3.8178e-05,1,0,0,1.2482,999,999,999,0.76322,0.67953,1.9227,0,0,0,0,0,0,0,0,0,0,0,0,0,0,0,0,0,0,0,0,0,0,0,0,0,0,0,0,0,0,0,0,0,0,0,0,0,0,0.086504,1.2972,1,0.93658,0,0,0,0,0,0,0,0,0,0,0,0
0,0,0,0,0,0,0,0,1.1083,0.69593,-0.31448,-1,0.11554,-0.04094,0.00013664,0,0,0,1.5817,1.0501,0.85297,-0.45204,1.0156,1.1583,1.5941,0,0,0,0,0,0,0,0,0,0,0,0,0,0,0,0,0,0,0,0,0,0,0,0,0,0,0,0,0,0,0,0,0,0,0,0,0,0,0.00066632,1.1083,-1,0.93671,0,0,0,0,0,0,0,0,0,0,0,1
0,0,0,0,0,0,0,0,0.37779,0.72656,-0.59825,-1,1,-0.99996,-0.00019958,1,0,0,0.70212,999,999,999,0.18512,0.27227,0.86751,0.86792,0.21502,3.8171e-06,9999,0,1,0,3.418,0.29107,0,0,0,0,0,0,0,0,1,0.50332,0.44787,-0.078724,0,0,0,0,0,10,0.21502,3.8171e-06,9999,1,0,3.418,0.29107,0.50332,0.44787,-0.078724,0,0.033523,0.50332,-1,0.44787,-0.76933,-1,-0.99996,-0.048628,0,0,0,0,0,0,0,0
0,0,0,0,0,0,0,0,0.70091,1.4151,-0.97445,-1,0.99802,-0.0060981,-0.00034861,1,2,0.49537,1.0518,999,999,999,0.5163,0.99342,0.56918,0,0,0,0,0,0,0,0,0,0,0,0,0,0,0,0,0,0,0,0,0,0,0,0,0,0,0,0,0,0,0,0,0,0,0,0,0,0,0.021966,0.70091,-1,0.89625,0,0,0,0,0,0,0,0,0,0,0,1
0,0,0,0,0,0,0,0,0.68871,0.85159,-0.078654,1,0.99362,-0.96352,0.00065921,0,0,0,1.1584,0.68871,0.91346,-0.16844,0.48498,0.68489,0.89686,0.50954,0.24066,0.99362,9999,1,1,937.5,8.4961,0.48498,0,0,0,0,0,0,0,0,1,0.50759,0.96525,-0.69435,0,0,0,0,0,10,0.24066,0.99362,9999,1,937.5,8.4961,0.48498,0.50759,0.96525,-0.69435,22,0.0060412,0.68871,1,0.91346,-0.69435,-1,-0.96352,-5.4301e-06,0,0,0,0,0,0,0,1
0,0,0,0,0,0,0,0,0.90015,0.64753,-0.87295,-1,-0.0037054,0.001979,2.2912e-05,2,0,0,0.70857,999,999,999,0.55119,0.48834,0.4748,0.82964,0.21803,8.4223e-07,9999,1,-1,522.46,6.6406,0.28817,0,0,0,0,0,0,0,0,1,999,999,999,0,0,0,0,0,0,0,0,0,0,0,0,0,0,0,0,0,0,0,0,0,0.82958,1,2.2912e-05,0.019279,0,0,0,0,0,0,0,0
0,0,0,0,0,0,0,0,1.3108,0.27921,-0.62828,1,-0.89912,0.85429,0.038163,1,0,0,1.7583,999,999,999,1.1009,0.85164,1.6483,0.84712,0.15372,1.702e-06,9999,0,-1,0,6.4453,0.19934,0,0,0,0,0,0,0,0,1,1.3108,0.91076,-0.79659,0,0,0,0,0,10,0.15372,1.702e-06,9999,-1,0,6.4453,0.19934,1.3108,0.91076,-0.79659,-0,0.0065362,1.3108,1,0.91076,0.15925,1,0.85429,0.47436,0,0,0,0,0,0,0,0
0.61846,0.050787,0.037961,1,0,0,0,0,0.14977,0.65457,-0.7837,-1,0.0010937,-5.8411e-07,0,0,0,0,0.61849,999,999,999,0.63608,0.23111,0,0.35087,0.14977,5.8411e-07,9999,1,-1,644.53,4.3945,0.23111,0,0,0,0,0,0,0,0,1,0.61846,0.48084,-0.62393,0,0,0,0,0,10,0.14977,5.8411e-07,9999,-1,644.53,4.3945,0.23111,0.61846,0.48084,-0.62393,-2,0.00081407,0.61846,1,0.48084,-0.62393,1,0.0010937,0.096914,0.61846,0.050787,0.037961,1,1,0.00081407,0.48084,1
0,0,0,0,0,0,0,0,0.3623,1.4694,-0.96047,1,-0.99679,-0.98548,-0.0051215,3,0,0,1.1415,-0.56041,-0.89177,-0.93526,0.5367,0.52954,0.84777,0.65557,0.055024,1.2407e-06,9999,0,1,0,8.5938,0.12152,0,0,0,0,0,0,0,0,1,0.56041,0.89177,-0.29762,0,0,0,0,0,10,0.055024,1.2407e-06,9999,1,0,8.5938,0.12152,0.56041,0.89177,-0.29762,2,0.011007,0.60299,-1,0.96175,0.52486,-1,-0.98548,-0.78063,0,0,0,0,0,0,0,0
0,0,0,0,0,0,0,0,0.8056,0.76554,-0.69409,1,0.97057,8.9521e-05,4.5016e-05,3,1,0.49377,0.88628,999,999,999,0.60421,0.65004,0.57077,0.63158,0.19654,4.2993e-07,9999,0,-1,761.72,5.3711,0.16632,0,1,0,0,0,0,0,0,1,0.62326,0.66103,-0.52432,0,0,0,0,0,10,0.19654,4.2993e-07,9999,-1,761.72,5.3711,0.16632,0.62326,0.66103,-0.52432,-9,0.0093357,0.8056,1,0.46453,0.51386,1,0.97057,0.011813,0,0,0,0,0,0,0,1
1.6964,0,-0.83907,1,0,0,0,0,0.56083,0.18431,0.74567,1,-8.0927e-05,5.8519e-05,3.8235e-05,2,1,0.49691,1.814,999,999,999,0.69522,0.62658,1.8785,0,0,0,0,0,0,0,0,0,0,0,0,0,0,0,0,0,0,0,0,0,0,0,0,0,0,0,0,0,0,0,0,0,0,0,0,0,0,0.0054603,1.6964,1,0.97192,0,0,0,0,0,0,0,0,0,0,0,1
0,0,0,0,0,0,0,0,0.47792,0.64905,0.142,-1,4.4298e-05,3.9348e-05,-1.8444e-05,2,1,0.49618,0.55664,999,999,999,0.56728,0.53991,0.35157,0.42805,0.16013,4.3685e-07,9999,1,1,732.42,5.6152,0.17026,0,0,0,0,0,0,0,0,1,999,999,999,0,0,0,0,0,0,0,0,0,0,0,0,0,0,0,0,0,0,0,0,0,0.62369,-1,-6.4319e-06,-0.065247,0,0,0,0,0,0,0,1
0,0,0,0,0,0,0,0,1.7219,0.96213,-0.89062,-1,-0.99997,-0.32919,9.0045e-05,0,0,0,1.6677,999,999,999,0.27621,2.3928,0.80059,0,0,0,0,0,0,0,0,0,0,0,0,0,0,0,0,0,0,0,0,0,0,0,0,0,0,0,0,0,0,0,0,0,0,0,0,0,0,0.0070531,1.7219,-1,0.98406,0,0,0,0,0,0,0,0,0,0,0,0
0,0,0,0,0.66577,1.4497,-0.17957,-1,0.11799,1.4486,-0.88431,1,0.9999,-0.14847,-1.8256e-06,0,0,0,0.52103,999,999,999,0.31917,1.0541,0.37556,0.43796,0.11799,4.0888e-07,9999,1,1,830.08,5.7617,0.15342,0,0,0,0,0,0,0,0,1,999,999,999,0,0,0,0,0,10,0.23465,1.8256e-06,9999,-1,522.46,3.3691,0.37556,0.6327,0.33447,-0.63588,-4,0.012907,0.66577,-1,0.97557,-0.63588,1,0.9999,0.00045508,0,0,0,0,0,0,0,1
0,0,0,0,0,0,0,0,0.42408,0.65608,0.63363,1,0.98908,-0.98327,2.3137e-05,0,0,0,0.81027,999,999,999,0.70785,0.72854,0.47599,0.38877,0.13809,1.2435e-06,9999,1,-1,0,7.6172,0.12278,0,0,0,0,0,0,0,0,1,999,999,999,0,0,0,0,0,0,0,0,0,0,0,0,0,0,0,0,0,0,0,0,0,-0.48046,1,0.98908,0.17441,0,0,0,0,0,0,0,0
0,0,0,0,0,0,0,0,1.0719,0.47039,-0.15674,-1,-0.0014107,0.00083715,-4.7333e-05,2,1,0.49561,1.1017,-0.62947,0.84875,-0.4997,0.87354,0.74657,0.58036,0.83658,0.21708,1.1776e-06,9999,0,1,507.81,3.5645,0.33031,0,0,0,0,0,0,0,0,1,1.0719,0.8636,-0.97609,0,0,0,0,0,10,0.24902,2.0412e-05,9999,1,0,3.8574,0.34585,1.0719,0.8636,-0.44449,4,0.021811,1.0719,-1,0.8636,0.53283,-1,-4.7333e-05,-0.023453,0,0,0,0,0,0,0,1
0,0,0,0,0,0,0,0,0.78399,1.4338,-0.86388,1,0.00087938,7.5841e-05,-9.7241e-06,0,0,0,0.93354,999,999,999,0.65581,0.71449,0.39216,0.82548,0.18535,4.1333e-07,9999,1,-1,781.25,6.1035,0.15627,0,0,0,0,0,0,0,0,1,0.78399,0.83028,-0.37121,0,0,0,0,0,10,0.18535,4.1333e-07,9999,-1,781.25,6.1035,0.15627,0.78399,0.83028,-0.37121,-0,0.0087344,0.78399,1,0.83028,-0.37121,1,0.00087938,0.15517,0,0,0,0,0,0,0,0
0,0,0,0,0,0,0,0,0.69672,0.45306,-0.73007,-1,0.99034,-0.98202,-0.96063,0,0,0,1.1274,0.62111,0.77187,-0.71663,0.64796,0.76924,1.038,0.64682,0.24919,1.3926e-06,9999,1,-1,463.87,3.5156,0.34863,0,0,0,0,0,0,0,0,1,0.55024,0.99652,-0.59084,0,0,0,0,0,10,0.24919,1.3926e-06,9999,-1,463.87,3.5156,0.34863,0.55024,0.99652,-0.59084,-0,0.037464,0.69672,-1,0.9568,-0.59084,1,0.99034,0.00015118,0,0,0,0,0,0,0,0
0,0,0,0,0,0,0,0,0.8224,0.24925,0.97184,1,-0.99949,0.62169,0,0,0,0,0.67972,999,999,999,0.42595,1.3202,0,0,0,0,0,0,0,0,0,0,0,0,0,0,0,0,0,0,0,0,0,0,0,0,0,0,0,0,0,0,0,0,0,0,0,0,0,0,0,0.017054,0.8224,1,0.9819,0,0,0,0,0,0,0,0,0,0,0,1
0,0,0,0,0,0,0,0,0.35256,0.20862,0.21891,-1,-0.99999,-2.99e-05,8.9471e-06,0,0,0,0.42036,999,999,999,0.22889,0.50738,0.38516,0.92578,0.2333,0.99999,9999,1,-1,2578.1,23.633,0.22889,0,0,0,0,0,0,0,0,1,999,999,999,0,0,0,0,0,0,0,0,0,0,0,0,0,0,0,0,0,0,0,0,0,-0.17662,1,8.9471e-06,5.5456e-06,0,0,0,0,0,0,0,1
0,0,0,0,0,0,0,0,0.88568,0.31816,-0.68642,-1,-0.96583,-0.0020312,-1.6212e-06,1,0,0,0.9654,-0.58232,0.65215,-0.3136,1.252,0.90935,0.25355,0.99,0.19397,1.6212e-06,9999,0,-1,415.04,3.2715,0.25355,0,0,0,0,0,0,0,0,1,999,999,999,0,0,0,0,0,10,0.20164,4.2389e-07,9999,1,810.55,6.8359,0.16277,0.88568,0.91668,-0.92702,6,0.0052545,0.88568,-1,0.91668,-0.92702,-1,-0.96583,-0.021934,0,0,0,0,0,0,0,1
0,0,0,0,0,0,0,0,0.67312,1.3256,0.53235,-1,0.94849,-0.093469,9.0533e-06,1,0,0,0.93721,999,999,999,0.91752,1.0774,0.38614,0.90183,0.16639,5.4868e-07,9999,1,-1,512.7,4.6875,0.21945,0,0,0,0,0,0,0,0,1,0.63701,0.98817,-0.86452,0,0,0,0,0,10,0.16639,5.4868e-07,9999,-1,512.7,4.6875,0.21945,0.63701,0.98817,-0.86452,-4,0.024974,0.63701,1,0.98817,0.54909,1,0.94849,0.26751,0,0,0,0,0,0,0,1
0,0,0,0,0,0,0,0,0.52344,0.51464,0.6749,1,0.10261,-0.00057866,2.9276e-05,1,0,0,0.56753,0.52344,0.77886,-0.75972,1.0505,0.79991,0.50455,0,0,0,0,0,0,0,0,0,0,0,0,0,0,0,0,0,0,0,0,0,0,0,0,0,0,0,0,0,0,0,0,0,0,0,0,0,0,0.0050699,0.52344,1,0.77886,0,0,0,0,0,0,0,0,0,0,0,0
0,0,0,0,0,0,0,0,0.96617,1.0102,-0.38292,-1,-0.055994,0.0010339,-0.0001743,1,0,0,1.1947,-0.72356,-0.74894,-0.23745,1.4985,0.58491,0.16255,0.5845,0.18441,0.0001743,9999,0,-1,761.72,0,0.16255,0,0,0,0,0,0,0,0,1,999,999,999,0,0,0,0,0,10,0.22351,4.3219e-07,9999,1,644.53,4.834,0.16762,0.96617,0.75982,-0.10031,4,0.0027096,0.96617,-1,0.75982,0.47222,1,0.0010339,0.022439,0,0,0,0,0,0,0,1
0,0,0,0,0,0,0,0,0.78229,0.44041,0.7908,1,-0.94387,9.4746e-05,0,0,0,0,0.97972,999,999,999,0.5989,0.83104,0,0,0,0,0,0,0,0,0,0,0,0,0,0,0,0,0,0,0,0,0,0,0,0,0,0,0,0,0,0,0,0,0,0,0,0,0,0,0,0.0024649,0.78229,1,0.93806,0,0,0,0,0,0,0,0,0,0,0,0
0,0,0,0,0,0,0,0,0.21029,1.4708,-0.84894,1,0.0016898,0.00024819,-8.1317e-07,1,0,0,0.46788,999,999,999,0.7197,0.27416,0.28368,0.4028,0.070426,3.6236e-07,9999,0,-1,1250,6.6406,0.11861,0,0,0,0,0,0,0,0,1,999,999,999,0,0,0,0,0,0,0,0,0,0,0,0,0,0,0,0,0,0,0,0,0,0.99851,1,0.00024819,0.63186,0,0,0,0,0,0,0,1
0,0,0,0,0,0,0,0,1.6594,0.33057,0.78282,1,0.010566,-0.00054077,-5.9301e-05,3,0,0,1.4903,999,999,999,1.3668,0.87249,0.62492,0.1063,0.12642,4.6296e-07,9999,1,-1,673.83,4.0039,0.18396,0,0,0,0,0,0,0,0,1,1.6594,0.99107,-0.14935,0,0,0,0,0,10,0.12642,4.6296e-07,9999,-1,673.83,4.0039,0.18396,1.6594,0.99107,-0.14935,-21,0.0024863,1.6594,1,0.99107,0.95528,1,1.2093e-06,0.17688,0,0,0,0,0,0,0,1
0,0,0,0,0,0,0,0,0.67294,1.4482,-0.69362,-1,-0.76357,-0.00013087,4.8083e-05,0,0,0,1.077,-0.67294,0.7079,-0.12913,0.73583,0.76518,0.57973,0,0,0,0,0,0,0,0,0,0,0,0,0,0,0,0,0,0,0,0,0,0,0,0,0,0,0,0,0,0,0,0,0,0,0,0,0,0,0.02558,0.67294,-1,0.7079,0,0,0,0,0,0,0,0,0,0,0,0
0,0,0,0,0,0,0,0,0.70815,0.27442,-0.9484,1,-0.026189,0.021497,4.7508e-07,0,0,0,0.68093,999,999,999,0.76001,1.0425,0.18977,0.71569,0.15007,4.7508e-07,9999,1,1,683.59,4.834,0.18977,0,0,0,0,0,0,0,0,1,999,999,999,0,0,0,0,0,0,0,0,0,0,0,0,0,0,0,0,0,0.0017051,0.70815,1,0.99614,0.28896,-1,-0.026189,-0.27212,0,0,0,0,0,0,0,0
1.0674,0.85979,-0.74323,1,0.97563,0.32425,-0.18498,-1,0.20446,0.43463,-0.29793,-1,-0.99983,-0.034461,0.00020604,1,0,0,1.271,-0.97563,0.91062,-0.88072,0.33825,1.4266,1.47,0.99606,0.20446,0.99983,9999,1,-1,1103.5,12.402,0.33825,0,0,0,0,0,0,0,0,1,999,999,999,0,0,0,0,0,0,0,0,0,0,0,0,0,0,0,0,0,0.0044558,1.0674,1,0.8106,0.84822,1,0.00020604,3.8111e-05,0,0,0,0,0,0,0,0
0,0,0,0,0,0,0,0,1.705,0.874,-0.82448,-1,-0.99943,-0.059098,5.4379e-05,1,0,0,2.1001,-1.705,-0.99733,-0.65916,0.38231,1.605,1.9679,0.70479,0.18933,0.99943,9999,0,-1,1035.2,8.4961,0.38231,0,0,0,0,0,0,0,0,1,999,999,999,0,0,0,0,0,0,0,0,0,0,0,0,0,0,0,0,0,0.0064395,1.705,-1,0.99733,0.54171,1,5.4379e-05,8.451e-06,0,0,0,0,0,0,0,0
0,0,0,0,0,0,0,0,1.0488,0.88051,-0.79308,-1,-0.053599,0.00017236,5.581e-06,0,0,0,1.3081,999,999,999,1.1226,0.97112,0.34734,0.86895,0.23213,4.766e-06,9999,1,1,546.88,3.3691,0.33519,0,0,0,0,0,0,0,0,1,1.0488,0.97368,-0.9583,0,0,0,0,0,10,0.23213,4.766e-06,9999,1,546.88,3.3691,0.33519,1.0488,0.97368,-0.9583,5,0.0058219,1.0488,-1,0.97368,-0.9583,-1,-0.053599,-0.012691,0,0,0,0,0,0,0,0
0,0,0,0,0,0,0,0,1.1474,1.0974,-0.73217,-1,0.94871,-0.33833,-0.088654,1,0,0,1.6108,999,999,999,1.1192,1.5226,1.1635,0.38467,0.14091,5.3152e-07,9999,1,-1,625,5.6641,0.21327,0,0,0,0,0,0,0,0,1,0.9863,0.7314,-0.91035,0,0,0,0,0,10,0.14091,5.3152e-07,9999,-1,625,5.6641,0.21327,0.9863,0.7314,-0.91035,-4,0.0010621,1.1474,-1,0.95568,-0.91035,1,0.94871,0.15502,0,0,0,0,0,0,0,1
0,0,0,0,0,0,0,0,1.4099,0.89434,-0.88796,-1,0.92341,-0.91603,1.2758e-05,0,0,0,1.3799,999,999,999,1.188,1.2256,0.41594,0.99997,0.1465,4.9713e-07,9999,1,-1,703.12,6.25,0.1996,0,0,0,0,0,0,0,0,1,0.74753,0.54905,-0.54583,0,0,0,0,0,10,0.1465,4.9713e-07,9999,-1,703.12,6.25,0.1996,0.74753,0.54905,-0.54583,-2,0.017858,1.4099,-1,0.85885,-0.54583,1,0.92341,0.90314,0,0,0,0,0,0,0,1
0,0,0,0,0.81638,0.65,0.67091,-1,1.0254,0.94808,-0.26606,1,0.96991,-0.9649,0.96125,0,0,0,1.622,999,999,999,0.50382,0.85243,0.82448,0,0,0,0,0,0,0,0,0,0,0,0,0,0,0,0,0,0,0,0,0,0,0,0,0,0,0,0,0,0,0,0,0,0,0,0,0,0,0.0073868,1.0254,1,0.98312,0,0,0,0,0,0,0,0,0,0,0,1
0,0,0,0,0,0,0,0,0.40192,1.8319,-0.94576,1,-6.9306e-05,1.0655e-05,-3.9063e-06,3,1,0.49845,0.73656,999,999,999,0.67914,0.39998,0.32008,0.76105,0.12201,3.4847e-07,9999,0,1,820.31,5.3711,0.10595,1,0,-2.126,-0.95312,-0.90752,0.12667,0.040039,0.0098374,1,0.52235,0.94024,-0.71683,0,0,0,0,0,10,0.12201,3.4847e-07,9999,1,820.31,5.3711,0.10595,0.52235,0.94024,-0.71683,0,0.0046419,0.52235,-1,0.94024,0.98372,1,1.0655e-05,0.2345,0,0,0,0,0,0,0,1
0,0,0,0,1.4799,0.34013,-0.88811,1,0.27458,0.03211,0.20024,1,0.99929,0.027639,-3.176e-05,0,0,0,1.6141,999,999,999,0.44549,1.8556,0.51551,0.13423,0.15545,5.0202e-07,9999,1,-1,664.06,3.8086,0.20166,0,0,0,0,0,0,0,0,1,999,999,999,0,0,0,0,0,0,0,0,0,0,0,0,0,0,0,0,0,0.0094175,1.4799,1,0.9115,0.56598,1,0.99929,0.034372,0,0,0,0,0,0,0,1
0,0,0,0,1.2921,0,-0.83745,-1,0.19353,0.34564,0.55169,-1,-0.072663,5.1765e-06,-4.1863e-06,2,1,0.49733,1.1285,999,999,999,1.0813,0.46079,0.29921,0.84896,0.19353,4.1863e-06,9999,0,-1,0,5.2246,0.29921,0,1,0,0,0,0,0,0,1,999,999,999,0,0,0,0,0,0,0,0,0,0,0,0,0,0,0,0,0,0.014487,1.2921,-1,0.97078,-0.30447,1,5.1765e-06,0.13712,0,0,0,0,0,0,0,0
1.2122,0,-0.9427,-1,0,0,0,0,0.22037,0.54285,0.18954,1,-0.00033038,1.5735e-06,0,0,0,0,0.76691,999,999,999,0.86115,0.36114,0,0.59411,0.22037,1.5735e-06,9999,1,1,468.75,3.9062,0.36114,0,0,0,0,0,0,0,0,1,1.2122,0.99445,-0.50622,0,0,0,0,0,10,0.22037,1.5735e-06,9999,1,468.75,3.9062,0.36114,1.2122,0.99445,-0.50622,5,0.00056492,1.2122,-1,0.99445,-0.50622,-1,-0.00033038,-0.001246,0,0,0,0,0,0,0,0
0,0,0,0,0,0,0,0,0.92328,0.65459,0.9962,1,0.036039,6.5889e-05,-4.8841e-05,1,1,0.49973,1.0047,999,999,999,1.4148,0.65961,0.58658,0.79409,0.082627,1.3346e-06,9999,1,-1,0,4.834,0.14951,0,1,0,0,0,0,0,0,1,999,999,999,0,0,0,0,0,0,0,0,0,0,0,0,0,0,0,0,0,0,0,0,0,0.60587,1,0.036039,0.71755,0,0,0,0,0,0,0,1
0,0,0,0,0,0,0,0,0.83922,0.75744,-0.10278,-1,-0.0028669,-0.0001316,1.3104e-05,1,0,0,1.0759,-0.5258,-0.70201,-0.64691,1.1304,0.74809,0.41838,0.51504,0.10455,4.5492e-07,9999,1,1,683.59,6.6406,0.17992,0,0,0,0,0,0,0,0,1,0.83922,0.93436,-0.54876,0,0,0,0,0,10,0.13012,3.7546e-07,9999,1,908.2,6.3477,0.12947,0.83922,0.93436,-0.48215,5,0.036981,0.83922,-1,0.93436,0.95173,-1,-0.0001316,-0.47334,0,0,0,0,0,0,0,0
1.4828,0.30779,-0.70388,-1,0,0,0,0,0.1701,1.2,-0.10072,1,-0.0004863,0.00017701,-1.2246e-06,4,0,0,1.492,999,999,999,1.7594,0.12956,0.11287,0.75981,0.1701,0.00017701,9999,1,1,976.56,0,0.12956,0,0,0,0,0,0,0,0,1,1.4828,0.97522,-0.6347,0,0,0,0,0,10,0.1701,0.00017701,9999,1,976.56,0,0.12956,1.4828,0.97522,-0.6347,2,0.024772,1.4828,-1,0.97522,-0.15732,-1,-1.2246e-06,-0.16975,0,0,0,0,0,0,0,0
1.6394,0.20402,-0.72045,1,0,0,0,0,0.70768,0.73507,0.61637,-1,5.9663e-05,-3.0792e-05,8.7787e-06,0,0,0,1.3099,999,999,999,2.5063,0.51128,0.38358,0.066022,0.12613,3.4128e-07,9999,1,-1,2207,10.938,0.098869,0,0,0,0,0,0,0,0,1,1.6394,0.97894,-0.13448,0,0,0,0,0,10,0.12613,3.4128e-07,9999,-1,2207,10.938,0.098869,1.6394,0.97894,-0.13448,-9,0.0026626,1.6394,1,0.97894,0.023079,1,8.7787e-06,0.16507,0,0,0,0,0,0,0,1
0,0,0,0,0,0,0,0,0.99988,0.69909,0.85204,1,0.9411,-0.11669,1.0677e-06,0,0,0,1.5258,999,999,999,0.90364,1.6862,0.31889,0.95029,0.099028,3.5612e-07,9999,1,-1,1240.2,7.6172,0.11308,0,0,0,0,0,0,0,0,1,999,999,999,0,0,0,0,0,0,0,0,0,0,0,0,0,0,0,0,0,0.024743,1.2853,-1,0.6538,0.77995,1,0.9411,0.82796,0,0,0,0,0,0,0,1
0,0,0,0,0.98376,0.13234,0.80619,-1,0.79134,0.9889,-0.91956,1,0.38796,-0.00013104,-3.8594e-05,0,0,0,0.95324,999,999,999,1.2477,0.76614,0.59622,0,0,0,0,0,0,0,0,0,0,0,0,0,0,0,0,0,0,0,0,0,0,0,0,0,0,0,0,0,0,0,0,0,0,0,0,0,0,0.0083864,0.98376,-1,0.9742,0,0,0,0,0,0,0,0,0,0,0,0
0,0,0,0,0,0,0,0,0.89269,0.13256,-0.1833,-1,0.99805,-0.97148,0.89802,1,0,0,1.2509,999,999,999,0.5155,0.94962,0.90939,0.99724,0.12723,5.1685e-07,9999,0,-1,581.05,5.0781,0.20766,0,0,0,0,0,0,0,0,1,0.87919,0.50845,-0.47589,0,0,0,0,0,10,0.12723,5.1685e-07,9999,-1,581.05,5.0781,0.20766,0.87919,0.50845,-0.47589,-2,0.010258,0.89269,-1,0.90973,0.82502,1,0.89802,0.90335,0,0,0,0,0,0,0,1
0,0,0,0,0,0,0,0,1.1471,0.61631,-0.98404,-1,-0.00040542,1.2136e-05,0,1,0,0,0.69197,999,999,999,0.79952,0.41144,0,0,0,0,0,0,0,0,0,0,0,0,0,0,0,0,0,0,0,0,0,0,0,0,0,0,0,0,0,0,0,0,0,0,0,0,0,0,0,0.0074779,1.1471,-1,0.91731,0,0,0,0,0,0,0,0,0,0,0,1
0,0,0,0,0,0,0,0,0.76021,0.54662,0.99638,-1,-0.21328,0.18899,-0.050015,3,0,0,0.84281,999,999,999,1.179,1.3101,1.159,0.71304,0.13763,2.5054e-06,9999,0,-1,0,5.5176,0.24952,1,0,0.75184,-4.5267,-17.322,0.051883,0.61705,6.1925,1,0.66513,0.99417,-0.73974,0,0,0,0,0,10,0.13763,2.5054e-06,9999,-1,0,5.5176,0.24952,0.66513,0.99417,-0.73974,-2,0.021607,0.76021,-1,0.82352,0.97043,1,0.18899,0.3745,0,0,0,0,0,0,0,1
0,0,0,0,0,0,0,0,1.7342,0.044997,-0.99957,1,-0.97889,0.48855,0,0,0,0,1.0115,999,999,999,0.48812,2.8218,0,0,0,0,0,0,0,0,0,0,0,0,0,0,0,0,0,0,0,0,0,0,0,0,0,0,0,0,0,0,0,0,0,0,0,0,0,0,0,0.0012497,1.7342,1,0.99959,0,0,0,0,0,0,0,0,0,0,0,1
0,0,0,0,0,0,0,0,0.70345,1.0559,-0.90707,-1,-0.99353,-2.4812e-05,2.382e-05,1,0,0,0.9089,999,999,999,0.62834,0.4841,0.48231,0.8875,0.1997,6.9385e-07,9999,1,-1,512.7,3.1738,0.26012,0,0,0,0,0,0,0,0,1,999,999,999,0,0,0,0,0,10,0.22346,6.1547e-07,9999,1,566.41,3.8574,0.24036,0.50189,0.95138,-0.026537,0,0.046715,0.50189,-1,0.95138,-0.026537,-1,-0.99353,-0.00031098,0,0,0,0,0,0,0,1
1.0368,0,0.026375,-1,0,0,0,0,0.44703,0.54388,-0.37956,1,-0.00029476,1.2155e-05,0,0,0,0,0.9364,999,999,999,1.5344,0.41158,0,0,0,0,0,0,0,0,0,0,0,0,0,0,0,0,0,0,0,0,0,0,0,0,0,0,0,0,0,0,0,0,0,0,0,0,0,0,0,0.094602,1.0368,-1,0.98042,0,0,0,0,0,0,0,0,0,0,0,0
0,0,0,0,0,0,0,0,0.3423,0.93723,0.37777,-1,-0.99453,0.098569,0.00057131,3,1,0.49826,0.33044,999,999,999,0.61211,1.4101,0.32521,0,0,0,0,0,0,0,0,0,0,0,0,0,0,0,0,0,0,0,0,0,0,0,0,0,0,0,0,0,0,0,0,0,0,0,0,0,0,0.041507,0.53392,1,0.48774,0,0,0,0,0,0,0,0,0,0,0,1
0,0,0,0,0,0,0,0,0.58143,1.4013,-0.45205,-1,-0.99997,0.98084,-0.43661,1,0,0,0.90118,-0.76275,0.82412,-0.76125,0.27088,0.64546,0.64864,0,0,0,0,0,0,0,0,0,0,0,0,0,0,0,0,0,0,0,0,0,0,0,0,0,0,0,0,0,0,0,0,0,0,0,0,0,0,0.026517,0.76275,-1,0.82412,0,0,0,0,0,0,0,0,0,0,0,0
0.41907,1.6361,-0.53635,-1,0,0,0,0,1.0875,0.12199,-0.72809,1,-0.97257,-0.092025,0.03185,1,0,0,1.0573,999,999,999,0.27963,0.65103,1.558,0,0,0,0,0,0,0,0,0,0,0,0,0,0,0,0,0,0,0,0,0,0,0,0,0,0,0,0,0,0,0,0,0,0,0,0,0,0,0,0,0,0,0,0,0,0,0.41907,1.6361,-0.53635,-1,1,0.03154,0.44129,0
0.59068,0.45831,-0.92988,-1,0,0,0,0,0.71194,0.37171,-0.60732,1,0.00060472,-1.0359e-05,-1.4463e-06,2,0,0,0.79172,999,999,999,0.86305,0.39756,0.16952,0.7902,0.10385,1.4463e-06,9999,0,-1,0,7.6172,0.16952,0,0,0,0,0,0,0,0,1,0.71194,0.92574,-0.54108,0,0,0,0,0,10,0.10385,1.4463e-06,9999,-1,0,7.6172,0.16952,0.71194,0.92574,-0.54108,-22,0.0080567,0.71194,1,0.92574,0.7505,-1,-1.0359e-05,-0.59098,0.59068,0.45831,-0.92988,-1,1,0.024927,0.53528,0
1.403,0.19787,-0.44648,-1,0,0,0,0,0.62563,0.71752,-0.91476,1,-0.00048054,4.986e-05,9.3141e-06,1,0,0,1.0959,999,999,999,2.1935,0.58871,0.38851,0,0,0,0,0,0,0,0,0,0,0,0,0,0,0,0,0,0,0,0,0,0,0,0,0,0,0,0,0,0,0,0,0,0,0,0,0,0,0.0031137,1.403,-1,0.98489,0,0,0,0,0,0,0,0,0,0,0,0
0,0,0,0,0,0,0,0,0.48713,0.36302,-0.050481,-1,-0.00071085,0,0,0,0,0,0.43906,999,999,999,0.69042,0,0,0,0,0,0,0,0,0,0,0,0,0,0,0,0,0,0,0,0,0,0,0,0,0,0,0,0,0,0,0,0,0,0,0,0,0,0,0,0,0,0,0,0,0,0,0,0,0,0,0,0,0,0,0,0
0,0,0,0,0,0,0,0,1.157,0.073046,-0.94191,-1,-0.0030981,1.2711e-06,0,0,0,0,0.93351,999,999,999,0.92543,0.33883,0,0,0,0,0,0,0,0,0,0,0,0,0,0,0,0,0,0,0,0,0,0,0,0,0,0,0,0,0,0,0,0,0,0,0,0,0,0,0,0.016678,1.157,-1,0.91431,0,0,0,0,0,0,0,0,0,0,0,0
0,0,0,0,0,0,0,0,1.0185,1.2696,-0.95502,-1,-0.99342,-0.05308,-9.781e-05,0,0,0,1.3271,-1.0185,0.99608,-0.44239,0.55665,1.1568,0.7434,0.50452,0.17406,5.4641e-07,9999,1,1,644.53,4.1992,0.21866,0,0,0,0,0,0,0,0,1,1.0185,0.99608,-0.47685,0,0,0,0,0,10,0.17406,5.4641e-07,9999,1,644.53,4.1992,0.21866,1.0185,0.99608,-0.47685,5,0.061687,1.0185,-1,0.99608,-0.52647,-1,-0.99342,-0.033666,0,0,0,0,0,0,0,0
0,0,0,0,0,0,0,0,0.59242,0.8076,0.68393,-1,0.00031543,0.00028486,-0.0002315,0,0,0,1.1576,0.6742,0.72034,-0.25887,0.30876,0.46937,0.86102,0.83828,0.091423,3.302e-07,9999,1,-1,1679.7,12.891,0.087132,0,0,0,0,0,0,0,0,1,0.6742,0.72034,-0.87514,0,0,0,0,0,10,0.091423,3.302e-07,9999,-1,1679.7,12.891,0.087132,0.6742,0.72034,-0.87514,-6,0.024857,0.6742,1,0.72034,0.30508,1,0.00031543,0.7184,0,0,0,0,0,0,0,0
0,0,0,0,0,0,0,0,1.0192,0,-0.99121,-1,0.21848,-0.0039586,0,1,0,0,0.73187,999,999,999,0.84946,1.5511,0,0,0,0,0,0,0,0,0,0,0,0,0,0,0,0,0,0,0,0,0,0,0,0,0,0,0,0,0,0,0,0,0,0,0,0,0,0,0,0.020001,1.0192,-1,0.99121,0,0,0,0,0,0,0,0,0,0,0,1
0,0,0,0,0,0,0,0,0.12691,0.31112,0.11158,1,-3.0424e-05,4.2243e-07,0,0,0,0,0.42404,999,999,999,0.50969,0.1619,0,0.62631,0.12691,4.2243e-07,9999,1,1,683.59,5.4688,0.1619,0,0,0,0,0,0,0,0,1,999,999,999,0,0,0,0,0,0,0,0,0,0,0,0,0,0,0,0,0,0,0,0,0,0.38819,-1,-3.0424e-05,-0.37154,0,0,0,0,0,0,0,1
0.52818,0.77256,-0.13292,1,0,0,0,0,0.41372,0.62248,0.10959,-1,0.00029835,-1.8347e-05,4.947e-06,0,0,0,0.70573,999,999,999,0.58114,0.45092,0.33805,0.48712,0.24049,4.947e-06,9999,1,1,527.34,3.6133,0.33805,0,0,0,0,0,0,0,0,1,999,999,999,0,0,0,0,0,0,0,0,0,0,0,0,0,0,0,0,0,0.0053537,0.52818,1,0.26474,-0.54182,-1,-1.8347e-05,-0.00016625,0.52818,0.77256,-0.13292,1,1,0.0053537,0.26474,0
0,0,0,0,0,0,0,0,0.90883,1.1029,-0.73112,-1,-0.96373,-0.0027464,-2.3054e-05,2,0,0,1.2861,-0.90883,-0.92576,-0.98782,1.0581,0.95606,0.47558,0.72153,0.15277,4.3561e-07,9999,0,1,561.52,4.248,0.16956,0,0,0,0,0,0,0,0,1,0.90883,0.92576,-0.54387,0,0,0,0,0,10,0.15277,4.3561e-07,9999,1,561.52,4.248,0.16956,0.90883,0.92576,-0.54387,6,0.010973,0.90883,-1,0.92576,0.40926,-1,-0.96373,-0.25695,0,0,0,0,0,0,0,1
0,0,0,0,0,0,0,0,0.93378,1.137,-0.56659,1,9.403e-05,4.9661e-07,-3.852e-07,0,0,0,0.92863,999,999,999,0.9427,0.19938,0.13696,0.65526,0.15501,3.852e-07,9999,1,-1,878.91,8.5938,0.13696,0,0,0,0,0,0,0,0,1,999,999,999,0,0,0,0,0,0,0,0,0,0,0,0,0,0,0,0,0,0.01782,0.93378,1,0.89527,0.71008,1,9.403e-05,0.1701,0,0,0,0,0,0,0,0
0,0,0,0,0,0,0,0,0.28797,0.22385,0.18903,1,5.9957e-05,-4.1125e-05,-2.98e-05,3,1,0.49877,0.88658,999,999,999,0.63371,0.55417,0.50648,0.9243,0.13554,1.2378e-06,9999,0,1,0,11.914,0.1202,0,0,0,0,0,0,0,0,1,999,999,999,0,0,0,0,0,0,0,0,0,0,0,0,0,0,0,0,0,0.0090324,0.55517,-1,0.71077,0.92471,-1,-2.8144e-06,-0.74354,0,0,0,0,0,0,0,0
0,0,0,0,0,0,0,0,0.74518,1.1101,-0.95285,-1,-0.98824,4.3077e-05,1.2217e-06,1,1,0.50092,0.83264,999,999,999,0.5983,0.56276,0.074646,0.84437,0.24594,5.0571e-07,9999,1,-1,605.47,4.834,0.20318,0,0,0,0,0,0,0,0,1,999,999,999,0,0,0,0,0,0,0,0,0,0,0,0,0,0,0,0,0,0.037538,0.74518,-1,0.90115,0.22726,1,4.3077e-05,0.0022093,0,0,0,0,0,0,0,0
0,0,0,0,0,0,0,0,0.89738,1.0104,-0.040905,-1,-0.00075367,-0.00056672,0.00013533,1,0,0,1.1679,-0.89738,-0.68728,-0.58475,0.90152,0.86229,0.76085,0.18661,0.12647,1.2314e-06,9999,0,1,0,28.516,0.068745,0,0,0,0,0,0,0,0,1,0.57877,0.85434,-0.52344,0,0,0,0,0,10,0.21675,1.6372e-06,9999,-1,0,3.8086,0.19301,0.61863,0.36293,-0.47168,-6,0.0080492,0.89738,-1,0.68728,0.69943,-1,-0.00056672,-0.073178,0,0,0,0,0,0,0,1
0,0,0,0,0.97684,1.1355,-0.31821,-1,0.86955,1.2373,-0.7261,-1,-0.039903,-0.00016502,-5.3668e-05,0,0,0,1.2767,-0.97684,-0.91722,-0.97564,1.1962,0.86375,0.60694,0,0,0,0,0,0,0,0,0,0,0,0,0,0,0,0,0,0,0,0,0,0,0,0,0,0,0,0,0,0,0,0,0,0,0,0,0,0,0.031804,0.97684,-1,0.91722,0,0,0,0,0,0,0,0,0,0,0,1
0.62871,0.91498,0.66234,1,0,0,0,0,0.90166,1.0193,-0.96173,-1,-0.98374,-0.95933,0.03504,4,0,0,1.155,-0.56174,0.84372,-0.81768,0.25961,0.69143,0.95174,0.75197,0.063191,1.2275e-06,9999,0,1,0,10.059,0.11469,0,0,0,0,0,0,0,0,1,0.56174,0.84372,-0.57069,0,0,0,0,0,10,0.063191,1.2275e-06,9999,1,0,10.059,0.11469,0.56174,0.84372,-0.57069,2,0.011804,0.90166,-1,0.91241,0.59016,-1,-0.95933,-0.75259,0.62871,0.91498,0.66234,1,1,0.032024,0.48606,0
0,0,0,0,0,0,0,0,1.4345,1.3104,0.79149,1,0.94972,0.040903,-0.019197,1,0,0,2.1,1.0555,0.92191,-0.88158,1.5329,1.5271,0.84846,0,0,0,0,0,0,0,0,0,0,0,0,0,0,0,0,0,0,0,0,0,0,0,0,0,0,0,0,0,0,0,0,0,0,0,0,0,0,0.0089892,1.4345,1,0.99021,0,0,0,0,0,0,0,0,0,0,0,1
0,0,0,0,1.9594,0.063975,-0.8843,1,0.54408,0.99392,0.31799,-1,7.5301e-05,-6.8431e-05,-5.1712e-07,0,0,0,1.9934,999,999,999,2.3967,0.59899,0.20776,0.93365,0.16379,5.1712e-07,9999,1,-1,615.23,5.2734,0.20776,0,0,0,0,0,0,0,0,1,1.9594,0.98988,-0.89052,0,0,0,0,0,10,0.16379,5.1712e-07,9999,-1,615.23,5.2734,0.20776,1.9594,0.98988,-0.89052,-5,0.0019102,1.9594,1,0.98988,-0.89052,1,7.5301e-05,0.67227,0,0,0,0,0,0,0,1
2.0012,0.35042,-0.69812,-1,0,0,0,0,0.66344,1.4988,-0.1968,-1,-0.99983,-6.8114e-05,1.2773e-05,0,0,0,1.7797,-2.0012,0.92341,-0.52917,0.33889,2.9007,0.41605,0,0,0,0,0,0,0,0,0,0,0,0,0,0,0,0,0,0,0,0,0,0,0,0,0,0,0,0,0,0,0,0,0,0,0,0,0,0,0.018981,2.0012,-1,0.92341,0,0,0,0,0,0,0,0,0,0,0,0
0.95598,0.36912,-0.99682,-1,0,0,0,0,0.1679,0.093983,0.67459,1,-0.017412,0.00019988,0,1,0,0,0.51187,999,999,999,0.63423,0.23026,0,0.81328,0.1679,0.00019988,9999,0,1,527.34,0,0.23026,0,0,0,0,0,0,0,0,1,0.95598,0.97687,-0.67021,0,0,0,0,0,10,0.1679,0.00019988,9999,1,527.34,0,0.23026,0.95598,0.97687,-0.67021,4,0.0030324,0.95598,-1,0.97687,-0.67021,-1,-0.017412,-0.27671,0.95598,0.36912,-0.99682,-1,1,0.0030324,0.97687,1
0,0,0,0,1.2931,0.10329,-0.42497,-1,0.20129,0.37895,-0.60773,-1,-0.058859,0.036278,-1.0375e-06,0,0,0,1.3671,999,999,999,1.8287,1.4177,0.31544,0.83873,0.20129,1.0375e-06,9999,0,-1,439.45,4.1504,0.31544,0,0,0,0,0,0,0,0,1,999,999,999,0,0,0,0,0,10,0.18626,9.7434e-07,9999,1,488.28,3.7598,0.30769,1.2931,0.82822,-0.13611,5,0.0057953,1.2931,-1,0.82822,0.83298,1,0.036278,0.075781,0,0,0,0,0,0,0,0
0,0,0,0,0,0,0,0,1.1,0.43124,0.83322,-1,-0.18681,0.032329,0.00023042,2,0,0,1.6028,999,999,999,0.90057,1.2091,0.98154,0.97692,0.15174,6.7417e-07,9999,0,-1,537.11,3.8574,0.25555,0,0,0,0,0,0,0,0,1,1.0948,0.54696,-0.48566,0,0,0,0,0,10,0.15174,6.7417e-07,9999,-1,537.11,3.8574,0.25555,1.0948,0.54696,-0.48566,-4,0.0027711,1.1,-1,0.71849,0.27975,-1,-0.18681,-0.70677,0,0,0,0,0,0,0,0
0,0,0,0,0,0,0,0,1.5962,2.2952,-0.93367,1,0.26239,0.18851,-0.011091,4,1,0.49678,1.1218,1.5962,-0.90031,-0.093691,0.70874,1.0918,0.71,0,0,0,0,0,0,0,0,0,0,0,0,0,0,0,0,0,0,0,0,0,0,0,0,0,0,0,0,0,0,0,0,0,0,0,0,0,0,0.005921,1.5962,1,0.90031,0,0,0,0,0,0,0,0,0,0,0,1
0.36846,1.2194,-0.91344,-1,0,0,0,0,0.72615,0.98559,-0.16231,-1,-0.95659,-0.033888,-1.2926e-06,1,0,0,0.67078,999,999,999,1.1175,0.58679,0.13931,0.36238,0.084601,1.2926e-06,9999,0,-1,0,8.3008,0.13931,0,0,0,0,0,0,0,0,1,999,999,999,0,0,0,0,0,10,0.18757,5.0125e-07,9999,1,537.11,5.5664,0.20134,0.72615,0.60686,-0.89483,4,0.014536,0.72615,-1,0.60686,-0.89483,-1,-0.95659,-0.0048977,0.36846,1.2194,-0.91344,-1,1,0.089289,0.74309,0
0,0,0,0,0,0,0,0,0.83734,0.17965,-0.78561,-1,-0.0001863,-6.336e-05,6.0281e-06,0,0,0,0.70167,999,999,999,0.20828,0.64273,0.35335,0,0,0,0,0,0,0,0,0,0,0,0,0,0,0,0,0,0,0,0,0,0,0,0,0,0,0,0,0,0,0,0,0,0,0,0,0,0,0.0076341,0.83734,-1,0.85413,0,0,0,0,0,0,0,0,0,0,0,1
0,0,0,0,0,0,0,0,0.34505,0.51312,-0.045347,-1,0.00022215,-1.5179e-05,5.4832e-06,2,0,0,0.59132,999,999,999,0.25422,0.43213,0.34597,0,0,0,0,0,0,0,0,0,0,0,0,0,0,0,0,0,0,0,0,0,0,0,0,0,0,0,0,0,0,0,0,0,0,0,0,0,0,0,0,0,0,0,0,0,0,0,0,0,0,0,0,0,1
0,0,0,0,0,0,0,0,2.1112,0.4503,-0.076616,1,0.9614,0.027805,-0.00050841,0,0,0,1.7942,2.1112,-0.9757,-0.92076,2.4432,1.4502,0.77759,0,0,0,0,0,0,0,0,0,0,0,0,0,0,0,0,0,0,0,0,0,0,0,0,0,0,0,0,0,0,0,0,0,0,0,0,0,0,0.0055726,2.1112,1,0.9757,0,0,0,0,0,0,0,0,0,0,0,1
0.88106,0.765,0.60366,1,1.774,0,-0.93019,-1,0.58438,0.88106,0.61824,-1,-0.94344,0.12476,-0.0017978,0,0,0,1.998,-1.774,0.99526,-0.64341,0.9212,0.75273,1.9618,0,0,0,0,0,0,0,0,0,0,0,0,0,0,0,0,0,0,0,0,0,0,0,0,0,0,0,0,0,0,0,0,0,0,0,0,0,0,0.013081,1.774,-1,0.99526,0,0,0,0,0.88106,0.765,0.60366,1,1,0.0051145,0.81793,0
0,0,0,0,0,0,0,0,0.35387,0.55606,0.8942,1,0.00034126,3.0551e-05,-4.014e-06,1,0,0,0.70327,999,999,999,0.74287,0.51018,0.32214,0.52108,0.20203,1.1172e-06,9999,1,-1,473.63,3.8574,0.32425,0,0,0,0,0,0,0,0,1,999,999,999,0,0,0,0,0,0,0,0,0,0,0,0,0,0,0,0,0,0.029792,0.55756,1,0.54796,0.89986,1,0.00034126,0.004228,0,0,0,0,0,0,0,0
0,0,0,0,0,0,0,0,1.2286,0,0.30309,-1,0.99469,0.11107,-0.025306,2,1,0.49761,1.6662,0.92448,0.72891,-0.43304,0.61089,1.128,1.2836,0.69321,0.11282,4.1561e-07,9999,1,-1,810.55,8.1055,0.15771,0,0,0,0,0,0,0,0,1,999,999,999,0,0,0,0,0,0,0,0,0,0,0,0,0,0,0,0,0,0.051543,1.2286,-1,0.99373,0.845,1,0.99469,0.54222,0,0,0,0,0,0,0,1
0.24074,1.8926,-0.87781,-1,0,0,0,0,1.7266,0.31451,-0.61968,1,0.95328,0.21843,-0.038782,0,0,0,1.6776,0.83962,0.77817,-0.84166,1.5125,1.369,0.83991,0.33158,0.24074,1.6597e-06,9999,1,-1,732.42,3.1738,0.36641,0,0,0,0,0,0,0,0,1,999,999,999,0,0,0,0,0,0,0,0,0,0,0,0,0,0,0,0,0,0.0023345,1.7266,1,0.99311,0.22401,1,0.95328,0.00013343,0.24074,1.8926,-0.87781,-1,1,0.0092237,0.33158,1
0,0,0,0,0,0,0,0,0.30981,0.52861,-0.19019,1,-0.84848,-7.765e-05,2.235e-05,0,0,0,0.83855,-0.50777,0.29461,-0.19254,0.7204,0.71921,0.47208,0.8652,0.22728,1.1133e-06,9999,1,-1,493.16,3.3203,0.32384,0,0,0,0,0,0,0,0,1,999,999,999,0,0,0,0,0,0,0,0,0,0,0,0,0,0,0,0,0,0.00091309,0.50777,-1,0.29461,0.49971,1,2.235e-05,0.017651,0,0,0,0,0,0,0,0
0,0,0,0,0,0,0,0,1.634,0.32906,-0.88525,-1,-0.96407,-0.00068124,0.00020198,1,1,0.49931,1.6932,-1.634,0.93241,-0.66674,0.29166,0.94288,0.23297,0,0,0,0,0,0,0,0,0,0,0,0,0,0,0,0,0,0,0,0,0,0,0,0,0,0,0,0,0,0,0,0,0,0,0,0,0,0,0.0085508,1.634,-1,0.93241,0,0,0,0,0,0,0,0,0,0,0,0
0,0,0,0,0,0,0,0,1.0334,1.1251,-0.53417,-1,-0.2137,0.0031926,-0.00045784,1,0,0,1.3107,-0.80192,-0.73497,-0.12723,1.6942,0.68789,0.9399,0,0,0,0,0,0,0,0,0,0,0,0,0,0,0,0,0,0,0,0,0,0,0,0,0,0,0,0,0,0,0,0,0,0,0,0,0,0,0.088819,1.0334,-1,0.7653,0,0,0,0,0,0,0,0,0,0,0,0
0,0,0,0,0,0,0,0,0.80783,1.5665,-0.15752,1,0.19821,-0.018309,0.0038624,1,0,0,1.3128,0.69443,-0.8897,-0.39975,1.2672,0.88597,0.55578,0.999,0.17173,7.2291e-05,9999,0,-1,527.34,3.8086,0.23159,0,0,0,0,0,0,0,0,1,0.69443,0.8897,-0.86956,0,0,0,0,0,10,0.17173,7.2291e-05,9999,-1,527.34,3.8086,0.23159,0.69443,0.8897,-0.86956,-2,0.0088076,0.96555,-1,0.83325,0.72496,1,0.19821,0.87419,0,0,0,0,0,0,0,1
0,0,0,0,0,0,0,0,0.50887,1.3701,-0.90516,-1,0.99998,-0.80147,-2.3525e-05,2,1,0.49939,0.72223,999,999,999,0.30504,0.88767,0.47086,0.059567,0.13145,3.6229e-07,9999,0,1,1132.8,8.7891,0.11855,0,0,0,0,0,0,0,0,1,999,999,999,0,0,0,0,0,0,0,0,0,0,0,0,0,0,0,0,0,0.016178,0.50887,-1,0.98182,0.15446,-1,-0.80147,-0.12362,0,0,0,0,0,0,0,1
0,0,0,0,0,0,0,0,0.60309,0.6023,-0.55379,1,5.0923e-05,3.3033e-05,-1.0131e-05,0,0,0,0.95212,0.56656,0.68401,-0.65616,0.59025,0.51986,0.45745,0,0,0,0,0,0,0,0,0,0,0,0,0,0,0,0,0,0,0,0,0,0,0,0,0,0,0,0,0,0,0,0,0,0,0,0,0,0,0.045591,0.50804,-1,0.61652,0,0,0,0,0,0,0,0,0,0,0,0
0,0,0,0,0,0,0,0,0.78198,0.74963,-0.50065,1,-0.00057717,3.0427e-05,-2.4882e-05,2,0,0,0.81913,999,999,999,0.32922,0.5097,0.4844,0.92627,0.19125,5.3122e-07,9999,1,1,585.94,4.0527,0.21315,0,0,0,0,0,0,0,0,1,999,999,999,0,0,0,0,0,0,0,0,0,0,0,0,0,0,0,0,0,0.0089189,0.78198,1,0.59747,0.86108,-1,-0.00057717,-0.41786,0,0,0,0,0,0,0,0
0,0,0,0,0.75097,0,0.3365,1,0.46009,0.75837,-0.44297,-1,0.99245,0.03648,-2.8949e-05,0,0,0,1.0238,0.75097,-0.99826,-0.89636,0.44708,0.79759,0.50315,0,0,0,0,0,0,0,0,0,0,0,0,0,0,0,0,0,0,0,0,0,0,0,0,0,0,0,0,0,0,0,0,0,0,0,0,0,0,0.0021577,0.75097,1,0.99826,0,0,0,0,0,0,0,0,0,0,0,1
0,0,0,0,1.6848,0.28698,-0.3988,-1,1.0544,1.3072,-0.64202,1,-0.06487,0.00014944,0.00010639,0,0,0,2.0044,999,999,999,1.7742,0.96392,0.77985,0.043708,0.13845,5.4768e-07,9999,1,-1,644.53,7.1289,0.2191,0,0,0,0,0,0,0,0,1,1.0544,0.66357,-0.76022,0,0,0,0,0,10,0.13845,5.4768e-07,9999,-1,644.53,7.1289,0.2191,1.0544,0.66357,-0.76022,-0,0.0020519,1.6848,-1,0.94036,0.37561,1,3.2843e-05,0.077797,0,0,0,0,0,0,0,0
0,0,0,0,0,0,0,0,1.1188,0.2642,-0.58636,1,0.0159,0,0,0,0,0,1.0734,999,999,999,1.1168,0,0,0,0,0,0,0,0,0,0,0,0,0,0,0,0,0,0,0,0,0,0,0,0,0,0,0,0,0,0,0,0,0,0,0,0,0,0,0,0,0.0064485,1.1188,1,0.85426,0,0,0,0,0,0,0,0,0,0,0,1
0,0,0,0,0,0,0,0,1.1978,0,-0.98291,1,0.00027907,-0.00021458,2.9412e-06,1,0,0,0.93004,999,999,999,1.8574,0.24707,0.29874,0.63402,0.15123,0.00021458,9999,0,-1,488.28,0,0.24707,0,0,0,0,0,0,0,0,1,999,999,999,0,0,0,0,0,10,0.16469,4.592e-07,9999,-1,654.3,5.8105,0.18209,1.1978,0.99781,-0.38489,-4,0.0045147,1.1978,1,0.99781,0.69301,1,2.9412e-06,0.18035,0,0,0,0,0,0,0,0
0,0,0,0,0,0,0,0,2.0849,0,0.73102,1,0.95387,0.016893,-9.2248e-05,0,0,0,1.2682,1.2999,0.98963,-0.98321,1.3462,2.1074,0.75283,0,0,0,0,0,0,0,0,0,0,0,0,0,0,0,0,0,0,0,0,0,0,0,0,0,0,0,0,0,0,0,0,0,0,0,0,0,0,0.023094,2.0849,1,0.9989,0,0,0,0,0,0,0,0,0,0,0,1
0,0,0,0,0,0,0,0,0.90017,0.89713,-0.89236,-1,0.99659,0.04407,-0.042102,1,0,0,1.0952,0.5207,0.32225,-0.2804,0.56432,0.84808,0.94773,0.76622,0.17754,4.1254e-07,9999,1,-1,781.25,6.8359,0.15577,0,0,0,0,0,0,0,0,1,0.5207,0.32225,-0.43701,0,0,0,0,0,10,0.17754,4.1254e-07,9999,-1,781.25,6.8359,0.15577,0.5207,0.32225,-0.43701,-5,0.0074597,0.90017,-1,0.41637,0.77125,1,0.99659,0.12656,0,0,0,0,0,0,0,0
1.0427,0.47598,-0.96988,-1,0,0,0,0,0.58636,0,0.64938,-1,-0.047633,-0.0001178,5.6176e-07,1,0,0,1.1923,-0.58636,0.93439,-0.81479,1.2029,0.82327,0.22392,0.33076,0.094699,4.2658e-07,9999,0,1,996.09,5.2246,0.16436,0,0,0,0,0,0,0,0,1,0.58636,0.93439,-0.35103,0,0,0,0,0,10,0.094699,4.2658e-07,9999,1,996.09,5.2246,0.16436,0.58636,0.93439,-0.35103,5,0.023391,1.0427,-1,0.96782,0.30289,-1,-0.047633,-0.46901,0,0,0,0,0,0,0,0
0,0,0,0,0,0,0,0,1.1103,0.28141,-0.78394,-1,-0.96498,4.0746e-05,0,0,0,0,1.1152,999,999,999,1.3879,0.6003,0,0,0,0,0,0,0,0,0,0,0,0,0,0,0,0,0,0,0,0,0,0,0,0,0,0,0,0,0,0,0,0,0,0,0,0,0,0,0,0.00093815,1.1103,-1,0.95995,0,0,0,0,0,0,0,0,0,0,0,1
0,0,0,0,0,0,0,0,0.63026,1.1918,-0.5862,-1,0.00017531,3.4578e-05,-1.7048e-05,1,0,0,0.49876,999,999,999,0.1728,0.52749,0.44348,0.97801,0.089362,1.4569e-06,9999,1,1,0,9.668,0.1711,0,0,0,0,0,0,0,0,1,0.63026,0.9379,-0.97299,0,0,0,0,0,10,0.089362,1.4569e-06,9999,1,0,9.668,0.1711,0.63026,0.9379,-0.97299,2,0.012693,0.63026,-1,0.9379,-0.97299,-1,-1.7048e-05,-0.86944,0,0,0,0,0,0,0,0
0.78765,0.67414,-0.0066278,-1,0,0,0,0,0.23858,1.0935,-0.29514,-1,0.0072202,-0.0040941,-0.00031596,0,0,0,0.85093,999,999,999,0.34975,0.75736,0.30897,0.36953,0.23858,0.00031596,9999,1,-1,473.63,0,0.30897,0,0,0,0,0,0,0,0,1,999,999,999,0,0,0,0,0,0,0,0,0,0,0,0,0,0,0,0,0,0.01058,0.78765,-1,0.91243,0.66529,1,0.0072202,0.00015845,0.78765,0.67414,-0.0066278,-1,1,0.01058,0.91243,1
1.572,0,-0.76577,-1,0,0,0,0,0.4307,0.38583,0.24966,-1,6.7934e-05,5.1598e-05,-4.5059e-05,0,0,0,1.7003,999,999,999,0.66771,0.59236,1.8946,0,0,0,0,0,0,0,0,0,0,0,0,0,0,0,0,0,0,0,0,0,0,0,0,0,0,0,0,0,0,0,0,0,0,0,0,0,0,0.013609,1.572,-1,0.97227,0,0,0,0,0,0,0,0,0,0,0,0
0.47491,0.81097,0.30102,-1,0,0,0,0,1.3302,0.19593,-0.81621,1,0.9638,-0.21674,0.034724,0,0,0,1.486,1.3302,-0.99206,-0.93438,0.8808,0.74127,1.373,0.93434,0.13751,4.5336e-07,9999,1,-1,712.89,4.1016,0.17912,0,0,0,0,0,0,0,0,1,0.64339,0.94855,-0.93145,0,0,0,0,0,10,0.13751,4.5336e-07,9999,-1,712.89,4.1016,0.17912,0.64339,0.94855,-0.93145,-0,0.0015954,1.3302,1,0.99206,-0.93145,1,0.9638,0.76258,0.47491,0.81097,0.30102,-1,1,0.023299,0.79708,1
0.29269,1.701,0.2658,-1,0,0,0,0,1.0355,0.55913,0.060718,1,0.033233,-0.00037025,3.1783e-05,1,0,0,1.2205,999,999,999,1.1547,0.60636,0.57849,0,0,0,0,0,0,0,0,0,0,0,0,0,0,0,0,0,0,0,0,0,0,0,0,0,0,0,0,0,0,0,0,0,0,0,0,0,0,0.0051728,1.0355,1,0.58778,0,0,0,0,0.29269,1.701,0.2658,-1,1,0.10944,0.19628,1
0,0,0,0,0,0,0,0,1.2384,1.1522,-0.98651,-1,-0.56917,-0.39592,0.00172,3,0,0,1.1849,999,999,999,1.9822,2.0069,0.47535,0.82824,0.18743,1.4149e-06,9999,1,1,0,6.543,0.1646,0,0,0,0,0,0,0,0,1,1.2384,0.96891,-0.86988,0,0,0,0,0,10,0.18743,1.4149e-06,9999,1,0,6.543,0.1646,1.2384,0.96891,-0.86988,6,0.0039707,1.2384,-1,0.96891,-0.88968,-1,-0.56917,-0.14461,0,0,0,0,0,0,0,0
0,0,0,0,0,0,0,0,0.38095,0.98269,-0.73485,1,-1,0.81956,1.6401e-05,0,0,0,0.51533,999,999,999,0.183,0.17651,0.43965,0.28632,0.17845,6.9754e-07,9999,1,-1,454.1,4.248,0.26095,0,0,0,0,0,0,0,0,1,999,999,999,0,0,0,0,0,0,0,0,0,0,0,0,0,0,0,0,0,0,0,0,0,0.081729,1,0.81956,0.011603,0,0,0,0,0,0,0,0
0,0,0,0,0,0,0,0,0.66112,1.6173,0.14432,1,0.92658,0.82743,0.2067,2,0,0,0.77344,0.5909,-0.65941,-0.2945,1.0619,0.1843,0.83652,0.99389,0.19317,6.5418e-07,9999,0,-1,541.99,4.1016,0.25065,0,0,0,0,0,0,0,0,1,0.5909,0.65941,-0.72337,0,0,0,0,0,10,0.15784,6.2947e-07,9999,-1,439.45,4.1992,0.24422,0.5909,0.65941,-0.57035,-0,0.0051502,0.66112,1,0.9061,-0.72337,1,0.2067,0.78197,0,0,0,0,0,0,0,1
0,0,0,0,0,0,0,0,0.99025,1.0356,-0.23588,-1,-0.086082,0.026306,-0.00018684,3,0,0,0.69097,999,999,999,0.71649,0.86047,0.20937,0.52897,0.17772,5.357e-07,9999,0,1,683.59,5.1758,0.21481,0,0,0,0,0,0,0,0,1,999,999,999,0,0,0,0,0,0,0,0,0,0,0,0,0,0,0,0,0,0.00043134,0.99025,-1,0.94698,0.26433,-1,-0.086082,-0.028518,0,0,0,0,0,0,0,0
0,0,0,0,0,0,0,0,1.3717,0.5609,-0.58442,1,-0.96003,0.029434,3.6574e-05,0,0,0,1.5692,999,999,999,1.1067,1.6321,0.53593,0.30445,0.22627,6.3788e-07,9999,1,-1,600.59,4.3457,0.24646,0,0,0,0,0,0,0,0,1,1.3717,0.86406,-0.74074,0,0,0,0,0,10,0.22627,6.3788e-07,9999,-1,600.59,4.3457,0.24646,1.3717,0.86406,-0.74074,-0,0.0035272,1.3717,1,0.86406,-0.38359,1,3.6574e-05,0.00030935,0,0,0,0,0,0,0,0
0,0,0,0,0,0,0,0,0.36241,0.86055,-0.24366,-1,4.9896e-05,-3.972e-05,8.9865e-06,0,0,0,0.62631,999,999,999,0.591,0.5471,0.38552,0.39278,0.10291,3.7296e-07,9999,1,-1,966.8,6.6406,0.12747,0,0,0,0,0,0,0,0,1,999,999,999,0,0,0,0,0,0,0,0,0,0,0,0,0,0,0,0,0,0,0,0,0,0.89189,1,4.9896e-05,0.43124,0,0,0,0,0,0,0,0
0,0,0,0,0,0,0,0,0.91476,1.0355,-0.8712,1,0.051559,-4.5392e-05,-2.2848e-06,2,0,0,1.0151,999,999,999,1.2262,0.56939,0.27974,0.044273,0.094245,1.2094e-06,9999,0,-1,0,15.625,0.090472,0,0,0,0,0,0,0,0,1,0.91476,0.93726,-0.24472,0,0,0,0,0,10,0.094245,1.2094e-06,9999,-1,0,15.625,0.090472,0.91476,0.93726,-0.24472,-0,0.0071148,0.91476,1,0.93726,-0.24472,1,0.051559,0.44811,0,0,0,0,0,0,0,1
0,0,0,0,0,0,0,0,1.5106,0,-0.47259,1,0.29473,0.03228,-0.00016703,0,0,0,1.9968,1.4582,0.63936,-0.34091,1.347,1.958,0.84404,0.59779,0.14462,4.0857e-07,9999,1,-1,859.38,3.7598,0.15323,0,0,0,0,0,0,0,0,1,1.5106,0.93663,-0.72154,0,0,0,0,0,10,0.14462,4.0857e-07,9999,-1,859.38,3.7598,0.15323,1.5106,0.93663,-0.72154,-8,0.0054019,1.5106,1,0.93663,0.18771,1,0.03228,0.20371,0,0,0,0,0,0,0,1
0,0,0,0,0,0,0,0,0.76157,0.27946,-0.91139,-1,-0.99881,2.6067e-05,-9.1909e-06,0,0,0,0.61251,999,999,999,0.41103,0.4885,0.3874,0.83639,0.14887,1.2216e-06,9999,1,-1,0,4.1016,0.074753,1,0,0.040045,0.50724,-0.05575,0.096519,0.76178,0.38105,1,999,999,999,0,0,0,0,0,10,0.15657,6.0404e-07,9999,1,625,4.4434,0.23709,0.76157,0.99822,-0.61027,0,0.018239,0.76157,-1,0.99822,-0.61027,-1,-0.99881,-0.15392,0,0,0,0,0,0,0,0
0,0,0,0,0,0,0,0,1.2501,1.5132,-0.85094,1,-0.3154,0.013933,5.4968e-05,0,1,0.49703,1.5977,999,999,999,0.83919,1.5458,0.62083,0.82168,0.088862,1.2116e-06,9999,1,1,0,19.336,0.084819,0,1,0,0,0,0,0,0,1,999,999,999,0,0,0,0,0,0,0,0,0,0,0,0,0,0,0,0,0,0.0074941,1.2501,1,0.96798,0.87892,-1,-0.3154,-0.71463,0,0,0,0,0,0,0,0
1.6814,0.1103,0.047203,-1,0,0,0,0,0.45173,0.40987,-0.089664,1,0.49077,-0.00048629,-0.00026861,2,0,0,1.7781,999,999,999,1.0625,0.60716,1.4866,0,0,0,0,0,0,0,0,0,0,0,0,0,0,0,0,0,0,0,0,0,0,0,0,0,0,0,0,0,0,0,0,0,0,0,0,0,0,0.0078794,1.6814,-1,0.99296,0,0,0,0,0,0,0,0,0,0,0,0
1.2045,0,-0.87189,1,0,0,0,0,0.506,0.047564,0.76256,-1,0.028798,-5.2102e-05,-4.3533e-05,0,0,0,1.2971,999,999,999,1.5879,0.60028,0.56459,0.90026,0.19402,9.1165e-07,9999,1,1,444.34,4.1016,0.29917,0,0,0,0,0,0,0,0,1,0.506,0.92372,-0.83806,0,0,0,0,0,10,0.19402,9.1165e-07,9999,1,444.34,4.1016,0.29917,0.506,0.92372,-0.83806,0,0.0022803,1.2045,1,0.97168,0.73042,-1,-5.2102e-05,-0.27157,0,0,0,0,0,0,0,1
0,0,0,0,0,0,0,0,1.058,0.23577,-0.5228,-1,-0.71231,-7.0008e-05,-1.4223e-05,2,0,0,0.88254,999,999,999,1.7506,0.6343,0.42595,0.82134,0.19002,9.0991e-07,9999,0,1,537.11,4.1992,0.29892,0,0,0,0,0,0,0,0,1,0.56917,0.33117,-0.51845,0,0,0,0,0,10,0.19002,9.0991e-07,9999,1,537.11,4.1992,0.29892,0.56917,0.33117,-0.51845,1,0.0029294,1.058,-1,0.87781,0.80059,-1,-0.71231,-0.11656,0,0,0,0,0,0,0,1
0,0,0,0,0.78266,1.1099,-0.13007,-1,0.75787,0.33924,0.97033,1,0.9998,0.28414,-0.002534,1,1,0.4989,0.95328,0.75787,0.63683,-0.73803,0.34499,1.2169,0.98124,0.46664,0.22564,0.00045372,9999,0,-1,483.4,0,0.35076,0,0,0,0,0,0,0,0,1,0.67306,0.98406,-0.35516,0,0,0,0,0,10,0.22564,0.00045372,9999,-1,483.4,0,0.35076,0.67306,0.98406,-0.35516,-0,0.023132,0.75787,1,0.63683,-0.35516,1,0.9998,0.00048302,0,0,0,0,0,0,0,0
0,0,0,0,0,0,0,0,0.31903,0.12438,0.42727,-1,0.00041645,-0.00024897,-2.407e-05,0,0,0,0.58597,999,999,999,0.52026,0.27467,0.47896,0,0,0,0,0,0,0,0,0,0,0,0,0,0,0,0,0,0,0,0,0,0,0,0,0,0,0,0,0,0,0,0,0,0,0,0,0,0,0.0024898,0.6769,1,0.79295,0,0,0,0,0,0,0,0,0,0,0,0
0,0,0,0,0,0,0,0,0.96841,1.5056,-0.76442,1,0.0006755,2.1642e-05,7.9292e-06,2,2,0.49665,1.112,999,999,999,1.0848,0.46841,0.37521,0.056192,0.079945,1.2093e-06,9999,1,-1,0,13.086,0.093848,0,0,0,0,0,0,0,0,1,0.96841,0.78803,-0.64135,0,0,0,0,0,10,0.079945,1.2093e-06,9999,-1,0,13.086,0.093848,0.96841,0.78803,-0.64135,-0,0.016294,0.96841,1,0.78803,0.32464,1,2.1642e-05,0.55171,0,0,0,0,0,0,0,0
0,0,0,0,0.94443,0.55968,0.22445,-1,0.77334,1.23,0.44915,-1,0.92068,-0.036209,-0.015378,4,0,0,1.3139,0.57081,-0.97743,-0.7333,0.32093,1.1451,1.44,0.24187,0.19121,4.0885e-07,9999,0,1,761.72,6.6406,0.15341,0,0,0,0,0,0,0,0,1,0.8454,0.76082,-0.042462,0,0,0,0,0,10,0.21106,0.92068,9999,1,0,12.695,0.32093,0.77334,0.97403,-0.52387,22,0.00788,0.94443,-1,0.64859,0.65433,-1,-0.036209,-5.6304e-06,0,0,0,0,0,0,0,1
0,0,0,0,0.97781,0.62054,0.51061,1,0.50302,0.62054,0.24728,-1,0.19815,-1.0184e-05,0,0,0,0,0.64944,999,999,999,1.5718,0.39609,0,0,0,0,0,0,0,0,0,0,0,0,0,0,0,0,0,0,0,0,0,0,0,0,0,0,0,0,0,0,0,0,0,0,0,0,0,0,0,0.0057037,0.97781,1,0.88425,0,0,0,0,0,0,0,0,0,0,0,0
1.2361,0.24623,-0.41434,-1,0,0,0,0,0.18035,0.96475,-0.89824,1,-0.097663,3.9319e-05,-9.6205e-07,1,0,0,1.072,999,999,999,0.93801,0.5472,0.30609,0.44051,0.18035,4.1706e-07,9999,1,1,781.25,5.1758,0.15861,0,0,0,0,0,0,0,0,1,999,999,999,0,0,0,0,0,10,0.19016,9.6205e-07,9999,-1,400.39,3.1738,0.30609,0.63321,0.47735,-0.53778,-0,0.0047457,1.2361,-1,0.94704,0.36772,-1,-0.097663,-0.01768,0,0,0,0,0,0,0,0
0,0,0,0,0,0,0,0,1.346,0.73276,-0.98487,-1,-0.96031,-0.10568,7.3491e-05,1,0,0,1.297,-1.346,-0.48313,-0.24334,1.2299,2.1794,0.51962,0.1212,0.064305,1.273e-06,9999,0,1,0,7.5195,0.13359,0,0,0,0,0,0,0,0,1,999,999,999,0,0,0,0,0,0,0,0,0,0,0,0,0,0,0,0,0,0.059556,1.346,-1,0.48313,0.54582,-1,-0.96031,-0.61797,0,0,0,0,0,0,0,0
0,0,0,0,0,0,0,0,1.0049,1.3684,-0.87604,1,0.94542,7.8233e-06,-2.1511e-06,1,1,0.50349,0.94581,999,999,999,1.4573,0.49003,0.23179,0.70539,0.11768,1.5507e-06,9999,0,-1,0,6.543,0.18346,1,0,1.0502,-2.6152,3.6837,0.035295,0.22507,0.45457,1,999,999,999,0,0,0,0,0,10,0.15624,2.1511e-06,9999,-1,0,4.8828,0.23179,1.0049,0.80811,-0.33881,-5,0.013336,1.0049,1,0.80811,0.983,1,0.94542,0.52012,0,0,0,0,0,0,0,1
1.4098,0,0.053543,1,0,0,0,0,1.1254,0.079378,-0.13113,-1,0.96344,-0.62382,0.10742,0,0,0,1.9937,1.4098,-0.94913,-0.20634,0.75427,1.4831,1.0689,0,0,0,0,0,0,0,0,0,0,0,0,0,0,0,0,0,0,0,0,0,0,0,0,0,0,0,0,0,0,0,0,0,0,0,0,0,0,7.5524e-05,1.4098,1,0.94913,0,0,0,0,0,0,0,0,0,0,0,1
1.0509,0.032952,-0.20616,-1,0.89237,0.17983,0.3586,1,0,0,0,0,0.019663,-0.01515,0,0,0,0,1.3684,999,999,999,0.97073,1.2422,0,0,0,0,0,0,0,0,0,0,0,0,0,0,0,0,0,0,0,0,0,0,0,0,0,0,0,0,0,0,0,0,0,0,0,0,0,0,0,0.0018345,1.0509,-1,0.86873,0,0,0,0,0,0,0,0,0,0,0,0
0,0,0,0,0,0,0,0,1.3952,1.1257,-0.97519,-1,0.0071067,0.0044705,0.0028358,2,1,0.49674,1.4568,0.86095,-0.72846,-0.86545,0.66031,0.88008,0.77919,0,0,0,0,0,0,0,0,0,0,0,0,0,0,0,0,0,0,0,0,0,0,0,0,0,0,0,0,0,0,0,0,0,0,0,0,0,0,0.06269,1.3952,-1,0.9658,0,0,0,0,0,0,0,0,0,0,0,1
0,0,0,0,0,0,0,0,0.31635,0.24699,0.99707,-1,-6.7643e-05,2.442e-05,-1.8155e-05,0,0,0,0.76268,999,999,999,0.66761,0.44364,0.44984,0,0,0,0,0,0,0,0,0,0,0,0,0,0,0,0,0,0,0,0,0,0,0,0,0,0,0,0,0,0,0,0,0,0,0,0,0,0,0.022972,0.54107,-1,0.50178,0,0,0,0,0,0,0,0,0,0,0,0
0,0,0,0,0,0,0,0,0.23005,1.0226,-0.97802,1,0.41013,-7.52e-07,7.3859e-07,1,0,0,0.32958,999,999,999,0.84741,0.2724,0.26972,0.99978,0.23005,7.3782e-07,9999,0,1,454.1,4.7363,0.26956,0,0,0,0,0,0,0,0,1,999,999,999,0,0,0,0,0,0,0,0,0,0,0,0,0,0,0,0,0,0,0,0,0,0.90779,1,0.41013,0.0013588,0,0,0,0,0,0,0,1
0,0,0,0,0,0,0,0,1.4259,0.30918,-0.85274,-1,-0.5066,9.5381e-05,4.8314e-06,0,0,0,1.3105,999,999,999,1.0707,0.71118,0.33623,0.82954,0.11442,3.5289e-07,9999,1,1,395.51,13.281,0.11012,0,0,0,0,0,0,0,0,1,999,999,999,0,0,0,0,0,0,0,0,0,0,0,0,0,0,0,0,0,0.0019798,1.4259,-1,0.85273,0.45732,-1,-0.5066,-0.65286,0,0,0,0,0,0,0,0
0,0,0,0,0,0,0,0,0.42661,0.17205,0.16745,1,-0.28905,9.4347e-06,0,1,0,0,0.58182,999,999,999,1.2908,0.3896,0,0,0,0,0,0,0,0,0,0,0,0,0,0,0,0,0,0,0,0,0,0,0,0,0,0,0,0,0,0,0,0,0,0,0,0,0,0,0,0,0,0,0,0,0,0,0,0,0,0,0,0,0,0,1
1.1063,0.39252,0.36209,1,0,0,0,0,0.41075,1.5788,-0.99582,1,0.0039949,0.00055347,-5.8295e-07,0,0,0,1.183,999,999,999,1.2915,0.55459,0.23075,0,0,0,0,0,0,0,0,0,0,0,0,0,0,0,0,0,0,0,0,0,0,0,0,0,0,0,0,0,0,0,0,0,0,0,0,0,0,0.0016356,1.1063,1,0.85638,0,0,0,0,0,0,0,0,0,0,0,1
0,0,0,0,2.2155,0.24987,-0.98829,1,0.52399,0.42461,0.829,1,0.41347,-0.0030272,2.2643e-05,1,0,0,1.6462,0.52399,-0.90488,-0.90417,3.3709,0.52977,0.47354,0.3202,0.18536,7.2364e-07,9999,1,-1,585.94,4.9805,0.26663,0,0,0,0,0,0,0,0,1,999,999,999,0,0,0,0,0,0,0,0,0,0,0,0,0,0,0,0,0,0.0034497,2.2155,1,0.99919,0.094191,1,2.2643e-05,0.0077256,0,0,0,0,0,0,0,1
0,0,0,0,1.8956,0.037549,-0.89724,1,0.8273,0.063889,0.1181,-1,-0.038035,8.2268e-05,0,0,0,0,1.5789,999,999,999,1.0542,2.8852,0,0,0,0,0,0,0,0,0,0,0,0,0,0,0,0,0,0,0,0,0,0,0,0,0,0,0,0,0,0,0,0,0,0,0,0,0,0,0,0.0037858,1.8956,1,0.96291,0,0,0,0,0,0,0,0,0,0,0,1
0.47563,0.13417,0.15182,-1,0,0,0,0,0.51552,0.3467,-0.78547,1,0.0014802,-3.3989e-05,-1.6841e-05,0,0,0,0.67685,999,999,999,0.74398,0.58804,0.44227,0,0,0,0,0,0,0,0,0,0,0,0,0,0,0,0,0,0,0,0,0,0,0,0,0,0,0,0,0,0,0,0,0,0,0,0,0,0,0.0073803,0.51552,1,0.93599,0,0,0,0,0.47563,0.13417,0.15182,-1,1,0.020131,0.65282,1
0.94178,0.70289,-0.32401,-1,0,0,0,0,0.41046,0.79641,0.23365,1,0.0001817,-0.00012961,0,0,0,0,0.76603,999,999,999,0.60997,0.71547,0,0,0,0,0,0,0,0,0,0,0,0,0,0,0,0,0,0,0,0,0,0,0,0,0,0,0,0,0,0,0,0,0,0,0,0,0,0,0,0.0022538,0.94178,-1,0.77518,0,0,0,0,0.94178,0.70289,-0.32401,-1,1,0.0022538,0.77518,1
0.30348,1.0817,-0.25278,1,0,0,0,0,0.42594,0.98728,-0.43438,1,0.0078687,6.7505e-05,7.6342e-06,1,0,0,0.60847,999,999,999,0.77937,0.64625,0.48723,0.95083,0.1086,1.5496e-06,9999,1,-1,0,4.8828,0.18332,0,0,0,0,0,0,0,0,1,999,999,999,0,0,0,0,0,0,0,0,0,0,0,0,0,0,0,0,0,0,0,0,0,0.86946,1,0.0078687,0.82594,0.30348,1.0817,-0.25278,1,1,0.20166,0.9821,1
0,0,0,0,0,0,0,0,0.81583,0,-0.79793,-1,-0.9814,0.0051772,-1.5185e-05,0,0,0,0.8926,999,999,999,0.7191,0.81765,0.43217,0,0,0,0,0,0,0,0,0,0,0,0,0,0,0,0,0,0,0,0,0,0,0,0,0,0,0,0,0,0,0,0,0,0,0,0,0,0,0.020241,0.81583,-1,0.79792,0,0,0,0,0,0,0,0,0,0,0,0
2.0663,0,-0.72929,1,0,0,0,0,0.75788,0.58863,0.80837,1,0.94543,0.0089851,0.00079959,0,0,0,2.0743,2.0663,-0.99121,-0.8437,1.1292,1.8138,1.175,0.95955,0.097809,4.2003e-07,9999,1,-1,295.41,6.3477,0.16044,0,0,0,0,0,0,0,0,1,2.0663,0.99121,-0.96731,0,0,0,0,0,10,0.097809,4.2003e-07,9999,-1,295.41,6.3477,0.16044,2.0663,0.99121,-0.96731,-2,0.0032727,2.0663,1,0.99121,0.69873,1,0.94543,0.84228,0,0,0,0,0,0,0,1
0.51703,0.59999,-0.6839,-1,0,0,0,0,0.70855,0.16672,0.63187,1,-0.96252,0.016882,-0.00022388,0,0,0,1.0458,-0.51703,-0.98267,-0.2851,0.86914,0.88785,0.58446,0.84389,0.091184,1.4206e-06,9999,1,1,0,6.9336,0.16553,0,0,0,0,0,0,0,0,1,0.51703,0.98267,-0.74711,0,0,0,0,0,10,0.091184,1.4206e-06,9999,1,0,6.9336,0.16553,0.51703,0.98267,-0.74711,2,0.018912,0.70855,1,0.71979,0.76106,-1,-0.96252,-0.72218,0.51703,0.59999,-0.6839,-1,1,0.054479,0.98267,0
0,0,0,0,0,0,0,0,1.5452,0.3071,-0.87824,1,0.96451,0.00050849,-1.7881e-05,0,0,0,1.6002,0.75766,0.61728,-0.23851,1.3092,0.87648,0.44829,0,0,0,0,0,0,0,0,0,0,0,0,0,0,0,0,0,0,0,0,0,0,0,0,0,0,0,0,0,0,0,0,0,0,0,0,0,0,0.0033984,1.5452,1,0.90759,0,0,0,0,0,0,0,0,0,0,0,1
1.6969,0.3019,-0.87336,-1,0,0,0,0,0,0,0,0,-0.017069,0,0,0,0,0,1.2505,999,999,999,1.3059,0,0,0,0,0,0,0,0,0,0,0,0,0,0,0,0,0,0,0,0,0,0,0,0,0,0,0,0,0,0,0,0,0,0,0,0,0,0,0,0,0.043726,1.6969,-1,0.99995,0,0,0,0,0,0,0,0,0,0,0,0
0,0,0,0,0,0,0,0,1.4561,0.9837,-0.87851,1,0.9685,6.7123e-05,-2.6651e-05,0,0,0,1.557,0.5862,-0.91839,-0.96173,1.9402,0.66431,0.49272,0,0,0,0,0,0,0,0,0,0,0,0,0,0,0,0,0,0,0,0,0,0,0,0,0,0,0,0,0,0,0,0,0,0,0,0,0,0,0.0095517,1.4561,1,0.98751,0,0,0,0,0,0,0,0,0,0,0,1
0,0,0,0,0,0,0,0,0.39484,0,0.6027,-1,0.96225,-0.0056179,-3.4603e-06,1,0,0,0.43422,999,999,999,0.38898,0.62127,0.31095,0.13589,0.15431,6.1978e-07,9999,1,1,512.7,4.1504,0.24156,0,0,0,0,0,0,0,0,1,999,999,999,0,0,0,0,0,0,0,0,0,0,0,0,0,0,0,0,0,0,0,0,0,0.66144,-1,-3.4603e-06,-0.03757,0,0,0,0,0,0,0,1
0,0,0,0,0,0,0,0,0.65501,0.045069,0.50928,1,-0.0048731,0.0021091,4.2635e-05,1,2,0.49972,0.99405,999,999,999,0.98841,0.77022,0.56098,0,0,0,0,0,0,0,0,0,0,0,0,0,0,0,0,0,0,0,0,0,0,0,0,0,0,0,0,0,0,0,0,0,0,0,0,0,0,0.0024765,0.65501,1,0.93012,0,0,0,0,0,0,0,0,0,0,0,0
1.3041,0.13434,-0.74589,1,0,0,0,0,0,0,0,0,0.10233,0,0,0,0,0,0.71266,999,999,999,0.88156,0,0,0,0,0,0,0,0,0,0,0,0,0,0,0,0,0,0,0,0,0,0,0,0,0,0,0,0,0,0,0,0,0,0,0,0,0,0,0,0,0.0047466,1.3041,1,0.72712,0,0,0,0,0,0,0,0,0,0,0,0
0.76761,0.52039,-0.36406,1,0,0,0,0,0.50133,0.24211,0.58743,-1,0.08007,-3.8249e-05,0,0,0,0,0.831,999,999,999,1.1017,0.54184,0,0,0,0,0,0,0,0,0,0,0,0,0,0,0,0,0,0,0,0,0,0,0,0,0,0,0,0,0,0,0,0,0,0,0,0,0,0,0,0.0042751,0.76761,1,0.67961,0,0,0,0,0.76761,0.52039,-0.36406,1,1,0.0042751,0.67961,0
0,0,0,0,0,0,0,0,0.92333,0.53792,0.026286,1,0.99128,-0.034415,-1.1481e-05,0,0,0,0.91776,999,999,999,0.66574,1.1398,0.39757,0,0,0,0,0,0,0,0,0,0,0,0,0,0,0,0,0,0,0,0,0,0,0,0,0,0,0,0,0,0,0,0,0,0,0,0,0,0,0.0044638,0.92333,1,0.99165,0,0,0,0,0,0,0,0,0,0,0,1
0,0,0,0,1.4091,0.14192,0.81396,-1,1.5936,1.2805,-0.98598,1,-0.79418,-0.039818,0.0015371,0,0,0,2.037,-1.4091,-0.98983,-0.7725,0.63912,1.5586,2.3093,0,0,0,0,0,0,0,0,0,0,0,0,0,0,0,0,0,0,0,0,0,0,0,0,0,0,0,0,0,0,0,0,0,0,0,0,0,0,0.0027413,1.5936,1,0.91267,0,0,0,0,0,0,0,0,0,0,0,0
0.51786,1.407,-0.78631,1,0,0,0,0,0.87899,1.0349,-0.48953,-1,0.9696,-0.81535,-0.024887,1,0,0,1.4186,0.51786,0.95916,-0.79113,1.3033,0.17238,1.2437,0.94258,0.1606,4.2247e-07,9999,1,1,810.55,5.4688,0.16192,0,0,0,0,0,0,0,0,1,0.87899,0.95954,-0.92669,0,0,0,0,0,10,0.1606,4.2247e-07,9999,1,810.55,5.4688,0.16192,0.87899,0.95954,-0.92669,6,0.0087878,0.87899,-1,0.95954,0.026085,-1,-0.81535,-0.71889,0.51786,1.407,-0.78631,1,1,0.014303,0.95916,0
0,0,0,0,0,0,0,0,2.3768,0,-0.94274,1,0.19596,-0.00027402,0,0,0,0,2.0364,999,999,999,3.517,0.85268,0,0,0,0,0,0,0,0,0,0,0,0,0,0,0,0,0,0,0,0,0,0,0,0,0,0,0,0,0,0,0,0,0,0,0,0,0,0,0,0.015281,2.3768,1,0.97891,0,0,0,0,0,0,0,0,0,0,0,1
0,0,0,0,0,0,0,0,0.37252,0.98217,-0.83488,1,-1.2264e-06,6.2181e-07,5.3789e-07,1,0,0,0.32624,999,999,999,0.071543,0.24213,0.21561,0.16775,0.12328,1.2264e-06,9999,0,-1,0,33.594,0.071543,0,0,0,0,0,0,0,0,1,999,999,999,0,0,0,0,0,0,0,0,0,0,0,0,0,0,0,0,0,0,0,0,0,-0.044224,-1,-1.2264e-06,-0.0029211,0,0,0,0,0,0,0,0
0,0,0,0,0,0,0,0,1.6581,0.081671,-0.95625,1,0.96272,-0.0016027,-6.4412e-05,2,1,0.49711,1.6331,999,999,999,2.2233,0.79454,0.81566,0,0,0,0,0,0,0,0,0,0,0,0,0,0,0,0,0,0,0,0,0,0,0,0,0,0,0,0,0,0,0,0,0,0,0,0,0,0,0.015719,1.6581,1,0.95607,0,0,0,0,0,0,0,0,0,0,0,1
1.8625,0.57871,-0.80991,1,0,0,0,0,1.2138,0.14059,0.91094,1,0.9634,-0.00015902,0.00012515,0,0,0,2.2219,1.8625,-0.96304,-0.84723,1.7981,0.93977,1.752,0,0,0,0,0,0,0,0,0,0,0,0,0,0,0,0,0,0,0,0,0,0,0,0,0,0,0,0,0,0,0,0,0,0,0,0,0,0,0.0080433,1.8625,1,0.96304,0,0,0,0,0,0,0,0,0,0,0,1
0,0,0,0,0,0,0,0,1.4759,1.0561,-0.94338,-1,-0.0056958,0.00063906,-3.9613e-05,0,0,0,1.6137,999,999,999,1.6417,0.4633,0.46206,0,0,0,0,0,0,0,0,0,0,0,0,0,0,0,0,0,0,0,0,0,0,0,0,0,0,0,0,0,0,0,0,0,0,0,0,0,0,0.00077336,1.4759,-1,0.98938,0,0,0,0,0,0,0,0,0,0,0,0
0,0,0,0,0,0,0,0,0.30363,0.37268,0.19055,1,0.90806,-2.5654e-05,9.6532e-06,0,0,0,0.97114,999,999,999,0.90573,0.48808,0.39154,0.56695,0.16435,4.6148e-07,9999,1,-1,761.72,4.9805,0.18323,0,0,0,0,0,0,0,0,1,999,999,999,0,0,0,0,0,10,0.20199,4.4419e-07,9999,-1,791.02,6.1035,0.17429,0.73387,0.95296,-0.46025,-6,0.00010313,0.73387,1,0.95296,0.50883,1,0.90806,0.07468,0,0,0,0,0,0,0,0
0,0,0,0,0,0,0,0,0.47904,1.2932,-0.30847,1,0.47783,-0.00078396,-0.00039445,2,1,0.499,1.3372,0.61282,-0.6861,-0.85934,1.0952,0.57054,0.93515,0.71985,0.13164,4.4498e-07,9999,0,-1,722.66,5.5664,0.17471,1,0,0.57895,3.4163,-3.892,0.0019096,0.18049,0.11637,1,0.61282,0.6861,-0.22472,0,0,0,0,0,10,0.13164,4.4498e-07,9999,-1,722.66,5.5664,0.17471,0.61282,0.6861,-0.22472,-6,0.0091258,0.70722,1,0.96076,0.56916,1,0.47783,0.4321,0,0,0,0,0,0,0,1
0.59338,0.28688,0.85814,-1,0,0,0,0,0.76124,0.88238,-0.99198,1,0.97805,-0.00041596,0.00026983,0,0,0,1.0589,999,999,999,0.68184,0.65111,0.6958,0.30702,0.23534,3.9092e-07,9999,1,1,849.61,5.957,0.14115,0,0,0,0,0,0,0,0,1,0.59338,0.94775,-0.17029,0,0,0,0,0,10,0.23534,3.9092e-07,9999,1,849.61,5.957,0.14115,0.59338,0.94775,-0.17029,6,0.0076618,0.76124,1,0.95577,0.11125,-1,-4.7828e-06,-0.00017623,0.59338,0.28688,0.85814,-1,1,0.00037535,0.94775,1
0,0,0,0,0,0,0,0,1.1384,1.8237,-0.026152,1,0.3325,-0.0006262,-3.4188e-05,0,0,0,1.2352,999,999,999,0.93418,0.77168,0.5259,0,0,0,0,0,0,0,0,0,0,0,0,0,0,0,0,0,0,0,0,0,0,0,0,0,0,0,0,0,0,0,0,0,0,0,0,0,0,0.010027,1.1384,1,0.94016,0,0,0,0,0,0,0,0,0,0,0,1
0,0,0,0,0,0,0,0,0.69935,0.18636,0.71446,-1,-0.93907,-0.00058198,0.00012971,1,0,0,1.1797,999,999,999,0.79474,0.53024,0.81192,0.73318,0.1235,1.2275e-06,9999,1,-1,0,28.516,0.070928,0,0,0,0,0,0,0,0,1,999,999,999,0,0,0,0,0,10,0.19162,1.0101e-06,9999,1,454.1,2.9053,0.31217,0.69935,0.4714,-0.59398,0,0.0088727,0.94338,1,0.89212,-0.59398,-1,-0.93907,-0.0048067,0,0,0,0,0,0,0,0
0,0,0,0,0,0,0,0,0.56716,1.1123,-0.86874,-1,-0.93813,-0.00037799,5.4314e-05,1,0,0,1.1565,999,999,999,0.72704,0.64191,0.60971,0,0,0,0,0,0,0,0,0,0,0,0,0,0,0,0,0,0,0,0,0,0,0,0,0,0,0,0,0,0,0,0,0,0,0,0,0,0,0.025361,0.63511,-1,0.71706,0,0,0,0,0,0,0,0,0,0,0,0
0,0,0,0,0,0,0,0,1.6526,0,-0.78307,-1,-0.11436,0.099377,-0.03564,0,0,0,1.9449,999,999,999,1.0393,1.2938,1.7538,0,0,0,0,0,0,0,0,0,0,0,0,0,0,0,0,0,0,0,0,0,0,0,0,0,0,0,0,0,0,0,0,0,0,0,0,0,0,0.00058811,1.6526,-1,0.9807,0,0,0,0,0,0,0,0,0,0,0,0
0,0,0,0,0,0,0,0,1.1038,0.65896,0.6083,-1,0.094747,-0.0033909,-3.7734e-05,1,0,0,1.2415,999,999,999,1.2046,1.2653,0.54078,0.97453,0.12327,4.5437e-07,9999,1,1,664.06,5.2734,0.17964,0,0,0,0,0,0,0,0,1,1.1038,0.94919,-0.91254,0,0,0,0,0,10,0.12327,4.5437e-07,9999,1,664.06,5.2734,0.17964,1.1038,0.94919,-0.91254,4,0.01074,1.1038,-1,0.94919,0.25867,1,0.094747,0.51277,0,0,0,0,0,0,0,0
0,0,0,0,0,0,0,0,1.0821,0.20752,-0.36066,1,0.94394,-0.00011208,0,1,0,0,1.111,999,999,999,1.3735,0.53859,0,0,0,0,0,0,0,0,0,0,0,0,0,0,0,0,0,0,0,0,0,0,0,0,0,0,0,0,0,0,0,0,0,0,0,0,0,0,0,0.0058447,1.0821,1,0.90925,0,0,0,0,0,0,0,0,0,0,0,1
0,0,0,0,0,0,0,0,1.1884,0.10095,-0.96594,1,0.19702,0.00017649,-7.0093e-07,1,0,0,0.93946,999,999,999,0.94069,0.17956,0.26171,0.5949,0.18715,7.0093e-07,9999,1,-1,561.52,5.1758,0.26171,0,0,0,0,0,0,0,0,1,1.1884,0.9834,-0.71712,0,0,0,0,0,10,0.18715,7.0093e-07,9999,-1,561.52,5.1758,0.26171,1.1884,0.9834,-0.71712,-6,0.0176,1.1884,1,0.9834,0.049587,1,0.00017649,0.019422,0,0,0,0,0,0,0,1
0,0,0,0,0,0,0,0,1.4075,0.26884,-0.20889,-1,0.43533,0.16686,-0.10536,2,0,0,1.8863,0.84548,0.38302,-0.18341,1.3502,1.2923,1.5331,0,0,0,0,0,0,0,0,0,0,0,0,0,0,0,0,0,0,0,0,0,0,0,0,0,0,0,0,0,0,0,0,0,0,0,0,0,0,0.01269,1.4075,-1,0.9063,0,0,0,0,0,0,0,0,0,0,0,1
0,0,0,0,0,0,0,0,0.89916,0.63398,-0.69536,1,-0.92976,0.05448,-0.00018911,0,0,0,1.0612,999,999,999,0.54766,1.0931,0.4749,0.82173,0.2405,3.1128e-06,9999,1,-1,546.88,3.9551,0.303,0,0,0,0,0,0,0,0,1,0.89916,0.98385,-0.87146,0,0,0,0,0,10,0.2405,3.1128e-06,9999,-1,546.88,3.9551,0.303,0.89916,0.98385,-0.87146,-5,0.0025419,0.89916,1,0.98385,-0.27211,-1,-0.92976,-0.00013563,0,0,0,0,0,0,0,0
0,0,0,0,0,0,0,0,0.17753,0.18093,-0.46834,1,0.021468,7.1832e-06,-3.1228e-06,2,0,0,0.58841,999,999,999,0.90998,0.484,0.30324,0.83375,0.17753,5.7409e-07,9999,0,1,693.36,3.7598,0.22795,0,0,0,0,0,0,0,0,1,999,999,999,0,0,0,0,0,0,0,0,0,0,0,0,0,0,0,0,0,0,0,0,0,0.82141,-1,-3.1228e-06,-0.02987,0,0,0,0,0,0,0,0
0,0,0,0,0,0,0,0,0.82818,1.1124,-0.50292,1,0.0021307,0.0005479,-0.00036624,0,0,0,1.0658,0.82818,-0.91749,-0.96852,0.82307,0.6865,0.50409,0,0,0,0,0,0,0,0,0,0,0,0,0,0,0,0,0,0,0,0,0,0,0,0,0,0,0,0,0,0,0,0,0,0,0,0,0,0,0.0013784,0.82818,1,0.91749,0,0,0,0,0,0,0,0,0,0,0,0
0,0,0,0,0,0,0,0,0.58237,1.8015,-0.63059,1,0.14535,-3.9849e-06,2.3862e-06,0,0,0,0.63645,999,999,999,0.87637,0.32159,0.28302,0.27521,0.24012,2.3862e-06,9999,1,1,473.63,3.2227,0.28302,0,0,0,0,0,0,0,0,1,999,999,999,0,0,0,0,0,0,0,0,0,0,0,0,0,0,0,0,0,0.045766,0.58237,1,0.69658,0.53677,-1,-1.5408e-06,-0.00012941,0,0,0,0,0,0,0,1
1.4926,0,-0.029482,-1,0,0,0,0,0.7964,0.85426,-0.51597,-1,-0.91551,0.0047325,-0.001122,1,0,0,1.4572,-1.4926,0.79951,-0.18824,1.1114,0.57946,2.157,0.036754,0.084199,3.7845e-07,9999,1,1,1035.2,6.3477,0.13182,0,0,0,0,0,0,0,0,1,1.4926,0.79951,-0.56781,0,0,0,0,0,10,0.084199,3.7845e-07,9999,1,1035.2,6.3477,0.13182,1.4926,0.79951,-0.56781,2,0.0032083,1.4926,-1,0.79951,0.90976,-1,-0.91551,-0.52536,0,0,0,0,0,0,0,0
0,0,0,0,0,0,0,0,0.22496,1.1543,-0.93469,-1,-0.00044406,4.3241e-06,-1.3135e-06,2,0,0,0.48631,999,999,999,0.63969,0.32778,0.3424,0.94087,0.094299,3.4817e-07,9999,0,1,390.62,20.898,0.10566,0,0,0,0,0,0,0,0,1,999,999,999,0,0,0,0,0,0,0,0,0,0,0,0,0,0,0,0,0,0,0,0,0,0.79543,-1,-0.00044406,-0.74672,0,0,0,0,0,0,0,1
0,0,0,0,0,0,0,0,1.2315,0.44205,-0.62261,1,0.047422,0.030759,0.00017179,1,1,0.4922,1.0875,0.94529,-0.71451,-0.083613,1.9578,1.5595,0.79979,0.74462,0.20735,8.2146e-07,9999,1,-1,541.99,3.7109,0.2851,0,0,0,0,0,0,0,0,1,0.94529,0.71451,-0.80543,0,0,0,0,0,10,0.20735,8.2146e-07,9999,-1,541.99,3.7109,0.2851,0.94529,0.71451,-0.80543,-5,0.021647,1.2315,1,0.73084,0.53537,1,0.030759,0.013803,0,0,0,0,0,0,0,1
0,0,0,0,0,0,0,0,0.78529,1.942,0.15954,-1,-0.00037637,3.6889e-07,0,0,0,0,0.79218,999,999,999,0.85914,0.12414,0,0.68611,0.1753,3.6889e-07,9999,1,1,1103.5,8.8867,0.12414,0,0,0,0,0,0,0,0,1,0.78529,0.82859,-0.28026,0,0,0,0,0,10,0.1753,3.6889e-07,9999,1,1103.5,8.8867,0.12414,0.78529,0.82859,-0.28026,0,0.030906,0.78529,-1,0.82859,-0.28026,-1,-0.00037637,-0.074996,0,0,0,0,0,0,0,1
0,0,0,0,0,0,0,0,1.2265,0.41152,-0.80242,1,-0.25041,0.00028818,-2.3377e-05,0,0,0,1.0742,999,999,999,0.59476,0.9033,0.47717,0.62483,0.14013,5.278e-07,9999,1,-1,644.53,4.6875,0.21187,0,0,0,0,0,0,0,0,1,1.2265,0.862,-0.42706,0,0,0,0,0,10,0.14013,5.278e-07,9999,-1,644.53,4.6875,0.21187,1.2265,0.862,-0.42706,-6,0.017896,1.2265,1,0.862,-0.40191,1,1.0265e-05,0.25886,0,0,0,0,0,0,0,0
0,0,0,0,0,0,0,0,0.69277,0.8721,0.94607,-1,0.65523,-0.069041,-1.6772e-05,1,0,0,0.96033,999,999,999,0.73115,1.0633,0.44186,0.69336,0.22455,3.6746e-07,9999,0,1,140.38,13.672,0.12295,0,0,0,0,0,0,0,0,1,0.69277,0.74879,-0.46802,0,0,0,0,0,10,0.22455,3.6746e-07,9999,1,140.38,13.672,0.12295,0.69277,0.74879,-0.46802,6,0.035146,0.85678,1,0.96067,-0.46802,-1,-0.069041,-0.0017992,0,0,0,0,0,0,0,1
0,0,0,0,0,0,0,0,0.44744,2.1274,0.79923,-1,0.011584,-0.0013694,6.8452e-07,0,0,0,0.50365,999,999,999,0.71369,0.6387,0.25798,0.96093,0.16344,6.8452e-07,9999,1,1,595.7,4.2969,0.25798,0,0,0,0,0,0,0,0,1,999,999,999,0,0,0,0,0,0,0,0,0,0,0,0,0,0,0,0,0,0,0,0,0,0.87801,-1,-0.0013694,-0.77257,0,0,0,0,0,0,0,1
0,0,0,0,0,0,0,0,0.44274,0.23237,0.84019,-1,-0.98332,0.0050109,2.0917e-06,1,0,0,0.64495,999,999,999,0.73635,0.50746,0.16916,0.33035,0.094235,2.0917e-06,9999,0,1,2812.5,5.6152,0.16916,0,0,0,0,0,0,0,0,1,999,999,999,0,0,0,0,0,0,0,0,0,0,0,0,0,0,0,0,0,0.017659,0.58714,1,0.90609,0.33545,-1,-0.98332,-0.4718,0,0,0,0,0,0,0,0
0,0,0,0,0,0,0,0,0.40439,0.74412,0.58206,-1,-0.98568,0.00058323,-0.00019732,3,0,0,0.80002,999,999,999,0.68354,0.52911,0.71428,0.75515,0.07782,1.2598e-06,9999,1,1,0,29.297,0.056846,0,0,0,0,0,0,0,0,1,999,999,999,0,0,0,0,0,0,0,0,0,0,0,0,0,0,0,0,0,0,0,0,0,0.16214,-1,-0.98568,-0.72123,0,0,0,0,0,0,0,0
0,0,0,0,0,0,0,0,0.63167,1.2322,-0.97444,1,-1.9329e-05,2.1615e-06,-1.214e-06,1,0,0,0.52953,999,999,999,0.45633,0.39106,0.081511,0.48215,0.13601,1.214e-06,9999,0,-1,0,19.727,0.081511,0,0,0,0,0,0,0,0,1,999,999,999,0,0,0,0,0,10,0.13539,3.6704e-07,9999,1,1152.3,8.7891,0.1226,0.55875,0.38889,-0.42238,0,0.0081943,0.63167,1,0.93688,0.75252,1,2.1615e-06,0.2133,0,0,0,0,0,0,0,1
0.70297,0.53819,-0.41181,-1,0,0,0,0,1.0274,0.21938,-0.26791,1,-0.86664,-0.072298,0.004148,0,0,0,1.3148,999,999,999,1.331,1.0605,1.2264,0,0,0,0,0,0,0,0,0,0,0,0,0,0,0,0,0,0,0,0,0,0,0,0,0,0,0,0,0,0,0,0,0,0,0,0,0,0,0.0023475,1.0274,1,0.65911,0,0,0,0,0.70297,0.53819,-0.41181,-1,1,0.013183,0.89379,0
0,0,0,0,1.0824,1.1449,-0.42472,1,1.3967,1.0864,-0.31311,-1,-0.073403,-0.00018258,-9.171e-05,4,2,0.49879,1.3158,999,999,999,2.0751,0.19991,0.65402,0.71112,0.14564,3.7078e-07,9999,0,1,917.97,4.4922,0.1257,1,0,-2.0699,-0.71251,-2.0645,0.16436,0.0096306,0.0026099,1,1.3967,0.98523,-0.81397,0,0,0,0,0,10,0.14564,3.7078e-07,9999,1,917.97,4.4922,0.1257,1.3967,0.98523,-0.81397,5,0.039862,1.3967,-1,0.98523,0.99516,-1,-0.00018258,-0.30382,0,0,0,0,0,0,0,0
0,0,0,0,0,0,0,0,0.50361,0.33968,0.18444,-1,0.0002103,-8.3721e-05,-9.9739e-07,0,1,0.50206,0.54497,999,999,999,0.24264,0.68309,0.31061,0,0,0,0,0,0,0,0,0,0,0,0,0,0,0,0,0,0,0,0,0,0,0,0,0,0,0,0,0,0,0,0,0,0,0,0,0,0,0.07006,0.50186,-1,0.6697,0,0,0,0,0,0,0,0,0,0,0,1
0,0,0,0,0,0,0,0,0.6106,0.94551,-0.85884,1,0.0007555,0.00019194,-7.2561e-05,0,0,0,1.0512,999,999,999,0.85001,0.96467,0.69281,0,0,0,0,0,0,0,0,0,0,0,0,0,0,0,0,0,0,0,0,0,0,0,0,0,0,0,0,0,0,0,0,0,0,0,0,0,0,0.0081387,0.71194,1,0.71764,0,0,0,0,0,0,0,0,0,0,0,0
0,0,0,0,0,0,0,0,0.40587,1.4785,-0.9824,-1,-0.99967,1.4534e-05,9.6556e-06,1,0,0,0.69183,999,999,999,0.33992,0.42664,0.39156,0.82075,0.14136,5.1141e-07,9999,1,1,830.08,3.7109,0.2055,0,0,0,0,0,0,0,0,1,999,999,999,0,0,0,0,0,10,0.17811,6.7926e-07,9999,-1,585.94,4.6387,0.25675,0.59656,0.36388,-0.74135,-6,0.021555,0.59656,1,0.36388,-0.94865,-1,-0.99967,-0.50764,0,0,0,0,0,0,0,0
0,0,0,0,1.907,0.21013,-0.87817,1,0.84841,1.1228,0.41628,-1,0.25526,0.24418,-0.067394,0,0,0,0.99522,1.907,-0.98559,-0.9395,1.1518,1.1722,1.2899,0.48574,0.15708,4.2136e-07,9999,1,-1,742.19,5.4688,0.16125,0,0,0,0,0,0,0,0,1,0.7067,0.86939,-0.014191,0,0,0,0,0,10,0.15708,4.2136e-07,9999,-1,742.19,5.4688,0.16125,0.7067,0.86939,-0.014191,-0,0.028838,1.907,1,0.98559,0.33331,1,0.24418,0.087652,0,0,0,0,0,0,0,1
0,0,0,0,0,0,0,0,0.81513,1.1152,-0.88232,1,0.00014926,6.3732e-05,-9.7834e-06,2,1,0.49463,0.97986,0.53668,0.78216,-0.95982,0.84515,0.62579,0.50496,0.99855,0.10412,4.526e-07,9999,0,-1,295.41,5.4688,0.17873,0,0,0,0,0,0,0,0,1,0.81513,0.9254,-0.91662,0,0,0,0,0,10,0.085951,1.3167e-06,9999,-1,0,6.3477,0.14546,0.81513,0.9254,-0.69704,-4,0.0016295,0.81513,1,0.9254,0.76987,1,6.3732e-05,0.90344,0,0,0,0,0,0,0,0
0.78279,0.97875,0.87897,-1,0,0,0,0,1.0102,1.3542,-0.94841,-1,-0.058513,-0.00017852,-0.00013686,1,0,0,1.3786,-1.0102,-0.97883,-0.6844,1.0362,0.77069,0.7619,0.88994,0.23986,5.8428e-07,9999,1,1,566.41,5.4688,0.23116,0,0,0,0,0,0,0,0,1,0.78279,0.81824,-0.59305,0,0,0,0,0,10,0.23986,5.8428e-07,9999,1,566.41,5.4688,0.23116,0.78279,0.81824,-0.59305,4,0.007313,1.0102,-1,0.97883,0.90749,-1,-0.00013686,-0.010667,0.78279,0.97875,0.87897,-1,1,0.063957,0.81824,1
0,0,0,0,0,0,0,0,0.72257,0,0.1297,1,-0.97557,-0.25932,0.011271,1,0,0,0.8955,999,999,999,0.27441,0.55433,0.9842,0.71324,0.23215,3.955e-06,9999,1,-1,522.46,2.6123,0.32102,0,0,0,0,0,0,0,0,1,0.72257,0.71139,-0.45268,0,0,0,0,0,10,0.23215,3.955e-06,9999,-1,522.46,2.6123,0.32102,0.72257,0.71139,-0.45268,-6,0.0043742,0.72257,1,0.71139,0.3924,1,0.011271,0.0011106,0,0,0,0,0,0,0,0
0,0,0,0,0,0,0,0,0.83455,0.75652,-0.057165,1,0.99771,-0.915,0.00011024,0,0,0,1.2282,999,999,999,0.52553,1.3124,0.72103,0.65435,0.17067,7.6202e-07,9999,0,1,502.93,3.9062,0.27435,0,0,0,0,0,0,0,0,1,999,999,999,0,0,0,0,0,10,0.16854,7.5117e-07,9999,-1,463.87,4.4434,0.27224,0.83455,0.88987,-0.4758,-5,0.013316,0.89007,-1,0.88084,0.90283,-1,-0.915,-0.079295,0,0,0,0,0,0,0,1
0,0,0,0,2.2144,0.31447,-0.969,-1,0.87059,0.75074,0.94307,-1,-0.96491,-0.023923,0.00030852,1,0,0,1.1912,-2.2144,-0.98482,-0.89151,1.4138,1.401,0.73994,0,0,0,0,0,0,0,0,0,0,0,0,0,0,0,0,0,0,0,0,0,0,0,0,0,0,0,0,0,0,0,0,0,0,0,0,0,0,0.015116,2.2144,-1,0.98482,0,0,0,0,0,0,0,0,0,0,0,0
0,0,0,0,1.3028,0.23978,-0.83841,1,0.31271,0.55008,-0.7658,-1,0.027604,-1.5571e-05,0,0,0,0,1.1217,999,999,999,1.9145,0.43459,0,0,0,0,0,0,0,0,0,0,0,0,0,0,0,0,0,0,0,0,0,0,0,0,0,0,0,0,0,0,0,0,0,0,0,0,0,0,0,0.0028196,1.3028,1,0.95853,0,0,0,0,0,0,0,0,0,0,0,1
1.9394,0,-0.30224,1,0,0,0,0,1.2592,0.78071,0.14036,1,0.89995,-0.00021866,-0.00017781,1,0,0,2.2765,1.9394,-0.98798,-0.8642,1.4498,0.79902,0.18533,0.91508,0.16391,0.00017781,9999,0,-1,664.06,0,0.18533,0,0,0,0,0,0,0,0,1,1.9394,0.98798,-0.84265,0,0,0,0,0,10,0.16391,0.00017781,9999,-1,664.06,0,0.18533,1.9394,0.98798,-0.84265,-2,0.013893,1.9394,1,0.98798,0.76216,1,0.89995,0.60334,0,0,0,0,0,0,0,1
0,0,0,0,0,0,0,0,1.229,0.38149,-0.94921,-1,-0.84396,6.6899e-05,-1.116e-05,1,1,0.49475,0.79227,999,999,999,0.79361,0.66735,0.40402,0,0,0,0,0,0,0,0,0,0,0,0,0,0,0,0,0,0,0,0,0,0,0,0,0,0,0,0,0,0,0,0,0,0,0,0,0,0,0.020489,1.229,-1,0.86026,0,0,0,0,0,0,0,0,0,0,0,0
0,0,0,0,0,0,0,0,0.95412,0.31529,0.62632,1,0.20339,-0.16019,0.00017826,3,0,0,1.37,999,999,999,1.0657,1.133,0.18703,0,0,0,0,0,0,0,0,0,0,0,0,0,0,0,0,0,0,0,0,0,0,0,0,0,0,0,0,0,0,0,0,0,0,0,0,0,0,0.018442,0.95587,-1,0.95161,0,0,0,0,0,0,0,0,0,0,0,0
0,0,0,0,0,0,0,0,0.6221,0.17321,0.43459,-1,0.94308,-0.3826,-0.0047789,0,0,0,1.1616,999,999,999,0.79004,0.91935,0.48668,0,0,0,0,0,0,0,0,0,0,0,0,0,0,0,0,0,0,0,0,0,0,0,0,0,0,0,0,0,0,0,0,0,0,0,0,0,0,0.0045699,0.95334,1,0.93914,0,0,0,0,0,0,0,0,0,0,0,1
0,0,0,0,0,0,0,0,0.8232,0.98168,-0.50103,-1,-0.16106,-2.6735e-05,5.9398e-06,0,0,0,1.0008,999,999,999,1.0597,0.49311,0.35219,0.61154,0.13248,3.8323e-07,9999,1,-1,654.3,7.8125,0.13548,0,0,0,0,0,0,0,0,1,999,999,999,0,0,0,0,0,0,0,0,0,0,0,0,0,0,0,0,0,0.0011932,0.8232,-1,0.96866,0.84519,1,5.9398e-06,0.31139,0,0,0,0,0,0,0,1
0,0,0,0,0,0,0,0,0.59451,0,0.79608,1,-0.97864,-0.0006407,-0.0005411,2,0,0,0.76066,999,999,999,0.48869,0.39256,0.30608,0,0,0,0,0,0,0,0,0,0,0,0,0,0,0,0,0,0,0,0,0,0,0,0,0,0,0,0,0,0,0,0,0,0,0,0,0,0,0.0049608,0.6069,-1,0.99063,0,0,0,0,0,0,0,0,0,0,0,0
0,0,0,0,0,0,0,0,0.73527,0,-0.9997,-1,-0.46896,-4.2322e-05,-1.2155e-06,1,0,0,0.53466,-0.73527,-0.90974,-0.12808,1.4105,0.55835,0.10551,0.093313,0.057948,1.2155e-06,9999,1,-1,0,3.9062,0.10551,0,0,0,0,0,0,0,0,1,999,999,999,0,0,0,0,0,0,0,0,0,0,0,0,0,0,0,0,0,0.019761,0.73527,-1,0.90974,0,0,0,0,0,0,0,0,0,0,0,0
0,0,0,0,0,0,0,0,0.45899,0.64216,-0.95194,-1,0.99499,-0.98609,0.00031507,1,0,0,0.88539,999,999,999,0.60414,0.47094,0.48396,0,0,0,0,0,0,0,0,0,0,0,0,0,0,0,0,0,0,0,0,0,0,0,0,0,0,0,0,0,0,0,0,0,0,0,0,0,0,0.001063,0.53673,1,0.78927,0,0,0,0,0,0,0,0,0,0,0,0
1.53,0.14336,-0.75152,1,0,0,0,0,0.31123,0.54738,0.13781,-1,0.067187,-7.845e-06,-2.4842e-06,2,0,0,1.2183,999,999,999,1.1898,0.37434,0.28605,0.4447,0.12562,3.4891e-07,9999,1,1,878.91,4.834,0.10637,1,0,0.57931,0.56619,-2.8355,0.48272,0.070396,0.037048,1,999,999,999,0,0,0,0,0,0,0,0,0,0,0,0,0,0,0,0,0,0.0037882,1.53,1,0.9503,0.97211,-1,-1.7253e-06,-0.27884,0,0,0,0,0,0,0,1
0,0,0,0,0,0,0,0,1.323,0.51619,-0.94845,-1,-0.75857,1.8697e-06,-1.2799e-06,2,0,0,0.92463,999,999,999,2.1178,0.26452,0.050547,0.50679,0.11132,4.7235e-07,9999,1,-1,644.53,4.4434,0.18849,0,0,0,0,0,0,0,0,1,999,999,999,0,0,0,0,0,10,0.1191,1.2566e-06,9999,1,0,7.6172,0.12802,1.323,0.93709,-0.31283,0,0.0047254,1.323,-1,0.93709,-0.31283,-1,-0.75857,-0.30892,0,0,0,0,0,0,0,0
0,0,0,0,0,0,0,0,1.0132,1.3992,-0.65061,1,0.95863,0.95065,0.00014103,1,0,0,1.1058,0.70339,0.69385,-0.67564,0.70011,0.51673,0.87313,0.75772,0.13123,3.3782e-07,9999,0,-1,2773.4,10.254,0.095311,0,0,0,0,0,0,0,0,1,0.70339,0.69385,-0.11301,0,0,0,0,0,10,0.13123,3.3782e-07,9999,-1,2773.4,10.254,0.095311,0.70339,0.69385,-0.11301,-0,0.013894,1.0132,1,0.99873,0.7567,1,0.95863,0.48272,0,0,0,0,0,0,0,1
0.54003,0.46743,-0.11894,1,0,0,0,0,0.74851,0.5466,-0.71888,-1,0.52279,-0.076419,0.00035946,2,0,0,0.80143,999,999,999,0.52714,1.1274,0.75476,0.70829,0.13086,0.00018157,9999,0,-1,551.76,0,0.1135,0,0,0,0,0,0,0,0,1,999,999,999,0,0,0,0,0,0,0,0,0,0,0,0,0,0,0,0,0,0.0056801,0.74851,-1,0.73564,0.9566,1,0.52279,0.42425,0.54003,0.46743,-0.11894,1,1,0.091434,0.77489,1
0.61064,0.67649,0.15664,1,0,0,0,0,0.5292,0.96576,-0.65045,-1,-0.99978,0.9994,-0.98006,0,0,0,0.99286,-0.53842,-0.57603,-0.12233,0.3817,0.35916,0.64359,0.9422,0.20985,8.8272e-07,9999,1,1,561.52,3.7109,0.29491,0,0,0,0,0,0,0,0,1,0.53842,0.57603,-0.73407,0,0,0,0,0,10,0.20985,8.8272e-07,9999,1,561.52,3.7109,0.29491,0.53842,0.57603,-0.73407,0,0.0066443,0.61064,1,0.99882,0.33792,-1,-0.99978,-0.28753,0.61064,0.67649,0.15664,1,1,0.0066443,0.99882,0
0,0,0,0,0,0,0,0,0.58614,0.68755,0.51591,-1,0.99997,-0.91021,0.87303,3,0,0,0.67838,999,999,999,0.14817,0.71661,0.23458,0,0,0,0,0,0,0,0,0,0,0,0,0,0,0,0,0,0,0,0,0,0,0,0,0,0,0,0,0,0,0,0,0,0,0,0,0,0,0.020567,0.58614,-1,0.9833,0,0,0,0,0,0,0,0,0,0,0,0
1.549,0.092821,-0.86289,-1,0,0,0,0,0.38148,0.88811,-0.50174,1,-4.5108e-05,6.2942e-07,0,0,0,0,1.4096,999,999,999,2.1343,0.2442,0,0,0,0,0,0,0,0,0,0,0,0,0,0,0,0,0,0,0,0,0,0,0,0,0,0,0,0,0,0,0,0,0,0,0,0,0,0,0,0.0092196,1.549,-1,0.99138,0,0,0,0,0,0,0,0,0,0,0,0
0,0,0,0,0.67532,0.42128,0.77361,1,0.48562,1.1048,-0.97643,-1,0.99965,0.0019788,-0.000462,0,0,0,0.85666,0.67532,0.91181,-0.73232,0.40634,0.91778,0.62579,0.64983,0.2386,4.3394e-07,9999,1,-1,683.59,5.7129,0.16862,0,0,0,0,0,0,0,0,1,999,999,999,0,0,0,0,0,0,0,0,0,0,0,0,0,0,0,0,0,0.0092804,0.67532,1,0.91181,-0.24725,1,0.99965,0.00036578,0,0,0,0,0,0,0,0
0,0,0,0,0,0,0,0,0.37998,1.0991,-0.33763,-1,1.1899e-05,-3.9032e-06,1.5007e-06,4,0,0,0.51175,999,999,999,0.29415,0.32002,0.35636,0.83154,0.21992,1.5007e-06,9999,0,1,483.4,3.4668,0.35636,0,0,0,0,0,0,0,0,1,999,999,999,0,0,0,0,0,0,0,0,0,0,0,0,0,0,0,0,0,0,0,0,0,0.077518,-1,-3.9032e-06,-0.017062,0,0,0,0,0,0,0,0
0,0,0,0,0,0,0,0,0.75861,0.53849,-0.85111,1,9.1462e-05,-4.0069e-06,-2.6213e-06,1,0,0,0.85535,999,999,999,0.83869,0.32201,0.29009,0.58079,0.12774,1.2274e-06,9999,0,1,0,3.5645,0.070951,1,0,-0.86973,2.8607,-2.5872,0.09625,0.66726,0.067454,1,999,999,999,0,0,0,0,0,10,0.23835,2.6213e-06,9999,-1,468.75,3.5645,0.29009,0.75861,0.83058,-0.95312,-4,0.012627,0.75861,1,0.83058,0.96121,-1,-4.0069e-06,-0.32752,0,0,0,0,0,0,0,0
0,0,0,0,0,0,0,0,0.56441,0.36891,-0.54516,-1,-0.37893,0.0016606,0.00013723,2,0,0,0.94739,-0.56441,-0.97702,-0.85706,1.282,0.65209,0.73532,0.90591,0.18,8.6917e-07,9999,1,1,498.05,3.4668,0.29284,0,0,0,0,0,0,0,0,1,0.56441,0.97702,-0.97362,0,0,0,0,0,10,0.18,8.6917e-07,9999,1,498.05,3.4668,0.29284,0.56441,0.97702,-0.97362,2,0.0008162,0.56441,-1,0.97702,0.92201,-1,-0.37893,-0.43835,0,0,0,0,0,0,0,0
0,0,0,0,0,0,0,0,1.3252,0,0.87625,1,0.97255,0.93098,-0.034019,0,0,0,1.912,1.3252,-0.99082,-0.92157,1.331,1.2147,1.8069,0,0,0,0,0,0,0,0,0,0,0,0,0,0,0,0,0,0,0,0,0,0,0,0,0,0,0,0,0,0,0,0,0,0,0,0,0,0,0.0072022,1.4023,-1,0.98343,0,0,0,0,0,0,0,0,0,0,0,1
0,0,0,0,0,0,0,0,0.26636,1.7795,-0.84539,-1,0.68573,0.30084,-2.8046e-05,1,0,0,0.74181,999,999,999,0.73047,1.1515,0.4991,0.89189,0.078047,1.2814e-06,9999,0,-1,0,3.6133,0.050129,0,0,0,0,0,0,0,0,1,0.73032,0.93167,-0.9663,0,0,0,0,0,10,0.078047,1.2814e-06,9999,-1,0,3.6133,0.050129,0.73032,0.93167,-0.9663,-6,0.012319,0.73032,1,0.93167,-0.9663,1,0.30084,0.76982,0,0,0,0,0,0,0,1
0,0,0,0,0,0,0,0,0.45502,0.68862,-0.89334,-1,0.0011156,-8.5946e-06,3.8707e-07,0,0,0,0.65259,999,999,999,0.84228,0.38182,0.13835,0.74261,0.19988,3.8707e-07,9999,1,1,810.55,10.938,0.13835,0,0,0,0,0,0,0,0,1,999,999,999,0,0,0,0,0,0,0,0,0,0,0,0,0,0,0,0,0,0.0093942,0.58373,1,0.73484,0.59159,-1,-8.5946e-06,-0.024203,0,0,0,0,0,0,0,1
0,0,0,0,0,0,0,0,0.59722,0.77437,-0.93704,1,-0.052959,-7.3862e-05,5.6965e-05,1,0,0,1.253,-0.67244,-0.90041,-0.51622,1.0861,0.69093,0.60035,0.63484,0.06581,1.2483e-06,9999,1,1,0,8.3008,0.12481,0,0,0,0,0,0,0,0,1,0.89111,0.8374,-0.20209,0,0,0,0,0,10,0.06581,1.2483e-06,9999,1,0,8.3008,0.12481,0.89111,0.8374,-0.20209,5,0.016141,0.89111,-1,0.8374,-0.20209,-1,-0.052959,-0.74917,0,0,0,0,0,0,0,0
0,0,0,0,0,0,0,0,1.4941,0,-0.48375,-1,-0.50096,-0.27152,8.3429e-05,1,0,0,0.82555,-1.4941,-0.93429,-0.70767,1.4005,0.91893,0.75318,0,0,0,0,0,0,0,0,0,0,0,0,0,0,0,0,0,0,0,0,0,0,0,0,0,0,0,0,0,0,0,0,0,0,0,0,0,0,0.00092645,1.4941,-1,0.93429,0,0,0,0,0,0,0,0,0,0,0,0
0,0,0,0,0,0,0,0,0.1868,1.5835,-0.86345,-1,0.9977,0.00057005,-1.9879e-05,0,0,0,0.79669,999,999,999,0.52047,0.31456,0.45929,0.37249,0.091049,3.4103e-07,9999,1,1,197.75,12.5,0.098614,0,0,0,0,0,0,0,0,1,999,999,999,0,0,0,0,0,0,0,0,0,0,0,0,0,0,0,0,0,0,0,0,0,0.57304,1,0.9977,0.013138,0,0,0,0,0,0,0,1
0,0,0,0,0,0,0,0,0.15863,0,0.53933,-1,-0.9731,-0.0060775,0.00031459,0,0,0,0.80167,999,999,999,0.63052,0.24692,0.79336,0.70124,0.15863,0.0060775,9999,1,-1,10000,26.562,0.24692,0,0,0,0,0,0,0,0,1,0.6569,0.91915,-0.49935,0,0,0,0,0,10,0.15863,0.0060775,9999,-1,10000,26.562,0.24692,0.6569,0.91915,-0.49935,-0,0.0031813,0.6569,1,0.91915,-0.49935,1,0.00031459,0.18136,0,0,0,0,0,0,0,0
0,0,0,0,0,0,0,0,0.73893,0.30809,-0.23954,-1,-0.44546,0.00048444,6.0158e-05,1,0,0,0.82013,999,999,999,1.1992,0.27397,0.63443,0.71724,0.18469,5.6143e-07,9999,1,-1,654.3,4.6387,0.22381,0,0,0,0,0,0,0,0,1,999,999,999,0,0,0,0,0,0,0,0,0,0,0,0,0,0,0,0,0,0.0092239,0.73893,-1,0.81187,0.71369,1,6.0158e-05,0.054293,0,0,0,0,0,0,0,1
0,0,0,0,0,0,0,0,0.24601,0.40357,0.85382,-1,-6.6816e-05,4.3404e-05,3.1068e-05,0,0,0,0.91494,999,999,999,0.66287,0.56266,0.5125,0.85093,0.17824,4.858e-07,9999,1,-1,683.59,4.7363,0.19467,0,0,0,0,0,0,0,0,1,999,999,999,0,0,0,0,0,0,0,0,0,0,0,0,0,0,0,0,0,0.0056187,0.82024,1,0.74424,0.85088,-1,-6.6816e-05,-0.00014074,0,0,0,0,0,0,0,1
0,0,0,0,0,0,0,0,0.73924,1.1404,-0.71619,1,0.070881,0.0052607,0.0050659,1,0,0,1.0772,999,999,999,1.1355,0.89422,0.45152,0.074193,0.14815,0.0001899,9999,0,1,610.35,0,0.2151,0,0,0,0,0,0,0,0,1,999,999,999,0,0,0,0,0,10,0.22397,4.284e-07,9999,-1,732.42,5.127,0.16543,0.73924,0.85597,-0.90911,-4,0.042549,0.73924,1,0.85597,0.55666,-1,-4.4789e-05,-0.045316,0,0,0,0,0,0,0,0
0.57418,0.9316,-0.10999,1,0,0,0,0,0.65904,0.97297,-0.57593,-1,0.99977,-0.9212,-0.75768,4,0,0,0.91127,999,999,999,0.34897,0.55044,0.79857,0.8561,0.2219,0.99977,9999,1,1,1269.5,12.402,0.34897,0,0,0,0,0,0,0,0,1,0.65904,0.76429,-0.71059,0,0,0,0,0,10,0.2219,0.99977,9999,1,1269.5,12.402,0.34897,0.65904,0.76429,-0.71059,22,0.016852,0.65904,-1,0.76429,-0.71059,-1,-0.9212,-4.7855e-06,0.57418,0.9316,-0.10999,1,1,0.020753,0.73869,0
0,0,0,0,0,0,0,0,0.60445,0.19388,-0.64256,1,0.97525,1.6872e-05,-2.1392e-06,0,0,0,0.68928,999,999,999,0.87459,0.54108,0.27476,0.83592,0.16194,4.729e-07,9999,1,-1,673.83,5.4199,0.18875,0,0,0,0,0,0,0,0,1,999,999,999,0,0,0,0,0,0,0,0,0,0,0,0,0,0,0,0,0,0.05571,0.60445,1,0.91171,0.69606,1,0.97525,0.38054,0,0,0,0,0,0,0,0
0,0,0,0,0,0,0,0,1.3756,0.60631,0.083948,-1,-0.0015296,-0.00032271,-0.00012266,0,0,0,1.2443,-0.75798,0.65186,-0.24093,0.96127,0.9793,0.60506,0.93934,0.098625,3.2098e-07,9999,1,1,2207,17.773,0.076503,0,0,0,0,0,0,0,0,1,0.75798,0.65186,-0.85652,0,0,0,0,0,10,0.098625,3.2098e-07,9999,1,2207,17.773,0.076503,0.75798,0.65186,-0.85652,0,0.053221,1.3756,-1,0.89262,0.69764,-1,-0.0015296,-0.8118,0,0,0,0,0,0,0,1
0,0,0,0,0,0,0,0,0.45977,0.53903,-0.88291,1,-1.7342e-05,1.4583e-05,7.2078e-06,0,0,0,0.67753,999,999,999,0.4452,0.42832,0.3675,0,0,0,0,0,0,0,0,0,0,0,0,0,0,0,0,0,0,0,0,0,0,0,0,0,0,0,0,0,0,0,0,0,0,0,0,0,0,0.0059089,0.54218,1,0.98445,0,0,0,0,0,0,0,0,0,0,0,1
0,0,0,0,0,0,0,0,1.6161,0.59941,-0.46286,-1,-0.011676,6.243e-05,-4.4459e-06,1,0,0,1.6597,999,999,999,1.6018,0.58348,0.44957,0.2657,0.1068,3.3555e-07,9999,0,1,2656.2,15.039,0.092927,0,0,0,0,0,0,0,0,1,999,999,999,0,0,0,0,0,0,0,0,0,0,0,0,0,0,0,0,0,0.0011045,1.6161,-1,0.97743,0.1588,-1,-0.011676,-0.37658,0,0,0,0,0,0,0,0
0,0,0,0,0,0,0,0,0.23061,0,0.35165,-1,0.00011092,-1.1622e-05,-1.2978e-06,0,0,0,0.61845,999,999,999,0.8165,0.40759,0.3411,0.20317,0.1694,6.2294e-07,9999,1,1,625,4.0039,0.24244,0,0,0,0,0,0,0,0,1,999,999,999,0,0,0,0,0,0,0,0,0,0,0,0,0,0,0,0,0,0.023569,0.52804,1,0.65146,0.61089,-1,-1.2978e-06,-0.016314,0,0,0,0,0,0,0,1
0,0,0,0,0,0,0,0,0.79761,0.70453,0.20094,1,-0.95154,0.48158,0.017401,0,0,0,1.4819,-0.70047,0.91582,-0.43757,1.0422,0.6756,1.1081,0,0,0,0,0,0,0,0,0,0,0,0,0,0,0,0,0,0,0,0,0,0,0,0,0,0,0,0,0,0,0,0,0,0,0,0,0,0,0.0089241,0.83254,1,0.98342,0,0,0,0,0,0,0,0,0,0,0,0
0,0,0,0,0,0,0,0,1.0732,0.45448,-0.99339,1,0.0001198,8.2743e-06,-1.9441e-06,2,1,0.49504,0.53886,999,999,999,0.69229,0.37869,0.21874,0,0,0,0,0,0,0,0,0,0,0,0,0,0,0,0,0,0,0,0,0,0,0,0,0,0,0,0,0,0,0,0,0,0,0,0,0,0,0,0,0,0,0,0,0,0,0,0,0,0,0,0,0,0
0,0,0,0,0,0,0,0,1.508,0.65725,0.82498,-1,-0.93951,0.048226,-3.4741e-05,0,0,0,1.8131,999,999,999,1.5101,1.3678,0.52824,0,0,0,0,0,0,0,0,0,0,0,0,0,0,0,0,0,0,0,0,0,0,0,0,0,0,0,0,0,0,0,0,0,0,0,0,0,0,0.0042869,1.508,-1,0.99908,0,0,0,0,0,0,0,0,0,0,0,0
0,0,0,0,0,0,0,0,1.8602,0.7658,-0.98092,1,0.39036,-4.9201e-05,3.7792e-05,0,0,0,1.7891,0.59922,-0.80489,-0.7323,2.6751,0.58441,0.54102,0.83264,0.16921,5.376e-07,9999,1,-1,561.52,4.6875,0.2155,0,0,0,0,0,0,0,0,1,0.59922,0.80489,-0.90847,0,0,0,0,0,10,0.16921,5.376e-07,9999,-1,561.52,4.6875,0.2155,0.59922,0.80489,-0.90847,-6,0.0014138,1.8602,1,0.97667,0.70255,1,0.39036,0.30779,0,0,0,0,0,0,0,1
0,0,0,0,0,0,0,0,1.2784,1.0399,-0.10563,1,-0.97522,-0.13779,0.030462,3,0,0,1.605,999,999,999,0.79374,1.0962,1.7178,0.70649,0.071009,1.3095e-06,9999,0,1,0,7.1289,0.14371,0,0,0,0,0,0,0,0,1,0.87862,0.8727,-0.39542,0,0,0,0,0,10,0.071009,1.3095e-06,9999,1,0,7.1289,0.14371,0.87862,0.8727,-0.39542,0,0.0038225,1.2784,1,0.99838,-0.48119,-1,-0.97522,-0.73595,0,0,0,0,0,0,0,1
0,0,0,0,0,0,0,0,0.60161,0.88685,0.20943,-1,-0.97684,-7.6385e-05,6.7052e-06,1,0,0,0.84576,999,999,999,0.48939,0.69535,0.36174,0.36523,0.062027,1.2239e-06,9999,0,1,0,26.172,0.073142,0,0,0,0,0,0,0,0,1,999,999,999,0,0,0,0,0,10,0.24011,4.3633e-06,9999,1,537.11,4.6387,0.32846,0.60161,0.99644,-0.56434,9,0.010557,0.60161,-1,0.99644,0.39035,-1,-0.97684,-0.65424,0,0,0,0,0,0,0,1
0,0,0,0,0,0,0,0,1.1535,0.28198,0.56161,-1,-0.91568,1.2639e-05,7.3281e-07,1,0,0,0.97902,999,999,999,1.7657,0.41509,0.26854,0,0,0,0,0,0,0,0,0,0,0,0,0,0,0,0,0,0,0,0,0,0,0,0,0,0,0,0,0,0,0,0,0,0,0,0,0,0,0.02716,1.1535,-1,0.98004,0,0,0,0,0,0,0,0,0,0,0,1
0.86609,0,-0.7723,1,0,0,0,0,0.8752,0,-0.77659,-1,0.10602,-0.00041432,0,0,0,0,1.1045,999,999,999,0.99034,0.69006,0,0,0,0,0,0,0,0,0,0,0,0,0,0,0,0,0,0,0,0,0,0,0,0,0,0,0,0,0,0,0,0,0,0,0,0,0,0,0,0.0042286,0.86609,1,0.77229,0,0,0,0,0.86609,0,-0.7723,1,1,0.0042286,0.77229,1
0,0,0,0,0,0,0,0,0.3247,2.1465,-0.97004,-1,-5.8433e-07,-5.1901e-07,0,0,0,0,0.28466,999,999,999,0.23117,0.2085,0,0,0,0,0,0,0,0,0,0,0,0,0,0,0,0,0,0,0,0,0,0,0,0,0,0,0,0,0,0,0,0,0,0,0,0,0,0,0,0,0,0,0,0,0,0,0,0,0,0,0,0,0,0,1
0,0,0,0,0,0,0,0,0.54199,0.76192,-0.70501,-1,-0.99905,-0.00065594,-0.00018081,2,1,0.49988,1.1072,-0.54199,-0.53615,-0.051025,0.36418,0.41942,0.1952,0.86789,0.067201,1.2103e-06,9999,0,1,0,14.062,0.09805,0,1,0,0,0,0,0,0,1,0.54199,0.53615,-0.51235,0,0,0,0,0,10,0.068321,1.2464e-06,9999,-1,0,2.1973,0.061825,0.81934,0.97555,-0.082149,-6,0.0052228,0.81934,1,0.97555,-0.062696,-1,-0.99905,-0.76297,0,0,0,0,0,0,0,0
0,0,0,0,0,0,0,0,0.86383,1.1277,-0.96334,-1,-0.002984,-1.115e-05,1.391e-06,0,1,0.49467,0.89888,999,999,999,1.118,0.40394,0.16054,0.83684,0.084138,1.391e-06,9999,1,1,0,6.8359,0.16054,0,0,0,0,0,0,0,0,1,0.86383,0.81631,-0.59395,0,0,0,0,0,10,0.084138,1.391e-06,9999,1,0,6.8359,0.16054,0.86383,0.81631,-0.59395,2,0.0022098,0.86383,-1,0.81631,-0.016012,-1,-1.115e-05,-0.73002,0,0,0,0,0,0,0,0
0.55666,0.10192,0.89332,1,0,0,0,0,0.68095,0.65302,-0.67638,-1,-0.96064,-0.0022323,0.00045016,1,0,0,0.86602,999,999,999,0.93647,0.49971,0.6817,0,0,0,0,0,0,0,0,0,0,0,0,0,0,0,0,0,0,0,0,0,0,0,0,0,0,0,0,0,0,0,0,0,0,0,0,0,0,0.00524,0.68095,-1,0.6781,0,0,0,0,0.55666,0.10192,0.89332,1,1,0.01289,0.982,0
0,0,0,0,0,0,0,0,0.57726,1.1363,-0.58968,-1,0.99997,-0.99954,-0.99892,3,0,0,0.87406,999,999,999,0.27076,0.42016,0.49853,0.88949,0.15666,4.5445e-07,9999,1,1,673.83,6.0547,0.17968,0,0,0,0,0,0,0,0,1,0.57726,0.67291,-0.92733,0,0,0,0,0,10,0.15666,4.5445e-07,9999,1,673.83,6.0547,0.17968,0.57726,0.67291,-0.92733,0,0.021974,0.54256,-1,0.90008,0.31233,-1,-0.99892,-0.56578,0,0,0,0,0,0,0,0
0,0,0,0,0,0,0,0,2.089,0.47125,-0.88931,-1,-0.11195,0.10274,-1.0187e-05,0,0,0,2.2741,999,999,999,1.8765,1.6923,0.39612,0,0,0,0,0,0,0,0,0,0,0,0,0,0,0,0,0,0,0,0,0,0,0,0,0,0,0,0,0,0,0,0,0,0,0,0,0,0,0.0027417,2.089,-1,0.99088,0,0,0,0,0,0,0,0,0,0,0,0
0,0,0,0,0,0,0,0,0.78832,0.64012,-0.28265,-1,-0.97907,-6.7672e-05,5.1678e-05,1,0,0,1.1194,-0.54941,0.98069,-0.92396,0.84448,0.66343,0.59124,0.30505,0.15228,1.222e-06,9999,0,-1,0,3.8086,0.074472,1,0,0.012049,-0.29239,-0.37891,0.0055061,0.46832,0.2994,1,0.5174,0.9682,-0.20496,0,0,0,0,0,10,0.15228,1.222e-06,9999,-1,0,3.8086,0.074472,0.5174,0.9682,-0.20496,-21,0.017288,0.78832,-1,0.98086,0.63287,-1,-0.97907,-0.01935,0,0,0,0,0,0,0,0
0,0,0,0,0.75806,0.81039,0.58828,-1,1.0658,0.4471,-0.4872,-1,-0.98197,-0.37531,0.0039711,1,0,0,0.92671,-0.75806,0.83844,-0.9186,0.67721,1.1726,0.20045,0,0,0,0,0,0,0,0,0,0,0,0,0,0,0,0,0,0,0,0,0,0,0,0,0,0,0,0,0,0,0,0,0,0,0,0,0,0,0.025515,1.0658,-1,0.87908,0,0,0,0,0,0,0,0,0,0,0,0
0,0,0,0,0,0,0,0,1.5701,0.80304,-0.98511,-1,-0.20426,0.00014233,-5.0633e-07,0,0,0,1.1412,999,999,999,2.493,0.86324,0.20627,0,0,0,0,0,0,0,0,0,0,0,0,0,0,0,0,0,0,0,0,0,0,0,0,0,0,0,0,0,0,0,0,0,0,0,0,0,0,0.0083494,1.5701,-1,0.96502,0,0,0,0,0,0,0,0,0,0,0,0
0,0,0,0,0.77215,0.39136,-0.75106,-1,0.50013,0.32763,-0.60691,1,0.66717,-7.321e-05,6.0838e-05,1,0,0,0.84107,999,999,999,0.88075,0.67747,0.63459,0.44168,0.22342,5.4414e-07,9999,0,-1,551.76,4.4922,0.21785,0,0,0,0,0,0,0,0,1,999,999,999,0,0,0,0,0,0,0,0,0,0,0,0,0,0,0,0,0,0.0040518,0.77215,-1,0.73105,-0.32987,1,6.0838e-05,0.00053927,0,0,0,0,0,0,0,0
0,0,0,0,0,0,0,0,0.17944,0,0.1364,1,1.2093e-06,6.3451e-07,0,1,0,0,0.24684,999,999,999,0.092231,0.24557,0,0.98471,0.17944,1.2093e-06,9999,0,1,0,17.773,0.092231,0,0,0,0,0,0,0,0,1,999,999,999,0,0,0,0,0,0,0,0,0,0,0,0,0,0,0,0,0,0,0,0,0,0,0,0,0,0,0,0,0,0,0,0,0
0,0,0,0,0,0,0,0,2.3714,0.088666,-0.38544,1,0.95774,0.20664,-0.014084,0,0,0,2.5731,2.3714,0.99697,-0.51064,1.0004,3.2795,1.0848,0,0,0,0,0,0,0,0,0,0,0,0,0,0,0,0,0,0,0,0,0,0,0,0,0,0,0,0,0,0,0,0,0,0,0,0,0,0,0.00081769,2.3714,1,0.99697,0,0,0,0,0,0,0,0,0,0,0,1
0,0,0,0,0,0,0,0,1.0076,1.1319,-0.93041,-1,-0.016204,-4.2721e-05,3.6771e-07,0,1,0.49874,1.0743,999,999,999,1.0304,0.56099,0.12316,0.59774,0.14199,3.6771e-07,9999,1,1,1386.7,8.0078,0.12316,0,0,0,0,0,0,0,0,1,1.0076,0.46901,-0.45047,0,0,0,0,0,10,0.14199,3.6771e-07,9999,1,1386.7,8.0078,0.12316,1.0076,0.46901,-0.45047,5,0.00063358,1.0076,-1,0.46901,0.51099,-1,-4.2721e-05,-0.22361,0,0,0,0,0,0,0,1
0,0,0,0,0,0,0,0,1.1237,0.9296,-0.74967,1,0.053673,0.00023539,-6.2949e-06,0,0,0,1.056,0.60128,-0.97134,-0.93228,1.6747,0.44228,0.35675,0,0,0,0,0,0,0,0,0,0,0,0,0,0,0,0,0,0,0,0,0,0,0,0,0,0,0,0,0,0,0,0,0,0,0,0,0,0,0.0013407,1.1237,1,0.98062,0,0,0,0,0,0,0,0,0,0,0,0
0,0,0,0,0.4671,1.5574,0.40167,-1,0.56326,1.5259,-0.69632,-1,-0.98428,-0.83444,-0.0015149,1,0,0,1.0782,999,999,999,0.69892,0.59904,0.75343,0.90514,0.11635,4.5431e-07,9999,1,1,654.3,4.834,0.17961,0,0,0,0,0,0,0,0,1,0.56326,0.75947,-0.93171,0,0,0,0,0,10,0.11635,4.5431e-07,9999,1,654.3,4.834,0.17961,0.56326,0.75947,-0.93171,6,0.0061327,0.56326,-1,0.75947,0.094319,-1,-0.83444,-0.74406,0,0,0,0,0,0,0,0
0,0,0,0,0,0,0,0,0.9787,0.19238,-0.29284,1,-0.9996,0.4573,-0.0064719,0,1,0.49992,1.0157,999,999,999,0.41245,1.5703,0.62135,0,0,0,0,0,0,0,0,0,0,0,0,0,0,0,0,0,0,0,0,0,0,0,0,0,0,0,0,0,0,0,0,0,0,0,0,0,0,0.0051611,0.9787,1,0.98661,0,0,0,0,0,0,0,0,0,0,0,0
0.28709,0.49649,-0.028688,-1,0,0,0,0,0.26182,0.49649,0.48328,1,-0.00064766,2.1924e-05,3.872e-06,4,2,0.49552,0.42818,999,999,999,0.4114,0.46993,0.31942,0,0,0,0,0,0,0,0,0,0,0,0,0,0,0,0,0,0,0,0,0,0,0,0,0,0,0,0,0,0,0,0,0,0,0,0,0,0,0,0,0,0,0,0,0,0,0.28709,0.49649,-0.028688,-1,1,0.062012,0.63717,1
1.2625,0.40043,-0.43258,-1,0,0,0,0,0.7029,0.66586,0.040945,1,-0.00079806,5.6228e-05,7.8336e-07,1,1,0.50036,1.4176,999,999,999,1.4938,0.6172,0.27837,0,0,0,0,0,0,0,0,0,0,0,0,0,0,0,0,0,0,0,0,0,0,0,0,0,0,0,0,0,0,0,0,0,0,0,0,0,0,0.014079,1.2625,-1,0.99403,0,0,0,0,0,0,0,0,0,0,0,0
0,0,0,0,0,0,0,0,1.1764,0,-0.95769,-1,0.017329,-0.0084342,0.00011518,1,0,0,1.319,999,999,999,0.63898,1.3062,0.67139,0.94138,0.043619,1.2094e-06,9999,1,1,0,14.844,0.090729,0,0,0,0,0,0,0,0,1,999,999,999,0,0,0,0,0,0,0,0,0,0,0,0,0,0,0,0,0,0.0015587,1.1764,-1,0.97078,0.94705,-1,-0.0084342,-0.81673,0,0,0,0,0,0,0,0
0,0,0,0,0,0,0,0,1.1778,0,-0.57248,-1,0.26121,-0.00075752,-1.1465e-05,0,0,0,1.1909,999,999,999,0.52401,1.0741,0.40639,0.23657,0.20938,1.3981e-06,9999,1,1,605.47,4.0039,0.24199,0,0,0,0,0,0,0,0,1,1.1778,0.80254,-0.44895,0,0,0,0,0,10,0.20938,1.3981e-06,9999,1,605.47,4.0039,0.24199,1.1778,0.80254,-0.44895,0,0.0041736,1.1778,-1,0.80254,0.42046,-1,-1.1465e-05,-0.00081562,0,0,0,0,0,0,0,0
0,0,0,0,0,0,0,0,0.42119,1.6484,-0.98171,1,0.99659,-0.9644,1.1339e-05,0,0,0,0.9086,999,999,999,0.56361,0.85042,0.40542,0.8068,0.20512,4.9353e-07,9999,1,-1,634.77,5.8594,0.19806,0,0,0,0,0,0,0,0,1,999,999,999,0,0,0,0,0,0,0,0,0,0,0,0,0,0,0,0,0,0.0090758,0.65694,-1,0.65245,0.78181,1,0.99659,0.036644,0,0,0,0,0,0,0,1
0,0,0,0,0,0,0,0,0.57582,1.2556,0.11496,-1,0.9999,0.00080573,-0.00017578,1,0,0,0.85967,0.50092,0.68995,-0.82139,0.36139,0.7924,0.13596,0.85277,0.16767,0.00017578,9999,0,-1,1113.3,0,0.13596,0,0,0,0,0,0,0,0,1,0.50092,0.68995,-0.95818,0,0,0,0,0,10,0.16767,0.00017578,9999,-1,1113.3,0,0.13596,0.50092,0.68995,-0.95818,-6,0.016832,0.50092,1,0.68995,0.65628,1,0.9999,0.37277,0,0,0,0,0,0,0,1
0.91868,1.804,0.97627,-1,0,0,0,0,0.75749,1.9524,0.036985,-1,0.98412,-0.082268,-0.00015985,0,0,0,1.2356,999,999,999,0.67424,1.1183,0.9709,0,0,0,0,0,0,0,0,0,0,0,0,0,0,0,0,0,0,0,0,0,0,0,0,0,0,0,0,0,0,0,0,0,0,0,0,0,0,0.026744,0.91868,-1,0.81982,0,0,0,0,0.91868,1.804,0.97627,-1,1,0.026744,0.81982,1
0,0,0,0,0,0,0,0,1.0501,0.47326,-0.94089,1,0.18568,-0.00013395,3.2749e-06,0,0,0,0.83936,999,999,999,1.7053,0.70735,0.30681,0,0,0,0,0,0,0,0,0,0,0,0,0,0,0,0,0,0,0,0,0,0,0,0,0,0,0,0,0,0,0,0,0,0,0,0,0,0,0.029212,1.0501,1,0.81567,0,0,0,0,0,0,0,0,0,0,0,1
0,0,0,0,0,0,0,0,0.76423,0.23199,0.18118,-1,0.0014346,-0.0007872,-0.00064371,3,2,0.50032,0.98408,999,999,999,0.71595,0.82473,1.0071,0,0,0,0,0,0,0,0,0,0,0,0,0,0,0,0,0,0,0,0,0,0,0,0,0,0,0,0,0,0,0,0,0,0,0,0,0,0,0.015478,0.76423,-1,0.87752,0,0,0,0,0,0,0,0,0,0,0,0
0,0,0,0,0.88966,0.83418,0.077039,1,0.73856,0.78313,-0.040914,-1,0.032089,-6.2124e-05,5.1397e-07,0,0,0,1.0332,999,999,999,1.294,0.6439,0.20652,0.30623,0.22398,4.9285e-07,9999,1,-1,664.06,5.1758,0.19776,0,0,0,0,0,0,0,0,1,0.88966,0.8207,-0.31287,0,0,0,0,0,10,0.22398,4.9285e-07,9999,-1,664.06,5.1758,0.19776,0.88966,0.8207,-0.31287,-6,0.0053058,0.88966,1,0.8207,-0.31287,1,0.032089,0.00036235,0,0,0,0,0,0,0,0
0,0,0,0,0,0,0,0,0.92743,1.589,0.69061,-1,0.99782,-0.032467,-0.029097,0,0,0,1.5885,0.82571,-0.81241,-0.92893,0.52108,0.96405,1.3761,0,0,0,0,0,0,0,0,0,0,0,0,0,0,0,0,0,0,0,0,0,0,0,0,0,0,0,0,0,0,0,0,0,0,0,0,0,0,0.02075,0.92743,-1,0.69798,0,0,0,0,0,0,0,0,0,0,0,1
0,0,0,0,1.7626,0.31488,0.77403,1,0.70517,1.7435,-0.97557,-1,0.28546,-4.8962e-05,1.4325e-05,0,0,0,1.1626,0.65804,-0.98046,-0.99077,2.8218,0.58453,0.42664,0,0,0,0,0,0,0,0,0,0,0,0,0,0,0,0,0,0,0,0,0,0,0,0,0,0,0,0,0,0,0,0,0,0,0,0,0,0,0.006136,1.7626,1,0.99765,0,0,0,0,0,0,0,0,0,0,0,0
0,0,0,0,0,0,0,0,1.2047,0.41015,-0.73527,1,0.39692,0.0011446,-2.1297e-05,1,0,0,1.0611,1.2047,-0.57768,-0.77756,0.8688,0.99618,0.46672,0,0,0,0,0,0,0,0,0,0,0,0,0,0,0,0,0,0,0,0,0,0,0,0,0,0,0,0,0,0,0,0,0,0,0,0,0,0,0.011926,1.2047,1,0.57768,0,0,0,0,0,0,0,0,0,0,0,1
0,0,0,0,0,0,0,0,1.0859,1.0003,-0.71054,1,-0.99964,-0.71247,0.0016659,0,0,0,1.2096,999,999,999,0.36557,0.63987,0.845,0,0,0,0,0,0,0,0,0,0,0,0,0,0,0,0,0,0,0,0,0,0,0,0,0,0,0,0,0,0,0,0,0,0,0,0,0,0,0.010041,1.0859,1,0.72968,0,0,0,0,0,0,0,0,0,0,0,0
0,0,0,0,0.88742,0,-0.95374,1,0.18779,0,-0.66721,-1,0.076976,-4.4912e-06,-5.0702e-07,0,0,0,0.73284,999,999,999,1.3828,0.45032,0.20372,0.66722,0.18779,5.0702e-07,9999,1,-1,473.63,4.248,0.20372,0,0,0,0,0,0,0,0,1,999,999,999,0,0,0,0,0,0,0,0,0,0,0,0,0,0,0,0,0,0.013182,0.88742,1,0.95374,0.41251,1,0.076976,0.029298,0,0,0,0,0,0,0,1
0,0,0,0,0,0,0,0,1.497,0.47707,0.21433,-1,0.12206,-0.069141,-0.025937,0,0,0,1.731,999,999,999,1.0101,1.6784,1.5795,0.12813,0.15385,5.6189e-07,9999,1,1,595.7,4.7852,0.22396,0,0,0,0,0,0,0,0,1,1.497,0.90633,-0.1344,0,0,0,0,0,10,0.15385,5.6189e-07,9999,1,595.7,4.7852,0.22396,1.497,0.90633,-0.1344,5,0.015101,1.497,-1,0.90633,0.11116,-1,-0.069141,-0.037614,0,0,0,0,0,0,0,0
0,0,0,0,0,0,0,0,0.51912,0.76597,-0.71744,1,0.00019391,-1.6383e-05,7.7193e-06,3,0,0,0.66479,999,999,999,0.70663,0.43922,0.37303,0.45154,0.09485,1.319e-06,9999,1,-1,0,3.7598,0.040739,0,0,0,0,0,0,0,0,1,0.51912,0.58612,-0.1689,0,0,0,0,0,10,0.09485,1.319e-06,9999,-1,0,3.7598,0.040739,0.51912,0.58612,-0.1689,-21,0,0,0,0,-0.1689,1,0.00019391,0.50973,0,0,0,0,0,0,0,1
0,0,0,0,0,0,0,0,1.1095,0.061149,0.42838,1,0.97079,0.0046587,9.7558e-06,0,0,0,1.4513,1.1095,-0.952,-0.81429,1.6931,1.0984,0.39228,0.94679,0.12954,5.601e-07,9999,0,-1,898.44,5.8105,0.22336,0,0,0,0,0,0,0,0,1,1.1095,0.952,-0.85573,0,0,0,0,0,10,0.12954,5.601e-07,9999,-1,898.44,5.8105,0.22336,1.1095,0.952,-0.85573,-2,0.00048658,1.1095,1,0.952,0.98369,1,0.97079,0.80303,0,0,0,0,0,0,0,1
0,0,0,0,0,0,0,0,1.1978,0,-0.30182,1,0.97223,-0.13468,0.021177,0,0,0,1.787,1.1978,0.90665,-0.91253,1.0563,1.8543,1.5893,0,0,0,0,0,0,0,0,0,0,0,0,0,0,0,0,0,0,0,0,0,0,0,0,0,0,0,0,0,0,0,0,0,0,0,0,0,0,0.010437,1.272,-1,0.612,0,0,0,0,0,0,0,0,0,0,0,1
0,0,0,0,1.6311,0,-0.61441,-1,0,0,0,0,0.025663,-8.4458e-05,0,0,0,0,1.7732,999,999,999,1.1986,2.3522,0,0,0,0,0,0,0,0,0,0,0,0,0,0,0,0,0,0,0,0,0,0,0,0,0,0,0,0,0,0,0,0,0,0,0,0,0,0,0,0.014062,1.6311,-1,0.95983,0,0,0,0,0,0,0,0,0,0,0,0
0,0,0,0,0,0,0,0,0.32337,0,0.087146,-1,4.949e-05,-2.0121e-06,1.2928e-06,2,0,0,0.59113,999,999,999,0.58933,0.27012,0.047032,0.81081,0.14858,1.2195e-06,9999,0,-1,0,4.1504,0.07632,1,0,-2.6559,0.57092,-3.0651,0.17704,0.00049955,0.081457,1,999,999,999,0,0,0,0,0,0,0,0,0,0,0,0,0,0,0,0,0,0.0014034,0.51794,1,0.64917,0.96857,1,1.2928e-06,0.43694,0,0,0,0,0,0,0,1
0,0,0,0,0,0,0,0,0.70288,1.0349,0.20088,-1,-3.1949e-05,-2.1777e-06,5.1505e-07,0,0,0,0.58323,999,999,999,0.51561,0.27611,0.20695,0.55466,0.22521,5.1505e-07,9999,1,1,654.3,4.5898,0.20695,0,0,0,0,0,0,0,0,1,999,999,999,0,0,0,0,0,0,0,0,0,0,0,0,0,0,0,0,0,0.052252,0.70288,-1,0.67961,0.42343,-1,-2.1777e-06,-0.00067802,0,0,0,0,0,0,0,1
0,0,0,0,0,0,0,0,1.5918,0.79562,0.24013,1,0.028141,0,0,0,0,0,1.5609,999,999,999,1.6793,0,0,0,0,0,0,0,0,0,0,0,0,0,0,0,0,0,0,0,0,0,0,0,0,0,0,0,0,0,0,0,0,0,0,0,0,0,0,0,0,0.0094593,1.5918,1,0.9819,0,0,0,0,0,0,0,0,0,0,0,1
0.77068,0,0.14971,1,0,0,0,0,0.9502,0.42472,-0.78838,1,0.95586,0.0002866,-1.2815e-06,0,0,0,1.1644,0.77068,-0.53922,-0.57428,1.2416,0.68652,0.13618,0.34444,0.24712,1.2815e-06,9999,1,-1,0,9.1797,0.13618,0,0,0,0,0,0,0,0,1,0.9502,0.95482,-0.054469,0,0,0,0,0,10,0.24712,1.2815e-06,9999,-1,0,9.1797,0.13618,0.9502,0.95482,-0.054469,-0,0.0038671,0.9502,1,0.95482,-0.054469,1,0.95586,9.5252e-05,0.77068,0,0.14971,1,1,0.0052683,0.53922,1
0,0,0,0,0,0,0,0,0.38735,0.078765,0.77257,1,0.83316,-0.10397,-7.523e-05,1,0,0,0.73447,999,999,999,0.7232,0.66148,0.70721,0,0,0,0,0,0,0,0,0,0,0,0,0,0,0,0,0,0,0,0,0,0,0,0,0,0,0,0,0,0,0,0,0,0,0,0,0,0,0.0079361,0.59935,-1,0.6177,0,0,0,0,0,0,0,0,0,0,0,1
0,0,0,0,1.3672,0,-0.79162,1,0.78483,0.44902,0.54227,1,0.00044425,0.00042021,-8.3266e-07,1,0,0,1.5004,0.78483,0.95397,-0.92298,1.2951,0.97037,0.28699,0.77922,0.16924,8.3266e-07,9999,0,-1,488.28,3.418,0.28699,0,0,0,0,0,0,0,0,1,1.3672,0.99236,-0.81827,0,0,0,0,0,10,0.16924,8.3266e-07,9999,-1,488.28,3.418,0.28699,1.3672,0.99236,-0.81827,-9,0.017545,1.3672,1,0.99236,0.5559,1,0.00042021,0.20419,0,0,0,0,0,0,0,1
0,0,0,0,0,0,0,0,0.96633,1.0575,0.4285,-1,-0.34718,-0.035735,3.0197e-05,0,0,0,1.3137,-0.96633,-0.8097,-0.17305,0.90998,1.3611,0.50579,0,0,0,0,0,0,0,0,0,0,0,0,0,0,0,0,0,0,0,0,0,0,0,0,0,0,0,0,0,0,0,0,0,0,0,0,0,0,0.019644,0.96633,-1,0.8097,0,0,0,0,0,0,0,0,0,0,0,0
1.4672,0.39213,-0.7382,-1,0,0,0,0,1.0785,0.78665,-0.92086,-1,-0.95729,-6.7942e-05,7.6815e-07,0,0,0,1.6565,999,999,999,1.0651,2.0523,0.27553,0,0,0,0,0,0,0,0,0,0,0,0,0,0,0,0,0,0,0,0,0,0,0,0,0,0,0,0,0,0,0,0,0,0,0,0,0,0,0.004748,1.4672,-1,0.87292,0,0,0,0,0,0,0,0,0,0,0,0
0,0,0,0,0,0,0,0,1.7931,0,-0.6703,-1,-0.40297,-0.067996,2.5466e-05,0,0,0,1.4241,-0.84491,-0.84369,-0.58659,2.8775,0.93538,0.4872,0.80442,0.19701,6.0466e-07,9999,1,1,458.98,3.5645,0.23727,0,0,0,0,0,0,0,0,1,1.7931,0.9154,-0.54962,0,0,0,0,0,10,0.19701,6.0466e-07,9999,1,458.98,3.5645,0.23727,1.7931,0.9154,-0.54962,8,0.016837,1.7931,-1,0.9154,0.99455,-1,-0.067996,-0.06219,0,0,0,0,0,0,0,0
0,0,0,0,0,0,0,0,0.35802,1.2818,-0.97115,1,-2.385e-05,8.8637e-06,3.499e-06,0,0,0,0.68993,999,999,999,0.47947,0.38438,0.31178,0.075845,0.12751,3.966e-07,9999,1,-1,976.56,6.8359,0.14518,0,0,0,0,0,0,0,0,1,999,999,999,0,0,0,0,0,10,0.24488,3.499e-06,9999,1,502.93,2.9785,0.31178,0.51332,0.83714,-0.15818,0,0.017086,0.51332,-1,0.83714,0.7701,1,3.499e-06,0.15782,0,0,0,0,0,0,0,0
0,0,0,0,0,0,0,0,0.088374,1.3931,-0.81901,1,2.3975e-06,-1.6323e-06,1.4672e-06,1,0,0,0.34411,999,999,999,0.28338,0.1925,0.17257,0.76657,0.088681,1.2093e-06,9999,1,1,0,14.062,0.093691,0,0,0,0,0,0,0,0,1,999,999,999,0,0,0,0,0,0,0,0,0,0,0,0,0,0,0,0,0,0,0,0,0,0.42018,-1,-1.6323e-06,-0.65083,0,0,0,0,0,0,0,0
0,0,0,0,0,0,0,0,0.31981,0.59398,-0.72458,1,3.8665e-06,-9.9061e-07,7.5814e-07,2,0,0,0.43108,999,999,999,0.31931,0.30976,0.2736,0.15018,0.14638,3.5766e-07,9999,1,-1,1308.6,10.254,0.11447,0,0,0,0,0,0,0,0,1,999,999,999,0,0,0,0,0,0,0,0,0,0,0,0,0,0,0,0,0,0,0,0,0,0.80892,1,3.8665e-06,0.067454,0,0,0,0,0,0,0,1
0,0,0,0,0,0,0,0,0.54353,0.89269,0.85848,-1,-0.99251,-0.00014036,-6.3462e-05,0,0,0,0.90052,-0.58696,0.84026,-0.33454,0.19872,0.76601,0.64034,0.66534,0.16031,4.1088e-07,9999,1,1,839.84,7.2266,0.15471,0,0,0,0,0,0,0,0,1,0.54353,0.43434,-0.84503,0,0,0,0,0,10,0.16031,4.1088e-07,9999,1,839.84,7.2266,0.15471,0.54353,0.43434,-0.84503,5,0.0022459,0.54353,-1,0.43434,-0.051411,-1,-0.99251,-0.14232,0,0,0,0,0,0,0,0
0,0,0,0,0.51586,0.44309,0.77779,1,0.56178,1.2789,-0.96426,-1,0.00010395,6.0951e-05,-2.1635e-05,1,0,0,0.8714,0.58661,0.35206,-0.07741,0.76647,0.63234,0.46846,0.32717,0.18244,1.2092e-06,9999,0,1,0,21.094,0.09294,0,0,0,0,0,0,0,0,1,999,999,999,0,0,0,0,0,0,0,0,0,0,0,0,0,0,0,0,0,0.0085711,0.58661,1,0.35206,0.30787,-1,-2.1635e-05,-0.010033,0,0,0,0,0,0,0,1
0,0,0,0,0,0,0,0,1.8035,0.087556,0.30957,-1,-0.51418,0.063843,0.0010138,0,0,0,1.8186,999,999,999,1.4819,1.385,0.87125,0.53301,0.12874,3.7267e-07,9999,1,1,996.09,6.2012,0.12723,0,0,0,0,0,0,0,0,1,1.8035,0.99423,-0.44092,0,0,0,0,0,10,0.12874,3.7267e-07,9999,1,996.09,6.2012,0.12723,1.8035,0.99423,-0.44092,0,0.0020267,1.8035,-1,0.99423,-0.44092,-1,-0.51418,-0.28979,0,0,0,0,0,0,0,0
0,0,0,0,0,0,0,0,0.7377,1.536,-0.95085,-1,-0.99776,0.00046614,-7.1621e-05,3,1,0.49904,1.0434,999,999,999,0.52525,0.62261,0.68162,0.96067,0.095425,3.3473e-07,9999,0,1,2207,16.992,0.092064,0,0,0,0,0,0,0,0,1,999,999,999,0,0,0,0,0,0,0,0,0,0,0,0,0,0,0,0,0,0.031551,0.7377,-1,0.66083,0.8047,-1,-0.99776,-0.8441,0,0,0,0,0,0,0,1
0,0,0,0,0,0,0,0,0.84567,1.1214,-0.80294,1,0.99987,0.99289,-0.96103,3,1,0.49858,1.3781,0.84567,0.8677,-0.39832,0.33036,0.61941,0.51011,0.80142,0.17479,0.99987,9999,1,1,1503.9,13.477,0.33036,0,0,0,0,0,0,0,0,1,999,999,999,0,0,0,0,0,0,0,0,0,0,0,0,0,0,0,0,0,0.02356,1.0183,-1,0.89799,0.5576,-1,-0.96103,-2.3923e-05,0,0,0,0,0,0,0,0
0.94084,0.23411,0.0049934,-1,0,0,0,0,0.43521,0.054542,-0.16363,1,-0.11842,-0.0039725,1.8749e-05,1,0,0,1.1378,-0.94084,0.8788,-0.34508,1.0479,1.3878,0.45269,0,0,0,0,0,0,0,0,0,0,0,0,0,0,0,0,0,0,0,0,0,0,0,0,0,0,0,0,0,0,0,0,0,0,0,0,0,0,0.0021276,0.94084,-1,0.8788,0,0,0,0,0.94084,0.23411,0.0049934,-1,1,0.0021276,0.8788,1
0,0,0,0,0,0,0,0,0.77037,1.0766,0.11747,1,0.94261,-0.0098491,-0.00011531,0,0,0,1.1808,999,999,999,1.0786,1.06,0.79934,0.63175,0.10908,1.7246e-06,9999,1,1,0,5.0781,0.20141,0,0,0,0,0,0,0,0,1,999,999,999,0,0,0,0,0,0,0,0,0,0,0,0,0,0,0,0,0,0.016079,0.77037,1,0.79465,0.033702,-1,-0.0098491,-0.51944,0,0,0,0,0,0,0,0
0,0,0,0,0,0,0,0,1.6149,0,-0.85298,-1,-0.97444,-0.053068,1.3816e-06,0,0,0,1.7683,-1.6149,0.92296,-0.13824,0.67377,1.8089,0.24105,0.54911,0.087328,1.2126e-06,9999,1,1,0,22.266,0.083248,0,0,0,0,0,0,0,0,1,1.6149,0.92296,-0.55157,0,0,0,0,0,10,0.087328,1.2126e-06,9999,1,0,22.266,0.083248,1.6149,0.92296,-0.55157,2,0.0088785,1.6149,-1,0.92296,-0.22011,-1,-0.97444,-0.61512,0,0,0,0,0,0,0,0
0,0,0,0,0,0,0,0,0.4887,0,0.020727,1,-0.73833,7.1355e-05,0,0,0,0,0.85654,999,999,999,1.9147,0.67347,0,0,0,0,0,0,0,0,0,0,0,0,0,0,0,0,0,0,0,0,0,0,0,0,0,0,0,0,0,0,0,0,0,0,0,0,0,0,0,0.0046995,1.1717,-1,0.68869,0,0,0,0,0,0,0,0,0,0,0,0
0,0,0,0,1.3335,0.93748,0.0097685,1,0.25538,0.95779,0.85346,-1,0.018366,0.0067106,-3.6111e-05,1,1,0.50046,1.4865,999,999,999,0.8184,1.5318,0.53387,0.55992,0.11469,1.2177e-06,9999,0,-1,0,23.828,0.077768,0,1,0,0,0,0,0,0,1,0.52815,0.32895,-0.10082,0,0,0,0,0,10,0.11469,1.2177e-06,9999,-1,0,23.828,0.077768,0.52815,0.32895,-0.10082,-9,0.0064308,1.3335,1,0.96873,0.45923,1,0.0067106,0.42136,0,0,0,0,0,0,0,0
0.61945,0.64907,-0.44765,1,0,0,0,0,0.90816,0.25324,0.72046,1,0.022792,0.0017998,-0.00016382,0,0,0,1.2378,0.61945,-0.71789,-0.76349,1.384,0.541,0.91195,0,0,0,0,0,0,0,0,0,0,0,0,0,0,0,0,0,0,0,0,0,0,0,0,0,0,0,0,0,0,0,0,0,0,0,0,0,0,0.0030318,0.90816,1,0.98133,0,0,0,0,0.61945,0.64907,-0.44765,1,1,0.0016493,0.71789,0
0,0,0,0,0,0,0,0,0.5433,0.6189,-0.75929,-1,0.9999,-0.00011653,-9.3141e-05,0,0,0,1.0308,999,999,999,0.34466,0.92546,0.68971,0.42721,0.095472,4.1157e-07,9999,1,1,712.89,4.3457,0.15516,0,0,0,0,0,0,0,0,1,0.76778,0.69537,-0.89344,0,0,0,0,0,10,0.095472,4.1157e-07,9999,1,712.89,4.3457,0.15516,0.76778,0.69537,-0.89344,6,0.0088577,0.76778,-1,0.69537,-0.17642,-1,-9.3141e-05,-0.49443,0,0,0,0,0,0,0,1
0,0,0,0,0,0,0,0,0.70489,1.828,-0.82035,-1,0.061036,-0.0010035,6.302e-05,3,1,0.49913,0.89675,0.60783,-0.58809,-0.41264,1.0164,0.42664,0.64838,0.82583,0.084255,1.4188e-06,9999,0,-1,0,5.5176,0.16524,0,0,0,0,0,0,0,0,1,0.60783,0.58809,-0.029739,0,0,0,0,0,10,0.084255,1.4188e-06,9999,-1,0,5.5176,0.16524,0.60783,0.58809,-0.029739,-0,0.0071549,0.70489,-1,0.82051,0.85099,1,0.061036,0.72502,0,0,0,0,0,0,0,0
0,0,0,0,0,0,0,0,0.8672,0.26859,-0.2329,-1,-0.94992,0.00022583,0.00020917,2,0,0,0.83784,999,999,999,0.72988,0.25742,0.24141,0.99549,0.16733,5.8642e-07,9999,0,1,522.46,4.3945,0.23182,0,0,0,0,0,0,0,0,1,0.8672,0.90506,-0.94126,0,0,0,0,0,10,0.17697,8.9374e-07,9999,1,571.29,3.3691,0.29656,0.8672,0.90506,-0.86998,0,0.023004,0.8672,-1,0.90506,-0.94126,-1,-0.94992,-0.87231,0,0,0,0,0,0,0,0
0,0,0,0,0,0,0,0,1.2573,0.56144,0.93437,1,-0.91869,0.67667,0.00052643,3,0,0,1.3255,-0.56148,-0.29571,-0.048317,0.82692,2.0114,0.29744,0.90969,0.16059,7.5721e-07,9999,1,-1,546.88,3.3691,0.27342,0,0,0,0,0,0,0,0,1,0.60979,0.97973,-0.92732,0,0,0,0,0,10,0.16059,7.5721e-07,9999,-1,546.88,3.3691,0.27342,0.60979,0.97973,-0.92732,-2,0.014772,1.2573,1,0.98833,0.85551,1,0.67667,0.60516,0,0,0,0,0,0,0,1
0,0,0,0,0,0,0,0,0.9821,0,-0.82703,1,0.99555,-5.2113e-06,0,0,0,0,0.5145,999,999,999,0.5913,0.34205,0,0,0,0,0,0,0,0,0,0,0,0,0,0,0,0,0,0,0,0,0,0,0,0,0,0,0,0,0,0,0,0,0,0,0,0,0,0,0,0.031091,0.9821,1,0.99293,0,0,0,0,0,0,0,0,0,0,0,1
0,0,0,0,0,0,0,0,1.3952,0.63842,-0.80064,-1,0.065988,-0.0078041,-1.212e-06,2,0,0,1.5751,999,999,999,1.3155,1.9691,0.10119,0.56323,0.14219,3.7412e-07,9999,0,-1,1015.6,8.6914,0.12841,0,0,0,0,0,0,0,0,1,999,999,999,0,0,0,0,0,10,0.13157,1.212e-06,9999,-1,0,14.648,0.10119,1.0002,0.85878,-0.07736,-6,0.0087998,1.3952,-1,0.94936,0.34543,1,0.065988,0.20164,0,0,0,0,0,0,0,0
0,0,0,0,0,0,0,0,1.4089,0.32117,-0.99268,1,0.0061025,6.2577e-05,-5.1222e-07,0,0,0,0.90184,999,999,999,0.91302,0.63359,0.20582,0.25835,0.17951,5.1222e-07,9999,1,-1,600.59,4.8828,0.20582,0,0,0,0,0,0,0,0,1,0.8104,0.95034,-0.54522,0,0,0,0,0,10,0.17951,5.1222e-07,9999,-1,600.59,4.8828,0.20582,0.8104,0.95034,-0.54522,-0,0.0013795,1.4089,1,0.93096,0.11013,1,0.0061025,0.0094467,0,0,0,0,0,0,0,0
0,0,0,0,0,0,0,0,0.94071,1.3763,-0.24683,-1,-0.8584,0.48776,-5.2744e-05,1,0,0,1.047,999,999,999,1.455,0.98108,0.60219,0.83499,0.21618,4.0325e-07,9999,0,-1,556.64,3.2227,0.14972,0,0,0,0,0,0,0,0,1,0.57202,0.38351,-0.18379,0,0,0,0,0,10,0.21618,4.0325e-07,9999,-1,556.64,3.2227,0.14972,0.57202,0.38351,-0.18379,-11,0.008176,0.94071,-1,0.91068,0.53961,1,9.7457e-06,0.024514,0,0,0,0,0,0,0,1
0,0,0,0,0,0,0,0,0.91157,0.26259,-0.2939,1,0.96616,-0.00013788,-2.5217e-05,3,0,0,1.0956,999,999,999,0.98159,0.34501,0.48602,0.76,0.14295,3.639e-07,9999,0,1,634.77,3.3691,0.11994,1,0,-0.057742,0.84256,-0.41462,0.017254,0.14761,0.0027083,1,0.52442,0.53682,-0.0018778,0,0,0,0,0,10,0.14295,3.639e-07,9999,1,634.77,3.3691,0.11994,0.52442,0.53682,-0.0018778,9,0.0021532,0.91157,1,0.93669,0.99688,-1,-0.00013788,-0.39566,0,0,0,0,0,0,0,1
0,0,0,0,0,0,0,0,0.99515,0.87365,-0.56522,-1,-0.29899,-0.043231,-7.4922e-05,3,1,0.50048,1.1645,-0.99515,0.31172,-0.84546,0.63391,1.5406,0.68211,0.080961,0.14171,1.2101e-06,9999,0,-1,0,22.461,0.087834,0,1,0,0,0,0,0,0,1,0.5637,0.9286,-0.21546,0,0,0,0,0,10,0.14171,1.2101e-06,9999,-1,0,22.461,0.087834,0.5637,0.9286,-0.21546,-4,0.0076855,0.99515,-1,0.31172,0.44855,-1,-0.043231,-0.00010272,0,0,0,0,0,0,0,0
0.51803,0.95915,0.475,-1,0,0,0,0,0.54694,0.91272,0.73671,1,0.0015413,-0.00029788,0,0,0,0,0.64503,999,999,999,0.80688,0.7196,0,0,0,0,0,0,0,0,0,0,0,0,0,0,0,0,0,0,0,0,0,0,0,0,0,0,0,0,0,0,0,0,0,0,0,0,0,0,0,0.00092572,0.54694,1,0.96159,0,0,0,0,0.51803,0.95915,0.475,-1,1,0.01645,0.7297,1
0,0,0,0,0,0,0,0,0.66345,1.1207,0.91019,1,0.99908,-0.0060056,5.3746e-05,0,0,0,1.0333,0.66345,-0.65183,-0.088682,0.46171,1.0179,0.60643,0,0,0,0,0,0,0,0,0,0,0,0,0,0,0,0,0,0,0,0,0,0,0,0,0,0,0,0,0,0,0,0,0,0,0,0,0,0,0.02022,0.67192,-1,0.87615,0,0,0,0,0,0,0,0,0,0,0,1
0,0,0,0,0,0,0,0,0.66903,1.5909,-0.43034,1,0.99947,-7.9297e-05,4.6092e-06,0,0,0,0.68164,999,999,999,0.4028,0.63369,0.33264,0.97257,0.22471,7.1378e-07,9999,1,-1,463.87,4.4434,0.26452,0,0,0,0,0,0,0,0,1,999,999,999,0,0,0,0,0,0,0,0,0,0,0,0,0,0,0,0,0,0.025702,0.66903,1,0.65628,0.46967,1,0.99947,0.28426,0,0,0,0,0,0,0,1
0,0,0,0,1.4145,0,-0.83331,1,0.24918,0,-0.13599,-1,0.8538,0.037778,-5.1499e-07,1,0,0,1.4117,999,999,999,0.21182,1.4997,0.20693,0.13598,0.24918,5.1499e-07,9999,1,-1,522.46,4.1992,0.20693,0,0,0,0,0,0,0,0,1,1.4145,0.83332,-0.14586,0,0,0,0,0,10,0.24918,5.1499e-07,9999,-1,522.46,4.1992,0.20693,1.4145,0.83332,-0.14586,-4,0.0091619,1.4145,1,0.83332,0.31699,1,0.8538,8.0531e-05,0,0,0,0,0,0,0,1
0,0,0,0,0,0,0,0,1.1709,1.3397,-0.81066,-1,-0.32321,0.11456,2.5816e-05,1,1,0.49644,1.1928,999,999,999,1.8564,0.81103,0.48884,0,0,0,0,0,0,0,0,0,0,0,0,0,0,0,0,0,0,0,0,0,0,0,0,0,0,0,0,0,0,0,0,0,0,0,0,0,0,0.013322,0.87916,1,0.84313,0,0,0,0,0,0,0,0,0,0,0,1
0,0,0,0,0,0,0,0,0.20622,0.94346,-0.66941,-1,2.5057e-05,-2.9794e-06,1.2788e-06,2,0,0,0.4175,999,999,999,0.48511,0.29971,0.050863,0.83442,0.20622,3.5717e-07,9999,1,-1,527.34,3.9062,0.11403,0,0,0,0,0,0,0,0,1,999,999,999,0,0,0,0,0,0,0,0,0,0,0,0,0,0,0,0,0,0,0,0,0,0.962,1,1.2788e-06,0.051081,0,0,0,0,0,0,0,0
0,0,0,0,0,0,0,0,1.1499,0.19128,-0.030027,-1,-0.00026512,0,0,0,0,0,0.98277,999,999,999,1.6558,0,0,0,0,0,0,0,0,0,0,0,0,0,0,0,0,0,0,0,0,0,0,0,0,0,0,0,0,0,0,0,0,0,0,0,0,0,0,0,0,0.012356,1.1499,-1,0.92494,0,0,0,0,0,0,0,0,0,0,0,0
0,0,0,0,0,0,0,0,0.90177,0.65347,-0.34796,-1,-0.96931,-9.7613e-05,6.5515e-06,1,0,0,1.1927,-0.90177,-0.80057,-0.36411,1.4173,0.75917,0.3599,0.82839,0.085465,3.4266e-07,9999,0,1,3945.3,13.672,0.10026,0,0,0,0,0,0,0,0,1,0.94543,0.84548,-0.96879,0,0,0,0,0,10,0.085465,3.4266e-07,9999,1,3945.3,13.672,0.10026,0.94543,0.84548,-0.96879,2,0.0047397,0.90177,-1,0.80057,-0.96879,-1,-0.96931,-0.724,0,0,0,0,0,0,0,0
0,0,0,0,1.7735,0.45396,-0.88826,1,0.70154,0.32567,0.49282,-1,0.098079,-0.015703,7.7474e-05,1,0,0,1.9749,999,999,999,1.8252,0.99324,0.70714,0.87874,0.1751,3.3363e-06,9999,0,-1,0,4.248,0.27867,0,0,0,0,0,0,0,0,1,1.7735,0.95678,-0.72626,0,0,0,0,0,10,0.1751,3.3363e-06,9999,-1,0,4.248,0.27867,1.7735,0.95678,-0.72626,-5,0.0091958,1.7735,1,0.95678,-0.72626,1,0.098079,0.38297,0,0,0,0,0,0,0,1
0,0,0,0,0,0,0,0,0.78093,0.63814,0.58284,-1,0.36736,-0.0047671,-6.6824e-05,1,0,0,1.1466,999,999,999,1.1385,1.1299,0.51522,0,0,0,0,0,0,0,0,0,0,0,0,0,0,0,0,0,0,0,0,0,0,0,0,0,0,0,0,0,0,0,0,0,0,0,0,0,0,0.020931,0.78093,-1,0.51761,0,0,0,0,0,0,0,0,0,0,0,1
0,0,0,0,0,0,0,0,1.3472,0.50644,-0.51903,-1,-0.96288,-0.052928,-0.045558,2,1,0.49859,1.5812,-1.3472,-0.99629,-0.97458,1.0314,1.111,1.1247,0,0,0,0,0,0,0,0,0,0,0,0,0,0,0,0,0,0,0,0,0,0,0,0,0,0,0,0,0,0,0,0,0,0,0,0,0,0,0.008615,1.3472,-1,0.99629,0,0,0,0,0,0,0,0,0,0,0,0
0,0,0,0,0,0,0,0,1.0239,0.90432,-0.83906,1,0.048922,-0.040262,1.6521e-05,0,0,0,1.2986,999,999,999,1.3224,1.1307,0.44037,0,0,0,0,0,0,0,0,0,0,0,0,0,0,0,0,0,0,0,0,0,0,0,0,0,0,0,0,0,0,0,0,0,0,0,0,0,0,0.039915,1.0239,1,0.89007,0,0,0,0,0,0,0,0,0,0,0,0
0,0,0,0,0,0,0,0,0.56685,0.79243,0.82433,1,0.99996,0.40003,-5.7509e-05,1,0,0,0.65669,0.56685,0.97962,-0.91069,0.28743,0.89333,0.62406,0.37319,0.14465,3.7131e-07,9999,1,-1,1005.9,8.8867,0.12613,0,0,0,0,0,0,0,0,1,0.56685,0.97962,-0.34373,0,0,0,0,0,10,0.14465,3.7131e-07,9999,-1,1005.9,8.8867,0.12613,0.56685,0.97962,-0.34373,-5,0.01963,0.56685,1,0.97962,-0.07466,1,0.99996,0.12952,0,0,0,0,0,0,0,1
0,0,0,0,0,0,0,0,0.36775,0.37777,0.82772,-1,0.95926,-0.077133,0.00064629,1,0,0,0.96521,999,999,999,0.81906,0.88666,0.40616,0,0,0,0,0,0,0,0,0,0,0,0,0,0,0,0,0,0,0,0,0,0,0,0,0,0,0,0,0,0,0,0,0,0,0,0,0,0,0.0054041,0.72573,1,0.94512,0,0,0,0,0,0,0,0,0,0,0,1
0,0,0,0,0,0,0,0,2.0789,0.29074,-0.81802,-1,-7.3666e-05,-1.2691e-05,-1.2851e-06,2,0,0,1.9045,-0.61095,-0.8595,-0.82839,2.9085,0.41546,0.13722,0.99628,0.20044,4.3861e-07,9999,1,1,820.31,5.7617,0.17124,0,0,0,0,0,0,0,0,1,2.0789,0.98632,-0.98576,0,0,0,0,0,10,0.20044,4.3861e-07,9999,1,820.31,5.7617,0.17124,2.0789,0.98632,-0.98576,2,0.00064187,2.0789,-1,0.98632,0.89592,-1,-1.2691e-05,-0.74817,0,0,0,0,0,0,0,0
1.8655,0.14316,-0.96991,1,0,0,0,0,0,0,0,0,0.0052441,0,0,0,0,0,1.3743,999,999,999,1.4292,0,0,0,0,0,0,0,0,0,0,0,0,0,0,0,0,0,0,0,0,0,0,0,0,0,0,0,0,0,0,0,0,0,0,0,0,0,0,0,0,0.009583,1.8655,1,0.99157,0,0,0,0,0,0,0,0,0,0,0,1
0,0,0,0,0,0,0,0,0.29244,0.47419,-0.35142,1,-2.3477e-05,-9.9288e-06,5.2513e-07,0,0,0,0.49233,-0.62605,-0.9431,-0.55937,0.47766,0.39393,0.21086,0,0,0,0,0,0,0,0,0,0,0,0,0,0,0,0,0,0,0,0,0,0,0,0,0,0,0,0,0,0,0,0,0,0,0,0,0,0,0.0066593,0.62605,-1,0.9431,0,0,0,0,0,0,0,0,0,0,0,0
